1638162000 23.31 82.65 0 4.076
1638162060 23.29 82.68 0 4.076
1638162120 23.26 82.75 0 4.076
1638162180 23.24 82.88 0 4.076
1638162240 23.21 82.91 0 4.076
1638162300 23.2 83 0 4.076
1638162360 23.16 83.12 0 4.076
1638162420 23.1 83.22 0 4.076
1638162480 23.12 83.26 0 4.076
1638162540 23.06 83.37 0 4.076
1638162600 23.07 83.42 0 4.076
1638162660 23.03 83.47 0 4.076
1638162720 23.02 83.49 0 4.076
1638162780 23.06 83.57 0 4.076
1638162840 23.02 83.62 0 4.076
1638162900 22.99 83.68 0 4.076
1638162960 22.96 83.74 0 4.076
1638163020 22.93 83.86 0 4.076
1638163080 22.89 83.96 0 4.076
1638163140 22.85 84.05 0 4.076
1638163200 22.82 84.14 0 4.076
1638163260 22.8 84.28 0 4.076
1638163320 22.76 84.4 0 4.076
1638163380 22.73 84.53 0 4.076
1638163440 22.73 84.66 0 4.076
1638163500 22.7 84.78 0 4.076
1638163560 22.72 84.86 0 4.076
1638163620 22.68 84.95 0 4.076
1638163680 22.68 85 0 4.076
1638163740 22.66 85.08 0 4.076
1638163800 22.65 85.14 0 4.076
1638163860 22.63 85.19 0 4.076
1638163920 22.58 85.2 0 4.076
1638163980 22.54 85.2 0 4.076
1638164040 22.54 85.23 0 4.076
1638164100 22.48 85.25 0 4.076
1638164160 22.51 85.31 0 4.076
1638164220 22.46 85.34 0 4.076
1638164280 22.45 85.33 0 4.076
1638164340 22.45 85.36 0 4.076
1638164400 22.42 85.37 0 4.071
1638164460 22.41 85.4 0 4.071
1638164520 22.39 85.44 0 4.076
1638164580 22.39 85.47 0 4.076
1638164640 22.36 85.52 0 4.076
1638164700 22.34 85.58 0 4.071
1638164760 22.32 85.66 0 4.076
1638164820 22.31 85.69 0 4.076
1638164880 22.3 85.61 0 4.076
1638164940 22.31 85.64 0 4.076
1638165000 22.3 85.64 0 4.071
1638165060 22.32 85.63 0 4.076
1638165120 22.31 85.61 0 4.076
1638165180 22.28 85.69 0 4.076
1638165240 22.28 85.7 0 4.071
1638165300 22.27 85.77 0 4.071
1638165360 22.24 85.82 0 4.071
1638165420 22.19 85.84 0 4.071
1638165480 22.18 85.85 0 4.076
1638165540 22.12 85.88 0 4.076
1638165600 22.15 85.94 0 4.076
1638165660 22.12 85.96 0 4.076
1638165720 22.15 86.05 0 4.076
1638165780 22.12 86.1 0 4.071
1638165840 22.12 86.16 0 4.071
1638165900 22.18 86.26 0 4.076
1638165960 22.16 86.31 0 4.071
1638166020 22.19 86.39 0 4.071
1638166080 22.18 86.39 0 4.071
1638166140 22.15 86.47 0 4.076
1638166200 22.18 86.53 0 4.071
1638166260 22.15 86.56 0 4.076
1638166320 22.14 86.56 0 4.076
1638166380 22.16 86.61 0 4.076
1638166440 22.14 86.63 0 4.071
1638166500 22.12 86.7 0 4.071
1638166560 22.14 86.76 0 4.071
1638166620 22.16 86.8 0 4.076
1638166680 22.18 86.83 0 4.071
1638166740 22.18 86.84 0 4.071
1638166800 22.18 86.85 0 4.071
1638166860 22.18 86.91 0 4.076
1638166920 22.22 86.9 0 4.076
1638166980 22.22 86.91 0 4.071
1638167040 22.22 86.86 0 4.071
1638167100 22.25 86.88 0 4.071
1638167160 22.3 86.83 0 4.071
1638167220 22.34 86.81 0 4.071
1638167280 22.32 86.74 0 4.071
1638167340 22.34 86.7 0 4.076
1638167400 22.35 86.64 0 4.071
1638167460 22.35 86.57 0 4.071
1638167520 22.36 86.55 0 4.071
1638167580 22.35 86.48 0 4.071
1638167640 22.35 86.41 0 4.071
1638167700 22.35 86.42 0 4.071
1638167760 22.34 86.36 0 4.071
1638167820 22.32 86.3 0 4.076
1638167880 22.28 86.25 0 4.076
1638167940 22.27 86.17 0 4.071
1638168000 22.27 86.12 0 4.071
1638168060 22.25 86.07 0 4.071
1638168120 22.25 86.09 0 4.071
1638168180 22.24 86.02 0 4.071
1638168240 22.25 85.99 0 4.071
1638168300 22.25 85.97 0 4.071
1638168360 22.3 85.92 0 4.076
1638168420 22.3 85.84 0 4.071
1638168480 22.28 85.81 0 4.071
1638168540 22.27 85.72 0 4.071
1638168600 22.28 85.67 0 4.071
1638168660 22.25 85.55 0 4.071
1638168720 22.3 85.47 0 4.071
1638168780 22.31 85.4 0 4.071
1638168840 22.32 85.34 0 4.071
1638168900 22.34 85.26 0 4.071
1638168960 22.32 85.18 0 4.071
1638169020 22.3 85.07 0 4.071
1638169080 22.31 85.02 0 4.071
1638169140 22.3 84.93 0 4.071
1638169200 22.25 84.85 0 4.076
1638169260 22.25 84.84 0 4.071
1638169320 22.19 84.77 0 4.071
1638169380 22.16 84.74 0 4.071
1638169440 22.15 84.68 0 4.071
1638169500 22.12 84.68 0 4.071
1638169560 22.08 84.6 0 4.071
1638169620 22.04 84.57 0 4.071
1638169680 22.04 84.45 0 4.076
1638169740 22.01 84.4 0 4.071
1638169800 22.01 84.37 0 4.071
1638169860 22 84.31 0 4.071
1638169920 21.98 84.29 0 4.071
1638169980 21.98 84.28 0 4.071
1638170040 21.94 84.28 0 4.076
1638170100 21.94 84.21 0 4.071
1638170160 21.98 84.2 0 4.071
1638170220 21.97 84.17 0 4.071
1638170280 21.97 84.11 0 4.071
1638170340 21.98 84.07 0 4.071
1638170400 21.95 84.07 0 4.071
1638170460 21.97 84.09 0 4.071
1638170520 21.93 84.02 0 4.071
1638170580 21.93 84.01 0 4.071
1638170640 21.93 84.01 0 4.071
1638170700 21.91 84.04 0 4.071
1638170760 21.88 84.06 0 4.071
1638170820 21.87 84.08 0 4.071
1638170880 21.84 84.06 0 4.071
1638170940 21.84 84.07 0 4.071
1638171000 21.84 84.14 0 4.071
1638171060 21.83 84.13 0 4.071
1638171120 21.79 84.17 0 4.071
1638171180 21.77 84.21 0 4.071
1638171240 21.74 84.28 0 4.071
1638170400 21.95 84.07 0 4.071
1638170460 21.97 84.09 0 4.071
1638170520 21.93 84.02 0 4.071
1638170580 21.93 84.01 0 4.071
1638170640 21.93 84.01 0 4.071
1638170700 21.91 84.04 0 4.071
1638170760 21.88 84.06 0 4.071
1638170820 21.87 84.08 0 4.071
1638170880 21.84 84.06 0 4.071
1638170940 21.84 84.07 0 4.071
1638171000 21.84 84.14 0 4.071
1638171060 21.83 84.13 0 4.071
1638171120 21.79 84.17 0 4.071
1638171180 21.77 84.21 0 4.071
1638171240 21.74 84.28 0 4.071
1638171300 21.68 84.31 0 4.071
1638171360 21.68 84.37 0 4.071
1638171420 21.7 84.47 0 4.071
1638171480 21.67 84.54 0 4.071
1638171540 21.64 84.62 0 4.071
1638171600 21.61 84.73 0 4.071
1638171660 21.6 84.82 0 4.071
1638171720 21.57 84.87 0 4.071
1638171780 21.58 84.98 0 4.071
1638171840 21.54 85.05 0 4.071
1638171900 21.52 85.16 0 4.071
1638171960 21.53 85.28 0 4.071
1638172020 21.5 85.34 0 4.071
1638172080 21.5 85.48 0 4.071
1638172140 21.44 85.51 0 4.071
1638172200 21.44 85.62 0 4.071
1638172260 21.43 85.68 0 4.071
1638172320 21.46 85.72 0 4.071
1638172380 21.42 85.74 0 4.071
1638172440 21.4 85.82 0 4.071
1638172500 21.42 85.82 0 4.071
1638172560 21.4 85.84 0 4.071
1638172620 21.42 85.88 0 4.071
1638172680 21.39 85.88 0 4.071
1638172740 21.36 85.95 0 4.071
1638172800 21.36 86.02 0 4.071
1638172860 21.36 86.06 0 4.071
1638172920 21.33 86.05 0 4.071
1638172980 21.3 86.1 0 4.071
1638173040 21.32 86.17 0 4.071
1638173100 21.3 86.25 0 4.071
1638173160 21.29 86.28 0 4.071
1638173220 21.25 86.35 0 4.071
1638173280 21.23 86.43 0 4.071
1638173340 21.23 86.47 0 4.071
1638173400 21.2 86.51 0 4.071
1638173460 21.23 86.55 0 4.071
1638173520 21.22 86.51 0 4.071
1638173580 21.23 86.49 0 4.071
1638173640 21.28 86.44 0 4.071
1638173700 21.29 86.4 0 4.065
1638173760 21.33 86.39 0 4.071
1638173820 21.36 86.38 0 4.071
1638173880 21.37 86.34 0 4.071
1638173940 21.37 86.33 0 4.071
1638174000 21.37 86.31 0 4.071
1638174060 21.39 86.19 0 4.071
1638174120 21.4 86.15 0 4.071
1638174180 21.43 86.06 0 4.071
1638174240 21.46 86.01 0 4.071
1638174300 21.44 85.93 0 4.065
1638174360 21.46 85.9 0 4.071
1638174420 21.53 85.85 0 4.071
1638174480 21.53 85.78 0 4.071
1638174540 21.53 85.73 0 4.071
1638174600 21.56 85.68 0 4.071
1638174660 21.53 85.6 0 4.071
1638174720 21.57 85.6 0 4.071
1638174780 21.53 85.48 0 4.071
1638174840 21.53 85.4 0 4.071
1638174900 21.54 85.31 0 4.071
1638174960 21.53 85.21 0 4.071
1638175020 21.53 85.2 0 4.071
1638175080 21.52 85.13 0 4.071
1638175140 21.54 85.1 0 4.071
1638175200 21.5 85.08 0 4.071
1638175260 21.5 84.99 0 4.071
1638175320 21.47 84.95 0 4.071
1638175380 21.49 84.95 0 4.071
1638175440 21.46 84.9 0 4.071
1638175500 21.44 84.92 0 4.071
1638175560 21.46 84.91 0 4.071
1638175620 21.43 85.01 0 4.071
1638175680 21.43 85.04 0 4.065
1638175740 21.42 85.14 0 4.071
1638175800 21.4 85.21 0 4.071
1638175860 21.37 85.26 0 4.065
1638175920 21.36 85.32 0 4.071
1638175980 21.32 85.4 0 4.071
1638176040 21.32 85.41 0 4.071
1638176100 21.3 85.49 0 4.071
1638176160 21.28 85.52 0 4.071
1638176220 21.29 85.52 0 4.071
1638176280 21.28 85.58 0 4.071
1638176340 21.26 85.62 0 4.071
1638176400 21.26 85.7 0 4.071
1638176460 21.25 85.71 0 4.071
1638176520 21.22 85.74 0 4.071
1638176580 21.23 85.8 0 4.071
1638176640 21.23 85.83 0 4.071
1638176700 21.23 85.88 0 4.071
1638176760 21.18 85.91 0 4.071
1638176820 21.14 85.94 0 4.071
1638176880 21.12 86 0 4.071
1638176940 21.13 86.05 0 4.065
1638177000 21.12 86.08 0 4.065
1638177060 21.07 86.15 0 4.071
1638177120 21.05 86.22 0 4.065
1638177180 21.03 86.28 0 4.071
1638177240 21.02 86.34 0 4.071
1638177300 21.03 86.46 0 4.071
1638177360 21.02 86.49 0 4.071
1638177420 20.99 86.54 0 4.071
1638177480 20.99 86.64 0 4.065
1638177540 21.06 86.72 0 4.071
1638177600 21.02 86.76 0 4.065
1638177660 21.06 86.84 0 4.071
1638177720 21.05 86.86 0 4.065
1638177780 21.06 86.89 0 4.071
1638177840 21.03 86.98 0 4.065
1638177900 20.98 87.03 0 4.071
1638177960 20.98 87.03 0 4.065
1638178020 20.96 87.13 0 4.071
1638178080 20.93 87.24 0 4.071
1638178140 20.93 87.27 0 4.065
1638178200 20.89 87.3 0 4.065
1638178260 20.88 87.37 0 4.065
1638178320 20.86 87.48 0 4.071
1638178380 20.83 87.53 0 4.071
1638178440 20.81 87.58 0 4.065
1638178500 20.81 87.67 0 4.065
1638178560 20.85 87.77 0 4.071
1638178620 20.88 87.84 0 4.071
1638178680 20.88 87.89 0 4.065
1638178740 20.92 87.91 0 4.071
1638178800 20.93 88.01 0 4.071
1638178860 20.9 88.06 0 4.065
1638178920 20.88 88.1 0 4.065
1638178980 20.86 88.14 0 4.071
1638179040 20.86 88.13 0 4.071
1638179100 20.85 88.24 0 4.071
1638179160 20.83 88.31 0 4.065
1638179220 20.82 88.38 0 4.065
1638179280 20.81 88.44 0 4.071
1638179340 20.77 88.5 0 4.065
1638179400 20.75 88.55 0 4.071
1638179460 20.74 88.61 0 4.065
1638179520 20.72 88.67 0 4.065
1638179580 20.72 88.7 0 4.065
1638179640 20.68 88.78 0 4.065
1638179700 20.67 88.79 0 4.071
1638179760 20.65 88.88 0 4.065
1638179820 20.61 88.87 0 4.071
1638179880 20.61 88.94 0 4.065
1638179940 20.59 88.97 0 4.065
1638180000 20.58 89.04 0 4.065
1638180060 20.56 89.07 0 4.065
1638180120 20.49 89.08 0 4.071
1638180180 20.48 89.1 0 4.065
1638180240 20.49 89.1 0 4.071
1638180300 20.48 89.06 0 4.065
1638180360 20.52 89.06 0 4.065
1638180420 20.51 89.03 0 4.065
1638180480 20.49 89.04 0 4.065
1638180540 20.54 89.05 0 4.065
1638180600 20.47 89.04 0 4.065
1638180660 20.48 89.03 0 4.065
1638180720 20.49 89.05 0 4.071
1638180780 20.47 89.08 0 4.065
1638180840 20.48 89.04 0 4.065
1638180900 20.45 89.05 0 4.065
1638180960 20.45 89.05 0 4.071
1638181020 20.42 89.07 0 4.065
1638181080 20.47 89.08 0 4.065
1638181140 20.44 89.08 0 4.065
1638181200 20.42 89.1 0 4.071
1638181260 20.42 89.12 0 4.065
1638181320 20.39 89.13 0 4.065
1638181380 20.41 89.18 0 4.071
1638181440 20.37 89.2 0 4.071
1638181500 20.35 89.2 0 4.065
1638181560 20.31 89.26 0 4.065
1638181620 20.3 89.3 0 4.065
1638181680 20.28 89.29 0 4.065
1638181740 20.28 89.34 0 4.065
1638181800 20.23 89.38 0 4.065
1638181860 20.24 89.36 0 4.065
1638181920 20.26 89.4 0 4.065
1638181980 20.24 89.43 0 4.065
1638182040 20.24 89.45 0 4.071
1638182100 20.27 89.42 0 4.065
1638182160 20.23 89.43 0 4.065
1638182220 20.2 89.43 0 4.065
1638182280 20.23 89.44 0 4.065
1638182340 20.23 89.46 0 4.071
1638182400 20.23 89.44 0 4.065
1638182460 20.24 89.49 0 4.065
1638182520 20.2 89.47 0 4.065
1638182580 20.2 89.47 0 4.065
1638182640 20.18 89.51 0 4.065
1638182700 20.17 89.49 0 4.065
1638182760 20.17 89.46 0 4.065
1638182820 20.16 89.5 0 4.065
1638182880 20.16 89.51 0 4.065
1638182940 20.13 89.46 0 4.065
1638183000 20.16 89.49 0 4.065
1638183060 20.16 89.42 0 4.065
1638183120 20.14 89.4 0 4.065
1638183180 20.13 89.34 0 4.065
1638183240 20.17 89.3 0 4.065
1638183300 20.18 89.28 0 4.065
1638183360 20.2 89.19 0 4.065
1638183420 20.2 89.12 0 4.065
1638183480 20.26 89.11 0 4.065
1638183540 20.28 89.04 0 4.065
1638183600 20.28 89.04 0 4.065
1638183660 20.3 89.02 0 4.065
1638183720 20.28 88.99 0 4.065
1638183780 20.28 88.95 0 4.065
1638183840 20.28 88.97 0 4.065
1638183900 20.27 88.99 0 4.065
1638183960 20.26 89.02 0 4.065
1638184020 20.2 89.04 0 4.065
1638184080 20.16 89.06 0 4.065
1638184140 20.16 89.04 0 4.065
1638184200 20.14 89.08 0 4.065
1638184260 20.16 89.15 0 4.065
1638184320 20.16 89.17 0 4.065
1638184380 20.13 89.17 0 4.065
1638184440 20.13 89.2 0 4.065
1638184500 20.13 89.3 0 4.065
1638184560 20.1 89.31 0 4.065
1638184620 20.07 89.35 0 4.065
1638184680 20.03 89.32 0 4.065
1638184740 20.03 89.32 0 4.071
1638184800 20.06 89.32 0 4.065
1638184860 20.07 89.33 0 4.065
1638184920 20.04 89.33 0 4.065
1638184980 20.08 89.33 0 4.065
1638185040 20.08 89.38 0 4.065
1638185100 20.06 89.41 0 4.065
1638185160 20.03 89.43 0 4.065
1638185220 20.04 89.5 4 4.065
1638185280 20.04 89.49 0 4.065
1638185340 20.01 89.57 4 4.065
1638185400 20.03 89.59 4 4.065
1638185460 20.01 89.63 10 4.065
1638185520 20.01 89.66 10 4.065
1638185580 20.01 89.69 10 4.065
1638185640 20 89.77 10 4.065
1638185700 19.98 89.73 10 4.065
1638185760 19.97 89.75 10 4.065
1638185820 19.97 89.76 10 4.065
1638185880 20 89.77 10 4.06
1638185940 20.03 89.76 10 4.065
1638186000 20.04 89.8 10 4.06
1638186060 20.06 89.77 10 4.06
1638186120 20.07 89.76 10 4.065
1638186180 20.06 89.77 10 4.065
1638186240 20.11 89.74 16 4.065
1638186300 20.11 89.73 16 4.065
1638186360 20.16 89.71 16 4.065
1638186420 20.16 89.67 16 4.065
1638186480 20.16 89.62 16 4.065
1638186540 20.17 89.61 10 4.06
1638186600 20.17 89.59 16 4.065
1638186660 20.2 89.54 16 4.065
1638186720 20.2 89.51 16 4.065
1638186780 20.26 89.51 16 4.065
1638186840 20.26 89.49 16 4.065
1638186900 20.24 89.44 16 4.065
1638186960 20.24 89.38 16 4.065
1638187020 20.28 89.37 16 4.065
1638187080 20.31 89.31 22 4.065
1638187140 20.34 89.24 22 4.065
1638187200 20.34 89.19 22 4.065
1638187260 20.37 89.08 22 4.065
1638187320 20.39 89.07 22 4.065
1638187380 20.42 89.04 22 4.06
1638187440 20.44 88.97 28 4.065
1638187500 20.44 88.91 28 4.065
1638187560 20.45 88.85 28 4.065
1638187620 20.47 88.83 28 4.065
1638187680 20.52 88.74 28 4.065
1638187740 20.56 88.68 28 4.06
1638187800 20.62 88.67 34 4.065
1638187860 20.62 88.56 34 4.065
1638187920 20.62 88.5 34 4.065
1638187980 20.68 88.44 34 4.065
1638188040 20.72 88.43 40 4.065
1638188100 20.69 88.39 40 4.065
1638188160 20.75 88.34 40 4.065
1638188220 20.79 88.3 40 4.065
1638188280 20.79 88.29 46 4.065
1638188340 20.82 88.25 46 4.065
1638188400 20.88 88.23 46 4.065
1638188460 20.86 88.21 46 4.065
1638188520 20.89 88.17 52 4.065
1638188580 20.9 88.14 52 4.065
1638188640 20.96 88.06 58 4.065
1638188700 21 88.01 58 4.06
1638188760 21.06 87.98 64 4.06
1638188820 21.09 87.82 64 4.06
1638188880 21.22 87.73 64 4.06
1638188940 21.29 87.65 64 4.06
1638189000 21.34 87.54 64 4.06
1638189060 21.42 87.42 64 4.06
1638189120 21.49 87.34 64 4.06
1638189180 21.52 87.25 70 4.06
1638189240 21.54 87.16 70 4.065
1638189300 21.58 87.05 64 4.06
1638189360 21.6 86.96 64 4.065
1638189420 21.6 86.85 64 4.065
1638189480 21.65 86.73 58 4.065
1638189540 21.67 86.62 64 4.065
1638189600 21.7 86.53 64 4.06
1638189660 21.73 86.4 58 4.06
1638189720 21.73 86.34 58 4.065
1638189780 21.77 86.21 58 4.065
1638189840 21.81 86.12 58 4.065
1638189900 21.81 85.99 58 4.065
1638189960 21.85 85.9 64 4.06
1638190020 21.88 85.83 64 4.065
1638190080 21.91 85.74 64 4.06
1638190140 21.97 85.63 64 4.06
1638190200 22.03 85.53 64 4.06
1638190260 22.03 85.5 64 4.065
1638190320 22.07 85.45 70 4.065
1638190380 22.11 85.39 70 4.06
1638190440 22.1 85.31 70 4.065
1638190500 22.14 85.18 70 4.06
1638190560 22.18 85.04 70 4.06
1638190620 22.24 84.93 70 4.06
1638190680 22.28 84.89 76 4.06
1638190740 22.31 84.76 76 4.065
1638190800 22.34 84.65 76 4.06
1638190860 22.38 84.55 82 4.06
1638190920 22.41 84.45 82 4.065
1638190980 22.42 84.39 82 4.065
1638191040 22.46 84.31 82 4.06
1638191100 22.51 84.18 82 4.06
1638191160 22.55 84.17 88 4.06
1638191220 22.52 84.11 94 4.065
1638191280 22.55 84.05 94 4.06
1638191340 22.52 84.08 94 4.065
1638191400 22.51 84.05 100 4.06
1638191460 22.58 84.04 100 4.065
1638191520 22.63 84.03 94 4.06
1638191580 22.66 83.97 100 4.06
1638191640 22.68 83.84 94 4.065
1638191700 22.73 83.74 100 4.065
1638191760 22.78 83.72 100 4.065
1638191820 22.83 83.69 106 4.065
1638191880 22.82 83.55 106 4.06
1638191940 22.85 83.47 112 4.065
1638192000 22.85 83.34 118 4.065
1638192060 22.9 83.3 124 4.065
1638192120 22.93 83.21 124 4.065
1638192180 23.02 83.11 124 4.065
1638192240 23.09 83.02 124 4.065
1638192300 23.16 82.95 131 4.06
1638192360 23.17 82.91 131 4.065
1638192420 23.2 82.8 137 4.065
1638192480 23.26 82.73 137 4.065
1638192540 23.24 82.6 137 4.065
1638192600 23.33 82.56 137 4.065
1638192660 23.37 82.44 143 4.065
1638192720 23.41 82.33 143 4.071
1638192780 23.4 82.17 149 4.065
1638192840 23.43 82.11 149 4.071
1638192900 23.53 81.99 155 4.065
1638192960 23.57 81.9 161 4.065
1638193020 23.65 81.8 161 4.071
1638193080 23.72 81.66 161 4.071
1638193140 23.81 81.55 173 4.065
1638193200 23.94 81.48 173 4.071
1638193260 24.04 81.32 173 4.071
1638193320 24.12 81.18 167 4.065
1638193380 24.12 81.03 155 4.065
1638193440 24.14 80.85 149 4.065
1638193500 24.25 80.77 161 4.071
1638193560 24.38 80.72 161 4.071
1638193620 24.36 80.56 155 4.065
1638193680 24.38 80.51 155 4.071
1638193740 24.42 80.48 155 4.071
1638193800 24.43 80.33 155 4.065
1638193860 24.4 80.16 161 4.071
1638193920 24.38 80.03 161 4.071
1638193980 24.45 80.04 161 4.071
1638194040 24.45 80.06 155 4.071
1638194100 24.49 80 155 4.065
1638194160 24.52 79.9 155 4.071
1638194220 24.52 79.77 155 4.071
1638194280 24.52 79.69 161 4.071
1638194340 24.62 79.65 161 4.071
1638194400 24.58 79.56 167 4.071
1638194460 24.59 79.56 167 4.065
1638194520 24.65 79.57 167 4.065
1638194580 24.69 79.59 167 4.071
1638194640 24.73 79.52 173 4.071
1638194700 24.75 79.44 173 4.071
1638194760 24.79 79.43 173 4.071
1638194820 24.87 79.39 173 4.071
1638194880 24.85 79.34 173 4.071
1638194940 24.9 79.33 173 4.071
1638195000 24.91 79.28 173 4.071
1638195060 24.89 79.3 173 4.071
1638195120 24.98 79.35 179 4.071
1638195180 24.94 79.33 179 4.071
1638195240 24.91 79.34 185 4.071
1638195300 24.9 79.38 185 4.071
1638195360 24.93 79.33 191 4.071
1638195420 24.9 79.32 185 4.071
1638195480 25.03 79.33 191 4.076
1638195540 25.07 79.34 191 4.071
1638195600 25.04 79.34 197 4.071
1638195660 25.13 79.38 203 4.071
1638195720 25.21 79.43 203 4.071
1638195780 25.2 79.33 203 4.071
1638195840 25.24 79.33 197 4.071
1638195900 25.31 79.26 197 4.071
1638195960 25.27 79.21 197 4.071
1638196020 25.18 79.2 197 4.071
1638196080 25.13 79.19 191 4.071
1638196140 25.31 79.18 191 4.071
1638196200 25.34 79.06 185 4.071
1638196260 25.34 79.06 185 4.071
1638196320 25.36 78.92 185 4.076
1638196380 25.38 78.81 185 4.071
1638196440 25.48 78.71 185 4.071
1638196500 25.42 78.66 191 4.076
1638196560 25.45 78.59 191 4.071
1638196620 25.49 78.55 191 4.076
1638196680 25.52 78.53 197 4.071
1638196740 25.54 78.51 191 4.071
1638196800 25.56 78.39 191 4.076
1638196860 25.51 78.35 191 4.076
1638196920 25.49 78.33 185 4.076
1638196980 25.54 78.37 185 4.076
1638197040 25.67 78.35 185 4.076
1638197100 25.68 78.24 185 4.076
1638197160 25.63 78.06 185 4.076
1638197220 25.58 77.98 179 4.071
1638197280 25.71 77.92 185 4.076
1638197340 25.64 77.76 185 4.076
1638197400 25.69 77.63 185 4.071
1638197460 25.74 77.54 185 4.076
1638197520 25.74 77.39 191 4.071
1638197580 25.71 77.24 197 4.071
1638197640 25.79 77.08 215 4.071
1638197700 25.91 76.96 251 4.076
1638197760 25.98 76.81 298 4.071
1638197820 26.08 76.68 340 4.076
1638197880 26.22 76.57 370 4.076
1638197940 26.39 76.44 322 4.076
1638198000 26.63 76.32 280 4.076
1638198060 26.79 76 227 4.076
1638198120 26.9 75.71 245 4.076
1638198180 26.97 75.33 233 4.076
1638198240 27.1 74.97 251 4.076
1638198300 27.18 74.64 227 4.076
1638198360 27.23 74.37 233 4.076
1638198420 27.37 74.08 263 4.076
1638198480 27.27 73.69 334 4.076
1638198540 27.52 73.51 340 4.076
1638198600 27.61 73.15 388 4.071
1638198660 27.78 72.88 495 4.076
1638198720 27.78 72.48 515 4.076
1638198780 27.68 72.09 545 4.076
1638198840 27.48 71.77 438 4.076
1638198900 27.49 71.5 370 4.076
1638198960 27.48 71.19 358 4.076
1638199020 27.64 70.97 323 4.076
1638199080 27.69 70.71 281 4.076
1638199140 27.65 70.45 263 4.076
1638199200 27.78 70.24 394 4.082
1638199260 27.64 69.99 587 4.076
1638199320 27.59 69.69 737 4.076
1638199380 27.62 69.49 700 4.076
1638199440 27.82 69.33 615 4.082
1638199500 28.03 69.1 652 4.076
1638199560 28.05 68.75 545 4.076
1638199620 27.66 68.33 388 4.082
1638199680 27.69 68.09 365 4.082
1638199740 27.82 67.82 377 4.082
1638199800 28.05 67.61 346 4.076
1638199860 28.12 67.4 287 4.082
1638199920 28.05 67.1 317 4.076
1638199980 28.12 66.84 371 4.076
1638200040 28.16 66.57 376 4.082
1638200100 27.94 66.24 472 4.082
1638200160 27.95 66.05 454 4.076
1638200220 28.15 65.88 365 4.076
1638200280 28.45 65.73 281 4.082
1638200340 28.46 65.61 263 4.082
1638200400 28.57 65.49 263 4.076
1638200460 28.82 65.4 257 4.076
1638200520 28.82 65.1 257 4.082
1638200580 28.78 64.83 257 4.076
1638200640 29.02 64.64 269 4.076
1638200700 29.1 64.51 287 4.082
1638200760 28.98 64.29 329 4.082
1638200820 28.9 64.19 377 4.082
1638200880 28.87 63.92 323 4.082
1638200940 28.86 63.76 365 4.082
1638201000 28.93 63.59 299 4.087
1638201060 28.7 63.35 287 4.087
1638201120 28.7 63.24 269 4.087
1638201180 28.77 63.05 263 4.082
1638201240 28.77 62.96 263 4.082
1638201300 28.75 62.84 269 4.082
1638201360 28.33 62.75 275 4.087
1638201420 28.23 62.75 287 4.082
1638201480 28.36 62.76 293 4.082
1638201540 28.33 62.74 305 4.082
1638201600 28.33 62.65 305 4.082
1638201660 28.26 62.58 317 4.082
1638201720 28.27 62.51 323 4.087
1638201780 28.23 62.45 323 4.087
1638201840 28.26 62.39 335 4.087
1638201900 28.32 62.29 353 4.087
1638201960 28.35 62.14 335 4.087
1638202020 28.49 61.96 341 4.087
1638202080 28.7 61.89 341 4.087
1638202140 28.77 61.86 329 4.087
1638202200 28.84 61.87 299 4.087
1638202260 28.91 61.79 305 4.087
1638202320 29 61.73 305 4.087
1638202380 28.9 61.64 305 4.087
1638202440 28.87 61.53 305 4.087
1638202500 28.93 61.51 305 4.087
1638202560 28.78 61.29 305 4.087
1638202620 28.74 61.23 299 4.087
1638202680 28.77 61.16 299 4.087
1638202740 28.69 61.1 299 4.087
1638202800 28.73 61.1 305 4.087
1638202860 28.67 61.09 305 4.087
1638202920 28.71 61.11 305 4.087
1638202980 28.66 61.17 311 4.087
1638203040 28.78 61.24 293 4.092
1638203100 28.71 61.02 287 4.087
1638203160 28.66 60.82 287 4.087
1638203220 28.56 60.72 293 4.087
1638203280 28.59 60.71 299 4.087
1638203340 28.71 60.72 311 4.087
1638203400 28.73 60.66 317 4.087
1638203460 28.6 60.58 317 4.087
1638203520 28.75 60.49 335 4.087
1638203580 28.73 60.41 341 4.087
1638203640 28.84 60.31 335 4.092
1638203700 28.97 60.31 341 4.092
1638203760 29.17 60.38 359 4.092
1638203820 28.78 60.17 371 4.092
1638203880 28.77 60.12 384 4.092
1638203940 28.69 59.97 384 4.098
1638204000 28.61 59.93 384 4.092
1638204060 28.7 59.84 371 4.098
1638204120 28.8 59.69 365 4.087
1638204180 28.93 59.65 365 4.082
1638204240 28.97 59.47 373 4.098
1638204300 29.02 59.28 379 4.092
1638204360 29.12 59.23 385 4.098
1638204420 29.15 59.04 391 4.098
1638204480 29.12 58.91 397 4.098
1638204540 29.05 58.85 390 4.092
1638204600 29.21 58.85 391 4.098
1638204660 29.18 58.73 403 4.098
1638204720 29.38 58.72 433 4.098
1638204780 29.55 58.6 474 4.098
1638204840 29.51 58.45 474 4.098
1638204900 29.61 58.39 456 4.092
1638204960 29.79 58.38 433 4.098
1638205020 29.55 58.24 451 4.098
1638205080 29.66 58.21 469 4.098
1638205140 29.83 58.16 451 4.098
1638205200 29.82 58.11 451 4.098
1638205260 29.92 58.1 445 4.098
1638205320 29.8 58.09 433 4.098
1638205380 29.8 58.1 409 4.098
1638205440 29.85 58.12 409 4.098
1638205500 29.69 58.12 371 4.098
1638205560 29.72 58.1 335 4.098
1638205620 29.77 58.06 349 4.098
1638205680 29.63 58.21 325 4.098
1638205740 29.58 58.34 325 4.098
1638205800 29.65 58.39 293 4.092
1638205860 29.42 58.5 287 4.098
1638205920 29.51 58.65 293 4.092
1638205980 29.29 58.78 289 4.092
1638206040 29.32 58.85 287 4.092
1638206100 29.35 58.98 293 4.092
1638206160 29.59 59.08 295 4.098
1638206220 29.62 59.14 299 4.098
1638206280 29.63 59.01 293 4.098
1638206340 29.47 59.09 295 4.098
1638206400 29.36 59.19 307 4.092
1638206460 29.28 59.34 313 4.103
1638206520 29.14 59.47 331 4.098
1638206580 29.22 59.66 301 4.098
1638206640 29.14 59.85 301 4.098
1638206700 29.18 60.08 269 4.092
1638206760 29.05 60.16 269 4.098
1638206820 29.14 60.34 271 4.092
1638206880 29.08 60.51 281 4.098
1638206940 29.05 60.68 275 4.092
1638207000 28.97 60.89 289 4.098
1638207060 28.97 61.11 313 4.098
1638207120 28.97 61.27 377 4.092
1638207180 29 61.5 414 4.087
1638207240 28.96 61.74 331 4.098
1638207300 29.07 61.97 307 4.098
1638207360 29.01 62.06 289 4.098
1638207420 28.81 62.3 269 4.092
1638207480 28.61 62.62 245 4.092
1638207540 28.63 62.9 234 4.092
1638207600 28.63 63.15 233 4.092
1638207660 28.56 63.43 239 4.092
1638207720 28.45 63.65 257 4.092
1638207780 28.39 63.98 269 4.098
1638207840 28.36 64.29 275 4.098
1638207900 28.27 64.52 293 4.098
1638207960 28.24 64.72 313 4.098
1638208020 28.2 64.96 337 4.103
1638208080 28.32 65.15 337 4.103
1638208140 28.36 65.41 337 4.103
1638208200 28.24 65.54 337 4.103
1638208260 28.19 65.78 371 4.092
1638208320 28.26 65.94 371 4.087
1638208380 28.24 66.09 396 4.087
1638208440 28.36 66.48 450 4.087
1638208500 28.5 66.64 361 4.098
1638208560 28.45 66.74 673 4.087
1638208620 28.49 66.83 594 4.087
1638208680 28.6 66.99 630 4.092
1638208740 28.66 67.19 408 4.087
1638208800 28.8 67.13 377 4.087
1638208860 28.91 67.14 462 4.087
1638208920 28.96 67.08 480 4.087
1638208980 29 67.09 534 4.087
1638209040 29.12 67.18 528 4.087
1638209100 29.18 67.17 546 4.087
1638209160 29.31 67.12 516 4.087
1638209220 29.45 66.88 582 4.082
1638209280 29.32 66.71 612 4.087
1638209340 29.41 66.61 749 4.087
1638209400 29.38 66.32 768 4.087
1638209460 29.36 65.98 792 4.087
1638209520 29.24 65.73 822 4.087
1638209580 29.42 65.55 828 4.087
1638209640 29.48 65.37 852 4.087
1638209700 29.63 65.16 846 4.087
1638209760 29.66 64.91 852 4.087
1638209820 29.77 64.68 852 4.087
1638209880 30.07 64.51 846 4.087
1638209940 29.93 64.32 786 4.082
1638210000 29.76 64.12 792 4.082
1638210060 29.93 63.95 798 4.087
1638210120 29.99 63.81 734 4.103
1638210180 29.89 63.57 662 4.103
1638210240 30.06 63.47 614 4.103
1638210300 30.05 63.33 644 4.103
1638210360 29.92 63.2 614 4.103
1638210420 30.13 63.11 552 4.087
1638210480 30.09 62.91 504 4.087
1638210540 30.16 62.82 457 4.098
1638210600 30.22 62.76 469 4.098
1638210660 29.9 62.61 397 4.098
1638210720 29.69 62.62 367 4.098
1638210780 29.68 62.68 451 4.098
1638210840 29.63 62.78 468 4.087
1638210900 29.55 62.85 474 4.087
1638210960 29.55 62.89 480 4.087
1638211020 29.52 62.97 492 4.087
1638211080 29.56 62.96 504 4.087
1638211140 29.42 62.99 510 4.087
1638211200 29.2 63.15 504 4.087
1638211260 29.39 63.3 499 4.098
1638211320 29.45 63.34 498 4.087
1638211380 29.32 63.39 445 4.098
1638211440 29.15 63.46 301 4.098
1638211500 29.11 63.46 277 4.092
1638211560 29.05 63.5 271 4.092
1638211620 28.93 63.51 283 4.098
1638211680 28.9 63.61 319 4.098
1638211740 28.81 63.81 408 4.087
1638211800 28.77 63.92 468 4.087
1638211860 28.8 63.94 516 4.087
1638211920 28.93 64.04 618 4.087
1638211980 29.1 64.19 618 4.087
1638212040 29.15 64.19 281 4.092
1638212100 29.18 64.21 221 4.092
1638212160 29.24 64.23 209 4.092
1638212220 29.14 64.3 215 4.092
1638212280 28.89 64.31 210 4.092
1638212340 28.77 64.39 221 4.098
1638212400 28.51 64.54 227 4.092
1638212460 28.26 64.72 221 4.092
1638212520 28.19 64.93 203 4.092
1638212580 28.12 65.13 203 4.092
1638212640 28.02 65.38 222 4.098
1638212700 27.94 65.47 240 4.092
1638212760 27.85 65.68 252 4.098
1638212820 27.85 65.85 257 4.098
1638212880 27.72 65.94 240 4.098
1638212940 27.65 66.07 204 4.098
1638213000 27.59 66.3 197 4.092
1638213060 27.58 66.5 197 4.092
1638213120 27.62 66.73 197 4.098
1638213180 27.56 66.83 191 4.098
1638213240 27.51 66.92 192 4.098
1638213300 27.48 67.14 185 4.098
1638213360 27.38 67.22 192 4.092
1638213420 27.3 67.31 198 4.092
1638213480 27.31 67.49 204 4.098
1638213540 27.31 67.71 210 4.098
1638213600 27.38 68 216 4.098
1638213660 27.34 68.23 222 4.098
1638213720 27.33 68.39 228 4.098
1638213780 27.3 68.79 240 4.098
1638213840 27.23 69.07 246 4.103
1638213900 27.13 69.32 246 4.098
1638213960 27.11 69.75 252 4.103
1638214020 26.96 69.91 252 4.103
1638214080 26.89 70.24 259 4.103
1638214140 26.82 70.49 265 4.103
1638214200 26.79 70.79 265 4.103
1638214260 26.77 70.97 277 4.103
1638214320 26.77 71.21 295 4.103
1638214380 26.79 71.35 323 4.092
1638214440 26.91 71.54 317 4.092
1638214500 27.04 71.64 323 4.092
1638214560 27.13 71.92 480 4.092
1638214620 27.15 72.2 359 4.092
1638214680 27.23 72.57 335 4.092
1638214740 27.23 72.77 486 4.092
1638214800 27.35 72.97 468 4.092
1638214860 27.52 73.1 371 4.092
1638214920 27.75 73.33 365 4.092
1638214980 27.65 73.1 426 4.092
1638215040 27.81 72.87 359 4.092
1638215100 27.88 72.76 371 4.087
1638215160 27.96 72.64 365 4.092
1638215220 28.02 72.51 420 4.092
1638215280 28.12 72.37 522 4.087
1638215340 28.08 72.19 558 4.087
1638215400 28.2 71.94 516 4.092
1638215460 28.35 71.8 492 4.087
1638215520 28.46 71.5 462 4.092
1638215580 28.54 71.23 385 4.098
1638215640 28.77 71.07 355 4.098
1638215700 28.86 70.84 445 4.103
1638215760 28.93 70.53 649 4.087
1638215820 28.8 70.15 673 4.087
1638215880 28.8 69.69 588 4.092
1638215940 28.86 69.35 582 4.087
1638216000 28.89 69.02 516 4.092
1638216060 28.98 68.75 492 4.087
1638216120 29.02 68.39 385 4.098
1638216180 29.17 68.1 373 4.103
1638216240 29.21 67.88 331 4.103
1638216300 29.22 67.54 331 4.098
1638216360 29.2 67.29 289 4.103
1638216420 29.21 67.17 277 4.103
1638216480 29.12 66.84 271 4.103
1638216540 28.98 66.67 271 4.103
1638216600 29.01 66.64 271 4.103
1638216660 28.9 66.57 265 4.103
1638216720 28.7 66.5 265 4.098
1638216780 28.53 66.52 271 4.098
1638216840 28.47 66.55 271 4.098
1638216900 28.4 66.48 265 4.098
1638216960 28.29 66.47 259 4.098
1638217020 28.35 66.51 246 4.098
1638217080 28.3 66.54 252 4.098
1638217140 28.08 66.57 265 4.098
1638217200 27.92 66.65 271 4.098
1638217260 28.02 66.81 331 4.103
1638217320 28.09 66.9 524 4.103
1638217380 28.05 67.05 512 4.103
1638217440 28.09 67.16 487 4.103
1638217500 28.1 67.19 481 4.103
1638217560 28.32 67.29 493 4.103
1638217620 28.5 67.39 584 4.103
1638217680 28.59 67.43 578 4.103
1638217740 28.84 67.53 433 4.103
1638217800 28.98 67.36 331 4.103
1638217860 29.17 67.14 439 4.103
1638217920 29.28 66.86 499 4.103
1638217980 29.28 66.62 614 4.103
1638218040 29.44 66.42 620 4.108
1638218100 29.52 66.04 608 4.108
1638218160 29.61 65.73 626 4.103
1638218220 29.56 65.43 632 4.103
1638218280 29.62 65.24 633 4.108
1638218340 29.65 65.06 632 4.103
1638218400 29.79 64.71 664 4.103
1638218460 29.83 64.46 621 4.108
1638218520 29.92 64.31 542 4.103
1638218580 30.05 64.05 427 4.103
1638218640 30.13 63.95 367 4.108
1638218700 30.12 63.6 289 4.098
1638218760 30.07 63.29 192 4.103
1638218820 29.9 63.06 174 4.098
1638218880 29.51 62.97 168 4.098
1638218940 29.31 62.91 144 4.092
1638219000 29.1 62.82 132 4.098
1638219060 28.9 62.82 132 4.092
1638219120 28.82 62.87 126 4.098
1638219180 28.69 62.94 132 4.098
1638219240 28.51 63.13 138 4.092
1638219300 28.29 63.29 138 4.092
1638219360 28.26 63.59 138 4.092
1638219420 28.3 63.84 132 4.098
1638219480 28.16 64.07 138 4.098
1638219540 27.98 64.4 131 4.098
1638219600 27.89 64.72 126 4.098
1638219660 27.94 65.04 137 4.098
1638219720 27.92 65.29 155 4.098
1638219780 27.86 65.46 168 4.098
1638219840 27.76 65.75 180 4.098
1638219900 27.65 66.01 209 4.098
1638219960 27.65 66.16 227 4.098
1638220020 27.68 66.29 240 4.098
1638220080 27.64 66.36 240 4.092
1638220140 27.65 66.57 252 4.098
1638220200 27.73 66.75 265 4.098
1638220260 27.72 66.76 259 4.098
1638220320 27.82 66.83 265 4.098
1638220380 27.76 66.9 259 4.098
1638220440 27.85 66.95 228 4.098
1638220500 27.84 67.01 252 4.098
1638220560 27.98 67.09 246 4.103
1638220620 27.86 67.12 246 4.103
1638220680 27.84 67.13 222 4.103
1638220740 27.94 67.03 204 4.103
1638220800 27.92 66.95 210 4.103
1638220860 27.95 66.92 228 4.103
1638220920 27.94 66.92 234 4.103
1638220980 27.92 66.88 228 4.103
1638221040 27.92 66.81 228 4.103
1638221100 27.94 66.81 204 4.103
1638221160 27.98 66.82 198 4.103
1638221220 28.02 66.82 198 4.103
1638221280 27.98 66.76 198 4.103
1638221340 27.96 66.7 204 4.103
1638221400 27.98 66.73 198 4.098
1638221460 27.99 66.66 192 4.103
1638221520 28.03 66.66 198 4.103
1638221580 28.05 66.62 198 4.103
1638221640 28.08 66.63 198 4.103
1638221700 28.09 66.59 192 4.103
1638221760 28.19 66.54 192 4.103
1638221820 28.05 66.49 180 4.103
1638221880 28.03 66.47 168 4.103
1638221940 27.96 66.48 156 4.103
1638222000 27.91 66.47 144 4.103
1638222060 27.86 66.49 126 4.103
1638222120 27.84 66.5 120 4.103
1638222180 27.82 66.62 114 4.098
1638222240 27.81 66.68 114 4.098
1638222300 27.69 66.77 108 4.103
1638222360 27.68 66.86 108 4.103
1638222420 27.69 66.98 102 4.103
1638222480 27.71 67.1 108 4.103
1638222540 27.66 67.18 96 4.098
1638222600 27.64 67.36 90 4.103
1638222660 27.66 67.45 96 4.098
1638222720 27.62 67.6 96 4.103
1638222780 27.62 67.61 90 4.098
1638222840 27.58 67.68 90 4.098
1638222900 27.64 67.79 84 4.098
1638222960 27.59 67.75 84 4.098
1638223020 27.56 67.8 84 4.098
1638223080 27.44 67.84 84 4.098
1638223140 27.35 67.9 90 4.098
1638223200 27.28 67.84 96 4.098
1638223260 27.3 67.91 96 4.103
1638223320 27.25 67.94 96 4.098
1638223380 27.21 68 96 4.098
1638223440 27.23 68.08 102 4.098
1638223500 27.17 68.2 102 4.098
1638223560 27.18 68.31 108 4.103
1638223620 27.15 68.32 114 4.103
1638223680 27.18 68.43 126 4.098
1638223740 27.21 68.52 132 4.103
1638223800 27.23 68.59 138 4.098
1638223860 27.24 68.7 138 4.103
1638223920 27.25 68.8 138 4.103
1638223980 27.3 68.85 138 4.103
1638224040 27.38 68.93 132 4.103
1638224100 27.31 69 126 4.103
1638224160 27.25 69.1 120 4.103
1638224220 27.3 69.26 120 4.103
1638224280 27.3 69.35 120 4.103
1638224340 27.33 69.45 120 4.103
1638224400 27.35 69.56 120 4.103
1638224460 27.28 69.7 114 4.103
1638224520 27.27 69.8 114 4.103
1638224580 27.17 69.88 108 4.098
1638224640 27.14 69.96 102 4.098
1638224700 27.17 70.08 102 4.098
1638224760 27.18 70.13 96 4.098
1638224820 27.25 70.22 96 4.098
1638224880 27.25 70.34 96 4.098
1638224940 27.27 70.44 96 4.098
1638225000 27.23 70.4 96 4.098
1638225060 27.31 70.49 96 4.103
1638225120 27.28 70.52 90 4.098
1638225180 27.3 70.58 84 4.098
1638225240 27.34 70.55 78 4.098
1638225300 27.34 70.47 76 4.098
1638225360 27.33 70.46 78 4.098
1638225420 27.28 70.45 72 4.098
1638225480 27.2 70.53 72 4.098
1638225540 27.15 70.6 66 4.098
1638225600 27.04 70.66 66 4.098
1638225660 26.98 70.78 60 4.098
1638225720 26.89 70.79 60 4.098
1638225780 26.84 70.8 60 4.098
1638225840 26.77 70.88 60 4.098
1638225900 26.73 70.91 60 4.098
1638225960 26.67 70.92 60 4.098
1638226020 26.64 70.94 60 4.098
1638226080 26.6 71.03 60 4.098
1638226140 26.64 71.09 60 4.098
1638226200 26.7 71.15 60 4.098
1638226260 26.7 71.25 60 4.098
1638226320 26.74 71.33 58 4.098
1638226380 26.74 71.37 54 4.098
1638226440 26.74 71.41 48 4.098
1638226500 26.74 71.47 48 4.098
1638226560 26.69 71.52 42 4.098
1638226620 26.67 71.63 42 4.098
1638226680 26.59 71.72 36 4.098
1638226740 26.56 71.8 36 4.098
1638226800 26.53 71.86 36 4.098
1638226860 26.47 71.97 30 4.098
1638226920 26.47 72.07 24 4.098
1638226980 26.43 72.17 18 4.098
1638227040 26.38 72.25 18 4.092
1638227100 26.33 72.35 12 4.098
1638227160 26.29 72.44 12 4.098
1638227220 26.25 72.56 4 4.098
1638227280 26.19 72.76 6 4.092
1638227340 26.15 72.91 6 4.098
1638227400 26.08 73.05 6 4.092
1638227460 26.06 73.2 6 4.092
1638227520 26.02 73.36 0 4.098
1638227580 25.98 73.61 0 4.098
1638227640 25.92 73.85 0 4.098
1638227700 25.92 74 0 4.098
1638227760 25.91 74.12 0 4.098
1638227820 25.88 74.37 0 4.098
1638227880 25.82 74.64 0 4.098
1638227940 25.75 74.78 0 4.098
1638228000 25.72 74.96 0 4.098
1638228060 25.71 75.06 0 4.098
1638228120 25.74 75.22 0 4.098
1638228180 25.71 75.35 0 4.098
1638228240 25.68 75.51 0 4.098
1638228300 25.64 75.64 0 4.092
1638228360 25.65 75.78 0 4.092
1638228420 25.63 75.87 0 4.092
1638228480 25.63 75.91 0 4.098
1638228540 25.6 76.04 0 4.098
1638228600 25.6 76.11 0 4.092
1638228660 25.61 76.2 0 4.098
1638228720 25.6 76.27 0 4.098
1638228780 25.61 76.38 0 4.098
1638228840 25.57 76.51 0 4.098
1638228900 25.57 76.61 0 4.098
1638228960 25.56 76.72 0 4.098
1638229020 25.52 76.78 0 4.098
1638229080 25.47 76.85 0 4.098
1638229140 25.45 76.96 0 4.098
1638229200 25.41 77.11 0 4.092
1638229260 25.4 77.24 0 4.098
1638229320 25.33 77.38 0 4.098
1638229380 25.31 77.54 0 4.098
1638229440 25.26 77.65 0 4.092
1638229500 25.26 77.74 0 4.092
1638229560 25.24 77.92 0 4.092
1638229620 25.21 78.03 0 4.092
1638229680 25.18 78.16 0 4.092
1638229740 25.2 78.28 0 4.092
1638229800 25.16 78.39 0 4.092
1638229860 25.17 78.55 0 4.092
1638229920 25.13 78.7 0 4.092
1638229980 25.1 78.87 0 4.098
1638230040 25.1 79.01 0 4.092
1638230100 25.07 79.09 0 4.092
1638230160 25.09 79.14 0 4.092
1638230220 25.1 79.22 0 4.092
1638230280 25.06 79.31 0 4.098
1638230340 25.07 79.39 0 4.092
1638230400 25.06 79.43 0 4.092
1638230460 25.06 79.43 0 4.092
1638230520 25.03 79.49 0 4.092
1638230580 25.03 79.56 0 4.092
1638230640 25.04 79.64 0 4.092
1638230700 25.04 79.65 0 4.092
1638230760 25.04 79.72 0 4.098
1638230820 25.04 79.8 0 4.092
1638230880 25 79.87 0 4.098
1638230940 25 79.85 0 4.092
1638231000 25.02 79.9 0 4.092
1638231060 24.98 79.91 0 4.087
1638231120 24.98 80 0 4.092
1638231180 24.98 80.09 0 4.092
1638231240 24.97 80.15 0 4.098
1638231300 24.96 80.22 0 4.092
1638231360 24.93 80.21 0 4.092
1638231420 24.91 80.27 0 4.092
1638231480 24.9 80.34 0 4.092
1638231540 24.93 80.35 0 4.098
1638231600 24.91 80.39 0 4.092
1638231660 24.9 80.39 0 4.092
1638231720 24.9 80.45 0 4.092
1638231780 24.91 80.46 0 4.098
1638231840 24.91 80.54 0 4.092
1638231900 24.9 80.6 0 4.092
1638231960 24.91 80.66 0 4.092
1638232020 24.9 80.69 0 4.092
1638232080 24.93 80.72 0 4.092
1638232140 24.91 80.74 0 4.092
1638232200 24.97 80.75 0 4.092
1638232260 24.93 80.75 0 4.092
1638232320 24.96 80.76 0 4.092
1638232380 24.96 80.82 0 4.092
1638232440 24.97 80.83 0 4.092
1638232500 24.94 80.86 0 4.092
1638232560 24.93 80.88 0 4.092
1638232620 24.91 80.9 0 4.092
1638232680 24.93 81 0 4.092
1638232740 24.87 81.08 0 4.092
1638232800 24.86 81.08 0 4.092
1638232860 24.86 81.08 0 4.092
1638232920 24.85 81.05 0 4.092
1638232980 24.83 81.05 0 4.092
1638233040 24.85 81.09 0 4.092
1638233100 24.85 81.11 0 4.092
1638233160 24.82 81.12 0 4.092
1638233220 24.8 81.11 0 4.092
1638233280 24.85 81.14 0 4.092
1638233340 24.79 81.24 0 4.092
1638233400 24.75 81.26 0 4.092
1638233460 24.75 81.31 0 4.092
1638233520 24.75 81.3 0 4.092
1638233580 24.75 81.36 0 4.092
1638233640 24.7 81.42 0 4.092
1638233700 24.7 81.46 0 4.092
1638233760 24.72 81.51 0 4.092
1638233820 24.69 81.63 0 4.092
1638233880 24.67 81.71 0 4.092
1638233940 24.65 81.82 0 4.092
1638234000 24.62 81.81 0 4.092
1638234060 24.56 81.92 0 4.092
1638234120 24.58 82.04 0 4.087
1638234180 24.55 82.1 0 4.092
1638234240 24.56 82.2 0 4.092
1638234300 24.52 82.25 0 4.092
1638234360 24.55 82.37 0 4.092
1638234420 24.51 82.46 0 4.092
1638234480 24.52 82.58 0 4.092
1638234540 24.48 82.71 0 4.092
1638234600 24.43 82.82 0 4.092
1638234660 24.4 82.94 0 4.092
1638234720 24.35 83.09 0 4.092
1638234780 24.38 83.21 0 4.092
1638234840 24.35 83.33 0 4.092
1638234900 24.32 83.37 0 4.092
1638234960 24.35 83.44 0 4.092
1638235020 24.35 83.51 0 4.092
1638235080 24.35 83.65 0 4.092
1638235140 24.29 83.79 0 4.092
1638235200 24.26 83.9 0 4.092
1638235260 24.22 83.99 0 4.092
1638235320 24.16 84.15 0 4.092
1638235380 24.12 84.27 0 4.092
1638235440 24.07 84.38 0 4.092
1638235500 24.04 84.56 0 4.092
1638235560 23.98 84.72 0 4.092
1638235620 23.94 84.9 0 4.092
1638235680 23.91 84.97 0 4.092
1638235740 23.88 85.08 0 4.092
1638235800 23.89 85.21 0 4.092
1638235860 23.89 85.27 0 4.092
1638235920 23.89 85.36 0 4.092
1638235980 23.95 85.52 0 4.092
1638236040 23.87 85.56 0 4.092
1638236100 23.85 85.67 0 4.092
1638236160 23.88 85.79 0 4.087
1638236220 23.88 85.85 0 4.092
1638236280 23.87 85.94 0 4.092
1638236340 23.87 85.99 0 4.092
1638236400 23.85 86.07 0 4.092
1638236460 23.85 86.18 0 4.092
1638236520 23.81 86.21 0 4.092
1638236580 23.87 86.32 0 4.087
1638236640 23.88 86.39 0 4.087
1638236700 23.87 86.4 0 4.092
1638236760 23.85 86.46 0 4.087
1638236820 23.87 86.48 0 4.092
1638236880 23.87 86.44 0 4.092
1638236940 23.84 86.38 0 4.087
1638237000 23.91 86.31 0 4.087
1638237060 23.98 86.25 0 4.092
1638237120 23.97 86.22 0 4.092
1638237180 24 86.16 0 4.092
1638237240 23.98 86.15 0 4.092
1638237300 24 86.13 0 4.087
1638237360 23.97 86.1 0 4.087
1638237420 23.98 86.03 0 4.087
1638237480 23.97 85.98 0 4.092
1638237540 24 85.97 0 4.087
1638237600 24.01 85.95 0 4.087
1638237660 24.01 85.93 0 4.092
1638237720 24 85.9 0 4.087
1638237780 23.97 85.87 0 4.087
1638237840 24 85.86 0 4.087
1638237900 23.98 85.78 0 4.092
1638237960 23.97 85.78 0 4.092
1638238020 23.95 85.77 0 4.092
1638238080 23.92 85.77 0 4.092
1638238140 23.91 85.76 0 4.087
1638238200 23.89 85.72 0 4.087
1638238260 23.88 85.67 0 4.087
1638238320 23.89 85.62 0 4.087
1638238380 23.88 85.63 0 4.092
1638238440 23.85 85.61 0 4.087
1638238500 23.85 85.52 0 4.087
1638238560 23.82 85.49 0 4.087
1638238620 23.84 85.39 0 4.087
1638238680 23.87 85.36 0 4.087
1638238740 23.84 85.29 0 4.092
1638238800 23.85 85.23 0 4.092
1638238860 23.81 85.21 0 4.092
1638238920 23.8 85.12 0 4.087
1638238980 23.84 85.08 0 4.087
1638239040 23.82 85.1 0 4.087
1638239100 23.84 85.08 0 4.076
1638239160 23.82 85.11 0 4.087
1638239220 23.84 85.16 0 4.087
1638239280 23.84 85.18 0 4.087
1638239340 23.87 85.19 0 4.087
1638239400 23.87 85.24 0 4.087
1638239460 23.85 85.25 0 4.087
1638239520 23.88 85.34 0 4.087
1638239580 23.87 85.39 0 4.087
1638239640 23.88 85.42 0 4.087
1638239700 23.88 85.5 0 4.087
1638239760 23.88 85.58 0 4.087
1638239820 23.88 85.67 0 4.087
1638239880 23.88 85.67 0 4.092
1638239940 23.92 85.75 0 4.087
1638240000 23.91 85.76 0 4.087
1638240060 23.92 85.79 0 4.087
1638240120 23.97 85.85 0 4.087
1638240180 23.94 85.86 0 4.087
1638240240 23.94 85.88 0 4.087
1638240300 24 85.92 0 4.087
1638240360 23.98 85.93 0 4.087
1638240420 24 85.92 0 4.087
1638240480 24 85.96 0 4.087
1638240540 23.97 85.96 0 4.087
1638240600 23.95 85.99 0 4.092
1638240660 23.98 86.05 0 4.087
1638240720 23.94 86.11 0 4.087
1638240780 23.95 86.14 0 4.087
1638240840 23.92 86.2 0 4.087
1638240900 23.89 86.27 0 4.082
1638240960 23.88 86.28 0 4.087
1638241020 23.82 86.33 0 4.087
1638241080 23.78 86.31 0 4.087
1638241140 23.75 86.34 0 4.087
1638241200 23.77 86.47 0 4.087
1638241260 23.71 86.52 0 4.087
1638241320 23.71 86.56 0 4.087
1638241380 23.7 86.64 0 4.087
1638241440 23.67 86.68 0 4.087
1638241500 23.67 86.75 0 4.087
1638241560 23.65 86.84 0 4.087
1638241620 23.64 86.91 0 4.087
1638241680 23.61 86.93 0 4.087
1638241740 23.59 87.02 0 4.087
1638241800 23.6 87.05 0 4.082
1638241860 23.56 87.11 0 4.087
1638241920 23.54 87.17 0 4.087
1638241980 23.54 87.19 0 4.087
1638242040 23.51 87.22 0 4.087
1638242100 23.47 87.25 0 4.087
1638242160 23.49 87.29 0 4.087
1638242220 23.46 87.29 0 4.087
1638242280 23.47 87.32 0 4.087
1638242340 23.46 87.28 0 4.087
1638242400 23.44 87.31 0 4.087
1638242460 23.46 87.33 0 4.087
1638242520 23.43 87.34 0 4.087
1638242580 23.43 87.35 0 4.087
1638242640 23.39 87.38 0 4.087
1638242700 23.37 87.39 0 4.087
1638242760 23.34 87.47 0 4.082
1638242820 23.31 87.48 0 4.087
1638242880 23.3 87.54 0 4.082
1638242940 23.29 87.55 0 4.087
1638243000 23.27 87.6 0 4.087
1638243060 23.26 87.57 0 4.087
1638243120 23.23 87.54 0 4.087
1638243180 23.24 87.55 0 4.087
1638243240 23.27 87.55 0 4.087
1638243300 23.24 87.51 0 4.087
1638243360 23.27 87.51 0 4.082
1638243420 23.27 87.47 0 4.087
1638243480 23.27 87.42 0 4.087
1638243540 23.23 87.44 0 4.087
1638243600 23.23 87.44 0 4.082
1638243660 23.19 87.48 0 4.087
1638243720 23.17 87.5 0 4.087
1638243780 23.12 87.5 0 4.087
1638243840 23.12 87.5 0 4.087
1638243900 23.09 87.53 0 4.087
1638243960 23.07 87.6 0 4.087
1638244020 23.05 87.63 0 4.087
1638244080 23.02 87.69 0 4.082
1638244140 22.97 87.72 0 4.087
1638244200 22.95 87.76 0 4.087
1638244260 22.99 87.87 0 4.087
1638244320 22.96 87.9 0 4.087
1638244380 22.96 87.98 0 4.087
1638244440 22.96 88.04 0 4.087
1638244500 22.95 88.1 0 4.082
1638244560 22.93 88.14 0 4.082
1638244620 22.93 88.21 0 4.087
1638244680 22.9 88.2 0 4.082
1638244740 22.89 88.29 0 4.087
1638244800 22.88 88.34 0 4.082
1638244860 22.83 88.36 0 4.082
1638244920 22.85 88.37 0 4.082
1638244980 22.83 88.4 0 4.082
1638245040 22.8 88.41 0 4.087
1638245100 22.76 88.44 0 4.087
1638245160 22.78 88.45 0 4.082
1638245220 22.76 88.47 0 4.082
1638245280 22.75 88.56 0 4.082
1638245340 22.7 88.58 0 4.087
1638245400 22.7 88.64 0 4.082
1638245460 22.68 88.66 0 4.082
1638245520 22.63 88.67 0 4.082
1638245580 22.68 88.7 0 4.082
1638245640 22.65 88.72 0 4.082
1638245700 22.68 88.74 0 4.082
1638245760 22.65 88.78 0 4.087
1638245820 22.65 88.82 0 4.082
1638245880 22.61 88.82 0 4.087
1638245940 22.61 88.79 0 4.082
1638246000 22.61 88.83 0 4.087
1638246060 22.59 88.82 0 4.082
1638246120 22.59 88.82 0 4.087
1638246180 22.55 88.81 0 4.082
1638246240 22.56 88.82 0 4.082
1638246300 22.51 88.76 0 4.082
1638246360 22.52 88.76 0 4.082
1638246420 22.49 88.74 0 4.082
1638246480 22.51 88.76 0 4.087
1638246540 22.46 88.67 0 4.082
1638246600 22.45 88.62 0 4.082
1638246660 22.44 88.6 0 4.082
1638246720 22.42 88.56 0 4.087
1638246780 22.42 88.54 0 4.082
1638246840 22.39 88.45 0 4.087
1638246900 22.39 88.49 0 4.082
1638246960 22.38 88.41 0 4.087
1638247020 22.36 88.32 0 4.082
1638247080 22.36 88.3 0 4.087
1638247140 22.3 88.22 0 4.087
1638247200 22.3 88.17 0 4.076
1638247260 22.25 88.06 0 4.082
1638247320 22.24 87.94 0 4.082
1638247380 22.24 87.88 0 4.082
1638247440 22.22 87.81 0 4.082
1638247500 22.22 87.77 0 4.082
1638247560 22.19 87.65 0 4.082
1638247620 22.19 87.63 0 4.082
1638247680 22.18 87.62 0 4.082
1638247740 22.15 87.53 0 4.082
1638247800 22.18 87.57 0 4.082
1638247860 22.12 87.49 0 4.082
1638247920 22.11 87.48 0 4.082
1638247980 22.1 87.52 0 4.087
1638248040 22.08 87.53 0 4.082
1638248100 22.07 87.47 0 4.082
1638248160 22.04 87.47 0 4.082
1638248220 22.05 87.42 0 4.082
1638248280 22.03 87.39 0 4.082
1638248340 22.03 87.34 0 4.082
