1635051600 24.03 79.54 0 4.033
1635051660 24.01 79.71 0 4.033
1635051720 24 79.71 0 4.033
1635051780 23.99 79.72 0 4.028
1635051840 23.99 79.87 0 4.033
1635051900 23.96 80.03 0 4.033
1635051960 23.93 80.1 0 4.028
1635052020 23.96 80.16 0 4.033
1635052080 23.93 80.21 0 4.033
1635052140 23.92 80.31 0 4.028
1635052200 23.87 80.37 0 4.033
1635052260 23.9 80.31 0 4.028
1635052320 23.87 80.02 0 4.033
1635052380 23.87 79.96 0 4.033
1635052440 23.89 80.07 0 4.028
1635052500 23.86 80.22 0 4.033
1635052560 23.86 80.39 0 4.033
1635052620 23.84 80.89 0 4.033
1635052680 23.84 80.95 0 4.028
1635052740 23.83 81.2 0 4.028
1635052800 23.84 81.47 0 4.033
1635052860 23.83 81.63 0 4.028
1635052920 23.84 81.65 0 4.028
1635052980 23.84 81.55 0 4.028
1635053040 23.81 81.04 0 4.022
1635053100 23.83 80.41 0 4.028
1635053160 23.83 79.96 0 4.028
1635053220 23.87 79.81 0 4.033
1635053280 23.86 79.5 0 4.028
1635053340 23.86 79.27 0 4.028
1635053400 23.89 79.03 0 4.028
1635053460 23.89 79.28 0 4.028
1635053520 23.9 79.13 0 4.028
1635053580 23.9 78.67 0 4.028
1635053640 23.92 78.53 0 4.028
1635053700 23.93 78.45 0 4.028
1635053760 23.92 78.05 0 4.028
1635053820 23.9 78.13 0 4.028
1635053880 23.93 78.08 0 4.028
1635053940 23.9 78.02 0 4.028
1635054000 23.89 78.03 0 4.028
1635054060 23.84 78.06 0 4.028
1635054120 23.86 78.16 0 4.028
1635054180 23.81 78.14 0 4.028
1635054240 23.81 78.19 0 4.028
1635054300 23.81 78.31 0 4.028
1635054360 23.76 78.55 0 4.028
1635054420 23.76 78.74 0 4.028
1635054480 23.76 79.07 0 4.028
1635054540 23.73 79.31 0 4.028
1635054600 23.7 79.34 0 4.022
1635054660 23.7 79.28 0 4.028
1635054720 23.72 79.14 0 4.022
1635054780 23.7 79.04 0 4.028
1635054840 23.69 79.12 0 4.022
1635054900 23.66 79.25 0 4.022
1635054960 23.68 79.28 0 4.022
1635055020 23.63 79.17 0 4.022
1635055080 23.6 79.29 0 4.028
1635055140 23.58 79.33 0 4.022
1635055200 23.58 79 0 4.022
1635055260 23.53 79 0 4.022
1635055320 23.55 79.08 0 4.028
1635055380 23.5 79.27 0 4.022
1635055440 23.46 79.41 0 4.022
1635055500 23.45 79.58 0 4.022
1635055560 23.41 79.86 0 4.022
1635055620 23.36 80.3 0 4.028
1635055680 23.35 80.43 0 4.028
1635055740 23.33 80.89 0 4.022
1635055800 23.32 81.93 0 4.022
1635055860 23.25 82.2 0 4.022
1635055920 23.25 82.72 0 4.022
1635055980 23.22 82.91 0 4.022
1635056040 23.18 83.51 0 4.022
1635056100 23.18 83.65 0 4.022
1635056160 23.15 83.9 0 4.022
1635056220 23.12 84.06 0 4.022
1635056280 23.12 84.53 0 4.022
1635056340 23.11 84.59 0 4.022
1635056400 23.07 84.57 0 4.022
1635056460 23.07 84.67 0 4.022
1635056520 23.07 84.79 0 4.022
1635056580 23.01 84.91 0 4.022
1635056640 22.99 84.68 0 4.017
1635056700 22.95 84.4 0 4.022
1635056760 22.9 83.31 0 4.022
1635056820 22.91 82.9 0 4.022
1635056880 22.94 82.38 0 4.022
1635056940 22.93 82.08 0 4.017
1635057000 22.97 82.03 0 4.022
1635057060 22.98 81.76 0 4.022
1635057120 22.99 81.58 0 4.022
1635057180 22.97 81.11 0 4.022
1635057240 22.99 81.31 0 4.022
1635057300 22.98 81.22 0 4.022
1635057360 22.99 81.21 0 4.022
1635057420 22.97 80.85 0 4.022
1635057480 22.91 80.93 0 4.022
1635057540 22.93 81.17 0 4.017
1635057600 22.93 81.44 0 4.017
1635057660 22.97 81.36 0 4.017
1635057720 22.95 81.26 0 4.017
1635057780 22.97 81.13 0 4.017
1635057840 22.99 80.78 0 4.022
1635057900 22.99 80.52 0 4.017
1635057960 22.97 80.56 0 4.022
1635058020 22.99 80.58 0 4.017
1635058080 22.98 81.06 0 4.017
1635058140 22.98 81.26 0 4.017
1635058200 23.01 81.6 0 4.017
1635058260 23.01 81.82 0 4.017
1635058320 23.02 82.2 0 4.022
1635058380 23.05 82.53 0 4.017
1635058440 23.05 83 0 4.017
1635058500 23.02 83.62 0 4.017
1635058560 23.05 83.76 0 4.017
1635058620 23.02 84.09 0 4.017
1635058680 23.02 84.22 0 4.017
1635058740 23.05 85.13 0 4.017
1635058800 23.01 85.31 0 4.017
1635058860 23.01 85.69 0 4.017
1635058920 22.98 86.03 0 4.017
1635058980 22.95 86.21 0 4.017
1635059040 22.91 86.17 0 4.017
1635059100 22.91 86.2 0 4.017
1635059160 22.87 86.57 0 4.017
1635059220 22.83 87.07 0 4.017
1635059280 22.79 87.27 0 4.017
1635059340 22.75 87.59 0 4.012
1635059400 22.73 87.74 0 4.017
1635059460 22.68 87.91 0 4.017
1635059520 22.66 88.14 0 4.017
1635059580 22.64 88.34 0 4.012
1635059640 22.6 88.44 0 4.017
1635059700 22.48 87.12 0 4.017
1635059760 22.5 85.53 0 4.017
1635059820 22.53 84.75 0 4.017
1635059880 22.54 83.96 0 4.017
1635059940 22.6 83.49 0 4.017
1635060000 22.57 82.55 0 4.017
1635060060 22.56 82.29 0 4.012
1635060120 22.57 82.31 0 4.017
1635060180 22.57 82.11 0 4.017
1635060240 22.56 82.09 0 4.012
1635060300 22.58 81.94 0 4.017
1635060360 22.57 81.73 0 4.012
1635060420 22.54 81.84 0 4.017
1635060480 22.57 81.89 0 4.012
1635060540 22.57 81.86 0 4.012
1635060600 22.54 81.75 0 4.017
1635060660 22.53 81.88 0 4.012
1635060720 22.5 81.75 0 4.017
1635060780 22.47 81.86 0 4.012
1635060840 22.44 81.95 0 4.012
1635060900 22.4 82.08 0 4.012
1635060960 22.42 82.45 0 4.012
1635061020 22.4 82.54 0 4.012
1635061080 22.39 82.6 0 4.017
1635061140 22.33 82.68 0 4.012
1635061200 22.37 82.87 0 4.012
1635061260 22.34 82.74 0 4.012
1635061320 22.36 82.76 0 4.012
1635061380 22.36 82.69 0 4.012
1635061440 22.36 82.63 0 4.012
1635061500 22.42 82.55 0 4.012
1635061560 22.4 82.38 0 4.012
1635061620 22.44 82.26 0 4.012
1635061680 22.44 82.19 0 4.012
1635061740 22.5 82.07 0 4.012
1635061800 22.47 81.93 0 4.012
1635061860 22.51 81.88 0 4.012
1635061920 22.51 81.82 0 4.012
1635061980 22.54 81.75 0 4.012
1635062040 22.51 81.68 0 4.006
1635062100 22.48 81.82 0 4.006
1635062160 22.48 82.06 0 4.006
1635062220 22.46 82.05 0 4.012
1635062280 22.44 82.27 0 4.012
1635062340 22.42 82.21 0 4.012
1635062400 22.37 82.41 0 4.012
1635062460 22.37 82.59 0 4.012
1635062520 22.33 82.71 0 4.012
1635062580 22.33 82.76 0 4.012
1635062640 22.36 82.78 0 4.012
1635062700 22.32 82.78 0 4.012
1635062760 22.3 82.91 0 4.012
1635062820 22.3 82.94 0 4.012
1635062880 22.27 83.11 0 4.012
1635062940 22.24 83.05 0 4.006
1635063000 22.23 83.18 0 4.006
1635063060 22.22 83.28 0 4.006
1635063120 22.19 83.31 0 4.006
1635063180 22.19 83.37 0 4.006
1635063240 22.16 83.4 0 4.012
1635063300 22.13 83.67 0 4.006
1635063360 22.12 83.81 0 4.006
1635063420 22.1 83.97 0 4.006
1635063480 22.1 84.09 0 4.012
1635063540 22.09 84.33 0 4.006
1635063600 22.07 84.82 0 4.006
1635063660 22.07 84.84 0 4.012
1635063720 22.06 84.78 0 4.012
1635063780 22.05 84.84 0 4.006
1635063840 22.05 84.75 0 4.006
1635063900 22.05 84.78 0 4.006
1635063960 22.03 84.68 0 4.006
1635064020 22.05 84.67 0 4.006
1635064080 22.03 84.67 0 4.006
1635064140 22.02 84.65 0 4.006
1635064200 22.05 84.76 0 4.006
1635064260 22.05 84.62 0 4.006
1635064320 22.05 84.77 0 4.006
1635064380 22.09 84.73 0 4.006
1635064440 22.16 84.64 0 4.006
1635064500 22.22 84.23 0 4.006
1635064560 22.22 84.15 0 4.006
1635064620 22.26 83.81 0 4.006
1635064680 22.26 83.73 0 4.006
1635064740 22.24 83.49 0 4.006
1635064800 22.24 83.43 0 4.001
1635064860 22.29 83.51 0 4.006
1635064920 22.32 83.14 0 4.006
1635064980 22.27 83.08 0 4.006
1635065040 22.33 82.38 0 4.006
1635065100 22.34 82.16 0 4.006
1635065160 22.36 81.88 0 4.006
1635065220 22.37 81.67 0 4.006
1635065280 22.39 81.52 0 4.006
1635065340 22.4 81.45 0 4.006
1635065400 22.39 81.38 0 4.006
1635065460 22.39 81.39 0 4.006
1635065520 22.4 81.4 0 4.006
1635065580 22.4 81.41 0 4.006
1635065640 22.42 81.53 0 4.001
1635065700 22.48 81.55 0 4.001
1635065760 22.5 81.41 0 4.006
1635065820 22.54 81.37 0 4.006
1635065880 22.58 81.22 0 4.006
1635065940 22.61 81.07 0 4.001
1635066000 22.64 80.97 0 4.001
1635066060 22.68 80.96 0 4.001
1635066120 22.67 80.95 0 4.001
1635066180 22.67 81.03 0 4.001
1635066240 22.67 80.9 0 4.001
1635066300 22.63 80.84 0 4.006
1635066360 22.63 80.95 0 4.001
1635066420 22.63 80.95 0 4.006
1635066480 22.57 80.75 0 4.001
1635066540 22.54 80.87 0 4.001
1635066600 22.53 80.97 0 4.001
1635066660 22.5 81.1 0 4.001
1635066720 22.46 81.15 0 4.006
1635066780 22.43 81.38 0 4.001
1635066840 22.4 81.37 0 4.001
1635066900 22.37 81.59 0 4.001
1635066960 22.32 81.77 0 4.001
1635067020 22.29 81.93 0 4.001
1635067080 22.26 82.01 0 4.006
1635067140 22.22 82.11 0 4.006
1635067200 22.23 82.31 0 4.001
1635067260 22.22 82.4 0 4.001
1635067320 22.22 82.48 0 4.001
1635067380 22.24 82.45 0 4.001
1635067440 22.24 82.49 0 3.996
1635067500 22.3 82.51 0 4.001
1635067560 22.3 82.55 0 4.001
1635067620 22.29 82.79 0 4.001
1635067680 22.33 82.99 0 4.001
1635067740 22.32 82.78 0 4.001
1635067800 22.29 82.68 0 4.001
1635067860 22.32 82.83 0 4.001
1635067920 22.32 82.81 0 4.001
1635067980 22.34 82.71 0 4.001
1635068040 22.34 82.42 0 4.001
1635068100 22.36 82.26 0 4.001
1635068160 22.37 82.16 0 4.001
1635068220 22.42 82.42 0 4.001
1635068280 22.4 82.52 0 4.001
1635068340 22.42 82.78 0 4.001
1635068400 22.43 82.72 0 4.001
1635068460 22.46 82.81 0 4.001
1635068520 22.46 82.95 0 3.996
1635068580 22.48 82.95 0 4.001
1635068640 22.47 83.23 0 4.001
1635068700 22.47 83.42 0 4.001
1635068760 22.46 83.4 0 4.001
1635068820 22.47 83.4 0 4.001
1635068880 22.47 83.44 0 4.001
1635068940 22.48 83.21 0 4.001
1635069000 22.46 82.97 0 4.001
1635069060 22.47 82.41 0 4.001
1635069120 22.44 81.22 0 4.001
1635069180 22.47 81 0 4.001
1635069240 22.51 81.18 0 3.996
1635069300 22.54 80.77 0 3.996
1635069360 22.54 80.87 0 3.996
1635069420 22.58 81.55 0 3.996
1635069480 22.56 83 0 4.001
1635069540 22.51 84.48 0 4.001
1635069600 22.48 84.73 0 3.996
1635069660 22.47 85.3 0 4.001
1635069720 22.43 85.47 0 3.996
1635069780 22.42 85.46 0 3.996
1635069840 22.39 85.57 0 3.996
1635069900 22.37 85.64 0 4.001
1635069960 22.36 85.57 0 4.001
1635070020 22.34 85.53 0 3.996
1635070080 22.34 85.35 0 4.001
1635070140 22.33 85.5 0 3.996
1635070200 22.34 85.61 0 3.996
1635070260 22.33 85.84 0 3.996
1635070320 22.32 85.83 0 3.996
1635070380 22.33 86.33 0 3.996
1635070440 22.32 86.43 0 3.996
1635070500 22.3 86.53 0 3.996
1635070560 22.27 86.45 0 3.996
1635070620 22.27 86.51 0 3.996
1635070680 22.29 86.61 0 3.996
1635070740 22.27 86.64 0 3.996
1635070800 22.3 86.8 0 3.996
1635070860 22.29 86.97 0 3.996
1635070920 22.27 87.02 0 4.001
1635070980 22.27 87.02 0 3.996
1635071040 22.29 87.08 0 3.996
1635071100 22.32 87.12 0 3.996
1635071160 22.3 86.86 0 3.99
1635071220 22.29 86.35 0 3.996
1635071280 22.32 85.94 0 3.996
1635071340 22.34 85.29 0 3.996
1635071400 22.34 84.8 0 3.996
1635071460 22.43 84.09 0 3.996
1635071520 22.48 83.85 0 3.996
1635071580 22.48 83.45 0 3.996
1635071640 22.5 83.24 0 3.996
1635071700 22.57 82.46 0 3.996
1635071760 22.6 82.09 0 3.996
1635071820 22.58 81.28 0 3.996
1635071880 22.56 81.22 0 3.996
1635071940 22.58 80.86 0 3.99
1635072000 22.63 80.75 0 3.996
1635072060 22.63 80.6 0 3.99
1635072120 22.61 80.42 0 3.996
1635072180 22.64 80.33 0 3.99
1635072240 22.64 80.32 0 3.996
1635072300 22.64 80.27 4 3.996
1635072360 22.64 80.45 4 3.996
1635072420 22.64 80.38 4 3.99
1635072480 22.64 80.44 4 3.996
1635072540 22.67 80.64 4 3.99
1635072600 22.63 80.52 4 3.996
1635072660 22.63 80.6 4 3.99
1635072720 22.64 80.63 4 3.996
1635072780 22.66 80.75 4 3.996
1635072840 22.66 80.86 4 3.99
1635072900 22.67 80.72 4 3.996
1635072960 22.64 80.59 4 3.99
1635073020 22.66 80.33 10 3.99
1635073080 22.67 80.44 10 3.99
1635073140 22.66 80.42 10 3.99
1635073200 22.64 80.38 10 3.996
1635073260 22.68 80.37 10 3.99
1635073320 22.68 80.45 10 3.996
1635073380 22.68 80.56 10 3.996
1635073440 22.7 80.67 10 3.99
1635073500 22.7 80.71 16 3.99
1635073560 22.71 80.83 16 3.996
1635073620 22.7 80.94 16 3.996
1635073680 22.74 81.09 16 3.99
1635073740 22.74 81.15 16 3.99
1635073800 22.77 81.48 16 3.99
1635073860 22.75 81.66 16 3.99
1635073920 22.78 81.79 22 3.996
1635073980 22.75 81.82 22 3.99
1635074040 22.77 81.84 22 3.99
1635074100 22.81 81.86 22 3.996
1635074160 22.81 81.96 22 3.99
1635074220 22.81 81.93 22 3.99
1635074280 22.83 82.08 22 3.996
1635074340 22.79 82.16 28 3.99
1635074400 22.79 82.31 28 3.99
1635074460 22.83 82.28 28 3.99
1635074520 22.84 82.34 28 3.99
1635074580 22.85 82.39 28 3.99
1635074640 22.85 82.38 28 3.99
1635074700 22.87 82.45 28 3.99
1635074760 22.91 82.5 28 3.99
1635074820 22.9 82.57 34 3.99
1635074880 22.9 82.27 34 3.99
1635074940 22.9 82.23 40 3.985
1635075000 22.85 81.91 40 3.99
1635075060 22.84 81.85 46 3.99
1635075120 22.9 81.71 52 3.99
1635075180 22.91 81.54 52 3.99
1635075240 22.9 80.19 57 3.99
1635075300 22.95 80.06 57 3.99
1635075360 23.01 80.07 63 3.99
1635075420 23.05 79.28 69 3.99
1635075480 23.09 79.28 69 3.99
1635075540 23.15 78.83 69 3.99
1635075600 23.17 77.41 69 3.985
1635075660 23.21 77.59 69 3.985
1635075720 23.25 77.57 69 3.99
1635075780 23.3 77.66 69 3.99
1635075840 23.38 77.83 63 3.99
1635075900 23.42 77.49 63 3.99
1635075960 23.48 77.16 57 3.985
1635076020 23.5 76.9 52 3.99
1635076080 23.53 76.47 46 3.99
1635076140 23.55 76.06 40 3.99
1635076200 23.6 76.05 40 3.99
1635076260 23.65 76.12 40 3.99
1635076320 23.65 75.48 40 3.99
1635076380 23.65 75.5 40 3.99
1635076440 23.56 74.47 40 3.985
1635076500 23.46 74.2 40 3.985
1635076560 23.49 74.31 40 3.985
1635076620 23.5 74.71 40 3.985
1635076680 23.53 75.14 46 3.985
1635076740 23.56 75.34 46 3.985
1635076800 23.62 75.2 46 3.99
1635076860 23.6 74.96 46 3.99
1635076920 23.53 74.99 52 3.99
1635076980 23.48 75.04 52 3.985
1635077040 23.39 75.16 52 3.985
1635077100 23.39 74.88 57 3.985
1635077160 23.42 74.92 63 3.985
1635077220 23.45 74.84 63 3.985
1635077280 23.49 74.77 75 3.99
1635077340 23.58 74.45 87 3.985
1635077400 23.6 74.45 99 3.99
1635077460 23.65 74.4 111 3.99
1635077520 23.68 74.13 121 3.99
1635077580 23.77 73.84 128 3.99
1635077640 23.81 75.12 128 3.99
1635077700 23.89 75.59 128 3.996
1635077760 23.92 75.56 128 3.996
1635077820 23.95 75.24 128 3.996
1635077880 23.99 75.47 115 3.996
1635077940 24.07 75.28 111 3.996
1635078000 24.13 75.36 111 3.99
1635078060 24.19 75.47 111 3.996
1635078120 24.23 75.17 111 3.996
1635078180 24.32 74.36 99 3.996
1635078240 24.27 74.59 93 3.985
1635078300 24.32 74.79 87 3.99
1635078360 24.31 75.01 81 3.99
1635078420 24.19 75.65 81 3.99
1635078480 24.24 75.52 75 3.99
1635078540 24.27 75.62 69 3.99
1635078600 24.17 75.67 75 3.985
1635078660 24.2 75.91 75 3.99
1635078720 24.2 76.09 75 3.99
1635078780 24.26 76.02 75 3.99
1635078840 24.31 75.93 75 3.99
1635078900 24.28 75.72 75 3.99
1635078960 24.24 75.7 75 3.99
1635079020 24.26 75.69 75 3.99
1635079080 24.31 75.63 75 3.985
1635079140 24.35 75.68 75 3.985
1635079200 24.34 75.76 75 3.985
1635079260 24.3 75.76 75 3.985
1635079320 24.3 75.73 81 3.985
1635079380 24.23 75.98 81 3.985
1635079440 24.24 75.99 75 3.99
1635079500 24.3 75.65 75 3.985
1635079560 24.34 75.34 75 3.985
1635079620 24.38 75.19 75 3.985
1635079680 24.4 74.9 75 3.985
1635079740 24.42 74.59 81 3.985
1635079800 24.46 74.16 87 3.985
1635079860 24.47 73.84 87 3.985
1635079920 24.5 73.91 87 3.985
1635079980 24.42 74.16 87 3.985
1635080040 24.47 74.49 87 3.985
1635080100 24.5 75.08 93 3.985
1635080160 24.5 75.03 105 3.985
1635080220 24.53 74.93 111 3.99
1635080280 24.54 75.09 111 3.99
1635080340 24.55 74.88 105 3.99
1635080400 24.58 74.6 93 3.99
1635080460 24.65 74.08 81 3.99
1635080520 24.61 72.66 75 3.985
1635080580 24.51 72.9 69 3.99
1635080640 24.54 72.67 63 3.985
1635080700 24.48 73.48 63 3.985
1635080760 24.5 73.68 63 3.985
1635080820 24.51 73.16 69 3.99
1635080880 24.38 73.44 75 3.985
1635080940 24.31 73.74 87 3.985
1635081000 24.26 73.53 93 3.985
1635081060 24.26 73.7 93 3.985
1635081120 24.27 73.39 93 3.985
1635081180 24.24 73.58 87 3.985
1635081240 24.24 73.75 87 3.99
1635081300 24.31 73.63 87 3.985
1635081360 24.44 73.99 93 3.985
1635081420 24.6 74.74 93 3.985
1635081480 24.75 74.9 115 3.99
1635081540 24.86 74.68 121 3.99
1635081600 24.83 75.38 128 3.99
1635081660 24.95 75.47 134 3.99
1635081720 25.04 75.37 152 3.996
1635081780 25.12 75.11 99 3.99
1635081840 25.09 74.71 81 3.985
1635081900 25.06 74.54 99 3.99
1635081960 25.12 74.26 87 3.99
1635082020 25.16 74.19 93 3.99
1635082080 25.05 73.47 134 3.99
1635082140 25.09 73.43 158 3.996
1635082200 25.09 73.26 234 4.006
1635082260 25.22 73.02 222 4.006
1635082320 25.46 72.25 551 4.039
1635082380 25.56 71.89 558 4.044
1635082440 26.05 69.52 564 4.049
1635082500 26.55 68.9 584 4.06
1635082560 26.79 68.44 602 4.065
1635082620 27.32 65.58 627 4.071
1635082680 27.76 63.81 646 4.076
1635082740 28.25 62.61 653 4.076
1635082800 28.49 61.28 653 4.082
1635082860 28.79 59.89 661 4.087
1635082920 29.07 59.74 382 4.071
1635082980 29.41 58.03 171 4.044
1635083040 29.1 57.14 147 4.039
1635083100 28.93 58.44 141 4.039
1635083160 28.94 58.9 135 4.039
1635083220 28.48 59.69 135 4.039
1635083280 28.22 60.87 141 4.039
1635083340 28.15 60.85 147 4.039
1635083400 28.01 61.58 165 4.039
1635083460 27.91 62.52 603 4.033
1635083520 27.81 62.65 189 4.039
1635083580 27.92 63.3 165 4.039
1635083640 27.81 62.4 159 4.033
1635083700 27.78 63.07 165 4.033
1635083760 27.78 63.09 171 4.039
1635083820 27.54 63.03 177 4.039
1635083880 27.34 63.42 189 4.039
1635083940 27.25 64.13 189 4.039
1635084000 27.29 64.11 171 4.039
1635084060 27.32 63.49 141 4.039
1635084120 27.29 63.59 159 4.039
1635084180 27 64.23 177 4.044
1635084240 27.07 64.74 141 4.039
1635084300 26.88 64.83 159 4.039
1635084360 26.79 65.01 165 4.044
1635084420 26.56 65 165 4.039
1635084480 26.48 65.67 248 4.039
1635084540 26.61 65.4 689 4.082
1635084600 26.86 64.64 698 4.092
1635084660 27.03 63.72 686 4.103
1635084720 27.27 62.46 700 4.108
1635084780 27.61 61.51 713 4.119
1635084840 27.98 60.35 746 4.076
1635084900 28.39 59.91 769 4.06
1635084960 28.76 59.38 195 4.065
1635085020 29.02 57.99 213 4.065
1635085080 29.18 57.35 249 4.071
1635085140 28.99 57.51 387 4.055
1635085200 28.77 57.95 243 4.055
1635085260 28.42 58.57 201 4.06
1635085320 28.55 58.8 167 4.06
1635085380 28.21 59.01 143 4.055
1635085440 27.8 60.16 143 4.055
1635085500 27.64 60.72 165 4.055
1635085560 27.47 61.39 201 4.06
1635085620 27.43 61.72 225 4.065
1635085680 27.22 61.97 231 4.065
1635085740 27.03 62.62 393 4.055
1635085800 27.07 62.92 320 4.049
1635085860 27.4 62.12 927 4.049
1635085920 27.71 62.05 927 4.049
1635085980 28.07 60.64 921 4.049
1635086040 28.63 59.87 927 4.049
1635086100 29.13 58.49 945 4.044
1635086160 29.65 57.63 635 4.049
1635086220 30.02 56.05 545 4.076
1635086280 30.05 55.53 359 4.082
1635086340 29.78 56.44 195 4.065
1635086400 29.45 55.84 171 4.06
1635086460 29 57.25 161 4.06
1635086520 28.69 58.08 161 4.06
1635086580 28.25 58.72 173 4.06
1635086640 28.05 59.91 177 4.06
1635086700 27.87 60.57 326 4.06
1635086760 28.01 60.72 905 4.055
1635086820 28.29 59.87 905 4.055
1635086880 28.76 58.52 892 4.055
1635086940 29.04 57.81 147 4.055
1635087000 29.14 57.72 131 4.055
1635087060 29.1 58.22 814 4.055
1635087120 29.14 57.95 850 4.049
1635087180 29.68 56.99 832 4.049
1635087240 29.89 56.51 822 4.114
1635087300 30.05 56.11 823 4.125
1635087360 30.47 55.16 819 4.13
1635087420 30.52 54.5 826 4.141
1635087480 30.76 53.78 834 4.146
1635087540 30.77 52.75 853 4.157
1635087600 30.9 52.84 856 4.162
1635087660 31.08 52.26 864 4.173
1635087720 30.8 52.15 871 4.178
1635087780 30.69 52.36 886 4.189
1635087840 30.7 52.92 906 4.2
1635087900 31.2 52.31 915 4.157
1635087960 31.3 51.64 935 4.157
1635088020 31.49 51.55 947 4.135
1635088080 31.75 50.88 939 4.125
1635088140 31.83 50.2 597 4.119
1635088200 31.73 49.93 695 4.114
1635088260 31.64 49.46 930 4.114
1635088320 31.49 48.67 670 4.114
1635088380 31.59 48.31 917 4.108
1635088440 31.59 49.79 947 4.108
1635088500 32.02 48.59 947 4.108
1635088560 32.1 48.87 953 4.103
1635088620 32.05 49.03 983 4.103
1635088680 32.1 48.9 959 4.103
1635088740 32.18 48.87 989 4.103
1635088800 31.78 49.79 1011 4.098
1635088860 31.78 50.14 963 4.098
1635088920 32.27 50.07 975 4.098
1635088980 31.96 49.99 957 4.098
1635089040 31.79 49.85 938 4.092
1635089100 31.61 50.23 908 4.092
1635089160 31.55 51.12 938 4.092
1635089220 31.44 51.78 685 4.092
1635089280 31.61 51.23 948 4.092
1635089340 31.48 51.01 944 4.092
1635089400 31.49 51.36 966 4.092
1635089460 31.53 51.13 944 4.087
1635089520 31.69 50.75 305 4.092
1635089580 31.93 50.89 540 4.087
1635089640 31.9 50.37 972 4.087
1635089700 31.82 50.52 197 4.087
1635089760 31.82 49.99 1014 4.087
1635089820 31.82 50.36 1002 4.087
1635089880 31.9 49.61 930 4.087
1635089940 31.75 49.06 396 4.082
1635090000 31.65 50.13 281 4.082
1635090060 32.1 49.36 917 4.087
1635090120 32.09 48.41 665 4.082
1635090180 32.13 48.68 233 4.082
1635090240 32.03 48.74 233 4.082
1635090300 31.82 48.78 438 4.082
1635090360 31.59 49.21 317 4.082
1635090420 31.31 49.79 396 4.082
1635090480 30.93 50.15 346 4.082
1635090540 30.74 50.31 377 4.076
1635090600 30.67 51.02 676 4.082
1635090660 30.69 50.56 911 4.076
1635090720 30.6 50.58 215 4.076
1635090780 30.59 51.3 173 4.082
1635090840 30.2 52.4 406 4.076
1635090900 30.14 53.28 911 4.076
1635090960 30.35 52.85 197 4.076
1635091020 30.4 52.37 436 4.071
1635091080 30.3 53.43 784 4.076
1635091140 30.33 53.38 1024 4.071
1635091200 30.77 52.88 981 4.076
1635091260 31.18 51.79 897 4.076
1635091320 31.39 50.9 358 4.071
1635091380 31.28 50.51 227 4.071
1635091440 31.13 50.69 191 4.082
1635091500 30.81 51.2 185 4.082
1635091560 30.59 52.47 173 4.082
1635091620 30.36 53.12 402 4.076
1635091680 30.29 53.74 1060 4.076
1635091740 30.4 53.68 1078 4.151
1635091800 30.71 52.93 1096 4.167
1635091860 30.81 53.01 1094 4.189
1635091920 30.96 53.03 1072 4.194
1635091980 31.22 52.25 1127 4.194
1635092040 31.1 52.12 1127 4.2
1635092100 31.55 51.94 1061 4.2
1635092160 31.58 52 1075 4.21
1635092220 31.64 52.36 1078 4.21
1635092280 32 51.68 1091 4.221
1635092340 32.24 50.61 1039 4.162
1635092400 32.46 50.68 993 4.151
1635092460 32.53 49.99 554 4.146
1635092520 32.39 50.28 1022 4.146
1635092580 32.63 49.27 1016 4.135
1635092640 32.9 48.78 1031 4.13
1635092700 32.84 48.41 1049 4.13
1635092760 32.8 48.53 1079 4.13
1635092820 33.1 48.05 1127 4.13
1635092880 33.61 47.24 496 4.13
1635092940 33.72 46.89 242 4.125
1635093000 33.51 46.9 230 4.125
1635093060 33.21 47.89 246 4.125
1635093120 32.47 48.8 242 4.125
1635093180 32.22 49.86 1127 4.125
1635093240 32.03 50.56 1114 4.125
1635093300 32.1 50.17 1120 4.119
1635093360 32.42 49.46 1126 4.119
1635093420 32.47 48.7 1138 4.119
1635093480 32.59 47.96 1088 4.119
1635093540 32.53 48.85 1149 4.114
1635093600 32.59 49.42 1155 4.114
1635093660 32.81 48.91 1179 4.108
1635093720 33.21 48.51 1191 4.114
1635093780 33.51 47.94 355 4.108
1635093840 33.71 47.26 313 4.108
1635093900 33.25 47.57 531 4.108
1635093960 32.74 47.83 1298 4.108
1635094020 32.51 48.87 457 4.108
1635094080 32.7 48.59 1081 4.108
1635094140 32.54 49.07 361 4.108
1635094200 32.24 49.55 343 4.108
1635094260 32.15 49.97 349 4.108
1635094320 31.78 50.71 361 4.108
1635094380 31.49 51.74 373 4.108
1635094440 31.42 51.88 403 4.098
1635094500 31.28 52.06 343 4.103
1635094560 31.27 52.35 397 4.103
1635094620 31.38 52.54 361 4.103
1635094680 31.42 52.39 361 4.103
1635094740 31.24 52.4 1260 4.103
1635094800 31.28 52.07 379 4.098
1635094860 31.42 51.99 499 4.098
1635094920 31.58 51.51 1114 4.098
1635094980 31.9 50.88 1102 4.103
1635095040 31.75 50.38 1060 4.098
1635095100 31.76 49.76 1024 4.098
1635095160 31.81 49.85 1024 4.098
1635095220 31.86 49.42 1034 4.098
1635095280 32.12 49.46 1054 4.098
1635095340 32.24 49.27 1052 4.162
1635095400 32.54 48.86 1057 4.184
1635095460 32.56 49.23 1067 4.194
1635095520 32.73 48.68 1079 4.2
1635095580 32.87 48.29 1106 4.21
1635095640 33.15 47.89 1088 4.162
1635095700 33.02 47.94 1207 4.151
1635095760 32.61 47.62 1036 4.146
1635095820 32.75 48.17 1204 4.141
1635095880 32.78 48.44 290 4.141
1635095940 32.83 48.49 296 4.135
1635096000 32.44 48.54 1191 4.135
1635096060 32.19 49.7 1155 4.135
1635096120 32.13 50.36 1135 4.13
1635096180 32.24 50.68 1145 4.13
1635096240 32.44 50.08 390 4.141
1635096300 32.47 49.52 412 4.135
1635096360 32.42 49.17 382 4.13
1635096420 32.22 50.15 260 4.13
1635096480 32.12 50.67 248 4.13
1635096540 31.93 51.12 370 4.13
1635096600 31.82 51.84 338 4.13
1635096660 31.73 51.71 612 4.13
1635096720 31.59 52.55 587 4.125
1635096780 31.55 52.74 703 4.125
1635096840 31.64 52.6 1126 4.125
1635096900 31.79 52.55 1212 4.125
1635096960 31.69 52.21 508 4.125
1635097020 31.82 52.46 1182 4.119
1635097080 32.03 52.12 1240 4.119
1635097140 32.24 51.61 356 4.114
1635097200 31.71 52.39 325 4.119
1635097260 31.28 54.02 314 4.119
1635097320 31.32 53.8 295 4.114
1635097380 30.96 54.47 302 4.114
1635097440 30.86 54.55 331 4.119
1635097500 30.63 54.83 283 4.114
1635097560 30.56 55.2 277 4.114
1635097620 30.3 55.44 271 4.114
1635097680 29.88 56.72 252 4.114
1635097740 29.55 58.07 265 4.114
1635097800 29.63 57.9 265 4.114
1635097860 29.57 57.97 259 4.108
1635097920 29.64 57.77 252 4.108
1635097980 29.65 57.89 265 4.108
1635098040 29.79 57.4 259 4.119
1635098100 29.74 57.7 265 4.119
1635098160 29.81 57.92 283 4.114
1635098220 29.6 58.25 361 4.114
1635098280 29.48 58.26 615 4.108
1635098340 29.55 58.3 1087 4.108
1635098400 29.91 57.74 319 4.108
1635098460 30.23 56.48 271 4.108
1635098520 30.25 55.88 259 4.108
1635098580 30.23 55.96 283 4.108
1635098640 30.26 56.27 905 4.103
1635098700 30.25 56.11 1159 4.108
1635098760 30.35 55.88 1139 4.108
1635098820 30.4 55.52 995 4.103
1635098880 30.76 54.89 1115 4.103
1635098940 30.66 54.94 1109 4.098
1635099000 31.07 54.23 710 4.103
1635099060 31.57 53.45 385 4.098
1635099120 31.65 52.33 331 4.098
1635099180 31.49 52.48 367 4.103
1635099240 31.14 51.94 361 4.098
1635099300 30.74 53.6 650 4.098
1635099360 30.57 53.58 373 4.098
1635099420 30.66 53.59 325 4.098
1635099480 30.49 53.87 451 4.098
1635099540 30.27 54.17 259 4.098
1635099600 30.19 54.5 259 4.098
1635099660 29.92 55.21 277 4.098
1635099720 29.96 55.46 259 4.098
1635099780 29.96 55.5 246 4.098
1635099840 29.85 55.24 293 4.092
1635099900 29.72 55.87 287 4.092
1635099960 29.78 55.63 299 4.092
1635100020 29.47 56.54 323 4.092
1635100080 29.58 56.63 474 4.092
1635100140 29.45 56.84 534 4.092
1635100200 29.67 56.75 817 4.092
1635100260 29.85 56.2 377 4.092
1635100320 29.91 56.32 426 4.092
1635100380 29.81 56.76 317 4.092
1635100440 30.04 56.62 335 4.092
1635100500 30.14 56.18 486 4.087
1635100560 30.16 55.76 408 4.092
1635100620 30.08 55.52 871 4.087
1635100680 30.09 55.48 1076 4.087
1635100740 30.32 54.79 731 4.082
1635100800 30.66 53.94 305 4.087
1635100860 30.69 54.2 299 4.087
1635100920 30.66 53.01 299 4.087
1635100980 30.53 53.27 311 4.087
1635101040 30.2 54.2 275 4.087
1635101100 30.37 54.46 227 4.087
1635101160 30.36 54.29 209 4.087
1635101220 30.3 54.35 215 4.082
1635101280 30.18 55.21 233 4.087
1635101340 30.19 55.04 402 4.087
1635101400 30.08 54.98 1021 4.087
1635101460 30.06 55.27 305 4.082
1635101520 30.12 54.79 317 4.082
1635101580 30.11 55.07 275 4.082
1635101640 30.04 54.57 269 4.092
1635101700 29.98 55.03 265 4.092
1635101760 29.88 55.82 271 4.103
1635101820 29.85 56.11 265 4.098
1635101880 29.71 56.4 246 4.103
1635101940 29.72 56.59 271 4.103
1635102000 29.74 56.55 944 4.092
1635102060 29.72 56.44 287 4.092
1635102120 29.85 56.35 761 4.092
1635102180 29.95 55.86 522 4.087
1635102240 30.09 55.53 912 4.087
1635102300 30.05 55.48 900 4.087
1635102360 30.29 55.12 876 4.087
1635102420 30.52 54.69 448 4.087
1635102480 30.81 54.37 954 4.087
1635102540 31.02 54.34 275 4.087
1635102600 31.25 53.29 233 4.087
1635102660 31.1 53.75 203 4.087
1635102720 30.9 54.53 197 4.082
1635102780 30.91 54.28 215 4.087
1635102840 30.8 54.91 635 4.082
1635102900 30.65 54.9 623 4.082
1635102960 30.84 54.92 886 4.082
1635103020 30.46 55.81 203 4.082
1635103080 30.5 55.94 167 4.082
1635103140 30.45 55.78 161 4.082
1635103200 30.23 56.45 167 4.082
1635103260 30.2 56.82 167 4.082
1635103320 29.99 57.05 173 4.082
1635103380 29.89 57.22 167 4.082
1635103440 29.69 57.59 161 4.087
1635103500 29.75 58.31 161 4.082
1635103560 29.47 58.85 167 4.087
1635103620 29.37 59.25 167 4.087
1635103680 29.38 59.3 161 4.087
1635103740 29.18 59.52 161 4.092
1635103800 29.06 60.02 167 4.092
1635103860 29.09 60.42 173 4.092
1635103920 28.96 60.33 173 4.092
1635103980 28.89 60.65 173 4.092
1635104040 28.63 60.96 167 4.092
1635104100 28.72 61 161 4.092
1635104160 28.82 60.88 155 4.092
1635104220 28.84 61.1 149 4.092
1635104280 28.82 61.32 149 4.092
1635104340 28.76 61.78 155 4.092
1635104400 28.79 61.08 149 4.087
1635104460 28.7 61.03 155 4.092
1635104520 28.55 61.63 155 4.092
1635104580 28.46 61.1 161 4.092
1635104640 28.43 61.66 173 4.092
1635104700 28.25 62.43 204 4.098
1635104760 28.31 62.29 204 4.098
1635104820 28.32 62.15 204 4.103
1635104880 28.35 62.4 210 4.103
1635104940 28.23 62.85 222 4.103
1635105000 28.41 62.62 252 4.108
1635105060 28.46 61.99 486 4.098
1635105120 28.67 61.26 281 4.092
1635105180 28.79 60.88 287 4.092
1635105240 28.76 60.99 259 4.098
1635105300 28.73 60.81 259 4.103
1635105360 28.8 60.8 305 4.098
1635105420 28.74 60.8 323 4.092
1635105480 28.8 60.31 257 4.092
1635105540 28.76 60.71 227 4.092
1635105600 28.86 60.7 209 4.087
1635105660 28.7 60.72 203 4.087
1635105720 28.73 60.88 191 4.087
1635105780 28.8 60.76 191 4.087
1635105840 28.76 61.15 203 4.087
1635105900 28.52 61.33 209 4.087
1635105960 28.58 61.47 227 4.087
1635106020 28.59 61.34 239 4.087
1635106080 28.38 61.9 239 4.082
1635106140 28.34 61.64 257 4.092
1635106200 28.39 61.77 252 4.098
1635106260 28.53 61.15 259 4.103
1635106320 28.59 61.28 734 4.103
1635106380 28.8 60.89 638 4.103
1635106440 29.04 60.62 403 4.108
1635106500 29.12 60.17 234 4.103
1635106560 29.1 60.19 216 4.103
1635106620 29.21 59.87 198 4.108
1635106680 29.38 59.49 192 4.103
1635106740 29.28 59.33 192 4.103
1635106800 29.38 59.38 174 4.103
1635106860 29.57 59.27 162 4.103
1635106920 29.53 59.53 156 4.103
1635106980 29.48 59.41 162 4.103
1635107040 29.31 59.85 168 4.103
1635107100 29.2 59.97 186 4.103
1635107160 29.09 60.3 192 4.108
1635107220 29.04 60.31 204 4.108
1635107280 28.83 60.85 204 4.108
1635107340 28.87 60.81 210 4.108
1635107400 28.9 60.73 210 4.108
1635107460 28.97 60.5 210 4.114
1635107520 28.87 60.56 210 4.114
1635107580 28.72 60.78 216 4.114
1635107640 28.82 60.83 210 4.114
1635107700 28.87 60.61 192 4.119
1635107760 28.94 60.76 174 4.119
1635107820 28.84 60.91 174 4.114
1635107880 28.83 61.06 168 4.119
1635107940 28.93 60.97 174 4.114
1635108000 28.86 61.29 186 4.114
1635108060 28.8 61.24 192 4.119
1635108120 28.65 61.71 198 4.119
1635108180 28.73 61.78 216 4.119
1635108240 28.74 61.85 204 4.119
1635108300 28.41 62.68 192 4.119
1635108360 28.26 62.43 156 4.119
1635108420 28.38 62.69 138 4.119
1635108480 28.49 62.21 138 4.114
1635108540 28.58 62.19 120 4.114
1635108600 28.56 62.73 126 4.114
1635108660 28.72 62.76 126 4.114
1635108720 28.72 63.11 108 4.114
1635108780 28.67 62.89 90 4.114
1635108840 28.67 63.41 90 4.108
1635108900 28.56 63.32 84 4.103
1635108960 28.46 63.86 78 4.108
1635109020 28.28 63.91 84 4.108
1635109080 28.15 64.43 84 4.108
1635109140 28.19 64.33 102 4.108
1635109200 28.02 63.8 108 4.108
1635109260 28.02 64.29 114 4.108
1635109320 27.97 64.4 120 4.108
1635109380 27.92 64.76 132 4.108
1635109440 27.92 65.11 150 4.114
1635109500 28 65.22 144 4.114
1635109560 28.16 64.96 132 4.114
1635109620 28.15 64.69 126 4.108
1635109680 28.16 64.8 120 4.114
1635109740 28.19 64.88 132 4.108
1635109800 28.12 65.48 150 4.108
1635109860 28.07 65.84 156 4.114
1635109920 28.14 65.91 144 4.114
1635109980 28.19 65.86 156 4.114
1635110040 28.28 65.78 162 4.114
1635110100 28.16 65.92 162 4.114
1635110160 28.16 66.25 156 4.114
1635110220 28.07 66.3 144 4.114
1635110280 28.08 66.73 132 4.114
1635110340 28.04 67 114 4.114
1635110400 27.91 67.5 96 4.108
1635110460 27.88 67.48 90 4.108
1635110520 27.77 68.14 90 4.108
1635110580 27.95 67.91 90 4.108
1635110640 28 67.76 84 4.103
1635110700 27.76 67.71 90 4.103
1635110760 27.63 68 108 4.103
1635110820 27.34 68.6 114 4.108
1635110880 27.27 69.04 120 4.108
1635110940 27.43 68.98 114 4.108
1635111000 27.49 68.9 132 4.108
1635111060 27.47 68.59 144 4.108
1635111120 27.6 68.53 150 4.108
1635111180 27.67 68.54 150 4.108
1635111240 27.78 68.22 156 4.108
1635111300 27.67 68.41 144 4.114
1635111360 27.63 68.43 138 4.114
1635111420 27.77 68.15 138 4.114
1635111480 27.81 68.02 138 4.108
1635111540 27.8 68.1 138 4.108
1635111600 27.84 67.89 126 4.108
1635111660 27.88 67.94 120 4.108
1635111720 27.77 68.15 114 4.108
1635111780 27.71 68.47 114 4.108
1635111840 27.78 68.42 108 4.108
1635111900 27.88 68.02 102 4.108
1635111960 27.94 67.75 96 4.108
1635112020 27.94 67.61 84 4.108
1635112080 27.78 67.82 78 4.103
1635112140 27.78 68.07 66 4.108
1635112200 27.84 68.03 60 4.103
1635112260 27.74 68.11 54 4.108
1635112320 27.57 68.57 48 4.103
1635112380 27.6 68.6 48 4.103
1635112440 27.58 68.59 42 4.103
1635112500 27.6 68.65 36 4.103
1635112560 27.6 68.75 36 4.098
1635112620 27.43 69.27 30 4.103
1635112680 27.49 69.34 30 4.098
1635112740 27.32 69.66 30 4.103
1635112800 27.29 70.11 30 4.103
1635112860 27.39 70.04 30 4.103
1635112920 27.32 69.81 30 4.098
1635112980 27.3 69.74 30 4.103
1635113040 27.3 69.93 30 4.098
1635113100 27.3 69.9 24 4.098
1635113160 27.25 70.14 24 4.098
1635113220 27.25 70.16 24 4.098
1635113280 27.22 70.2 24 4.103
1635113340 27.25 70.26 22 4.092
1635113400 27.23 70.25 22 4.092
1635113460 27.17 70.37 18 4.098
1635113520 27.22 70.31 16 4.098
1635113580 27.12 70.67 16 4.098
1635113640 27.02 70.79 12 4.098
1635113700 26.98 71.13 10 4.098
1635113760 26.95 71.24 12 4.092
1635113820 27 71.14 12 4.092
1635113880 26.95 71.42 12 4.092
1635113940 26.93 71.27 4 4.092
1635114000 26.95 71.31 6 4.098
1635114060 26.93 71.09 4 4.098
1635114120 26.9 71.19 6 4.098
1635114180 26.59 71.63 4 4.092
1635114240 26.54 72.17 4 4.092
1635114300 26.58 72 4 4.092
1635114360 26.63 71.98 4 4.092
1635114420 26.66 71.84 4 4.092
1635114480 26.61 72.22 0 4.092
1635114540 26.35 72.75 0 4.092
1635114600 26.2 73.47 0 4.092
1635114660 26.03 74.43 0 4.092
1635114720 26.21 74.01 0 4.092
1635114780 26.13 74.32 0 4.092
1635114840 26.25 74.01 0 4.092
1635114900 26.1 74.43 0 4.092
1635114960 25.97 75.01 0 4.087
1635115020 26.07 74.72 0 4.087
1635115080 26.2 74.42 0 4.092
1635115140 26.3 74.11 0 4.087
1635115200 26.35 73.84 0 4.087
1635115260 26.15 74.63 0 4.087
1635115320 26.2 74.61 0 4.087
1635115380 26.27 74.5 0 4.087
1635115440 26.13 74.64 0 4.087
1635115500 25.95 75.59 0 4.087
1635115560 25.93 75.31 0 4.087
1635115620 25.72 76.37 0 4.087
1635115680 25.83 76.03 0 4.087
1635115740 25.94 75.73 0 4.087
1635115800 25.93 75.71 0 4.087
1635115860 25.97 75.7 0 4.087
1635115920 25.9 75.73 0 4.087
1635115980 25.91 75.71 0 4.082
1635116040 25.73 76.17 0 4.082
1635116100 25.81 76.02 0 4.082
1635116160 25.91 75.7 0 4.082
1635116220 25.83 75.73 0 4.082
1635116280 25.87 75.57 0 4.082
1635116340 25.67 76.58 0 4.082
1635116400 25.81 76.19 0 4.082
1635116460 25.77 76.14 0 4.082
1635116520 25.9 75.83 0 4.082
1635116580 25.81 76.2 0 4.087
1635116640 25.95 75.85 0 4.082
1635116700 26.03 75.65 0 4.082
1635116760 26.07 75.57 0 4.082
1635116820 26.17 74.96 0 4.082
1635116880 26.05 75.34 0 4.082
1635116940 26.01 75.36 0 4.076
1635117000 25.91 75.82 0 4.076
1635117060 25.87 75.64 0 4.082
1635117120 25.59 76.3 0 4.082
1635117180 25.66 76.72 0 4.082
1635117240 25.56 76.86 0 4.076
1635117300 25.53 76.91 0 4.082
1635117360 25.52 77.12 0 4.082
1635117420 25.47 77.33 0 4.082
1635117480 25.4 77.39 0 4.082
1635117540 25.39 77.84 0 4.076
1635117600 25.34 77.84 0 4.082
1635117660 25.19 77.99 0 4.082
1635117720 25.18 78.32 0 4.076
1635117780 25.05 78.79 0 4.082
1635117840 25.04 79.09 0 4.076
1635117900 25.04 78.87 0 4.076
1635117960 25.04 78.8 0 4.076
1635118020 25.12 78.99 0 4.076
1635118080 25.16 78.61 0 4.076
1635118140 25.11 78.72 0 4.076
1635118200 25.15 78.74 0 4.076
1635118260 25.11 78.86 0 4.076
1635118320 25.13 78.91 0 4.076
1635118380 25.15 78.63 0 4.076
1635118440 25.06 78.72 0 4.076
1635118500 25.05 79.02 0 4.076
1635118560 25.05 78.83 0 4.076
1635118620 25.05 78.84 0 4.076
1635118680 25.01 79 0 4.076
1635118740 24.98 79.13 0 4.071
1635118800 24.96 79.23 0 4.071
1635118860 24.96 79.26 0 4.071
1635118920 24.93 79.3 0 4.071
1635118980 24.95 79.26 0 4.076
1635119040 24.96 79.4 0 4.071
1635119100 24.99 79.35 0 4.071
1635119160 25.02 79.27 0 4.071
1635119220 24.98 79.22 0 4.071
1635119280 24.98 79.19 0 4.076
1635119340 24.98 79.45 0 4.071
1635119400 24.99 79.16 0 4.071
1635119460 24.93 79.29 0 4.071
1635119520 24.93 79.11 0 4.071
1635119580 24.93 79.21 0 4.071
1635119640 24.96 79.25 0 4.071
1635119700 24.98 79.23 0 4.071
1635119760 24.99 79.31 0 4.071
1635119820 24.95 79.5 0 4.071
1635119880 24.93 79.64 0 4.071
1635119940 24.85 79.79 0 4.065
1635120000 24.85 79.78 0 4.071
1635120060 24.85 80.03 0 4.071
1635120120 24.86 79.94 0 4.071
1635120180 24.92 79.89 0 4.065
1635120240 24.92 79.76 0 4.071
1635120300 24.88 79.75 0 4.065
1635120360 24.81 80 0 4.071
1635120420 24.79 80.15 0 4.071
1635120480 24.83 80.17 0 4.071
1635120540 24.85 80.19 0 4.065
1635120600 24.88 79.94 0 4.065
1635120660 24.81 80.24 0 4.071
1635120720 24.79 80.19 0 4.071
1635120780 24.82 80.3 0 4.065
1635120840 24.82 80.36 0 4.065
1635120900 24.79 80.41 0 4.071
1635120960 24.83 80.49 0 4.065
1635121020 24.82 80.37 0 4.065
1635121080 24.75 80.58 0 4.065
1635121140 24.65 80.77 0 4.065
1635121200 24.62 81.09 0 4.071
1635121260 24.6 81.29 0 4.065
1635121320 24.51 81.55 0 4.065
1635121380 24.53 81.86 0 4.071
1635121440 24.51 81.67 0 4.065
1635121500 24.51 81.76 0 4.065
1635121560 24.53 81.68 0 4.065
1635121620 24.53 81.62 0 4.065
1635121680 24.58 81.73 0 4.065
1635121740 24.6 81.42 0 4.065
1635121800 24.6 81.58 0 4.065
1635121860 24.62 81.52 0 4.065
1635121920 24.61 81.4 0 4.06
1635121980 24.6 81.31 0 4.065
1635122040 24.62 81.57 0 4.065
1635122100 24.64 81.45 0 4.065
1635122160 24.67 81.43 0 4.065
1635122220 24.61 81.45 0 4.065
1635122280 24.62 81.45 0 4.065
1635122340 24.67 81.53 0 4.06
1635122400 24.65 81.21 0 4.06
1635122460 24.67 81.39 0 4.06
1635122520 24.7 81.27 0 4.065
1635122580 24.74 81.14 0 4.06
1635122640 24.74 81.04 0 4.065
1635122700 24.75 80.91 0 4.06
1635122760 24.77 80.87 0 4.065
1635122820 24.82 80.72 0 4.06
1635122880 24.7 80.65 0 4.06
1635122940 24.57 81.16 0 4.06
1635123000 24.51 81.46 0 4.06
1635123060 24.61 81.56 0 4.06
1635123120 24.62 81.23 0 4.065
1635123180 24.6 81.45 0 4.065
1635123240 24.67 81.35 0 4.055
1635123300 24.57 81.25 0 4.06
1635123360 24.55 81.58 0 4.06
1635123420 24.55 81.59 0 4.06
1635123480 24.54 81.78 0 4.06
1635123540 24.46 82.08 0 4.06
1635123600 24.38 82.27 0 4.06
1635123660 24.37 82.36 0 4.06
1635123720 24.34 82.4 0 4.06
1635123780 24.28 82.37 0 4.06
1635123840 24.31 82.44 0 4.06
1635123900 24.3 82.47 0 4.06
1635123960 24.24 82.49 0 4.06
1635124020 24.23 82.5 0 4.06
1635124080 24.24 82.74 0 4.055
1635124140 24.16 82.64 0 4.055
1635124200 24.13 82.69 0 4.06
1635124260 24.13 82.81 0 4.055
1635124320 24.16 82.87 0 4.055
1635124380 24.13 82.79 0 4.06
1635124440 24.14 82.81 0 4.06
1635124500 24.16 82.78 0 4.055
1635124560 24.14 82.69 0 4.055
1635124620 24.16 82.63 0 4.055
1635124680 24.19 82.67 0 4.055
1635124740 24.2 82.59 0 4.06
1635124800 24.21 82.58 0 4.055
1635124860 24.24 82.42 0 4.055
1635124920 24.26 82.21 0 4.06
1635124980 24.24 81.87 0 4.055
1635125040 24.3 81.98 0 4.049
1635125100 24.31 81.68 0 4.055
1635125160 24.32 81.61 0 4.055
1635125220 24.3 81.53 0 4.055
1635125280 24.28 81.48 0 4.055
1635125340 24.27 81.36 0 4.055
1635125400 24.21 81.53 0 4.055
1635125460 24.2 81.52 0 4.055
1635125520 24.23 81.57 0 4.055
1635125580 24.19 81.63 0 4.055
1635125640 24.17 81.44 0 4.055
1635125700 24.14 81.65 0 4.055
1635125760 24.11 81.94 0 4.055
1635125820 24.14 81.74 0 4.055
1635125880 24.16 81.57 0 4.055
1635125940 24.16 81.49 0 4.049
1635126000 24.17 81.52 0 4.049
1635126060 24.14 81.65 0 4.049
1635126120 24.16 81.7 0 4.049
1635126180 24.16 81.59 0 4.055
1635126240 24.21 81.63 0 4.049
1635126300 24.2 81.65 0 4.055
1635126360 24.2 81.69 0 4.055
1635126420 24.21 81.64 0 4.055
1635126480 24.27 81.55 0 4.055
1635126540 24.23 81.69 0 4.055
1635126600 24.3 81.69 0 4.055
1635126660 24.35 81.61 0 4.049
1635126720 24.32 81.53 0 4.049
1635126780 24.27 81.73 0 4.049
1635126840 24.3 81.82 0 4.049
1635126900 24.31 81.58 0 4.049
1635126960 24.3 81.62 0 4.049
1635127020 24.26 81.7 0 4.049
1635127080 24.26 81.79 0 4.049
1635127140 24.23 81.84 0 4.049
1635127200 24.24 81.89 0 4.049
1635127260 24.26 81.89 0 4.049
1635127320 24.26 82.06 0 4.049
1635127380 24.27 82.03 0 4.049
1635127440 24.27 82.05 0 4.049
1635127500 24.2 82.19 0 4.049
1635127560 24.2 82.32 0 4.049
1635127620 24.19 82.32 0 4.049
1635127680 24.21 82.59 0 4.049
1635127740 24.16 82.84 0 4.044
1635127800 24.14 83.14 0 4.049
1635127860 24.13 83.35 0 4.049
1635127920 24.13 83.34 0 4.044
1635127980 24.13 83.47 0 4.049
1635128040 24.09 83.54 0 4.049
1635128100 24.1 83.55 0 4.049
1635128160 24.13 83.46 0 4.044
1635128220 24.11 83.37 0 4.049
1635128280 24.11 83.45 0 4.049
1635128340 24.07 83.36 0 4.049
1635128400 24.07 83.23 0 4.049
1635128460 24.07 83.3 0 4.044
1635128520 24.01 82.98 0 4.049
1635128580 24 83.22 0 4.049
1635128640 23.99 83.23 0 4.044
1635128700 24 83.08 0 4.044
1635128760 23.89 82.62 0 4.044
1635128820 23.83 82.91 0 4.044
1635128880 23.86 82.74 0 4.044
1635128940 23.86 82.91 0 4.044
1635129000 23.86 82.88 0 4.044
1635129060 23.93 82.87 0 4.044
1635129120 23.9 82.67 0 4.044
1635129180 23.95 82.64 0 4.044
1635129240 23.89 82.67 0 4.044
1635129300 23.9 82.66 0 4.044
1635129360 23.92 82.61 0 4.044
1635129420 23.92 82.69 0 4.044
1635129480 23.92 82.7 0 4.044
1635129540 23.92 82.85 0 4.039
1635129600 23.93 82.66 0 4.039
1635129660 23.9 82.51 0 4.044
1635129720 23.86 82.82 0 4.044
1635129780 23.86 82.81 0 4.044
1635129840 23.86 82.8 0 4.044
1635129900 23.87 82.71 0 4.044
1635129960 23.84 82.27 0 4.044
1635130020 23.81 82.04 0 4.044
1635130080 23.8 81.87 0 4.044
1635130140 23.8 81.77 0 4.044
1635130200 23.81 81.66 0 4.044
1635130260 23.83 81.66 0 4.039
1635130320 23.83 81.52 0 4.044
1635130380 23.86 81.59 0 4.039
1635130440 23.86 81.69 0 4.039
1635130500 23.83 81.68 0 4.039
1635130560 23.83 81.68 0 4.044
1635130620 23.84 81.6 0 4.039
1635130680 23.87 81.65 0 4.044
1635130740 23.87 81.47 0 4.044
1635130800 23.86 81.54 0 4.039
1635130860 23.89 81.46 0 4.039
1635130920 23.87 81.53 0 4.039
1635130980 23.9 81.43 0 4.044
1635131040 23.9 81.34 0 4.039
1635131100 23.89 81.04 0 4.039
1635131160 23.92 81.14 0 4.039
1635131220 23.92 81.22 0 4.039
1635131280 23.89 81.13 0 4.039
1635131340 23.93 81.17 0 4.039
1635131400 23.96 80.88 0 4.039
1635131460 23.96 80.86 0 4.039
1635131520 23.96 81.08 0 4.039
1635131580 23.95 81.06 0 4.039
1635131640 23.97 81.06 0 4.039
1635131700 23.96 81.05 0 4.039
1635131760 23.96 80.95 0 4.039
1635131820 24 80.92 0 4.039
1635131880 23.99 80.81 0 4.039
1635131940 23.96 80.79 0 4.033
1635132000 23.99 80.84 0 4.039
1635132060 23.99 80.66 0 4.039
1635132120 23.97 80.52 0 4.039
1635132180 23.95 80.65 0 4.039
1635132240 23.96 80.52 0 4.033
1635132300 23.96 80.44 0 4.033
1635132360 23.97 80.35 0 4.033
1635132420 23.99 80.17 0 4.039
1635132480 23.97 80.06 0 4.039
1635132540 23.99 80.12 0 4.039
1635132600 23.97 79.86 0 4.039
1635132660 23.92 79.64 0 4.033
1635132720 23.92 79.76 0 4.033
1635132780 23.96 79.79 0 4.039
1635132840 23.93 79.6 0 4.039
1635132900 23.96 79.65 0 4.033
1635132960 23.96 79.66 0 4.039
1635133020 23.97 79.6 0 4.039
1635133080 24.01 79.32 0 4.033
1635133140 24.06 79.24 0 4.033
1635133200 24.07 79.14 0 4.033
1635133260 24.09 79.25 0 4.033
1635133320 24.06 79.09 0 4.039
1635133380 24 79.14 0 4.039
1635133440 24.03 79.06 0 4.033
1635133500 24.06 78.92 0 4.033
1635133560 24.1 78.99 0 4.033
1635133620 24.14 78.84 0 4.033
1635133680 24.14 78.57 0 4.033
1635133740 24.16 78.64 0 4.033
1635133800 24.16 78.66 0 4.033
1635133860 24.14 78.49 0 4.033
1635133920 24.14 78.49 0 4.033
1635133980 24.16 78.45 0 4.033
1635134040 24.19 78.58 0 4.033
1635134100 24.16 78.55 0 4.028
1635134160 24.13 78.41 0 4.033
1635134220 24.16 78.5 0 4.033
1635134280 24.13 78.71 0 4.033
1635134340 24.07 78.91 0 4.033
1635134400 24.06 79.07 0 4.033
1635134460 24.07 79.1 0 4.033
1635134520 24.04 79.07 0 4.033
1635134580 24.04 79.02 0 4.033
1635134640 24.04 79.02 0 4.033
1635134700 24.04 78.87 0 4.033
1635134760 24.03 78.82 0 4.033
1635134820 24 78.72 0 4.033
1635134880 24 78.15 0 4.033
1635134940 23.97 78.15 0 4.028
1635135000 23.96 78.16 0 4.033
1635135060 24.01 78.15 0 4.028
1635135120 24.03 78.3 0 4.033
1635135180 24 78.35 0 4.033
1635135240 24 78.43 0 4.033
1635135300 23.96 78.58 0 4.033
1635135360 23.95 78.73 0 4.028
1635135420 23.92 78.82 0 4.033
1635135480 23.93 78.98 0 4.033
1635135540 23.89 79.03 0 4.033
1635135600 23.9 78.98 0 4.028
1635135660 23.89 79.28 0 4.033
1635135720 23.84 79.34 0 4.033
1635135780 23.87 79.15 0 4.033
1635135840 23.87 79.29 0 4.028
1635135900 23.84 79.36 0 4.028
1635135960 23.84 79.48 0 4.028
1635136020 23.83 79.52 0 4.028
1635136080 23.84 79.75 0 4.028
1635136140 23.8 79.99 0 4.028
1635136200 23.8 80.15 0 4.028
1635136260 23.75 80.23 0 4.028
1635136320 23.72 80.24 0 4.028
1635136380 23.7 80.1 0 4.028
1635136440 23.7 80.24 0 4.028
1635136500 23.68 80.08 0 4.028
1635136560 23.66 80.02 0 4.028
1635136620 23.7 79.98 0 4.028
1635136680 23.69 79.82 0 4.028
1635136740 23.69 79.98 0 4.022
1635136800 23.7 79.98 0 4.022
1635136860 23.7 80.04 0 4.022
1635136920 23.73 80.01 0 4.028
1635136980 23.7 79.92 0 4.022
1635137040 23.73 79.82 0 4.028
1635137100 23.7 79.89 0 4.028
1635137160 23.75 80 0 4.028
1635137220 23.73 80.03 0 4.028
1635137280 23.76 80.21 0 4.028
1635137340 23.72 80.3 0 4.022
1635137400 23.79 80.55 0 4.028
1635137460 23.77 80.46 0 4.028
1635137520 23.77 80.67 0 4.028
1635137580 23.76 80.61 0 4.028
1635137640 23.76 80.78 0 4.022
1635137700 23.75 80.69 0 4.022
1635137760 23.73 80.73 0 4.022
1635137820 23.75 80.83 0 4.022
1635137880 23.77 80.68 0 4.022
1635137940 23.75 80.65 0 4.028
