1638421200 20.99 81.02 0 4.071
1638421260 20.96 81 0 4.071
1638421320 20.95 80.98 0 4.076
1638421380 20.93 80.94 0 4.071
1638421440 20.93 80.94 0 4.076
1638421500 20.95 80.97 0 4.076
1638421560 20.96 81.05 0 4.071
1638421620 20.98 81.02 0 4.076
1638421680 21 81.07 0 4.071
1638421740 21 81 0 4.071
1638421800 20.98 81.02 0 4.071
1638421860 20.95 81.07 0 4.071
1638421920 20.93 81.07 0 4.071
1638421980 20.92 81.12 0 4.076
1638422040 20.88 81.16 0 4.076
1638422100 20.88 81.22 0 4.076
1638422160 20.9 81.31 0 4.076
1638422220 20.89 81.46 0 4.076
1638422280 20.88 81.66 0 4.076
1638422340 20.83 81.8 0 4.071
1638422400 20.79 81.98 0 4.071
1638422460 20.81 82.2 0 4.071
1638422520 20.79 82.33 0 4.071
1638422580 20.77 82.47 0 4.071
1638422640 20.77 82.61 0 4.076
1638422700 20.77 82.8 0 4.071
1638422760 20.77 82.92 0 4.071
1638422820 20.77 83.13 0 4.076
1638422880 20.74 83.32 0 4.071
1638422940 20.74 83.5 0 4.076
1638423000 20.74 83.79 0 4.071
1638423060 20.74 84.05 0 4.071
1638423120 20.74 84.28 0 4.071
1638423180 20.74 84.49 0 4.071
1638423240 20.71 84.7 0 4.071
1638423300 20.72 84.94 0 4.071
1638423360 20.67 85.12 0 4.071
1638423420 20.67 85.32 0 4.071
1638423480 20.64 85.53 0 4.071
1638423540 20.61 85.65 0 4.071
1638423600 20.61 85.79 0 4.076
1638423660 20.58 85.89 0 4.071
1638423720 20.54 86.05 0 4.071
1638423780 20.55 86.15 0 4.071
1638423840 20.54 86.28 0 4.071
1638423900 20.52 86.44 0 4.071
1638423960 20.49 86.53 0 4.071
1638424020 20.48 86.65 0 4.071
1638424080 20.47 86.78 0 4.071
1638424140 20.48 86.92 0 4.071
1638424200 20.48 87.06 0 4.071
1638424260 20.44 87.15 0 4.071
1638424320 20.42 87.25 0 4.071
1638424380 20.44 87.35 0 4.076
1638424440 20.39 87.45 0 4.071
1638424500 20.39 87.53 0 4.071
1638424560 20.35 87.59 0 4.071
1638424620 20.39 87.72 0 4.071
1638424680 20.37 87.78 0 4.071
1638424740 20.38 87.87 0 4.071
1638424800 20.35 87.92 0 4.071
1638424860 20.31 87.95 0 4.076
1638424920 20.31 88 0 4.071
1638424980 20.31 88.02 0 4.071
1638425040 20.31 88.03 0 4.071
1638425100 20.24 88.05 0 4.071
1638425160 20.26 88.03 0 4.071
1638425220 20.24 87.95 0 4.071
1638425280 20.26 87.95 0 4.071
1638425340 20.28 87.85 0 4.071
1638425400 20.3 87.87 0 4.071
1638425460 20.3 87.77 0 4.071
1638425520 20.27 87.67 0 4.071
1638425580 20.28 87.67 0 4.071
1638425640 20.3 87.59 0 4.071
1638425700 20.28 87.53 0 4.071
1638425760 20.3 87.47 0 4.071
1638425820 20.3 87.43 0 4.071
1638425880 20.3 87.41 0 4.071
1638425940 20.31 87.34 0 4.071
1638426000 20.31 87.33 0 4.071
1638426060 20.3 87.29 0 4.071
1638426120 20.3 87.24 0 4.071
1638426180 20.3 87.17 0 4.071
1638426240 20.31 87.15 0 4.071
1638426300 20.28 87.1 0 4.071
1638426360 20.27 87.07 0 4.071
1638426420 20.31 87.04 0 4.071
1638426480 20.26 86.96 0 4.071
1638426540 20.26 86.98 0 4.071
1638426600 20.24 86.92 0 4.071
1638426660 20.23 86.9 0 4.071
1638426720 20.23 86.91 0 4.071
1638426780 20.2 86.86 0 4.071
1638426840 20.2 86.84 0 4.071
1638426900 20.17 86.85 0 4.071
1638426960 20.17 86.84 0 4.071
1638427020 20.14 86.8 0 4.071
1638427080 20.11 86.86 0 4.071
1638427140 20.14 86.85 0 4.071
1638427200 20.1 86.87 0 4.071
1638427260 20.1 86.86 0 4.071
1638427320 20.1 86.9 0 4.071
1638427380 20.08 86.9 0 4.071
1638427440 20.08 86.92 0 4.071
1638427500 20.04 86.95 0 4.071
1638427560 20.04 86.97 0 4.071
1638427620 20.1 86.96 0 4.071
1638427680 20.1 86.94 0 4.071
1638427740 20.08 87 0 4.071
1638427800 20.06 87.01 0 4.071
1638427860 20.04 86.98 0 4.071
1638427920 20.01 87.01 0 4.071
1638427980 20.03 87.02 0 4.071
1638428040 20.03 87.09 0 4.071
1638428100 19.97 87.12 0 4.071
1638428160 19.97 87.09 0 4.071
1638428220 19.94 87.12 0 4.071
1638428280 19.93 87.13 0 4.071
1638428340 19.88 87.16 0 4.071
1638428400 19.91 87.18 0 4.071
1638428460 19.93 87.25 0 4.071
1638428520 19.9 87.22 0 4.071
1638428580 19.88 87.24 0 4.071
1638428640 19.84 87.24 0 4.071
1638428700 19.84 87.27 0 4.071
1638428760 19.83 87.26 0 4.071
1638428820 19.83 87.3 0 4.071
1638428880 19.84 87.32 0 4.071
1638428940 19.84 87.42 0 4.071
1638429000 19.83 87.41 0 4.071
1638429060 19.81 87.44 0 4.071
1638429120 19.8 87.41 0 4.071
1638429180 19.8 87.4 0 4.071
1638429240 19.86 87.39 0 4.071
1638429300 19.86 87.37 0 4.055
1638429360 19.84 87.32 0 4.065
1638429420 19.87 87.27 0 4.071
1638429480 19.84 87.15 0 4.071
1638429540 19.86 87.1 0 4.065
1638429600 19.9 87.02 0 4.065
1638429660 19.91 86.9 0 4.065
1638429720 19.96 86.83 0 4.071
1638429780 19.96 86.79 0 4.071
1638429840 19.96 86.64 0 4.071
1638429900 19.96 86.53 0 4.071
1638429960 20 86.41 0 4.071
1638430020 20 86.32 0 4.071
1638430080 20 86.25 0 4.071
1638430140 19.97 86.14 0 4.065
1638430200 19.97 86.06 0 4.065
1638430260 20.01 86.03 0 4.071
1638430320 19.98 85.96 0 4.071
1638430380 19.98 85.89 0 4.071
1638430440 19.97 85.83 0 4.065
1638430500 19.94 85.78 0 4.071
1638430560 19.94 85.73 0 4.071
1638430620 19.96 85.67 0 4.071
1638430680 19.93 85.61 0 4.071
1638430740 19.94 85.55 0 4.071
1638430800 19.94 85.54 0 4.071
1638430860 19.96 85.49 0 4.071
1638430920 19.98 85.48 0 4.071
1638430980 20.03 85.45 0 4.071
1638431040 20 85.43 0 4.065
1638431100 20 85.4 0 4.065
1638431160 20 85.41 0 4.065
1638431220 20.01 85.37 0 4.065
1638431280 20 85.37 0 4.065
1638431340 20.01 85.37 0 4.065
1638431400 20 85.39 0 4.065
1638431460 19.98 85.42 0 4.065
1638431520 19.98 85.42 0 4.065
1638431580 19.97 85.39 0 4.071
1638431640 19.96 85.37 0 4.071
1638431700 19.93 85.39 0 4.065
1638431760 19.94 85.41 0 4.071
1638431820 19.93 85.43 0 4.071
1638431880 19.93 85.49 0 4.071
1638431940 19.93 85.53 0 4.071
1638432000 19.93 85.54 0 4.065
1638432060 19.93 85.62 0 4.065
1638432120 19.94 85.69 0 4.065
1638432180 19.96 85.73 0 4.071
1638432240 19.93 85.77 0 4.065
1638432300 19.93 85.78 0 4.065
1638432360 19.9 85.83 0 4.065
1638432420 19.94 85.84 0 4.071
1638432480 19.93 85.88 0 4.071
1638432540 19.91 85.9 0 4.065
1638432600 19.9 85.96 0 4.071
1638432660 19.88 86.03 0 4.065
1638432720 19.84 86.03 0 4.065
1638432780 19.86 86.08 0 4.071
1638432840 19.81 86.07 0 4.065
1638432900 19.79 86.08 0 4.065
1638432960 19.8 86.1 0 4.071
1638433020 19.83 86.16 0 4.065
1638433080 19.81 86.18 0 4.065
1638433140 19.83 86.22 0 4.065
1638433200 19.79 86.22 0 4.071
1638433260 19.79 86.27 0 4.065
1638433320 19.79 86.27 0 4.071
1638433380 19.76 86.29 0 4.065
1638433440 19.77 86.32 0 4.065
1638433500 19.76 86.34 0 4.065
1638433560 19.79 86.36 0 4.071
1638433620 19.8 86.43 0 4.065
1638433680 19.81 86.5 0 4.071
1638433740 19.8 86.53 0 4.065
1638433800 19.77 86.46 0 4.065
1638433860 19.76 86.5 0 4.065
1638433920 19.73 86.53 0 4.065
1638433980 19.73 86.56 0 4.065
1638434040 19.7 86.54 0 4.065
1638434100 19.69 86.54 0 4.065
1638434160 19.69 86.52 0 4.065
1638434220 19.7 86.54 0 4.065
1638434280 19.67 86.54 0 4.065
1638434340 19.7 86.56 0 4.071
1638434400 19.66 86.5 0 4.065
1638434460 19.7 86.5 0 4.065
1638434520 19.67 86.45 0 4.065
1638434580 19.7 86.42 0 4.065
1638434640 19.7 86.4 0 4.071
1638434700 19.7 86.43 0 4.065
1638434760 19.72 86.43 0 4.065
1638434820 19.72 86.43 0 4.065
1638434880 19.63 86.46 0 4.065
1638434940 19.66 86.47 0 4.065
1638435000 19.66 86.49 0 4.065
1638435060 19.7 86.51 0 4.065
1638435120 19.67 86.5 0 4.065
1638435180 19.64 86.51 0 4.065
1638435240 19.62 86.49 0 4.065
1638435300 19.62 86.53 0 4.065
1638435360 19.59 86.49 0 4.065
1638435420 19.57 86.52 0 4.065
1638435480 19.55 86.53 0 4.065
1638435540 19.53 86.55 0 4.065
1638435600 19.5 86.57 0 4.055
1638435660 19.48 86.57 0 4.065
1638435720 19.46 86.62 0 4.065
1638435780 19.46 86.63 0 4.065
1638435840 19.45 86.64 0 4.065
1638435900 19.46 86.72 0 4.065
1638435960 19.49 86.75 0 4.065
1638436020 19.49 86.81 0 4.065
1638436080 19.48 86.86 0 4.065
1638436140 19.45 86.86 0 4.065
1638436200 19.49 86.88 0 4.065
1638436260 19.5 86.93 0 4.065
1638436320 19.43 86.96 0 4.065
1638436380 19.43 87 0 4.065
1638436440 19.42 87 0 4.065
1638436500 19.43 86.98 0 4.06
1638436560 19.43 87 0 4.065
1638436620 19.49 87.04 0 4.065
1638436680 19.42 87.05 0 4.065
1638436740 19.4 87.1 0 4.065
1638436800 19.4 87.1 0 4.065
1638436860 19.39 87.1 0 4.065
1638436920 19.39 87.14 0 4.065
1638436980 19.37 87.16 0 4.065
1638437040 19.37 87.25 0 4.065
1638437100 19.36 87.27 0 4.065
1638437160 19.37 87.3 0 4.065
1638437220 19.32 87.35 0 4.065
1638437280 19.33 87.44 0 4.065
1638437340 19.32 87.47 0 4.065
1638437400 19.32 87.45 0 4.065
1638437460 19.32 87.51 0 4.065
1638437520 19.3 87.55 0 4.06
1638437580 19.29 87.65 0 4.065
1638437640 19.29 87.7 0 4.065
1638437700 19.28 87.79 0 4.065
1638437760 19.25 87.78 0 4.065
1638437820 19.23 87.81 0 4.065
1638437880 19.29 87.8 0 4.065
1638437940 19.3 87.83 0 4.065
1638438000 19.29 87.87 0 4.065
1638438060 19.3 87.93 0 4.065
1638438120 19.29 87.94 0 4.065
1638438180 19.28 87.94 0 4.065
1638438240 19.26 87.96 0 4.065
1638438300 19.26 88.02 0 4.06
1638438360 19.23 88.1 0 4.06
1638438420 19.23 88.13 0 4.06
1638438480 19.23 88.19 0 4.06
1638438540 19.21 88.22 0 4.065
1638438600 19.19 88.27 0 4.06
1638438660 19.18 88.27 0 4.065
1638438720 19.19 88.37 0 4.065
1638438780 19.19 88.41 0 4.065
1638438840 19.18 88.44 0 4.065
1638439020 19.16 88.48 0 4.065
1638439080 19.16 88.49 0 4.065
1638439140 19.13 88.5 0 4.065
1638439200 19.11 88.5 0 4.065
1638439260 19.12 88.49 0 4.065
1638439320 19.12 88.54 0 4.06
1638439380 19.11 88.48 0 4.055
1638439440 19.11 88.54 0 4.065
1638439500 19.15 88.48 0 4.06
1638439560 19.13 88.5 0 4.06
1638439620 19.13 88.51 0 4.06
1638439680 19.12 88.53 0 4.065
1638439740 19.13 88.54 0 4.065
1638439800 19.16 88.54 0 4.065
1638439860 19.16 88.56 0 4.065
1638439920 19.13 88.55 0 4.065
1638439980 19.12 88.53 0 4.065
1638440040 19.11 88.58 0 4.065
1638440100 19.12 88.55 0 4.065
1638440160 19.11 88.57 0 4.06
1638440220 19.12 88.58 0 4.055
1638440280 19.12 88.57 0 4.06
1638440340 19.09 88.59 0 4.06
1638440400 19.09 88.54 0 4.06
1638440460 19.11 88.58 0 4.06
1638440520 19.09 88.58 0 4.06
1638440580 19.06 88.59 0 4.06
1638440640 19.06 88.61 0 4.06
1638440700 19.09 88.62 0 4.065
1638440760 19.06 88.6 0 4.06
1638440820 19.06 88.65 0 4.06
1638440880 19.03 88.69 0 4.06
1638440940 19.03 88.72 0 4.06
1638441000 19.05 88.7 0 4.065
1638441060 19.02 88.77 0 4.06
1638441120 19.01 88.76 0 4.06
1638441180 19.01 88.86 0 4.06
1638441240 19.01 88.88 0 4.06
1638441300 18.99 88.89 0 4.06
1638441360 18.98 88.92 0 4.065
1638441420 18.99 88.95 0 4.06
1638441480 18.99 88.93 0 4.06
1638441540 18.99 88.98 0 4.06
1638441600 18.94 88.97 0 4.06
1638441660 18.94 88.99 0 4.06
1638441720 18.91 88.98 0 4.06
1638441780 18.92 89.03 0 4.06
1638441840 18.91 89.02 0 4.06
1638441900 18.91 89.08 0 4.06
1638441960 18.91 89.06 0 4.06
1638442020 18.9 89.12 0 4.06
1638442080 18.9 89.12 0 4.06
1638442140 18.85 89.16 0 4.06
1638442200 18.85 89.18 0 4.06
1638442260 18.84 89.21 0 4.06
1638442320 18.82 89.2 0 4.06
1638442380 18.85 89.25 0 4.06
1638442440 18.81 89.29 0 4.065
1638442500 18.82 89.27 0 4.06
1638442560 18.81 89.33 0 4.06
1638442620 18.79 89.34 0 4.06
1638442680 18.81 89.37 0 4.06
1638442740 18.78 89.4 0 4.06
1638442800 18.77 89.39 0 4.06
1638442860 18.78 89.45 0 4.06
1638442920 18.77 89.46 0 4.055
1638442980 18.75 89.49 0 4.06
1638443040 18.77 89.5 0 4.06
1638443100 18.78 89.53 0 4.06
1638443160 18.79 89.52 0 4.06
1638443220 18.82 89.56 0 4.06
1638443280 18.82 89.54 4 4.06
1638443340 18.82 89.57 0 4.06
1638443400 18.82 89.54 0 4.06
1638443460 18.82 89.56 0 4.06
1638443520 18.91 89.51 0 4.06
1638443580 18.92 89.52 0 4.065
1638443640 18.92 89.49 4 4.065
1638443700 18.92 89.46 4 4.06
1638443760 18.92 89.49 4 4.06
1638443820 18.9 89.42 4 4.055
1638443880 18.91 89.37 4 4.06
1638443940 18.97 89.32 4 4.06
1638444000 18.99 89.28 4 4.06
1638444060 19.05 89.22 4 4.06
1638444120 19.05 89.15 4 4.06
1638444180 19.08 89.09 4 4.06
1638444240 19.09 89.06 4 4.06
1638444300 19.09 89.05 4 4.06
1638444360 19.11 89.05 4 4.06
1638444420 19.08 89 4 4.06
1638444480 19.08 89 4 4.06
1638444540 19.06 89 4 4.06
1638444600 19.03 88.94 4 4.06
1638444660 19.02 88.94 10 4.06
1638444720 19.03 88.94 4 4.06
1638444780 19.02 88.9 4 4.06
1638444840 19.03 88.92 4 4.06
1638444900 19.05 88.91 4 4.06
1638444960 19.02 88.89 4 4.06
1638445020 19.02 88.86 4 4.06
1638445080 19.01 88.87 10 4.06
1638445140 19.03 88.8 4 4.06
1638445200 19.05 88.78 10 4.06
1638445260 19.06 88.73 4 4.055
1638445320 19.06 88.69 10 4.06
1638445380 19.09 88.64 10 4.06
1638445440 19.12 88.63 10 4.06
1638445500 19.08 88.58 10 4.06
1638445560 19.08 88.58 10 4.06
1638445620 19.09 88.56 10 4.055
1638445680 19.08 88.55 10 4.055
1638445740 19.08 88.55 16 4.055
1638445800 19.05 88.59 16 4.055
1638445860 19.06 88.53 16 4.06
1638445920 19.05 88.5 10 4.06
1638445980 19.06 88.52 16 4.06
1638446040 19.08 88.53 16 4.06
1638446100 19.06 88.54 16 4.06
1638446160 19.05 88.54 22 4.06
1638446220 19.06 88.5 28 4.06
1638446280 19.11 88.53 22 4.06
1638446340 19.12 88.55 28 4.06
1638446400 19.13 88.55 28 4.06
1638446460 19.18 88.56 28 4.06
1638446520 19.21 88.59 34 4.06
1638446580 19.25 88.63 34 4.055
1638446640 19.32 88.68 40 4.06
1638446700 19.35 88.7 40 4.06
1638446760 19.42 88.76 46 4.06
1638446820 19.45 88.79 40 4.06
1638446880 19.49 88.81 46 4.06
1638446940 19.52 88.88 46 4.06
1638447000 19.55 88.95 46 4.06
1638447060 19.57 88.99 52 4.06
1638447120 19.6 89.02 46 4.06
1638447180 19.66 89.03 52 4.06
1638447240 19.73 89.08 52 4.06
1638447300 19.77 89.13 52 4.06
1638447360 19.86 89.14 52 4.055
1638447420 19.88 89.14 52 4.06
1638447480 19.93 89.15 58 4.06
1638447540 19.93 89.14 58 4.06
1638447600 19.98 89.12 58 4.06
1638447660 20.06 89.07 58 4.055
1638447720 20.13 89.02 58 4.06
1638447780 20.18 88.95 58 4.06
1638447840 20.27 88.88 58 4.06
1638447900 20.31 88.76 58 4.06
1638447960 20.38 88.66 58 4.06
1638448020 20.45 88.6 58 4.055
1638448080 20.47 88.51 58 4.055
1638448140 20.49 88.41 58 4.06
1638448200 20.56 88.32 64 4.06
1638448260 20.61 88.17 64 4.06
1638448320 20.68 88.1 64 4.06
1638448380 20.77 87.93 64 4.055
1638448440 20.83 87.87 64 4.06
1638448500 20.89 87.77 64 4.06
1638448560 20.9 87.62 64 4.06
1638448620 20.96 87.44 64 4.055
1638448680 20.99 87.3 64 4.055
1638448740 21.02 87.19 70 4.055
1638448800 21.07 86.98 70 4.06
1638448860 21.16 86.86 70 4.055
1638448920 21.23 86.68 70 4.06
1638448980 21.26 86.51 70 4.06
1638449040 21.32 86.38 70 4.055
1638449100 21.36 86.22 70 4.055
1638449160 21.42 86.07 70 4.055
1638449220 21.47 85.97 70 4.055
1638449280 21.53 85.83 76 4.055
1638449340 21.53 85.67 76 4.06
1638449400 21.56 85.53 76 4.055
1638449460 21.5 85.35 76 4.055
1638449520 21.54 85.2 76 4.055
1638449580 21.61 84.96 76 4.06
1638449640 21.67 84.76 76 4.06
1638449700 21.7 84.41 76 4.06
1638449760 21.74 84.12 76 4.055
1638449820 21.79 83.93 76 4.06
1638449880 21.83 83.66 82 4.055
1638449940 21.91 83.4 76 4.06
1638450000 22 83.25 82 4.06
1638450060 22.04 82.91 82 4.06
1638450120 22.1 82.68 82 4.055
1638450180 22.14 82.45 82 4.055
1638450240 22.18 82.16 82 4.06
1638450300 22.24 81.9 82 4.06
1638450360 22.27 81.63 82 4.055
1638450420 22.32 81.37 82 4.06
1638450480 22.35 81.18 82 4.06
1638450540 22.44 80.91 82 4.055
1638450600 22.42 80.61 76 4.055
1638450660 22.51 80.31 82 4.055
1638450720 22.51 80.05 82 4.055
1638450780 22.54 79.87 82 4.055
1638450840 22.54 79.63 76 4.055
1638450900 22.55 79.4 82 4.06
1638450960 22.63 79.16 82 4.06
1638451020 22.68 78.97 82 4.055
1638451080 22.72 78.8 82 4.055
1638451140 22.78 78.76 76 4.055
1638451200 22.75 78.62 82 4.055
1638451260 22.76 78.5 82 4.055
1638451320 22.8 78.3 82 4.06
1638451380 22.86 78.16 82 4.06
1638451440 22.97 78.13 82 4.055
1638451500 22.96 78.03 82 4.055
1638451560 23 77.96 82 4.055
1638451620 23.09 77.94 82 4.055
1638451680 23.06 77.82 88 4.06
1638451740 23.07 77.62 82 4.06
1638451800 23.13 77.44 94 4.055
1638451860 23.17 77.25 88 4.055
1638451920 23.29 77.2 88 4.055
1638451980 23.36 77.13 88 4.055
1638452040 23.41 77.07 88 4.055
1638452100 23.51 77.07 88 4.055
1638452160 23.49 76.94 88 4.06
1638452220 23.53 76.86 88 4.055
1638452280 23.61 76.88 88 4.06
1638452340 23.67 76.8 88 4.055
1638452400 23.74 76.8 88 4.055
1638452460 23.7 76.76 88 4.06
1638452520 23.71 76.74 88 4.055
1638452580 23.8 76.71 88 4.055
1638452640 23.8 76.72 88 4.055
1638452700 23.8 76.69 88 4.06
1638452760 23.84 76.64 88 4.06
1638452820 23.92 76.59 88 4.06
1638452880 23.92 76.45 88 4.055
1638452940 23.94 76.34 88 4.06
1638453000 24.01 76.23 88 4.06
1638453060 24 76.05 88 4.055
1638453120 23.91 75.87 88 4.055
1638453180 23.97 75.8 88 4.055
1638453240 23.98 75.75 88 4.055
1638453300 24.02 75.73 88 4.055
1638453360 24.14 75.64 88 4.055
1638453420 24.21 75.55 94 4.06
1638453480 24.26 75.38 88 4.055
1638453540 24.31 75.23 94 4.06
1638453600 24.33 75.05 94 4.06
1638453660 24.35 74.81 94 4.055
1638453720 24.35 74.68 94 4.055
1638453780 24.32 74.57 94 4.055
1638453840 24.33 74.4 94 4.055
1638453900 24.38 74.31 94 4.055
1638453960 24.4 74.21 94 4.06
1638454020 24.45 74.15 94 4.06
1638454080 24.4 73.99 94 4.06
1638454140 24.42 73.94 94 4.055
1638454200 24.45 73.83 94 4.055
1638454260 24.43 73.7 94 4.055
1638454320 24.45 73.58 94 4.06
1638454380 24.45 73.53 94 4.055
1638454440 24.46 73.41 100 4.06
1638454500 24.49 73.34 94 4.06
1638454560 24.59 73.21 94 4.055
1638454620 24.67 73.07 100 4.055
1638454680 24.76 72.98 112 4.06
1638454740 24.76 72.77 112 4.055
1638454800 24.86 72.65 100 4.055
1638454860 24.86 72.41 100 4.055
1638454920 24.98 72.31 100 4.06
1638454980 25.04 72.21 100 4.06
1638455040 25.04 72.04 112 4.06
1638455100 25.06 71.87 147 4.055
1638455160 25.13 71.64 201 4.055
1638455220 25.2 71.56 219 4.055
1638455280 25.3 71.38 256 4.055
1638455340 25.34 71.17 268 4.06
1638455400 25.4 70.98 362 4.055
1638455460 25.56 70.85 578 4.055
1638455520 25.74 70.66 487 4.055
1638455580 25.95 70.44 453 4.055
1638455640 26.12 70.15 624 4.055
1638455700 26.14 69.83 487 4.055
1638455760 26.22 69.59 524 4.06
1638455820 26.33 69.33 548 4.055
1638455880 26.49 69.04 536 4.055
1638455940 26.43 68.71 618 4.055
1638456000 26.67 68.38 350 4.055
1638456060 26.87 68.07 207 4.06
1638456120 26.86 67.7 177 4.06
1638456180 26.86 67.38 201 4.055
1638456240 26.89 67.02 280 4.06
1638456300 26.87 66.81 350 4.06
1638456360 26.9 66.51 256 4.06
1638456420 27.01 66.3 165 4.055
1638456480 27.04 66.04 183 4.06
1638456540 27.11 65.72 137 4.055
1638456600 27.11 65.4 137 4.055
1638456660 26.86 65.16 286 4.06
1638456720 26.76 64.97 530 4.055
1638456780 26.87 64.86 643 4.055
1638456840 26.86 64.74 662 4.06
1638456900 26.96 64.58 487 4.06
1638456960 26.77 64.37 286 4.055
1638457020 26.97 64.29 237 4.055
1638457080 27.08 64.08 344 4.055
1638457140 27.1 63.92 572 4.055
1638457200 27.15 63.82 530 4.06
1638457260 27.28 63.65 387 4.055
1638457320 27.56 63.49 262 4.06
1638457380 27.65 63.26 314 4.06
1638457440 27.61 63.05 207 4.055
1638457500 27.49 62.86 153 4.055
1638457560 27.48 62.67 112 4.055
1638457620 27.56 62.55 112 4.055
1638457680 27.48 62.35 171 4.055
1638457740 27.33 62.16 153 4.055
1638457800 27.18 62.12 219 4.06
1638457860 27.18 62.1 213 4.055
1638457920 27.21 62.09 189 4.055
1638457980 27.23 62 58 4.055
1638458040 27.2 61.92 58 4.055
1638458100 27.1 61.87 40 4.055
1638458160 26.98 61.77 82 4.055
1638458220 26.97 61.75 302 4.055
1638458280 26.87 61.74 441 4.055
1638458340 26.83 61.67 423 4.06
1638458400 26.87 61.72 249 4.06
1638458460 26.98 61.69 143 4.055
1638458520 27.07 61.66 237 4.055
1638458580 27.11 61.68 201 4.06
1638458640 27.21 61.75 153 4.06
1638458700 27.38 61.73 189 4.055
1638458760 27.45 61.65 207 4.055
1638458820 27.65 61.64 243 4.055
1638458880 27.79 61.57 320 4.06
1638458940 27.71 61.54 286 4.055
1638459000 27.85 61.47 316 4.06
1638459060 27.99 61.41 356 4.06
1638459120 27.99 61.25 237 4.06
1638459180 28.03 61.1 153 4.055
1638459240 28.15 61.01 137 4.06
1638459300 28.1 60.86 131 4.055
1638459360 28.06 60.71 137 4.06
1638459420 27.99 60.56 149 4.06
1638459480 27.99 60.43 153 4.06
1638459540 27.96 60.45 171 4.06
1638459600 27.94 60.32 189 4.055
1638459660 28 60.23 167 4.06
1638459720 28.12 60.12 155 4.06
1638459780 28.13 60 167 4.06
1638459840 27.96 59.83 195 4.06
1638459900 28.06 59.75 195 4.06
1638459960 28.19 59.75 137 4.055
1638460020 28.15 59.67 171 4.06
1638460080 28.15 59.48 213 4.06
1638460140 28.22 59.37 155 4.06
1638460200 28.16 59.22 274 4.06
1638460260 28.2 59.16 256 4.06
1638460320 28.3 59.08 304 4.06
1638460380 28.37 59.08 207 4.06
1638460440 28.42 58.97 280 4.06
1638460500 28.42 58.79 304 4.06
1638460560 28.45 58.67 322 4.06
1638460620 28.59 58.58 286 4.06
1638460680 28.64 58.46 495 4.06
1638460740 28.75 58.29 530 4.06
1638460800 28.94 58.15 399 4.06
1638460860 29.01 57.98 685 4.06
1638460920 29.07 57.8 900 4.06
1638460980 29.28 57.67 1055 4.06
1638461040 29.44 57.59 1061 4.06
1638461100 29.28 57.35 1061 4.06
1638461160 29.53 57.19 1067 4.06
1638461220 29.89 57.02 1069 4.06
1638461280 30.15 56.82 1061 4.06
1638461340 30.4 56.62 835 4.06
1638461400 30.46 56.39 566 4.06
1638461460 30.34 56.12 364 4.065
1638461520 30.44 55.85 249 4.065
1638461580 30.67 55.58 352 4.06
1638461640 30.85 55.4 382 4.065
1638461700 30.89 55.21 429 4.065
1638461760 30.88 54.86 310 4.065
1638461820 30.61 54.48 710 4.06
1638461880 30.5 54.14 974 4.071
1638461940 30.47 53.91 513 4.065
1638462000 30.46 53.57 418 4.071
1638462060 30.6 53.32 298 4.071
1638462120 30.3 53.17 304 4.065
1638462180 30.15 53 274 4.065
1638462240 30.23 52.91 525 4.065
1638462300 30.23 52.88 1114 4.076
1638462360 30.23 52.78 448 4.071
1638462420 30.2 52.74 977 4.082
1638462480 30.03 52.64 1105 4.087
1638462540 29.95 52.62 1123 4.087
1638462600 30.31 52.6 918 4.087
1638462660 30.57 52.54 1118 4.092
1638462720 30.43 52.39 1149 4.092
1638462780 30.47 52.41 1120 4.092
1638462840 30.78 52.39 1144 4.092
1638462900 30.88 52.38 1058 4.098
1638462960 31.04 52.23 1042 4.092
1638463020 31.22 52.15 1132 4.071
1638463080 31.41 52.07 865 4.092
1638463140 31.41 51.94 448 4.082
1638463200 31.26 51.87 299 4.076
1638463260 31.36 51.8 334 4.076
1638463320 31.31 51.83 460 4.082
1638463380 31.18 51.88 576 4.087
1638463440 31.12 51.78 624 4.092
1638463500 30.81 51.78 1346 4.076
1638463560 30.53 51.75 685 4.092
1638463620 30.3 51.82 474 4.087
1638463680 30.23 51.85 347 4.082
1638463740 30.27 51.85 408 4.087
1638463800 30.37 51.87 486 4.087
1638463860 30.09 52.01 1249 4.108
1638463920 30.34 52.21 390 4.087
1638463980 30.5 52.48 269 4.076
1638464040 30.38 52.75 251 4.082
1638464100 30.16 52.99 239 4.076
1638464160 29.99 53.23 359 4.082
1638464220 29.85 53.49 1040 4.076
1638464280 29.72 53.8 612 4.092
1638464340 29.69 54.03 1243 4.108
1638464400 29.82 54.29 1183 4.108
1638464460 29.68 54.5 1227 4.076
1638464520 29.76 54.64 1224 4.108
1638464580 29.89 54.78 1219 4.108
1638464640 29.99 54.89 1207 4.108
1638464700 30.38 55.01 1231 4.108
1638464760 30.89 55.09 1153 4.108
1638464820 30.98 55.12 1171 4.108
1638464880 31.14 55.01 1225 4.108
1638464940 31.33 54.98 1213 4.108
1638465000 31.63 54.87 1201 4.114
1638465060 31.41 54.59 1203 4.114
1638465120 30.88 54.35 1233 4.114
1638465180 31.36 54.27 1142 4.108
1638465240 31.58 54.11 1251 4.114
1638465300 31.58 53.89 1135 4.114
1638465360 31.69 53.88 1317 4.114
1638465420 31.86 53.71 923 4.114
1638465480 31.96 53.58 656 4.103
1638465540 32 53.42 402 4.098
1638465600 31.9 53.23 341 4.092
1638465660 32.09 53.16 359 4.092
1638465720 32.1 52.97 493 4.098
1638465780 32.07 52.87 804 4.082
1638465840 31.72 52.79 371 4.098
1638465900 31.52 52.77 347 4.092
1638465960 31.52 52.76 355 4.098
1638466020 31.35 52.81 335 4.092
1638466080 30.95 52.83 323 4.092
1638466140 30.63 52.89 281 4.092
1638466200 30.36 53.03 233 4.092
1638466260 30 53.2 227 4.092
1638466320 29.69 53.43 221 4.087
1638466380 29.44 53.7 215 4.087
1638466440 29.12 54.07 209 4.087
1638466500 28.98 54.46 209 4.087
1638466560 28.91 54.89 215 4.092
1638466620 28.71 55.24 227 4.092
1638466680 28.53 55.72 233 4.092
1638466740 28.49 56.15 245 4.092
1638466800 28.42 56.62 245 4.092
1638466860 28.29 57.03 246 4.092
1638466920 28.19 57.38 251 4.092
1638466980 28.15 57.71 257 4.092
1638467040 28.19 58.2 269 4.098
1638467100 28.13 58.54 239 4.092
1638467160 28.15 58.89 233 4.092
1638467220 28.16 59.26 263 4.092
1638467280 28.2 59.63 233 4.092
1638467340 28.05 59.83 203 4.092
1638467400 28.05 60.19 185 4.087
1638467460 28 60.45 197 4.092
1638467520 27.95 60.72 257 4.092
1638467580 27.89 60.91 227 4.092
1638467640 27.92 61.17 245 4.092
1638467700 27.82 61.4 209 4.092
1638467760 27.88 61.63 173 4.092
1638467820 27.91 61.92 161 4.087
1638467880 27.82 62.11 173 4.087
1638467940 27.81 62.32 173 4.087
1638468000 27.88 62.55 179 4.092
1638468060 27.82 62.71 173 4.087
1638468120 27.75 62.86 173 4.092
1638468180 27.73 62.96 167 4.092
1638468240 27.72 63.1 167 4.092
1638468300 27.58 63.26 173 4.087
1638468360 27.55 63.43 185 4.092
1638468420 27.51 63.57 570 4.087
1638468480 27.51 63.81 367 4.092
1638468540 27.62 64.05 197 4.092
1638468600 27.69 64.27 185 4.092
1638468660 27.82 64.36 179 4.092
1638468720 27.75 64.45 179 4.092
1638468780 27.73 64.49 185 4.092
1638468840 27.76 64.51 185 4.092
1638468900 27.71 64.46 191 4.092
1638468960 27.69 64.66 197 4.092
1638469020 27.69 64.8 203 4.092
1638469080 27.66 64.79 203 4.092
1638469140 27.69 64.81 203 4.092
1638469200 27.66 64.73 197 4.092
1638469260 27.68 64.78 191 4.092
1638469320 27.62 64.84 197 4.092
1638469380 27.68 64.82 203 4.092
1638469440 27.71 64.84 203 4.098
1638469500 27.71 64.85 185 4.098
1638469560 27.69 64.89 197 4.092
1638469620 27.76 64.85 209 4.092
1638469680 27.79 64.75 203 4.092
1638469740 27.76 64.79 209 4.092
1638469800 27.79 64.83 210 4.092
1638469860 27.75 64.83 210 4.098
1638469920 27.76 64.93 209 4.092
1638469980 27.71 64.89 203 4.092
1638470040 27.65 64.89 203 4.098
1638470100 27.64 64.97 216 4.098
1638470160 27.61 65.03 216 4.098
1638470220 27.68 65.11 209 4.098
1638470280 27.73 65.17 204 4.092
1638470340 27.59 65.12 198 4.092
1638470400 27.64 65.15 203 4.092
1638470460 27.65 65.16 198 4.092
1638470520 27.55 65.11 197 4.092
1638470580 27.59 65.12 197 4.098
1638470640 27.61 65.14 191 4.092
1638470700 27.65 65.1 191 4.092
1638470760 27.61 65.12 185 4.098
1638470820 27.55 65.13 174 4.092
1638470880 27.56 65.26 155 4.092
1638470940 27.55 65.41 149 4.092
1638471000 27.51 65.45 143 4.092
1638471060 27.58 65.53 143 4.092
1638471120 27.51 65.67 161 4.092
1638471180 27.45 65.67 191 4.087
1638471240 27.43 65.75 124 4.087
1638471300 27.43 65.9 100 4.092
1638471360 27.34 65.96 82 4.087
1638471420 27.34 66.06 82 4.087
1638471480 27.28 66.22 76 4.087
1638471540 27.23 66.35 64 4.087
1638471600 27.15 66.51 58 4.087
1638471660 27.1 66.48 64 4.087
1638471720 27.08 66.49 70 4.076
1638471780 26.97 66.57 70 4.087
1638471840 26.94 66.64 82 4.087
1638471900 26.89 66.7 82 4.087
1638471960 26.77 66.79 88 4.087
1638472020 26.67 66.9 82 4.087
1638472080 26.64 67.01 76 4.087
1638472140 26.62 67.12 70 4.087
1638472200 26.54 67.25 64 4.087
1638472260 26.52 67.33 64 4.087
1638472320 26.52 67.52 64 4.087
1638472380 26.46 67.62 64 4.087
1638472440 26.42 67.72 64 4.087
1638472500 26.42 67.86 64 4.087
1638472560 26.39 67.99 70 4.087
1638472620 26.4 68.08 70 4.087
1638472680 26.36 68.19 76 4.087
1638472740 26.36 68.3 76 4.087
1638472800 26.35 68.36 82 4.087
1638472860 26.35 68.44 94 4.087
1638472920 26.35 68.53 94 4.092
1638472980 26.36 68.55 100 4.087
1638473040 26.33 68.58 106 4.092
1638473100 26.35 68.61 112 4.087
1638473160 26.32 68.58 118 4.087
1638473220 26.36 68.61 118 4.087
1638473280 26.35 68.58 131 4.092
1638473340 26.43 68.61 149 4.087
1638473400 26.47 68.63 155 4.092
1638473460 26.49 68.61 149 4.092
1638473520 26.52 68.6 124 4.092
1638473580 26.57 68.64 106 4.087
1638473640 26.57 68.61 88 4.087
1638473700 26.59 68.61 82 4.087
1638473760 26.63 68.59 70 4.087
1638473820 26.62 68.6 70 4.087
1638473880 26.67 68.59 64 4.087
1638473940 26.62 68.62 58 4.087
1638474000 26.59 68.64 52 4.087
1638474060 26.62 68.69 52 4.087
1638474120 26.66 68.78 52 4.087
1638474180 26.62 68.86 46 4.087
1638474240 26.52 68.84 46 4.087
1638474300 26.46 68.85 52 4.087
1638474360 26.43 68.98 52 4.087
1638474420 26.4 69 52 4.087
1638474480 26.4 68.97 58 4.087
1638474540 26.36 68.89 64 4.087
1638474600 26.39 68.93 64 4.087
1638474660 26.36 68.92 70 4.087
1638474720 26.35 68.89 70 4.087
1638474780 26.38 68.93 76 4.087
1638474840 26.36 68.99 70 4.087
1638474900 26.35 69.08 70 4.087
1638474960 26.33 69.16 76 4.087
1638475020 26.3 69.31 88 4.087
1638475080 26.32 69.46 88 4.087
1638475140 26.29 69.53 82 4.087
1638475200 26.26 69.72 76 4.087
1638475260 26.26 69.84 76 4.087
1638475320 26.29 69.98 76 4.087
1638475380 26.29 70.12 76 4.087
1638475440 26.3 70.25 88 4.087
1638475500 26.28 70.35 100 4.087
1638475560 26.28 70.46 106 4.087
1638475620 26.25 70.64 100 4.087
1638475680 26.26 70.83 94 4.087
1638475740 26.3 70.94 100 4.087
1638475800 26.28 70.98 100 4.087
1638475860 26.32 71.08 94 4.087
1638475920 26.33 71.17 88 4.087
1638475980 26.38 71.27 94 4.087
1638476040 26.35 71.34 100 4.087
1638476100 26.29 71.27 100 4.087
1638476160 26.3 71.34 106 4.087
1638476220 26.3 71.41 106 4.087
1638476280 26.3 71.53 106 4.087
1638476340 26.3 71.61 106 4.087
1638476400 26.28 71.67 118 4.082
1638476460 26.3 71.77 118 4.087
1638476520 26.32 71.87 124 4.087
1638476580 26.33 71.94 112 4.087
1638476640 26.33 71.99 106 4.082
1638476700 26.32 72.06 100 4.087
1638476760 26.35 72.14 100 4.087
1638476820 26.29 72.14 100 4.087
1638476880 26.22 72.21 100 4.087
1638476940 26.22 72.28 106 4.087
1638477000 26.22 72.32 124 4.087
1638477060 26.25 72.37 112 4.087
1638477120 26.29 72.46 100 4.087
1638477180 26.29 72.52 94 4.082
1638477240 26.26 72.54 82 4.082
1638477300 26.29 72.59 76 4.087
1638477360 26.23 72.56 76 4.087
1638477420 26.22 72.5 70 4.087
1638477480 26.19 72.46 70 4.087
1638477540 26.12 72.45 76 4.082
1638477600 26.12 72.47 94 4.087
1638477660 26.12 72.54 106 4.087
1638477720 26.08 72.58 124 4.087
1638477780 26.14 72.58 124 4.087
1638477840 26.15 72.59 137 4.087
1638477900 26.18 72.61 143 4.087
1638477960 26.19 72.55 209 4.087
1638478020 26.23 72.55 149 4.082
1638478080 26.28 72.5 118 4.087
1638478140 26.33 72.53 106 4.087
1638478200 26.36 72.46 94 4.087
1638478260 26.38 72.36 94 4.082
1638478320 26.32 72.31 88 4.087
1638478380 26.29 72.27 82 4.087
1638478440 26.22 72.21 76 4.087
1638478500 26.19 72.16 70 4.087
1638478560 26.15 72.09 70 4.087
1638478680 26.12 72.03 64 4.087
1638478740 26.12 72.05 64 4.087
1638478800 26.08 72.05 58 4.087
1638478860 26.02 72.02 52 4.082
1638478920 25.99 72.06 52 4.087
1638478980 25.99 72.1 46 4.076
1638479040 25.93 72.15 46 4.082
1638479100 25.92 72.08 40 4.082
1638479160 25.92 72.15 46 4.082
1638479220 25.91 72.23 46 4.082
1638479280 25.81 72.33 40 4.082
1638479340 25.79 72.36 40 4.082
1638479400 25.81 72.48 40 4.082
1638479460 25.72 72.46 40 4.082
1638479520 25.72 72.46 40 4.082
1638479580 25.72 72.44 40 4.087
1638479640 25.68 72.42 40 4.082
1638479700 25.68 72.46 40 4.082
1638479760 25.64 72.46 40 4.082
1638479820 25.67 72.61 40 4.082
1638479880 25.64 72.71 40 4.076
1638479940 25.67 72.76 46 4.082
1638480000 25.64 72.88 40 4.082
1638480060 25.64 72.9 40 4.082
1638480120 25.64 72.96 40 4.082
1638480180 25.67 73.01 34 4.082
1638480240 25.65 73.12 34 4.082
1638480300 25.6 73.24 34 4.082
1638480360 25.56 73.33 34 4.082
1638480420 25.52 73.36 34 4.082
1638480480 25.54 73.33 34 4.082
1638480540 25.52 73.33 28 4.082
1638480600 25.51 73.32 28 4.082
1638480660 25.49 73.41 28 4.082
1638480720 25.47 73.42 22 4.082
1638480780 25.44 73.53 22 4.082
1638480840 25.42 73.55 22 4.082
1638480900 25.42 73.54 22 4.082
1638480960 25.44 73.58 22 4.082
1638481020 25.41 73.57 22 4.082
1638481080 25.41 73.56 22 4.082
1638481140 25.41 73.64 22 4.082
1638481200 25.4 73.73 22 4.082
1638481260 25.37 73.88 16 4.082
1638481320 25.34 73.98 16 4.082
1638481380 25.33 74.1 22 4.076
1638481440 25.31 74.19 16 4.082
1638481500 25.31 74.34 16 4.082
1638481560 25.3 74.49 16 4.082
1638481620 25.21 74.57 16 4.082
1638481680 25.24 74.72 16 4.082
1638481740 25.18 74.78 16 4.082
1638481800 25.17 74.87 22 4.076
1638481860 25.14 74.99 22 4.082
1638481920 25.14 75.08 22 4.082
1638481980 25.1 75.1 22 4.082
1638482040 25.07 75.14 16 4.076
1638482100 25.09 75.25 16 4.082
1638482160 25.1 75.32 16 4.082
1638482220 25.04 75.35 16 4.076
1638482280 25.06 75.43 16 4.082
1638482340 25.06 75.47 16 4.082
1638482400 25.03 75.57 16 4.082
1638482460 25.03 75.64 16 4.082
1638482520 25.04 75.68 16 4.082
1638482580 25.04 75.75 16 4.076
1638482640 25.07 75.86 16 4.076
1638482700 25.06 75.93 16 4.076
1638482760 25.07 76.01 16 4.076
1638482820 25.07 76.07 16 4.082
1638482880 25.06 76.09 16 4.082
1638482940 25.03 76.13 16 4.082
1638483000 24.98 76.16 16 4.076
1638483060 25.02 76.27 16 4.082
1638483120 24.98 76.31 16 4.082
1638483180 24.98 76.43 16 4.076
1638483240 24.96 76.44 16 4.082
1638483300 24.96 76.5 16 4.082
1638483360 24.93 76.5 16 4.082
1638483420 24.91 76.56 16 4.082
1638483480 24.9 76.55 16 4.082
1638483540 24.9 76.6 16 4.082
1638483600 24.9 76.68 10 4.076
1638483660 24.9 76.69 16 4.076
1638483720 24.89 76.76 10 4.082
1638483780 24.91 76.8 16 4.076
1638483840 24.91 76.85 16 4.076
1638483900 24.89 76.86 16 4.076
1638483960 24.91 76.91 16 4.082
1638484020 24.9 76.94 16 4.082
1638484080 24.89 76.95 16 4.076
1638484140 24.87 77.01 16 4.082
1638484200 24.87 77.04 10 4.076
1638484260 24.9 77.08 10 4.082
1638484320 24.89 77.1 10 4.082
1638484380 24.87 77.09 10 4.076
1638484440 24.85 77.09 10 4.076
1638484500 24.86 77.11 10 4.076
1638484560 24.87 77.16 10 4.082
1638484620 24.83 77.16 10 4.076
1638484680 24.85 77.25 4 4.076
1638484740 24.85 77.24 4 4.076
1638484800 24.85 77.27 4 4.076
1638484860 24.86 77.31 4 4.076
1638484920 24.83 77.34 4 4.082
1638484980 24.82 77.35 4 4.076
1638485040 24.83 77.39 4 4.082
1638485100 24.79 77.43 4 4.082
1638485160 24.76 77.4 4 4.082
1638485220 24.73 77.41 4 4.082
1638485280 24.76 77.44 4 4.082
1638485340 24.77 77.48 4 4.076
1638485400 24.75 77.42 0 4.076
1638485460 24.79 77.45 0 4.082
1638485520 24.76 77.46 0 4.076
1638485580 24.75 77.44 0 4.076
1638485640 24.75 77.43 0 4.076
1638485700 24.7 77.43 0 4.082
1638485760 24.72 77.4 0 4.082
1638485820 24.73 77.36 0 4.076
1638485880 24.72 77.38 0 4.082
1638485940 24.73 77.36 0 4.076
1638486000 24.7 77.39 0 4.076
1638486060 24.72 77.34 0 4.082
1638486120 24.7 77.34 0 4.082
1638486180 24.7 77.34 0 4.076
1638486240 24.69 77.31 0 4.076
1638486300 24.69 77.29 0 4.082
1638486360 24.66 77.27 0 4.082
1638486420 24.66 77.32 0 4.082
1638486480 24.65 77.32 0 4.076
1638486540 24.58 77.37 0 4.076
1638486600 24.59 77.45 0 4.076
1638486660 24.56 77.48 0 4.076
1638486720 24.51 77.61 0 4.076
1638486780 24.46 77.65 0 4.082
1638486840 24.45 77.74 0 4.076
1638486900 24.39 77.83 0 4.082
1638486960 24.35 77.91 0 4.082
1638487020 24.29 78.04 0 4.076
1638487080 24.26 78.09 0 4.076
1638487140 24.19 78.24 0 4.076
1638487200 24.16 78.32 0 4.076
1638487260 24.15 78.41 0 4.076
1638487320 24.12 78.56 0 4.076
1638487380 24.12 78.65 0 4.076
1638487440 24.1 78.77 0 4.076
1638487500 24.07 78.84 0 4.076
1638487560 24.08 78.91 0 4.082
1638487620 24.1 78.99 0 4.082
1638487680 24.08 79.14 0 4.082
1638487740 24.05 79.24 0 4.076
1638487800 24.02 79.32 0 4.076
1638487860 23.98 79.39 0 4.076
1638487920 23.97 79.49 0 4.076
1638487980 23.95 79.56 0 4.076
1638488040 23.94 79.63 0 4.076
1638488100 23.94 79.73 0 4.076
1638488160 23.91 79.82 0 4.076
1638488220 23.89 79.94 0 4.076
1638488280 23.87 79.99 0 4.076
1638488340 23.85 80.09 0 4.076
1638488400 23.82 80.16 0 4.076
1638488460 23.85 80.29 0 4.076
1638488520 23.8 80.36 0 4.076
1638488640 23.81 80.43 0 4.076
1638488700 23.78 80.57 0 4.076
1638488760 23.77 80.66 0 4.076
1638488820 23.77 80.75 0 4.076
1638488880 23.77 80.82 0 4.076
1638488940 23.8 80.87 0 4.065
1638489000 23.72 81.05 0 4.071
1638489060 23.72 81.07 0 4.076
1638489120 23.74 81.16 0 4.076
1638489180 23.7 81.24 0 4.076
1638489240 23.72 81.35 0 4.076
1638489300 23.71 81.43 0 4.076
1638489360 23.71 81.48 0 4.076
1638489420 23.74 81.56 0 4.076
1638489480 23.75 81.6 0 4.076
1638489540 23.77 81.7 0 4.076
1638489600 23.74 81.73 0 4.076
1638489660 23.78 81.78 0 4.076
1638489720 23.78 81.84 0 4.076
1638489780 23.77 81.87 0 4.076
1638489840 23.8 81.86 0 4.071
1638489900 23.77 81.93 0 4.076
1638489960 23.8 81.96 0 4.076
1638490020 23.77 81.94 0 4.076
1638490080 23.8 82.01 0 4.076
1638490140 23.84 82.01 0 4.076
1638490200 23.82 81.93 0 4.076
1638490260 23.85 81.95 0 4.071
1638490320 23.84 81.93 0 4.076
1638490380 23.89 81.98 0 4.076
1638490440 23.87 81.96 0 4.076
1638490500 23.88 81.97 0 4.076
1638490560 23.87 81.98 0 4.076
1638490620 23.87 81.93 0 4.076
1638490680 23.82 81.87 0 4.076
1638490740 23.84 81.86 0 4.076
1638490800 23.84 81.87 0 4.076
1638490860 23.84 81.93 0 4.076
1638490920 23.82 81.98 0 4.076
1638490980 23.81 81.97 0 4.076
1638491040 23.85 81.97 0 4.076
1638491100 23.78 81.96 0 4.076
1638491160 23.82 81.98 0 4.076
1638491220 23.82 82.01 0 4.076
1638491280 23.8 82.04 0 4.071
1638491340 23.82 82.03 0 4.071
1638491400 23.85 82.04 0 4.076
1638491460 23.82 82.05 0 4.076
1638491520 23.8 82.11 0 4.076
1638491580 23.75 82.12 0 4.076
1638491640 23.75 82.13 0 4.071
1638491700 23.81 82.09 0 4.076
1638491760 23.82 82.08 0 4.076
1638491820 23.84 82.1 0 4.076
1638491880 23.82 82.07 0 4.071
1638491940 23.84 82.1 0 4.076
1638492000 23.87 82.08 0 4.076
1638492060 23.84 82.12 0 4.076
1638492120 23.82 82.11 0 4.076
1638492180 23.8 82.07 0 4.076
1638492240 23.81 82.12 0 4.071
1638492300 23.81 82.05 0 4.076
1638492360 23.78 82.08 0 4.076
1638492420 23.8 81.91 0 4.071
1638492480 23.81 81.79 0 4.076
1638492540 23.84 81.73 0 4.071
1638492600 23.82 81.65 0 4.076
1638492660 23.87 81.57 0 4.071
1638492720 23.84 81.57 0 4.076
1638492780 23.81 81.51 0 4.071
1638492840 23.81 81.44 0 4.076
1638492900 23.8 81.43 0 4.076
1638492960 23.77 81.37 0 4.076
1638493020 23.72 81.37 0 4.071
1638493080 23.71 81.27 0 4.071
1638493140 23.68 81.26 0 4.071
1638493200 23.68 81.28 0 4.076
1638493260 23.65 81.33 0 4.076
1638493320 23.63 81.38 0 4.071
1638493380 23.61 81.4 0 4.076
1638493440 23.63 81.44 0 4.071
1638493500 23.6 81.46 0 4.071
1638493560 23.59 81.5 0 4.071
1638493620 23.59 81.51 0 4.071
1638493680 23.59 81.49 0 4.071
1638493740 23.57 81.49 0 4.076
1638493800 23.57 81.53 0 4.071
1638493860 23.57 81.55 0 4.071
1638493920 23.56 81.6 0 4.071
1638493980 23.54 81.58 0 4.076
1638494040 23.54 81.6 0 4.076
1638494100 23.56 81.56 0 4.071
1638494160 23.59 81.54 0 4.076
1638494220 23.57 81.47 0 4.071
1638494280 23.56 81.43 0 4.071
1638494340 23.56 81.39 0 4.071
1638494400 23.59 81.33 0 4.076
1638494460 23.57 81.27 0 4.071
1638494520 23.56 81.24 0 4.076
1638494580 23.53 81.16 0 4.071
1638494640 23.54 81.09 0 4.071
1638494700 23.54 81.04 0 4.076
1638494760 23.53 80.99 0 4.076
1638494820 23.53 80.96 0 4.071
1638494880 23.51 80.97 0 4.071
1638494940 23.51 80.96 0 4.076
1638495000 23.51 80.95 0 4.076
1638495060 23.5 80.93 0 4.071
1638495120 23.49 80.91 0 4.076
1638495180 23.47 80.89 0 4.071
1638495240 23.49 80.9 0 4.071
1638495300 23.46 80.92 0 4.071
1638495360 23.44 80.93 0 4.076
1638495420 23.46 80.95 0 4.071
1638495480 23.5 81 0 4.071
1638495540 23.47 80.91 0 4.071
1638495600 23.49 80.91 0 4.071
1638495660 23.49 80.95 0 4.071
1638495720 23.5 80.96 0 4.071
1638495780 23.56 80.88 0 4.071
1638495840 23.56 80.76 0 4.071
1638495900 23.59 80.71 0 4.076
1638495960 23.63 80.65 0 4.076
1638496020 23.65 80.67 0 4.071
1638496080 23.67 80.59 0 4.076
1638496140 23.65 80.59 0 4.071
1638496200 23.68 80.57 0 4.071
1638496260 23.7 80.59 0 4.071
1638496320 23.7 80.56 0 4.076
1638496380 23.68 80.57 0 4.076
1638496440 23.7 80.65 0 4.071
1638496500 23.67 80.7 0 4.076
1638496560 23.67 80.72 58 4.071
1638496620 23.63 80.76 0 4.071
1638496680 23.64 80.84 0 4.076
1638496740 23.63 80.88 0 4.076
1638496800 23.6 80.96 0 4.071
1638496860 23.57 80.95 0 4.071
1638496920 23.54 81.02 0 4.071
1638496980 23.5 81.06 0 4.071
1638497040 23.51 81.12 0 4.071
1638497100 23.51 81.18 0 4.071
1638497160 23.47 81.22 0 4.071
1638497220 23.46 81.29 0 4.076
1638497280 23.46 81.29 0 4.071
1638497340 23.43 81.34 0 4.071
1638497400 23.44 81.43 0 4.071
1638497460 23.41 81.45 0 4.071
1638497520 23.4 81.49 0 4.071
1638497580 23.39 81.46 0 4.071
1638497640 23.39 81.52 0 4.071
1638497700 23.33 81.5 0 4.071
1638497760 23.34 81.48 0 4.071
1638497820 23.33 81.54 0 4.071
1638497880 23.33 81.56 0 4.071
1638497940 23.3 81.55 0 4.071
1638498000 23.31 81.6 0 4.071
1638498060 23.3 81.68 0 4.071
1638498120 23.29 81.74 0 4.071
1638498180 23.26 81.73 0 4.071
1638498240 23.24 81.74 0 4.071
1638498300 23.21 81.65 0 4.071
1638498360 23.21 81.66 0 4.071
1638498420 23.23 81.68 0 4.071
1638498480 23.19 81.73 0 4.071
1638498540 23.17 81.75 0 4.071
1638498600 23.14 81.76 0 4.071
1638498660 23.13 81.78 0 4.071
1638498720 23.12 81.84 0 4.071
1638498780 23.1 81.86 0 4.071
1638498840 23.06 81.85 0 4.071
1638498900 23.05 81.91 0 4.071
1638498960 23.03 81.95 0 4.071
1638499020 23.03 82.02 0 4.071
1638499080 22.97 82 0 4.071
1638499140 22.97 81.96 0 4.071
1638499200 22.96 81.89 0 4.071
1638499260 22.95 81.85 0 4.071
1638499320 22.92 81.87 0 4.071
1638499380 22.92 81.85 0 4.071
1638499440 22.89 81.87 0 4.071
1638499500 22.88 81.87 0 4.071
1638499560 22.89 81.94 0 4.071
1638499620 22.83 81.98 0 4.071
1638499680 22.83 82.06 0 4.071
1638499740 22.79 82.09 0 4.071
1638499800 22.78 82.12 0 4.071
1638499860 22.73 82.14 0 4.071
1638499920 22.75 82.21 0 4.071
1638499980 22.76 82.25 0 4.071
1638500040 22.78 82.32 0 4.071
1638500100 22.76 82.35 0 4.071
1638500160 22.76 82.36 0 4.071
1638500220 22.79 82.42 0 4.071
1638500280 22.73 82.48 0 4.071
1638500340 22.72 82.52 0 4.071
1638500400 22.7 82.59 0 4.071
1638500460 22.69 82.65 0 4.071
1638500520 22.7 82.65 0 4.076
1638500580 22.7 82.76 0 4.071
1638500640 22.68 82.85 0 4.071
1638500700 22.65 82.94 0 4.071
1638500760 22.65 83.01 0 4.071
1638500820 22.65 83.07 0 4.071
1638500880 22.65 83.14 0 4.071
1638500940 22.62 83.18 0 4.071
1638501000 22.62 83.3 0 4.071
1638501060 22.59 83.33 0 4.071
1638501120 22.61 83.41 0 4.071
1638501180 22.55 83.42 0 4.071
1638501240 22.52 83.49 0 4.071
1638501300 22.51 83.53 0 4.071
1638501360 22.51 83.6 0 4.071
1638501420 22.48 83.63 0 4.071
1638501480 22.48 83.72 0 4.071
1638501540 22.45 83.72 0 4.071
1638501600 22.45 83.77 0 4.071
1638501660 22.44 83.79 0 4.071
1638501720 22.41 83.83 0 4.071
1638501780 22.42 83.83 0 4.071
1638501840 22.41 83.85 0 4.071
1638501900 22.41 83.83 0 4.071
1638501960 22.38 83.86 0 4.071
1638502020 22.38 83.94 0 4.071
1638502080 22.34 83.91 0 4.071
1638502140 22.32 83.95 0 4.071
1638502200 22.35 83.94 0 4.071
1638502260 22.31 83.97 0 4.071
1638502320 22.31 84.01 0 4.071
1638502380 22.28 84.01 0 4.071
1638502440 22.25 84.02 0 4.071
1638502500 22.27 84.09 0 4.065
1638502560 22.24 84.13 0 4.071
1638502620 22.22 84.16 0 4.071
1638502680 22.21 84.2 0 4.071
1638502740 22.22 84.24 0 4.065
1638502800 22.22 84.27 0 4.071
1638502860 22.18 84.32 0 4.071
1638502920 22.19 84.35 0 4.071
1638502980 22.18 84.43 0 4.071
1638503040 22.16 84.42 0 4.071
1638503100 22.16 84.5 0 4.071
1638503160 22.14 84.54 0 4.071
1638503220 22.12 84.56 0 4.071
1638503280 22.14 84.6 0 4.065
1638503340 22.14 84.63 0 4.065
1638503400 22.11 84.7 0 4.071
1638503460 22.08 84.71 0 4.071
1638503520 22.05 84.75 0 4.071
1638503580 22.05 84.82 0 4.071
1638503640 22.04 84.86 0 4.071
1638503700 22.04 84.89 0 4.071
1638503760 22.03 84.9 0 4.071
1638503820 22 84.92 0 4.071
1638503880 22 84.99 0 4.065
1638503940 21.95 84.97 0 4.071
1638504000 22 85.03 0 4.071
1638504060 21.97 85.05 0 4.071
1638504120 21.93 85.09 0 4.071
1638504180 21.93 85.17 0 4.065
1638504240 21.87 85.18 0 4.065
1638504300 21.87 85.25 0 4.065
1638504360 21.83 85.29 0 4.071
1638504420 21.8 85.32 0 4.065
1638504480 21.8 85.34 0 4.071
1638504540 21.77 85.39 0 4.071
1638504600 21.79 85.47 0 4.071
1638504660 21.79 85.51 0 4.071
1638504720 21.76 85.54 0 4.071
1638504780 21.73 85.59 0 4.065
1638504840 21.73 85.58 0 4.071
1638504900 21.71 85.63 0 4.071
1638504960 21.73 85.63 0 4.071
1638505020 21.73 85.62 0 4.071
1638505080 21.73 85.61 0 4.071
1638505140 21.74 85.67 0 4.065
1638505200 21.7 85.68 0 4.065
1638505260 21.68 85.68 0 4.071
1638505320 21.7 85.7 0 4.071
1638505380 21.7 85.69 0 4.065
1638505440 21.65 85.74 0 4.065
1638505500 21.65 85.76 0 4.065
1638505560 21.64 85.78 0 4.065
1638505620 21.63 85.75 0 4.065
1638505680 21.63 85.77 0 4.071
1638505740 21.63 85.77 0 4.065
1638505800 21.61 85.73 0 4.071
1638505860 21.63 85.73 0 4.065
1638505920 21.65 85.74 0 4.071
1638505980 21.64 85.71 0 4.071
1638506040 21.65 85.7 0 4.071
1638506100 21.63 85.64 0 4.065
1638506160 21.65 85.66 0 4.065
1638506220 21.65 85.67 0 4.071
1638506280 21.67 85.67 0 4.065
1638506340 21.65 85.56 0 4.065
1638506400 21.7 85.46 0 4.071
1638506460 21.73 85.34 0 4.071
1638506520 21.79 85.22 0 4.065
1638506580 21.79 85.14 0 4.071
1638506640 21.83 85.02 0 4.065
1638506700 21.85 84.86 0 4.065
1638506760 21.87 84.71 0 4.071
1638506820 21.88 84.64 0 4.065
1638506880 21.93 84.52 0 4.065
1638506940 21.95 84.46 0 4.071
1638507000 21.94 84.37 0 4.065
1638507060 21.97 84.34 0 4.071
1638507120 21.95 84.24 0 4.071
1638507180 22 84.16 0 4.065
1638507240 22 84.1 0 4.065
1638507300 21.98 84.03 0 4.065
1638507360 22 83.96 0 4.065
1638507420 21.98 83.92 0 4.071
1638507480 21.98 83.9 0 4.065
1638507540 21.97 83.84 0 4.071
