1636779600 22.66 83.8 0 4.114
1636779660 22.62 83.82 0 4.114
1636779720 22.61 83.81 0 4.114
1636779780 22.61 83.83 0 4.114
1636779840 22.55 83.81 0 4.114
1636779900 22.58 83.87 0 4.114
1636779960 22.54 83.91 0 4.114
1636780020 22.52 83.97 0 4.114
1636780080 22.48 83.98 0 4.114
1636780140 22.48 84.04 0 4.114
1636780200 22.45 84.09 0 4.114
1636780260 22.46 84.15 0 4.114
1636780320 22.44 84.2 0 4.114
1636780380 22.41 84.27 0 4.114
1636780440 22.36 84.34 0 4.114
1636780500 22.35 84.44 0 4.114
1636780560 22.34 84.53 0 4.114
1636780620 22.34 84.69 0 4.114
1636780680 22.3 84.71 0 4.114
1636780740 22.28 84.84 0 4.114
1636780800 22.28 84.91 0 4.114
1636780860 22.25 84.98 0 4.119
1636780920 22.24 85.06 0 4.114
1636780980 22.27 85.14 0 4.114
1636781040 22.24 85.21 0 4.114
1636781100 22.22 85.3 0 4.114
1636781160 22.25 85.32 0 4.114
1636781220 22.24 85.44 0 4.114
1636781280 22.21 85.51 0 4.114
1636781340 22.19 85.54 0 4.114
1636781400 22.18 85.64 0 4.114
1636781460 22.14 85.68 0 4.114
1636781520 22.15 85.76 0 4.114
1636781580 22.14 85.82 0 4.114
1636781640 22.14 85.88 0 4.114
1636781700 22.1 85.96 0 4.114
1636781760 22.07 86 0 4.114
1636781820 22.04 86.07 0 4.114
1636781880 22.03 86.16 0 4.114
1636781940 22.03 86.18 0 4.114
1636782000 22.01 86.16 0 4.114
1636782060 22 86.19 0 4.114
1636782120 22.01 86.17 0 4.114
1636782180 21.98 86.17 0 4.114
1636782240 22.01 86.22 0 4.114
1636782300 22.01 86.23 0 4.114
1636782360 21.98 86.23 0 4.114
1636782420 21.98 86.23 0 4.114
1636782480 21.97 86.24 0 4.114
1636782540 21.94 86.28 0 4.114
1636782600 21.95 86.26 0 4.114
1636782660 21.93 86.33 0 4.114
1636782720 21.91 86.34 0 4.114
1636782780 21.91 86.38 0 4.114
1636782840 21.87 86.39 0 4.114
1636782900 21.85 86.46 0 4.114
1636782960 21.84 86.49 0 4.119
1636783020 21.87 86.56 0 4.114
1636783080 21.83 86.61 0 4.114
1636783140 21.83 86.64 0 4.114
1636783200 21.81 86.68 0 4.114
1636783260 21.81 86.79 0 4.114
1636783320 21.81 86.81 0 4.114
1636783380 21.81 86.84 0 4.114
1636783440 21.83 86.83 0 4.114
1636783500 21.81 86.84 0 4.114
1636783560 21.85 86.82 0 4.114
1636783620 21.87 86.76 0 4.114
1636783680 21.91 86.78 0 4.114
1636783740 21.93 86.81 0 4.114
1636783800 21.93 86.75 0 4.114
1636783860 21.93 86.75 0 4.108
1636783920 21.93 86.71 0 4.114
1636783980 21.97 86.71 0 4.114
1636784040 21.95 86.69 0 4.114
1636784100 21.98 86.7 0 4.114
1636784160 22 86.68 0 4.114
1636784220 22 86.65 0 4.114
1636784280 22.01 86.67 0 4.114
1636784340 22.01 86.65 0 4.114
1636784400 22.04 86.61 0 4.114
1636784460 22.03 86.6 0 4.114
1636784520 22.04 86.61 0 4.114
1636784580 22.04 86.59 0 4.114
1636784640 22.05 86.6 0 4.114
1636784700 22.05 86.67 0 4.114
1636784760 22.08 86.7 0 4.114
1636784820 22.1 86.7 0 4.114
1636784880 22.1 86.72 0 4.114
1636784940 22.11 86.67 0 4.114
1636785000 22.11 86.64 0 4.108
1636785060 22.11 86.61 0 4.114
1636785120 22.16 86.57 0 4.114
1636785180 22.19 86.55 0 4.114
1636785240 22.15 86.48 0 4.114
1636785300 22.15 86.39 0 4.114
1636785360 22.12 86.25 0 4.114
1636785420 22.16 86.14 0 4.108
1636785480 22.15 86.01 0 4.114
1636785540 22.16 85.96 0 4.114
1636785600 22.16 85.85 0 4.114
1636785660 22.15 85.78 0 4.114
1636785720 22.16 85.7 0 4.114
1636785780 22.18 85.64 0 4.108
1636785840 22.15 85.58 0 4.114
1636785900 22.14 85.51 0 4.114
1636785960 22.15 85.55 0 4.114
1636786020 22.14 85.49 0 4.114
1636786080 22.14 85.51 0 4.114
1636786140 22.11 85.51 0 4.114
1636786200 22.07 85.45 0 4.108
1636786260 22.08 85.41 0 4.114
1636786320 22.08 85.34 0 4.114
1636786380 22.07 85.26 0 4.114
1636786440 22.08 85.14 0 4.108
1636786500 22.07 85.04 0 4.114
1636786560 22.08 84.86 0 4.098
1636786620 22.08 84.69 0 4.108
1636786680 22.1 84.68 0 4.114
1636786740 22.11 84.71 0 4.114
1636786800 22.08 84.77 0 4.108
1636786860 22.07 84.73 0 4.114
1636786920 22.05 84.82 0 4.108
1636786980 22.01 84.79 0 4.108
1636787040 22 84.79 0 4.108
1636787100 22.01 84.76 0 4.108
1636787160 22.01 84.74 0 4.114
1636787220 22.01 84.71 0 4.108
1636787280 22.03 84.72 0 4.108
1636787340 22.01 84.69 0 4.108
1636787400 22.01 84.68 0 4.108
1636787460 22.04 84.67 0 4.108
1636787520 22 84.64 0 4.108
1636787580 21.98 84.65 0 4.114
1636787640 22 84.67 0 4.108
1636787700 22 84.66 0 4.108
1636787760 22 84.67 0 4.114
1636787820 22.04 84.76 0 4.108
1636787880 22.03 84.88 0 4.114
1636787940 22.05 84.9 0 4.108
1636788000 22.04 85 0 4.108
1636788060 22.07 85.1 0 4.108
1636788120 22.1 85.23 0 4.108
1636788180 22.08 85.36 0 4.108
1636788240 22.03 85.45 0 4.108
1636788300 22.01 85.55 0 4.108
1636788360 22.01 85.56 0 4.108
1636788420 22 85.68 0 4.108
1636788480 21.98 85.8 0 4.108
1636788540 22.04 85.96 0 4.108
1636788600 21.98 86.14 0 4.108
1636788660 21.98 86.25 0 4.108
1636788720 21.95 86.38 0 4.114
1636788780 21.93 86.53 0 4.108
1636788840 21.9 86.7 0 4.114
1636788900 21.88 86.83 0 4.108
1636788960 21.87 86.96 0 4.108
1636789020 21.85 87.07 0 4.108
1636789080 21.84 87.23 0 4.108
1636789140 21.8 87.34 0 4.108
1636789200 21.8 87.5 0 4.108
1636789260 21.79 87.57 0 4.098
1636789320 21.77 87.94 0 4.108
1636789380 21.74 88.01 0 4.108
1636789440 21.77 88.16 0 4.108
1636789500 21.73 88.33 0 4.108
1636789560 21.73 88.44 0 4.108
1636789620 21.71 88.65 0 4.114
1636789680 21.71 88.75 0 4.108
1636789740 21.73 88.88 0 4.108
1636789800 21.7 89.07 0 4.108
1636789980 21.7 89.26 0 4.108
1636790040 21.7 89.37 0 4.108
1636790100 21.65 89.53 0 4.108
1636790160 21.65 89.67 0 4.108
1636790220 21.63 89.79 0 4.108
1636790280 21.63 89.9 0 4.098
1636790340 21.63 90.23 0 4.103
1636790400 21.6 90.26 0 4.108
1636790460 21.6 90.36 0 4.103
1636790520 21.6 90.46 0 4.108
1636790580 21.57 90.56 0 4.108
1636790640 21.58 90.65 0 4.103
1636790700 21.57 90.74 0 4.108
1636790760 21.58 90.87 0 4.108
1636790820 21.54 90.87 0 4.108
1636790880 21.54 90.96 0 4.108
1636790940 21.57 91.06 0 4.108
1636791000 21.58 91.14 0 4.108
1636791060 21.57 91.18 0 4.108
1636791120 21.56 91.23 0 4.108
1636791180 21.56 91.33 0 4.103
1636791240 21.54 91.34 0 4.108
1636791300 21.5 91.42 0 4.108
1636791360 21.52 91.44 0 4.108
1636791420 21.49 91.51 0 4.108
1636791480 21.46 91.55 0 4.108
1636791540 21.47 91.61 0 4.108
1636791600 21.49 91.67 0 4.108
1636791660 21.47 91.65 0 4.108
1636791720 21.44 91.75 0 4.108
1636791780 21.44 91.77 0 4.108
1636791840 21.46 91.79 0 4.108
1636791900 21.46 91.88 0 4.108
1636791960 21.46 91.94 0 4.108
1636792020 21.43 91.94 0 4.108
1636792080 21.42 91.94 0 4.103
1636792140 21.4 92.02 0 4.108
1636792200 21.39 92.06 0 4.108
1636792260 21.39 92.08 0 4.108
1636792320 21.33 92.08 0 4.108
1636792380 21.3 92.1 0 4.108
1636792440 21.28 92.07 0 4.108
1636792500 21.29 92.09 0 4.108
1636792560 21.29 92.09 0 4.108
1636792620 21.32 92.08 0 4.108
1636792680 21.32 92.04 0 4.108
1636792740 21.26 92.02 0 4.108
1636792800 21.33 91.97 0 4.108
1636792860 21.34 92 0 4.103
1636792920 21.3 91.95 0 4.103
1636792980 21.3 91.87 0 4.103
1636793040 21.26 91.88 0 4.103
1636793100 21.19 91.77 0 4.108
1636793160 21.23 91.64 0 4.108
1636793220 21.25 91.55 0 4.108
1636793280 21.22 91.45 0 4.103
1636793340 21.26 91.38 0 4.103
1636793400 21.2 91.29 0 4.108
1636793460 21.23 91.21 0 4.103
1636793520 21.22 91.08 0 4.108
1636793580 21.23 91 0 4.108
1636793640 21.2 90.96 0 4.108
1636793700 21.18 90.85 0 4.108
1636793760 21.16 90.78 0 4.108
1636793820 21.1 90.69 0 4.108
1636793880 21.07 90.6 0 4.103
1636793940 21.03 90.47 0 4.108
1636794000 21.05 90.33 0 4.108
1636794060 21.06 90.17 0 4.108
1636794120 21.07 90.05 0 4.108
1636794180 21.09 89.91 0 4.108
1636794240 21.06 89.85 0 4.108
1636794300 21.1 89.84 0 4.108
1636794360 21.07 89.69 0 4.108
1636794420 21.06 89.64 0 4.108
1636794480 21.06 89.59 0 4.103
1636794540 21.05 89.53 0 4.103
1636794600 21.06 89.5 0 4.108
1636794660 21.06 89.41 0 4.108
1636794720 21.05 89.41 0 4.103
1636794780 21.06 89.36 0 4.103
1636794840 21.05 89.33 0 4.103
1636794900 21.07 89.27 0 4.103
1636794960 21.06 89.22 0 4.108
1636795020 21.06 89.22 0 4.108
1636795080 21.07 89.23 0 4.108
1636795140 21.07 89.19 0 4.103
1636795200 21.03 89.18 0 4.103
1636795260 21 89.12 0 4.108
1636795320 20.98 89.05 0 4.108
1636795380 20.98 88.96 0 4.108
1636795440 20.98 88.91 0 4.103
1636795500 20.98 88.81 0 4.108
1636795560 20.98 88.73 0 4.103
1636795620 20.93 88.56 0 4.108
1636795680 20.96 88.43 0 4.108
1636795740 20.98 88.3 0 4.103
1636795800 20.98 88.26 0 4.103
1636795860 20.98 88.14 0 4.108
1636795920 20.95 88.03 0 4.103
1636795980 20.92 87.85 0 4.103
1636796040 20.95 87.71 0 4.108
1636796100 20.95 87.6 0 4.103
1636796160 20.96 87.53 0 4.103
1636796220 20.95 87.47 0 4.103
1636796280 20.95 87.45 0 4.103
1636796340 20.93 87.43 0 4.103
1636796400 20.92 87.42 0 4.108
1636796460 20.9 87.39 0 4.108
1636796520 20.85 87.32 0 4.108
1636796580 20.83 87.26 0 4.103
1636796640 20.81 87.13 0 4.103
1636796700 20.81 87.05 0 4.103
1636796760 20.85 86.98 0 4.103
1636796820 20.82 86.89 0 4.103
1636796880 20.85 86.81 0 4.103
1636796940 20.83 86.74 0 4.108
1636797000 20.79 86.63 0 4.103
1636797060 20.83 86.55 0 4.108
1636797120 20.81 86.58 0 4.103
1636797180 20.78 86.56 0 4.103
1636797240 20.79 86.61 0 4.103
1636797300 20.78 86.62 0 4.103
1636797360 20.79 86.66 0 4.103
1636797420 20.77 86.7 0 4.103
1636797480 20.81 86.79 0 4.103
1636797540 20.77 86.86 0 4.103
1636797600 20.79 87 0 4.103
1636797660 20.72 87.07 0 4.103
1636797720 20.71 87.14 0 4.103
1636797780 20.71 87.28 0 4.103
1636797840 20.71 87.45 0 4.108
1636797900 20.68 87.6 0 4.103
1636797960 20.65 87.73 0 4.108
1636798020 20.64 87.91 0 4.103
1636798080 20.62 88.15 0 4.108
1636798140 20.61 88.31 0 4.103
1636798200 20.59 88.47 0 4.103
1636798260 20.58 88.69 0 4.103
1636798320 20.55 88.87 0 4.103
1636798380 20.55 89.01 0 4.103
1636798440 20.52 89.17 0 4.103
1636798500 20.52 89.33 0 4.103
1636798560 20.52 89.49 0 4.103
1636798620 20.51 89.69 0 4.103
1636798680 20.44 89.81 0 4.103
1636798740 20.37 89.89 0 4.103
1636798800 20.35 89.93 0 4.108
1636798860 20.35 89.99 0 4.108
1636798920 20.34 89.99 0 4.103
1636798980 20.35 90.06 0 4.103
1636799040 20.35 90.06 0 4.108
1636799100 20.37 90.12 0 4.103
1636799160 20.31 90.12 0 4.103
1636799220 20.27 90.14 0 4.103
1636799280 20.21 90.1 0 4.103
1636799340 20.17 89.99 0 4.103
1636799400 20.21 89.9 0 4.103
1636799460 20.28 89.83 0 4.103
1636799520 20.27 89.76 0 4.103
1636799580 20.3 89.72 0 4.103
1636799640 20.3 89.69 0 4.103
1636799700 20.24 89.62 0 4.103
1636799760 20.2 89.51 0 4.103
1636799820 20.21 89.4 0 4.103
1636799880 20.24 89.28 0 4.103
1636799940 20.26 89.12 0 4.103
1636800000 20.23 88.95 0 4.103
1636800060 20.28 88.78 0 4.103
1636800120 20.32 88.7 0 4.103
1636800180 20.35 88.58 0 4.103
1636800240 20.38 88.49 0 4.103
1636800300 20.34 88.39 0 4.103
1636800360 20.37 88.28 0 4.103
1636800420 20.37 88.22 0 4.103
1636800480 20.34 88.18 0 4.103
1636800540 20.35 88.11 0 4.103
1636800600 20.35 88.02 0 4.103
1636800660 20.34 87.99 0 4.103
1636800720 20.35 87.95 0 4.103
1636800780 20.34 87.88 0 4.103
1636800840 20.35 87.85 0 4.103
1636800900 20.31 87.86 0 4.103
1636800960 20.31 87.82 0 4.103
1636801020 20.28 87.81 0 4.103
1636801080 20.32 87.88 0 4.098
1636801140 20.3 87.91 6 4.098
1636801200 20.26 87.96 0 4.098
1636801260 20.23 88 0 4.103
1636801320 20.26 88 0 4.103
1636801380 20.23 88.05 6 4.103
1636801440 20.24 88.06 6 4.103
1636801500 20.2 88.08 0 4.103
1636801560 20.18 88.1 6 4.103
1636801620 20.2 88.08 6 4.103
1636801680 20.2 88.07 6 4.103
1636801740 20.18 88.14 6 4.103
1636801800 20.24 88.2 6 4.098
1636801860 20.26 88.22 6 4.103
1636801920 20.26 88.24 6 4.103
1636801980 20.26 88.24 6 4.098
1636802040 20.27 88.27 6 4.103
1636802100 20.28 88.33 6 4.103
1636802160 20.32 88.36 6 4.103
1636802220 20.32 88.37 6 4.103
1636802280 20.3 88.4 12 4.103
1636802340 20.3 88.42 12 4.103
1636802400 20.28 88.35 12 4.103
1636802460 20.27 88.33 12 4.103
1636802520 20.27 88.29 12 4.103
1636802580 20.28 88.25 18 4.103
1636802640 20.35 88.23 12 4.103
1636802700 20.35 88.23 18 4.103
1636802760 20.35 88.23 18 4.103
1636802820 20.35 88.27 18 4.103
1636802880 20.38 88.32 24 4.103
1636802940 20.38 88.36 24 4.103
1636803000 20.38 88.39 24 4.098
1636803060 20.37 88.38 30 4.103
1636803120 20.41 88.38 30 4.103
1636803180 20.42 88.41 24 4.103
1636803240 20.45 88.45 30 4.103
1636803300 20.52 88.42 24 4.103
1636803360 20.52 88.37 24 4.103
1636803420 20.65 88.32 30 4.103
1636803480 20.69 88.33 30 4.103
1636803540 20.72 88.29 30 4.103
1636803600 20.75 88.2 36 4.103
1636803660 20.77 88.13 36 4.103
1636803720 20.79 88.04 36 4.103
1636803780 20.82 88.07 36 4.103
1636803840 20.83 87.94 36 4.103
1636803900 20.86 87.98 36 4.103
1636803960 20.88 87.9 36 4.103
1636804020 20.92 87.88 36 4.103
1636804080 20.95 87.76 42 4.103
1636804140 20.98 87.69 36 4.103
1636804200 21.05 87.61 42 4.103
1636804260 21.09 87.47 42 4.103
1636804320 21.13 87.38 48 4.103
1636804380 21.2 87.29 48 4.103
1636804440 21.22 87.22 48 4.103
1636804500 21.28 87.1 48 4.103
1636804560 21.3 87.06 54 4.103
1636804620 21.33 86.99 60 4.103
1636804680 21.37 86.94 66 4.103
1636804740 21.43 86.88 60 4.103
1636804800 21.44 86.8 60 4.103
1636804860 21.49 86.72 60 4.103
1636804920 21.56 86.71 66 4.103
1636804980 21.63 86.63 66 4.103
1636805040 21.65 86.63 66 4.103
1636805100 21.7 86.57 60 4.103
1636805160 21.77 86.66 48 4.103
1636805220 21.83 86.84 48 4.103
1636805280 21.88 86.99 48 4.103
1636805340 21.85 87.13 54 4.103
1636805400 21.84 87.21 66 4.108
1636805460 21.9 87.29 72 4.103
1636805520 21.93 87.42 72 4.103
1636805580 21.98 87.49 72 4.103
1636805640 22.05 87.57 66 4.103
1636805700 22.1 87.59 72 4.103
1636805760 22.15 87.62 66 4.103
1636805820 22.11 87.72 66 4.103
1636805880 22.14 87.81 72 4.103
1636805940 22.14 87.83 66 4.103
1636806000 22.15 87.87 66 4.103
1636806060 22.16 87.92 66 4.103
1636806120 22.08 87.72 66 4.108
1636806180 22.21 87.61 72 4.108
1636806240 22.3 87.64 60 4.103
1636806300 22.34 87.73 48 4.108
1636806360 22.32 87.73 42 4.103
1636806420 22.32 87.76 42 4.103
1636806480 22.28 87.69 48 4.103
1636806540 22.31 87.67 54 4.103
1636806600 22.24 87.59 78 4.103
1636806660 22.21 87.54 78 4.103
1636806720 22.25 87.48 84 4.103
1636806780 22.24 87.36 78 4.108
1636806840 22.24 87.28 78 4.108
1636806900 22.24 87.11 84 4.108
1636806960 22.24 87.02 84 4.103
1636807020 22.25 86.94 78 4.108
1636807080 22.25 86.8 78 4.103
1636807140 22.32 86.68 78 4.103
1636807200 22.41 86.5 78 4.103
1636807260 22.46 86.25 78 4.103
1636807320 22.54 86.07 78 4.103
1636807380 22.58 86.02 78 4.103
1636807440 22.62 85.85 78 4.103
1636807500 22.66 85.69 78 4.103
1636807560 22.65 85.46 78 4.103
1636807620 22.65 85.17 84 4.103
1636807680 22.72 84.88 84 4.103
1636807740 22.75 84.54 84 4.108
1636807800 22.82 84.18 84 4.103
1636807860 22.89 83.96 84 4.108
1636807920 22.95 83.56 84 4.108
1636807980 23 83.24 84 4.103
1636808040 23.05 82.92 84 4.108
1636808100 23.13 82.5 84 4.103
1636808160 23.17 82.2 84 4.108
1636808220 23.17 81.92 84 4.103
1636808280 23.26 81.67 90 4.108
1636808340 23.3 81.3 84 4.103
1636808400 23.36 81.03 84 4.108
1636808460 23.44 80.83 90 4.103
1636808520 23.5 80.72 90 4.108
1636808580 23.56 80.56 90 4.103
1636808640 23.57 80.42 90 4.108
1636808700 23.57 80.35 90 4.108
1636808760 23.61 80.38 90 4.108
1636808820 23.6 80.29 90 4.108
1636808880 23.64 80.37 90 4.103
1636808940 23.7 80.43 90 4.108
1636809000 23.77 80.6 90 4.103
1636809060 23.85 80.75 90 4.103
1636809120 23.92 80.9 90 4.108
1636809180 23.98 81.06 90 4.103
1636809240 24.02 81.17 90 4.108
1636809300 24.02 81.23 96 4.103
1636809360 24.05 81.27 90 4.108
1636809420 24.08 81.33 96 4.103
1636809480 24.08 81.41 90 4.108
1636809540 24.14 81.51 96 4.103
1636809600 24.18 81.53 96 4.108
1636809660 24.16 81.46 96 4.108
1636809720 24.14 81.46 96 4.108
1636809780 24.1 81.46 96 4.108
1636809840 24.08 81.26 96 4.108
1636809900 24.11 81.15 96 4.108
1636809960 24.25 81.08 96 4.103
1636810020 24.29 81 96 4.108
1636810080 24.33 80.96 96 4.103
1636810140 24.33 80.87 96 4.108
1636810200 24.28 80.86 96 4.108
1636810260 24.23 80.87 96 4.108
1636810320 24.28 80.9 102 4.103
1636810380 24.31 80.9 102 4.108
1636810440 24.39 80.89 102 4.108
1636810500 24.43 80.9 102 4.108
1636810560 24.52 80.92 102 4.108
1636810620 24.53 80.79 102 4.108
1636810680 24.61 80.73 102 4.108
1636810740 24.61 80.63 108 4.108
1636810800 24.55 80.56 108 4.108
1636810860 24.53 80.51 108 4.108
1636810920 24.59 80.54 114 4.108
1636810980 24.67 80.56 102 4.108
1636811040 24.67 80.5 108 4.108
1636811100 24.67 80.48 108 4.108
1636811160 24.65 80.43 108 4.108
1636811220 24.66 80.39 108 4.108
1636811280 24.75 80.38 114 4.108
1636811340 24.73 80.33 114 4.108
1636811400 24.87 80.29 114 4.108
1636811460 24.93 80.19 120 4.108
1636811520 25 80.04 120 4.108
1636811580 24.94 79.82 126 4.108
1636811640 24.94 79.61 138 4.108
1636811700 25 79.46 132 4.108
1636811760 25.07 79.37 126 4.108
1636811820 25.14 79.18 132 4.108
1636811880 25.16 79.01 120 4.108
1636811940 25.18 78.93 126 4.108
1636812000 25.23 78.88 120 4.108
1636812060 25.14 78.76 120 4.108
1636812120 25.18 78.69 120 4.108
1636812180 25.23 78.61 114 4.108
1636812240 25.26 78.48 120 4.108
1636812300 25.28 78.42 126 4.108
1636812360 25.3 78.31 150 4.108
1636812420 25.33 78.2 210 4.108
1636812480 25.45 78.1 192 4.108
1636812540 25.47 77.78 174 4.108
1636812600 25.56 77.59 126 4.108
1636812660 25.57 77.27 126 4.108
1636812720 25.48 76.98 132 4.108
1636812780 25.57 76.81 120 4.108
1636812840 25.64 76.59 120 4.108
1636812900 25.61 76.27 114 4.108
1636812960 25.69 75.98 120 4.108
1636813020 25.75 75.76 120 4.108
1636813080 25.64 75.4 210 4.108
1636813140 25.58 75.16 228 4.108
1636813200 25.64 74.9 156 4.108
1636813260 25.72 74.58 132 4.108
1636813320 25.78 74.39 120 4.108
1636813380 25.85 74.32 126 4.108
1636813440 25.89 74.11 144 4.108
1636813500 25.79 73.82 144 4.108
1636813560 25.69 73.57 186 4.114
1636813620 25.64 73.37 162 4.114
1636813680 25.74 73.04 162 4.108
1636813740 25.79 72.89 114 4.108
1636813800 25.89 72.74 120 4.114
1636813860 25.96 72.61 126 4.108
1636813920 25.99 72.45 132 4.108
1636813980 26.02 72.3 192 4.108
1636814040 25.98 72.06 216 4.114
1636814100 25.96 71.76 325 4.108
1636814160 25.99 71.49 344 4.108
1636814220 26.15 71.24 307 4.114
1636814280 26.15 71.05 337 4.108
1636814340 26.22 70.98 471 4.108
1636814400 26.33 70.84 561 4.114
1636814460 26.44 70.7 391 4.114
1636814520 26.64 70.64 295 4.114
1636814580 26.79 70.44 451 4.108
1636814640 26.89 70.29 713 4.114
1636814700 27.05 70.1 507 4.108
1636814760 27.24 69.93 307 4.108
1636814820 27.37 69.71 313 4.108
1636814880 27.31 69.45 186 4.108
1636814940 27.34 69.28 325 4.114
1636815000 27.34 69.11 337 4.108
1636815060 27.49 68.95 337 4.114
1636815120 27.58 68.76 234 4.114
1636815180 27.69 68.5 246 4.108
1636815240 27.79 68.3 180 4.114
1636815300 27.96 68.06 144 4.114
1636815360 27.88 67.68 144 4.114
1636815420 27.89 67.42 132 4.108
1636815480 27.78 67.2 120 4.108
1636815540 27.51 66.92 120 4.114
1636815600 27.34 66.62 126 4.108
1636815660 27.2 66.35 240 4.108
1636815720 27.25 66.23 512 4.114
1636815780 27.2 65.94 719 4.108
1636815840 27.3 65.78 737 4.114
1636815900 27.43 65.63 597 4.114
1636815960 27.66 65.47 463 4.114
1636816020 27.69 65.32 313 4.114
1636816080 27.64 65.12 246 4.114
1636816140 27.66 64.96 198 4.114
1636816200 27.85 64.64 132 4.114
1636816260 27.99 64.48 132 4.114
1636816320 28.06 64.28 132 4.114
1636816380 28.03 64.11 138 4.108
1636816440 28.02 63.99 138 4.114
1636816500 28.1 63.85 138 4.114
1636816560 28.15 63.79 144 4.114
1636816620 28.19 63.75 216 4.114
1636816680 28.23 63.62 174 4.114
1636816740 28.16 63.44 168 4.114
1636816800 28.06 63.31 156 4.114
1636816860 28.02 63.24 156 4.114
1636816920 28.03 63.13 186 4.114
1636816980 28.22 63.14 156 4.114
1636817040 28.19 63.01 180 4.114
1636817100 28.16 62.98 216 4.114
1636817160 28.09 62.86 246 4.108
1636817220 28.08 62.68 174 4.114
1636817280 28.09 62.5 271 4.108
1636817340 28.26 62.41 216 4.114
1636817400 28.39 62.34 168 4.108
1636817460 28.35 62.07 180 4.114
1636817520 28.42 61.91 132 4.114
1636817580 28.53 61.72 162 4.114
1636817640 28.45 61.5 240 4.114
1636817700 28.4 61.27 198 4.114
1636817760 28.3 61.07 162 4.114
1636817820 28.35 60.88 174 4.114
1636817880 28.45 60.71 271 4.114
1636817940 28.27 60.56 289 4.119
1636818000 28.4 60.48 234 4.114
1636818060 28.57 60.41 192 4.119
1636818120 28.5 60.37 180 4.114
1636818180 28.42 60.4 186 4.114
1636818240 28.6 60.4 186 4.114
1636818300 28.75 60.36 192 4.114
1636818360 28.82 60.27 204 4.119
1636818420 28.86 60.22 192 4.114
1636818480 28.87 60.13 198 4.119
1636818540 28.78 59.97 204 4.114
1636818600 28.82 59.92 246 4.114
1636818660 28.67 59.74 337 4.119
1636818720 28.9 59.76 308 4.119
1636818780 29.05 59.65 302 4.119
1636818840 29.05 59.64 234 4.119
1636818900 29.18 59.61 204 4.119
1636818960 29.47 59.59 216 4.119
1636819020 29.61 59.36 399 4.119
1636819080 29.65 59.08 743 4.119
1636819140 29.58 58.77 998 4.119
1636819200 29.55 58.5 1010 4.125
1636819260 29.53 58.26 745 4.119
1636819320 29.79 58.02 1042 4.125
1636819380 30 57.82 1060 4.125
1636819440 30.13 57.53 1066 4.125
1636819500 30.36 57.24 1097 4.125
1636819560 30.57 56.96 701 4.114
1636819620 30.6 56.65 1099 4.114
1636819680 30.63 56.39 1159 4.114
1636819740 30.82 56.13 1118 4.114
1636819800 31.14 55.74 259 4.114
1636819860 30.92 55.43 234 4.108
1636819920 30.98 55.2 222 4.114
1636819980 30.77 54.93 216 4.119
1636820040 30.71 54.64 222 4.114
1636820100 30.28 54.5 216 4.119
1636820160 29.95 54.49 216 4.119
1636820220 29.73 54.55 222 4.119
1636820280 29.68 54.66 252 4.119
1636820340 29.39 54.8 810 4.114
1636820400 29.32 55.05 1112 4.108
1636820460 29.41 55.18 459 4.108
1636820520 29.62 55.35 403 4.108
1636820580 29.82 55.4 537 4.108
1636820640 30.17 55.51 380 4.108
1636820700 30.17 55.55 374 4.108
1636820760 30.34 55.56 694 4.108
1636820820 30.37 55.54 828 4.108
1636820880 30.46 55.46 999 4.125
1636820940 30.61 55.41 1124 4.135
1636821000 30.94 55.47 1114 4.141
1636821060 30.99 55.43 1132 4.135
1636821120 30.89 55.45 222 4.119
1636821180 30.82 55.49 198 4.114
1636821240 30.58 55.6 204 4.119
1636821300 30.48 55.71 204 4.119
1636821360 30.26 55.83 198 4.119
1636821420 29.99 56 198 4.119
1636821480 29.62 56.23 186 4.119
1636821540 29.31 56.57 180 4.119
1636821600 29.02 56.98 174 4.119
1636821660 28.86 57.32 168 4.114
1636821720 28.71 57.8 156 4.119
1636821780 28.6 58.21 144 4.119
1636821840 28.46 58.59 150 4.119
1636821900 28.47 59.06 834 4.114
1636821960 28.32 59.45 995 4.114
1636822020 28.5 59.78 1130 4.114
1636822080 28.74 60.08 1112 4.114
1636822140 28.9 60.2 1097 4.114
1636822200 29.17 60.18 1076 4.114
1636822260 29.45 60.12 1070 4.114
1636822320 29.71 60.23 1058 4.114
1636822380 29.92 60.18 1046 4.114
1636822440 30.07 60.05 1058 4.114
1636822500 30.06 59.98 1076 4.114
1636822560 30.26 59.92 1094 4.114
1636822620 30.56 59.87 1123 4.114
1636822680 30.66 59.71 1136 4.135
1636822740 30.95 59.46 1144 4.141
1636822800 31.25 59.24 1152 4.141
1636822860 31.18 58.98 1016 4.141
1636822920 31.32 58.74 222 4.125
1636822980 31.11 58.51 290 4.125
1636823040 30.73 58.36 301 4.114
1636823100 30.37 58.14 265 4.114
1636823160 30.31 58.17 1100 4.114
1636823220 30.33 58.11 1112 4.114
1636823280 30.34 58.1 1124 4.114
1636823340 30.56 58.11 1118 4.114
1636823400 30.78 58.03 1142 4.114
1636823460 30.95 57.86 1155 4.114
1636823520 31.11 57.73 1161 4.114
1636823580 31.15 57.52 1198 4.141
1636823640 31.05 57.34 1010 4.114
1636823700 31.01 57.26 977 4.114
1636823760 30.81 57.14 507 4.114
1636823820 30.64 57.16 1149 4.114
1636823880 30.51 57.2 1130 4.114
1636823940 30.63 57.29 1106 4.114
1636824000 30.7 57.41 1118 4.114
1636824060 30.78 57.46 1106 4.114
1636824120 30.95 57.43 1088 4.114
1636824180 30.68 57.36 1112 4.114
1636824240 30.7 57.41 983 4.114
1636824300 30.74 57.39 1088 4.114
1636824360 30.79 57.45 1094 4.114
1636824420 30.7 57.35 1088 4.114
1636824480 30.77 57.33 1087 4.141
1636824540 30.75 57.29 1100 4.146
1636824600 30.74 57.21 1114 4.141
1636824660 30.82 57.21 1139 4.146
1636824720 30.97 57.25 1158 4.146
1636824780 31.25 57.15 1102 4.119
1636824840 31.15 57.05 204 4.114
1636824900 31.11 56.92 168 4.119
1636824960 30.97 56.82 132 4.119
1636825020 30.82 56.76 180 4.119
1636825080 30.61 56.77 1076 4.119
1636825140 30.56 56.88 1070 4.119
1636825200 30.63 56.97 1076 4.114
1636825260 30.68 56.92 1076 4.114
1636825320 30.87 56.79 1112 4.114
1636825380 31.19 56.81 1118 4.135
1636825440 31.38 56.68 1118 4.114
1636825500 31.39 56.44 1124 4.114
1636825560 31.42 56.34 1100 4.114
1636825620 31.33 56.19 1100 4.114
1636825680 31.31 56.08 1112 4.114
1636825740 31.26 55.93 1040 4.114
1636825800 31.19 55.77 543 4.114
1636825860 31.21 55.73 393 4.114
1636825920 31.04 55.57 198 4.114
1636825980 30.66 55.52 186 4.114
1636826040 30.51 55.61 749 4.114
1636826100 30.28 55.7 1124 4.114
1636826160 30.4 55.85 1112 4.114
1636826220 30.48 55.97 1100 4.114
1636826280 30.44 56 1076 4.114
1636826340 30.75 56.16 1052 4.114
1636826400 31.04 56.16 1052 4.114
1636826460 31.02 56.05 1040 4.114
1636826520 31.09 55.88 1058 4.114
1636826580 30.94 55.76 1045 4.114
1636826640 30.85 55.7 1052 4.114
1636826700 30.81 55.64 1040 4.114
1636826760 30.87 55.55 1021 4.114
1636826820 30.77 55.43 1014 4.114
1636826880 30.81 55.39 1008 4.114
1636826940 30.94 55.31 1001 4.114
1636827000 31.22 55.29 1002 4.108
1636827060 31.61 55.25 984 4.114
1636827120 31.59 55.14 984 4.114
1636827180 31.62 55.08 1014 4.135
1636827240 31.55 54.96 1033 4.135
1636827300 31.63 54.84 1040 4.141
1636827360 31.63 54.79 1040 4.141
1636827420 31.43 54.63 1052 4.141
1636827480 31.58 54.56 1054 4.141
1636827540 31.79 54.43 1034 4.141
1636827600 31.89 54.36 1028 4.141
1636827660 31.83 54.26 1036 4.146
1636827720 31.83 54.13 1030 4.141
1636827780 32.1 54.06 1042 4.146
1636827840 31.89 53.89 1054 4.146
1636827900 31.89 53.69 1060 4.146
1636827960 32.24 53.56 1060 4.146
1636828020 32.5 53.27 1054 4.146
1636828080 32.55 52.98 1054 4.119
1636828140 32.6 52.66 1054 4.119
1636828200 32.4 52.51 1070 4.119
1636828260 32.41 52.54 1102 4.119
1636828320 32.77 52.55 1070 4.119
1636828380 33.01 52.35 272 4.119
1636828440 32.75 51.98 246 4.119
1636828500 32.2 51.87 429 4.119
1636828560 31.89 51.75 891 4.119
1636828620 31.52 51.73 387 4.119
1636828680 31.26 51.75 537 4.119
1636828740 31.07 51.92 1103 4.119
1636828800 30.99 52.07 731 4.119
1636828860 30.98 52.28 302 4.119
1636828920 30.87 52.37 338 4.119
1636828980 30.87 52.6 746 4.135
1636829040 30.97 52.78 1010 4.141
1636829100 30.99 52.89 986 4.141
1636829160 31.02 53.04 974 4.141
1636829220 31.07 53.12 200 4.125
1636829280 30.94 53.22 168 4.125
1636829340 30.73 53.42 896 4.125
1636829400 30.56 53.57 889 4.119
1636829460 30.6 53.75 587 4.119
1636829520 30.54 53.87 974 4.125
1636829580 30.74 54.07 228 4.125
1636829640 30.82 54.21 962 4.119
1636829700 30.85 54.34 944 4.119
1636829760 31.04 54.39 920 4.119
1636829820 30.84 54.42 914 4.119
1636829880 30.88 54.55 587 4.119
1636829940 31.12 54.69 749 4.119
1636830000 31.07 54.72 896 4.119
1636830060 31.04 54.73 920 4.119
1636830120 31.05 54.75 926 4.119
1636830180 31.24 54.78 938 4.119
1636830240 31.31 54.73 944 4.119
1636830300 31.41 54.66 962 4.119
1636830360 31.55 54.64 611 4.119
1636830420 31.26 54.59 914 4.119
1636830480 31.22 54.62 942 4.119
1636830540 31.43 54.69 605 4.119
1636830600 31.56 54.63 314 4.119
1636830660 31.45 54.53 926 4.119
1636830720 30.99 54.5 944 4.119
1636830780 31.14 54.67 935 4.13
1636830840 31.33 54.74 956 4.119
1636830900 31.53 54.77 950 4.119
1636830960 31.49 54.56 932 4.119
1636831020 31.21 54.51 350 4.119
1636831080 31.29 54.48 240 4.119
1636831140 30.98 54.45 234 4.119
1636831200 30.84 54.5 847 4.119
1636831260 30.75 54.61 156 4.119
1636831320 30.47 54.62 168 4.119
1636831380 30.24 54.74 210 4.119
1636831440 29.89 54.91 501 4.119
1636831500 29.65 55.18 896 4.119
1636831560 29.59 55.38 914 4.119
1636831620 29.66 55.5 368 4.114
1636831680 29.75 55.68 873 4.13
1636831740 29.76 55.8 867 4.13
1636831800 29.96 55.94 867 4.13
1636831860 30.22 55.99 180 4.119
1636831920 30.19 55.96 186 4.119
1636831980 30.17 55.97 204 4.119
1636832040 30 55.97 853 4.119
1636832100 30.02 55.94 259 4.119
1636832160 29.93 55.93 278 4.119
1636832220 29.93 56.03 587 4.119
1636832280 30.19 56.08 519 4.119
1636832340 30.09 56.15 871 4.114
1636832400 30.4 56.33 883 4.119
1636832460 30.56 56.27 846 4.114
1636832520 30.54 56.26 847 4.119
1636832580 30.63 56.29 441 4.125
1636832640 30.51 56.19 855 4.125
1636832700 30.5 56.14 853 4.13
1636832760 30.73 56.16 831 4.13
1636832820 30.88 56.1 758 4.13
1636832880 30.95 55.95 805 4.13
1636832940 31.04 55.88 777 4.13
1636833000 31.18 55.82 254 4.125
1636833060 30.97 55.66 338 4.13
1636833120 30.79 55.63 376 4.13
1636833180 30.56 55.57 284 4.13
1636833240 30.58 55.57 218 4.125
1636833300 30.4 55.54 204 4.125
1636833360 30.24 55.62 192 4.125
1636833420 30.27 55.73 198 4.13
1636833480 30.17 55.84 186 4.125
1636833540 29.89 55.83 186 4.125
1636833600 29.59 56 370 4.125
1636833660 29.34 56.17 186 4.125
1636833720 29.18 56.44 188 4.125
1636833780 29.34 56.69 198 4.13
1636833840 29.39 56.84 728 4.135
1636833900 29.34 56.99 721 4.13
1636833960 29.49 57.19 248 4.125
1636834020 29.63 57.31 224 4.13
1636834080 29.69 57.5 192 4.13
1636834140 29.75 57.66 194 4.125
1636834200 29.75 57.78 266 4.13
1636834260 29.63 57.87 406 4.13
1636834320 29.52 57.91 198 4.13
1636834380 29.47 58 198 4.125
1636834440 29.34 58.05 200 4.125
1636834500 29.25 58.12 685 4.13
1636834560 29.18 58.25 200 4.13
1636834620 29.21 58.36 174 4.125
1636834680 29.24 58.47 156 4.125
1636834740 29.11 58.61 150 4.13
1636834800 29.01 58.75 156 4.13
1636834860 28.89 58.93 624 4.13
1636834920 28.82 59.14 612 4.13
1636834980 28.86 59.35 138 4.13
1636835040 29.05 59.53 144 4.13
1636835100 29.1 59.69 612 4.135
1636835160 29.21 59.83 606 4.13
1636835220 29.52 59.91 600 4.135
1636835280 29.59 59.85 612 4.13
1636835340 29.44 59.76 570 4.13
1636835400 29.62 59.78 618 4.13
1636835460 29.75 59.73 618 4.135
1636835520 29.72 59.67 624 4.135
1636835580 29.89 59.59 588 4.135
1636835640 29.89 59.57 618 4.135
1636835700 29.96 59.44 612 4.135
1636835760 30.16 59.29 612 4.135
1636835820 30.15 59.16 570 4.135
1636835880 30.22 59.02 510 4.13
1636835940 30.23 58.9 340 4.13
1636836000 30.03 58.79 248 4.13
1636836060 30.05 58.71 212 4.135
1636836120 29.89 58.64 236 4.13
1636836180 29.86 58.61 174 4.13
1636836240 29.76 58.55 194 4.13
1636836300 29.62 58.54 188 4.13
1636836360 29.59 58.51 180 4.13
1636836420 29.42 58.51 188 4.13
1636836480 29.31 58.68 180 4.13
1636836540 29.35 58.8 182 4.13
1636836600 29.36 58.97 174 4.13
1636836660 29.34 59.08 168 4.13
1636836720 29.14 59.27 168 4.13
1636836780 29.15 59.43 168 4.13
1636836840 29.1 59.57 162 4.13
1636836900 28.96 59.65 168 4.13
1636836960 28.93 59.81 168 4.13
1636837020 28.78 60.01 162 4.13
1636837080 28.86 60.17 144 4.13
1636837140 28.9 60.28 144 4.13
1636837200 28.87 60.34 144 4.13
1636837260 28.89 60.34 150 4.13
1636837320 28.87 60.41 162 4.13
1636837380 28.91 60.53 162 4.13
1636837440 28.91 60.61 144 4.13
1636837500 28.86 60.63 144 4.13
1636837560 28.64 60.77 144 4.13
1636837620 28.56 60.88 138 4.13
1636837680 28.46 61.08 108 4.13
1636837740 28.43 61.23 120 4.13
1636837800 28.42 61.47 114 4.13
1636837860 28.4 61.64 126 4.13
1636837920 28.35 61.79 126 4.13
1636837980 28.29 62.03 120 4.13
1636838040 28.26 62.2 138 4.13
1636838100 28.18 62.34 150 4.13
1636838160 28.18 62.47 156 4.13
1636838220 28.19 62.58 144 4.13
1636838280 28.18 62.73 162 4.13
1636838340 28.26 62.83 150 4.13
1636838400 28.3 62.95 144 4.13
1636838460 28.33 63.04 126 4.13
1636838520 28.27 63.08 114 4.135
1636838580 28.3 63.22 102 4.13
1636838640 28.39 63.25 96 4.13
1636838700 28.35 63.21 90 4.13
1636838760 28.27 63.23 96 4.13
1636838820 28.18 63.27 102 4.13
1636838880 28.15 63.34 108 4.13
1636838940 28.09 63.39 114 4.13
1636839000 28.1 63.55 114 4.13
1636839060 28.05 63.66 102 4.13
1636839120 28.03 63.79 96 4.13
1636839180 27.94 63.84 102 4.13
1636839240 27.89 63.99 102 4.13
1636839300 27.92 64.13 108 4.135
1636839360 27.99 64.16 114 4.13
1636839420 27.95 64.23 120 4.13
1636839480 27.98 64.39 132 4.135
1636839540 27.98 64.51 138 4.13
1636839600 28.03 64.6 138 4.13
1636839660 28.05 64.8 132 4.13
1636839720 28.1 64.91 126 4.13
1636839780 28.13 65.03 120 4.13
1636839840 28.09 65.16 108 4.13
1636839900 28.05 65.26 96 4.13
1636839960 27.98 65.3 96 4.13
1636840020 27.96 65.49 90 4.13
1636840080 27.96 65.62 84 4.13
1636840140 27.96 65.67 84 4.13
1636840200 27.88 65.78 84 4.13
1636840260 27.86 65.88 78 4.13
1636840320 27.91 65.98 84 4.13
1636840380 27.88 66.05 84 4.13
1636840440 27.79 66.15 90 4.13
1636840500 27.71 66.17 84 4.13
1636840560 27.66 66.29 84 4.13
1636840620 27.64 66.37 78 4.13
1636840680 27.59 66.42 78 4.13
1636840740 27.49 66.52 90 4.13
1636840800 27.47 66.61 96 4.13
1636840860 27.51 66.74 90 4.13
1636840920 27.55 66.9 90 4.13
1636840980 27.55 66.92 78 4.13
1636841040 27.55 67.08 72 4.13
1636841100 27.48 67.16 72 4.13
1636841160 27.43 67.32 66 4.13
1636841220 27.43 67.44 60 4.13
1636841280 27.41 67.59 54 4.13
1636841340 27.35 67.74 54 4.13
1636841400 27.37 67.95 60 4.125
1636841460 27.38 68.08 60 4.13
1636841520 27.33 68.23 60 4.13
1636841580 27.24 68.42 60 4.125
1636841640 27.15 68.61 60 4.13
1636841700 27.11 68.8 54 4.13
1636841760 27 68.97 48 4.13
1636841820 26.97 69.16 48 4.125
1636841880 26.87 69.4 42 4.125
1636841940 26.87 69.63 42 4.125
1636842000 26.87 69.79 36 4.13
1636842060 26.83 69.99 36 4.125
1636842120 26.73 70.15 30 4.13
1636842180 26.67 70.32 30 4.13
1636842240 26.67 70.5 36 4.125
1636842300 26.67 70.69 30 4.13
1636842360 26.66 70.81 30 4.13
1636842420 26.56 70.93 30 4.13
1636842480 26.54 71.08 24 4.125
1636842540 26.4 71.16 24 4.125
1636842600 26.35 71.38 24 4.13
1636842660 26.29 71.48 18 4.125
1636842720 26.26 71.61 18 4.13
1636842780 26.22 71.73 18 4.125
1636842840 26.18 71.92 18 4.125
1636842900 26.14 72.06 18 4.13
1636842960 26.11 72.17 12 4.13
1636843020 26.09 72.35 12 4.13
1636843080 26.11 72.49 6 4.125
1636843140 26.06 72.61 6 4.125
1636843200 26.03 72.71 6 4.13
1636843260 25.93 72.8 6 4.125
1636843320 25.89 72.92 6 4.125
1636843380 25.85 73.02 0 4.125
1636843440 25.82 73.19 6 4.125
1636843500 25.81 73.25 0 4.125
1636843560 25.81 73.4 0 4.125
1636843620 25.78 73.52 0 4.125
1636843680 25.77 73.65 0 4.125
1636843740 25.75 73.76 0 4.125
1636843800 25.72 73.9 0 4.125
1636843860 25.64 74.01 0 4.125
1636843920 25.64 74.16 0 4.125
1636843980 25.64 74.28 0 4.125
1636844040 25.64 74.4 0 4.13
1636844100 25.61 74.57 0 4.125
1636844160 25.6 74.61 0 4.13
1636844220 25.57 74.73 0 4.125
1636844280 25.58 74.81 0 4.125
1636844340 25.54 74.92 0 4.125
1636844400 25.52 74.97 0 4.125
1636844460 25.49 75.05 0 4.125
1636844520 25.51 75.14 0 4.125
1636844580 25.49 75.23 0 4.13
1636844640 25.49 75.31 0 4.125
1636844700 25.49 75.39 0 4.13
1636844760 25.48 75.52 0 4.125
1636844820 25.45 75.6 0 4.125
1636844880 25.47 75.7 0 4.125
1636844940 25.42 75.75 0 4.125
1636845000 25.4 75.86 0 4.125
1636845060 25.38 75.96 0 4.125
1636845120 25.34 76.02 0 4.125
1636845180 25.34 76.09 0 4.125
1636845240 25.33 76.2 0 4.125
1636845300 25.31 76.33 0 4.125
1636845360 25.33 76.41 0 4.125
1636845420 25.31 76.46 0 4.125
1636845480 25.31 76.53 0 4.125
1636845540 25.31 76.6 0 4.125
1636845600 25.31 76.69 0 4.125
1636845660 25.26 76.72 0 4.125
1636845720 25.26 76.83 0 4.125
1636845780 25.18 76.9 0 4.125
1636845840 25.2 76.98 0 4.125
1636845900 25.17 77.07 0 4.125
1636845960 25.16 77.18 0 4.125
1636846020 25.1 77.3 0 4.125
1636846080 25.07 77.38 0 4.125
1636846140 25.06 77.48 0 4.125
1636846200 25.1 77.61 0 4.125
1636846260 25.09 77.7 0 4.125
1636846320 25.1 77.82 0 4.125
1636846380 25.07 77.93 0 4.125
1636846440 25.07 77.99 0 4.125
1636846500 25.02 78.1 0 4.119
1636846560 25 78.19 0 4.125
1636846620 25.02 78.3 0 4.125
1636846680 25 78.43 0 4.125
1636846740 25.02 78.5 0 4.125
1636846800 25 78.61 0 4.125
1636846860 25.02 78.69 0 4.125
1636846920 25.04 78.78 0 4.125
1636846980 25.02 78.85 0 4.125
1636847040 25 78.96 0 4.119
1636847100 24.97 79.05 0 4.125
1636847160 24.97 79.11 0 4.125
1636847220 24.94 79.25 0 4.125
1636847280 24.94 79.35 0 4.125
1636847340 24.9 79.4 0 4.125
1636847400 24.89 79.49 0 4.125
1636847460 24.93 79.6 0 4.125
1636847520 24.91 79.68 0 4.125
1636847580 24.89 79.81 0 4.125
1636847640 24.87 79.94 0 4.125
1636847700 24.9 80.03 0 4.125
1636847760 24.86 80.1 0 4.125
1636847820 24.87 80.22 0 4.125
1636847880 24.86 80.28 0 4.125
1636847940 24.87 80.35 0 4.125
1636848000 24.83 80.4 0 4.125
1636848060 24.85 80.5 0 4.125
1636848120 24.83 80.53 0 4.125
1636848180 24.83 80.59 0 4.125
1636848240 24.85 80.63 0 4.125
1636848300 24.82 80.66 0 4.125
1636848360 24.82 80.75 0 4.125
1636848420 24.83 80.78 0 4.125
1636848480 24.8 80.81 0 4.125
1636848540 24.82 80.84 0 4.125
1636848600 24.85 80.9 0 4.125
1636848660 24.82 80.97 0 4.125
1636848720 24.8 81.01 0 4.125
1636848780 24.76 81.05 0 4.125
1636848840 24.76 81.05 0 4.125
1636848900 24.73 81.13 0 4.125
1636848960 24.73 81.14 0 4.125
1636849020 24.7 81.16 0 4.125
1636849080 24.7 81.19 0 4.125
1636849140 24.69 81.24 0 4.125
1636849200 24.7 81.28 0 4.125
1636849260 24.69 81.34 0 4.125
1636849320 24.69 81.39 0 4.125
1636849380 24.67 81.41 0 4.125
1636849440 24.65 81.47 0 4.125
1636849500 24.63 81.52 0 4.125
1636849560 24.59 81.56 0 4.125
1636849620 24.61 81.62 0 4.119
1636849680 24.56 81.68 0 4.125
1636849740 24.55 81.75 0 4.125
1636849800 24.52 81.78 0 4.125
1636849860 24.51 81.85 0 4.119
1636849920 24.51 81.89 0 4.125
1636849980 24.49 81.97 0 4.125
1636850040 24.46 82.01 0 4.125
1636850100 24.45 82.08 0 4.125
1636850160 24.43 82.11 0 4.125
1636850220 24.45 82.17 0 4.125
1636850280 24.42 82.21 0 4.125
1636850340 24.42 82.3 0 4.125
1636850400 24.4 82.36 0 4.125
1636850460 24.43 82.38 0 4.125
1636850520 24.42 82.45 0 4.125
1636850580 24.45 82.48 0 4.119
1636850640 24.43 82.52 0 4.119
1636850700 24.43 82.58 0 4.119
1636850760 24.42 82.6 0 4.125
1636850820 24.43 82.68 0 4.125
1636850880 24.42 82.71 0 4.125
1636850940 24.42 82.76 0 4.125
1636851000 24.39 82.78 0 4.119
1636851060 24.4 82.81 0 4.125
1636851120 24.38 82.85 0 4.119
1636851180 24.35 82.86 0 4.125
1636851240 24.4 82.94 0 4.119
1636851300 24.36 82.95 0 4.125
1636851360 24.35 82.99 0 4.119
1636851420 24.33 83.03 0 4.119
1636851480 24.33 83.07 0 4.119
1636851540 24.33 83.1 0 4.125
1636851600 24.31 83.15 0 4.125
1636851660 24.31 83.2 0 4.125
1636851720 24.32 83.28 0 4.119
1636851780 24.29 83.32 0 4.119
1636851840 24.28 83.35 0 4.119
1636851900 24.31 83.35 0 4.119
1636851960 24.33 83.36 0 4.119
1636852020 24.32 83.38 0 4.119
1636852080 24.31 83.36 0 4.125
1636852140 24.31 83.29 0 4.125
1636852200 24.32 83.26 0 4.125
1636852260 24.33 83.19 0 4.119
1636852320 24.29 83.14 0 4.119
1636852380 24.32 83.1 0 4.119
1636852440 24.32 82.97 0 4.119
1636852500 24.36 82.86 0 4.119
1636852560 24.33 82.72 0 4.125
1636852620 24.33 82.55 0 4.125
1636852680 24.36 82.41 0 4.119
1636852740 24.33 82.27 0 4.119
1636852800 24.36 82.15 0 4.125
1636852860 24.36 82.02 0 4.119
1636852920 24.36 81.92 0 4.125
1636852980 24.35 81.78 0 4.119
1636853040 24.36 81.66 0 4.119
1636853100 24.33 81.55 0 4.125
1636853160 24.35 81.49 0 4.119
1636853220 24.36 81.38 0 4.119
1636853280 24.35 81.35 0 4.119
1636853340 24.33 81.26 0 4.119
1636853400 24.33 81.2 0 4.119
1636853460 24.35 81.19 0 4.119
1636853520 24.32 81.07 0 4.119
1636853580 24.32 81.06 0 4.119
1636853640 24.33 81.01 0 4.119
1636853700 24.38 81.04 0 4.125
1636853760 24.36 81.07 0 4.119
1636853820 24.38 81.05 0 4.125
1636853880 24.35 81.03 0 4.119
1636853940 24.35 80.95 0 4.119
1636854000 24.35 80.99 0 4.119
1636854060 24.32 80.92 0 4.119
1636854120 24.32 80.94 0 4.119
1636854180 24.28 80.94 0 4.119
1636854240 24.26 80.96 0 4.119
1636854300 24.25 80.95 0 4.119
1636854360 24.22 80.97 0 4.119
1636854420 24.21 80.97 0 4.119
1636854480 24.22 81.01 0 4.125
1636854540 24.18 81.03 0 4.119
1636854600 24.15 81.09 0 4.119
1636854660 24.16 81.07 0 4.119
1636854720 24.16 81.1 0 4.119
1636854780 24.15 81.09 0 4.119
1636854840 24.16 81.16 0 4.119
1636854900 24.15 81.19 0 4.119
1636854960 24.14 81.22 0 4.119
1636855020 24.12 81.22 0 4.119
1636855080 24.12 81.25 0 4.119
1636855140 24.11 81.31 0 4.119
1636855200 24.11 81.33 0 4.119
1636855260 24.14 81.34 0 4.119
1636855320 24.14 81.41 0 4.119
1636855380 24.12 81.4 0 4.119
1636855440 24.11 81.41 0 4.119
1636855500 24.12 81.41 0 4.119
1636855560 24.14 81.47 0 4.119
1636855620 24.15 81.54 0 4.119
1636855680 24.15 81.54 0 4.119
1636855740 24.19 81.59 0 4.125
1636855800 24.21 81.62 0 4.119
1636855860 24.22 81.62 0 4.119
1636855920 24.23 81.65 0 4.119
1636855980 24.23 81.7 0 4.119
1636856040 24.21 81.71 0 4.119
1636856100 24.22 81.72 0 4.119
1636856160 24.21 81.74 0 4.119
1636856220 24.21 81.76 0 4.119
1636856280 24.21 81.8 0 4.119
1636856340 24.22 81.82 0 4.119
1636856400 24.23 81.87 0 4.119
1636856460 24.21 81.89 0 4.119
1636856520 24.22 81.92 0 4.119
1636856580 24.25 81.94 0 4.119
1636856640 24.25 81.95 0 4.119
1636856700 24.23 81.96 0 4.119
1636856760 24.26 81.98 0 4.119
1636856820 24.26 82.04 0 4.119
1636856880 24.23 81.97 0 4.119
1636856940 24.28 81.9 0 4.119
1636857000 24.29 81.92 0 4.119
1636857060 24.31 81.86 0 4.119
1636857120 24.32 81.84 0 4.119
1636857180 24.32 81.77 0 4.119
1636857240 24.33 81.74 0 4.119
1636857300 24.35 81.73 0 4.119
1636857360 24.32 81.65 0 4.119
1636857420 24.32 81.62 0 4.119
1636857480 24.31 81.56 0 4.119
1636857540 24.35 81.53 0 4.119
1636857600 24.33 81.49 0 4.119
1636857660 24.32 81.42 0 4.119
1636857720 24.33 81.35 0 4.119
1636857780 24.33 81.31 0 4.119
1636857840 24.33 81.27 0 4.119
1636857900 24.38 81.28 0 4.119
1636857960 24.36 81.26 0 4.119
1636858020 24.38 81.28 0 4.119
1636858080 24.38 81.29 0 4.119
1636858140 24.36 81.23 0 4.119
1636858200 24.39 81.29 0 4.119
1636858260 24.38 81.27 0 4.114
1636858320 24.33 81.22 0 4.119
1636858380 24.31 81.12 0 4.119
1636858440 24.32 81.03 0 4.119
1636858500 24.31 81 0 4.119
1636858560 24.29 80.92 0 4.119
1636858620 24.29 80.86 0 4.119
1636858680 24.25 80.84 0 4.119
1636858740 24.25 80.82 0 4.114
1636858800 24.25 80.86 0 4.119
1636858860 24.23 80.9 0 4.119
1636858920 24.19 80.9 0 4.119
1636858980 24.19 80.97 0 4.119
1636859040 24.19 80.99 0 4.119
1636859100 24.16 81 0 4.119
1636859160 24.16 80.99 0 4.119
1636859220 24.18 81.02 0 4.119
1636859280 24.15 80.99 0 4.119
1636859340 24.12 81.06 0 4.114
1636859400 24.11 81.07 0 4.119
1636859460 24.12 81.07 0 4.119
1636859520 24.11 81.07 0 4.119
1636859580 24.07 81.07 0 4.119
1636859640 24.07 81.06 0 4.114
1636859700 24.02 81.01 0 4.119
1636859760 24.04 80.86 0 4.119
1636859820 24.04 80.79 0 4.114
1636859880 24.04 80.68 0 4.114
1636859940 24.02 80.68 0 4.119
1636860000 24.02 80.63 0 4.119
1636860060 24.02 80.59 0 4.119
1636860120 24.01 80.56 0 4.119
1636860180 24.04 80.59 0 4.119
1636860240 24.02 80.58 0 4.119
1636860300 24.02 80.51 0 4.114
1636860360 24.01 80.39 0 4.119
1636860420 24.01 80.29 0 4.119
1636860480 24.04 80.3 0 4.119
1636860540 24.01 80.24 0 4.114
1636860600 24 80.19 0 4.119
1636860660 23.98 80.13 0 4.119
1636860720 23.98 80.14 0 4.119
1636860780 23.95 80.13 0 4.114
1636860840 23.92 80.16 0 4.119
1636860900 23.88 80.11 0 4.119
1636860960 23.85 80.07 0 4.114
1636861020 23.8 80.13 0 4.119
1636861080 23.8 80.21 0 4.114
1636861140 23.75 80.23 0 4.119
1636861200 23.68 80.26 0 4.114
1636861260 23.68 80.29 0 4.119
1636861320 23.64 80.3 0 4.119
1636861380 23.63 80.37 0 4.119
1636861440 23.63 80.44 0 4.114
1636861500 23.61 80.43 0 4.119
1636861560 23.6 80.35 0 4.119
1636861620 23.64 80.34 0 4.114
1636861680 23.6 80.27 0 4.114
1636861740 23.57 80.11 0 4.114
1636861800 23.6 79.98 0 4.119
1636861860 23.59 79.96 0 4.119
1636861920 23.57 79.91 0 4.119
1636861980 23.53 79.84 0 4.119
1636862040 23.54 79.81 0 4.119
1636862100 23.51 79.76 0 4.119
1636862160 23.5 79.75 0 4.119
1636862220 23.46 79.72 0 4.119
1636862280 23.47 79.64 0 4.114
1636862340 23.43 79.65 0 4.114
1636862400 23.4 79.65 0 4.119
1636862460 23.4 79.65 0 4.114
1636862520 23.39 79.65 0 4.114
1636862580 23.33 79.6 0 4.114
1636862640 23.31 79.62 0 4.119
1636862700 23.36 79.61 0 4.114
1636862760 23.5 80.03 0 4.114
1636862820 23.43 80.45 0 4.119
1636862880 23.43 80.68 0 4.119
1636862940 23.43 80.89 0 4.114
1636863000 23.41 81.04 0 4.114
1636863060 23.39 81.19 0 4.114
1636863120 23.39 81.25 0 4.119
1636863180 23.43 81.39 0 4.114
1636863240 23.44 81.44 0 4.114
1636863300 23.46 81.54 0 4.119
1636863360 23.47 81.75 0 4.114
1636863420 23.44 82.04 0 4.114
1636863480 23.44 82.27 0 4.119
1636863540 23.39 82.46 0 4.114
1636863600 23.4 82.67 0 4.114
1636863660 23.41 82.87 0 4.119
1636863720 23.4 83.06 0 4.114
1636863780 23.37 83.26 0 4.114
1636863840 23.36 83.4 0 4.114
1636863900 23.37 83.55 0 4.114
1636863960 23.36 83.74 0 4.114
1636864020 23.33 83.87 0 4.114
1636864080 23.33 84.01 0 4.114
1636864140 23.31 84.13 0 4.114
1636864200 23.31 84.27 0 4.114
1636864260 23.27 84.34 0 4.114
1636864320 23.29 84.43 0 4.114
1636864380 23.23 84.53 0 4.114
1636864440 23.21 84.62 0 4.114
1636864500 23.16 84.65 0 4.114
1636864560 23.16 84.76 0 4.114
1636864620 23.16 84.84 0 4.119
1636864680 23.09 84.87 0 4.114
1636864740 23.1 85.03 0 4.114
1636864800 23.09 85.17 0 4.119
1636864860 23.02 85.26 0 4.114
1636864920 23 85.35 0 4.119
1636864980 22.99 85.44 0 4.114
1636865040 22.95 85.5 0 4.114
1636865100 22.95 85.6 0 4.114
1636865160 22.92 85.67 0 4.114
1636865220 22.9 85.76 0 4.114
1636865280 22.89 85.84 0 4.114
1636865340 22.9 85.89 0 4.114
1636865400 22.93 85.98 0 4.114
1636865460 22.9 86.07 0 4.114
1636865520 22.92 86.1 0 4.114
1636865580 22.92 86.16 0 4.114
1636865640 22.92 86.22 0 4.114
1636865700 22.9 86.28 0 4.114
1636865760 22.92 86.36 0 4.114
1636865820 22.92 86.43 0 4.114
1636865880 22.92 86.48 0 4.108
1636865940 22.9 86.59 0 4.114
