1636779600 20.62 92.03 0 4.076
1636779660 20.65 91.85 0 4.076
1636779720 20.65 91.43 0 4.076
1636779780 20.69 91.51 0 4.076
1636779840 20.73 91.34 0 4.076
1636779900 20.74 90.7 0 4.082
1636779960 20.7 89.86 0 4.076
1636780020 20.63 89.53 0 4.076
1636780080 20.73 89.9 0 4.076
1636780140 20.7 90.17 0 4.082
1636780200 20.69 90.73 0 4.076
1636780260 20.67 90.88 0 4.076
1636780320 20.67 90.88 0 4.076
1636780380 20.67 91.21 0 4.076
1636780440 20.59 91.51 0 4.076
1636780500 20.56 91.73 0 4.076
1636780560 20.5 91.98 0 4.076
1636780620 20.47 92.06 0 4.076
1636780680 20.49 92.12 0 4.076
1636780740 20.46 92.14 0 4.076
1636780800 20.43 92.38 0 4.076
1636780860 20.47 92.47 0 4.076
1636780920 20.47 92.45 0 4.076
1636780980 20.46 92.47 0 4.076
1636781040 20.52 92.17 0 4.076
1636781100 20.5 91.97 0 4.076
1636781160 20.47 92.06 0 4.076
1636781220 20.49 91.89 0 4.076
1636781280 20.5 92.02 0 4.076
1636781340 20.54 92.08 0 4.076
1636781400 20.57 92.35 0 4.076
1636781460 20.54 92.08 0 4.076
1636781520 20.53 92.2 0 4.076
1636781580 20.56 92.37 0 4.076
1636781640 20.57 92.55 0 4.076
1636781700 20.57 92.56 0 4.076
1636781760 20.62 92.81 0 4.076
1636781820 20.69 93 0 4.071
1636781880 20.73 92.87 0 4.076
1636781940 20.73 92.28 0 4.076
1636782000 20.69 92.08 0 4.076
1636782060 20.69 92.11 0 4.076
1636782120 20.67 91.67 0 4.076
1636782180 20.67 91.94 0 4.076
1636782240 20.7 92.15 0 4.076
1636782300 20.69 92.35 0 4.076
1636782360 20.66 92.5 0 4.076
1636782420 20.65 92.51 0 4.076
1636782480 20.63 92.47 0 4.076
1636782540 20.62 92.25 0 4.076
1636782600 20.63 92.61 0 4.076
1636782660 20.6 92.17 0 4.076
1636782720 20.59 91.97 0 4.076
1636782780 20.59 91.62 0 4.076
1636782840 20.57 91.78 0 4.076
1636782900 20.63 91.76 0 4.076
1636782960 20.66 91.5 0 4.076
1636783020 20.69 91.68 0 4.076
1636783080 20.7 91.95 0 4.076
1636783140 20.76 91.62 0 4.076
1636783200 20.79 91.29 0 4.076
1636783260 20.84 91.12 0 4.076
1636783320 20.83 90.71 0 4.076
1636783380 20.86 90.8 0 4.076
1636783440 20.87 90.76 0 4.076
1636783500 20.9 91.08 0 4.076
1636783560 20.93 90.53 0 4.076
1636783620 20.95 90.54 0 4.076
1636783680 20.95 90.14 0 4.076
1636783740 20.87 89.61 0 4.076
1636783800 20.93 89.31 0 4.076
1636783860 20.93 89.22 0 4.076
1636783920 20.93 89.28 0 4.071
1636783980 20.86 88.94 0 4.076
1636784040 20.87 89.01 0 4.076
1636784100 20.83 89.15 0 4.076
1636784160 20.97 89.78 0 4.076
1636784220 20.93 89.6 0 4.076
1636784280 20.95 89.8 0 4.076
1636784340 20.98 89.43 0 4.076
1636784400 20.95 89.14 0 4.076
1636784460 20.95 89.07 0 4.076
1636784520 20.93 89.44 0 4.071
1636784580 20.94 89.16 0 4.076
1636784640 20.95 89.15 0 4.071
1636784700 20.94 88.92 0 4.076
1636784760 20.93 89.14 0 4.076
1636784820 20.91 89.34 0 4.076
1636784880 20.91 89.65 0 4.076
1636784940 20.94 89.43 0 4.076
1636785000 20.9 89.29 0 4.071
1636785060 20.91 89.32 0 4.076
1636785120 20.9 89.2 0 4.076
1636785180 20.87 89.59 0 4.076
1636785240 20.8 89.82 0 4.076
1636785300 20.79 90.02 0 4.076
1636785360 20.76 90.24 0 4.076
1636785420 20.76 90.2 0 4.071
1636785480 20.76 90.31 0 4.076
1636785540 20.76 89.62 0 4.071
1636785600 20.74 89.62 0 4.071
1636785660 20.76 89.3 0 4.071
1636785720 20.77 89.72 0 4.071
1636785780 20.79 89.2 0 4.076
1636785840 20.8 89.71 0 4.076
1636785900 20.84 90.33 0 4.076
1636785960 20.81 90.7 0 4.076
1636786020 20.77 90.98 0 4.076
1636786080 20.76 91.15 0 4.071
1636786140 20.79 91.41 0 4.071
1636786200 20.8 91.58 0 4.071
1636786260 20.79 91.37 0 4.071
1636786320 20.74 91.24 0 4.071
1636786380 20.74 91.33 0 4.071
1636786440 20.71 91.28 0 4.071
1636786500 20.67 91.37 0 4.071
1636786560 20.67 91.39 0 4.076
1636786620 20.67 91.42 0 4.071
1636786680 20.67 91.49 0 4.076
1636786740 20.73 91.7 0 4.071
1636786800 20.66 91.31 0 4.071
1636786860 20.66 91.31 0 4.071
1636786920 20.67 91.34 0 4.076
1636786980 20.67 91.43 0 4.076
1636787040 20.65 91.37 0 4.076
1636787100 20.67 91.46 0 4.071
1636787160 20.67 91.37 0 4.071
1636787220 20.65 91.49 0 4.076
1636787280 20.71 91.59 0 4.071
1636787340 20.7 91.57 0 4.071
1636787400 20.74 91.62 0 4.076
1636787460 20.71 91.6 0 4.076
1636787520 20.71 91.68 0 4.071
1636787580 20.7 91.46 0 4.071
1636787640 20.71 91.51 0 4.076
1636787700 20.7 91.4 0 4.071
1636787760 20.7 91.44 0 4.076
1636787820 20.71 91.87 0 4.071
1636787880 20.79 91.46 0 4.071
1636787940 20.76 91.3 0 4.071
1636788000 20.77 91.16 0 4.071
1636788060 20.8 90.78 0 4.071
1636788120 20.79 90.99 0 4.071
1636788180 20.86 90.88 0 4.071
1636788240 20.84 91.06 0 4.071
1636788300 20.81 91.03 0 4.071
1636788360 20.77 91.06 0 4.071
1636788420 20.79 91.12 0 4.071
1636788480 20.77 90.96 0 4.071
1636788540 20.8 91.05 0 4.071
1636788600 20.83 91.11 0 4.071
1636788660 20.83 91.01 0 4.071
1636788720 20.87 91.19 0 4.071
1636788780 20.89 91.11 0 4.071
1636788840 20.89 91.16 0 4.071
1636788900 20.93 91.11 0 4.071
1636788960 20.94 91.16 0 4.071
1636789020 20.91 91.12 0 4.071
1636789080 20.91 91.1 0 4.071
1636789140 20.89 91.09 0 4.071
1636789200 20.89 91.12 0 4.071
1636789260 20.87 91.01 0 4.071
1636789320 20.87 90.95 0 4.071
1636789380 20.89 90.91 0 4.071
1636789440 20.86 90.92 0 4.071
1636789500 20.81 90.31 0 4.071
1636789560 20.71 90.75 0 4.071
1636789620 20.65 90.82 0 4.071
1636789680 20.63 91 0 4.071
1636789740 20.59 91.41 0 4.071
1636789800 20.57 91.67 0 4.071
1636789860 20.6 91.76 0 4.071
1636789920 20.59 92 0 4.071
1636789980 20.6 92.05 0 4.071
1636790040 20.62 92.13 0 4.071
1636790100 20.6 92.16 0 4.071
1636790160 20.65 92.08 0 4.071
1636790220 20.6 92.05 0 4.071
1636790280 20.62 92.17 0 4.071
1636790340 20.66 92.17 0 4.071
1636790400 20.66 92.23 0 4.071
1636790460 20.66 92.4 0 4.071
1636790520 20.65 92.32 0 4.071
1636790580 20.63 92.45 0 4.071
1636790640 20.63 92.56 0 4.071
1636790700 20.62 92.7 0 4.071
1636790760 20.59 92.8 0 4.076
1636790820 20.56 92.77 0 4.071
1636790880 20.57 92.99 0 4.071
1636790940 20.6 93.17 0 4.071
1636791000 20.59 92.95 0 4.071
1636791060 20.62 93.06 0 4.071
1636791120 20.65 92.78 0 4.071
1636791180 20.65 92.76 0 4.071
1636791240 20.67 92.78 0 4.071
1636791300 20.71 92.94 0 4.071
1636791360 20.74 92.87 0 4.071
1636791420 20.73 92.94 0 4.071
1636791480 20.73 92.97 0 4.071
1636791540 20.71 93.02 0 4.071
1636791600 20.66 92.96 0 4.071
1636791660 20.66 93.29 0 4.071
1636791720 20.66 93.09 0 4.071
1636791780 20.57 93.24 0 4.071
1636791840 20.56 93.29 0 4.071
1636791900 20.54 93.2 0 4.071
1636791960 20.54 93.49 0 4.071
1636792020 20.53 93.44 0 4.071
1636792080 20.53 93.46 0 4.071
1636792140 20.5 93.48 0 4.071
1636792200 20.49 93.54 0 4.071
1636792260 20.44 93.64 0 4.071
1636792320 20.43 93.67 0 4.071
1636792380 20.4 93.77 0 4.071
1636792440 20.4 93.91 0 4.071
1636792500 20.38 94.09 0 4.071
1636792560 20.39 94.25 0 4.071
1636792620 20.35 94.12 0 4.071
1636792680 20.31 94.13 0 4.071
1636792740 20.26 94.17 0 4.071
1636792800 20.25 94.31 0 4.071
1636792860 20.28 94.41 0 4.071
1636792920 20.26 94.45 0 4.071
1636792980 20.26 94.59 0 4.071
1636793040 20.28 94.54 0 4.071
1636793100 20.23 94.62 0 4.071
1636793160 20.22 94.75 0 4.071
1636793220 20.19 94.81 0 4.071
1636793280 20.19 94.91 0 4.071
1636793340 20.15 94.67 0 4.071
1636793400 20.11 94.7 0 4.071
1636793460 20.08 94.65 0 4.071
1636793520 20.08 94.8 0 4.071
1636793580 20.01 94.8 0 4.071
1636793640 19.99 94.83 0 4.071
1636793700 19.96 95.05 0 4.071
1636793760 19.94 95.07 0 4.071
1636793820 19.91 95.13 0 4.071
1636793880 19.85 95.15 0 4.071
1636793940 19.81 95.1 0 4.071
1636794000 19.81 95.3 0 4.071
1636794060 19.84 95.75 0 4.071
1636794120 19.91 95.91 0 4.071
1636794180 19.91 95.86 0 4.071
1636794240 19.85 95.6 0 4.071
1636794300 19.81 95.6 0 4.071
1636794360 19.82 95.67 0 4.071
1636794420 19.78 95.82 0 4.065
1636794480 19.78 96 0 4.071
1636794540 19.84 96.12 0 4.071
1636794600 19.89 96.13 0 4.071
1636794660 19.87 96.02 0 4.065
1636794720 19.84 95.79 0 4.071
1636794780 19.8 95.75 0 4.071
1636794840 19.77 95.8 0 4.071
1636794900 19.75 95.77 0 4.065
1636794960 19.71 95.75 0 4.071
1636795020 19.73 95.89 0 4.071
1636795080 19.68 95.81 0 4.071
1636795140 19.7 95.91 0 4.071
1636795200 19.64 95.77 0 4.071
1636795260 19.64 96.07 0 4.071
1636795320 19.61 96.07 0 4.071
1636795380 19.64 96.31 0 4.071
1636795440 19.73 96.59 0 4.071
1636795500 19.77 96.69 0 4.071
1636795560 19.81 96.72 0 4.065
1636795620 19.81 96.84 0 4.071
1636795680 19.85 96.71 0 4.071
1636795740 19.87 96.72 0 4.071
1636795800 19.95 96.69 0 4.071
1636795860 19.94 96.33 0 4.065
1636795920 19.95 95.94 0 4.071
1636795980 19.92 95.69 0 4.071
1636796040 19.91 95.47 0 4.071
1636796100 19.87 95.17 0 4.071
1636796160 19.88 94.94 0 4.071
1636796220 19.87 94.73 0 4.071
1636796280 19.87 94.4 0 4.071
1636796340 19.88 94.29 0 4.071
1636796400 19.89 94.16 0 4.065
1636796460 19.94 94.19 0 4.071
1636796520 19.94 93.82 0 4.071
1636796580 19.94 93.78 0 4.071
1636796640 19.95 93.81 0 4.071
1636796700 19.89 93.73 0 4.065
1636796760 19.87 94.02 0 4.071
1636796820 19.82 94.12 0 4.071
1636796880 19.78 94.26 0 4.071
1636796940 19.73 94.32 0 4.071
1636797000 19.67 94.34 0 4.071
1636797060 19.65 94.5 0 4.071
1636797120 19.63 94.6 0 4.065
1636797180 19.57 94.55 0 4.065
1636797240 19.56 94.66 0 4.071
1636797300 19.52 94.63 0 4.071
1636797360 19.49 94.73 0 4.071
1636797420 19.41 94.71 0 4.071
1636797480 19.41 94.91 0 4.071
1636797540 19.38 95.08 0 4.071
1636797600 19.37 95.3 0 4.071
1636797660 19.4 95.66 0 4.071
1636797720 19.41 95.54 0 4.065
1636797780 19.46 95.95 0 4.071
1636797840 19.49 95.83 0 4.071
1636797900 19.5 96.08 0 4.071
1636797960 19.47 96.02 0 4.065
1636798020 19.43 95.97 0 4.065
1636798080 19.43 96.02 0 4.071
1636798140 19.44 96.08 0 4.071
1636798200 19.36 95.63 0 4.065
1636798260 19.33 95.74 0 4.065
1636798320 19.26 95.59 0 4.071
1636798380 19.2 95.6 0 4.071
1636798440 19.13 95.42 0 4.065
1636798500 19.12 95.47 0 4.071
1636798560 19.12 95.64 0 4.071
1636798620 19.09 95.29 0 4.071
1636798680 19.07 95.31 0 4.071
1636798740 19.07 95.26 0 4.071
1636798800 19.07 95.15 0 4.071
1636798860 19.09 95.27 0 4.065
1636798920 19.07 95.18 0 4.065
1636798980 19.09 95.06 0 4.065
1636799040 19.06 94.83 0 4.065
1636799100 19.06 94.76 0 4.065
1636799160 19.03 94.64 0 4.071
1636799220 19.03 94.68 0 4.071
1636799280 19.05 94.95 0 4.065
1636799340 19.05 95.07 0 4.071
1636799400 19.06 95.01 0 4.065
1636799460 19.1 95.06 0 4.065
1636799520 19.1 94.99 0 4.071
1636799580 19.12 94.86 0 4.071
1636799640 19.1 94.89 0 4.071
1636799700 19.1 95 0 4.071
1636799760 19.13 94.38 0 4.071
1636799820 19.19 94.06 0 4.071
1636799880 19.25 93.51 0 4.065
1636799940 19.26 93.19 0 4.071
1636800000 19.25 93.07 0 4.065
1636800060 19.29 93.15 0 4.065
1636800120 19.29 93.47 0 4.065
1636800180 19.32 93.8 0 4.065
1636800240 19.25 93.47 0 4.065
1636800300 19.29 93.82 0 4.065
1636800360 19.34 94.07 0 4.065
1636800420 19.38 93.8 0 4.071
1636800480 19.38 93.47 0 4.065
1636800540 19.41 93.65 0 4.071
1636800600 19.43 93.7 0 4.071
1636800660 19.44 93.79 0 4.071
1636800720 19.44 93.99 0 4.065
1636800780 19.41 93.65 0 4.071
1636800840 19.38 93.91 0 4.071
1636800900 19.41 93.79 0 4.071
1636800960 19.41 93.56 0 4.065
1636801020 19.37 93.26 0 4.065
1636801080 19.34 93.11 0 4.071
1636801140 19.37 92.89 0 4.065
1636801200 19.32 92.61 0 4.065
1636801260 19.27 92.7 0 4.065
1636801320 19.23 92.66 0 4.065
1636801380 19.2 92.63 0 4.065
1636801440 19.2 92.59 0 4.065
1636801500 19.16 92.63 0 4.071
1636801560 19.17 92.73 0 4.065
1636801620 19.16 92.69 0 4.065
1636801680 19.13 93.1 4 4.065
1636801740 19.16 93.12 4 4.065
1636801800 19.2 93.07 4 4.065
1636801860 19.15 93.1 4 4.065
1636801920 19.1 93.09 4 4.065
1636801980 19.1 93.18 4 4.065
1636802040 19.09 93.18 4 4.065
1636802100 19.07 93.4 4 4.065
1636802160 19.03 93.55 4 4.071
1636802220 19.07 93.76 4 4.065
1636802280 19.01 93.54 4 4.065
1636802340 18.98 93.59 4 4.065
1636802400 18.94 93.79 4 4.065
1636802460 18.89 93.83 10 4.065
1636802520 18.85 94.05 10 4.065
1636802580 18.82 94.24 10 4.065
1636802640 18.79 94.57 10 4.065
1636802700 18.78 94.64 10 4.065
1636802760 18.79 94.74 16 4.065
1636802820 18.82 94.77 16 4.065
1636802880 18.81 94.75 16 4.065
1636802940 18.75 94.77 22 4.065
1636803000 18.76 94.86 22 4.065
1636803060 18.76 95.02 28 4.065
1636803120 18.78 94.9 28 4.065
1636803180 18.84 94.93 28 4.065
1636803240 18.86 94.99 34 4.065
1636803300 18.88 95.05 34 4.065
1636803360 18.88 95 40 4.065
1636803420 18.89 95.18 40 4.065
1636803480 18.91 95.25 40 4.065
1636803540 18.92 95.44 46 4.065
1636803600 18.96 95.55 46 4.065
1636803660 18.99 95.63 46 4.065
1636803720 19.01 95.71 52 4.065
1636803780 19.03 95.77 52 4.065
1636803840 19.03 95.6 52 4.065
1636803900 19.06 95.51 52 4.065
1636803960 19.13 95.66 52 4.065
1636804020 19.16 95.58 58 4.065
1636804080 19.27 95.46 58 4.065
1636804140 19.32 95.26 58 4.065
1636804200 19.4 94.91 58 4.065
1636804260 19.5 94.65 58 4.065
1636804320 19.56 94.29 58 4.065
1636804380 19.6 94.03 58 4.065
1636804440 19.61 93.71 58 4.065
1636804500 19.64 93.45 58 4.065
1636804560 19.71 93.33 58 4.065
1636804620 19.74 93.17 58 4.065
1636804680 19.77 92.97 52 4.065
1636804740 19.8 92.46 52 4.065
1636804800 19.81 92.42 52 4.065
1636804860 19.81 92.06 52 4.065
1636804920 19.84 92.34 52 4.065
1636804980 19.84 92.12 52 4.065
1636805040 19.84 91.87 52 4.06
1636805100 19.87 91.71 52 4.065
1636805160 19.87 91.63 58 4.065
1636805220 19.89 91.52 58 4.065
1636805280 19.91 91.12 64 4.065
1636805340 19.92 90.98 64 4.065
1636805400 19.95 90.69 64 4.065
1636805460 20.01 90.69 64 4.065
1636805520 20.04 90.63 64 4.065
1636805580 20.07 90.56 70 4.065
1636805640 20.09 90.73 70 4.065
1636805700 20.11 90.82 70 4.065
1636805760 20.15 90.88 70 4.065
1636805820 20.16 90.55 70 4.065
1636805880 20.19 90.29 70 4.065
1636805940 20.22 90.42 70 4.065
1636806000 20.25 90.33 76 4.065
1636806060 20.28 90.3 76 4.065
1636806120 20.33 90.42 76 4.06
1636806180 20.35 90.19 76 4.065
1636806240 20.35 90.22 76 4.065
1636806300 20.38 90.19 82 4.06
1636806360 20.39 90.31 76 4.065
1636806420 20.38 90.31 76 4.065
1636806480 20.38 90.31 76 4.065
1636806540 20.42 90.26 76 4.065
1636806600 20.44 90.2 82 4.065
1636806660 20.5 90.44 82 4.06
1636806720 20.5 90.44 82 4.065
1636806780 20.5 90.44 82 4.065
1636806840 20.5 90.5 82 4.065
1636806900 20.53 90.5 82 4.065
1636806960 20.5 90.15 82 4.06
1636807020 20.53 89.89 76 4.06
1636807080 20.54 89.78 76 4.06
1636807140 20.59 89.75 76 4.065
1636807200 20.65 89.8 70 4.065
1636807260 20.73 89.92 70 4.06
1636807320 20.74 89.69 70 4.065
1636807380 20.76 89.64 70 4.06
1636807440 20.8 89.76 76 4.065
1636807500 20.81 89.49 76 4.065
1636807560 20.84 89.46 82 4.065
1636807620 21.14 88.53 233 4.071
1636807680 21.22 88.02 364 4.076
1636807740 21.41 87.32 304 4.071
1636807800 21.62 86.34 137 4.065
1636807860 21.75 86.18 173 4.065
1636807920 21.92 86.05 292 4.071
1636807980 22.03 85.56 215 4.071
1636808040 22.18 85.2 293 4.071
1636808100 22.41 84.2 388 4.082
1636808160 22.65 84.28 399 4.065
1636808220 22.89 81.61 405 4.06
1636808280 23.06 80.5 399 4.065
1636808340 23.24 79.87 411 4.06
1636808400 23.53 78.3 411 4.065
1636808460 23.8 77.48 411 4.065
1636808520 23.98 77.54 405 4.06
1636808580 24.28 76.03 411 4.06
1636808640 24.33 75.56 417 4.06
1636808700 24.66 75.3 429 4.06
1636808760 24.77 74.1 435 4.06
1636808820 24.74 73.34 441 4.06
1636808880 24.83 74.72 447 4.06
1636808940 24.94 72.83 453 4.06
1636809000 25.13 68.87 453 4.06
1636809060 25.22 69.54 453 4.06
1636809120 25.22 71.09 459 4.06
1636809180 25.44 69.31 465 4.055
1636809240 25.55 66.69 469 4.055
1636809300 25.79 65.7 477 4.06
1636809360 25.89 64.14 483 4.06
1636809420 25.92 65.06 489 4.06
1636809480 26.26 66.41 495 4.055
1636809540 26.37 66.22 501 4.06
1636809600 26.34 65.02 507 4.06
1636809660 25.96 66.27 512 4.06
1636809720 26.03 67.18 512 4.06
1636809780 26.28 66.52 518 4.06
1636809840 26.06 65.69 518 4.06
1636809900 25.87 66.66 524 4.055
1636809960 25.72 67.33 530 4.06
1636810020 25.69 67.43 536 4.06
1636810080 25.87 67.13 536 4.055
1636810140 25.83 67.35 542 4.055
1636810200 25.94 67.69 548 4.055
1636810260 25.83 68.58 554 4.06
1636810320 25.85 68.95 554 4.06
1636810380 25.9 69.18 554 4.06
1636810440 25.68 68.9 560 4.055
1636810500 25.39 70.33 560 4.055
1636810560 25.53 69.53 566 4.055
1636810620 25.83 68.56 572 4.055
1636810680 26 68.64 572 4.055
1636810740 26.13 68.33 578 4.055
1636810800 26.13 67.41 590 4.06
1636810860 25.55 70 590 4.055
1636810920 25.49 70.23 596 4.055
1636810980 25.87 69.53 594 4.06
1636811040 26.22 68.72 600 4.055
1636811100 26.35 66.96 606 4.055
1636811160 26.51 67.42 608 4.06
1636811220 26.92 66.25 614 4.06
1636811280 26.88 65.38 614 4.06
1636811340 27.26 64.43 620 4.06
1636811400 27.4 63.61 618 4.06
1636811460 26.98 64.56 624 4.06
1636811520 27.12 65.76 630 4.055
1636811580 27.49 63.17 632 4.06
1636811640 27.81 62.15 636 4.055
1636811700 28.08 61.59 643 4.055
1636811760 27.91 60.43 636 4.055
1636811820 27.65 61.49 636 4.055
1636811880 27.95 61.07 655 4.055
1636811940 28.36 59.81 661 4.055
1636812000 28.19 61.64 667 4.055
1636812060 28.36 59.79 667 4.055
1636812120 28.62 58.46 667 4.055
1636812180 28.6 59.45 679 4.055
1636812240 28.53 59.5 679 4.055
1636812300 28.2 59.47 685 4.055
1636812360 28.39 60.05 685 4.055
1636812420 28.55 59.49 691 4.055
1636812480 28.2 59.12 697 4.055
1636812540 27.95 59.94 703 4.055
1636812600 27.84 60.87 703 4.055
1636812660 27.88 62.51 709 4.055
1636812720 27.71 61.1 709 4.055
1636812780 27.91 60.19 715 4.055
1636812840 28.18 58.53 721 4.055
1636812900 28.53 58.19 721 4.055
1636812960 28.86 55.41 727 4.055
1636813020 29.13 55.18 727 4.055
1636813080 28.93 57.62 727 4.055
1636813140 28.98 56.6 739 4.055
1636813200 28.36 57.22 749 4.055
1636813260 28.71 55.6 755 4.055
1636813320 29.04 55.1 761 4.055
1636813380 29.05 55.19 768 4.055
1636813440 29.14 54.73 768 4.055
1636813500 29.26 53.26 761 4.055
1636813560 29.22 54.15 761 4.055
1636813620 29.45 52.08 768 4.055
1636813680 29.34 53.06 774 4.055
1636813740 29.29 52.89 780 4.055
1636813800 29.71 52.5 780 4.055
1636813860 29.86 51.54 780 4.055
1636813920 29.71 51.48 780 4.055
1636813980 29.62 51.95 786 4.055
1636814040 29.65 51.73 798 4.055
1636814100 29.28 52.11 804 4.055
1636814160 29.25 52.06 810 4.055
1636814220 29.34 52.51 810 4.055
1636814280 29.25 52.9 816 4.055
1636814340 28.93 53.15 816 4.055
1636814400 29.22 53.67 816 4.055
1636814460 29.41 55.42 822 4.055
1636814520 29.82 51.62 834 4.055
1636814580 29.65 52.31 834 4.049
1636814640 29.86 53.03 834 4.049
1636814700 29.65 53.04 838 4.055
1636814760 29.83 52.57 852 4.049
1636814820 29.77 51.39 856 4.049
1636814880 29.24 52.18 864 4.055
1636814940 29.61 52.19 864 4.049
1636815000 29.65 53.19 870 4.055
1636815060 29.87 51.96 876 4.055
1636815120 29.83 51.6 874 4.049
1636815180 30.04 51.95 876 4.049
1636815240 30.53 50.17 882 4.049
1636815300 30.38 49.95 888 4.049
1636815360 30.67 49.56 892 4.049
1636815420 30.61 49.51 899 4.049
1636815480 30.81 48.92 905 4.055
1636815540 30.42 49.54 911 4.055
1636815600 30.85 49.31 921 4.055
1636815660 30.53 49.6 927 4.049
1636815720 30.51 50.04 927 4.049
1636815780 30.45 52.32 927 4.055
1636815840 30.13 53.63 941 4.055
1636815900 30.69 50.84 951 4.049
1636815960 30.53 50.87 953 4.055
1636816020 29.48 51.6 953 4.049
1636816080 28.78 54.83 963 4.049
1636816140 28.93 55.12 963 4.055
1636816200 28.76 55.98 975 4.049
1636816260 28.78 54.75 977 4.055
1636816320 29.62 53.31 999 4.049
1636816380 30.35 51.3 1031 4.049
1636816440 30.3 51.49 1054 4.055
1636816500 30.71 51.26 1070 4.049
1636816560 31.09 50.97 1084 4.049
1636816620 31.36 48.84 1100 4.049
1636816680 31.76 48.9 1094 4.049
1636816740 31.71 47.29 1106 4.049
1636816800 31.68 47.82 536 4.049
1636816860 31.41 47.36 1149 4.049
1636816920 31.16 48 1136 4.049
1636816980 31.2 47.55 1136 4.049
1636817040 31.4 47.07 1112 4.049
1636817100 31.36 46.21 1058 4.049
1636817160 31.06 47.38 1207 4.049
1636817220 31.19 47.03 1201 4.049
1636817280 30.64 50.39 899 4.049
1636817340 30.45 50.79 802 4.049
1636817400 30.86 49.53 409 4.049
1636817460 30.71 50.93 409 4.049
1636817520 30.48 52.83 505 4.049
1636817580 29.73 55.39 391 4.049
1636817640 29.58 57.27 326 4.049
1636817700 29.72 56.48 296 4.049
1636817760 29.52 56.67 278 4.049
1636817820 29.15 58.03 268 4.055
1636817880 29.21 57.97 262 4.055
1636817940 29.21 57.85 256 4.055
1636818000 29.35 57 231 4.055
1636818060 29.31 57.31 243 4.06
1636818120 28.96 58.43 256 4.06
1636818180 28.76 58.31 256 4.055
1636818240 28.18 60.09 280 4.06
1636818300 27.64 60.64 286 4.06
1636818360 27.25 62 298 4.06
1636818420 27.32 61.99 292 4.06
1636818480 27.12 62.76 286 4.06
1636818540 27.2 62.92 304 4.06
1636818600 27.2 62.82 316 4.06
1636818660 27.33 62.25 399 4.055
1636818720 27.26 61.79 1174 4.055
1636818780 27.71 61.77 374 4.055
1636818840 28.16 59.45 804 4.055
1636818900 28.45 58.91 411 4.055
1636818960 28.7 58.27 314 4.055
1636819020 28.93 57.39 302 4.055
1636819080 28.84 56.4 284 4.055
1636819140 28.55 57.26 274 4.055
1636819200 28.23 58.88 266 4.055
1636819260 28.14 59.61 268 4.055
1636819320 28.15 58.82 286 4.055
1636819380 28.15 59.38 290 4.055
1636819440 28.04 58.81 505 4.055
1636819500 28.05 59.23 332 4.055
1636819560 28.12 57.58 338 4.049
1636819620 28.11 58.25 332 4.06
1636819680 28.14 59.35 1203 4.049
1636819740 28.26 58.18 923 4.055
1636819800 28.52 57.8 1225 4.049
1636819860 28.98 55.13 1255 4.055
1636819920 29.41 55.17 1292 4.049
1636819980 30.02 52.34 1267 4.055
1636820040 30.21 50.87 1267 4.049
1636820100 30.51 48.82 1273 4.049
1636820160 30.84 48.47 1249 4.049
1636820220 30.98 51.26 1237 4.049
1636820280 31.18 48.53 1207 4.049
1636820340 31.59 47.18 1189 4.049
1636820400 31.97 47.02 1201 4.049
1636820460 32.04 44.58 1213 4.049
1636820520 32.24 44.45 1219 4.049
1636820580 32.29 44.29 1213 4.049
1636820640 31.76 45.65 1207 4.049
1636820700 31.4 47.44 1201 4.049
1636820760 31.88 48.53 1195 4.049
1636820820 32.49 47.46 1207 4.049
1636820880 31.92 47.38 1213 4.049
1636820940 31.54 46.93 1201 4.049
1636821000 30.34 47.62 1231 4.049
1636821060 30.42 48.66 1207 4.049
1636821120 30.42 47.61 576 4.049
1636821180 30.32 49.45 981 4.049
1636821240 30.19 49.2 1219 4.049
1636821300 30.51 50.41 534 4.049
1636821360 30.71 49.49 630 4.049
1636821420 30.47 50.04 302 4.049
1636821480 30.98 48.18 1118 4.049
1636821540 30.79 49.68 1155 4.049
1636821600 30.55 48.87 1112 4.049
1636821660 30.74 50.91 1123 4.049
1636821720 31.4 48.36 1130 4.049
1636821780 31.67 46.2 1149 4.049
1636821840 31.98 47.44 1183 4.049
1636821900 31.59 49.48 1171 4.049
1636821960 31.9 47.41 1149 4.049
1636822020 32.39 45.97 1149 4.049
1636822080 32.56 45.74 1149 4.044
1636822140 32.34 46.53 1149 4.049
1636822200 32.77 46.31 1155 4.044
1636822260 33.03 46.08 1171 4.049
1636822320 32.83 43.44 1212 4.044
1636822380 32.35 46.05 344 4.049
1636822440 32.14 46.75 439 4.049
1636822500 32.46 46.44 873 4.049
1636822560 32.36 46.18 290 4.049
1636822620 31.9 46.46 290 4.049
1636822680 31.32 48.47 284 4.049
1636822740 30.4 52.32 290 4.049
1636822800 29.63 55.02 272 4.049
1636822860 29.2 56.59 256 4.044
1636822920 29.18 56.55 249 4.044
1636822980 29.08 56.45 225 4.049
1636823040 29.13 57.47 219 4.049
1636823100 29.01 57.23 225 4.049
1636823160 28.87 57.85 231 4.049
1636823220 28.92 58.1 826 4.049
1636823280 28.7 58.52 266 4.049
1636823340 28.59 59.96 308 4.049
1636823400 29 58.59 1129 4.049
1636823460 29.1 57.68 1124 4.049
1636823520 29.15 55.86 1124 4.049
1636823580 28.97 57.9 1118 4.044
1636823640 29.49 57.83 1123 4.049
1636823700 29.63 55 1124 4.049
1636823760 30.02 54.82 1124 4.049
1636823820 30.3 54.21 1135 4.049
1636823880 30.5 51.68 1124 4.049
1636823940 30.79 51.16 1117 4.049
1636824000 31.09 51.7 1117 4.044
1636824060 31.66 49.68 1117 4.044
1636824120 31.85 48.85 1130 4.049
1636824180 31.78 47.87 1141 4.044
1636824240 31.6 48.19 1147 4.044
1636824300 31.61 49.5 1165 4.049
1636824360 31.8 49.02 1171 4.044
1636824420 31.78 49.7 1206 4.044
1636824480 31.95 49.48 1082 4.049
1636824540 32.12 47.69 861 4.049
1636824600 31.97 48.26 706 4.044
1636824660 31.8 49.36 653 4.044
1636824720 31.64 50.07 1243 4.044
1636824780 31.81 50.16 1099 4.044
1636824840 31.43 50.46 1188 4.044
1636824900 31.33 50.59 1171 4.049
1636824960 31.43 51.53 1149 4.049
1636825020 31.7 50.38 1135 4.044
1636825080 31.87 50.68 1123 4.044
1636825140 31.88 49.39 1123 4.044
1636825200 31.71 49.56 1112 4.044
1636825260 31 51.48 1099 4.049
1636825320 31.12 50.24 1069 4.049
1636825380 30.37 52.7 1106 4.049
1636825440 30.1 52.99 1123 4.044
1636825500 30.17 54.39 1093 4.044
1636825560 30.84 51.72 1117 4.044
1636825620 30.98 51.93 1123 4.044
1636825680 31.05 52.72 1124 4.049
1636825740 31.2 51.24 1135 4.044
1636825800 31.06 52.02 1153 4.049
1636825860 31.16 52.66 1170 4.044
1636825920 31.2 51.86 1165 4.044
1636825980 31.67 52.71 1159 4.044
1636826040 31.66 50.39 1141 4.049
1636826100 31.59 51.41 1142 4.044
1636826160 31.74 50.76 1129 4.044
1636826220 31.29 52.05 1124 4.044
1636826280 31.2 52.28 1123 4.044
1636826340 31.36 51.46 1129 4.044
1636826400 31.57 50.56 1129 4.044
1636826460 31.61 52.1 1141 4.044
1636826520 31.92 50.07 1170 4.049
1636826580 32.19 49.69 1188 4.044
1636826640 31.9 50.28 1201 4.044
1636826700 31.32 50.96 1188 4.044
1636826760 31.68 50.43 1182 4.049
1636826820 31.99 49.55 1147 4.044
1636826880 31.95 48.73 927 4.044
1636826940 31.54 50.06 260 4.044
1636827000 30.58 52.55 879 4.049
1636827060 30.65 52.11 409 4.044
1636827120 30.62 52.87 950 4.044
1636827180 30.92 51.36 552 4.044
1636827240 30.74 54.25 1129 4.044
1636827300 30.75 51.94 1117 4.044
1636827360 30.72 52.21 1111 4.044
1636826520 31.92 50.07 1170 4.049
1636826580 32.19 49.69 1188 4.044
1636826640 31.9 50.28 1201 4.044
1636826700 31.32 50.96 1188 4.044
1636826760 31.68 50.43 1182 4.049
1636826820 31.99 49.55 1147 4.044
1636826880 31.95 48.73 927 4.044
1636826940 31.54 50.06 260 4.044
1636827000 30.58 52.55 879 4.049
1636827060 30.65 52.11 409 4.044
1636827120 30.62 52.87 950 4.044
1636827180 30.92 51.36 552 4.044
1636827240 30.74 54.25 1129 4.044
1636827300 30.75 51.94 1117 4.044
1636827360 30.72 52.21 1111 4.044
1636827420 31 51.64 1105 4.044
1636827480 31.33 52.61 1099 4.044
1636827540 31.5 50.45 1099 4.044
1636827600 31.39 51.98 1105 4.044
1636827660 31.3 50.16 1111 4.044
1636827720 30.92 52.24 1105 4.044
1636827780 31.08 52.24 1093 4.044
1636827840 30.75 52.77 1081 4.044
1636827900 31.08 51.11 1081 4.044
1636827960 31.27 51.28 1082 4.044
1636828020 30.98 51.11 1069 4.044
1636828080 31.44 51.29 1075 4.044
1636828140 31.27 52 1069 4.044
1636828200 31.19 51.75 1057 4.044
1636828260 31.37 50.03 427 4.044
1636828320 31.47 51.01 326 4.044
1636828380 31.1 51.5 326 4.044
1636828440 30.71 52.61 355 4.044
1636828500 30.6 52.99 433 4.044
1636828560 30.04 54.35 1010 4.044
1636828620 30.19 54.19 1067 4.044
1636828680 30.17 54.56 1081 4.044
1636828740 30.54 54.89 1063 4.044
1636828800 30.82 52.65 1045 4.044
1636828860 30.04 54.05 1069 4.044
1636828920 29.51 55.54 1069 4.044
1636828980 29.36 56.13 284 4.049
1636829040 29.56 57.06 302 4.044
1636829100 29.75 55.23 439 4.044
1636829160 29.62 55.78 344 4.044
1636829220 29.72 55.84 373 4.044
1636829280 29.69 56.12 415 4.044
1636829340 29.76 55.28 439 4.044
1636829400 29.73 55.97 498 4.044
1636829460 29.92 55.26 802 4.044
1636829520 29.75 55.61 551 4.044
1636829580 30.07 55.24 439 4.044
1636829640 29.96 54.45 439 4.044
1636829700 29.31 55.93 457 4.044
1636829760 29.22 56.58 457 4.044
1636829820 29.35 56.54 706 4.044
1636829880 28.87 56.38 510 4.039
1636829940 28.77 57.52 718 4.044
1636830000 29.18 56.84 528 4.044
1636830060 29.49 55.3 701 4.044
1636830120 29.75 55.69 653 4.044
1636830180 29.96 54.45 463 4.044
1636830240 30.07 54.76 397 4.044
1636830300 29.96 53.98 379 4.044
1636830360 29.84 54.26 385 4.044
1636830420 29.52 55.03 751 4.06
1636830480 29.24 56.53 405 4.055
1636830540 29.2 56.88 429 4.055
1636830600 29.17 56.54 380 4.049
1636830660 29.13 57.25 391 4.049
1636830720 29.32 56.45 445 4.044
1636830780 29.1 57.13 641 4.044
1636830840 28.62 58.5 355 4.044
1636830900 28.59 58.97 338 4.044
1636830960 28.65 58.69 338 4.044
1636831020 28.47 57.98 355 4.044
1636831080 28.15 59.9 344 4.044
1636831140 27.85 60.85 338 4.044
1636831200 27.98 61.28 350 4.044
1636831260 27.85 61.17 617 4.044
1636831320 27.85 61.58 284 4.049
1636831380 27.84 61.22 266 4.049
1636831440 27.78 61.62 260 4.049
1636831500 27.76 61.75 249 4.049
1636831560 27.8 61.67 249 4.049
1636831620 27.53 61.58 249 4.049
1636831680 27.44 62.34 249 4.055
1636831740 27.74 62.09 237 4.049
1636831800 27.98 60.97 243 4.049
1636831860 28.12 60.87 243 4.049
1636831920 28.15 60.48 237 4.049
1636831980 28.31 59.15 225 4.049
1636832040 28.19 59.82 219 4.049
1636832100 28.09 59.46 231 4.049
1636832160 28.04 60.21 237 4.055
1636832220 27.76 60.15 249 4.055
1636832280 27.51 61.66 256 4.049
1636832340 27.5 61.63 274 4.055
1636832400 27.77 61.63 274 4.055
1636832460 27.98 60.66 268 4.055
1636832520 28.16 60.26 280 4.055
1636832580 28.31 60.13 292 4.055
1636832640 28.07 59.72 292 4.055
1636832700 27.92 60.48 286 4.055
1636832760 27.76 60.71 274 4.055
1636832820 27.5 61.76 262 4.055
1636832880 27.44 61.81 249 4.055
1636832940 27.14 62.57 231 4.055
1636833000 27.13 63.13 213 4.055
1636833060 27.16 63.55 201 4.055
1636833120 27.1 63.44 213 4.049
1636833180 27.01 63.54 256 4.055
1636833240 27.05 63.57 897 4.049
1636833300 27.29 63.39 784 4.044
1636833360 27.83 61.42 933 4.049
1636833420 28.2 61.93 861 4.044
1636833480 28.83 58.31 499 4.044
1636833540 29.22 57.87 326 4.049
1636833600 29.11 57.48 308 4.044
1636833660 28.73 58.57 302 4.044
1636833720 29.1 58.02 284 4.049
1636833780 29.14 57.75 266 4.049
1636833840 28.98 57.05 284 4.044
1636833900 29.01 57.54 284 4.049
1636833960 29.11 57.23 266 4.049
1636834020 29.11 56.94 262 4.049
1636834080 28.78 59.18 274 4.049
1636834140 28.63 58.39 302 4.055
1636834200 28.34 59.08 320 4.055
1636834260 28.2 59.77 332 4.055
1636834320 28.43 59.4 350 4.055
1636834380 28.59 59.44 558 4.049
1636834440 28.67 58.97 499 4.049
1636834500 28.53 59.24 837 4.049
1636834560 28.73 58.7 844 4.049
1636834620 28.89 58.44 843 4.049
1636834680 29.04 58.04 832 4.049
1636834740 29.39 56.95 831 4.049
1636834800 29.63 56.82 814 4.044
1636834860 29.76 56 790 4.049
1636834920 29.65 55.85 778 4.044
1636834980 29.61 56.64 605 4.044
1636835040 29.61 57.09 761 4.044
1636835100 29.61 56.59 760 4.044
1636835160 29.77 55.98 742 4.044
1636835220 29.66 56.41 742 4.044
1636835280 28.93 58.33 718 4.044
1636835340 29.2 58.41 695 4.044
1636835400 29.24 57.85 641 4.044
1636835460 29.41 56.9 677 4.044
1636835520 29.17 57 701 4.044
1636835580 29.42 56.74 736 4.049
1636835640 29.34 57.1 742 4.044
1636835700 29.36 57.64 718 4.044
1636835760 30.04 55.97 689 4.044
1636835820 29.98 55.38 661 4.06
1636835880 29.61 56.45 644 4.055
1636835940 28.94 57.75 638 4.06
1636836000 28.47 59.41 632 4.06
1636836060 28.53 59.59 638 4.065
1636836120 28.63 59.61 638 4.06
1636836180 28.69 60.2 644 4.06
1636836240 28.63 58.7 638 4.065
1636836300 28.86 56.85 620 4.065
1636836360 29.17 57.38 578 4.049
1636835520 29.17 57 701 4.044
1636835580 29.42 56.74 736 4.049
1636835640 29.34 57.1 742 4.044
1636835700 29.36 57.64 718 4.044
1636835760 30.04 55.97 689 4.044
1636835820 29.98 55.38 661 4.06
1636835880 29.61 56.45 644 4.055
1636835940 28.94 57.75 638 4.06
1636836000 28.47 59.41 632 4.06
1636836060 28.53 59.59 638 4.065
1636836120 28.63 59.61 638 4.06
1636836180 28.69 60.2 644 4.06
1636836240 28.63 58.7 638 4.065
1636836300 28.86 56.85 620 4.065
1636836360 29.17 57.38 578 4.049
1636836420 29.26 56.25 570 4.049
1636836480 28.92 56.68 171 4.049
1636836540 28.67 58.53 540 4.049
1636836600 28.8 57.74 546 4.049
1636836660 28.43 58.84 546 4.049
1636836720 28.5 59.58 548 4.06
1636836780 29 58.4 505 4.06
1636836840 29.22 56.74 429 4.055
1636836900 28.98 58.04 507 4.055
1636836960 28.87 58.27 536 4.06
1636837020 28.78 58.14 530 4.06
1636837080 28.39 59.19 530 4.06
1636837140 28.28 59.01 524 4.06
1636837200 28.05 59.44 308 4.06
1636837260 27.85 60.12 137 4.055
1636837320 27.64 60.32 225 4.055
1636837380 27.54 61.41 477 4.06
1636837440 28.07 60.25 501 4.06
1636837500 28.41 59.21 495 4.06
1636837560 28.41 57.57 489 4.06
1636837620 28.18 58.46 481 4.06
1636837680 28.16 58.85 489 4.06
1636837740 28.01 59.74 524 4.06
1636837800 28.05 59.78 554 4.055
1636837860 27.98 60.46 560 4.055
1636837920 27.95 60.71 566 4.049
1636837980 27.98 60.8 546 4.049
1636838040 27.99 60.68 536 4.049
1636838100 28.05 60.43 522 4.049
1636838160 28.2 59.81 499 4.055
1636838220 28.65 58.99 189 4.049
1636838280 28.7 58.19 403 4.055
1636838340 28.5 58.7 451 4.049
1636838400 28.63 58.44 445 4.055
1636838460 28.74 58.95 439 4.049
1636838520 28.74 58.07 441 4.055
1636838580 28.45 59.3 445 4.06
1636838640 28.46 59.84 447 4.06
1636838700 28.81 58.37 441 4.06
1636838760 28.6 58.01 435 4.06
1636838820 28.77 58.38 423 4.055
1636838880 28.8 59.09 405 4.06
1636838940 28.74 59.65 399 4.055
1636839000 28.87 59.71 387 4.06
1636839060 28.78 59.72 387 4.06
1636839120 28.6 59.81 387 4.06
1636839180 28.65 59.82 387 4.06
1636839240 28.5 59.12 393 4.06
1636839300 28.38 59.73 411 4.06
1636839360 28.69 59.46 423 4.065
1636839420 28.73 59.38 429 4.06
1636839480 28.81 58.3 411 4.06
1636839540 28.65 58.75 393 4.06
1636839600 28.9 57.82 368 4.06
1636839660 28.55 59.42 344 4.06
1636839720 28.46 59.9 338 4.06
1636839780 28.63 59.74 334 4.06
1636839840 28.78 59.55 334 4.06
1636839900 28.65 59.26 326 4.06
1636839960 28.42 60.41 322 4.06
1636840020 28.36 60.97 322 4.06
1636840080 28.45 60.92 310 4.055
1636840140 28.22 61.5 298 4.06
1636840200 28.09 61.78 292 4.06
1636840260 28.14 61.9 286 4.06
1636840320 28.07 62.26 284 4.049
1636840380 28.01 62.67 286 4.055
1636840440 28.02 62.51 286 4.055
1636840500 27.98 61.99 280 4.06
1636840560 27.88 61.85 124 4.055
1636840620 27.72 62.12 262 4.055
1636840680 27.5 62.65 213 4.06
1636840740 27.44 62.98 183 4.055
1636840800 27.41 63.57 207 4.055
1636840860 27.17 63.67 143 4.055
1636840920 26.26 67.16 28 4.055
1636840980 26.16 68.02 28 4.055
1636841040 26.06 68.56 28 4.055
1636841100 26.04 68.64 28 4.055
1636841160 25.97 68.79 28 4.055
1636841220 25.96 69.27 22 4.055
1636841280 25.96 69.21 22 4.055
1636841340 25.9 68.9 22 4.055
1636841400 25.85 69.41 22 4.055
1636841460 25.77 69.61 22 4.055
1636841520 25.71 69.46 16 4.055
1636841580 25.72 69.78 16 4.049
1636841640 25.65 69.62 16 4.055
1636841700 25.64 69.89 16 4.055
1636841760 25.64 69.83 16 4.055
1636841820 25.61 70 16 4.055
1636841880 25.59 70.32 10 4.055
1636841940 25.56 70.37 10 4.049
1636842000 25.49 70.89 10 4.049
1636842060 25.45 71.29 10 4.049
1636842120 25.38 71.57 10 4.044
1636842180 25.38 71.94 10 4.049
1636842240 25.35 71.95 10 4.049
1636842300 25.27 72.26 10 4.049
1636842360 25.18 72.76 4 4.049
1636842420 25.13 73.24 4 4.055
1636842480 25.14 73.59 4 4.049
1636842540 25.08 73.84 4 4.049
1636842600 25.01 73.89 4 4.049
1636842660 24.98 74.38 4 4.055
1636842720 24.94 74.17 4 4.049
1636842780 24.91 74.59 4 4.049
1636842840 24.86 74.49 4 4.049
1636842900 24.87 74.45 0 4.055
1636842960 24.81 74.83 4 4.055
1636843020 24.78 74.65 0 4.049
1636843080 24.77 74.7 0 4.049
1636843140 24.76 74.58 0 4.055
1636843200 24.69 75.04 0 4.055
1636843260 24.67 75.23 0 4.049
1636843320 24.69 75.11 0 4.049
1636843380 24.66 75.15 0 4.055
1636843440 24.62 75.56 0 4.049
1636843500 24.57 75.53 0 4.049
1636843560 24.55 75.68 0 4.049
1636843620 24.55 75.86 0 4.049
1636843680 24.5 75.98 0 4.049
1636843740 24.49 76.33 0 4.055
1636843800 24.49 76.28 0 4.049
1636843860 24.46 76.44 0 4.055
1636843920 24.49 76.64 0 4.049
1636843980 24.43 76.79 0 4.049
1636844040 24.4 76.85 0 4.049
1636844100 24.44 77.01 0 4.049
1636844160 24.42 77.01 0 4.055
1636844220 24.42 77.09 0 4.049
1636844280 24.39 77.26 0 4.049
1636844340 24.39 77.41 0 4.055
1636844400 24.36 77.56 0 4.049
1636844460 24.38 77.72 0 4.055
1636844520 24.35 77.66 0 4.049
1636844580 24.36 77.59 0 4.049
1636844640 24.35 77.89 0 4.049
1636844700 24.3 77.54 0 4.049
1636844760 24.26 77.84 0 4.049
1636844820 24.28 77.66 0 4.049
1636844880 24.25 77.75 0 4.049
1636844940 24.23 77.94 0 4.049
1636845000 24.23 77.95 0 4.055
1636845060 24.22 78.05 0 4.049
1636845120 24.26 78.13 0 4.049
1636845180 24.21 78.52 0 4.055
1636845240 24.19 78.52 0 4.049
1636845300 24.23 78.37 0 4.049
1636845360 24.21 78.3 0 4.055
1636845420 24.23 78.38 0 4.049
1636845480 24.21 78.39 0 4.055
1636845540 24.16 78.55 0 4.049
1636845600 24.16 78.71 0 4.049
1636845660 24.15 78.81 0 4.049
1636845720 24.14 78.84 0 4.049
1636845780 24.12 79.09 0 4.049
1636845840 24.09 79.38 0 4.049
1636845900 24.09 79.2 0 4.049
1636845960 24.12 79.32 0 4.049
1636846020 24.14 79.23 0 4.049
1636846080 24.12 78.98 0 4.049
1636846140 24.14 79.13 0 4.049
1636846200 24.16 79.05 0 4.049
1636846260 24.18 79.05 0 4.049
1636846320 24.21 79.09 0 4.049
1636846380 24.21 79.37 0 4.049
1636846440 24.19 79.53 0 4.049
1636846500 24.21 79.52 0 4.049
1636846560 24.23 79.39 0 4.049
1636846620 24.26 79.11 0 4.049
1636846680 24.23 79.34 0 4.049
1636846740 24.18 79.62 0 4.049
1636846800 24.21 79.78 0 4.049
1636846860 24.18 80.04 0 4.049
1636846920 24.16 80.38 0 4.049
1636846980 24.14 80.27 0 4.049
1636847040 24.11 80.46 0 4.049
1636847100 24.14 80.53 0 4.049
1636847160 24.12 80.6 0 4.049
1636847220 24.09 80.6 0 4.049
1636847280 24.11 80.64 0 4.049
1636847340 24.05 80.79 0 4.049
1636847400 24.05 80.82 0 4.049
1636847460 24.07 80.93 0 4.049
1636847520 24.01 81.15 0 4.049
1636847580 24.04 81.38 0 4.049
1636847640 24 81.55 0 4.049
1636847700 24.05 81.2 0 4.049
1636847760 24.05 81.57 0 4.049
1636847820 24.04 81.48 0 4.049
1636847880 23.98 81.68 0 4.049
1636847940 23.94 81.96 0 4.049
1636848000 23.95 81.96 0 4.049
1636848060 23.94 81.96 0 4.049
1636848120 23.92 82 0 4.049
1636848180 23.92 82.34 0 4.049
1636848240 23.89 82.29 0 4.049
1636848300 23.87 82.28 0 4.049
1636848360 23.84 82.6 0 4.049
1636848420 23.81 82.45 0 4.049
1636848480 23.84 82.52 0 4.049
1636848540 23.84 82.49 0 4.049
1636848600 23.8 82.63 0 4.049
1636848660 23.8 82.81 0 4.049
1636848720 23.77 82.98 0 4.049
1636848780 23.72 82.88 0 4.049
1636848840 23.72 83 0 4.049
1636848900 23.77 82.74 0 4.049
1636848960 23.74 82.77 0 4.049
1636849020 23.77 83.1 0 4.049
1636849080 23.72 83.05 0 4.049
1636849140 23.68 83.12 0 4.049
1636849200 23.68 83.08 0 4.049
1636849260 23.67 83.34 0 4.049
1636849320 23.63 83.52 0 4.049
1636849380 23.61 83.52 0 4.049
1636849440 23.59 83.45 0 4.049
1636849500 23.6 83.46 0 4.049
1636849560 23.59 83.57 0 4.049
1636849620 23.59 83.47 0 4.049
1636849680 23.54 83.83 0 4.049
1636849740 23.53 83.98 0 4.049
1636849800 23.47 84.05 0 4.049
1636849860 23.44 84.3 0 4.049
1636849920 23.43 84.38 0 4.049
1636849980 23.44 84.38 0 4.049
1636850040 23.4 84.37 0 4.049
1636850100 23.42 84.37 0 4.049
1636850160 23.37 84.04 0 4.049
1636850220 23.36 84.32 0 4.044
1636850280 23.32 84.36 0 4.049
1636850340 23.32 84.67 0 4.049
1636850400 23.34 84.93 0 4.049
1636850460 23.3 84.74 0 4.049
1636850520 23.29 84.73 0 4.049
1636850580 23.26 84.76 0 4.049
1636850640 23.22 84.96 0 4.049
1636850700 23.17 85.07 0 4.049
1636850760 23.2 85.01 0 4.049
1636850820 23.19 85.08 0 4.049
1636850880 23.16 85.16 0 4.049
1636850940 23.17 85.56 0 4.049
1636851000 23.19 85.43 0 4.049
1636851060 23.12 85.64 0 4.049
1636851120 23.08 85.99 0 4.044
1636851180 23.13 85.8 0 4.049
1636851240 23.16 85.77 0 4.049
1636851300 23.14 85.86 0 4.049
1636851360 23.1 86.04 0 4.049
1636851420 23.08 86.2 0 4.044
1636851480 23.06 86.26 0 4.049
1636851540 23.02 86.49 0 4.049
1636851600 22.99 86.65 0 4.049
1636851660 23.01 86.71 0 4.049
1636851720 23.02 86.55 0 4.049
1636851780 23.03 86.52 0 4.049
1636851840 23.03 86.58 0 4.049
1636851900 23.09 86.36 0 4.049
1636851960 23.12 86.32 0 4.044
1636852020 23.1 86.41 0 4.044
1636852080 23.1 86.46 0 4.049
1636852140 23.12 86.47 0 4.044
1636852200 23.1 86.3 0 4.044
1636852260 23.1 86.41 0 4.044
1636852320 23.16 86.24 0 4.049
1636852380 23.19 86.2 0 4.044
1636852440 23.2 86.22 0 4.049
1636852500 23.24 85.93 0 4.044
1636852560 23.27 85.89 0 4.044
1636852620 23.32 85.66 0 4.044
1636852680 23.33 85.62 0 4.049
1636852740 23.34 85.75 0 4.044
1636852800 23.3 85.85 0 4.049
1636852860 23.32 85.85 0 4.044
1636852920 23.32 85.88 0 4.044
1636852980 23.3 85.82 0 4.044
1636853040 23.33 85.77 0 4.044
1636853100 23.34 85.74 0 4.049
1636853160 23.33 85.72 0 4.049
1636853220 23.3 85.7 0 4.044
1636853280 23.34 85.69 0 4.049
1636853340 23.34 85.55 0 4.049
1636853400 23.36 85.57 0 4.044
1636853460 23.34 85.57 0 4.044
1636853520 23.36 85.62 0 4.044
1636853580 23.37 85.6 0 4.049
1636853640 23.37 85.58 0 4.049
1636853700 23.37 85.57 0 4.049
1636853760 23.39 85.33 0 4.049
1636853820 23.37 85.36 0 4.044
1636853880 23.33 85.36 0 4.044
1636853940 23.34 85.38 0 4.044
1636854000 23.33 85.36 0 4.044
1636854060 23.37 85.41 0 4.044
1636854120 23.42 85.44 0 4.049
1636854180 23.36 85.41 0 4.044
1636854240 23.39 85.36 0 4.044
1636854300 23.39 85.48 0 4.049
1636854360 23.39 85.42 0 4.044
1636854420 23.42 85.35 0 4.049
1636854480 23.42 85.51 0 4.044
1636854540 23.43 85.29 0 4.049
1636854600 23.43 85.02 0 4.044
1636854660 23.43 85.23 0 4.044
1636854720 23.43 84.91 0 4.044
1636854780 23.42 84.76 0 4.044
1636854840 23.44 84.43 0 4.044
1636854900 23.46 83.98 0 4.044
1636854960 23.47 83.93 0 4.049
1636855020 23.49 83.87 0 4.044
1636855080 23.44 83.59 0 4.044
1636855140 23.43 83.62 0 4.049
1636855200 23.46 83.8 0 4.044
1636855260 23.42 83.98 0 4.044
1636855320 23.42 84.04 0 4.049
1636855380 23.42 83.98 0 4.044
1636855440 23.39 83.82 0 4.044
1636855500 23.4 83.9 0 4.044
1636855560 23.39 83.84 0 4.044
1636855620 23.37 83.68 0 4.044
1636855680 23.39 83.71 0 4.044
1636855740 23.37 83.58 0 4.044
1636855800 23.36 83.49 0 4.049
1636855860 23.34 83.73 0 4.044
1636855920 23.33 83.52 0 4.044
1636855980 23.32 83.63 0 4.044
1636856040 23.29 83.58 0 4.044
1636856100 23.29 83.66 0 4.044
1636856160 23.3 83.65 0 4.044
1636856220 23.26 83.74 0 4.044
1636856280 23.26 83.75 0 4.044
1636856340 23.23 83.76 0 4.044
1636856400 23.22 84.39 0 4.044
1636856460 23.2 84.52 0 4.044
1636856520 23.2 84.4 0 4.044
1636856580 23.22 84.32 0 4.044
1636856640 23.23 84.26 0 4.044
1636856700 23.24 84.31 0 4.044
1636856760 23.29 84.41 0 4.049
1636856820 23.3 84.4 0 4.044
1636856880 23.29 84.42 0 4.044
1636856940 23.27 84.43 0 4.049
1636857000 23.27 84.36 0 4.044
1636857060 23.33 84.39 0 4.049
1636857120 23.29 84.25 0 4.044
1636857180 23.3 84.05 0 4.044
1636857240 23.32 84.14 0 4.044
1636857300 23.29 83.97 0 4.049
1636857360 23.32 84.15 0 4.044
1636857420 23.29 84.01 0 4.044
1636857480 23.26 83.98 0 4.044
1636857540 23.26 83.83 0 4.049
1636857600 23.24 83.84 0 4.044
1636857660 23.24 83.85 0 4.044
1636857720 23.29 83.67 0 4.044
1636857780 23.24 83.82 0 4.044
1636857840 23.23 83.85 0 4.044
1636857900 23.16 83.41 0 4.044
1636857960 23.17 83.67 0 4.044
1636858020 23.12 83.89 0 4.044
1636858080 23.1 84.16 0 4.044
1636858140 23.06 84.19 0 4.044
1636858200 23.08 84.39 0 4.044
1636858260 23.06 84.51 0 4.044
1636858320 23.08 84.7 0 4.044
1636858380 23.03 84.76 0 4.044
1636858440 23.02 84.97 0 4.044
1636858500 22.98 84.91 0 4.044
1636858560 22.93 85.12 0 4.044
1636858620 22.92 85.28 0 4.044
1636858680 22.89 85.35 0 4.044
1636858740 22.86 85.51 0 4.044
1636858800 22.82 85.59 0 4.044
1636858860 22.81 85.6 0 4.044
1636858920 22.82 86.07 0 4.044
1636858980 22.81 86.04 0 4.044
1636859040 22.79 86 0 4.044
1636859100 22.78 86.13 0 4.044
1636859160 22.78 86.18 0 4.044
1636859220 22.82 85.78 0 4.044
1636859280 22.85 86.02 0 4.044
1636859340 22.89 86.3 0 4.044
1636859400 22.85 86.34 0 4.044
1636859460 22.78 86.41 0 4.044
1636859520 22.76 85.57 0 4.044
1636859580 22.84 85.6 0 4.044
1636859640 22.85 85.64 0 4.044
1636859700 22.89 85.46 0 4.044
1636859760 22.89 85.37 0 4.044
1636859820 22.89 85.58 0 4.044
1636859880 22.88 85.59 0 4.044
1636859940 22.88 85.59 0 4.044
1636860000 22.91 85.52 0 4.044
1636860060 22.88 85.56 0 4.044
1636860120 22.89 85.79 0 4.039
1636860180 22.86 85.47 0 4.044
1636860240 22.88 84.6 0 4.044
1636860300 22.89 84.71 0 4.044
1636860360 22.95 84.94 0 4.044
1636860420 22.93 84.94 0 4.044
1636860480 22.92 84.98 0 4.044
1636860540 22.91 85.11 0 4.044
1636860600 22.91 85.06 0 4.044
1636860660 22.89 83.98 0 4.044
1636860720 22.93 84.27 0 4.044
1636860780 22.93 83.88 0 4.044
1636860840 22.89 83.55 0 4.044
1636860900 22.91 83.6 0 4.044
1636860960 22.92 83.49 0 4.049
1636861020 22.98 83.38 0 4.044
1636861080 23.05 84.84 0 4.044
1636861140 22.98 85.22 0 4.039
1636861200 22.93 85.48 0 4.033
1636861260 22.93 86.01 0 4.044
1636861320 22.89 86.32 0 4.044
1636861380 22.84 86.63 0 4.039
1636861440 22.82 86.63 0 4.044
1636861500 22.78 86.64 0 4.044
1636861560 22.75 86.69 0 4.044
1636861620 22.72 86.52 0 4.044
1636861680 22.65 86.75 0 4.044
1636861740 22.57 86.71 0 4.044
1636861800 22.54 86.44 0 4.044
1636861860 22.52 86.69 0 4.044
1636861920 22.47 86.05 0 4.044
1636861980 22.45 86.27 0 4.044
1636862040 22.45 86.62 0 4.044
1636862100 22.45 86.6 0 4.044
1636862160 22.35 85.01 0 4.044
1636862220 22.38 84.58 0 4.044
1636862280 22.35 84.58 0 4.044
1636862340 22.33 85.09 0 4.044
1636862400 22.3 84.89 0 4.044
1636862460 22.33 84.75 0 4.044
1636862520 22.33 83.96 0 4.044
1636862580 22.34 84.04 0 4.044
1636862640 22.37 83.3 0 4.044
1636862700 22.37 82.58 0 4.044
1636862760 22.38 82.37 0 4.044
1636862820 22.4 82.73 0 4.044
1636862880 22.43 82.54 0 4.044
1636862940 22.44 80.68 0 4.044
1636863000 22.47 80.87 0 4.044
1636863060 22.48 81.34 0 4.044
1636863120 22.47 79.95 0 4.044
1636863180 22.5 78.03 0 4.044
1636863240 22.51 76.81 0 4.044
1636863300 22.57 75.76 0 4.044
1636863360 22.62 75.28 0 4.044
1636863420 22.59 75.66 0 4.044
1636863480 22.61 75.86 0 4.044
1636863540 22.62 75.77 0 4.044
1636863600 22.64 75.98 0 4.044
1636863660 22.65 76.1 0 4.039
1636863720 22.58 76.61 0 4.039
1636863780 22.52 77.14 0 4.044
1636863840 22.47 77.59 0 4.044
1636863900 22.45 76.67 0 4.044
1636863960 22.51 76.54 0 4.039
1636864020 22.51 76.24 0 4.044
1636864080 22.52 76.02 0 4.044
1636864140 22.52 75.37 0 4.044
1636864200 22.54 75.91 0 4.044
1636864260 22.54 75.83 0 4.039
1636864320 22.54 76.16 0 4.044
1636864380 22.54 76.07 0 4.039
1636864440 22.52 76.36 0 4.044
1636864500 22.5 76.14 0 4.044
1636864560 22.52 76.85 0 4.044
1636864620 22.51 77.19 0 4.039
1636864680 22.48 77.39 0 4.044
1636864740 22.47 77.41 0 4.044
1636864800 22.44 78.04 0 4.044
1636864860 22.38 78.04 0 4.039
1636864920 22.38 76.37 0 4.039
1636864980 22.44 76.25 0 4.044
1636865040 22.43 76.23 0 4.039
1636865100 22.5 77.48 0 4.044
1636865160 22.47 78.83 0 4.044
1636865220 22.41 79.02 0 4.039
1636865280 22.41 79.85 0 4.039
1636865340 22.37 80.71 0 4.039
1636865400 22.37 81.51 0 4.039
1636865460 22.38 82.29 0 4.039
1636865520 22.34 83.82 0 4.039
1636865580 22.31 84.37 0 4.039
1636865640 22.23 84.06 0 4.044
1636865700 22.18 84.44 0 4.044
1636865760 22.2 84.77 0 4.039
1636865820 22.18 84.93 0 4.039
1636865880 22.18 85.04 0 4.039
1636865940 22.14 84.7 0 4.039
