1636779600 21.59 88.25 0 4.012
1636779660 21.55 88.46 0 4.017
1636779720 21.45 88.64 0 4.017
1636779780 21.41 89.07 0 4.017
1636779840 21.32 89.42 0 4.012
1636779900 21.27 89.62 0 4.012
1636779960 21.24 89.97 0 4.017
1636780020 21.17 90.1 0 4.017
1636780080 21.11 90.35 0 4.017
1636780140 21.08 90.54 0 4.012
1636780200 21.05 90.75 0 4.012
1636780260 21.1 90.69 0 4.012
1636780320 21.1 90.64 0 4.012
1636780380 21.15 90.55 0 4.012
1636780440 21.18 90.15 0 4.012
1636780500 21.17 90.25 0 4.012
1636780560 21.17 90.24 0 4.012
1636780620 21.15 89.95 0 4.012
1636780680 21.2 90.07 0 4.012
1636780740 21.21 89.99 0 4.012
1636780800 21.28 89.63 0 4.012
1636780860 21.3 89.48 0 4.012
1636780920 21.4 89.14 0 4.012
1636780980 21.44 89.11 0 4.017
1636781040 21.46 88.98 0 4.006
1636781100 21.52 88.79 0 4.012
1636781160 21.54 88.48 0 4.012
1636781220 21.54 88.41 0 4.012
1636781280 21.54 88.13 0 4.012
1636781340 21.49 88.25 0 4.012
1636781400 21.44 88.39 0 4.017
1636781460 21.45 88.47 0 4.012
1636781520 21.46 88.17 0 4.012
1636781580 21.51 87.8 0 4.012
1636781640 21.48 87.75 0 4.012
1636781700 21.44 87.62 0 4.012
1636781760 21.41 87.59 0 4.012
1636781820 21.4 87.45 0 4.012
1636781880 21.38 87.28 0 4.012
1636781940 21.35 87.23 0 4.006
1636782000 21.32 87.3 0 4.012
1636782060 21.3 87.54 0 4.006
1636782120 21.31 87.6 0 4.006
1636782180 21.31 87.7 0 4.012
1636782240 21.3 87.53 0 4.006
1636782300 21.32 87.68 0 4.006
1636782360 21.31 87.57 0 4.012
1636782420 21.27 87.9 0 4.012
1636782480 21.24 88.17 0 4.012
1636782540 21.21 88.32 0 4.012
1636782600 21.18 88.56 0 4.012
1636782660 21.17 88.67 0 4.012
1636782720 21.14 88.85 0 4.012
1636782780 21.25 88.72 0 4.006
1636782840 21.27 88.36 0 4.006
1636782900 21.31 88.16 0 4.006
1636782960 21.37 88.18 0 4.006
1636783020 21.37 88.24 0 4.006
1636783080 21.37 88.27 0 4.006
1636783140 21.38 88.45 0 4.006
1636783200 21.4 88.56 0 4.006
1636783260 21.45 88.62 0 4.006
1636783320 21.46 88.72 0 4.006
1636783380 21.54 88.96 0 4.006
1636783440 21.54 88.96 0 4.006
1636783500 21.56 88.9 0 4.006
1636783560 21.55 89.06 0 4.006
1636783620 21.48 89.2 0 4.006
1636783680 21.45 89.2 0 4.006
1636783740 21.45 89.02 0 4.006
1636783800 21.55 88.59 0 4.006
1636783860 21.61 87.98 0 4.006
1636783920 21.63 87.55 0 4.006
1636783980 21.68 87.37 0 4.006
1636784040 21.66 87.37 0 4.006
1636784100 21.65 87.39 0 4.006
1636784160 21.63 87.45 0 4.006
1636784220 21.62 87.46 0 4.006
1636784280 21.62 87.9 0 4.006
1636784340 21.56 87.73 0 4.006
1636784400 21.54 87.9 0 4.006
1636784460 21.55 87.95 0 4.006
1636784520 21.54 87.95 0 4.006
1636784580 21.51 88.21 0 4.006
1636784640 21.48 88.88 0 4.001
1636784700 21.55 89.6 0 4.001
1636784760 21.51 89.12 0 4.006
1636784820 21.59 88.97 0 4.006
1636784880 21.59 88.95 0 4.006
1636784940 21.62 89.25 0 4.006
1636785000 21.65 88.82 0 4.006
1636785060 21.61 88.98 0 4.001
1636785120 21.56 89.15 0 4.006
1636785180 21.55 89.21 0 4.006
1636785240 21.52 89.37 0 4.001
1636785300 21.51 89.44 0 4.006
1636785360 21.46 89.88 0 4.006
1636785420 21.46 90.61 0 4.006
1636785480 21.46 90.48 0 4.006
1636785540 21.46 90.84 0 4.001
1636785600 21.44 90.86 0 4.001
1636785660 21.38 90.72 0 4.001
1636785720 21.4 91.07 0 4.001
1636785780 21.4 90.73 0 4.001
1636785840 21.38 91.1 0 4.001
1636785900 21.44 91.19 0 4.001
1636785960 21.4 90.95 0 4.001
1636786020 21.34 91.2 0 4.006
1636786080 21.31 91.21 0 4.001
1636786140 21.24 91.35 0 4.006
1636786200 21.25 91.39 0 4.006
1636786260 21.2 91.35 0 4.001
1636786320 21.2 91.75 0 4.001
1636786380 21.1 91.87 0 4.001
1636786440 21.11 91.83 0 3.996
1636786500 21.08 91.97 0 4.001
1636786560 21.04 92.04 0 4.001
1636786620 21.01 92.06 0 4.001
1636786680 20.98 92.23 0 4.001
1636786740 20.95 92.63 0 4.001
1636786800 20.91 92.92 0 4.001
1636786860 20.84 93.18 0 4.001
1636786920 20.8 93.38 0 4.001
1636786980 20.74 93.54 0 4.001
1636787040 20.73 93.74 0 4.001
1636787100 20.71 93.87 0 4.001
1636787160 20.7 94.07 0 4.001
1636787220 20.67 94.06 0 4.001
1636787280 20.69 94.39 0 4.001
1636787340 20.67 94.4 0 3.996
1636787400 20.66 94.41 0 4.001
1636787460 20.69 94.67 0 4.001
1636787520 20.67 94.71 0 3.996
1636787580 20.7 94.81 0 4.001
1636787640 20.65 94.68 0 4.001
1636787700 20.69 94.75 0 4.001
1636787760 20.7 94.89 0 4.001
1636787820 20.7 94.7 0 4.001
1636787880 20.76 94.82 0 4.001
1636787940 20.81 94.74 0 4.001
1636788000 20.83 94.38 0 4.001
1636788060 20.83 94.29 0 4.001
1636788120 20.79 94.27 0 4.001
1636788180 20.8 94.52 0 4.001
1636788240 20.77 94.65 0 3.996
1636788300 20.76 94.73 0 3.996
1636788360 20.81 95.13 0 3.996
1636788420 20.8 95.1 0 3.996
1636788480 20.83 95.22 0 4.001
1636788540 20.8 95.02 0 3.996
1636788600 20.8 95.21 0 3.996
1636788660 20.79 95.02 0 4.001
1636788720 20.76 94.99 0 4.001
1636788780 20.71 95.04 0 4.001
1636788840 20.65 94.37 0 3.996
1636788900 20.6 94.22 0 4.001
1636788960 20.63 94.25 0 3.996
1636789020 20.67 94.31 0 3.996
1636789080 20.7 94.42 0 3.996
1636789140 20.69 94 0 3.996
1636789200 20.79 94.28 0 3.996
1636789260 20.87 94.38 0 3.996
1636789320 20.97 94.19 0 3.996
1636789380 20.98 93.84 0 3.996
1636789440 20.97 93.65 0 3.996
1636789500 20.98 93.46 0 3.996
1636789560 21 93.31 0 3.996
1636789620 21.01 93.68 0 3.996
1636789680 21.05 93.42 0 3.996
1636789740 21.02 93.56 0 3.996
1636789800 21.01 93.6 0 3.996
1636789860 21.04 93.59 0 3.996
1636789920 21.01 93.44 0 3.996
1636789980 21.01 93.55 0 3.996
1636790040 21.01 93.69 0 3.99
1636790100 21.02 93.95 0 3.996
1636790160 21 93.76 0 3.996
1636790220 20.98 93.83 0 3.996
1636790280 20.95 94 0 3.996
1636790340 20.97 93.98 0 3.996
1636790400 20.94 93.87 0 3.996
1636790460 20.93 93.95 0 3.996
1636790520 20.94 93.96 0 3.996
1636790580 20.9 93.85 0 3.996
1636790640 20.89 94.2 0 3.996
1636790700 20.87 94.08 0 3.996
1636790760 20.84 94.11 0 3.996
1636790820 20.8 94.29 0 3.996
1636790880 20.76 94.35 0 3.996
1636790940 20.73 94.53 0 3.99
1636791000 20.7 94.79 0 3.99
1636791060 20.7 94.86 0 3.99
1636791120 20.71 95.1 0 3.99
1636791180 20.73 95.13 0 3.996
1636791240 20.73 95.14 0 3.996
1636791300 20.73 94.88 0 3.996
1636791360 20.65 94.6 0 3.996
1636791420 20.6 94.31 0 3.996
1636791480 20.57 94.12 0 3.99
1636791540 20.53 93.95 0 3.99
1636791600 20.49 93.42 0 3.996
1636791660 20.49 93.02 0 3.996
1636791720 20.54 92.49 0 3.99
1636791780 20.51 91.59 0 3.996
1636791840 20.56 91.17 0 3.99
1636791900 20.57 90.49 0 3.996
1636791960 20.57 89.72 0 3.99
1636792020 20.62 89.48 0 3.996
1636792080 20.62 88.92 0 3.996
1636792140 20.59 88.36 0 3.99
1636792200 20.56 88.31 0 3.99
1636792260 20.54 88.18 0 3.996
1636792320 20.53 87.97 0 3.99
1636792380 20.53 88.34 0 3.99
1636792440 20.56 88.74 0 3.99
1636792500 20.51 88.55 0 3.996
1636792560 20.51 88.44 0 3.996
1636792620 20.5 88.31 0 3.99
1636792680 20.46 87.91 0 3.99
1636792740 20.46 87.86 0 3.99
1636792800 20.44 87.84 0 3.99
1636792860 20.44 87.63 0 3.99
1636792920 20.44 87.64 0 3.99
1636792980 20.44 87.39 0 3.99
1636793040 20.39 87.45 0 3.99
1636793100 20.38 87.62 0 3.99
1636793160 20.33 87.6 0 3.99
1636793220 20.29 87.47 0 3.99
1636793280 20.26 87.55 0 3.99
1636793340 20.22 87.84 0 3.99
1636793400 20.2 87.85 0 3.99
1636793460 20.16 87.68 0 3.99
1636793520 20.18 87.54 0 3.99
1636793580 20.16 87.4 0 3.99
1636793640 20.18 87.42 0 3.985
1636793700 20.28 87.33 0 3.985
1636793760 20.26 87.03 0 3.99
1636793820 20.23 86.91 0 3.99
1636793880 20.18 87.25 0 3.99
1636793940 20.15 87.24 0 3.985
1636794000 20.16 87.63 0 3.985
1636794060 20.08 87.71 0 3.99
1636794120 20.11 88.48 0 3.985
1636794180 20.32 89.08 0 3.99
1636794240 20.29 88.55 0 3.99
1636794300 20.22 88.69 0 3.99
1636794360 20.23 89.08 0 3.985
1636794420 20.23 88.56 0 3.985
1636794480 20.19 88.54 0 3.99
1636794540 20.16 88.61 0 3.985
1636794600 20.19 88.74 0 3.985
1636794660 20.22 88.4 0 3.985
1636794720 20.2 88.27 0 3.985
1636794780 20.19 88.41 0 3.985
1636794840 20.15 88.59 0 3.985
1636794900 20.09 88.42 0 3.985
1636794960 20.02 88.08 0 3.985
1636795020 20.02 88.04 0 3.985
1636795080 20.16 87.73 0 3.985
1636795140 20.23 86.31 0 3.985
1636795200 20.29 86.09 0 3.985
1636795260 20.28 85.56 0 3.985
1636795320 20.25 85.26 0 3.985
1636795380 20.28 85.27 0 3.985
1636795440 20.3 84.95 0 3.985
1636795500 20.39 84.93 0 3.979
1636795560 20.47 84.34 0 3.985
1636795620 20.51 84.14 0 3.985
1636795680 20.51 84.03 0 3.985
1636795740 20.54 83.94 0 3.985
1636795800 20.56 83.85 0 3.985
1636795860 20.54 83.84 0 3.985
1636795920 20.5 84.1 0 3.985
1636795980 20.57 84.01 0 3.979
1636796040 20.54 84 0 3.985
1636796100 20.54 84.24 0 3.985
1636796160 20.49 84.12 0 3.985
1636796220 20.49 84.13 0 3.985
1636796280 20.44 84.21 0 3.985
1636796340 20.39 84.07 0 3.979
1636796400 20.38 84.45 0 3.979
1636796460 20.38 84.48 0 3.979
1636796520 20.3 84.21 0 3.985
1636796580 20.26 84.55 0 3.985
1636796640 20.3 84.61 0 3.985
1636796700 20.23 84.55 0 3.985
1636796760 20.2 84.61 0 3.979
1636796820 20.26 84.75 0 3.985
1636796880 20.28 84.68 0 3.985
1636796940 20.23 84.95 0 3.985
1636797000 20.19 85.14 0 3.985
1636797060 20.23 85.03 0 3.985
1636797120 20.22 84.95 0 3.985
1636797180 20.14 85.06 0 3.985
1636797240 20.12 85.46 0 3.979
1636797300 20.16 85.47 0 3.979
1636797360 20.07 85.64 0 3.979
1636797420 20.04 85.93 0 3.985
1636797480 20.02 85.87 0 3.985
1636797540 19.95 85.85 0 3.979
1636797600 19.93 86.1 0 3.985
1636797660 20.09 86.52 0 3.985
1636797720 20.19 85.9 0 3.985
1636797780 20.2 85.89 0 3.979
1636797840 20.22 86.03 0 3.979
1636797900 20.32 85.89 0 3.979
1636797960 20.4 85.71 0 3.979
1636798020 20.5 86.86 0 3.979
1636798080 20.54 87.3 0 3.985
1636798140 20.49 86.66 0 3.979
1636798200 20.59 88.2 0 3.979
1636798260 20.63 88.29 0 3.979
1636798320 20.53 88.83 0 3.979
1636798380 20.57 89.58 0 3.979
1636798440 20.69 89.53 0 3.979
1636798500 20.74 89.53 0 3.979
1636798560 20.76 89.42 0 3.979
1636798620 20.71 89.69 0 3.979
1636798680 20.83 90.93 0 3.979
1636798740 20.8 90.96 0 3.979
1636798800 20.7 90.67 0 3.979
1636798860 20.7 90.57 0 3.979
1636798920 20.71 90.13 0 3.979
1636798980 20.74 89.72 0 3.979
1636799040 20.71 88.67 0 3.974
1636799100 20.76 88.36 0 3.974
1636799160 20.76 87.36 0 3.979
1636799220 20.67 86.16 0 3.979
1636799280 20.66 85.77 0 3.979
1636799340 20.6 85.23 0 3.979
1636799400 20.57 85.31 0 3.979
1636799460 20.54 85.56 0 3.979
1636799520 20.53 85.32 0 3.979
1636799580 20.53 84.93 0 3.979
1636799640 20.57 85.77 0 3.979
1636799700 20.54 85.47 4 3.979
1636799760 20.54 85.84 0 3.979
1636799820 20.54 84.81 0 3.979
1636799880 20.59 86.81 4 3.979
1636799940 20.53 86 4 3.974
1636800000 20.62 87.18 4 3.974
1636800060 20.62 88.77 4 3.974
1636800120 20.47 88.19 4 3.974
1636800180 20.5 88.19 4 3.974
1636800240 20.5 86.91 4 3.974
1636800300 20.5 87.04 4 3.974
1636800360 20.46 86.25 4 3.974
1636800420 20.43 86.02 4 3.974
1636800480 20.43 86.01 4 3.974
1636800540 20.42 85.7 10 3.974
1636800600 20.36 85.65 10 3.979
1636800660 20.36 85.56 10 3.979
1636800720 20.42 86.87 10 3.979
1636800780 20.39 86.74 10 3.974
1636800840 20.38 86.83 10 3.974
1636800900 20.44 88.56 10 3.974
1636800960 20.43 89.22 16 3.974
1636801020 20.36 89.12 16 3.974
1636801080 20.36 89.57 16 3.974
1636801140 20.35 90.1 16 3.974
1636801200 20.3 90.05 16 3.974
1636801260 20.4 91.3 22 3.974
1636801320 20.43 92.01 22 3.974
1636801380 20.36 92.19 22 3.974
1636801440 20.44 93.3 28 3.974
1636801500 20.4 93.29 28 3.974
1636801560 20.39 93.55 34 3.974
1636801620 20.35 93.53 34 3.974
1636801680 20.35 93.71 34 3.974
1636801740 20.33 93.73 40 3.974
1636801800 20.3 93.64 40 3.974
1636801860 20.33 93.29 46 3.974
1636801920 20.38 92.69 46 3.974
1636801980 20.42 92.46 51 3.974
1636802040 20.44 92.08 51 3.974
1636802100 20.5 91.83 57 3.974
1636802160 20.6 91.63 63 3.974
1636802220 20.65 91.19 75 3.974
1636802280 20.71 91.15 97 3.974
1636802340 20.81 90.85 121 3.974
1636802400 20.91 89.79 128 3.974
1636802460 21.02 88.25 134 3.974
1636802520 21.08 85.49 128 3.974
1636802580 21.21 84.5 115 3.974
1636802640 21.42 84.46 134 3.974
1636802700 21.46 83.82 140 3.974
1636802760 21.63 84.56 146 3.974
1636802820 21.69 85.06 146 3.974
1636802880 21.83 85.9 146 3.974
1636802940 21.93 85.26 146 3.974
1636803000 22.06 85.45 128 3.974
1636803060 22.09 84.67 103 3.974
1636803120 22.14 84.75 109 3.974
1636803180 22.14 84.66 103 3.974
1636803240 22.23 85.31 121 3.979
1636803300 22.42 84.21 146 3.979
1636803360 22.33 83.68 128 3.979
1636803420 22.32 83.98 156 3.979
1636803480 22.19 84.64 168 3.979
1636803540 22.3 84.88 209 3.979
1636803600 22.44 84.57 221 3.979
1636803660 22.57 84.17 221 3.979
1636803720 22.63 83.74 221 3.979
1636803780 22.64 84.17 233 3.979
1636803840 22.71 84.31 239 3.985
1636803900 22.97 83.49 245 3.985
1636803960 23.18 82.97 251 3.985
1636804020 23.32 82.28 257 3.985
1636804080 23.22 82.9 263 3.985
1636804140 23.22 82.98 257 3.99
1636804200 23.41 82.68 216 3.99
1636804260 23.62 81.66 180 3.99
1636804320 23.41 81.82 186 3.99
1636804380 23.24 82.53 168 3.99
1636804440 23.21 82.55 180 3.985
1636804500 23.11 82.84 216 3.99
1636804560 23.12 82.52 233 3.99
1636804620 23.22 80.95 198 3.99
1636804680 23.05 77.21 192 3.99
1636804740 22.81 77.58 198 3.99
1636804800 22.64 76.99 198 3.99
1636804860 22.6 77.97 198 3.996
1636804920 22.71 77.5 192 3.996
1636804980 22.81 77.87 192 3.996
1636805040 22.81 78.05 186 3.996
1636805100 22.93 78.01 176 3.996
1636805160 22.94 77.17 164 3.99
1636805220 22.97 77.27 146 3.996
1636805280 23.11 77.04 134 3.99
1636805340 23.17 76.8 121 3.99
1636805400 23.17 77.83 115 3.99
1636805460 23.05 79.67 111 3.99
1636805520 22.78 82.05 105 3.99
1636805580 22.58 83.1 105 3.996
1636805640 22.34 84.06 99 3.99
1636805700 22.27 84.82 93 3.99
1636805760 22.29 84.46 87 3.985
1636805820 22.23 84.5 81 3.985
1636805880 22.27 84.42 81 3.985
1636805940 22.32 84.62 81 3.99
1636806000 22.33 84.31 81 3.985
1636806060 22.29 83.42 87 3.985
1636806120 22.17 78.74 87 3.99
1636806180 22.17 78.42 87 3.99
1636806240 22.27 79.35 81 3.985
1636806300 22.32 80.35 81 3.985
1636806360 22.37 83.83 81 3.985
1636806420 22.42 84.15 81 3.985
1636806480 22.43 84.31 81 3.99
1636806540 22.43 84.06 87 3.985
1636806600 22.46 83.2 81 3.99
1636806660 22.46 84.13 75 3.985
1636806720 22.4 84.63 81 3.985
1636806780 22.3 83.3 93 3.99
1636806840 22.34 83.66 358 3.996
1636806900 22.42 83.68 222 3.996
1636806960 22.63 82.93 99 3.99
1636807020 22.78 83.25 93 3.99
1636807080 22.81 82.87 93 3.99
1636807140 22.79 82.9 93 3.99
1636807200 22.73 83.16 93 3.99
1636807260 22.7 83.41 93 3.99
1636807320 22.73 83.47 99 3.99
1636807380 22.68 83.54 146 3.99
1636807440 22.66 83.38 176 3.99
1636807500 22.67 83.55 376 4.001
1636807560 22.85 83.22 394 4.006
1636807620 23.08 82.62 358 4.006
1636807680 23.3 81.75 400 4.006
1636807740 23.6 80.46 400 4.012
1636807800 23.77 80.01 406 4.012
1636807860 24.09 79.06 412 4.012
1636807920 24.16 78.22 430 4.017
1636807980 24.35 77.73 442 4.017
1636808040 24.5 77.47 448 4.017
1636808100 24.81 76.25 442 4.017
1636808160 24.86 75.98 442 4.022
1636808220 25.06 75.15 442 4.022
1636808280 25.15 74.23 438 4.022
1636808340 25.47 73.4 448 4.028
1636808400 25.53 72.79 448 4.028
1636808460 25.33 72.63 454 4.028
1636808520 25.34 72.68 444 4.028
1636808580 25.3 72.42 456 4.033
1636808640 25.28 72.47 480 4.033
1636808700 24.98 71.68 313 4.028
1636808760 25.05 71.51 117 4.022
1636808820 24.72 72.89 129 4.022
1636808880 24.44 74.38 117 4.017
1636808940 24.31 75.78 105 4.012
1636809000 24.19 76.69 99 4.012
1636809060 23.99 77.53 99 4.012
1636809120 23.97 77.47 99 4.012
1636809180 23.89 78.21 87 4.017
1636809240 23.86 77.94 93 4.012
1636809300 23.72 78.65 99 4.012
1636809360 23.52 79.13 93 4.012
1636809420 23.39 79.56 81 4.012
1636809480 23.36 79.95 81 4.012
1636809540 23.35 79.94 105 4.017
1636809600 23.29 80.15 164 4.017
1636809660 23.33 80.17 117 4.017
1636809720 23.33 80.15 129 4.012
1636809780 23.25 80.25 111 4.017
1636809840 23.21 80.78 105 4.012
1636809900 23.25 80.63 105 4.012
1636809960 23.21 80.79 129 4.012
1636810020 23.21 80.73 462 4.033
1636810080 23.19 80.76 546 4.044
1636810140 23.44 80.57 385 4.039
1636810200 23.77 79.52 552 4.049
1636810260 24.17 77.99 528 4.049
1636810320 24.44 76.82 512 4.055
1636810380 24.58 76.38 548 4.06
1636810440 24.95 75.41 117 4.033
1636810500 25.16 73.92 117 4.033
1636810560 25.28 73.77 111 4.028
1636810620 25.16 73.6 117 4.028
1636810680 25.25 73.33 129 4.028
1636810740 25.19 73.31 159 4.028
1636810800 25.12 73.68 171 4.028
1636810860 25.01 74.23 141 4.028
1636810920 24.81 74.52 141 4.028
1636810980 24.7 74.98 141 4.028
1636811040 24.57 74.93 147 4.028
1636811100 24.57 75.08 153 4.028
1636811160 24.65 75.06 165 4.033
1636811220 24.83 74.38 335 4.022
1636811280 24.93 74.08 578 4.022
1636811340 24.95 73.95 436 4.017
1636811400 25.05 73.6 501 4.017
1636811460 25.05 73.74 695 4.017
1636811520 25.39 72.82 242 4.033
1636811580 25.8 71.91 206 4.033
1636811640 25.77 71.11 200 4.028
1636811700 25.84 71.01 194 4.033
1636811760 25.64 71.43 194 4.033
1636811820 25.47 71.6 189 4.033
1636811880 25.15 72.47 236 4.039
1636811940 25.01 73.17 495 4.022
1636812000 25.04 73.35 749 4.022
1636812060 25.25 72.79 774 4.022
1636812120 25.8 71.4 792 4.022
1636812180 26.24 69.89 798 4.017
1636812240 26.46 68.77 804 4.017
1636812300 26.9 67.4 826 4.017
1636812360 27.25 66.8 843 4.017
1636812420 27.71 65.07 843 4.017
1636812480 27.76 63.99 843 4.017
1636812540 27.84 63.59 843 4.017
1636812600 27.92 63.26 826 4.017
1636812660 27.65 64.42 832 4.017
1636812720 27.77 63.55 510 4.039
1636812780 28.21 62.68 302 4.044
1636812840 28.32 61.82 248 4.039
1636812900 28.12 61.82 224 4.039
1636812960 27.81 62.47 218 4.033
1636813020 27.67 63.53 218 4.039
1636813080 27.13 64.46 272 4.039
1636813140 26.78 65.2 704 4.065
1636813200 26.63 65.89 640 4.071
1636813260 26.51 65.72 237 4.049
1636813320 26.68 65.45 207 4.049
1636813380 26.54 65.45 219 4.049
1636813440 26.3 65.79 417 4.06
1636813500 26.34 64.93 811 4.087
1636813560 26.46 65.01 801 4.103
1636813620 26.58 64.54 758 4.103
1636813680 27.17 63.05 221 4.071
1636813740 27.41 62.83 167 4.06
1636813800 27.64 61.92 177 4.06
1636813860 27.4 62.47 387 4.049
1636813920 27.3 62.78 155 4.06
1636813980 27.07 62.92 147 4.06
1636814040 26.98 63.07 814 4.049
1636814100 26.99 62.7 825 4.049
1636814160 27.25 62.05 831 4.044
1636814220 27.72 60.32 831 4.044
1636814280 27.8 60.21 843 4.044
1636814340 27.81 59.74 837 4.039
1636814400 28.02 58.9 849 4.039
1636814460 28.58 57.88 849 4.044
1636814520 28.66 57.5 853 4.039
1636814580 28.49 57.51 859 4.039
1636814640 28.56 56.81 871 4.039
1636814700 28.69 56.45 865 4.039
1636814760 28.53 56.33 865 4.039
1636814820 27.97 58.64 871 4.039
1636814880 28.41 58.15 883 4.039
1636814940 28.76 56.98 889 4.039
1636815000 28.84 56.8 902 4.039
1636815060 29.24 55.61 906 4.033
1636815120 28.7 55.3 906 4.033
1636815180 28.55 55.83 920 4.039
1636815240 29.23 54.65 915 4.098
1636815300 29.25 54.35 918 4.108
1636815360 29.53 54.09 914 4.125
1636815420 29.88 53.05 909 4.13
1636815480 29.98 52.06 917 4.135
1636815540 30.27 50.24 926 4.146
1636815600 29.92 50.74 921 4.151
1636815660 29.71 51.16 935 4.157
1636815720 29.33 52.05 942 4.173
1636815780 29.38 52.61 951 4.178
1636815840 29.86 52.37 960 4.189
1636815900 30.08 51.84 960 4.194
1636815960 30.53 51.04 968 4.194
1636816020 30.78 49.93 986 4.194
1636816080 30.46 49.94 992 4.2
1636816140 30.15 50.31 1022 4.162
1636816200 30.06 50.85 959 4.162
1636816260 30.32 50.21 230 4.146
1636816320 30.46 49.78 206 4.135
1636816380 29.81 51.5 206 4.135
1636816440 28.93 54.33 224 4.125
1636816500 28.84 55.34 841 4.125
1636816560 28.7 55.68 1016 4.119
1636816620 28.67 57.2 1022 4.119
1636816680 28.96 56.34 1040 4.119
1636816740 29.16 55.57 1058 4.114
1636816800 29.3 56.09 1100 4.114
1636816860 29.82 54.68 1136 4.114
1636816920 30.33 52.67 1019 4.114
1636816980 30.05 53.81 307 4.108
1636817040 30.22 53.71 271 4.103
1636817100 29.84 54.92 246 4.103
1636817160 29.34 56.36 246 4.103
1636817220 28.94 57.83 277 4.103
1636817280 28.42 59.72 899 4.103
1636817340 28.52 59.9 1121 4.103
1636817400 28.35 60.6 1102 4.098
1636817460 28.66 60.29 1109 4.098
1636817520 28.94 59.5 1144 4.098
1636817580 29.04 58.9 1126 4.098
1636817640 29.54 58.31 349 4.098
1636817700 29.67 58.19 319 4.092
1636817760 29.82 57.87 319 4.098
1636817820 29.61 58.26 323 4.098
1636817880 28.87 60.3 373 4.098
1636817940 28.61 61.43 1093 4.092
1636818000 28.42 62.26 932 4.092
1636818060 28.69 61.83 1135 4.092
1636818120 28.87 61.3 1111 4.092
1636818180 29.37 60.03 1111 4.087
1636818240 29.23 59.51 1130 4.087
1636818300 29.47 58.99 1147 4.087
1636818360 29.57 58.27 1141 4.087
1636818420 29.55 58.7 1177 4.087
1636818480 29.75 58.49 1165 4.087
1636818540 29.41 59.92 1159 4.087
1636818600 29.6 59.34 1159 4.087
1636818660 29.67 59.54 894 4.087
1636818720 30.19 58.72 1007 4.082
1636818780 30.11 57.79 460 4.087
1636818840 29.44 59.38 852 4.087
1636818900 29.31 60.17 335 4.087
1636818960 29.21 60.36 299 4.082
1636819020 29.09 60.43 305 4.087
1636819080 28.94 60.88 323 4.087
1636819140 28.74 61.36 359 4.082
1636819200 28.59 61.78 1206 4.082
1636819260 28.43 62.28 1254 4.082
1636819320 28.73 61.9 1248 4.082
1636819380 29.3 60.25 701 4.082
1636819440 29.57 59.19 1139 4.082
1636819500 29.57 59.33 822 4.082
1636819560 30.18 58.24 448 4.082
1636819620 30.47 57.5 359 4.082
1636819680 30.62 57.09 341 4.076
1636819740 30.5 57.21 451 4.098
1636819800 30.3 57.9 781 4.092
1636819860 29.58 59.08 450 4.087
1636819920 29.13 60.98 396 4.082
1636819980 29.45 60.66 478 4.082
1636820040 29.54 59.87 466 4.082
1636820100 29.4 59.83 382 4.082
1636820160 28.96 60.99 347 4.082
1636820220 28.72 61.87 316 4.076
1636820280 28.7 62.15 287 4.076
1636820340 28.41 62.72 275 4.076
1636820400 27.94 64.13 310 4.076
1636820460 27.71 64.96 587 4.076
1636820520 27.7 65.24 382 4.076
1636820580 27.63 65.67 1120 4.076
1636820640 27.88 65.46 1149 4.071
1636820700 28.15 64.03 310 4.071
1636820760 28.42 63.61 340 4.071
1636820820 28.61 62.7 718 4.071
1636820880 28.39 63.11 1142 4.071
1636820940 28.51 63.41 676 4.071
1636821000 28.96 61.38 1185 4.071
1636821060 28.84 61.71 939 4.071
1636821120 28.86 61.64 1179 4.071
1636821180 28.87 61.41 1149 4.071
1636821240 29.16 60.85 268 4.071
1636821300 29.04 60.6 256 4.071
1636821360 28.72 61.35 262 4.071
1636821420 28.14 62.25 286 4.071
1636821480 27.67 63.72 334 4.065
1636821540 27.61 64.02 871 4.119
1636821600 27.5 64.47 1168 4.076
1636821660 27.81 63.84 1040 4.071
1636821720 28.14 62.87 1070 4.071
1636821780 28.65 61.71 1058 4.071
1636821840 28.9 60.68 1064 4.071
1636821900 29.17 60.35 1081 4.071
1636821960 29.81 58.66 1081 4.071
1636822020 29.96 57.29 1070 4.071
1636822080 29.86 56.79 1052 4.071
1636822140 29.96 56.34 1064 4.071
1636822200 30.36 56.58 1076 4.071
1636822260 30.25 56.07 1070 4.065
1636822320 30.32 56.57 1069 4.065
1636822380 29.64 58.45 1093 4.065
1636822440 29.81 58.39 1096 4.141
1636822500 29.76 58.57 1114 4.167
1636822560 30.46 56.75 1130 4.184
1636822620 30.59 56.45 996 4.189
1636822680 31.02 55.48 248 4.125
1636822740 30.87 54.46 222 4.114
1636822800 29.94 57.1 216 4.108
1636822860 29.35 59.18 216 4.108
1636822920 29.03 60.18 216 4.103
1636822980 28.83 60.78 222 4.103
1636823040 28.53 61.82 289 4.103
1636823100 28.38 62.2 1133 4.098
1636823160 28.53 62.35 1114 4.098
1636823220 28.76 61.65 1102 4.098
1636823280 29.1 61.02 1066 4.098
1636823340 29.5 59.89 1085 4.173
1636823400 29.72 58.88 1097 4.194
1636823460 29.67 58.86 1097 4.151
1636823520 29.96 58.32 1118 4.162
1636823580 29.94 58.57 328 4.146
1636823640 30.16 57.52 260 4.135
1636823700 29.3 58.61 1033 4.13
1636823760 28.84 60.53 841 4.13
1636823820 29.18 59.65 1073 4.125
1636823880 28.86 60.19 1097 4.125
1636823940 29.24 59.04 1103 4.125
1636824000 29.25 59.43 1091 4.125
1636824060 29.58 57.83 1073 4.119
1636824120 29.44 58.24 1102 4.119
1636824180 29.91 57.33 252 4.119
1636824240 29.96 56.65 798 4.119
1636824300 29.89 56.94 1064 4.114
1636824360 29.35 57.53 1040 4.114
1636824420 29.14 58.68 1088 4.114
1636824480 29.3 57.93 1052 4.114
1636824540 29.54 57.34 1045 4.108
1636824600 29.98 56.51 1039 4.114
1636824660 29.96 56.41 1025 4.108
1636824720 30.36 55.93 1033 4.108
1636824780 30.78 53.77 1039 4.108
1636824840 30.66 54.67 1039 4.108
1636824900 30.83 54.14 1033 4.108
1636824960 30.88 53.83 1019 4.108
1636825020 31.04 53.65 1031 4.103
1636825080 30.96 53.88 1037 4.103
1636825140 30.73 53.86 1054 4.103
1636825200 31.11 53.88 1067 4.098
1636825260 31.45 52.48 1097 4.103
1636825320 31.51 51.99 554 4.103
1636825380 31.61 51.89 1090 4.098
1636825440 30.56 54.21 1144 4.098
1636825500 30.42 55.25 325 4.098
1636825560 30.87 54.81 301 4.098
1636825620 30.49 55.69 1108 4.098
1636825680 30.18 56.1 1168 4.098
1636825740 30.52 56.15 451 4.098
1636825800 30.83 55.47 1150 4.098
1636825860 30.88 55.05 709 4.092
1636825920 31.04 54.83 1126 4.092
1636825980 30.97 54.89 331 4.092
1636826040 31.3 54.12 245 4.092
1636826100 30.98 53.72 1076 4.087
1636826160 30.3 55.53 1016 4.092
1636826220 30.09 56.16 1028 4.092
1636826280 29.98 56.82 1016 4.092
1636826340 30.02 56.73 1082 4.087
1636826400 30.2 56.32 275 4.087
1636826460 30.02 55.86 263 4.087
1636826520 29.57 56.36 251 4.087
1636826580 29.28 57.54 257 4.087
1636826640 29.38 57.88 1033 4.087
1636826700 29.45 57.44 1014 4.087
1636826760 29.48 57.57 1021 4.087
1636826820 29.53 57.91 1014 4.087
1636826880 29.61 57.78 996 4.087
1636826940 29.67 57.88 981 4.151
1636827000 29.55 58.37 987 4.178
1636827060 30.09 56.7 995 4.157
1636827120 30.3 56.15 1013 4.151
1636827180 30.56 55.23 1021 4.157
1636827240 30.55 55.37 996 4.167
1636827300 31.02 54.01 917 4.162
1636827360 31.31 53.2 1024 4.151
1636827420 30.76 54.7 1004 4.141
1636827480 30.8 55.11 1002 4.141
1636827540 30.27 56.24 1014 4.135
1636827600 30.47 56.44 1002 4.135
1636827660 31.04 54.45 995 4.13
1636827720 31.1 54.68 1013 4.13
1636827780 30.93 54.77 1001 4.13
1636827840 30.66 54.99 972 4.157
1636827900 30.23 56.04 974 4.167
1636827960 30.33 56.07 963 4.178
1636828020 30.65 55.57 980 4.173
1636828080 30.66 55.87 231 4.162
1636828140 30.65 55.26 237 4.157
1636828200 30.63 55.6 1013 4.157
1636828260 30.62 56.06 1025 4.151
1636828320 30.43 56.72 1042 4.146
1636828380 30.12 57.28 1011 4.146
1636828440 30.27 56.94 974 4.141
1636828500 30.36 57.07 974 4.141
1636828560 30.6 56.57 772 4.141
1636828620 30.27 57.06 1004 4.141
1636828680 30.12 57.79 1021 4.135
1636827840 30.66 54.99 972 4.157
1636827900 30.23 56.04 974 4.167
1636827960 30.33 56.07 963 4.178
1636828020 30.65 55.57 980 4.173
1636828080 30.66 55.87 231 4.162
1636828140 30.65 55.26 237 4.157
1636828200 30.63 55.6 1013 4.157
1636828260 30.62 56.06 1025 4.151
1636828320 30.43 56.72 1042 4.146
1636828380 30.12 57.28 1011 4.146
1636828440 30.27 56.94 974 4.141
1636828500 30.36 57.07 974 4.141
1636828560 30.6 56.57 772 4.141
1636828620 30.27 57.06 1004 4.141
1636828680 30.12 57.79 1021 4.135
1636828740 30.25 57.71 284 4.13
1636828800 30.27 57.08 400 4.13
1636828860 29.71 58.88 338 4.13
1636828920 29.09 60.09 921 4.13
1636828980 28.59 62.29 917 4.13
1636829040 28.66 62.96 909 4.13
1636829100 28.61 62.13 909 4.125
1636829160 29.07 61.88 192 4.125
1636829220 29.57 60.17 192 4.125
1636829280 29.74 59.02 218 4.125
1636829340 29.61 59.26 204 4.119
1636829400 29.4 59.33 198 4.125
1636829460 29.25 59.42 786 4.125
1636829520 28.82 60.58 897 4.119
1636829580 28.92 61.13 883 4.119
1636829640 29.35 59.96 899 4.194
1636829700 29.81 58.39 892 4.162
1636829760 30.06 58.01 883 4.151
1636829820 30.62 56.37 877 4.146
1636829880 30.71 55.7 876 4.141
1636829940 30.11 57.12 876 4.141
1636830000 30.02 57.9 892 4.135
1636830060 29.99 57.45 899 4.135
1636830120 30.12 57.35 862 4.135
1636830180 30.53 56.69 254 4.135
1636830240 30.42 56.22 248 4.13
1636830300 29.4 59.43 490 4.13
1636830360 29.21 60.49 266 4.13
1636830420 29.43 60.46 897 4.13
1636830480 29.02 62.08 903 4.125
1636830540 29.1 62.49 252 4.125
1636830600 29 61.97 667 4.125
1636830660 28.79 62.61 222 4.125
1636830720 28.74 63.32 847 4.125
1636830780 28.84 63.33 853 4.119
1636830840 29.17 62.52 847 4.125
1636830900 29.34 61.8 817 4.119
1636830960 29.4 61.82 798 4.119
1636831020 29.68 61.02 792 4.114
1636831080 30.16 59.94 792 4.119
1636831140 29.79 59.82 817 4.119
1636831200 30.02 58.99 846 4.114
1636831260 29.78 59.32 870 4.114
1636831320 29.78 60.27 870 4.114
1636831380 30.08 59.49 864 4.114
1636831440 30.7 56.87 814 4.108
1636831500 30.19 58.14 802 4.108
1636831560 29.85 58.14 798 4.114
1636831620 29.51 59.06 802 4.108
1636831680 29.57 59.64 808 4.108
1636831740 29.6 59.38 802 4.108
1636831800 29.78 59.25 790 4.114
1636831860 29.71 58.63 778 4.108
1636831920 29.82 58.12 760 4.108
1636831980 29.74 57.73 754 4.108
1636832040 29.09 59.81 748 4.108
1636832100 29.2 60.28 740 4.103
1636832160 29.57 59.6 742 4.103
1636832220 29.79 58.65 758 4.103
1636832280 30.16 57.63 752 4.103
1636832340 30.19 57.4 764 4.098
1636832400 30.37 55.95 783 4.098
1636832460 30.86 54.71 801 4.103
1636832520 30.84 54.32 813 4.098
1636832580 30.65 54.96 807 4.098
1636832640 30.6 55.42 801 4.103
1636832700 30.7 55.57 777 4.103
1636832760 30.87 55.83 608 4.098
1636832820 30.98 56.02 349 4.098
1636832880 30.87 56.02 355 4.098
1636832940 30.98 56.05 777 4.098
1636833000 31.1 56.28 379 4.098
1636833060 30.93 56.31 359 4.098
1636833120 30.43 57.6 240 4.098
1636833180 30.42 58.18 715 4.092
1636833240 29.84 59.35 683 4.092
1636833300 29.95 59.06 691 4.092
1636833360 29.69 58.47 661 4.092
1636833420 29.68 59.22 667 4.092
1636833480 29.89 58.86 667 4.092
1636833540 30.08 58.96 685 4.092
1636833600 30.32 58.17 335 4.092
1636833660 30.18 58.54 197 4.092
1636833720 29.89 58.92 197 4.092
1636833780 29.03 61.63 600 4.092
1636833840 28.84 62.96 636 4.087
1636833900 28.72 63.34 630 4.087
1636833960 28.83 63.26 624 4.087
1636834020 28.99 62.97 618 4.092
1636834080 29.16 62.2 618 4.087
1636834140 28.96 62.73 611 4.082
1636834200 28.89 63.33 611 4.087
1636834260 28.96 63.33 605 4.087
1636834320 28.56 63.71 593 4.082
1636834380 28.55 63.78 581 4.082
1636834440 28.77 63.04 575 4.082
1636834500 29.03 62.67 569 4.082
1636834560 29.48 61.67 563 4.082
1636834620 29.43 61.27 557 4.082
1636834680 29.27 62.09 557 4.082
1636834740 29.21 62.31 551 4.082
1636834800 29.54 61.57 551 4.082
1636834860 29.43 62.01 551 4.082
1636834920 29.5 61.07 539 4.082
1636834980 29.78 60.96 533 4.082
1636835040 29.86 60.87 519 4.119
1636835100 29.71 61.25 524 4.098
1636835160 29.35 61.76 522 4.087
1636835220 28.92 62.95 510 4.087
1636835280 28.58 63.94 510 4.087
1636835340 28.79 63.77 510 4.087
1636835400 28.86 63.51 510 4.087
1636835460 28.84 63.5 510 4.087
1636835520 28.93 63.43 508 4.082
1636835580 28.82 63.66 508 4.082
1636835640 28.89 63.41 522 4.082
1636835700 28.67 63.43 515 4.082
1636835760 28.69 63.25 515 4.082
1636835820 28.69 63.19 508 4.076
1636835880 28.73 62.66 496 4.082
1636835940 28.9 62.76 489 4.114
1636836000 29.1 62.32 490 4.125
1636836060 29.18 61.66 481 4.098
1636836120 29.21 61.74 486 4.092
1636836180 28.87 62.81 480 4.092
1636836240 28.86 63.08 468 4.087
1636836300 28.86 62.51 456 4.092
1636836360 28.84 62.45 456 4.087
1636836420 28.74 62.93 450 4.087
1636836480 28.83 62.71 444 4.087
1636836540 28.99 62.68 442 4.082
1636836600 29.06 62.54 442 4.087
1636836660 29.03 62.94 460 4.082
1636836720 28.83 63.78 466 4.082
1636836780 29.17 63.34 454 4.082
1636836840 29.12 63.32 439 4.114
1636836900 29.07 63.44 435 4.119
1636836960 28.7 64.19 436 4.125
1636837020 28.56 64.96 439 4.103
1636837080 28.63 64.38 445 4.098
1636837140 28.41 64.17 438 4.098
1636837200 28.42 64.74 438 4.092
1636837260 28.52 64.75 438 4.092
1636837320 27.95 65.71 426 4.092
1636837380 27.98 66.43 347 4.087
1636837440 28.26 65.24 317 4.092
1636837500 28.19 65.23 227 4.087
1636837560 28.29 64.58 239 4.087
1636837620 28.23 64.56 426 4.087
1636837680 28.07 65.29 432 4.087
1636837740 28.25 64.88 438 4.082
1636837800 28.38 64.28 432 4.082
1636837860 28.52 64.09 432 4.082
1636837920 28.69 63.71 426 4.082
1636837980 28.79 63.59 420 4.082
1636838040 29.07 62.62 414 4.082
1636838100 29.12 62.29 408 4.082
1636838160 29.07 62.48 394 4.076
1636838220 28.63 63.71 384 4.082
1636838280 28.63 64.13 376 4.076
1636838340 28.58 64.58 352 4.076
1636838400 28.79 64.07 334 4.082
1636838460 28.69 64.14 316 4.076
1636838520 28.51 65.11 299 4.076
1636838580 28.16 66.01 275 4.082
1636838640 27.95 66.99 263 4.092
1636838700 27.83 67.5 245 4.087
1636838760 27.85 67.51 239 4.082
1636838820 27.77 67.97 233 4.082
1636838880 27.74 68.34 239 4.082
1636838940 27.67 68.54 245 4.076
1636839000 27.65 68.78 257 4.076
1636839060 27.5 68.97 263 4.076
1636839120 27.33 69.66 257 4.076
1636839180 27.32 69.99 221 4.076
1636839240 27.37 69.68 143 4.076
1636839300 27.23 70.07 106 4.082
1636839360 27.2 70.48 100 4.082
1636839420 27.03 71.14 100 4.082
1636839480 26.89 71.73 100 4.082
1636839540 26.61 72.93 106 4.076
1636839600 26.44 73.67 88 4.076
1636839660 26.39 73.97 76 4.076
1636839720 26.32 74.17 76 4.076
1636839780 26.24 74.34 76 4.076
1636839840 26.15 74.66 76 4.076
1636839900 26.08 74.74 70 4.076
1636839960 26.08 74.94 70 4.076
1636840020 26.13 74.74 70 4.076
1636840080 25.98 74.76 70 4.076
1636840140 25.91 75.23 70 4.076
1636840200 25.84 75.37 70 4.076
1636840260 25.72 75.97 70 4.076
1636840320 25.69 76.21 58 4.076
1636840380 25.76 76.2 52 4.076
1636840440 25.79 75.79 46 4.071
1636840500 25.73 75.85 46 4.071
1636840560 25.67 76.05 40 4.076
1636840620 25.63 76.27 40 4.071
1636840680 25.59 76.33 34 4.071
1636840740 25.59 76.47 34 4.071
1636840800 25.54 76.67 34 4.071
1636840860 25.44 76.61 28 4.071
1636840920 25.46 76.93 28 4.076
1636840980 25.39 76.86 28 4.071
1636841040 25.29 77.31 28 4.071
1636841100 25.26 77.42 28 4.071
1636841160 25.25 77.54 28 4.071
1636841220 25.18 77.74 28 4.071
1636841280 25.02 78.22 28 4.071
1636841340 25.04 78.45 28 4.071
1636841400 25.02 78.35 28 4.071
1636841460 24.99 78.45 22 4.071
1636841520 24.99 78.5 22 4.071
1636841580 24.98 78.57 22 4.065
1636841640 24.95 78.48 22 4.065
1636841700 24.93 77.96 16 4.071
1636841760 24.93 78.19 16 4.065
1636841820 24.91 78.23 16 4.071
1636841880 24.85 78.41 16 4.071
1636841940 24.85 78.25 10 4.065
1636842000 24.82 78.53 4 4.071
1636842060 24.82 78.54 4 4.065
1636842120 24.82 78.6 4 4.065
1636842180 24.79 78.62 4 4.065
1636842240 24.78 78.7 4 4.065
1636842300 24.71 78.83 4 4.065
1636842360 24.72 79.17 4 4.065
1636842420 24.6 79.63 4 4.065
1636842480 24.55 79.65 4 4.065
1636842540 24.51 79.94 0 4.065
1636842600 24.48 80.15 0 4.065
1636842660 24.48 80.18 0 4.065
1636842720 24.48 80.32 0 4.065
1636842780 24.44 80.47 0 4.065
1636842840 24.38 80.76 0 4.065
1636842900 24.35 80.95 0 4.06
1636842960 24.38 80.9 0 4.065
1636843020 24.31 81.17 0 4.065
1636843080 24.27 81.52 0 4.065
1636843140 24.27 81.57 0 4.06
1636843200 24.26 81.57 0 4.06
1636843260 24.3 81.5 0 4.06
1636843320 24.27 81.69 0 4.065
1636843380 24.24 82.01 0 4.065
1636843440 24.17 82.37 0 4.06
1636843500 24.16 82.61 0 4.06
1636843560 24.16 82.63 0 4.065
1636843620 24.11 82.92 0 4.06
1636843680 24.13 83.03 0 4.06
1636843740 24.11 83.1 0 4.06
1636843800 24.07 83.16 0 4.06
1636843860 24.09 83.28 0 4.06
1636843920 24 83.45 0 4.06
1636843980 24 83.61 0 4.065
1636844040 23.97 83.75 0 4.06
1636844100 23.93 84.01 0 4.055
1636844160 23.9 84.07 0 4.055
1636844220 23.87 84.3 0 4.06
1636844280 23.84 84.39 0 4.06
1636844340 23.86 84.42 0 4.06
1636844400 23.89 84.48 0 4.06
1636844460 23.87 84.47 0 4.06
1636844520 23.89 84.46 0 4.06
1636844580 23.84 84.51 0 4.055
1636844640 23.83 84.67 0 4.06
1636844700 23.77 84.86 0 4.06
1636844760 23.77 85.04 0 4.06
1636844820 23.73 85.35 0 4.06
1636844880 23.68 85.72 0 4.06
1636844940 23.65 85.67 0 4.055
1636845000 23.62 85.81 0 4.055
1636845060 23.62 85.77 0 4.055
1636845120 23.58 85.99 0 4.06
1636845180 23.55 86.02 0 4.055
1636845240 23.63 85.83 0 4.06
1636845300 23.65 85.72 0 4.055
1636845360 23.69 85.56 0 4.055
1636845420 23.72 85.16 0 4.055
1636845480 23.7 84.79 0 4.055
1636845540 23.68 84.65 0 4.055
1636845600 23.68 84.58 0 4.055
1636845660 23.68 84.51 0 4.055
1636845720 23.6 84.37 0 4.055
1636845780 23.55 84.68 0 4.055
1636845840 23.5 84.57 0 4.055
1636845900 23.53 84.82 0 4.049
1636845960 23.46 84.52 0 4.055
1636846020 23.48 84.48 0 4.055
1636846080 23.46 83.84 0 4.055
1636846140 23.44 83.87 0 4.055
1636846200 23.44 84.3 0 4.055
1636846260 23.48 84.61 0 4.055
1636846320 23.39 84.79 0 4.049
1636846380 23.38 84.98 0 4.055
1636846440 23.35 84.86 0 4.055
1636846500 23.39 84.7 0 4.055
1636846560 23.39 84.45 0 4.055
1636846620 23.39 84.64 0 4.055
1636846680 23.38 84.88 0 4.055
1636846740 23.33 84.92 0 4.049
1636846800 23.33 84.68 0 4.049
1636846860 23.33 84.42 0 4.049
1636846920 23.35 84.45 0 4.055
1636846980 23.32 84.51 0 4.049
1636847040 23.29 84.52 0 4.049
1636847100 23.29 84.75 0 4.049
1636847160 23.29 84.71 0 4.049
1636847220 23.24 84.77 0 4.049
1636847280 23.22 84.68 0 4.049
1636847340 23.24 84.75 0 4.049
1636847400 23.19 84.67 0 4.049
1636847460 23.26 84.77 0 4.055
1636847520 23.24 84.78 0 4.049
1636847580 23.29 85.17 0 4.049
1636847640 23.26 85.56 0 4.044
1636847700 23.25 85.84 0 4.049
1636847760 23.19 86.07 0 4.049
1636847820 23.18 86.02 0 4.049
1636847880 23.21 86.01 0 4.049
1636847940 23.15 86.32 0 4.044
1636848000 23.12 86.45 0 4.049
1636848060 23.14 86.32 0 4.049
1636848120 23.12 86.3 0 4.049
1636848180 23.12 86.51 0 4.049
1636848240 23.08 86.62 0 4.049
1636848300 23.12 86.4 0 4.044
1636848360 23.12 86.46 0 4.049
1636848420 23.17 86.38 0 4.049
1636848480 23.22 86.11 0 4.049
1636848540 23.24 85.96 0 4.044
1636848600 23.25 85.86 0 4.044
1636848660 23.28 85.87 0 4.044
1636848720 23.26 85.74 0 4.044
1636848780 23.22 85.67 0 4.044
1636848840 23.22 85.85 0 4.044
1636848900 23.18 86.17 0 4.044
1636848960 23.15 86.23 0 4.044
1636849020 23.12 86.42 0 4.049
1636849080 23.09 86.67 0 4.044
1636849140 23.05 86.57 0 4.044
1636849200 23.07 86.47 0 4.044
1636849260 23.04 86.58 0 4.044
1636849320 23.04 86.66 0 4.044
1636849380 23.04 86.56 0 4.049
1636849440 22.98 86.7 0 4.044
1636849500 22.95 86.67 0 4.044
1636849560 22.94 86.31 0 4.044
1636849620 22.95 86.21 0 4.044
1636849680 22.93 86.1 0 4.044
1636849740 22.95 86.29 0 4.044
1636849800 22.99 86.04 0 4.044
1636849860 23.01 85.9 0 4.044
1636849920 22.95 86.08 0 4.039
1636849980 22.9 86.23 0 4.044
1636850040 22.9 86.38 0 4.044
1636850100 22.94 86.12 0 4.044
1636850160 22.94 86.13 0 4.044
1636850220 22.98 85.94 0 4.044
1636850280 22.99 85.77 0 4.044
1636850340 22.97 85.98 0 4.039
1636850400 22.94 85.78 0 4.044
1636850460 22.93 85.98 0 4.039
1636850520 22.98 86.16 0 4.039
1636850580 23.04 85.87 0 4.039
1636850640 23.04 85.93 0 4.039
1636850700 23.05 85.92 0 4.039
1636850760 23.02 86.21 0 4.044
1636850820 22.98 86.21 0 4.044
1636850880 23.02 86.08 0 4.039
1636850940 23.01 86.16 0 4.044
1636851000 23.01 86.16 0 4.039
1636851060 23.04 86.09 0 4.039
1636851120 23.04 85.93 0 4.044
1636851180 23.04 86.01 0 4.044
1636851240 23.02 85.79 0 4.039
1636851300 23.04 85.61 0 4.039
1636851360 23.05 85.58 0 4.039
1636851420 23.02 85.55 0 4.039
1636851480 23.04 85.69 0 4.039
1636851540 23.04 85.58 0 4.039
1636851600 22.99 85.44 0 4.039
1636851660 23.01 85.27 0 4.039
1636851720 22.99 85.22 0 4.039
1636851780 22.98 85.16 0 4.039
1636851840 22.99 84.99 0 4.039
1636851900 22.94 84.76 0 4.039
1636851960 22.85 84.69 0 4.039
1636852020 22.79 84.53 0 4.039
1636852080 22.79 84.48 0 4.039
1636852140 22.78 84.25 0 4.033
1636852200 22.79 84.25 0 4.033
1636852260 22.77 84.02 0 4.039
1636852320 22.77 83.83 0 4.033
1636852380 22.73 83.87 0 4.039
1636852440 22.74 83.79 0 4.039
1636852500 22.78 83.53 0 4.039
1636852560 22.78 83.47 0 4.039
1636852620 22.78 83.41 0 4.039
1636852680 22.87 83.11 0 4.033
1636852740 22.87 83.13 0 4.033
1636852800 22.85 83.25 0 4.039
1636852860 22.84 83.26 0 4.039
1636852920 22.88 83.2 0 4.039
1636852980 22.87 83.74 0 4.039
1636853040 22.83 83.75 0 4.033
1636853100 22.84 83.67 0 4.033
1636853160 22.81 83.51 0 4.033
1636853220 22.78 83.78 0 4.033
1636853280 22.75 83.88 0 4.039
1636853340 22.74 83.82 0 4.039
1636853400 22.74 83.89 0 4.033
1636853460 22.73 83.9 0 4.033
1636853520 22.75 84.08 0 4.033
1636853580 22.71 84.23 0 4.033
1636853640 22.77 84.17 0 4.033
1636853700 22.75 84.2 0 4.033
1636853760 22.74 84.3 0 4.033
1636853820 22.79 84.28 0 4.033
1636853880 22.81 84.5 0 4.033
1636853940 22.91 84.48 0 4.033
1636854000 22.91 84.53 0 4.033
1636854060 22.93 84.93 0 4.033
1636854120 22.91 84.95 0 4.033
1636854180 22.94 85.07 0 4.033
1636854240 22.95 84.83 0 4.033
1636854300 22.99 85.07 0 4.033
1636854360 23.04 85.06 0 4.033
1636854420 23.04 84.77 0 4.033
1636854480 23.02 84.88 0 4.033
1636854540 23.02 84.91 0 4.033
1636854600 23.04 85.06 0 4.033
1636854660 23.04 84.94 0 4.033
1636854720 23.01 84.61 0 4.028
1636854780 23.05 84.56 0 4.033
1636854840 23.04 84.58 0 4.028
1636854900 23.02 84.73 0 4.028
1636854960 22.99 84.66 0 4.033
1636855020 23.01 84.66 0 4.028
1636855080 23.01 84.94 0 4.033
1636855140 23.01 84.95 0 4.028
1636855200 23.02 85.12 0 4.033
1636855260 23.02 85.14 0 4.028
1636855320 23.02 85.15 0 4.033
1636855380 23.02 85.21 0 4.033
1636855440 23.05 85.19 0 4.028
1636855500 23.08 85.02 0 4.028
1636855560 23.08 84.83 0 4.028
1636855620 23.07 84.09 0 4.033
1636855680 23.08 83.98 0 4.028
1636855740 23.08 83.69 0 4.028
1636855800 23.05 83.41 0 4.028
1636855860 23.05 83.2 0 4.028
1636855920 23.02 82.83 0 4.028
1636855980 23.01 82.57 0 4.028
1636856040 23.04 82.47 0 4.028
1636856100 22.98 82.21 0 4.028
1636856160 22.97 82.33 0 4.028
1636856220 22.88 81.85 0 4.028
1636856280 22.88 81.88 0 4.028
1636856340 22.84 82.04 0 4.028
1636856400 22.79 81.95 0 4.028
1636856460 22.74 82.24 0 4.028
1636856520 22.74 82.24 0 4.028
1636856580 22.7 82.36 0 4.028
1636856640 22.7 82.29 0 4.028
1636856700 22.66 82.24 0 4.022
1636856760 22.66 82.24 0 4.028
1636856820 22.66 82.19 0 4.028
1636856880 22.61 82.11 0 4.028
1636856940 22.64 82.2 0 4.028
1636857000 22.61 82.02 0 4.028
1636857060 22.63 82.16 0 4.028
1636857120 22.63 81.7 0 4.022
1636857180 22.64 81.62 0 4.022
1636857240 22.64 81.39 0 4.028
1636857300 22.64 81.41 0 4.022
1636857360 22.63 81.31 0 4.028
1636857420 22.66 81.32 0 4.028
1636857480 22.64 81.3 0 4.028
1636857540 22.66 81.24 0 4.022
1636857600 22.66 81.46 0 4.022
1636857660 22.64 81.49 0 4.028
1636857720 22.63 81.25 0 4.022
1636857780 22.63 81.24 0 4.022
1636857840 22.58 81.24 0 4.022
1636857900 22.61 81.28 0 4.028
1636857960 22.56 81.28 0 4.022
1636858020 22.51 81.35 0 4.028
1636858080 22.47 81.35 0 4.022
1636858140 22.43 81.52 0 4.028
1636858200 22.43 81.64 0 4.028
1636858260 22.4 81.57 0 4.022
1636858320 22.4 81.6 0 4.028
1636858380 22.39 81.72 0 4.022
1636858440 22.4 81.8 0 4.022
1636858500 22.4 82.08 0 4.022
1636858560 22.34 82.16 0 4.022
1636858620 22.33 82.58 0 4.022
1636858680 22.37 83.45 0 4.022
1636858740 22.44 83.94 0 4.022
1636858800 22.5 83.79 0 4.022
1636858860 22.53 83.81 0 4.022
1636858920 22.57 84.08 0 4.022
1636858980 22.54 84.14 0 4.022
1636859040 22.61 84.33 0 4.022
1636859100 22.58 84.2 0 4.022
1636859160 22.66 84.07 0 4.022
1636859220 22.67 83.93 0 4.022
1636859280 22.7 83.82 0 4.022
1636859340 22.68 83.85 0 4.017
1636859400 22.66 83.84 0 4.017
1636859460 22.66 84.22 0 4.022
1636859520 22.64 84.54 0 4.022
1636859580 22.66 84.43 0 4.022
1636859640 22.67 84.22 0 4.022
1636859700 22.63 84.07 0 4.022
1636859760 22.61 83.63 0 4.022
1636859820 22.54 83.09 0 4.022
1636859880 22.51 83.06 0 4.017
1636859940 22.51 83.03 0 4.022
1636860000 22.48 82.92 0 4.022
1636860060 22.46 82.86 0 4.022
1636860120 22.48 82.67 0 4.022
1636860180 22.5 82.45 0 4.022
1636860240 22.51 82.43 0 4.017
1636860300 22.54 82.32 0 4.017
1636860360 22.54 82.24 0 4.017
1636860420 22.51 82.35 0 4.017
1636860480 22.47 82.46 0 4.022
1636860540 22.46 82.55 0 4.022
1636860600 22.44 82.66 0 4.017
1636860660 22.46 82.7 0 4.017
1636860720 22.44 82.71 0 4.022
1636860780 22.46 82.75 0 4.022
1636860840 22.48 82.82 0 4.017
1636860900 22.5 82.98 0 4.022
1636860960 22.54 83.07 0 4.022
1636861020 22.53 83.25 0 4.022
1636861080 22.54 83.26 0 4.017
1636861140 22.56 83.34 0 4.017
1636861200 22.57 83.42 0 4.017
1636861260 22.58 83.3 0 4.017
1636861320 22.6 83.3 0 4.017
1636861380 22.61 83.24 0 4.017
1636861440 22.66 83.41 0 4.017
1636861500 22.66 83.55 0 4.017
1636861560 22.67 83.56 0 4.017
1636861620 22.66 83.6 0 4.017
1636861680 22.63 83.54 0 4.017
1636861740 22.63 83.46 0 4.017
1636861800 22.64 83.01 0 4.017
1636861860 22.63 82.57 0 4.017
1636861920 22.58 82.29 0 4.017
1636861980 22.6 82.42 0 4.017
1636862040 22.54 82.21 0 4.017
1636862100 22.56 82.28 0 4.017
1636862160 22.5 82.2 0 4.017
1636862220 22.47 82.27 0 4.017
1636862280 22.42 82.4 0 4.017
1636862340 22.42 82.65 0 4.017
1636862400 22.4 82.85 0 4.017
1636862460 22.42 82.72 0 4.012
1636862520 22.44 82.4 0 4.017
1636862580 22.44 82.47 0 4.012
1636862640 22.46 82.38 0 4.017
1636862700 22.43 82.11 0 4.017
1636862760 22.47 81.97 0 4.017
1636862820 22.43 81.89 0 4.017
1636862880 22.46 81.81 0 4.017
1636862940 22.5 81.59 0 4.012
1636863000 22.47 81.51 0 4.012
1636863060 22.47 81.62 0 4.017
1636863120 22.48 81.51 0 4.012
1636863180 22.48 81.31 0 4.012
1636863240 22.56 80.57 0 4.012
1636863300 22.63 80.1 0 4.012
1636863360 22.63 80.13 0 4.012
1636863420 22.7 80.05 0 4.012
1636863480 22.71 80.19 0 4.012
1636863540 22.66 80.05 0 4.017
1636863600 22.6 80.04 0 4.012
1636863660 22.57 80.23 0 4.017
1636863720 22.56 80.45 0 4.012
1636863780 22.48 80.67 0 4.012
1636863840 22.42 81.2 0 4.012
1636863900 22.39 81.38 0 4.012
1636863960 22.33 81.65 0 4.012
1636864020 22.29 81.95 0 4.012
1636864080 22.24 82.26 0 4.012
1636864140 22.19 82.4 0 4.012
1636864200 22.16 82.33 0 4.012
1636864260 22.07 82.25 0 4.017
1636864320 22.06 82.46 0 4.012
1636864380 22.05 82.48 0 4.012
1636864440 22.03 82.79 0 4.012
1636864500 21.97 82.98 0 4.012
1636864560 21.95 82.79 0 4.012
1636864620 21.93 82.85 0 4.012
1636864680 21.93 82.62 0 4.012
1636864740 21.95 82.86 0 4.012
1636864800 21.95 82.93 0 4.012
1636864860 21.88 82.99 0 4.012
1636864920 21.89 82.86 0 4.012
1636864980 21.88 82.95 0 4.012
1636865040 21.86 83.02 0 4.012
1636865100 21.83 82.95 0 4.012
1636865160 21.81 83.27 0 4.012
1636865220 21.83 83.13 0 4.012
1636865280 21.81 83.24 0 4.012
1636865340 21.79 83.36 0 4.006
1636865400 21.79 83.41 0 4.012
1636865460 21.76 83.49 0 4.012
1636865520 21.78 83.53 0 4.012
1636865580 21.75 83.75 0 4.012
1636865640 21.76 83.77 0 4.012
1636865700 21.78 83.77 0 4.006
1636865760 21.73 83.79 0 4.006
1636865820 21.76 83.94 0 4.006
1636865880 21.78 83.96 0 4.012
1636865940 21.75 83.89 0 4.012
