1639198800 23.57 81.69 0 4.076
1639198860 23.59 81.76 0 4.076
1639198920 23.57 81.77 0 4.076
1639198980 23.53 81.82 0 4.076
1639199040 23.54 81.85 0 4.076
1639199100 23.56 81.9 0 4.076
1639199160 23.54 81.95 0 4.071
1639199220 23.53 82.02 0 4.076
1639199280 23.54 82.06 0 4.076
1639199340 23.51 82.05 0 4.076
1639199400 23.53 82.1 0 4.076
1639199460 23.53 82.19 0 4.076
1639199520 23.54 82.17 0 4.076
1639199580 23.49 82.23 0 4.076
1639199640 23.5 82.22 0 4.076
1639199700 23.49 82.25 0 4.076
1639199760 23.5 82.31 0 4.071
1639199820 23.47 82.33 0 4.071
1639199880 23.47 82.4 0 4.071
1639199940 23.46 82.39 0 4.076
1639200000 23.47 82.48 0 4.076
1639200060 23.46 82.47 0 4.076
1639200120 23.44 82.49 0 4.076
1639200180 23.44 82.51 0 4.076
1639200240 23.44 82.53 0 4.076
1639200300 23.43 82.57 0 4.076
1639200360 23.44 82.61 0 4.076
1639200420 23.4 82.66 0 4.076
1639200480 23.4 82.72 0 4.076
1639200540 23.36 82.78 0 4.076
1639200600 23.37 82.83 0 4.076
1639200660 23.36 82.89 0 4.076
1639200720 23.31 82.9 0 4.076
1639200780 23.3 82.92 0 4.076
1639200840 23.31 82.94 0 4.076
1639200900 23.3 82.96 0 4.076
1639200960 23.31 83 0 4.071
1639201020 23.29 82.99 0 4.076
1639201080 23.29 83.03 0 4.076
1639201140 23.24 83.02 0 4.071
1639201200 23.23 83.02 0 4.076
1639201260 23.21 82.96 0 4.076
1639201320 23.19 82.96 0 4.076
1639201380 23.19 82.95 0 4.076
1639201440 23.19 82.91 0 4.076
1639201500 23.14 82.94 0 4.071
1639201560 23.12 82.89 0 4.071
1639201620 23.09 82.89 0 4.071
1639201680 23.07 82.87 0 4.071
1639201740 23.06 82.86 0 4.076
1639201800 23.06 82.91 0 4.076
1639201860 23.07 82.93 0 4.076
1639201920 23.02 82.94 0 4.076
1639201980 23 82.91 0 4.071
1639202040 23.02 82.93 0 4.076
1639202100 22.97 82.96 0 4.071
1639202160 22.95 82.87 0 4.076
1639202220 22.93 82.88 0 4.071
1639202280 22.92 82.85 0 4.076
1639202340 22.9 82.87 0 4.071
1639202400 22.89 82.83 0 4.071
1639202460 22.88 82.85 0 4.076
1639202520 22.89 82.94 0 4.071
1639202580 22.86 82.95 0 4.071
1639202640 22.86 83.12 0 4.076
1639202700 22.83 83.21 0 4.071
1639202760 22.8 83.29 0 4.071
1639202820 22.8 83.38 0 4.076
1639202880 22.78 83.42 0 4.071
1639202940 22.73 83.45 0 4.071
1639203000 22.73 83.48 0 4.076
1639203060 22.73 83.47 0 4.071
1639203120 22.76 83.51 0 4.071
1639203180 22.73 83.52 0 4.071
1639203240 22.7 83.55 0 4.076
1639203300 22.73 83.57 0 4.076
1639203360 22.68 83.58 0 4.071
1639203420 22.7 83.61 0 4.071
1639203480 22.68 83.69 0 4.071
1639203540 22.63 83.68 0 4.076
1639203600 22.65 83.71 0 4.071
1639203660 22.62 83.76 0 4.071
1639203720 22.62 83.78 0 4.071
1639203780 22.61 83.84 0 4.076
1639203840 22.59 83.85 0 4.076
1639203900 22.59 83.9 0 4.076
1639203960 22.56 83.94 0 4.071
1639204020 22.59 83.99 0 4.076
1639204080 22.58 83.97 0 4.071
1639204140 22.56 84.04 0 4.071
1639204200 22.58 84.11 0 4.071
1639204260 22.58 84.17 0 4.071
1639204320 22.56 84.25 0 4.071
1639204380 22.59 84.28 0 4.071
1639204440 22.59 84.28 0 4.071
1639204500 22.61 84.3 0 4.076
1639204560 22.59 84.3 0 4.071
1639204620 22.63 84.36 0 4.071
1639204680 22.63 84.39 0 4.071
1639204740 22.62 84.4 0 4.071
1639204800 22.59 84.41 0 4.071
1639204860 22.61 84.48 0 4.071
1639204920 22.59 84.53 0 4.076
1639204980 22.62 84.55 0 4.076
1639205040 22.62 84.6 0 4.071
1639205100 22.61 84.63 0 4.071
1639205160 22.58 84.65 0 4.071
1639205220 22.58 84.7 0 4.071
1639205280 22.59 84.72 0 4.071
1639205340 22.61 84.78 0 4.076
1639205400 22.55 84.91 0 4.071
1639205460 22.58 84.95 0 4.071
1639205520 22.55 84.99 0 4.071
1639205580 22.55 85.11 0 4.071
1639205640 22.52 85.22 0 4.071
1639205700 22.55 85.29 0 4.071
1639205760 22.51 85.38 0 4.071
1639205820 22.51 85.46 0 4.071
1639205880 22.46 85.53 0 4.071
1639205940 22.49 85.56 0 4.071
1639206000 22.52 85.66 0 4.071
1639206060 22.55 85.74 0 4.071
1639206120 22.55 85.88 0 4.071
1639206180 22.52 85.96 0 4.071
1639206240 22.51 86.01 0 4.071
1639206300 22.49 86.13 0 4.071
1639206360 22.52 86.24 0 4.071
1639206420 22.51 86.28 0 4.071
1639206480 22.51 86.39 0 4.071
1639206540 22.51 86.44 0 4.071
1639206600 22.51 86.53 0 4.071
1639206660 22.52 86.58 0 4.071
1639206720 22.49 86.64 0 4.071
1639206780 22.52 86.67 0 4.071
1639206840 22.52 86.75 0 4.071
1639206900 22.52 86.76 0 4.071
1639206960 22.55 86.73 0 4.071
1639207020 22.52 86.81 0 4.071
1639207080 22.54 86.85 0 4.071
1639207140 22.52 86.82 0 4.071
1639207200 22.52 86.82 0 4.071
1639207260 22.51 86.86 0 4.071
1639207320 22.51 86.88 0 4.071
1639207380 22.52 86.88 0 4.071
1639207440 22.54 86.93 0 4.071
1639207500 22.52 86.93 0 4.071
1639207560 22.51 86.95 0 4.071
1639207620 22.54 86.98 0 4.071
1639207680 22.55 86.98 0 4.071
1639207740 22.55 86.99 0 4.071
1639207800 22.58 86.99 0 4.071
1639207860 22.55 87.02 0 4.071
1639207920 22.52 87.03 0 4.071
1639207980 22.54 86.99 0 4.071
1639208040 22.52 87.04 0 4.071
1639208100 22.52 87.05 0 4.071
1639208160 22.51 87.06 0 4.071
1639208220 22.48 87.07 0 4.071
1639208280 22.46 87.06 0 4.071
1639208340 22.46 87.09 0 4.071
1639208400 22.44 87.04 0 4.071
1639208460 22.45 87.1 0 4.071
1639208520 22.41 87.1 0 4.071
1639208580 22.39 87.11 0 4.071
1639208640 22.39 87.13 0 4.071
1639208700 22.38 87.17 0 4.071
1639208760 22.36 87.14 0 4.071
1639208820 22.36 87.16 0 4.071
1639208880 22.36 87.2 0 4.071
1639208940 22.36 87.22 0 4.071
1639209000 22.34 87.24 0 4.071
1639209060 22.35 87.27 0 4.071
1639209120 22.31 87.29 0 4.071
1639209180 22.3 87.28 0 4.071
1639209240 22.28 87.38 0 4.071
1639209300 22.25 87.36 0 4.071
1639209360 22.21 87.38 0 4.071
1639209420 22.24 87.38 0 4.071
1639209480 22.25 87.39 0 4.071
1639209540 22.24 87.4 0 4.065
1639209600 22.16 87.33 0 4.071
1639209660 22.18 87.27 0 4.071
1639209720 22.19 87.14 0 4.071
1639209780 22.18 87.1 0 4.071
1639209840 22.18 87.06 0 4.071
1639209900 22.16 87 0 4.071
1639209960 22.11 86.88 0 4.071
1639210020 22.1 86.66 4 4.071
1639210080 22.15 86.49 0 4.071
1639210140 22.18 86.28 0 4.071
1639210200 22.19 86.17 0 4.071
1639210260 22.22 86.02 0 4.071
1639210320 22.21 85.84 0 4.071
1639210380 22.21 85.72 0 4.071
1639210440 22.22 85.6 0 4.071
1639210500 22.19 85.43 0 4.071
1639210560 22.18 85.3 0 4.071
1639210620 22.15 85.11 0 4.071
1639210680 22.16 84.98 0 4.071
1639210740 22.16 84.88 0 4.071
1639210800 22.18 84.75 0 4.071
1639210860 22.14 84.62 0 4.071
1639210920 22.12 84.57 0 4.071
1639210980 22.14 84.46 0 4.071
1639211040 22.08 84.39 0 4.071
1639211100 22.07 84.33 0 4.071
1639211160 22.08 84.28 0 4.071
1639211220 22.07 84.22 0 4.071
1639211280 22.03 84.23 0 4.071
1639211340 21.98 84.2 0 4.071
1639211400 22.01 84.17 0 4.071
1639211460 21.98 84.17 0 4.065
1639211520 21.95 84.24 0 4.071
1639211580 21.93 84.26 0 4.071
1639211640 21.91 84.29 0 4.071
1639211700 21.9 84.38 0 4.071
1639211760 21.88 84.49 0 4.071
1639211820 21.85 84.63 0 4.071
1639211880 21.81 84.69 0 4.065
1639211940 21.8 84.79 0 4.071
1639212000 21.79 84.91 0 4.071
1639212060 21.76 85 0 4.071
1639212120 21.76 85.07 0 4.071
1639212180 21.74 85.19 0 4.071
1639212240 21.73 85.3 0 4.071
1639212300 21.71 85.34 0 4.071
1639212360 21.7 85.46 0 4.071
1639212420 21.71 85.56 0 4.065
1639212480 21.71 85.65 0 4.071
1639212540 21.74 85.72 0 4.065
1639212600 21.73 85.78 0 4.071
1639212660 21.7 85.78 0 4.071
1639212720 21.73 85.84 0 4.071
1639212780 21.7 85.91 0 4.065
1639212840 21.68 85.97 0 4.065
1639212900 21.67 86.02 0 4.071
1639212960 21.64 86.08 0 4.071
1639213020 21.68 86.1 0 4.071
1639213080 21.64 86.19 0 4.065
1639213140 21.61 86.25 0 4.071
1639213200 21.58 86.28 0 4.071
1639213260 21.54 86.36 0 4.065
1639213320 21.56 86.39 0 4.071
1639213380 21.56 86.43 0 4.071
1639213440 21.54 86.38 0 4.071
1639213500 21.56 86.29 0 4.065
1639213560 21.58 86.23 0 4.065
1639213620 21.6 86.2 0 4.071
1639213680 21.56 86.09 0 4.065
1639213740 21.6 85.96 0 4.071
1639213800 21.63 85.86 0 4.071
1639213860 21.65 85.82 0 4.071
1639213920 21.63 85.69 0 4.065
1639213980 21.65 85.71 0 4.071
1639214040 21.65 85.68 0 4.065
1639214100 21.63 85.65 0 4.065
1639214160 21.57 85.56 0 4.065
1639214220 21.57 85.56 0 4.071
1639214280 21.54 85.57 0 4.065
1639214340 21.54 85.51 0 4.071
1639214400 21.49 85.42 0 4.065
1639214460 21.47 85.33 0 4.065
1639214520 21.47 85.25 0 4.071
1639214580 21.47 85.17 0 4.071
1639214640 21.52 85.07 0 4.071
1639214700 21.49 84.99 0 4.071
1639214760 21.47 84.91 0 4.071
1639214820 21.52 84.94 0 4.065
1639214880 21.46 84.89 0 4.071
1639214940 21.43 84.88 0 4.065
1639215000 21.43 84.93 0 4.065
1639215060 21.4 84.91 0 4.065
1639215120 21.36 84.87 0 4.065
1639215180 21.34 84.84 0 4.065
1639215240 21.3 84.79 0 4.071
1639215300 21.36 84.73 0 4.065
1639215360 21.36 84.69 0 4.065
1639215420 21.29 84.58 0 4.065
1639215480 21.32 84.46 0 4.065
1639215540 21.32 84.37 0 4.065
1639215600 21.32 84.3 0 4.071
1639215660 21.3 84.2 0 4.065
1639215720 21.3 84.1 0 4.071
1639215780 21.3 84.02 0 4.065
1639215840 21.29 83.95 0 4.065
1639215900 21.26 83.92 0 4.065
1639215960 21.28 83.89 0 4.065
1639216020 21.26 83.87 0 4.065
1639216080 21.25 83.82 0 4.065
1639216140 21.25 83.79 0 4.065
1639216200 21.22 83.88 0 4.065
1639216260 21.22 83.85 0 4.065
1639216320 21.2 83.85 0 4.065
1639216380 21.2 83.86 0 4.071
1639216440 21.18 83.87 0 4.065
1639216500 21.14 83.84 0 4.071
1639216560 21.1 83.84 0 4.065
1639216620 21.14 83.85 0 4.065
1639216680 21.12 83.87 0 4.071
1639216740 21.09 83.87 0 4.071
1639216800 21.07 83.86 0 4.071
1639216860 21.09 83.9 0 4.065
1639216920 21.06 83.93 0 4.065
1639216980 21.07 83.97 0 4.065
1639217040 21.03 84.08 0 4.065
1639217100 21.06 84.17 0 4.065
1639217160 21.02 84.2 0 4.065
1639217220 21.02 84.28 0 4.065
1639217280 20.99 84.27 0 4.071
1639217340 21 84.31 0 4.065
1639217400 20.99 84.31 0 4.065
1639217460 21 84.34 0 4.065
1639217520 20.99 84.39 0 4.065
1639217580 20.99 84.42 0 4.065
1639217640 20.98 84.45 0 4.065
1639217700 20.95 84.48 0 4.065
1639217760 20.95 84.54 0 4.065
1639217820 20.92 84.68 0 4.065
1639217880 20.89 84.68 0 4.065
1639217940 20.92 84.88 0 4.065
1639218000 20.9 85.02 0 4.065
1639218060 20.92 85.17 0 4.065
1639218120 20.92 85.34 0 4.065
1639218180 20.89 85.53 0 4.065
1639218240 20.88 85.69 0 4.065
1639218300 20.86 85.84 0 4.065
1639218360 20.88 85.96 0 4.065
1639218420 20.85 86.07 0 4.065
1639218480 20.85 86.18 0 4.065
1639218540 20.88 86.29 0 4.071
1639218600 20.82 86.34 0 4.065
1639218660 20.82 86.44 0 4.065
1639218720 20.82 86.5 0 4.065
1639218780 20.86 86.57 0 4.065
1639218840 20.83 86.61 0 4.065
1639218900 20.85 86.66 0 4.065
1639218960 20.81 86.65 0 4.065
1639219020 20.81 86.72 0 4.065
1639219080 20.81 86.71 0 4.065
1639219140 20.81 86.69 0 4.065
1639219200 20.79 86.71 0 4.065
1639219260 20.78 86.73 0 4.065
1639219320 20.78 86.76 0 4.065
1639219380 20.79 86.77 0 4.065
1639219440 20.78 86.77 0 4.065
1639219500 20.77 86.79 0 4.065
1639219560 20.71 86.71 0 4.065
1639219620 20.68 86.64 0 4.065
1639219680 20.69 86.51 0 4.071
1639219740 20.74 86.37 0 4.065
1639219800 20.69 86.29 0 4.065
1639219860 20.74 86.18 0 4.065
1639219920 20.71 86.13 0 4.065
1639219980 20.68 86.02 0 4.065
1639220040 20.74 85.98 0 4.065
1639220100 20.72 85.93 0 4.065
1639220160 20.71 85.88 0 4.065
1639220220 20.65 85.75 0 4.065
1639220280 20.68 85.63 0 4.065
1639220340 20.68 85.58 0 4.065
1639220400 20.71 85.53 0 4.065
1639220460 20.72 85.53 0 4.065
1639220520 20.69 85.51 0 4.065
1639220580 20.65 85.47 0 4.065
1639220640 20.64 85.4 0 4.065
1639220700 20.62 85.36 0 4.065
1639220760 20.58 85.33 0 4.065
1639220820 20.55 85.31 0 4.065
1639220880 20.54 85.3 0 4.065
1639220940 20.54 85.35 0 4.065
1639221000 20.49 85.34 4 4.065
1639221060 20.49 85.32 4 4.065
1639221120 20.54 85.39 4 4.071
1639221180 20.54 85.38 4 4.065
1639221240 20.56 85.38 0 4.065
1639221300 20.56 85.42 4 4.065
1639221360 20.61 85.47 4 4.055
1639221420 20.65 85.53 4 4.06
1639221480 20.67 85.53 4 4.065
1639221540 20.65 85.54 4 4.065
1639221600 20.64 85.57 4 4.065
1639221660 20.62 85.6 4 4.065
1639221720 20.62 85.61 4 4.06
1639221780 20.64 85.64 4 4.065
1639221840 20.65 85.67 4 4.065
1639221900 20.65 85.67 4 4.065
1639221960 20.68 85.73 10 4.065
1639222020 20.67 85.74 10 4.065
1639222080 20.68 85.74 10 4.065
1639222140 20.65 85.8 10 4.065
1639222200 20.65 85.79 10 4.065
1639222260 20.68 85.78 10 4.06
1639222320 20.69 85.83 10 4.06
1639222380 20.65 85.82 10 4.06
1639222440 20.68 85.85 10 4.065
1639222500 20.68 85.82 10 4.065
1639222560 20.74 85.85 16 4.065
1639222620 20.77 85.86 16 4.065
1639222680 20.75 85.83 16 4.065
1639222740 20.78 85.85 16 4.065
1639222800 20.82 85.82 16 4.065
1639222860 20.82 85.8 16 4.06
1639222920 20.81 85.75 16 4.065
1639222980 20.82 85.78 16 4.06
1639223040 20.83 85.79 16 4.06
1639223100 20.85 85.74 16 4.065
1639223160 20.88 85.74 22 4.06
1639223220 20.9 85.74 22 4.065
1639223280 20.93 85.72 22 4.06
1639223340 20.93 85.69 22 4.065
1639223400 20.93 85.65 22 4.06
1639223460 20.95 85.61 28 4.06
1639223520 21 85.61 28 4.065
1639223580 21.02 85.59 28 4.065
1639223640 21.02 85.58 28 4.065
1639223700 21.05 85.52 28 4.065
1639223760 21.05 85.55 28 4.065
1639223820 21.06 85.5 22 4.065
1639223880 21.09 85.48 22 4.065
1639223940 21.09 85.41 22 4.065
1639224000 21.12 85.4 28 4.065
1639224060 21.14 85.36 28 4.06
1639224120 21.12 85.29 28 4.06
1639224180 21.16 85.27 34 4.065
1639224240 21.18 85.22 34 4.06
1639224300 21.22 85.17 34 4.06
1639224360 21.25 85.11 40 4.065
1639224420 21.28 85.04 40 4.06
1639224480 21.29 85.03 46 4.065
1639224540 21.29 84.92 46 4.065
1639224600 21.29 84.74 52 4.06
1639224660 21.33 84.55 58 4.06
1639224720 21.42 84.39 58 4.06
1639224780 21.43 84.24 64 4.065
1639224840 21.46 84.04 64 4.06
1639224900 21.53 83.92 70 4.06
1639224960 21.57 83.72 70 4.06
1639225020 21.58 83.56 76 4.06
1639225080 21.65 83.46 76 4.06
1639225140 21.73 83.29 82 4.06
1639225200 21.77 83.14 82 4.06
1639225260 21.83 82.99 76 4.06
1639225320 21.87 82.89 64 4.06
1639225380 21.94 82.74 70 4.065
1639225440 21.97 82.63 76 4.06
1639225500 21.95 82.52 82 4.065
1639225560 22 82.28 94 4.065
1639225620 22.05 82.06 94 4.06
1639225680 22.14 81.9 100 4.065
1639225740 22.16 81.69 106 4.06
1639225800 22.22 81.44 106 4.06
1639225860 22.31 81.28 106 4.06
1639225920 22.36 81.08 106 4.065
1639225980 22.48 80.86 106 4.06
1639226040 22.49 80.65 100 4.06
1639226100 22.58 80.5 94 4.065
1639226160 22.59 80.28 88 4.06
1639226220 22.63 80.09 82 4.06
1639226280 22.72 79.93 64 4.06
1639226340 22.73 79.72 58 4.06
1639226400 22.72 79.55 46 4.06
1639226460 22.69 79.41 40 4.06
1639226520 22.72 79.32 46 4.06
1639226580 22.7 79.26 52 4.06
1639226640 22.68 79.17 46 4.06
1639226700 22.65 79.13 46 4.06
1639226760 22.66 79.04 40 4.06
1639226820 22.65 78.91 40 4.06
1639226880 22.66 78.84 58 4.06
1639226940 22.68 78.76 82 4.06
1639227000 22.75 78.78 82 4.06
1639227060 22.76 78.71 82 4.06
1639227120 22.8 78.7 82 4.06
1639227180 22.8 78.7 82 4.06
1639227240 22.83 78.68 88 4.06
1639227300 22.93 78.69 88 4.06
1639227360 22.95 78.67 88 4.06
1639227420 22.97 78.61 88 4.06
1639227480 22.97 78.53 88 4.065
1639227540 23.03 78.46 88 4.06
1639227600 23.13 78.34 88 4.06
1639227660 23.23 78.21 88 4.06
1639227720 23.26 78.08 88 4.06
1639227780 23.27 78 94 4.06
1639227840 23.31 77.91 88 4.06
1639227900 23.37 77.8 94 4.065
1639227960 23.39 77.6 94 4.06
1639228020 23.47 77.42 94 4.065
1639228080 23.53 77.25 94 4.06
1639228140 23.6 77.1 94 4.06
1639228200 23.65 76.96 94 4.06
1639228260 23.72 76.79 94 4.06
1639228320 23.78 76.6 94 4.06
1639228380 23.81 76.45 94 4.06
1639228440 23.87 76.35 94 4.06
1639228500 23.94 76.26 94 4.06
1639228560 24.02 76.14 94 4.06
1639228620 24.07 75.94 94 4.06
1639228680 24.14 75.73 94 4.06
1639228740 24.16 75.51 94 4.06
1639228800 24.16 75.37 100 4.06
1639228860 24.18 75.29 100 4.06
1639228920 24.19 75.1 100 4.06
1639228980 24.28 74.99 100 4.06
1639229040 24.31 74.86 100 4.06
1639229100 24.28 74.72 100 4.06
1639229160 24.33 74.64 100 4.06
1639229220 24.4 74.57 100 4.06
1639229280 24.45 74.38 100 4.065
1639229340 24.53 74.2 100 4.06
1639229400 24.62 74.06 100 4.06
1639229460 24.62 73.96 100 4.055
1639229520 24.69 73.78 100 4.06
1639229580 24.69 73.67 100 4.06
1639229640 24.7 73.56 100 4.06
1639229700 24.69 73.4 100 4.06
1639229760 24.69 73.32 106 4.06
1639229820 24.73 73.21 106 4.06
1639229880 24.77 73.11 106 4.06
1639229940 24.8 73.01 106 4.06
1639230000 24.8 72.81 106 4.06
1639230060 24.75 72.68 106 4.06
1639230120 24.76 72.56 106 4.06
1639230180 24.79 72.48 106 4.06
1639230240 24.83 72.33 106 4.06
1639230300 24.86 72.25 106 4.06
1639230360 24.83 72.1 106 4.06
1639230420 24.85 72.03 106 4.06
1639230480 24.87 71.97 106 4.06
1639230540 24.91 71.85 106 4.06
1639230600 24.98 71.79 106 4.06
1639230660 25.04 71.63 106 4.06
1639230720 25.17 71.49 106 4.06
1639230780 25.13 71.3 112 4.06
1639230840 25.2 71.21 106 4.06
1639230900 25.3 71.11 106 4.06
1639230960 25.38 70.99 106 4.06
1639231020 25.37 70.87 106 4.06
1639231080 25.4 70.67 106 4.06
1639231140 25.44 70.57 106 4.06
1639231200 25.45 70.43 112 4.06
1639231260 25.49 70.33 112 4.06
1639231320 25.49 70.18 106 4.06
1639231380 25.61 70.05 106 4.06
1639231440 25.63 69.91 112 4.06
1639231500 25.74 69.83 112 4.06
1639231560 25.75 69.7 112 4.06
1639231620 25.74 69.53 106 4.06
1639231680 25.82 69.41 112 4.065
1639231740 25.85 69.27 112 4.06
1639231800 25.89 69.12 112 4.06
1639231860 25.88 69 112 4.06
1639231920 25.89 68.89 112 4.06
1639231980 25.92 68.75 112 4.065
1639232040 25.96 68.68 118 4.06
1639232100 25.98 68.53 112 4.06
1639232160 25.93 68.32 118 4.06
1639232220 25.98 68.22 118 4.06
1639232280 25.98 68.05 171 4.06
1639232340 26.02 67.85 213 4.06
1639232400 26.06 67.71 179 4.06
1639232460 26.09 67.57 124 4.06
1639232520 26.15 67.36 124 4.065
1639232580 26.22 67.28 124 4.06
1639232640 26.32 67.11 131 4.06
1639232700 26.39 66.96 137 4.06
1639232760 26.43 66.84 137 4.06
1639232820 26.49 66.66 167 4.06
1639232880 26.39 66.48 213 4.065
1639232940 26.43 66.36 207 4.06
1639233000 26.57 66.22 465 4.065
1639233060 26.49 66.16 280 4.055
1639233120 26.52 66.09 362 4.06
1639233180 26.73 66.04 471 4.065
1639233240 26.91 65.92 334 4.06
1639233300 27.01 65.78 344 4.06
1639233360 27.27 65.7 280 4.06
1639233420 27.37 65.51 207 4.06
1639233480 27.3 65.28 161 4.065
1639233540 27.24 65.13 195 4.06
1639233600 27.15 64.93 268 4.06
1639233660 27.14 64.81 262 4.065
1639233720 27.25 64.67 201 4.065
1639233780 27.4 64.54 213 4.06
1639233840 27.48 64.44 225 4.06
1639233900 27.4 64.29 286 4.06
1639233960 27.34 64.22 268 4.065
1639234020 27.38 64.18 237 4.065
1639234080 27.52 64.06 191 4.06
1639234140 27.58 63.97 191 4.065
1639234200 27.64 63.9 213 4.06
1639234260 27.68 63.75 189 4.06
1639234320 27.72 63.69 177 4.065
1639234380 27.76 63.55 338 4.06
1639234440 27.78 63.4 112 4.06
1639234500 27.85 63.27 201 4.06
1639234560 27.78 63.16 249 4.065
1639234620 27.84 63.05 292 4.065
1639234680 27.65 62.8 555 4.065
1639234740 27.76 62.62 591 4.065
1639234800 27.76 62.46 465 4.06
1639234860 27.85 62.24 423 4.065
1639234920 27.96 62.07 453 4.065
1639234980 28.16 61.86 376 4.065
1639235040 28.26 61.73 364 4.065
1639235100 28.51 61.59 274 4.065
1639235160 28.67 61.35 376 4.065
1639235220 28.74 61.15 346 4.065
1639235280 28.86 60.96 334 4.065
1639235340 28.82 60.77 292 4.071
1639235400 28.91 60.57 286 4.065
1639235460 28.96 60.41 227 4.065
1639235520 29.05 60.23 213 4.065
1639235580 28.94 60.05 280 4.065
1639235640 28.93 59.87 268 4.065
1639235700 28.8 59.69 322 4.065
1639235760 28.7 59.56 201 4.065
1639235820 28.69 59.35 161 4.065
1639235880 28.59 59.11 167 4.065
1639235940 28.47 59.02 173 4.065
1639236000 28.06 58.85 418 4.071
1639236060 28.02 58.84 650 4.071
1639236120 28.02 58.78 734 4.071
1639236180 27.88 58.74 825 4.076
1639236240 28 58.69 567 4.071
1639236300 28.08 58.65 752 4.071
1639236360 28.3 58.62 789 4.071
1639236420 28.5 58.57 507 4.071
1639236480 28.67 58.55 585 4.071
1639236540 28.75 58.5 495 4.071
1639236600 28.71 58.46 225 4.071
1639236660 28.57 58.41 460 4.071
1639236720 28.39 58.45 472 4.071
1639236780 28.56 58.54 370 4.071
1639236840 28.5 58.5 191 4.071
1639236900 28.43 58.53 394 4.071
1639236960 28.19 58.52 328 4.071
1639237020 28.24 58.64 268 4.071
1639237080 28.29 58.68 382 4.071
1639237140 28.42 58.82 227 4.071
1639237200 28.43 58.87 221 4.071
1639237260 28.51 58.96 305 4.071
1639237320 28.5 59.05 310 4.071
1639237380 28.59 59.17 310 4.071
1639237440 28.67 59.24 221 4.071
1639237500 28.6 59.27 239 4.071
1639237560 28.59 59.36 239 4.071
1639237620 28.54 59.42 268 4.076
1639237680 28.49 59.49 286 4.071
1639237740 28.29 59.58 262 4.071
1639237800 28.26 59.75 257 4.076
1639237860 28.15 59.82 256 4.076
1639237920 28.23 59.98 256 4.071
1639237980 28.3 60.11 262 4.076
1639238040 28.47 60.27 281 4.076
1639238100 28.47 60.38 293 4.076
1639238160 28.4 60.48 310 4.071
1639238220 28.42 60.66 334 4.076
1639238280 28.49 60.75 442 4.076
1639238340 28.49 60.85 545 4.076
1639238400 28.43 60.84 533 4.076
1639238460 28.57 60.98 364 4.071
1639238520 28.61 61.05 502 4.076
1639238580 28.66 61.14 418 4.076
1639238640 28.71 61.16 257 4.071
1639238700 28.59 61.17 322 4.076
1639238760 28.54 61.18 418 4.076
1639238820 28.5 61.19 581 4.076
1639238880 28.51 61.28 615 4.076
1639238940 28.47 61.29 575 4.076
1639239000 28.59 61.43 490 4.076
1639239060 28.77 61.49 436 4.082
1639239120 28.96 61.5 454 4.082
1639239180 29 61.48 414 4.082
1639239240 29.32 61.5 346 4.082
1639239300 29.39 61.4 239 4.076
1639239360 29.15 61.31 257 4.076
1639239420 29.07 61.21 275 4.076
1639239480 29.14 61.15 316 4.082
1639239540 29.2 61.14 508 4.076
1639239600 29.34 61.12 545 4.082
1639239660 29.31 60.98 886 4.082
1639239720 29.24 60.87 695 4.087
1639239780 29.25 60.79 593 4.082
1639239840 29.34 60.75 810 4.087
1639239900 29.52 60.68 822 4.087
1639239960 29.73 60.5 655 4.087
1639240020 29.98 60.41 462 4.087
1639240080 30.19 60.3 438 4.082
1639240140 30.31 60.14 521 4.087
1639240200 30.51 59.95 606 4.087
1639240260 30.47 59.75 275 4.082
1639240320 30.64 59.62 263 4.082
1639240380 30.53 59.4 299 4.082
1639240440 30.44 59.17 462 4.087
1639240500 30.1 59 414 4.087
1639240560 29.89 58.88 1076 4.076
1639240620 29.85 58.78 945 4.076
1639240680 29.73 58.69 263 4.076
1639240740 29.73 58.67 251 4.082
1639240800 29.69 58.59 275 4.082
1639240860 29.51 58.58 305 4.082
1639240920 29.49 58.47 456 4.087
1639240980 29.31 58.46 516 4.092
1639241040 29.29 58.56 275 4.082
1639241100 29.36 58.65 239 4.082
1639241160 29.41 58.74 245 4.082
1639241220 29.26 58.81 1144 4.076
1639241280 29.28 58.84 1088 4.076
1639241340 29.38 58.94 1096 4.076
1639241400 29.58 58.95 1100 4.076
1639241460 29.66 58.89 1031 4.076
1639241520 30.03 58.99 1048 4.082
1639241580 30.22 58.98 1022 4.082
1639241640 30.31 58.91 981 4.082
1639241700 30.46 58.78 1042 4.076
1639241760 30.6 58.64 1075 4.082
1639241820 30.81 58.54 287 4.082
1639241880 30.74 58.33 281 4.082
1639241940 30.56 58.19 876 4.076
1639242000 30.2 58.04 1063 4.108
1639242060 30.16 57.95 1069 4.108
1639242120 30.16 57.86 1099 4.108
1639242180 30.15 57.8 1025 4.103
1639242240 30.2 57.77 469 4.098
1639242300 30.33 57.76 1099 4.108
1639242360 30.5 57.77 1081 4.108
1639242420 30.67 57.67 826 4.108
1639242480 30.7 57.59 1099 4.114
1639242540 30.7 57.51 1027 4.108
1639242600 30.85 57.54 1046 4.108
1639242660 31.12 57.5 1013 4.108
1639242720 30.95 57.39 1052 4.114
1639242780 30.94 57.36 1034 4.114
1639242840 30.94 57.3 1021 4.114
1639242900 30.78 57.19 996 4.114
1639242960 30.43 57.13 1058 4.114
1639243020 30.28 57.15 1088 4.114
1639243080 30.46 57.19 1102 4.114
1639243140 30.64 57.15 1118 4.119
1639243200 30.92 57.16 1132 4.119
1639243260 31.12 57.06 1186 4.119
1639243320 31.15 56.94 1168 4.119
1639243380 31.61 56.89 1210 4.119
1639243440 31.99 56.72 325 4.098
1639243500 31.96 56.52 337 4.098
1639243560 31.8 56.35 325 4.098
1639243620 31.31 56.2 1207 4.087
1639243680 31.01 56.07 1207 4.087
1639243740 30.95 56 1201 4.087
1639243800 30.91 56.03 1179 4.087
1639243860 31.29 56.08 227 4.092
1639243920 31.49 56.02 203 4.092
1639243980 31.12 55.91 221 4.092
1639244040 30.57 55.9 233 4.092
1639244100 30.4 55.94 191 4.092
1639244160 30.17 56.01 185 4.092
1639244220 29.9 56.1 191 4.092
1639244280 29.63 56.21 197 4.092
1639244340 29.34 56.39 203 4.092
1639244400 29.26 56.64 185 4.092
1639244460 29.02 56.91 167 4.092
1639244520 28.81 57.19 209 4.092
1639244580 28.6 57.55 185 4.092
1639244640 28.49 57.87 191 4.092
1639244700 28.4 58.24 245 4.092
1639244760 28.32 58.53 564 4.087
1639244820 28.36 58.91 912 4.087
1639244880 28.59 59.28 864 4.087
1639244940 28.75 59.65 1093 4.087
1639245000 29.04 59.98 1105 4.087
1639245060 29.51 60.23 1111 4.087
1639245120 29.72 60.3 1111 4.087
1639245180 29.76 60.36 1099 4.087
1639245240 29.99 60.47 1021 4.087
1639245300 30.22 60.46 191 4.087
1639245360 30.26 60.42 191 4.092
1639245420 29.99 60.37 197 4.092
1639245480 29.56 60.32 209 4.092
1639245540 29.25 60.37 858 4.087
1639245600 29.15 60.52 1079 4.087
1639245660 29.17 60.65 1099 4.087
1639245720 29.34 60.68 1075 4.087
1639245780 29.42 60.72 1061 4.082
1639245840 29.71 60.75 1061 4.087
1639245900 30.13 60.8 959 4.082
1639245960 30.23 60.72 942 4.087
1639246020 30.31 60.61 1031 4.087
1639246080 30.36 60.5 1051 4.087
1639246140 30.67 60.41 1031 4.103
1639246200 30.81 60.23 1031 4.108
1639246260 31.12 60.07 1051 4.087
1639246320 31.17 59.81 1031 4.103
1639246380 31.01 59.51 1043 4.103
1639246440 30.89 59.28 1055 4.082
1639246500 30.82 59 1039 4.082
1639246560 30.78 58.76 1039 4.082
1639246620 30.89 58.56 1037 4.087
1639246680 30.99 58.31 977 4.082
1639246740 30.91 58.06 1087 4.082
1639246800 31.04 57.92 1103 4.087
1639246860 30.94 57.76 1097 4.082
1639246920 31.09 57.57 1055 4.082
1639246980 31.36 57.35 1021 4.087
1639247040 31.41 57.18 1001 4.098
1639247100 31.19 56.96 993 4.103
1639247160 31.17 56.75 935 4.103
1639247220 31.22 56.65 951 4.098
1639247280 31.46 56.5 953 4.103
1639247340 31.31 56.35 960 4.082
1639247400 31.14 56.24 953 4.098
1639247460 31.12 56.21 941 4.103
1639247520 31.12 56.18 954 4.082
1639247580 31.25 56.17 971 4.098
1639247640 31.55 56.08 972 4.087
1639247700 31.76 55.97 947 4.103
1639247760 31.93 55.91 954 4.082
1639247820 32.12 55.75 947 4.082
1639247880 31.8 55.51 954 4.087
1639247940 31.49 55.42 959 4.087
1639248000 31.29 55.27 959 4.087
1639248060 31.07 55.12 984 4.087
1639248120 30.95 55.05 1013 4.087
1639248180 31.14 55.11 1025 4.087
1639248240 31.25 55.01 1043 4.087
1639248300 31.38 54.96 636 4.092
1639248360 31.18 54.94 209 4.087
1639248420 31.22 54.86 989 4.087
1639248480 31.15 54.82 1031 4.087
1639248540 30.98 54.76 245 4.092
1639248600 30.99 54.74 227 4.087
1639248660 30.6 54.64 402 4.092
1639248720 30.51 54.64 707 4.087
1639248780 30.34 54.69 1013 4.087
1639248840 30.48 54.74 1001 4.082
1639248900 30.68 54.86 275 4.092
1639248960 30.71 54.93 227 4.087
1639249020 30.84 55.01 209 4.087
1639249080 30.78 55.06 444 4.092
1639249140 30.48 55.06 600 4.092
1639249200 30.19 55.1 990 4.082
1639249260 30.24 55.22 293 4.092
1639249320 30.28 55.31 704 4.092
1639249380 30.24 55.35 251 4.092
1639249440 30.2 55.39 990 4.087
1639249500 30.12 55.41 948 4.082
1639249560 30.37 55.5 912 4.082
1639249620 30.43 55.53 880 4.082
1639249680 30.85 55.61 829 4.092
1639249740 31.17 55.58 456 4.092
1639249800 31.21 55.52 347 4.087
1639249860 30.85 55.42 209 4.092
1639249920 30.7 55.43 155 4.092
1639249980 30.31 55.36 137 4.087
1639250040 30.22 55.35 131 4.087
1639250100 30.16 55.33 137 4.087
1639250160 29.9 55.39 131 4.087
1639250220 29.77 55.42 143 4.082
1639250280 29.53 55.5 185 4.092
1639250340 29.44 55.61 191 4.087
1639250400 29.25 55.68 865 4.098
1639250460 29.11 55.84 179 4.092
1639250520 29.01 56 643 4.092
1639250580 28.9 56.16 167 4.092
1639250640 28.86 56.3 161 4.087
1639250700 28.75 56.5 438 4.092
1639250760 28.69 56.7 728 4.092
1639250820 28.86 56.84 775 4.098
1639250880 28.93 57.04 173 4.092
1639250940 28.97 57.25 209 4.092
1639251000 28.96 57.37 870 4.087
1639251060 29.05 57.5 275 4.092
1639251120 29.21 57.59 227 4.092
1639251180 29.17 57.6 789 4.098
1639251240 29.08 57.66 269 4.092
1639251300 29.14 57.73 801 4.098
1639251360 29.25 57.75 233 4.092
1639251420 29.15 57.72 191 4.092
1639251480 29.07 57.75 420 4.092
1639251540 28.89 57.83 203 4.092
1639251600 28.86 57.86 215 4.092
1639251660 28.84 57.92 764 4.092
1639251720 28.89 58.02 734 4.092
1639251780 28.93 58.12 764 4.098
1639251840 29.17 58.3 752 4.098
1639251900 29.51 58.41 777 4.098
1639251960 29.59 58.39 789 4.098
1639252020 29.96 58.46 728 4.098
1639252080 29.96 58.43 704 4.098
1639252140 30.07 58.42 656 4.092
1639252200 30 58.36 644 4.098
1639252260 30.09 58.29 636 4.092
1639252320 30.16 58.23 630 4.098
1639252380 30.2 58.18 570 4.092
1639252440 30.26 58.11 191 4.092
1639252500 30.06 58.03 552 4.092
1639252560 29.69 57.9 499 4.092
1639252620 29.52 57.9 504 4.092
1639252680 29.52 57.85 480 4.092
1639252740 29.58 57.87 590 4.098
1639252800 29.48 57.9 626 4.098
1639252860 29.65 57.93 602 4.092
1639252920 29.8 57.95 606 4.098
1639252980 29.8 57.95 570 4.098
1639253040 29.63 57.9 499 4.092
1639253100 29.69 57.9 487 4.092
1639253160 29.87 57.9 498 4.092
1639253220 29.86 57.85 528 4.098
1639253280 29.77 57.76 552 4.092
1639253340 29.52 57.69 516 4.092
1639253400 29.53 57.62 548 4.098
1639253460 29.51 57.65 564 4.098
1639253520 29.59 57.64 209 4.098
1639253580 29.49 57.62 227 4.092
1639253640 29.45 57.6 468 4.092
1639253700 29.42 57.65 150 4.092
1639253760 29.18 57.64 137 4.092
1639253820 28.91 57.69 137 4.092
1639253880 28.78 57.79 191 4.092
1639253940 28.71 57.87 227 4.092
1639254000 28.57 57.92 149 4.092
1639254060 28.32 57.95 155 4.092
1639254120 28.18 58.03 377 4.092
1639254180 28.03 58.17 227 4.092
1639254240 28.1 58.27 408 4.092
1639254300 28.03 58.44 487 4.092
1639254360 28.03 58.51 546 4.098
1639254420 28.13 58.66 408 4.098
1639254480 28.35 58.78 409 4.092
1639254540 28.42 58.91 287 4.098
1639254600 28.29 59 578 4.098
1639254660 28.49 59.22 572 4.098
1639254720 28.51 59.28 572 4.098
1639254780 28.63 59.29 530 4.098
1639254840 28.61 59.36 397 4.098
1639254900 28.77 59.41 439 4.098
1639254960 28.8 59.43 493 4.098
1639255020 28.97 59.49 487 4.098
1639255080 29.04 59.43 427 4.098
1639255140 29.04 59.38 391 4.098
1639255200 28.94 59.38 252 4.098
1639255260 28.93 59.38 252 4.098
1639255320 28.96 59.39 277 4.098
1639255380 28.98 59.49 246 4.098
1639255440 28.74 59.51 222 4.098
1639255500 28.67 59.5 210 4.098
1639255560 28.56 59.58 197 4.092
1639255620 28.49 59.69 173 4.092
1639255680 28.36 59.77 155 4.092
1639255740 28.3 59.9 137 4.092
1639255800 28.03 60.02 131 4.098
1639255860 27.94 60.16 131 4.092
1639255920 27.84 60.35 126 4.092
1639255980 27.75 60.52 120 4.092
1639256040 27.69 60.69 112 4.092
1639256100 27.65 60.81 112 4.092
1639256160 27.64 60.92 100 4.092
1639256220 27.51 61.02 100 4.092
1639256280 27.45 61.15 94 4.092
1639256340 27.47 61.26 100 4.092
1639256400 27.47 61.36 100 4.092
1639256460 27.38 61.49 94 4.092
1639256520 27.33 61.58 88 4.092
1639256580 27.31 61.69 82 4.092
1639256640 27.21 61.89 82 4.092
1639256700 27.15 61.98 82 4.092
1639256760 27.11 62.15 82 4.092
1639256820 27.15 62.31 88 4.092
1639256880 27.15 62.49 94 4.092
1639256940 27.08 62.69 106 4.092
1639257000 27.1 62.91 112 4.092
1639257060 27.1 63.12 112 4.092
1639257120 27.14 63.31 112 4.092
1639257180 27.14 63.55 112 4.092
1639257240 27.2 63.78 106 4.098
1639257300 27.23 64.02 108 4.092
1639257360 27.2 64.2 112 4.092
1639257420 27.05 64.43 112 4.092
1639257480 27.03 64.61 112 4.092
1639257540 27 64.86 112 4.092
1639257600 27.03 65.02 100 4.092
1639257660 27.01 65.24 94 4.092
1639257720 27 65.36 94 4.092
1639257780 27.01 65.57 88 4.092
1639257840 27.01 65.72 82 4.092
1639257900 27 65.87 76 4.092
1639257960 27.04 66.08 70 4.092
1639258020 27.03 66.17 70 4.092
1639258080 27.01 66.35 70 4.092
1639258140 26.96 66.51 70 4.092
1639258200 26.9 66.66 70 4.092
1639258260 26.83 66.83 70 4.092
1639258320 26.86 66.95 70 4.092
1639258380 26.83 67.06 76 4.087
1639258440 26.72 67.22 76 4.092
1639258500 26.66 67.35 76 4.092
1639258560 26.54 67.5 76 4.092
1639258620 26.47 67.71 76 4.092
1639258680 26.4 67.89 76 4.092
1639258740 26.35 68.11 76 4.092
1639258800 26.32 68.27 76 4.092
1639258860 26.29 68.44 70 4.092
1639258920 26.3 68.61 64 4.092
1639258980 26.29 68.74 58 4.092
1639259040 26.23 68.89 52 4.092
1639259100 26.21 69 52 4.092
1639259160 26.18 69.13 46 4.087
1639259220 26.23 69.31 46 4.092
1639259280 26.21 69.38 40 4.092
1639259340 26.16 69.49 40 4.092
1639259400 26.14 69.62 40 4.092
1639259460 26.12 69.76 40 4.092
1639259520 26.03 69.84 40 4.092
1639259580 25.92 69.99 34 4.092
1639259640 25.89 70.13 34 4.092
1639259700 25.87 70.29 34 4.087
1639259760 25.85 70.43 28 4.087
1639259820 25.87 70.56 28 4.092
1639259880 25.85 70.69 28 4.092
1639259940 25.87 70.8 28 4.087
1639260000 25.78 70.92 28 4.092
1639260060 25.78 71.06 28 4.092
1639260120 25.72 71.11 28 4.092
1639260180 25.68 71.26 22 4.087
1639260240 25.69 71.33 16 4.092
1639260300 25.69 71.42 16 4.087
1639260360 25.68 71.45 16 4.092
1639260420 25.67 71.48 16 4.092
1639260480 25.72 71.52 22 4.087
1639260540 25.75 71.57 16 4.092
1639260600 25.77 71.66 16 4.092
1639260660 25.75 71.7 16 4.087
1639260720 25.71 71.76 16 4.087
1639260780 25.64 71.79 16 4.092
1639260840 25.64 71.83 16 4.092
1639260900 25.63 71.89 10 4.092
1639260960 25.63 71.92 10 4.092
1639261020 25.6 71.93 10 4.092
1639261080 25.58 71.94 10 4.092
1639261140 25.57 72.01 10 4.092
1639261200 25.54 71.99 10 4.087
1639261260 25.52 71.97 10 4.092
1639261320 25.47 71.97 10 4.092
1639261380 25.42 71.99 10 4.087
1639261440 25.45 71.94 10 4.092
1639261500 25.45 71.94 10 4.092
1639261560 25.4 71.87 4 4.087
1639261620 25.38 71.83 4 4.092
1639261680 25.37 71.73 4 4.092
1639261740 25.37 71.69 4 4.087
1639261800 25.33 71.61 4 4.087
1639261860 25.34 71.58 4 4.087
1639261920 25.33 71.48 4 4.087
1639261980 25.33 71.41 4 4.087
1639262040 25.33 71.4 4 4.087
1639262100 25.34 71.33 4 4.087
1639262160 25.33 71.25 4 4.092
1639262220 25.33 71.14 4 4.087
1639262280 25.28 71.09 4 4.092
1639262340 25.31 71.05 0 4.087
1639262400 25.3 70.97 0 4.087
1639262460 25.28 70.9 0 4.092
1639262520 25.3 70.83 4 4.087
1639262580 25.28 70.73 0 4.087
1639262640 25.3 70.64 0 4.087
1639262700 25.33 70.58 0 4.092
1639262760 25.33 70.48 0 4.087
1639262820 25.28 70.46 4 4.087
1639262880 25.26 70.37 0 4.087
1639262940 25.27 70.37 0 4.087
1639263000 25.26 70.33 0 4.087
1639263060 25.23 70.27 0 4.087
1639263120 25.18 70.18 0 4.092
1639263180 25.21 70.18 0 4.087
1639263240 25.21 70.14 0 4.087
1639263300 25.17 70.1 0 4.087
1639263360 25.17 70.07 0 4.087
1639263420 25.14 70.04 0 4.092
1639263480 25.16 69.99 0 4.087
1639263540 25.13 69.96 0 4.092
1639263600 25.13 69.96 0 4.092
1639263660 25.12 70.01 0 4.087
1639263720 25.1 70 0 4.087
1639263780 25.1 70.02 0 4.087
1639263840 25.09 70.06 0 4.087
1639263900 25.09 70.08 0 4.087
1639263960 25.03 70.13 0 4.087
1639264020 25.04 70.23 0 4.087
1639264080 25.03 70.28 0 4.087
1639264140 25.03 70.34 0 4.087
1639264200 25.02 70.38 0 4.087
1639264260 25.02 70.46 0 4.087
1639264320 25 70.51 0 4.087
1639264380 25.03 70.55 0 4.087
1639264440 25.03 70.61 0 4.087
1639264500 25 70.69 0 4.087
1639264560 25 70.71 0 4.087
1639264620 25 70.76 0 4.087
1639264680 25.03 70.77 0 4.087
1639264740 25 70.78 0 4.087
1639264800 25 70.83 0 4.087
1639264860 24.98 70.78 0 4.087
1639264920 24.98 70.89 0 4.087
1639264980 24.97 70.9 0 4.087
1639265040 25 70.97 0 4.087
1639265100 24.97 71.06 0 4.087
1639265160 24.97 71.04 0 4.087
1639265220 24.98 71.1 0 4.087
1639265280 24.94 71.13 0 4.087
1639265340 24.96 71.24 0 4.087
1639265400 24.97 71.23 0 4.087
1639265460 24.94 71.31 0 4.087
1639265520 24.91 71.33 0 4.087
1639265580 24.87 71.32 0 4.087
1639265640 24.86 71.32 0 4.087
1639265700 24.86 71.31 0 4.087
1639265760 24.87 71.32 0 4.087
1639265820 24.86 71.31 0 4.087
1639265880 24.85 71.31 0 4.087
1639265940 24.86 71.28 0 4.087
1639266000 24.87 71.23 0 4.087
1639266060 24.9 71.19 0 4.087
1639266120 24.91 71.17 0 4.087
1639266180 24.9 71.13 0 4.087
1639266240 24.94 71.18 0 4.087
1639266300 24.9 71.12 0 4.087
1639266360 24.9 71.14 0 4.082
1639266420 24.9 71.16 0 4.087
1639266480 24.87 71.13 0 4.087
1639266540 24.89 71.11 0 4.087
1639266600 24.86 71.15 0 4.087
1639266660 24.86 71.14 0 4.087
1639266720 24.83 71.12 0 4.087
1639266780 24.83 71.08 0 4.087
1639266840 24.83 71.02 0 4.087
1639266900 24.87 70.99 0 4.087
1639266960 24.82 70.99 0 4.082
1639267020 24.85 70.99 0 4.087
1639267080 24.82 70.99 0 4.087
1639267140 24.8 70.99 0 4.087
1639267200 24.79 71.03 0 4.087
1639267260 24.76 71.01 0 4.082
1639267320 24.75 70.97 0 4.082
1639267380 24.75 70.97 0 4.082
1639267440 24.82 70.91 0 4.082
1639267500 24.8 70.9 0 4.087
1639267560 24.83 70.88 0 4.087
1639267620 24.83 70.96 0 4.087
1639267680 24.83 70.93 0 4.087
1639267740 24.8 71.1 0 4.087
1639267800 24.77 71.25 0 4.087
1639267860 24.76 71.35 0 4.087
1639267920 24.75 71.49 0 4.082
1639267980 24.75 71.64 0 4.082
1639268040 24.7 71.79 0 4.082
1639268100 24.69 71.88 0 4.082
1639268160 24.67 71.99 0 4.087
1639268220 24.62 72.16 0 4.082
1639268280 24.63 72.28 0 4.087
1639268340 24.61 72.41 0 4.087
1639268400 24.61 72.55 0 4.082
1639268460 24.58 72.67 0 4.087
1639268520 24.56 72.76 0 4.082
1639268580 24.52 72.91 0 4.087
1639268640 24.53 72.98 0 4.082
1639268700 24.53 73.1 0 4.082
1639268760 24.53 73.19 0 4.082
1639268820 24.51 73.29 0 4.087
1639268880 24.49 73.42 0 4.087
1639268940 24.45 73.53 0 4.082
1639269000 24.45 73.63 0 4.087
1639269060 24.43 73.66 0 4.082
1639269120 24.43 73.66 0 4.082
1639269180 24.46 73.71 0 4.087
1639269240 24.45 73.74 0 4.082
1639269300 24.4 73.8 0 4.082
1639269360 24.4 73.83 0 4.082
1639269420 24.39 73.82 0 4.082
1639269480 24.4 73.84 0 4.082
1639269540 24.42 73.87 0 4.082
1639269600 24.39 73.85 0 4.082
1639269660 24.36 73.85 0 4.087
1639269720 24.32 73.94 0 4.087
1639269780 24.29 73.97 0 4.087
1639269840 24.32 74.04 0 4.082
1639269900 24.28 74.05 0 4.082
1639269960 24.25 74.12 0 4.082
1639270020 24.22 74.17 0 4.082
1639270080 24.21 74.26 0 4.082
1639270140 24.19 74.29 0 4.082
1639270200 24.16 74.31 0 4.082
1639270260 24.14 74.37 0 4.082
1639270320 24.08 74.48 0 4.087
1639270380 24.05 74.58 0 4.082
1639270440 24.07 74.66 0 4.082
1639270500 24.01 74.76 0 4.082
1639270560 23.97 74.85 0 4.082
1639270620 23.97 74.89 0 4.082
1639270680 23.95 74.98 0 4.082
1639270740 23.89 75.04 0 4.087
1639270800 23.89 75.1 0 4.082
1639270860 23.88 75.13 0 4.082
1639270920 23.82 75.26 0 4.082
1639270980 23.81 75.25 0 4.082
1639271040 23.81 75.34 0 4.082
1639271100 23.78 75.37 0 4.082
1639271160 23.8 75.4 0 4.082
1639271220 23.78 75.45 0 4.082
1639271280 23.74 75.5 0 4.082
1639271340 23.74 75.52 0 4.082
1639271400 23.75 75.59 0 4.082
1639271460 23.75 75.65 0 4.082
1639271520 23.77 75.68 0 4.082
1639271580 23.75 75.7 0 4.082
1639271640 23.75 75.73 0 4.082
1639271700 23.74 75.81 0 4.087
1639271760 23.78 75.85 0 4.082
1639271820 23.78 75.88 0 4.082
1639271880 23.75 75.93 0 4.082
1639271940 23.81 76 0 4.082
1639272000 23.8 76.03 0 4.082
1639272060 23.81 76.07 0 4.082
1639272120 23.84 76.14 0 4.082
1639272180 23.82 76.18 0 4.082
1639272240 23.84 76.21 0 4.082
1639272300 23.84 76.26 0 4.082
1639272360 23.84 76.29 0 4.082
1639272420 23.85 76.33 0 4.082
1639272480 23.88 76.43 0 4.082
1639272540 23.87 76.45 0 4.082
1639272600 23.87 76.5 0 4.082
1639272660 23.89 76.56 0 4.076
1639272720 23.88 76.57 0 4.082
1639272780 23.88 76.62 0 4.082
1639272840 23.87 76.66 0 4.082
1639272900 23.85 76.7 0 4.082
1639272960 23.88 76.75 0 4.082
1639273020 23.87 76.76 0 4.082
1639273080 23.85 76.76 0 4.082
1639273140 23.82 76.82 0 4.082
1639273200 23.84 76.8 0 4.082
1639273260 23.85 76.86 0 4.082
1639273320 23.84 76.89 0 4.082
1639273380 23.84 76.9 0 4.082
1639273440 23.84 76.89 0 4.082
1639273500 23.84 76.85 0 4.082
1639273560 23.85 76.88 0 4.082
1639273620 23.87 76.86 0 4.076
1639273680 23.87 76.85 0 4.082
1639273740 23.89 76.85 0 4.082
1639273800 23.92 76.82 0 4.076
1639273860 23.94 76.77 0 4.082
1639273920 23.92 76.77 0 4.082
1639273980 23.92 76.76 0 4.082
1639274040 23.94 76.68 0 4.082
1639274100 23.95 76.66 0 4.082
1639274160 23.94 76.65 0 4.082
1639274220 23.92 76.64 0 4.082
1639274280 23.95 76.6 0 4.082
1639274340 23.97 76.58 0 4.082
1639274400 23.98 76.57 0 4.082
1639274460 23.98 76.55 0 4.076
1639274520 24.02 76.55 0 4.082
1639274580 24.04 76.54 0 4.082
1639274640 24.04 76.48 0 4.082
1639274700 24.02 76.47 0 4.076
1639274760 24.05 76.4 0 4.076
1639274820 24.05 76.38 0 4.082
1639274880 24.08 76.35 0 4.082
1639274940 24.07 76.29 0 4.082
1639275000 24.07 76.29 0 4.076
1639275060 24.1 76.27 0 4.076
1639275120 24.08 76.28 0 4.082
1639275180 24.1 76.24 0 4.082
1639275240 24.07 76.24 0 4.082
1639275300 24.07 76.24 0 4.082
1639275360 24.07 76.29 0 4.076
1639275420 24.07 76.27 0 4.076
1639275480 24.1 76.26 0 4.082
1639275540 24.07 76.25 0 4.082
1639275600 24.05 76.24 0 4.076
1639275660 24.08 76.27 0 4.082
1639275720 24.08 76.25 0 4.076
1639275780 24.07 76.24 0 4.076
1639275840 24.08 76.25 0 4.082
1639275900 24.08 76.24 0 4.082
1639275960 24.07 76.25 0 4.082
1639276020 24.12 76.19 0 4.076
1639276080 24.11 76.2 0 4.082
1639276140 24.1 76.23 0 4.076
1639276200 24.07 76.22 0 4.082
1639276260 24.04 76.23 0 4.076
1639276320 24.07 76.25 0 4.076
1639276380 24.05 76.28 0 4.076
1639276440 24.02 76.26 0 4.082
1639276500 24.02 76.28 0 4.082
1639276560 24.02 76.26 0 4.082
1639276620 24.05 76.29 0 4.076
1639276680 24.05 76.27 0 4.076
1639276740 24.01 76.33 0 4.076
1639276800 24 76.33 0 4.082
1639276860 23.98 76.36 0 4.082
1639276920 23.95 76.38 0 4.082
1639276980 23.92 76.45 0 4.076
1639277040 23.91 76.45 0 4.082
1639277100 23.91 76.54 0 4.076
1639277160 23.88 76.59 0 4.076
1639277220 23.88 76.68 0 4.076
1639277280 23.85 76.7 0 4.076
1639277340 23.85 76.77 0 4.082
1639277400 23.84 76.78 0 4.076
1639277460 23.87 76.85 0 4.076
1639277520 23.8 76.89 0 4.076
1639277580 23.8 76.94 0 4.076
1639277640 23.75 76.99 0 4.082
1639277700 23.75 77.06 0 4.076
1639277760 23.7 77.13 0 4.076
1639277820 23.67 77.24 0 4.076
1639277880 23.67 77.37 0 4.082
1639277940 23.6 77.42 0 4.082
1639278000 23.61 77.52 0 4.076
1639278060 23.59 77.61 0 4.076
1639278120 23.54 77.65 0 4.076
1639278180 23.57 77.72 0 4.076
1639278240 23.57 77.77 0 4.082
1639278300 23.54 77.82 0 4.076
1639278360 23.59 77.84 0 4.076
1639278420 23.57 77.88 0 4.082
1639278480 23.57 77.93 0 4.076
1639278540 23.59 77.93 0 4.076
1639278600 23.57 77.96 0 4.076
1639278660 23.57 77.99 0 4.076
1639278720 23.6 77.99 0 4.076
1639278780 23.6 77.99 0 4.076
1639278840 23.61 77.98 0 4.076
1639278900 23.61 78.01 0 4.082
1639278960 23.61 78.02 0 4.076
1639279020 23.61 78 0 4.076
1639279080 23.64 78.05 0 4.076
1639279140 23.65 78.06 0 4.076
1639279200 23.65 78.04 0 4.076
1639279260 23.64 77.99 0 4.076
1639279320 23.67 78 0 4.076
1639279380 23.65 78.02 0 4.076
1639279440 23.67 77.98 0 4.076
1639279500 23.67 77.97 0 4.076
1639279560 23.68 77.97 0 4.076
1639279620 23.68 77.97 0 4.076
1639279680 23.68 77.95 0 4.076
1639279740 23.72 77.94 0 4.076
1639279800 23.71 77.92 0 4.076
1639279860 23.74 77.87 0 4.082
1639279920 23.72 77.87 0 4.076
1639279980 23.75 77.9 0 4.076
1639280040 23.72 77.89 0 4.076
1639280100 23.7 77.88 0 4.076
1639280160 23.71 77.85 0 4.076
1639280220 23.71 77.88 0 4.076
1639280280 23.71 77.85 0 4.076
1639280340 23.68 77.86 0 4.076
1639280400 23.72 77.87 0 4.076
1639280460 23.72 77.88 0 4.076
1639280520 23.72 77.94 0 4.076
1639280580 23.72 77.92 0 4.076
1639280640 23.72 77.94 0 4.076
1639280700 23.7 77.96 0 4.076
1639280760 23.7 77.94 0 4.076
1639280820 23.7 77.99 0 4.076
1639280880 23.65 78.01 0 4.076
1639280940 23.67 78.06 0 4.076
1639281000 23.67 78.1 0 4.076
1639281060 23.67 78.09 0 4.076
1639281120 23.65 78.11 0 4.076
1639281180 23.61 78.16 0 4.082
1639281240 23.59 78.18 0 4.076
1639281300 23.56 78.24 0 4.076
1639281360 23.56 78.26 0 4.076
1639281420 23.51 78.3 0 4.076
1639281480 23.5 78.37 0 4.076
1639281540 23.49 78.42 0 4.076
1639281600 23.41 78.48 0 4.076
1639281660 23.43 78.53 0 4.076
1639281720 23.43 78.6 0 4.071
1639281780 23.43 78.64 0 4.076
1639281840 23.41 78.69 0 4.076
1639281900 23.39 78.75 0 4.076
1639281960 23.4 78.79 0 4.076
1639282020 23.37 78.85 0 4.076
1639282080 23.39 78.88 0 4.076
1639282140 23.41 78.9 0 4.076
1639282200 23.4 78.91 0 4.076
1639282260 23.41 78.9 0 4.076
1639282320 23.5 78.92 0 4.076
1639282380 23.47 78.92 0 4.076
1639282440 23.49 78.89 0 4.076
1639282500 23.49 78.92 0 4.076
1639282560 23.49 78.89 0 4.076
1639282620 23.5 78.89 0 4.076
1639282680 23.54 78.89 0 4.076
1639282740 23.51 78.9 0 4.076
1639282800 23.51 78.9 0 4.076
1639282860 23.53 78.97 0 4.076
1639282920 23.51 78.97 0 4.076
1639282980 23.49 79.04 0 4.076
1639283040 23.5 79.07 0 4.076
1639283100 23.5 79.11 0 4.076
1639283160 23.44 79.1 0 4.076
1639283220 23.47 79.18 0 4.076
1639283280 23.47 79.18 0 4.076
1639283340 23.49 79.19 0 4.076
1639283400 23.46 79.18 0 4.076
1639283460 23.49 79.15 0 4.076
1639283520 23.47 79.19 0 4.076
1639283580 23.47 79.2 0 4.076
1639283640 23.47 79.28 0 4.076
1639283700 23.47 79.27 0 4.076
1639283760 23.5 79.28 0 4.076
1639283820 23.49 79.32 0 4.076
1639283880 23.47 79.3 0 4.076
1639283940 23.47 79.32 0 4.076
1639284000 23.46 79.34 0 4.076
1639284060 23.46 79.36 0 4.076
1639284120 23.47 79.37 0 4.076
1639284180 23.47 79.42 0 4.071
1639284240 23.5 79.43 0 4.076
1639284300 23.49 79.41 0 4.076
1639284360 23.51 79.44 0 4.076
1639284420 23.53 79.44 0 4.076
1639284480 23.56 79.43 0 4.076
1639284540 23.59 79.39 0 4.076
1639284600 23.6 79.38 0 4.076
1639284660 23.57 79.38 0 4.076
1639284720 23.53 79.44 0 4.071
1639284780 23.51 79.48 0 4.076
1639284840 23.49 79.49 0 4.071
1639284900 23.46 79.53 0 4.076
1639284960 23.43 79.56 0 4.076
1639285020 23.4 79.6 0 4.076
1639285080 23.39 79.66 0 4.076
1639285140 23.39 79.72 0 4.076
