1635138000 21.8 94.25 0 4.033
1635138060 21.83 94.34 0 4.033
1635138120 21.8 94.19 0 4.033
1635138180 21.79 94.05 0 4.039
1635138240 21.79 94.13 0 4.033
1635138300 21.82 94.39 0 4.033
1635138360 21.72 93.31 0 4.033
1635138420 21.75 93.48 0 4.033
1635138480 21.77 93.55 0 4.033
1635138540 21.87 93.43 0 4.033
1635138600 21.8 91.97 0 4.033
1635138660 21.9 91.95 0 4.033
1635138720 21.93 92.52 0 4.033
1635138780 21.89 92.55 0 4.033
1635138840 21.89 92.87 0 4.033
1635138900 21.87 93.21 0 4.033
1635138960 21.87 93.21 0 4.033
1635139020 21.87 93.6 0 4.033
1635139080 21.82 93.52 0 4.033
1635139140 21.83 93.87 0 4.033
1635139200 21.87 94.1 0 4.033
1635139260 21.87 94.27 0 4.033
1635139320 21.89 94.39 0 4.033
1635139380 21.86 94.55 0 4.033
1635139440 21.8 94.52 0 4.033
1635139500 21.77 94.51 0 4.033
1635139560 21.76 94.36 0 4.033
1635139620 21.73 94.31 0 4.033
1635139680 21.72 94.46 0 4.033
1635139740 21.75 94.48 0 4.033
1635139800 21.79 94.51 0 4.033
1635139860 21.73 94.07 0 4.033
1635139920 21.76 94.01 0 4.033
1635139980 21.72 93.75 0 4.033
1635140040 21.76 94.18 0 4.033
1635140100 21.82 94.29 0 4.033
1635140160 21.86 94.47 0 4.033
1635140220 21.9 94.05 0 4.033
1635140280 21.86 93.69 0 4.033
1635140340 21.82 93.27 0 4.033
1635140400 21.79 93.03 0 4.033
1635140460 21.83 93.55 0 4.033
1635140520 21.85 93.62 0 4.033
1635140580 21.85 93.82 0 4.033
1635140640 21.87 93.99 0 4.033
1635140700 21.82 93.86 0 4.033
1635140760 21.8 94.02 0 4.033
1635140820 21.82 94.34 0 4.033
1635140880 21.75 93.88 0 4.033
1635140940 21.72 93.84 0 4.033
1635141000 21.73 94.02 0 4.033
1635141060 21.75 94.03 0 4.033
1635141120 21.75 94.01 0 4.033
1635141180 21.77 94.23 0 4.033
1635141240 21.8 94.3 0 4.033
1635141300 21.77 94.37 0 4.033
1635141360 21.79 94.5 0 4.033
1635141420 21.79 94.52 0 4.033
1635141480 21.76 94.71 0 4.033
1635141540 21.73 94.48 0 4.033
1635141600 21.71 94.56 0 4.033
1635141660 21.71 94.36 0 4.033
1635141720 21.68 94.28 0 4.033
1635141780 21.65 94.12 0 4.033
1635141840 21.75 94.36 0 4.033
1635141900 21.8 94.69 0 4.033
1635141960 21.8 94.6 0 4.033
1635142020 21.77 94.85 0 4.033
1635142080 21.82 95.04 0 4.033
1635142140 21.76 94.77 0 4.033
1635142200 21.76 94.75 0 4.033
1635142260 21.8 94.45 0 4.033
1635142320 21.79 93.84 0 4.033
1635142380 21.79 93.13 0 4.028
1635142440 21.9 93.41 0 4.033
1635142500 21.83 92.1 0 4.033
1635142560 21.77 91.12 0 4.033
1635142620 21.83 91.65 0 4.033
1635142680 21.89 91.96 0 4.033
1635142740 21.85 91.96 0 4.033
1635142800 21.82 91.75 0 4.033
1635142860 21.89 92.54 0 4.033
1635142920 21.89 92.22 0 4.033
1635142980 21.83 91.74 0 4.033
1635143040 21.87 92.33 0 4.033
1635143100 21.89 92.76 0 4.033
1635143160 21.85 92.9 0 4.033
1635143220 21.76 92.21 0 4.033
1635143280 21.8 92.91 0 4.033
1635143340 21.82 92.44 0 4.028
1635143400 21.76 92.15 0 4.033
1635143460 21.76 92.52 0 4.033
1635143520 21.8 93.01 0 4.028
1635143580 21.79 93.5 0 4.033
1635143640 21.79 93.71 0 4.028
1635143700 21.75 93.92 0 4.033
1635143760 21.75 94.31 0 4.033
1635143820 21.72 94.51 0 4.033
1635143880 21.72 94.72 0 4.033
1635143940 21.72 94.83 0 4.033
1635144000 21.71 95.01 0 4.033
1635144060 21.68 94.88 0 4.028
1635144120 21.65 94.95 0 4.028
1635144180 21.65 94.74 0 4.033
1635144240 21.6 94.85 0 4.033
1635144300 21.65 95.03 0 4.033
1635144360 21.68 95.02 0 4.028
1635144420 21.69 95.2 0 4.033
1635144480 21.66 95 0 4.033
1635144540 21.69 95.02 0 4.028
1635144600 21.66 94.85 0 4.033
1635144660 21.68 94.8 0 4.028
1635144720 21.66 94.74 0 4.033
1635144780 21.6 94.52 0 4.033
1635144840 21.58 93.77 0 4.033
1635144900 21.53 93.59 0 4.028
1635144960 21.58 93.67 0 4.028
1635145020 21.62 93.73 0 4.028
1635145080 21.69 92.81 0 4.028
1635145140 21.68 92.36 0 4.028
1635145200 21.73 92.57 0 4.028
1635145260 21.69 92.12 0 4.033
1635145320 21.73 91.98 0 4.033
1635145380 21.75 91.56 0 4.028
1635145440 21.79 92.01 0 4.028
1635145500 21.77 92.27 0 4.033
1635145560 21.8 92.79 0 4.033
1635145620 21.77 93.11 0 4.033
1635145680 21.75 93.34 0 4.028
1635145740 21.72 93.53 0 4.033
1635145800 21.77 93.85 0 4.028
1635145860 21.71 93.56 0 4.028
1635145920 21.71 93.96 0 4.028
1635145980 21.72 94.04 0 4.028
1635146040 21.71 94.31 0 4.028
1635146100 21.69 94.19 0 4.033
1635146160 21.68 94.32 0 4.028
1635146220 21.65 94.48 0 4.028
1635146280 21.65 94.61 0 4.028
1635146340 21.62 94.58 0 4.028
1635146400 21.59 94.55 0 4.028
1635146460 21.53 93.99 0 4.033
1635146520 21.55 94.09 0 4.033
1635146580 21.53 93.88 0 4.033
1635146640 21.55 94.01 0 4.033
1635146700 21.55 94.2 0 4.028
1635146760 21.58 94.19 0 4.028
1635146820 21.63 94.54 0 4.028
1635146880 21.55 93.69 0 4.028
1635146940 21.48 92.78 0 4.033
1635147000 21.53 92.67 0 4.028
1635147060 21.56 92.82 0 4.028
1635147120 21.56 92.78 0 4.028
1635147180 21.6 91.97 0 4.028
1635147240 21.65 91.58 0 4.028
1635147300 21.71 92.03 0 4.028
1635147360 21.71 91.91 0 4.028
1635147420 21.71 91.83 0 4.028
1635147480 21.69 91.97 0 4.033
1635147540 21.71 92.24 0 4.028
1635147600 21.66 92.06 0 4.028
1635147660 21.63 92.04 0 4.028
1635147720 21.66 92.57 0 4.028
1635147780 21.69 93.06 0 4.033
1635147840 21.66 93.05 0 4.028
1635147900 21.62 93.26 0 4.033
1635147960 21.59 93.57 0 4.028
1635148020 21.62 93.76 0 4.028
1635148080 21.59 93.85 0 4.028
1635148140 21.59 93.97 0 4.033
1635148200 21.63 94.03 0 4.028
1635148260 21.62 93.94 0 4.028
1635148320 21.56 93.91 0 4.033
1635148380 21.62 93.99 0 4.028
1635148440 21.6 94.08 0 4.028
1635148500 21.59 94.23 0 4.028
1635148560 21.56 94.34 0 4.028
1635148620 21.55 94.58 0 4.028
1635148680 21.58 94.76 0 4.028
1635148740 21.58 94.97 0 4.028
1635148800 21.55 94.97 0 4.028
1635148860 21.55 95.02 0 4.028
1635148920 21.53 95.16 0 4.033
1635148980 21.55 95.13 0 4.033
1635149040 21.55 95.07 0 4.028
1635149100 21.52 95.01 0 4.028
1635149160 21.53 95.04 0 4.028
1635149220 21.53 95 0 4.028
1635149280 21.59 94.91 0 4.028
1635149340 21.53 94.65 0 4.028
1635149400 21.55 94.8 0 4.028
1635149460 21.5 94.68 0 4.028
1635149520 21.49 94.43 0 4.028
1635149580 21.49 94.47 0 4.028
1635149640 21.52 94.3 0 4.028
1635149700 21.5 94.15 0 4.028
1635149760 21.5 94.24 0 4.028
1635149820 21.5 94.27 0 4.028
1635149880 21.55 94.63 0 4.028
1635149940 21.55 94.68 0 4.028
1635150000 21.55 94.72 0 4.028
1635150060 21.5 94.68 0 4.028
1635150120 21.48 94.59 0 4.028
1635150180 21.49 94.71 0 4.028
1635150240 21.52 94.95 0 4.028
1635150300 21.55 94.94 0 4.028
1635150360 21.53 94.72 0 4.028
1635150420 21.45 94.03 0 4.028
1635150480 21.48 94.31 0 4.028
1635150540 21.45 93.78 0 4.022
1635150600 21.44 93.36 0 4.028
1635150660 21.46 92.87 0 4.028
1635150720 21.53 92.84 0 4.028
1635150780 21.59 91.89 0 4.028
1635150840 21.69 92.15 0 4.028
1635150900 21.73 92.43 0 4.028
1635150960 21.69 91.79 0 4.028
1635151020 21.69 91.43 0 4.028
1635151080 21.69 91.86 0 4.028
1635151140 21.68 91.79 0 4.028
1635151200 21.65 91.8 0 4.028
1635151260 21.63 92.06 0 4.028
1635151320 21.63 92.28 0 4.028
1635151380 21.65 92.64 0 4.028
1635151440 21.6 92.91 0 4.028
1635151500 21.6 93.21 0 4.028
1635151560 21.56 93.26 0 4.028
1635151620 21.52 93.47 0 4.028
1635151680 21.53 93.84 0 4.028
1635151740 21.58 94.09 0 4.028
1635151800 21.53 93.99 0 4.028
1635151860 21.5 94.2 0 4.028
1635151920 21.49 94.4 0 4.028
1635151980 21.5 94.68 0 4.028
1635152040 21.48 94.62 0 4.028
1635152100 21.45 94.61 0 4.028
1635152160 21.48 94.72 0 4.028
1635152220 21.5 94.86 0 4.028
1635152280 21.49 94.77 0 4.028
1635152340 21.48 94.72 0 4.028
1635152400 21.44 94.67 0 4.028
1635152460 21.46 95 0 4.028
1635152520 21.44 94.95 0 4.028
1635152580 21.45 95.18 0 4.028
1635152640 21.41 95.19 0 4.028
1635152700 21.41 95.33 0 4.028
1635152760 21.38 95.53 0 4.028
1635152820 21.41 95.73 0 4.028
1635152880 21.41 95.72 0 4.028
1635152940 21.39 95.86 0 4.028
1635153000 21.34 95.79 0 4.028
1635153060 21.32 95.79 0 4.028
1635153120 21.28 96.06 0 4.028
1635153180 21.28 95.94 0 4.028
1635153240 21.27 96.07 0 4.028
1635153300 21.28 96.04 0 4.028
1635153360 21.27 96.06 0 4.028
1635153420 21.27 96.08 0 4.028
1635153480 21.22 96.15 0 4.028
1635153540 21.24 96.19 0 4.022
1635153600 21.2 96.26 0 4.022
1635153660 21.2 96.26 0 4.028
1635153720 21.17 96.36 0 4.028
1635153780 21.17 96.31 0 4.028
1635153840 21.15 96.32 0 4.028
1635153900 21.12 96.35 0 4.028
1635153960 21.12 96.45 0 4.028
1635154020 21.14 96.5 0 4.028
1635154080 21.1 96.46 0 4.028
1635154140 21.11 96.59 0 4.028
1635154200 21.1 96.56 0 4.028
1635154260 21.07 96.61 0 4.022
1635154320 21.1 96.63 0 4.028
1635154380 21.08 96.58 0 4.028
1635154440 21.02 96.55 0 4.028
1635154500 21.01 96.56 0 4.028
1635154560 21.05 96.55 0 4.028
1635154620 21.01 96.51 0 4.028
1635154680 21.07 96.81 0 4.028
1635154740 21.1 96.65 0 4.028
1635154800 21.08 96.45 0 4.028
1635154860 21.1 96.4 0 4.028
1635154920 21.08 96.39 0 4.022
1635154980 21.11 96.4 0 4.028
1635155040 21.07 96.06 0 4.028
1635155100 21.11 95.99 0 4.028
1635155160 21.07 95.65 0 4.022
1635155220 21.1 95.59 0 4.028
1635155280 21.14 95.45 0 4.022
1635155340 21.12 95.33 0 4.022
1635155400 21.15 95.4 0 4.028
1635155460 21.17 95.23 0 4.028
1635155520 21.15 94.9 0 4.028
1635155580 21.14 94.73 0 4.028
1635155640 21.15 94.63 0 4.028
1635155700 21.17 94.66 0 4.028
1635155760 21.18 94.67 0 4.028
1635155820 21.2 94.9 0 4.022
1635155880 21.15 94.86 0 4.022
1635155940 21.2 95.04 0 4.028
1635156000 21.17 95.22 0 4.028
1635156060 21.2 95.44 0 4.028
1635156120 21.18 95.55 0 4.028
1635156180 21.2 95.6 0 4.028
1635156240 21.24 95.84 0 4.022
1635156300 21.18 95.92 0 4.028
1635156360 21.18 96.26 0 4.028
1635156420 21.12 96.22 0 4.028
1635156480 21.12 96.38 0 4.028
1635156540 21.14 96.57 0 4.028
1635156600 21.1 96.52 0 4.028
1635156660 21.07 96.55 0 4.028
1635156720 21.1 96.75 0 4.022
1635156780 21.11 96.79 0 4.022
1635156840 21.1 96.86 0 4.028
1635156900 21.02 96.56 0 4.028
1635156960 21.02 96.53 0 4.028
1635157020 21.02 96.74 0 4.028
1635157080 21.04 96.65 0 4.028
1635157140 21.02 96.63 0 4.028
1635157200 21.02 96.61 0 4.028
1635157260 21.01 96.7 0 4.028
1635157320 21.05 96.8 0 4.022
1635157380 21.08 96.83 0 4.028
1635157440 21.1 96.61 0 4.028
1635157500 21.11 96.6 0 4.028
1635157560 21.07 96.4 0 4.022
1635157620 21.08 96.36 0 4.022
1635157680 21.01 95.88 0 4.028
1635157740 21.05 96.08 0 4.022
1635157800 21.04 95.68 0 4.028
1635157860 21.14 95.84 0 4.022
1635157920 21.11 95.75 0 4.028
1635157980 21.12 95.67 0 4.022
1635158040 21.1 95.6 0 4.022
1635158100 21.1 95.51 0 4.022
1635158160 21.1 95.47 0 4.028
1635158220 21.08 95.36 0 4.028
1635158280 21.08 95.53 0 4.028
1635158340 21.1 95.44 0 4.028
1635158400 21.1 95.5 0 4.028
1635158460 21.07 95.56 0 4.022
1635158520 21.02 95.63 0 4.022
1635158580 21 95.55 0 4.022
1635158640 20.95 95.58 0 4.022
1635158700 20.94 95.76 0 4.028
1635158760 20.91 95.71 0 4.022
1635158820 20.87 95.68 0 4.022
1635158880 20.84 95.76 0 4.028
1635158940 20.81 95.94 0 4.022
1635159000 20.8 96.07 0 4.022
1635159060 20.73 96.05 0 4.028
1635159120 20.71 96.26 0 4.022
1635159180 20.69 96.17 0 4.028
1635159240 20.66 96.26 0 4.028
1635159300 20.62 96.24 0 4.028
1635159360 20.62 96.49 0 4.022
1635159420 20.56 96.34 0 4.028
1635159480 20.53 96.09 0 4.022
1635159540 20.44 95.79 4 4.022
1635159600 20.36 95.24 4 4.022
1635159660 20.33 94.26 4 4.022
1635159720 20.4 93.89 4 4.028
1635159780 20.44 93.74 4 4.028
1635159840 20.44 93.67 4 4.022
1635159900 20.47 94.2 10 4.022
1635159960 20.49 94.84 10 4.028
1635160020 20.54 95.23 10 4.028
1635160080 20.54 95.31 16 4.028
1635160140 20.5 95.86 16 4.022
1635160200 20.53 95.89 16 4.022
1635160260 20.54 96.21 22 4.028
1635160320 20.53 96.28 22 4.022
1635160380 20.5 96.26 22 4.028
1635160440 20.42 95.53 28 4.022
1635160500 20.38 95.63 28 4.022
1635160560 20.36 94.61 28 4.022
1635160620 20.43 94.89 34 4.028
1635160680 20.35 93.97 34 4.028
1635160740 20.33 93.13 40 4.028
1635160800 20.36 92.22 46 4.028
1635160860 20.43 91.76 46 4.022
1635160920 20.44 90.97 52 4.022
1635160980 20.56 90.46 52 4.022
1635161040 20.65 89.77 52 4.022
1635161100 20.74 88.73 52 4.022
1635161160 20.8 88.42 58 4.022
1635161220 20.84 88.56 58 4.022
1635161280 20.86 88.95 58 4.022
1635161340 20.87 90.46 58 4.028
1635161400 20.94 92.1 64 4.022
1635161460 20.94 92.85 64 4.022
1635161520 20.86 92.81 64 4.022
1635161580 20.84 93.23 64 4.022
1635161640 20.83 93.24 64 4.022
1635161700 20.8 93.36 70 4.022
1635161760 20.79 93.07 70 4.022
1635161820 20.81 92.85 70 4.022
1635161880 20.74 91.65 70 4.028
1635161940 20.8 91.47 70 4.022
1635162000 20.86 91.39 76 4.022
1635162060 20.94 91.74 81 4.022
1635162120 20.91 90.76 81 4.022
1635162180 20.84 89.66 93 4.022
1635162240 20.83 89.69 99 4.022
1635162300 20.81 89.99 105 4.028
1635162360 20.86 89.44 111 4.022
1635162420 20.93 89.14 123 4.028
1635162480 21 88.37 135 4.028
1635162540 21.08 87.7 141 4.028
1635162600 21.2 86.92 147 4.028
1635162660 21.37 87.02 129 4.028
1635162720 21.58 86.87 123 4.028
1635162780 21.63 86.65 123 4.028
1635162840 21.8 86.79 117 4.028
1635162900 21.93 86.49 93 4.028
1635162960 22.03 86.66 99 4.022
1635163020 22.1 87.12 87 4.028
1635163080 22.08 87.35 76 4.022
1635163140 21.99 87.4 81 4.022
1635163200 21.92 87.55 81 4.022
1635163260 21.95 87.28 76 4.022
1635163320 21.9 87.87 76 4.022
1635163380 21.93 87.94 76 4.022
1635163440 21.9 88.22 87 4.022
1635163500 21.9 88.34 93 4.022
1635163560 21.93 88.48 93 4.022
1635163620 21.95 88.38 87 4.022
1635163680 21.93 88.71 87 4.022
1635163740 21.95 89.47 81 4.028
1635163800 21.95 89.72 76 4.028
1635163860 22.01 89.86 76 4.022
1635163920 22.01 89.38 76 4.022
1635163980 22.08 89.07 81 4.022
1635164040 22.11 88.01 81 4.022
1635164100 22.16 87.67 111 4.022
1635164160 22.24 87.99 123 4.022
1635164220 22.34 87.77 105 4.028
1635164280 22.44 86.93 81 4.022
1635164340 22.47 86.16 76 4.022
1635164400 22.55 86.04 76 4.022
1635164460 22.65 86.08 76 4.022
1635164520 22.71 85.72 81 4.022
1635164580 22.74 83.64 93 4.022
1635164640 22.81 83.29 87 4.022
1635164700 22.81 82.38 99 4.022
1635164760 22.85 81.97 93 4.022
1635164820 22.91 82.16 99 4.022
1635164880 22.91 82.91 123 4.022
1635164940 22.99 82.46 99 4.022
1635165000 23.13 82.6 81 4.022
1635165060 23.08 83.31 99 4.022
1635165120 22.98 81.29 129 4.022
1635165180 22.99 81.13 105 4.022
1635165240 23.1 81.36 76 4.022
1635165300 23.08 80.53 81 4.022
1635165360 23.16 80.65 87 4.028
1635165420 23.12 78.74 93 4.022
1635165480 23.17 80.66 123 4.022
1635165540 23.24 81.34 111 4.022
1635165600 23.33 81.33 82 4.028
1635165660 23.46 81.91 105 4.022
1635165720 23.54 81.17 153 4.022
1635165780 23.59 79.26 206 4.028
1635165840 23.65 78.9 194 4.028
1635165900 23.77 78.98 129 4.028
1635165960 23.91 78.78 188 4.028
1635166020 23.98 78.37 266 4.028
1635166080 24.07 79.36 271 4.028
1635166140 24.16 78.66 301 4.033
1635166200 24.15 77.27 349 4.033
1635166260 24.32 78.72 359 4.022
1635166320 24.48 75.83 341 4.022
1635166380 24.74 75.8 283 4.022
1635166440 25.04 74.58 246 4.022
1635166500 25.13 75 289 4.022
1635166560 25.41 74.2 397 4.039
1635166620 25.44 73.34 402 4.039
1635166680 25.61 72.49 409 4.039
1635166740 25.72 72.4 409 4.039
1635166800 25.89 71.52 421 4.039
1635166860 26.04 70.17 427 4.044
1635166920 26.23 70.74 427 4.044
1635166980 26.4 70.18 427 4.044
1635167040 26.41 69.01 427 4.044
1635167100 26.5 68.25 439 4.044
1635167160 26.65 68.33 451 4.049
1635167220 26.45 68.7 463 4.049
1635167280 26.67 69.28 469 4.049
1635167340 26.61 68.31 481 4.044
1635167400 26.54 68.77 481 4.049
1635167460 26.52 67.71 457 4.049
1635167520 26.52 67.69 391 4.044
1635167580 26.33 68.6 254 4.033
1635167640 26.26 68.85 272 4.033
1635167700 26.26 70.03 385 4.028
1635167760 26.38 68.32 355 4.028
1635167820 26.4 68.49 597 4.028
1635167880 26.64 67.87 543 4.028
1635167940 26.91 67.93 543 4.028
1635168000 27.01 68.18 626 4.028
1635168060 27.3 65.68 650 4.028
1635168120 27.43 67.04 585 4.028
1635168180 27.68 65.83 650 4.028
1635168240 27.57 66.33 674 4.028
1635168300 27.7 65.06 704 4.028
1635168360 27.85 65.35 533 4.028
1635168420 28.08 63.48 313 4.028
1635168480 27.71 65.72 301 4.022
1635168540 27.97 64.05 301 4.028
1635168600 27.84 64.39 289 4.022
1635168660 27.68 65.06 283 4.028
1635168720 27.13 66.47 289 4.022
1635168780 26.57 67.43 277 4.022
1635168840 26.45 67.98 277 4.028
1635168900 26.3 68.1 283 4.028
1635168960 26.28 66.8 289 4.028
1635169020 26.31 67.7 277 4.028
1635169080 26.48 68 271 4.028
1635169140 26.38 68.65 260 4.028
1635169200 26.33 68.12 260 4.022
1635169260 26.24 68.91 260 4.033
1635169320 26.07 69.98 272 4.033
1635169380 26.1 69.68 278 4.033
1635169440 26.04 69.66 284 4.033
1635169500 25.9 67.98 289 4.039
1635169560 25.97 68.42 290 4.039
1635169620 25.9 68.96 308 4.039
1635169680 25.99 70.39 302 4.039
1635169740 25.92 69.15 302 4.039
1635169800 25.93 69.42 448 4.033
1635169860 25.62 69.02 325 4.028
1635169920 25.79 69.05 307 4.028
1635169980 25.73 69.24 307 4.028
1635170040 25.58 69.76 289 4.028
1635170100 25.55 69.94 289 4.028
1635170160 25.52 69.23 296 4.033
1635170220 25.55 70.11 290 4.039
1635170280 25.65 69.8 278 4.039
1635170340 25.55 68.5 266 4.039
1635170400 25.55 68.86 266 4.039
1635170460 25.65 69.79 260 4.039
1635170520 25.58 68.98 254 4.039
1635170580 25.58 69.35 260 4.039
1635170640 25.62 69.07 254 4.039
1635170700 25.61 70.17 254 4.039
1635170760 25.61 69.65 248 4.039
1635170820 25.53 69.95 248 4.039
1635170880 25.53 70.68 266 4.039
1635170940 25.55 71.17 290 4.039
1635171000 25.56 70.41 308 4.044
1635171060 25.61 68.5 320 4.039
1635171120 25.58 68.83 331 4.033
1635171180 25.68 68.77 343 4.033
1635171240 25.75 69.11 414 4.033
1635171300 25.94 69.9 787 4.028
1635171360 26.06 68.17 734 4.033
1635171420 26.34 66.87 787 4.028
1635171480 26.95 64.41 816 4.028
1635171540 27.25 64.37 472 4.028
1635171600 27.54 61.57 460 4.028
1635171660 27.49 63.24 377 4.028
1635171720 27.16 64.08 371 4.028
1635171780 26.78 62.38 420 4.028
1635171840 26.52 63.97 527 4.028
1635171900 26.78 64.4 804 4.022
1635171960 27.06 63.77 990 4.071
1635172020 27.51 62.31 1004 4.071
1635172080 28.07 59.94 627 4.033
1635172140 27.91 61.75 609 4.033
1635172200 27.83 61.11 420 4.033
1635172260 27.81 61.79 414 4.028
1635172320 27.85 62.32 551 4.033
1635172380 27.61 63.34 371 4.028
1635172440 27.56 63.35 343 4.028
1635172500 27.39 63.29 325 4.033
1635172560 27.22 63.97 313 4.028
1635172620 27.59 63.93 301 4.028
1635172680 27.2 64.39 289 4.028
1635172740 26.62 67.09 278 4.028
1635172800 26.22 65.98 260 4.028
1635172860 25.79 67.06 248 4.033
1635172920 25.72 67.35 242 4.039
1635172980 25.59 68.89 236 4.039
1635173040 25.56 69.05 242 4.039
1635173100 25.69 69.53 248 4.039
1635173160 25.86 68.93 260 4.039
1635173220 26.03 69.45 266 4.044
1635173280 26.26 67.98 272 4.039
1635173340 26.4 68.22 254 4.039
1635173400 26.3 67.86 218 4.039
1635173460 26.28 67.3 183 4.039
1635173520 26.17 66.71 177 4.039
1635173580 26.12 66.53 177 4.039
1635173640 26.14 67.66 177 4.033
1635173700 26.13 67.09 195 4.039
1635173760 26.1 67.62 212 4.039
1635173820 26.03 67.57 224 4.039
1635173880 26.04 68.37 236 4.039
1635173940 26.13 68.39 266 4.039
1635174000 26.19 67.4 704 4.033
1635174060 26.31 67.84 361 4.033
1635174120 26.58 66.96 325 4.033
1635174180 26.48 65.9 359 4.033
1635174240 26.22 66.37 385 4.028
1635174300 26.34 67.62 870 4.033
1635174360 26.75 66.12 1031 4.033
1635174420 27.17 64.73 1084 4.028
1635174480 27.74 63.66 1102 4.033
1635174540 28.08 62.33 484 4.033
1635174600 28.31 63.64 371 4.028
1635174660 28.14 62.57 379 4.044
1635174720 27.1 63.5 355 4.044
1635174780 26.51 66.23 344 4.044
1635174840 26.23 66.13 332 4.044
1635174900 26.02 67.41 325 4.033
1635174960 25.97 67.43 325 4.033
1635175020 25.83 67.51 331 4.033
1635175080 25.99 68.06 343 4.033
1635175140 26.3 68.58 337 4.033
1635175200 26.58 66.88 349 4.033
1635175260 26.48 66.51 414 4.033
1635175320 26.41 67.04 396 4.033
1635175380 26.59 67.07 390 4.033
1635175440 26.54 65.94 402 4.033
1635175500 26.43 66.67 438 4.028
1635175560 26.28 67.09 438 4.033
1635175620 26.47 66.91 448 4.033
1635175680 26.4 66.91 472 4.033
1635175740 26.38 67.07 543 4.033
1635175800 26.65 67.41 1136 4.028
1635175860 26.96 65.33 1100 4.033
1635175920 27.64 64.94 1055 4.033
1635175980 28.05 62.29 1037 4.028
1635176040 28.02 61.03 1024 4.033
1635176100 27.87 61.2 1011 4.028
1635176160 28.07 61.17 1024 4.028
1635176220 28.62 62.45 1042 4.028
1635176280 28.74 59.83 1060 4.028
1635176340 28.52 59.63 1076 4.028
1635176400 28.08 60.84 1106 4.028
1635176460 28.2 60.52 1138 4.076
1635176520 27.98 60.45 1176 4.082
1635176580 28.12 60.11 617 4.033
1635176640 28.05 59.92 764 4.033
1635176700 27.85 60.34 775 4.033
1635176760 27.83 61.15 1132 4.033
1635176820 27.74 62.18 385 4.033
1635176880 27.61 60.07 361 4.028
1635176940 27.4 62.18 373 4.033
1635177000 27.39 60.92 1066 4.033
1635177060 27.68 60.6 319 4.033
1635177120 27.76 59.8 515 4.028
1635177180 27.49 59.31 325 4.033
1635177240 27.41 61.76 307 4.033
1635177300 27.47 61.87 295 4.028
1635177360 27.02 63.5 284 4.039
1635177420 26.68 65.94 266 4.039
1635177480 26.85 65.18 254 4.039
1635177540 26.96 64.06 242 4.039
1635177600 26.92 63.51 236 4.039
1635177660 26.91 62.36 231 4.039
1635177720 26.71 64.06 421 4.033
1635177780 26.5 64.46 1120 4.033
1635177840 26.82 63.46 1049 4.028
1635177900 27.4 63.17 680 4.033
1635177960 28.2 62.02 331 4.033
1635178020 28.49 61.2 325 4.033
1635178080 28.81 59.7 361 4.033
1635178140 28.89 59.28 533 4.033
1635178200 28.57 58.43 948 4.033
1635178260 28.26 59.43 1100 4.028
1635178320 28.05 58.12 1126 4.028
1635178380 28.12 57.74 1138 4.033
1635178440 28.25 59.28 752 4.033
1635178500 28.63 57.89 373 4.033
1635178560 28.7 59.82 379 4.028
1635178620 29.13 59.13 367 4.033
1635178680 29.1 58.08 331 4.033
1635178740 28.84 60.31 307 4.028
1635178800 28.5 60.04 295 4.033
1635178860 28.15 59.16 289 4.028
1635178920 27.97 58.94 283 4.033
1635178980 27.74 60.31 284 4.033
1635179040 27.54 60.99 283 4.028
1635179100 27.37 62.13 1233 4.033
1635179160 27.63 62.28 1219 4.028
1635179220 28.18 61.63 1165 4.028
1635179280 28.35 60.22 888 4.028
1635179340 28.7 59.73 727 4.028
1635179400 29.11 59.79 420 4.028
1635179460 29.28 55.64 935 4.028
1635179520 29 57.41 680 4.028
1635179580 29.31 57.12 337 4.028
1635179640 29.58 56.11 371 4.033
1635179700 29.63 55.32 515 4.028
1635179760 29.53 55.54 484 4.028
1635179820 29.17 56.24 1219 4.028
1635179880 29.31 57.46 662 4.028
1635179940 29.79 54.7 1248 4.028
1635180000 29.95 52.01 1444 4.028
1635180060 29.92 53.97 1385 4.082
1635180120 30.31 53.82 1489 4.092
1635180180 30.9 51.47 575 4.039
1635180240 30.77 51.42 539 4.033
1635180300 30.79 51.81 557 4.033
1635180360 31.1 51.05 527 4.033
1635180420 30.92 50.83 456 4.033
1635180480 30.9 50.94 420 4.033
1635180540 30.84 50.66 402 4.033
1635180600 30.38 51.08 361 4.033
1635180660 29.89 53.41 325 4.033
1635180720 29.62 55.37 295 4.033
1635180780 29.53 55.42 284 4.033
1635180840 29.13 58.02 289 4.033
1635180900 28.94 57.87 301 4.033
1635180960 28.89 57.94 308 4.039
1635181020 28.81 59.06 314 4.039
1635181080 28.67 59.72 325 4.039
1635181140 28.5 59.59 343 4.033
1635181200 28.43 60.52 349 4.033
1635181260 28.49 61.41 361 4.033
1635181320 28.66 59.98 379 4.033
1635181380 28.55 59.95 396 4.033
1635181440 28.53 59.75 402 4.033
1635181500 28.5 60.96 408 4.033
1635181560 28.52 61.02 414 4.033
1635181620 28.65 60.29 426 4.033
1635181680 28.7 59.63 462 4.033
1635181740 28.35 61.38 496 4.033
1635181800 28.52 61.1 508 4.033
1635181860 28.47 59.9 478 4.033
1635181920 28.66 59.84 474 4.028
1635181980 28.52 60.24 478 4.033
1635182040 28.45 60.78 496 4.028
1635182100 28.39 60.95 484 4.033
1635182160 28.29 61.61 478 4.033
1635182220 28.41 61.13 480 4.028
1635182280 28.45 61.59 484 4.033
1635182340 28.2 60.69 484 4.033
1635182400 27.8 61.77 490 4.028
1635182460 27.71 63.39 508 4.033
1635182520 27.46 62.83 545 4.028
1635182580 27.65 63.46 579 4.028
1635182640 28.02 63.15 585 4.033
1635182700 28.5 62.2 585 4.033
1635182760 28.18 60.73 521 4.028
1635182820 28.11 61.83 472 4.028
1635182880 28.19 62 460 4.028
1635182940 28.09 62.33 454 4.033
1635183000 28.31 61.79 454 4.033
1635183060 28.32 59.73 454 4.033
1635183120 27.72 61.02 484 4.028
1635183180 27.26 62.53 484 4.028
1635183240 27.43 63.59 502 4.028
1635183300 27.8 63.25 521 4.028
1635183360 28.04 61.24 527 4.028
1635183420 28.29 61.07 521 4.028
1635183480 28.34 59.78 527 4.028
1635183540 28.12 61.3 521 4.028
1635183600 27.78 62.73 527 4.028
1635183660 27.51 63.05 543 4.028
1635183720 27.49 63.26 549 4.028
1635183780 27.33 62.25 549 4.028
1635183840 27.28 63.61 567 4.028
1635183900 27.19 64.17 579 4.028
1635183960 27.09 64.53 555 4.028
1635184020 27.08 64.51 533 4.028
1635184080 27.41 64.23 527 4.028
1635184140 27.22 63.4 533 4.028
1635184200 27.12 65.37 537 4.033
1635184260 27.1 64.97 521 4.028
1635184320 27.13 66.34 490 4.028
1635184380 27.03 65.08 515 4.028
1635184440 26.83 66.22 543 4.028
1635184500 26.91 65.76 543 4.028
1635184560 26.74 66.87 527 4.028
1635184620 26.77 66.43 527 4.028
1635184680 26.86 66.92 472 4.028
1635184740 26.98 66.55 460 4.028
1635184800 27.09 66.89 537 4.028
1635184860 27.41 65.66 508 4.028
1635184920 27.67 66.43 745 4.028
1635184980 27.2 65.5 502 4.028
1635185040 27.34 65.04 527 4.028
1635185100 26.99 66.27 1183 4.028
1635185160 27.22 66.47 521 4.028
1635185220 27.46 64.91 1308 4.028
1635185280 27.36 65.07 1326 4.028
1635185340 27.25 65.51 1326 4.028
1635185400 27.47 66.33 1284 4.022
1635185460 27.65 65.31 668 4.028
1635185520 27.65 65.64 537 4.028
1635185580 27.84 65.68 537 4.028
1635185640 27.97 64.38 515 4.028
1635185700 27.4 64.51 1432 4.028
1635185760 27.19 66.18 555 4.028
1635185820 27.29 67.27 721 4.028
1635184980 27.2 65.5 502 4.028
1635185040 27.34 65.04 527 4.028
1635185100 26.99 66.27 1183 4.028
1635185160 27.22 66.47 521 4.028
1635185220 27.46 64.91 1308 4.028
1635185280 27.36 65.07 1326 4.028
1635185340 27.25 65.51 1326 4.028
1635185400 27.47 66.33 1284 4.022
1635185460 27.65 65.31 668 4.028
1635185520 27.65 65.64 537 4.028
1635185580 27.84 65.68 537 4.028
1635185640 27.97 64.38 515 4.028
1635185700 27.4 64.51 1432 4.028
1635185760 27.19 66.18 555 4.028
1635185820 27.29 67.27 721 4.028
1635184980 27.2 65.5 502 4.028
1635185040 27.34 65.04 527 4.028
1635185100 26.99 66.27 1183 4.028
1635185160 27.22 66.47 521 4.028
1635185220 27.46 64.91 1308 4.028
1635185280 27.36 65.07 1326 4.028
1635185340 27.25 65.51 1326 4.028
1635185400 27.47 66.33 1284 4.022
1635185460 27.65 65.31 668 4.028
1635185520 27.65 65.64 537 4.028
1635185580 27.84 65.68 537 4.028
1635185640 27.97 64.38 515 4.028
1635185700 27.4 64.51 1432 4.028
1635185760 27.19 66.18 555 4.028
1635185820 27.29 67.27 721 4.028
1635184980 27.43 65.74 1011 4.028
1635185040 27.43 64.84 704 4.028
1635185100 27.56 65.37 1177 4.028
1635185160 27.7 64.98 1093 4.022
1635185220 27.41 64.8 1237 4.028
1635185280 27.29 64.77 478 4.028
1635185340 27.19 66.19 1284 4.028
1635185400 27.26 66.01 478 4.028
1635185460 27.16 65.82 1245 4.082
1635185520 27.65 65.7 1203 4.033
1635185580 27.6 65.36 965 4.033
1635185640 27.74 65.84 1171 4.028
1635185700 27.63 65.03 1159 4.028
1635185760 27.59 64.99 1130 4.028
1635185820 27.47 64.47 454 4.028
1635185880 27.26 65.34 1155 4.028
1635185940 27.37 66.62 1094 4.028
1635186000 27.68 64.49 1130 4.028
1635186060 27.5 65.76 420 4.028
1635186120 27.49 65.33 1106 4.028
1635186180 27.36 65.67 923 4.028
1635186240 27.17 66.61 561 4.028
1635186300 27.43 65.7 1159 4.028
1635186360 27.32 66.18 1141 4.065
1635186420 27.6 65.85 1075 4.065
1635186480 28.2 65.4 1076 4.071
1635186540 27.89 63.85 1090 4.071
1635186600 27.68 65.12 1108 4.076
1635186660 27.74 64.64 1120 4.082
1635186720 27.43 65.74 1102 4.076
1635186780 28.02 64.48 999 4.082
1635186840 28.09 62.42 659 4.044
1635186900 27.89 64.35 468 4.039
1635186960 28.01 63.19 551 4.039
1635187020 27.85 64.27 605 4.039
1635187080 27.47 65.33 658 4.039
1635187140 27.3 64.57 984 4.039
1635187200 27.25 65.09 492 4.033
1635187260 27.22 65.63 480 4.039
1635187320 27.28 65.7 456 4.039
1635187380 27.26 66.78 444 4.039
1635187440 27.06 66.36 432 4.033
1635187500 26.75 67.48 420 4.039
1635187560 26.57 67.95 415 4.033
1635187620 26.54 67.83 414 4.033
1635187680 26.62 67.88 403 4.039
1635187740 26.74 67.86 397 4.033
1635187800 26.78 67.57 390 4.033
1635187860 26.95 67.08 373 4.033
1635187920 26.88 67.62 367 4.033
1635187980 27.08 67.36 337 4.033
1635188040 26.86 67.43 331 4.033
1635188100 26.52 68.15 331 4.039
1635188160 26.57 68.73 338 4.044
1635188220 26.78 67.82 355 4.033
1635188280 26.62 68.48 396 4.033
1635188340 26.62 68.18 978 4.033
1635188400 26.7 68.38 426 4.033
1635188460 26.71 67.81 373 4.033
1635188520 26.54 68.66 355 4.039
1635188580 26.41 68.74 319 4.033
1635188640 26.35 69.12 307 4.033
1635188700 26.48 69.34 379 4.033
1635188760 26.59 68.92 349 4.033
1635188820 27.01 69.17 390 4.039
1635188880 27.23 67.49 438 4.033
1635188940 26.91 66.87 444 4.033
1635189000 26.68 68.05 420 4.033
1635189060 26.59 68.22 387 4.044
1635189120 26.55 68.72 380 4.049
1635189180 26.98 67.69 374 4.049
1635189240 27.3 67.71 362 4.049
1635189300 27.54 65.49 374 4.049
1635189360 27.6 64.38 403 4.049
1635189420 27.64 64.4 427 4.055
1635189480 27.7 64.62 439 4.055
1635189540 27.8 63.58 429 4.049
1635189600 27.78 62.87 368 4.049
1635189660 27.57 64.16 337 4.039
1635189720 27.56 63.74 325 4.039
1635189780 27.61 63.86 308 4.039
1635189840 27.84 63.53 278 4.039
1635189900 27.7 64.22 260 4.039
1635189960 27.85 64.13 260 4.044
1635190020 27.78 64.06 266 4.044
1635190080 27.61 64.62 254 4.044
1635190140 27.37 64.78 242 4.049
1635190200 27.44 64.88 231 4.044
1635190260 27.53 64.57 225 4.044
1635190320 27.64 64.19 231 4.044
1635190380 27.65 64.69 242 4.044
1635190440 27.32 64.87 254 4.049
1635190500 27.17 65.21 272 4.049
1635190560 27.01 65.9 266 4.049
1635190620 27.02 66.86 242 4.044
1635190680 27.12 64.73 207 4.049
1635190740 27.01 65.49 183 4.044
1635190800 26.86 66.87 171 4.044
1635190860 26.74 67.16 165 4.044
1635190920 26.57 67.53 159 4.044
1635190980 26.38 68.64 153 4.039
1635191040 26.17 68.7 153 4.044
1635191100 26.04 69.26 147 4.039
1635191160 26.12 69.9 141 4.044
1635191220 26.04 69.3 141 4.039
1635191280 26 69.26 147 4.044
1635191340 25.94 68.97 147 4.044
1635191400 25.94 69.82 147 4.044
1635191460 26.02 69.32 153 4.044
1635191520 26.06 69.01 159 4.044
1635191580 26.12 69.34 165 4.044
1635191640 26.06 69.66 171 4.044
1635191700 26 69.71 177 4.049
1635191760 25.92 70.44 177 4.044
1635191820 25.85 70.4 177 4.044
1635191880 25.8 70.14 183 4.044
1635191940 25.8 71.13 189 4.044
1635192000 25.85 70.18 189 4.049
1635192060 25.92 70.04 201 4.044
1635192120 26.02 70.37 207 4.049
1635192180 26.31 69.77 213 4.049
1635192240 26.26 68.92 207 4.049
1635192300 26.16 69.36 207 4.049
1635192360 26.3 69.11 201 4.049
1635192420 26.3 68.92 201 4.049
1635192480 26.27 69.24 207 4.049
1635192540 26.19 69.32 201 4.044
1635192600 26.19 69.56 207 4.044
1635192660 26.14 70 207 4.044
1635192720 26.03 70.32 201 4.044
1635192780 26.03 69.83 177 4.044
1635192840 25.99 70.54 159 4.044
1635192900 26.04 70.19 153 4.044
1635192960 25.97 70.54 159 4.044
1635193020 25.86 70.29 165 4.044
1635193080 25.79 70.93 171 4.049
1635193140 25.76 70.54 171 4.049
1635193200 25.66 70.63 171 4.044
1635193260 25.71 70.7 171 4.049
1635193320 25.86 70.83 171 4.044
1635193380 25.86 70.1 165 4.044
1635193440 25.87 70.3 153 4.044
1635193500 25.85 70.53 135 4.044
1635193560 25.82 70.11 129 4.044
1635193620 25.73 70.32 117 4.044
1635193680 25.72 70.85 117 4.044
1635193740 25.75 71.04 117 4.044
1635193800 25.76 70.59 117 4.044
1635193860 25.69 70.54 117 4.044
1635193920 25.61 71.06 129 4.044
1635193980 25.61 70.91 135 4.044
1635194040 25.69 70.67 141 4.044
1635194100 25.69 71.44 141 4.044
1635194160 25.86 70.94 135 4.049
1635194220 25.97 70.6 135 4.044
1635194280 26.12 70.37 123 4.044
1635194340 26.17 70.28 112 4.044
1635194400 26.13 70.14 100 4.044
1635194460 26.07 70.94 88 4.044
1635194520 25.89 69.44 82 4.044
1635194580 25.82 70.54 76 4.044
1635194640 25.76 70.55 58 4.044
1635194700 25.72 71.05 52 4.044
1635194760 25.58 71.17 52 4.039
1635194820 25.52 71.99 52 4.044
1635194880 25.56 71.84 58 4.044
1635194940 25.51 71.31 64 4.044
1635195000 25.49 71.6 64 4.044
1635195060 25.56 71.75 70 4.044
1635195120 25.53 71.51 70 4.044
1635195180 25.46 71.97 70 4.044
1635195240 25.41 71.89 64 4.039
1635195300 25.36 72.16 64 4.044
1635195360 25.34 72.34 70 4.039
1635195420 25.32 72.41 70 4.039
1635195480 25.31 72.25 76 4.044
1635195540 25.27 72.56 76 4.039
1635195600 25.17 72.8 82 4.044
1635195660 25.15 72.95 82 4.039
1635195720 25.22 73.26 88 4.044
1635195780 25.2 73.03 82 4.044
1635195840 25.2 73.35 70 4.044
1635195900 25.21 73.26 70 4.044
1635195960 25.1 72.94 70 4.044
1635196020 25.08 73 76 4.044
1635196080 25.1 73.25 88 4.039
1635196140 25.1 73.11 94 4.044
1635196200 25.17 72.89 94 4.044
1635196260 25.17 72.77 94 4.039
1635196320 25.17 72.89 94 4.044
1635196380 25.2 73.29 94 4.044
1635196440 25.22 73.01 94 4.044
1635196500 25.25 73.1 88 4.044
1635196560 25.18 72.76 88 4.039
1635196620 25.2 73.27 82 4.044
1635196680 25.21 72.85 76 4.039
1635196740 25.15 73.19 70 4.044
1635196800 25.1 73.24 64 4.039
1635196860 25.14 73.37 58 4.039
1635196920 25.15 73.14 58 4.044
1635196980 25.15 73.33 58 4.039
1635197040 25.1 73.63 58 4.044
1635197100 25.15 73.91 58 4.044
1635197160 25.14 73.96 52 4.039
1635197220 25.03 74.07 52 4.039
1635197280 24.98 74.33 52 4.039
1635197340 24.97 74.01 52 4.039
1635197400 25 74.47 58 4.039
1635197460 25.03 73.75 58 4.039
1635197520 25.01 73.6 64 4.044
1635197580 24.91 73.63 64 4.044
1635197640 24.9 73.89 64 4.039
1635197700 24.93 73.99 64 4.039
1635197760 24.9 73.61 58 4.039
1635197820 24.87 73.99 58 4.044
1635197880 24.88 73.95 58 4.039
1635197940 24.93 73.77 58 4.039
1635198000 24.91 73.87 58 4.044
1635198060 24.91 74.34 58 4.039
1635198120 24.9 73.89 58 4.039
1635198180 24.91 74.07 58 4.039
1635198240 24.93 74.14 58 4.039
1635198300 24.84 74.19 52 4.039
1635198360 24.86 74.34 52 4.044
1635198420 24.87 74.47 52 4.039
1635198480 24.84 74.49 52 4.039
1635198540 24.83 74.73 52 4.039
1635198600 24.83 74.63 52 4.039
1635198660 24.78 74.66 64 4.044
1635198720 24.8 75.02 159 4.039
1635198780 24.81 75.19 183 4.039
1635198840 24.94 74.65 189 4.039
1635198900 25.07 74.49 183 4.039
1635198960 25.2 74.08 76 4.039
1635199020 25.1 73.8 40 4.039
1635199080 25.07 74.21 34 4.039
1635199140 25.07 74.3 34 4.039
1635199200 25.03 74.41 28 4.039
1635199260 25.07 74.28 22 4.039
1635199320 24.98 74.4 16 4.039
1635199380 24.93 74.59 16 4.039
1635199440 24.93 74.67 10 4.039
1635199500 24.84 74.72 10 4.039
1635199560 24.78 74.95 10 4.039
1635199620 24.83 75.3 10 4.039
1635199680 24.84 75.51 10 4.039
1635199740 24.84 75.3 10 4.039
1635199800 24.83 75.22 4 4.039
1635199860 24.77 75.45 4 4.039
1635199920 24.73 75.5 4 4.039
1635199980 24.66 75.99 4 4.039
1635200040 24.69 76.02 4 4.039
1635200100 24.69 75.68 4 4.039
1635200160 24.6 76.03 4 4.039
1635200220 24.57 75.94 4 4.039
1635200280 24.56 76.2 4 4.039
1635200340 24.57 76.19 4 4.039
1635200400 24.57 76.3 4 4.039
1635200460 24.55 76.53 4 4.039
1635200520 24.56 76.1 4 4.039
1635200580 24.55 76.11 4 4.039
1635200640 24.53 76.24 4 4.039
1635200700 24.53 76.36 4 4.039
1635200760 24.52 76.31 4 4.033
1635200820 24.49 76.32 4 4.039
1635200880 24.49 75.93 4 4.039
1635200940 24.48 76.15 4 4.039
1635201000 24.44 76.54 4 4.039
1635201060 24.44 76.09 4 4.039
1635201120 24.44 76.02 4 4.039
1635201180 24.43 76.05 0 4.039
1635201240 24.43 75.82 0 4.039
1635201300 24.43 75.81 0 4.039
1635201360 24.44 75.6 0 4.039
1635201420 24.43 75.76 0 4.039
1635201480 24.43 75.87 0 4.039
1635201540 24.44 75.93 0 4.039
1635201600 24.43 76.07 0 4.039
1635201660 24.42 75.51 0 4.033
1635201720 24.38 75.54 0 4.039
1635201780 24.38 75.52 0 4.033
1635201840 24.4 75.47 0 4.039
1635201900 24.42 75.61 0 4.039
1635201960 24.42 75.72 0 4.039
1635202020 24.4 75.67 0 4.039
1635202080 24.4 75.73 0 4.039
1635202140 24.42 75.91 0 4.039
1635202200 24.4 75.91 0 4.039
1635202260 24.4 75.49 0 4.039
1635202320 24.4 75.21 0 4.039
1635202380 24.38 75.42 0 4.039
1635202440 24.42 75.07 0 4.039
1635202500 24.4 75.08 0 4.039
1635202560 24.4 75.2 0 4.039
1635202620 24.4 74.97 0 4.039
1635202680 24.36 75.2 0 4.039
1635202740 24.33 75.15 0 4.039
1635202800 24.32 75.3 0 4.033
1635202860 24.33 75.37 0 4.039
1635202920 24.3 75.43 0 4.039
1635202980 24.35 75.5 0 4.039
1635203040 24.33 75.24 0 4.039
1635203100 24.3 75.01 0 4.039
1635203160 24.32 75.05 0 4.039
1635203220 24.33 75.42 0 4.039
1635203280 24.35 75.64 0 4.039
1635203340 24.35 75.81 0 4.039
1635203400 24.35 75.58 0 4.039
1635203460 24.33 75.74 0 4.033
1635203520 24.33 75.59 0 4.039
1635203580 24.3 76.73 0 4.033
1635203640 24.25 75.68 0 4.033
1635203700 24.26 76.11 0 4.033
1635203760 24.3 75.63 0 4.039
1635203820 24.32 75.38 0 4.033
1635203880 24.33 75.29 0 4.039
1635203940 24.35 74.99 0 4.033
1635204000 24.33 75.44 0 4.039
1635204060 24.32 74.65 0 4.033
1635204120 24.35 75.19 0 4.039
1635204180 24.38 75.23 0 4.039
1635204240 24.38 74.85 0 4.033
1635204300 24.33 75.08 0 4.033
1635204360 24.33 74.77 0 4.039
1635204420 24.35 74.98 0 4.033
1635204480 24.3 74.94 0 4.033
1635204540 24.3 74.71 0 4.033
1635204600 24.29 74.95 0 4.039
1635204660 24.32 75.64 0 4.039
1635204720 24.3 76.23 0 4.033
1635204780 24.29 75.87 0 4.039
1635204840 24.28 74.85 0 4.033
1635204900 24.28 74.91 0 4.033
1635204960 24.28 74.81 0 4.033
1635205020 24.29 74.76 0 4.039
1635205080 24.28 75.17 0 4.033
1635205140 24.3 74.92 0 4.033
1635205200 24.3 74.86 0 4.033
1635205260 24.32 75.3 0 4.033
1635205320 24.33 75.24 0 4.033
1635205380 24.3 75.42 0 4.033
1635205440 24.26 75.06 0 4.033
1635205500 24.28 75.51 0 4.033
1635205560 24.22 76.07 0 4.039
1635205620 24.16 75.96 0 4.039
1635205680 24.15 76.43 0 4.033
1635205740 24.14 75.9 0 4.033
1635205800 24.07 76.47 0 4.033
1635205860 24.02 76.42 0 4.033
1635205920 24.02 76.39 0 4.033
1635205980 24 77.12 0 4.033
1635206040 23.88 77.55 0 4.033
1635206100 23.85 77.83 0 4.033
1635206160 23.82 78.21 0 4.033
1635206220 23.81 78.32 0 4.033
1635206280 23.82 78.3 0 4.039
1635206340 23.8 78.28 0 4.039
1635206400 23.77 78.43 0 4.033
1635206460 23.72 78.63 0 4.033
1635206520 23.74 78.94 0 4.039
1635206580 23.7 79.18 0 4.039
1635206640 23.68 78.83 0 4.033
1635206700 23.65 79.09 0 4.033
1635206760 23.63 79.42 0 4.039
1635206820 23.6 79.52 0 4.033
1635206880 23.6 79.7 0 4.033
1635206940 23.56 79.83 0 4.039
1635207000 23.53 79.63 0 4.033
1635207060 23.51 80.27 0 4.033
1635207120 23.49 80.39 0 4.033
1635207180 23.43 80.49 0 4.033
1635207240 23.43 80.86 0 4.033
1635207300 23.49 80.45 0 4.033
1635207360 23.56 80.43 0 4.033
1635207420 23.56 80.65 0 4.039
1635207480 23.54 80.8 0 4.033
1635207540 23.59 80.54 0 4.033
1635207600 23.6 80.48 0 4.033
1635207660 23.6 80.45 0 4.033
1635207720 23.67 80.26 0 4.033
1635207780 23.65 80.32 0 4.033
1635207840 23.67 80.17 0 4.039
1635207900 23.65 80.46 0 4.033
1635207960 23.6 80.69 0 4.033
1635208020 23.56 81.04 0 4.033
1635208080 23.51 81.33 0 4.033
1635208140 23.49 81.46 0 4.033
1635208200 23.43 81.31 0 4.033
1635208260 23.43 81.26 0 4.033
1635208320 23.44 81.15 0 4.033
1635208380 23.44 81.09 0 4.039
1635208440 23.46 81.29 0 4.033
1635208500 23.46 81.18 0 4.033
1635208560 23.49 80.83 0 4.033
1635208620 23.54 80.71 0 4.039
1635208680 23.49 80.68 0 4.033
1635208740 23.5 80.86 0 4.039
1635208800 23.46 81.01 0 4.033
1635208860 23.46 80.95 0 4.033
1635208920 23.46 81.04 0 4.033
1635208980 23.43 81.11 0 4.033
1635209040 23.46 80.93 0 4.033
1635209100 23.46 81.02 0 4.033
1635209160 23.5 80.81 0 4.033
1635209220 23.44 80.97 0 4.033
1635209280 23.43 80.92 0 4.033
1635209340 23.44 81 0 4.033
1635209400 23.4 81.09 0 4.033
1635209460 23.43 81.2 0 4.033
1635209520 23.42 81.11 0 4.033
1635209580 23.42 81.32 0 4.033
1635209640 23.42 81.29 0 4.033
1635209700 23.4 81.39 0 4.033
1635209760 23.37 81.44 0 4.033
1635209820 23.32 81.73 0 4.033
1635209880 23.24 81.77 0 4.033
1635209940 23.2 81.86 0 4.033
1635210000 23.2 81.73 0 4.033
1635210060 23.2 82.01 0 4.033
1635210120 23.13 82.26 0 4.033
1635210180 23.13 82.21 0 4.033
1635210240 23.12 82.19 0 4.033
1635210300 23.13 82.39 0 4.033
1635210360 23.14 82.16 0 4.033
1635210420 23.12 82.31 0 4.033
1635210480 23.1 82.4 0 4.033
1635210540 23.13 82.28 0 4.033
1635210600 23.1 82.32 0 4.033
1635210660 23.1 82.62 0 4.033
1635210720 23.03 82.78 0 4.033
1635210780 22.99 82.97 0 4.033
1635210840 22.93 83.48 0 4.033
1635210900 22.84 83.81 0 4.033
1635210960 22.75 84.08 0 4.039
1635211020 22.74 84.58 0 4.033
1635211080 22.64 85.26 0 4.033
1635211140 22.58 85.47 0 4.033
1635211200 22.51 85.95 0 4.033
1635211260 22.5 86.43 0 4.033
1635211320 22.45 86.92 0 4.033
1635211380 22.43 86.55 0 4.033
1635211440 22.41 86.59 0 4.033
1635211500 22.41 86.61 0 4.033
1635211560 22.35 86.45 0 4.033
1635211620 22.34 86.67 0 4.033
1635211680 22.31 87.09 0 4.033
1635211740 22.3 87.33 0 4.033
1635211800 22.26 87.38 0 4.033
1635211860 22.23 87.27 0 4.033
1635211920 22.21 87.31 0 4.033
1635211980 22.16 87.54 0 4.033
1635212040 22.16 87.8 0 4.033
1635212100 22.2 88.04 0 4.033
1635212160 22.18 87.63 0 4.033
1635212220 22.27 87.18 0 4.033
1635212280 22.33 87.19 0 4.033
1635212340 22.31 87.43 0 4.033
1635212400 22.28 87 0 4.033
1635212460 22.27 86.85 0 4.033
1635212520 22.21 86.61 0 4.028
1635212580 22.14 87.01 0 4.033
1635212640 22.1 86.92 0 4.033
1635212700 22.06 87.11 0 4.033
1635212760 22.01 87.17 0 4.033
1635212820 21.97 87.1 0 4.033
1635212880 21.97 87.31 0 4.033
1635212940 21.97 87.38 0 4.033
1635213000 21.97 87.26 0 4.033
1635213060 21.95 87.36 0 4.033
1635213120 21.97 87.41 0 4.033
1635213180 21.99 87.2 0 4.033
1635213240 21.96 87.18 0 4.033
1635213300 21.95 87.3 0 4.033
1635213360 21.96 87.13 0 4.033
1635213420 21.96 86.81 0 4.033
1635213480 21.96 86.82 0 4.033
1635213540 21.99 87.33 0 4.033
1635213600 21.97 87.11 0 4.033
1635213660 22.03 87.19 0 4.033
1635213720 22.07 86.99 0 4.033
1635213780 22.13 86.51 0 4.033
1635213840 22.17 86.39 0 4.033
1635213900 22.21 86.33 0 4.033
1635213960 22.24 86.28 0 4.033
1635214020 22.3 86.68 0 4.033
1635214080 22.33 86.33 0 4.033
1635214140 22.35 86.1 0 4.028
1635214200 22.35 86.06 0 4.033
1635214260 22.35 85.79 0 4.033
1635214320 22.35 85.63 0 4.033
1635214380 22.37 85.27 0 4.033
1635214440 22.37 85.11 0 4.033
1635214500 22.4 83.72 0 4.033
1635214560 22.41 83.11 0 4.033
1635214620 22.45 82.73 0 4.033
1635214680 22.45 83.33 0 4.033
1635214740 22.51 84.62 0 4.033
1635214800 22.45 84.4 0 4.033
1635214860 22.45 85.01 0 4.033
1635214920 22.43 84.12 0 4.033
1635214980 22.4 82.27 0 4.033
1635215040 22.38 81.72 0 4.028
1635215100 22.38 81.44 0 4.033
1635215160 22.35 81.39 0 4.033
1635215220 22.37 81.77 0 4.033
1635215280 22.37 82 0 4.033
1635215340 22.35 82.29 0 4.033
1635215400 22.35 82.88 0 4.033
1635215460 22.31 83.5 0 4.033
1635215520 22.3 84.48 0 4.033
1635215580 22.27 84.71 0 4.028
1635215640 22.2 84.75 0 4.033
1635215700 22.17 85.12 0 4.033
1635215760 22.16 85.07 0 4.033
1635215820 22.14 85.16 0 4.028
1635215880 22.11 85.38 0 4.033
1635215940 22.04 84.96 0 4.028
1635216000 21.99 84.98 0 4.033
1635216060 22.01 85.58 0 4.028
1635216120 21.97 85.76 0 4.028
1635216180 21.92 85.82 0 4.033
1635216240 21.87 85.82 0 4.033
1635216300 21.83 85.99 0 4.028
1635216360 21.85 86.41 0 4.033
1635216420 21.77 85.31 0 4.033
1635216480 21.76 84.7 0 4.028
1635216540 21.82 84.78 0 4.033
1635216600 21.89 83.88 0 4.033
1635216660 21.99 83.82 0 4.028
1635216720 22.1 82.05 0 4.028
1635216780 22.17 81.14 0 4.028
1635216840 22.24 81.17 0 4.028
1635216900 22.21 81.59 0 4.028
1635216960 22.17 82.14 0 4.028
1635217020 22.08 82.52 0 4.028
1635217080 22.07 82.16 0 4.028
1635217140 22.04 82.15 0 4.033
1635217200 22.04 81.72 0 4.033
1635217260 22.11 81.8 0 4.028
1635217320 22.13 81.58 0 4.028
1635217380 21.96 83.8 0 4.028
1635217440 21.97 83.85 0 4.028
1635217500 21.97 83.77 0 4.028
1635217560 21.93 84.44 0 4.028
1635217620 21.96 83.83 0 4.028
1635217680 21.99 84.57 0 4.028
1635217740 22.01 84.48 0 4.028
1635217800 21.93 84.7 0 4.028
1635217860 21.92 85.14 0 4.017
1635217920 21.85 85.06 0 4.028
1635217980 21.8 84.55 0 4.028
1635218040 21.83 85.05 0 4.028
1635218100 21.76 85.1 0 4.028
1635218160 21.77 85.05 0 4.028
1635218220 21.73 84.81 0 4.022
1635218280 21.68 85.23 0 4.028
1635218340 21.62 85.94 0 4.028
1635218400 21.58 86.7 0 4.028
1635218460 21.56 86.81 0 4.028
1635218520 21.6 87.2 0 4.028
1635218580 21.58 87.3 0 4.028
1635218640 21.62 87.52 0 4.028
1635218700 21.62 87.83 0 4.028
1635218760 21.95 87.36 0 4.033
1635218820 21.97 87.41 0 4.033
1635218880 21.99 87.2 0 4.033
1635218940 21.96 87.18 0 4.033
1635219000 21.95 87.3 0 4.033
1635219060 21.96 87.13 0 4.033
1635219120 21.96 86.81 0 4.033
1635219180 21.96 86.82 0 4.033
1635219240 21.99 87.33 0 4.033
1635219300 21.97 87.11 0 4.033
1635219360 22.03 87.19 0 4.033
1635219420 22.07 86.99 0 4.033
1635219480 22.13 86.51 0 4.033
1635219540 22.17 86.39 0 4.033
1635219600 22.21 86.33 0 4.033
1635219660 22.24 86.28 0 4.033
1635219720 22.3 86.68 0 4.033
1635219780 22.33 86.33 0 4.033
1635219840 22.35 86.1 0 4.028
1635219900 22.35 86.06 0 4.033
1635219960 22.35 85.79 0 4.033
1635220020 22.35 85.63 0 4.033
1635220080 21.96 85.38 0 4.028
1635220140 21.99 84.82 0 4.028
1635220200 22 84.87 0 4.022
1635220260 21.99 84.82 0 4.028
1635220320 21.96 84.88 0 4.028
1635220380 21.97 84.58 0 4.028
1635220440 21.97 84.61 0 4.028
1635220500 21.96 85.06 0 4.028
1635220560 21.97 86.25 0 4.017
1635220620 21.93 86.8 0 4.028
1635220680 21.93 87.08 0 4.022
1635220740 21.89 87.42 0 4.028
1635220800 21.89 87.2 0 4.022
1635220860 21.87 87.08 0 4.028
1635220920 21.83 86.85 0 4.028
1635220980 21.85 87.03 0 4.028
1635221040 21.86 87.22 0 4.022
1635221100 21.83 87.44 0 4.022
1635221160 21.83 87.42 0 4.028
1635221220 21.79 86.29 0 4.028
1635221280 21.75 85.97 0 4.028
1635221340 21.72 85.88 0 4.028
1635221400 21.68 85.86 0 4.022
1635221460 21.68 86.21 0 4.017
1635221520 21.63 86.36 0 4.022
1635221580 21.6 86.62 0 4.022
1635221640 21.58 87.02 0 4.028
1635221700 21.53 86.98 0 4.022
1635221760 21.56 87.23 0 4.022
1635221820 21.49 87.3 0 4.022
1635221880 21.5 87.34 0 4.022
1635221940 21.5 87.25 0 4.022
1635222000 21.5 87.4 0 4.022
1635222060 21.53 87.29 0 4.022
1635222120 21.55 87.37 0 4.028
1635222180 21.55 87.51 0 4.028
1635222240 21.52 87.37 0 4.028
1635222300 21.52 87.58 0 4.022
1635222360 21.5 87.69 0 4.012
1635222420 21.52 88.2 0 4.022
1635222480 21.5 88.36 0 4.022
1635222540 21.48 88.81 0 4.022
1635222600 21.45 89.24 0 4.022
1635222660 21.44 89.19 0 4.022
1635222720 21.45 89.5 0 4.028
1635222780 21.45 89.62 0 4.022
1635222840 21.45 89.91 0 4.028
1635222900 21.45 89.68 0 4.022
1635222960 21.44 89.57 0 4.022
1635223020 21.44 89.68 0 4.022
1635223080 21.45 89 0 4.022
1635223140 21.45 88.9 0 4.028
1635223200 21.46 88.77 0 4.028
1635223260 21.52 88.78 0 4.012
1635223320 21.59 88.18 0 4.022
1635223380 21.59 88.18 0 4.022
1635223440 21.59 88.24 0 4.022
1635223500 21.59 88.23 0 4.022
1635223560 21.62 88.09 0 4.022
1635223620 21.65 88.18 0 4.022
1635223680 21.65 89.25 0 4.022
1635223740 21.6 89.13 0 4.022
1635223800 21.58 89.16 0 4.022
1635223860 21.55 89.34 0 4.022
1635223920 21.53 89.48 0 4.022
1635223980 21.53 89.49 0 4.022
1635224040 21.48 89.23 0 4.022
1635224100 21.46 89.1 0 4.022
1635224160 21.48 89.41 0 4.012
1635224220 21.45 89.5 0 4.022
1635224280 21.44 89.53 0 4.022
1635224340 21.49 89.61 0 4.022
1635220080 21.96 85.38 0 4.028
1635220140 21.99 84.82 0 4.028
1635220200 22 84.87 0 4.022
1635220260 21.99 84.82 0 4.028
1635220320 21.96 84.88 0 4.028
1635220380 21.97 84.58 0 4.028
1635220440 21.97 84.61 0 4.028
1635220500 21.96 85.06 0 4.028
1635220560 21.97 86.25 0 4.017
1635220620 21.93 86.8 0 4.028
1635220680 21.93 87.08 0 4.022
1635220740 21.89 87.42 0 4.028
1635220800 21.89 87.2 0 4.022
1635220860 21.87 87.08 0 4.028
1635220920 21.83 86.85 0 4.028
1635220980 21.85 87.03 0 4.028
1635221040 21.86 87.22 0 4.022
1635221100 21.83 87.44 0 4.022
1635221160 21.83 87.42 0 4.028
1635221220 21.79 86.29 0 4.028
1635221280 21.75 85.97 0 4.028
1635221340 21.72 85.88 0 4.028
1635221400 21.68 85.86 0 4.022
1635221460 21.68 86.21 0 4.017
1635221520 21.63 86.36 0 4.022
1635221580 21.6 86.62 0 4.022
1635221640 21.58 87.02 0 4.028
1635221700 21.53 86.98 0 4.022
1635221760 21.56 87.23 0 4.022
1635221820 21.49 87.3 0 4.022
1635221880 21.5 87.34 0 4.022
1635221940 21.5 87.25 0 4.022
1635222000 21.5 87.4 0 4.022
1635222060 21.53 87.29 0 4.022
1635222120 21.55 87.37 0 4.028
1635222180 21.55 87.51 0 4.028
1635222240 21.52 87.37 0 4.028
1635222300 21.52 87.58 0 4.022
1635222360 21.5 87.69 0 4.012
1635222420 21.52 88.2 0 4.022
1635222480 21.5 88.36 0 4.022
1635222540 21.48 88.81 0 4.022
1635222600 21.45 89.24 0 4.022
1635222660 21.44 89.19 0 4.022
1635222720 21.45 89.5 0 4.028
1635222780 21.45 89.62 0 4.022
1635222840 21.45 89.91 0 4.028
1635222900 21.45 89.68 0 4.022
1635222960 21.44 89.57 0 4.022
1635223020 21.44 89.68 0 4.022
1635223080 21.45 89 0 4.022
1635223140 21.45 88.9 0 4.028
1635223200 21.46 88.77 0 4.028
1635223260 21.52 88.78 0 4.012
1635223320 21.59 88.18 0 4.022
1635223380 21.59 88.18 0 4.022
1635223440 21.59 88.24 0 4.022
1635223500 21.59 88.23 0 4.022
1635223560 21.62 88.09 0 4.022
1635223620 21.65 88.18 0 4.022
1635223680 21.65 89.25 0 4.022
1635223740 21.6 89.13 0 4.022
1635223800 21.58 89.16 0 4.022
1635223860 21.55 89.34 0 4.022
1635223920 21.53 89.48 0 4.022
1635223980 21.53 89.49 0 4.022
1635224040 21.48 89.23 0 4.022
1635224100 21.46 89.1 0 4.022
1635224160 21.48 89.41 0 4.012
1635224220 21.45 89.5 0 4.022
1635224280 21.44 89.53 0 4.022
1635224340 21.49 89.61 0 4.022
1635220080 21.96 85.38 0 4.028
1635220140 21.99 84.82 0 4.028
1635220200 22 84.87 0 4.022
1635220260 21.99 84.82 0 4.028
1635220320 21.96 84.88 0 4.028
1635220380 21.97 84.58 0 4.028
1635220440 21.97 84.61 0 4.028
1635220500 21.96 85.06 0 4.028
1635220560 21.97 86.25 0 4.017
1635220620 21.93 86.8 0 4.028
1635220680 21.93 87.08 0 4.022
1635220740 21.89 87.42 0 4.028
1635220800 21.89 87.2 0 4.022
1635220860 21.87 87.08 0 4.028
1635220920 21.83 86.85 0 4.028
1635220980 21.85 87.03 0 4.028
1635221040 21.86 87.22 0 4.022
1635221100 21.83 87.44 0 4.022
1635221160 21.83 87.42 0 4.028
1635221220 21.79 86.29 0 4.028
1635221280 21.75 85.97 0 4.028
1635221340 21.72 85.88 0 4.028
1635221400 21.68 85.86 0 4.022
1635221460 21.68 86.21 0 4.017
1635221520 21.63 86.36 0 4.022
1635221580 21.6 86.62 0 4.022
1635221640 21.58 87.02 0 4.028
1635221700 21.53 86.98 0 4.022
1635221760 21.56 87.23 0 4.022
1635221820 21.49 87.3 0 4.022
1635221880 21.5 87.34 0 4.022
1635221940 21.5 87.25 0 4.022
1635222000 21.5 87.4 0 4.022
1635222060 21.53 87.29 0 4.022
1635222120 21.55 87.37 0 4.028
1635222180 21.55 87.51 0 4.028
1635222240 21.52 87.37 0 4.028
1635222300 21.52 87.58 0 4.022
1635222360 21.5 87.69 0 4.012
1635222420 21.52 88.2 0 4.022
1635222480 21.5 88.36 0 4.022
1635222540 21.48 88.81 0 4.022
1635222600 21.45 89.24 0 4.022
1635222660 21.44 89.19 0 4.022
1635222720 21.45 89.5 0 4.028
1635222780 21.45 89.62 0 4.022
1635222840 21.45 89.91 0 4.028
1635222900 21.45 89.68 0 4.022
1635222960 21.44 89.57 0 4.022
1635223020 21.44 89.68 0 4.022
1635223080 21.45 89 0 4.022
1635223140 21.45 88.9 0 4.028
1635223200 21.46 88.77 0 4.028
1635223260 21.52 88.78 0 4.012
1635223320 21.59 88.18 0 4.022
1635223380 21.59 88.18 0 4.022
1635223440 21.59 88.24 0 4.022
1635223500 21.59 88.23 0 4.022
1635223560 21.62 88.09 0 4.022
1635223620 21.65 88.18 0 4.022
1635223680 21.65 89.25 0 4.022
1635223740 21.6 89.13 0 4.022
1635223800 21.58 89.16 0 4.022
1635223860 21.55 89.34 0 4.022
1635223920 21.53 89.48 0 4.022
1635223980 21.53 89.49 0 4.022
1635224040 21.48 89.23 0 4.022
1635224100 21.46 89.1 0 4.022
1635224160 21.48 89.41 0 4.012
1635224220 21.45 89.5 0 4.022
1635224280 21.44 89.53 0 4.022
1635224340 21.49 89.61 0 4.022
