1640926800 21.91 77.65 0 4.071
1640926860 21.94 77.85 0 4.071
1640926920 22 78.08 0 4.071
1640926980 21.98 78.25 0 4.071
1640927040 21.94 78.37 0 4.071
1640927100 22 78.55 0 4.071
1640927160 22 78.73 0 4.071
1640927220 21.97 78.91 0 4.071
1640927280 21.98 79.16 0 4.071
1640927340 22 79.47 0 4.071
1640927400 21.95 79.78 0 4.071
1640927460 21.95 80.09 0 4.065
1640927520 21.93 80.43 0 4.071
1640927580 21.91 80.75 0 4.071
1640927640 21.9 81.05 0 4.071
1640927700 21.88 81.36 0 4.071
1640927760 21.87 81.73 0 4.065
1640927820 21.88 82.08 0 4.071
1640927880 21.84 82.44 0 4.071
1640927940 21.79 82.72 0 4.071
1640928000 21.77 83.04 0 4.071
1640928060 21.73 83.37 0 4.071
1640928120 21.73 83.68 0 4.071
1640928180 21.73 83.92 0 4.071
1640928240 21.67 84.17 0 4.071
1640928300 21.67 84.45 0 4.071
1640928360 21.65 84.65 0 4.065
1640928420 21.63 84.9 0 4.071
1640928480 21.63 85.11 0 4.065
1640928540 21.56 85.35 0 4.071
1640928600 21.57 85.52 0 4.071
1640928660 21.56 85.66 0 4.071
1640928720 21.54 85.86 0 4.071
1640928780 21.54 85.96 0 4.071
1640928840 21.54 86.11 0 4.071
1640928900 21.54 86.22 0 4.071
1640928960 21.54 86.34 0 4.071
1640929020 21.54 86.46 0 4.071
1640929080 21.57 86.58 0 4.071
1640929140 21.54 86.69 0 4.071
1640929200 21.54 86.77 0 4.065
1640929260 21.58 86.88 0 4.065
1640929320 21.58 86.94 0 4.071
1640929380 21.57 87.04 0 4.071
1640929440 21.56 87.1 0 4.065
1640929500 21.56 87.2 0 4.071
1640929560 21.58 87.3 0 4.071
1640929620 21.57 87.28 0 4.071
1640929680 21.56 87.42 0 4.071
1640929740 21.53 87.43 0 4.071
1640929800 21.53 87.55 0 4.071
1640929860 21.53 87.58 0 4.065
1640929920 21.52 87.62 0 4.071
1640929980 21.5 87.69 0 4.071
1640930040 21.49 87.74 0 4.065
1640930100 21.49 87.8 0 4.071
1640930160 21.49 87.86 0 4.071
1640930220 21.44 87.94 0 4.071
1640930280 21.42 87.99 0 4.071
1640930340 21.42 88 0 4.071
1640930400 21.36 88.06 0 4.065
1640930460 21.32 88.14 0 4.065
1640930520 21.33 88.23 0 4.065
1640930580 21.3 88.25 0 4.071
1640930640 21.25 88.27 0 4.071
1640930700 21.25 88.37 0 4.065
1640930760 21.25 88.43 0 4.065
1640930820 21.22 88.49 0 4.065
1640930880 21.22 88.51 0 4.065
1640930940 21.18 88.6 0 4.065
1640931000 21.16 88.66 0 4.065
1640931060 21.16 88.69 0 4.065
1640931120 21.16 88.76 0 4.065
1640931180 21.14 88.83 0 4.071
1640931240 21.13 88.87 0 4.071
1640931300 21.12 88.95 0 4.071
1640931360 21.07 88.94 0 4.065
1640931420 21.07 89.01 0 4.071
1640931480 21.06 89.04 0 4.071
1640931540 21.06 89.12 0 4.065
1640931600 21.05 89.16 0 4.065
1640931660 21.06 89.25 0 4.071
1640931720 21.03 89.27 0 4.071
1640931780 20.99 89.3 0 4.071
1640931840 20.99 89.33 0 4.065
1640931900 20.96 89.37 0 4.065
1640931960 20.83 89.32 0 4.065
1640932020 20.81 89.26 0 4.071
1640932080 20.92 89.11 0 4.065
1640932140 20.96 88.99 0 4.065
1640932200 20.99 88.89 0 4.065
1640932260 21 88.79 0 4.071
1640932320 21 88.68 0 4.071
1640932380 21 88.53 0 4.071
1640932440 20.99 88.4 0 4.065
1640932500 20.98 88.27 0 4.071
1640932560 20.99 88.18 0 4.065
1640932620 20.96 88.11 0 4.065
1640932680 20.95 87.98 0 4.071
1640932740 20.92 87.91 0 4.071
1640932800 20.9 87.82 0 4.065
1640932860 20.89 87.74 0 4.065
1640932920 20.88 87.67 0 4.065
1640932980 20.86 87.54 0 4.071
1640933040 20.88 87.5 0 4.065
1640933100 20.81 87.4 0 4.071
1640933160 20.81 87.32 0 4.065
1640933220 20.81 87.34 0 4.071
1640933280 20.78 87.29 0 4.071
1640933340 20.74 87.24 0 4.065
1640933400 20.72 87.22 0 4.071
1640933460 20.71 87.18 0 4.065
1640933520 20.69 87.18 0 4.065
1640933580 20.69 87.19 0 4.065
1640933640 20.71 87.19 0 4.065
1640933700 20.69 87.21 0 4.071
1640933760 20.68 87.25 0 4.065
1640933820 20.68 87.27 0 4.065
1640933880 20.62 87.36 0 4.071
1640933940 20.62 87.32 0 4.065
1640934000 20.65 87.4 0 4.071
1640934060 20.64 87.42 0 4.065
1640934120 20.64 87.45 0 4.065
1640934180 20.62 87.5 0 4.065
1640934240 20.61 87.58 0 4.065
1640934300 20.59 87.64 0 4.065
1640934360 20.61 87.69 0 4.071
1640934420 20.62 87.79 0 4.071
1640934480 20.61 87.85 0 4.071
1640934540 20.59 87.91 0 4.065
1640934600 20.58 88.04 0 4.071
1640934660 20.55 88.11 0 4.065
1640934720 20.54 88.21 0 4.065
1640934780 20.51 88.28 0 4.065
1640934840 20.48 88.33 0 4.065
1640934900 20.51 88.39 0 4.065
1640934960 20.49 88.41 0 4.065
1640935020 20.55 88.49 0 4.071
1640935080 20.52 88.49 0 4.065
1640935140 20.54 88.55 0 4.065
1640935200 20.51 88.58 0 4.065
1640935260 20.48 88.63 0 4.065
1640935320 20.49 88.61 0 4.065
1640935380 20.51 88.62 0 4.065
1640935440 20.51 88.65 0 4.065
1640935500 20.49 88.61 0 4.065
1640935560 20.52 88.62 0 4.065
1640935620 20.59 88.6 0 4.065
1640935680 20.56 88.59 0 4.065
1640935740 20.58 88.6 0 4.065
1640935800 20.56 88.54 0 4.071
1640935860 20.58 88.56 0 4.065
1640935920 20.58 88.53 0 4.065
1640935980 20.56 88.56 0 4.071
1640936040 20.56 88.58 0 4.065
1640936100 20.58 88.55 0 4.065
1640936160 20.55 88.59 0 4.065
1640936220 20.51 88.6 0 4.065
1640936280 20.49 88.59 0 4.071
1640936340 20.51 88.57 0 4.065
1640936400 20.52 88.58 0 4.065
1640936460 20.47 88.55 0 4.065
1640936520 20.52 88.44 0 4.065
1640936580 20.52 88.38 0 4.065
1640936640 20.56 88.31 0 4.065
1640936700 20.62 88.2 0 4.065
1640936760 20.64 88.11 0 4.065
1640936820 20.68 88.04 0 4.065
1640936880 20.68 87.97 0 4.065
1640936940 20.74 87.88 0 4.065
1640937000 20.74 87.82 0 4.065
1640937060 20.74 87.7 0 4.065
1640937120 20.75 87.6 0 4.065
1640937180 20.74 87.49 0 4.065
1640937240 20.72 87.41 0 4.065
1640937300 20.71 87.32 0 4.071
1640937360 20.77 87.25 0 4.065
1640937420 20.74 87.16 0 4.065
1640937480 20.78 87.15 0 4.065
1640937540 20.77 87.11 0 4.065
1640937600 20.71 87.04 0 4.065
1640937660 20.71 86.96 0 4.065
1640937720 20.72 86.95 0 4.065
1640937780 20.71 86.89 0 4.065
1640937840 20.69 86.92 0 4.065
1640937900 20.68 86.85 0 4.065
1640937960 20.69 86.82 0 4.065
1640938020 20.68 86.81 0 4.065
1640938080 20.69 86.81 0 4.065
1640938140 20.72 86.8 0 4.065
1640938200 20.74 86.73 0 4.065
1640938260 20.71 86.82 0 4.065
1640938320 20.69 86.8 0 4.065
1640938380 20.69 86.83 0 4.065
1640938440 20.72 86.9 0 4.065
1640938500 20.69 86.93 0 4.065
1640938560 20.67 86.92 0 4.065
1640938620 20.65 86.99 0 4.065
1640938680 20.67 87.1 0 4.065
1640938740 20.62 87.17 0 4.065
1640938800 20.64 87.26 0 4.065
1640938860 20.61 87.32 0 4.065
1640938920 20.61 87.41 0 4.065
1640938980 20.58 87.53 0 4.065
1640939040 20.58 87.6 0 4.065
1640939100 20.59 87.74 0 4.065
1640939160 20.52 87.79 0 4.065
1640939220 20.54 87.89 0 4.065
1640939280 20.52 87.99 0 4.065
1640939340 20.51 88.08 0 4.065
1640939400 20.49 88.14 0 4.065
1640939460 20.48 88.22 0 4.065
1640939520 20.45 88.29 0 4.065
1640939580 20.48 88.4 0 4.065
1640939640 20.44 88.5 0 4.065
1640939700 20.45 88.54 0 4.065
1640939760 20.45 88.66 0 4.065
1640939820 20.42 88.71 0 4.065
1640939880 20.39 88.75 0 4.065
1640939940 20.38 88.81 0 4.065
1640940000 20.41 88.9 0 4.065
1640940060 20.38 89 0 4.065
1640940120 20.35 89.03 0 4.065
1640940180 20.38 89.1 0 4.065
1640940240 20.38 89.16 0 4.065
1640940300 20.38 89.25 0 4.065
1640940360 20.35 89.3 0 4.065
1640940420 20.35 89.32 0 4.065
1640940480 20.37 89.37 0 4.065
1640940540 20.34 89.44 0 4.065
1640940600 20.34 89.47 0 4.065
1640940660 20.34 89.52 0 4.065
1640940720 20.34 89.54 0 4.065
1640940780 20.32 89.59 0 4.065
1640940840 20.31 89.6 0 4.065
1640940900 20.32 89.64 0 4.065
1640940960 20.31 89.68 0 4.065
1640941020 20.37 89.7 0 4.065
1640941080 20.37 89.73 0 4.065
1640941140 20.37 89.75 0 4.065
1640941200 20.37 89.77 0 4.065
1640941260 20.37 89.72 0 4.065
1640941320 20.37 89.78 0 4.065
1640941380 20.35 89.77 0 4.06
1640941440 20.37 89.79 0 4.065
1640941500 20.37 89.81 0 4.065
1640941560 20.34 89.8 0 4.065
1640941620 20.32 89.81 0 4.065
1640941680 20.32 89.84 0 4.065
1640941740 20.3 89.89 0 4.065
1640941800 20.28 89.9 0 4.06
1640941860 20.27 89.9 0 4.06
1640941920 20.27 89.98 0 4.065
1640941980 20.24 90.02 0 4.065
1640942040 20.23 90.02 0 4.06
1640942100 20.23 90.1 0 4.065
1640942160 20.2 90.08 0 4.065
1640942220 20.2 90.14 0 4.065
1640942280 20.17 90.15 0 4.065
1640942340 20.17 90.22 0 4.065
1640942400 20.14 90.26 0 4.065
1640942460 20.13 90.27 0 4.065
1640942520 20.13 90.28 0 4.065
1640942580 20.08 90.32 0 4.065
1640942640 20.1 90.38 0 4.065
1640942700 20.07 90.39 0 4.065
1640942760 20.07 90.41 0 4.06
1640942820 20.06 90.44 0 4.06
1640942880 20.06 90.53 0 4.065
1640942940 20.03 90.57 0 4.065
1640943000 19.98 90.56 0 4.065
1640943060 19.97 90.62 0 4.065
1640943120 19.94 90.63 0 4.065
1640943180 19.96 90.64 0 4.06
1640943240 19.91 90.69 0 4.065
1640943300 19.91 90.71 0 4.065
1640943360 19.88 90.75 0 4.065
1640943420 19.87 90.76 0 4.06
1640943480 19.87 90.76 0 4.065
1640943540 19.84 90.82 0 4.06
1640943600 19.83 90.88 0 4.065
1640943660 19.81 90.9 0 4.06
1640943720 19.79 90.94 0 4.06
1640943780 19.74 90.99 0 4.06
1640943840 19.74 90.98 0 4.06
1640943900 19.73 91.08 0 4.06
1640943960 19.72 91.08 0 4.065
1640944020 19.7 91.13 0 4.06
1640944080 19.67 91.18 0 4.06
1640944140 19.67 91.23 0 4.065
1640944200 19.67 91.25 0 4.06
1640944260 19.62 91.33 0 4.065
1640944320 19.63 91.34 0 4.06
1640944380 19.62 91.39 0 4.065
1640944440 19.64 91.41 0 4.06
1640944500 19.57 91.47 0 4.065
1640944560 19.66 91.54 0 4.06
1640944620 19.64 91.55 0 4.06
1640944680 19.66 91.6 0 4.065
1640944740 19.64 91.63 0 4.06
1640944800 19.64 91.67 0 4.065
1640944860 19.63 91.68 0 4.06
1640944920 19.66 91.74 0 4.065
1640944980 19.66 91.8 0 4.06
1640945040 19.63 91.8 0 4.06
1640945100 19.66 91.83 0 4.065
1640945160 19.63 91.83 0 4.06
1640945220 19.64 91.89 0 4.065
1640945280 19.64 91.91 0 4.065
1640945340 19.62 91.98 0 4.06
1640945400 19.62 91.95 0 4.06
1640945460 19.62 92.02 0 4.06
1640945520 19.62 92.06 0 4.06
1640945580 19.59 92.07 0 4.06
1640945640 19.62 92.09 0 4.065
1640945700 19.62 92.13 0 4.06
1640945760 19.64 92.15 0 4.06
1640945820 19.64 92.16 0 4.06
1640945880 19.64 92.14 0 4.06
1640945940 19.62 92.15 0 4.06
1640946000 19.64 92.13 0 4.06
1640946060 19.63 92.2 0 4.06
1640946120 19.6 92.19 0 4.065
1640946180 19.63 92.17 0 4.06
1640946240 19.64 92.24 0 4.06
1640946300 19.67 92.2 0 4.06
1640946360 19.63 92.19 0 4.06
1640946420 19.63 92.21 0 4.06
1640946480 19.62 92.21 0 4.06
1640946540 19.62 92.22 0 4.06
1640946600 19.59 92.19 0 4.06
1640946660 19.59 92.17 0 4.06
1640946720 19.56 92.19 0 4.06
1640946780 19.56 92.21 0 4.06
1640946840 19.56 92.23 0 4.06
1640946900 19.56 92.23 0 4.06
1640946960 19.56 92.21 0 4.06
1640947020 19.57 92.22 0 4.06
1640947080 19.59 92.28 0 4.06
1640947140 19.56 92.25 0 4.06
1640947200 19.6 92.26 0 4.065
1640947260 19.6 92.26 0 4.06
1640947320 19.62 92.27 0 4.06
1640947380 19.62 92.25 0 4.06
1640947440 19.63 92.3 0 4.06
1640947500 19.64 92.28 0 4.06
1640947560 19.67 92.27 0 4.06
1640947620 19.69 92.28 0 4.06
1640947680 19.69 92.28 0 4.06
1640947740 19.7 92.3 0 4.06
1640947800 19.7 92.29 0 4.065
1640947860 19.72 92.3 0 4.06
1640947920 19.73 92.28 0 4.06
1640947980 19.74 92.3 0 4.06
1640948040 19.73 92.26 0 4.06
1640948100 19.77 92.24 0 4.06
1640948160 19.79 92.23 0 4.055
1640948220 19.8 92.23 0 4.06
1640948280 19.77 92.24 0 4.06
1640948340 19.8 92.19 0 4.06
1640948400 19.86 92.15 0 4.055
1640948460 19.88 92.17 0 4.06
1640948520 19.88 92.09 0 4.06
1640948580 19.9 92.08 0 4.06
1640948640 19.87 92.05 0 4.06
1640948700 19.94 92.04 0 4.06
1640948760 19.94 92 0 4.06
1640948820 19.91 91.97 0 4.06
1640948880 19.96 91.95 0 4.06
1640948940 19.98 91.95 0 4.06
1640949000 19.96 91.94 0 4.06
1640949060 19.98 91.87 4 4.06
1640949120 19.98 91.89 4 4.06
1640949180 19.98 91.87 4 4.06
1640949240 20.03 91.84 4 4.06
1640949300 20 91.8 4 4.06
1640949360 20.01 91.76 4 4.06
1640949420 20.01 91.74 4 4.06
1640949480 20 91.69 4 4.06
1640949540 20.03 91.68 10 4.06
1640949600 19.98 91.67 10 4.06
1640949660 19.97 91.64 4 4.06
1640949720 19.94 91.62 10 4.06
1640949780 19.93 91.59 10 4.06
1640949840 19.94 91.57 10 4.06
1640949900 19.94 91.5 10 4.06
1640949960 19.94 91.5 10 4.055
1640950020 19.96 91.41 10 4.055
1640950080 19.98 91.41 16 4.06
1640950140 20 91.37 16 4.06
1640950200 20 91.33 16 4.06
1640950260 20.01 91.27 16 4.06
1640950320 19.98 91.26 16 4.06
1640950380 20.01 91.23 16 4.055
1640950440 19.96 91.16 22 4.06
1640950500 20 91.15 16 4.06
1640950560 19.98 91.07 22 4.06
1640950620 20 91.07 22 4.06
1640950680 20 91.04 22 4.06
1640950740 20.01 91 22 4.06
1640950800 20.01 91 22 4.06
1640950860 20.03 90.95 28 4.055
1640950920 20.03 90.95 28 4.06
1640950980 20.03 90.91 28 4.055
1640951040 20.01 90.9 28 4.055
1640951100 20.03 90.81 28 4.06
1640951160 20.07 90.73 28 4.06
1640951220 20.14 90.72 28 4.06
1640951280 20.17 90.68 28 4.06
1640951340 20.18 90.66 34 4.06
1640951400 20.16 90.57 34 4.06
1640951460 20.18 90.54 34 4.06
1640951520 20.23 90.46 40 4.06
1640951580 20.27 90.4 40 4.06
1640951640 20.28 90.36 46 4.06
1640951700 20.28 90.32 46 4.055
1640951760 20.31 90.27 46 4.06
1640951820 20.32 90.22 46 4.06
1640951880 20.35 90.14 46 4.06
1640951940 20.37 90.05 46 4.055
1640952000 20.41 90.02 52 4.06
1640952060 20.44 89.98 52 4.06
1640952120 20.45 89.92 52 4.06
1640952180 20.51 89.88 52 4.06
1640952240 20.52 89.76 58 4.055
1640952300 20.54 89.74 58 4.06
1640952360 20.55 89.66 58 4.06
1640952420 20.61 89.58 58 4.06
1640952480 20.65 89.45 64 4.06
1640952540 20.77 89.42 64 4.06
1640952600 20.82 89.34 70 4.055
1640952660 20.86 89.25 70 4.055
1640952720 20.89 89.12 64 4.06
1640952780 20.89 89.01 64 4.06
1640952840 20.95 88.88 70 4.06
1640952900 20.99 88.77 70 4.055
1640952960 21.05 88.62 70 4.055
1640953020 21.1 88.49 70 4.06
1640953080 21.13 88.34 70 4.06
1640953140 21.19 88.19 76 4.055
1640953200 21.25 88.07 76 4.055
1640953260 21.29 87.88 76 4.055
1640953320 21.34 87.73 70 4.055
1640953380 21.43 87.56 70 4.06
1640953440 21.46 87.37 70 4.055
1640953500 21.52 87.23 76 4.06
1640953560 21.53 87.09 70 4.055
1640953620 21.56 86.92 70 4.055
1640953680 21.58 86.83 70 4.055
1640953740 21.63 86.67 70 4.055
1640953800 21.71 86.52 76 4.06
1640953860 21.73 86.4 76 4.055
1640953920 21.79 86.24 76 4.055
1640953980 21.81 86.13 76 4.055
1640954040 21.8 86.01 76 4.055
1640954100 21.83 85.91 76 4.055
1640954160 21.85 85.83 76 4.055
1640954220 21.88 85.74 70 4.055
1640954280 21.9 85.68 76 4.055
1640954340 21.9 85.58 76 4.055
1640954400 21.88 85.48 76 4.055
1640954460 21.87 85.44 82 4.055
1640954520 21.88 85.39 82 4.06
1640954580 21.81 85.39 76 4.055
1640954640 21.83 85.37 82 4.06
1640954700 21.8 85.34 82 4.06
1640954760 21.83 85.28 82 4.06
1640954820 21.85 85.23 82 4.06
1640954880 21.88 85.19 82 4.055
1640954940 21.91 85.23 88 4.055
1640955000 21.98 85.29 88 4.055
1640955060 21.97 85.25 82 4.06
1640955120 22.04 85.33 88 4.06
1640955180 22.08 85.32 88 4.055
1640955240 22.14 85.29 88 4.06
1640955300 22.12 85.21 88 4.055
1640955360 22.12 85.17 88 4.055
1640955420 22.11 85.12 88 4.055
1640955480 22.19 85.1 88 4.055
1640955540 22.19 85.03 88 4.055
1640955600 22.12 84.98 88 4.06
1640955660 22.16 84.9 88 4.06
1640955720 22.22 84.8 88 4.055
1640955780 22.27 84.74 88 4.055
1640955840 22.32 84.72 88 4.055
1640955900 22.39 84.7 88 4.055
1640955960 22.41 84.64 88 4.055
1640956020 22.49 84.57 88 4.055
1640956080 22.51 84.5 94 4.055
1640956140 22.61 84.38 94 4.055
1640956200 22.59 84.26 94 4.06
1640956260 22.56 84.1 94 4.055
1640956320 22.66 83.95 94 4.055
1640956380 22.72 83.82 94 4.055
1640956440 22.78 83.67 94 4.055
1640956500 22.88 83.52 94 4.055
1640956560 22.95 83.34 94 4.055
1640956620 23.03 83.15 94 4.06
1640956680 23.12 82.97 94 4.06
1640956740 23.09 82.73 94 4.06
1640956800 23.17 82.54 94 4.055
1640956860 23.23 82.29 94 4.055
1640956920 23.29 82.09 94 4.055
1640956980 23.36 81.89 94 4.06
1640957040 23.39 81.73 94 4.055
1640957100 23.44 81.56 94 4.055
1640957160 23.41 81.45 94 4.033
1640957220 23.36 81.16 100 4.055
1640957280 23.37 81.07 100 4.055
1640957340 23.41 80.87 100 4.055
1640957400 23.4 80.67 100 4.055
1640957460 23.46 80.47 100 4.055
1640957520 23.54 80.28 94 4.055
1640957580 23.6 80.05 100 4.055
1640957640 23.68 79.91 100 4.055
1640957700 23.7 79.74 100 4.055
1640957760 23.74 79.62 100 4.055
1640957820 23.75 79.37 100 4.055
1640957880 23.8 79.19 106 4.055
1640957940 23.85 79.06 100 4.055
1640958000 23.88 78.92 100 4.049
1640958060 23.87 78.72 100 4.044
1640958120 23.87 78.24 106 4.055
1640958180 23.91 78.14 106 4.055
1640958240 23.91 77.87 100 4.055
1640958300 23.94 77.69 106 4.055
1640958360 24.08 77.5 106 4.055
1640958420 24.18 77.31 106 4.055
1640958480 24.25 77.12 106 4.055
1640958540 24.23 76.9 106 4.055
1640958600 24.26 76.74 106 4.055
1640958720 24.31 76.57 106 4.055
1640958780 24.38 76.41 106 4.055
1640958840 24.33 76.23 106 4.055
1640958900 24.33 76.04 106 4.06
1640958960 24.36 75.89 106 4.055
1640959020 24.33 75.66 112 4.049
1640959080 24.29 75.43 106 4.055
1640959140 24.33 75.29 112 4.055
1640959200 24.43 75.12 112 4.049
1640959260 24.52 75.03 112 4.055
1640959320 24.56 74.91 112 4.055
1640959380 24.65 74.78 112 4.055
1640959440 24.72 74.65 112 4.055
1640959500 24.83 74.48 112 4.055
1640959560 24.93 74.37 112 4.055
1640959620 24.93 74.26 112 4.06
1640959680 24.93 74.11 112 4.055
1640959740 24.93 74.07 112 4.055
1640959800 24.91 73.99 112 4.055
1640959860 24.91 73.88 118 4.055
1640959920 24.97 73.75 165 4.055
1640959980 25.03 73.73 201 4.049
1640960040 25.02 73.6 171 4.055
1640960100 25.09 73.47 124 4.055
1640960160 25.02 73.37 118 4.055
1640960220 25.02 73.28 118 4.055
1640960280 25.03 73.17 118 4.055
1640960340 25.03 73.06 124 4.055
1640960400 25.04 72.97 131 4.055
1640960460 25.06 72.85 131 4.055
1640960520 25.1 72.7 195 4.055
1640960580 25.16 72.57 183 4.055
1640960640 25.28 72.49 249 4.055
1640960700 25.42 72.39 380 4.055
1640960760 25.56 72.28 435 4.055
1640960820 25.68 72.11 278 4.049
1640960880 25.79 71.97 268 4.055
1640960940 25.91 71.72 237 4.055
1640961000 26.11 71.59 213 4.055
1640961060 26.32 71.38 237 4.055
1640961120 26.47 71.13 189 4.055
1640961180 26.42 70.88 201 4.055
1640961240 26.4 70.6 225 4.055
1640961300 26.38 70.39 249 4.06
1640961360 26.43 70.15 237 4.055
1640961420 26.44 69.82 231 4.055
1640961480 26.5 69.61 302 4.055
1640961540 26.35 69.3 338 4.055
1640961600 26.23 69.06 274 4.055
1640961660 26.28 68.88 213 4.055
1640961720 26.4 68.69 189 4.055
1640961780 26.46 68.52 159 4.055
1640961840 26.5 68.42 201 4.055
1640961900 26.57 68.3 183 4.055
1640961960 26.66 68.16 159 4.055
1640962020 26.64 68.01 356 4.055
1640962080 26.63 67.84 524 4.055
1640962140 26.72 67.75 326 4.055
1640962200 26.73 67.59 249 4.06
1640962260 26.87 67.46 405 4.055
1640962320 27.04 67.28 554 4.055
1640962380 27.17 67.14 512 4.055
1640962440 27.27 67.05 487 4.055
1640962500 27.38 66.97 451 4.055
1640962560 27.62 66.84 417 4.055
1640962620 27.55 66.64 427 4.055
1640962680 27.58 66.49 463 4.055
1640962740 27.76 66.32 326 4.055
1640962800 27.81 66.07 219 4.055
1640962860 27.88 65.89 344 4.055
1640962920 27.94 65.71 308 4.055
1640962980 28.06 65.49 237 4.055
1640963040 28.15 65.26 237 4.055
1640963100 28.06 65.02 183 4.055
1640963160 28.19 64.82 153 4.055
1640963220 28.37 64.55 177 4.055
1640963280 28.05 64.27 183 4.055
1640963340 27.82 64.11 195 4.06
1640963400 27.73 63.97 350 4.055
1640963460 27.76 63.86 475 4.055
1640963520 27.91 63.8 719 4.049
1640963580 27.91 63.68 653 4.055
1640963640 27.99 63.55 344 4.055
1640963700 28.08 63.47 405 4.055
1640963760 28.18 63.32 846 4.055
1640963820 28.12 63.23 870 4.055
1640963880 28.18 63.1 905 4.055
1640963940 28.3 62.98 846 4.055
1640964000 28.57 62.89 749 4.055
1640964060 28.87 62.81 786 4.055
1640964120 29.07 62.63 584 4.055
1640964180 28.9 62.34 469 4.055
1640964240 28.81 62.15 296 4.055
1640964300 28.9 61.99 350 4.055
1640964360 29.11 61.79 435 4.055
1640964420 28.82 61.5 399 4.049
1640964480 28.59 61.26 493 4.055
1640964540 28.39 61.04 505 4.055
1640964600 28.43 60.9 393 4.055
1640964660 28.54 60.79 183 4.06
1640964720 28.67 60.73 213 4.06
1640964780 28.73 60.65 189 4.06
1640964840 28.57 60.54 183 4.055
1640964900 28.5 60.52 213 4.06
1640964960 28.35 60.56 213 4.055
1640965020 28.32 60.56 243 4.06
1640965080 28.36 60.6 256 4.055
1640965140 28.46 60.71 225 4.06
1640965200 28.53 60.8 195 4.055
1640965260 28.56 60.84 207 4.06
1640965320 28.57 60.85 207 4.055
1640965380 28.7 60.92 237 4.055
1640965440 28.77 60.98 189 4.055
1640965500 28.9 60.99 219 4.055
1640965560 28.91 60.99 183 4.06
1640965620 28.73 60.95 189 4.06
1640965680 28.43 60.84 225 4.06
1640965740 28.3 60.78 249 4.06
1640965800 28.23 60.8 268 4.055
1640965860 28.05 60.85 274 4.06
1640965920 28 60.9 237 4.055
1640965980 27.96 60.97 841 4.055
1640966040 28.08 61.03 572 4.055
1640966100 28.24 61.06 600 4.055
1640966160 28.3 61.03 709 4.06
1640966220 28.47 61.05 697 4.055
1640966280 28.61 61.07 374 4.06
1640966340 28.82 61.13 219 4.055
1640966400 28.91 61.16 338 4.055
1640966460 29.02 61.13 733 4.055
1640966520 28.94 61.03 972 4.055
1640966580 29.1 60.95 1014 4.055
1640966640 29.25 60.85 817 4.06
1640966700 29.35 60.77 542 4.06
1640966760 29.39 60.6 471 4.06
1640966820 29.61 60.47 453 4.06
1640966880 29.9 60.32 405 4.06
1640966940 30.07 60.1 328 4.06
1640967000 30.06 59.89 262 4.06
1640967060 30.33 59.66 213 4.06
1640967120 30.41 59.39 322 4.06
1640967180 30.27 59.14 572 4.06
1640967240 30.24 58.87 908 4.06
1640967300 30.31 58.63 914 4.071
1640967360 30.31 58.3 990 4.065
1640967420 30.4 58.16 825 4.071
1640967480 30.56 57.93 537 4.071
1640967540 30.74 57.77 513 4.076
1640967600 30.67 57.39 537 4.071
1640967660 30.6 57.18 249 4.065
1640967720 30.58 56.97 495 4.065
1640967780 30.58 56.66 805 4.065
1640967840 30.56 56.43 891 4.071
1640967900 30.64 56.23 310 4.071
1640967960 30.74 56.01 1037 4.082
1640968020 30.57 55.73 1075 4.087
1640968080 30.57 55.59 1081 4.087
1640968140 30.74 55.38 1087 4.087
1640968200 30.78 55.19 1088 4.092
1640968260 31.01 55 1094 4.092
1640968320 31.18 54.8 1094 4.098
1640968380 31.41 54.61 1096 4.098
1640968440 31.61 54.42 1096 4.098
1640968500 31.55 54.14 1124 4.082
1640968560 31.8 53.94 1130 4.092
1640968620 31.69 53.69 1132 4.092
1640968680 31.53 53.35 1136 4.092
1640968740 30.94 52.93 1136 4.098
1640968800 30.89 52.7 1130 4.098
1640968860 30.91 52.4 1130 4.098
1640968920 31.01 52.17 1127 4.098
1640968980 31.18 51.92 1144 4.071
1640969040 31.33 51.59 1144 4.098
1640969100 31.63 51.34 1112 4.076
1640969160 31.79 51.01 1108 4.076
1640969220 31.68 50.68 1108 4.076
1640969280 31.82 50.36 1090 4.076
1640969340 31.79 50.02 1088 4.087
1640969400 31.62 49.78 1072 4.076
1640969460 31.69 49.59 1090 4.098
1640969520 31.66 49.43 1096 4.103
1640969580 31.63 49.35 1076 4.076
1640969640 31.7 49.23 1063 4.103
1640969700 31.8 49.11 1079 4.103
1640969760 31.99 49.07 137 4.076
1640969820 31.84 49.06 143 4.071
1640969880 31.83 49.03 861 4.098
1640969940 31.79 48.96 1090 4.103
1640970000 31.75 48.92 1117 4.108
1640970060 31.36 48.81 1141 4.108
1640970120 31.29 48.77 1142 4.114
1640970180 31.29 48.72 1167 4.114
1640970240 31.53 48.7 1191 4.114
1640970300 31.49 48.74 1191 4.114
1640970360 31.72 48.84 179 4.076
1640970420 31.73 48.9 149 4.076
1640970480 31.68 48.9 155 4.076
1640970540 31.69 49.02 155 4.076
1640970600 31.59 49.08 245 4.082
1640970660 31.35 49.06 1124 4.065
1640970720 31.32 49.2 1135 4.108
1640970780 31.21 49.29 1123 4.108
1640970840 31.33 49.37 1111 4.108
1640970900 31.58 49.56 1135 4.108
1640970960 31.94 49.72 1117 4.103
1640971020 32.09 49.77 1129 4.108
1640971080 32.16 49.59 1133 4.108
1640971140 32.17 49.45 1147 4.108
1640971200 32.35 49.35 1159 4.108
1640971260 32.7 49.21 1171 4.108
1640971320 32.94 49.02 1165 4.108
1640971380 32.97 48.76 1147 4.108
1640971440 32.85 48.54 1159 4.108
1640971500 32.98 48.54 1165 4.114
1640971560 32.98 48.45 1171 4.114
1640971620 33.16 48.45 1161 4.108
1640971680 33.08 48.36 1159 4.114
1640971740 33.11 48.36 1159 4.108
1640971800 33.12 48.26 1161 4.114
1640971860 33.19 48.14 1149 4.114
1640971920 33.14 47.87 1129 4.114
1640971980 32.92 47.7 1124 4.114
1640972040 32.89 47.64 1124 4.114
1640972100 32.8 47.62 1118 4.114
1640972160 32.88 47.64 1120 4.114
1640972220 32.89 47.68 1126 4.119
1640972280 32.81 47.68 1126 4.114
1640972340 32.94 47.71 1124 4.114
1640972400 33.02 47.88 1100 4.114
1640972460 32.73 47.93 1027 4.114
1640972520 32.81 48.09 1106 4.087
1640972580 32.58 48.23 1057 4.092
1640972640 32.54 48.51 914 4.092
1640972700 32.57 48.79 1099 4.087
1640972760 32.57 49.08 1135 4.087
1640972820 32.61 49.31 1129 4.087
1640972880 32.54 49.6 1123 4.087
1640972940 32.67 49.8 1123 4.087
1640973000 32.6 49.92 1111 4.087
1640973060 32.44 50.04 1105 4.108
1640973120 31.84 50.18 936 4.092
1640973180 31.69 50.44 1117 4.087
1640973240 31.84 50.69 1105 4.098
1640973300 31.87 51.02 1111 4.087
1640973360 31.63 51.25 1105 4.108
1640973420 31.62 51.46 1093 4.087
1640973480 31.73 51.67 1079 4.087
1640973540 31.79 51.93 1063 4.108
1640973600 31.94 52.17 1057 4.087
1640973660 31.79 52.36 1075 4.108
1640973720 31.89 52.57 1085 4.108
1640973780 32.09 52.8 1075 4.087
1640973840 32.53 53.01 1093 4.108
1640973900 32.64 53.08 1111 4.108
1640973960 32.41 53.05 239 4.087
1640974020 32.19 53.04 221 4.092
1640974080 32 53.09 245 4.092
1640974140 31.52 53.12 1183 4.087
1640974200 31.49 53.23 251 4.092
1640974260 31.24 53.31 269 4.092
1640974320 31.05 53.49 281 4.092
1640974380 30.75 53.69 257 4.092
1640974440 30.23 53.98 1111 4.087
1640974500 30 54.29 1075 4.087
1640974560 30.03 54.73 1057 4.087
1640974620 30.07 55.08 1057 4.087
1640974680 30.34 55.41 1087 4.082
1640974740 30.43 55.73 1069 4.087
1640974800 30.6 56.03 233 4.087
1640974860 30.41 56.23 594 4.087
1640974920 30.37 56.48 743 4.087
1640974980 30.3 56.69 1111 4.087
1640975040 30.43 56.93 1093 4.087
1640975100 30.73 57.16 371 4.092
1640975160 30.92 57.33 197 4.092
1640975220 30.71 57.52 185 4.092
1640975280 30.56 57.63 215 4.092
1640975340 30.34 57.73 377 4.092
1640975400 30.02 57.87 456 4.087
1640975460 29.95 58.03 337 4.092
1640975520 29.89 58.25 281 4.092
1640975580 29.8 58.44 209 4.092
1640975640 29.75 58.58 209 4.092
1640975700 29.66 58.76 221 4.092
1640975760 29.45 58.93 245 4.092
1640975820 29.38 59.2 421 4.098
1640975880 29.21 59.41 1033 4.087
1640975940 29.41 59.75 1033 4.087
1640976000 29.49 59.89 1014 4.087
1640976060 29.69 60.08 1014 4.087
1640976120 29.9 60.17 1008 4.087
1640976180 30.2 60.31 990 4.087
1640976240 30.38 60.34 948 4.087
1640976300 30.51 60.34 966 4.082
1640976360 30.48 60.23 990 4.087
1640976420 30.79 60.13 1014 4.082
1640976480 30.97 59.95 1043 4.087
1640976540 30.92 59.83 1055 4.082
1640976600 31.08 59.66 245 4.087
1640976660 31.18 59.46 1067 4.082
1640976720 31.31 59.23 227 4.087
1640976780 31.68 58.97 191 4.087
1640976840 31.31 58.69 203 4.087
1640976900 31.09 58.52 618 4.098
1640976960 30.75 58.32 462 4.092
1640977020 30.68 58.25 317 4.092
1640977080 30.58 58.15 1063 4.087
1640977140 30.31 58.02 486 4.092
1640977200 30.34 58.11 227 4.092
1640977260 30.36 58.09 245 4.092
1640977320 30.17 58.07 239 4.092
1640977380 29.98 58.13 1021 4.087
1640977440 30.05 58.26 996 4.087
1640977500 29.8 58.34 984 4.087
1640977560 29.92 58.54 996 4.087
1640977620 29.89 58.61 792 4.087
1640977680 30.06 58.73 954 4.087
1640977740 30.27 58.87 215 4.092
1640977800 30.33 58.97 203 4.092
1640977860 30.13 59.04 209 4.092
1640977920 29.87 59.16 233 4.092
1640977980 29.63 59.27 960 4.087
1640978040 29.52 59.33 954 4.087
1640978100 29.53 59.52 960 4.082
1640978160 29.53 59.69 966 4.087
1640978220 29.72 59.92 552 4.098
1640978280 30.09 60.08 606 4.092
1640978340 30.07 60.16 966 4.087
1640978400 30.16 60.22 749 4.087
1640978460 30.27 60.29 197 4.092
1640978520 30.47 60.37 203 4.087
1640978580 30.16 60.32 233 4.092
1640978640 30.03 60.34 185 4.092
1640978700 29.66 60.39 546 4.098
1640978760 29.58 60.5 927 4.092
1640978820 29.55 60.6 933 4.098
1640978880 29.59 60.7 966 4.087
1640978940 29.86 60.85 281 4.092
1640979000 30.05 60.96 996 4.087
1640979060 30.02 61.02 966 4.087
1640979120 30.4 61.04 960 4.087
1640979180 30.53 61.08 960 4.087
1640979240 30.57 61.04 942 4.087
1640979300 30.53 60.98 930 4.087
1640979360 30.66 60.92 912 4.087
1640979420 30.89 60.73 906 4.087
1640979480 31.33 60.68 894 4.087
1640979540 31.36 60.39 924 4.087
1640979600 31.29 60.11 917 4.087
1640979660 31.24 59.9 624 4.092
1640979720 31.28 59.69 649 4.098
1640979780 31.22 59.48 891 4.098
1640979840 31.14 59.26 888 4.087
1640979900 31.02 58.93 883 4.092
1640979960 30.98 58.66 885 4.092
1640980020 31.15 58.5 889 4.092
1640980080 31.26 58.35 209 4.087
1640980140 31.12 58.15 167 4.092
1640980200 31.05 58.08 143 4.087
1640980260 30.74 57.97 131 4.087
1640980320 30.31 57.92 118 4.087
1640980380 30.17 57.96 112 4.092
1640980440 29.9 58.06 112 4.092
1640980500 29.65 58.24 118 4.087
1640980560 29.53 58.43 124 4.087
1640980620 29.38 58.72 137 4.087
1640980680 29.22 58.96 124 4.087
1640980740 29.01 59.25 118 4.092
1640980800 28.91 59.64 118 4.092
1640980860 28.87 59.96 118 4.087
1640980920 28.69 60.29 118 4.092
1640980980 28.54 60.56 124 4.087
1640981040 28.4 60.8 197 4.092
1640981100 28.29 61.05 269 4.092
1640981160 28.22 61.31 305 4.092
1640981220 28.2 61.64 365 4.092
1640981280 28.26 61.95 618 4.092
1640981340 28.35 62.2 709 4.092
1640981400 28.56 62.47 703 4.092
1640981460 28.78 62.67 143 4.092
1640981520 28.91 62.8 143 4.087
1640981580 28.74 62.81 137 4.092
1640981640 28.77 62.95 685 4.092
1640981700 28.86 63.02 100 4.092
1640981760 28.81 63 88 4.092
1640981820 28.8 63.1 88 4.092
1640981880 28.73 63.24 94 4.092
1640981940 28.66 63.32 118 4.087
1640982000 28.4 63.35 624 4.092
1640982060 28.33 63.46 643 4.092
1640982120 28.37 63.64 636 4.092
1640982180 28.51 63.73 636 4.092
1640982240 28.66 63.78 661 4.092
1640982300 28.89 63.86 655 4.092
1640982360 28.97 63.9 414 4.087
1640982420 29.1 63.95 474 4.087
1640982480 29.17 63.91 618 4.092
1640982540 29.22 63.95 600 4.092
1640982600 29.25 63.97 582 4.092
1640982660 29.26 63.93 510 4.092
1640982720 29.28 63.89 329 4.092
1640982780 29.38 63.83 167 4.092
1640982840 29.38 63.78 161 4.087
1640982900 29.2 63.66 167 4.092
1640982960 29.07 63.63 185 4.087
1640983020 28.91 63.61 167 4.087
1640983080 28.71 63.56 197 4.092
1640983140 28.61 63.61 197 4.092
1640983200 28.56 63.64 197 4.092
1640983260 28.66 63.72 191 4.092
1640983320 28.61 63.8 185 4.092
1640983380 28.63 63.87 179 4.092
1640983440 28.66 63.97 179 4.092
1640983500 28.67 64 167 4.092
1640983560 28.66 63.88 155 4.087
1640983620 28.6 63.84 124 4.092
1640983680 28.6 63.84 131 4.092
1640983740 28.51 63.81 143 4.092
1640983800 28.43 63.8 118 4.092
1640983860 28.36 63.81 106 4.087
1640983920 28.29 63.84 76 4.092
1640983980 28.23 63.91 112 4.092
1640984040 28.2 63.96 106 4.087
1640984100 28.1 64.04 106 4.092
1640984160 28.03 64.15 106 4.092
1640984220 28 64.31 94 4.087
1640984280 27.99 64.38 88 4.087
1640984340 27.95 64.48 106 4.087
1640984400 27.95 64.64 106 4.087
1640984460 27.84 64.65 106 4.087
1640984520 27.82 64.69 100 4.087
1640984580 27.88 64.81 82 4.087
1640984640 27.86 64.82 100 4.087
1640984700 27.82 64.87 94 4.087
1640984760 27.76 64.93 94 4.087
1640984820 27.79 65.05 94 4.087
1640984880 27.75 65.17 106 4.087
1640984940 27.76 65.23 112 4.087
1640985000 27.82 65.33 118 4.092
1640985060 27.78 65.37 82 4.087
1640985120 27.82 65.46 94 4.087
1640985180 27.85 65.61 76 4.087
1640985240 27.82 65.71 76 4.087
1640985300 27.79 65.81 70 4.087
1640985360 27.71 65.88 70 4.087
1640985420 27.68 65.99 70 4.092
1640985480 27.66 66.06 70 4.087
1640985540 27.68 66.2 64 4.087
1640985600 27.61 66.32 64 4.087
1640985660 27.58 66.45 64 4.087
1640985720 27.61 66.51 64 4.087
1640985780 27.54 66.56 58 4.076
1640985840 27.48 66.61 64 4.087
1640985900 27.41 66.7 64 4.087
1640985960 27.34 66.79 58 4.082
1640986020 27.31 66.97 58 4.087
1640986080 27.28 67.1 58 4.087
1640986140 27.21 67.24 58 4.087
1640986200 27.18 67.44 58 4.087
1640986260 27.21 67.62 52 4.087
1640986320 27.2 67.81 52 4.092
1640986380 27.15 67.95 52 4.087
1640986440 27.13 68.04 46 4.087
1640986500 27.13 68.19 46 4.087
1640986560 27.08 68.29 46 4.087
1640986620 27.07 68.34 46 4.087
1640986680 27.05 68.43 46 4.087
1640986740 27.04 68.55 46 4.087
1640986800 27.03 68.65 46 4.087
1640986860 27.01 68.76 46 4.087
1640986920 27.01 68.87 46 4.087
1640986980 26.96 69.04 46 4.087
1640987040 26.9 69.1 46 4.087
1640987100 26.83 69.24 46 4.087
1640987160 26.77 69.33 46 4.087
1640987220 26.73 69.46 46 4.087
1640987280 26.72 69.63 46 4.087
1640987340 26.72 69.71 40 4.092
1640987400 26.73 69.89 40 4.087
1640987460 26.69 70.01 40 4.087
1640987520 26.66 70.12 40 4.087
1640987580 26.66 70.28 40 4.087
1640987640 26.6 70.31 40 4.087
1640987700 26.63 70.41 34 4.087
1640987760 26.6 70.47 28 4.092
1640987820 26.54 70.54 22 4.082
1640987880 26.57 70.64 22 4.087
1640987940 26.5 70.72 16 4.087
1640988000 26.5 70.8 22 4.087
1640988060 26.44 70.82 22 4.087
1640988120 26.42 70.88 22 4.087
1640988180 26.4 70.93 22 4.087
1640988240 26.4 71.04 16 4.087
1640988300 26.35 71.14 16 4.087
1640988360 26.33 71.24 16 4.087
1640988420 26.25 71.32 16 4.087
1640988480 26.18 71.44 16 4.087
1640988540 26.16 71.58 16 4.087
1640988600 26.11 71.74 16 4.087
1640988660 26.03 71.88 10 4.087
1640988720 26.01 72.08 10 4.087
1640988780 25.92 72.22 10 4.087
1640988840 25.89 72.39 10 4.082
1640988900 25.85 72.53 10 4.087
1640988960 25.85 72.68 10 4.087
1640989020 25.85 72.83 10 4.087
1640989080 25.84 72.99 10 4.087
1640989140 25.82 73.16 4 4.087
1640989200 25.79 73.34 10 4.087
1640989260 25.78 73.48 10 4.087
1640989320 25.75 73.61 10 4.087
1640989380 25.71 73.72 10 4.087
1640989440 25.68 73.85 4 4.087
1640989500 25.65 73.97 4 4.087
1640989560 25.67 74.07 4 4.087
1640989620 25.65 74.22 10 4.087
1640989680 25.61 74.34 4 4.082
1640989740 25.58 74.48 4 4.087
1640989800 25.54 74.63 4 4.087
1640989860 25.52 74.79 4 4.087
1640989920 25.54 74.97 4 4.087
1640989980 25.51 75.12 4 4.082
1640990040 25.51 75.28 4 4.087
1640990100 25.49 75.41 4 4.087
1640990160 25.45 75.54 4 4.087
1640990220 25.44 75.66 4 4.087
1640990280 25.42 75.81 4 4.087
1640990340 25.38 75.91 4 4.087
1640990400 25.33 76 4 4.087
1640990460 25.31 76.11 4 4.087
1640990520 25.31 76.27 0 4.071
1640990580 25.3 76.42 4 4.087
1640990640 25.31 76.43 0 4.082
1640990700 25.31 76.56 0 4.087
1640990760 25.27 76.6 0 4.082
1640990820 25.24 76.67 4 4.087
1640990880 25.24 76.74 0 4.082
1640990940 25.24 76.84 0 4.087
1640991000 25.28 76.88 0 4.087
1640991060 25.24 76.96 0 4.082
1640991120 25.21 77 0 4.087
1640991180 25.23 77.05 0 4.087
1640991240 25.21 77.14 0 4.087
1640991300 25.17 77.21 0 4.082
1640991360 25.12 77.31 0 4.087
1640991420 25.09 77.38 0 4.076
1640991480 25.06 77.46 0 4.082
1640991540 25.04 77.56 0 4.082
1640991600 25.04 77.61 0 4.082
1640991660 25.02 77.68 0 4.087
1640991720 25.03 77.78 0 4.087
1640991780 24.96 77.85 0 4.082
1640991840 24.93 77.95 0 4.082
1640991900 24.9 78.02 0 4.082
1640991960 24.89 78.13 0 4.087
1640992020 24.89 78.26 0 4.082
1640992080 24.85 78.37 0 4.087
1640992140 24.82 78.43 0 4.087
1640992200 24.82 78.53 0 4.087
1640992260 24.82 78.67 0 4.087
1640992320 24.79 78.76 0 4.082
1640992380 24.76 78.9 0 4.082
1640992440 24.76 79.02 0 4.082
1640992500 24.77 79.12 0 4.082
1640992560 24.79 79.21 0 4.087
1640992620 24.8 79.27 0 4.082
1640992680 24.85 79.33 0 4.082
1640992740 24.83 79.43 0 4.087
1640992800 24.85 79.48 0 4.082
1640992860 24.86 79.54 0 4.082
1640992920 24.85 79.63 0 4.087
1640992980 24.83 79.66 0 4.082
1640993040 24.83 79.65 0 4.082
1640993100 24.83 79.74 0 4.082
1640993160 24.85 79.76 0 4.082
1640993220 24.8 79.79 0 4.082
1640993280 24.82 79.84 0 4.082
1640993340 24.83 79.87 0 4.082
1640993400 24.85 79.87 0 4.082
1640993460 24.83 79.91 0 4.082
1640993520 24.8 79.93 0 4.082
1640993580 24.8 79.99 0 4.082
1640993640 24.82 79.97 0 4.082
1640993700 24.82 80.01 0 4.082
1640993760 24.8 80.06 0 4.082
1640993820 24.79 80.09 0 4.082
1640993880 24.8 80.11 0 4.082
1640993940 24.79 80.16 0 4.082
1640994000 24.76 80.19 0 4.082
1640994060 24.75 80.2 0 4.082
1640994120 24.72 80.24 0 4.082
1640994180 24.72 80.25 0 4.082
1640994240 24.77 80.29 0 4.082
1640994300 24.77 80.27 0 4.082
1640994360 24.75 80.31 0 4.082
1640994420 24.73 80.4 0 4.082
1640994480 24.7 80.4 0 4.082
1640994540 24.7 80.41 0 4.082
1640994600 24.73 80.43 0 4.082
1640994660 24.7 80.45 0 4.082
1640994720 24.65 80.5 0 4.082
1640994780 24.61 80.58 0 4.082
1640994840 24.56 80.6 0 4.087
1640994900 24.52 80.68 0 4.082
1640994960 24.49 80.74 0 4.082
1640995020 24.45 80.83 0 4.082
1640995080 24.45 80.89 0 4.082
1640995140 24.4 80.95 0 4.082
1640995200 24.39 81.04 0 4.082
1640995260 24.38 81.11 0 4.082
1640995320 24.35 81.16 0 4.082
1640995380 24.32 81.22 0 4.082
1640995440 24.31 81.32 0 4.082
1640995500 24.28 81.38 0 4.082
1640995560 24.26 81.45 0 4.082
1640995620 24.23 81.55 0 4.082
1640995680 24.23 81.65 0 4.082
1640995740 24.19 81.77 0 4.082
1640995800 24.18 81.88 0 4.082
1640995860 24.18 81.96 0 4.082
1640995920 24.14 82.07 0 4.082
1640995980 24.14 82.11 0 4.082
1640996040 24.1 82.24 0 4.082
1640996100 24.08 82.32 0 4.082
1640996160 24.1 82.42 0 4.082
1640996220 24.1 82.52 0 4.082
1640996280 24.07 82.58 0 4.082
1640996340 24.08 82.69 0 4.082
1640996400 24.05 82.73 0 4.082
1640996460 24.05 82.83 0 4.082
1640996520 24.04 82.92 0 4.082
1640996580 23.98 82.98 0 4.082
1640996640 23.98 83.04 0 4.082
1640996700 23.95 83.11 0 4.082
1640996760 23.91 83.17 0 4.082
1640996820 23.91 83.26 0 4.076
1640996880 23.88 83.33 0 4.082
1640996940 23.85 83.45 0 4.082
1640997000 23.81 83.49 0 4.082
1640997060 23.81 83.57 0 4.082
1640997120 23.8 83.66 0 4.082
1640997180 23.78 83.73 0 4.082
1640997240 23.78 83.82 0 4.082
1640997300 23.78 83.91 0 4.076
1640997360 23.8 84.01 0 4.082
1640997420 23.75 84.09 0 4.082
1640997480 23.72 84.13 0 4.082
1640997540 23.71 84.19 0 4.082
1640997600 23.71 84.3 0 4.082
1640997660 23.74 84.37 0 4.076
1640997720 23.72 84.44 0 4.082
1640997780 23.71 84.5 0 4.082
1640997840 23.68 84.56 0 4.082
1640997900 23.67 84.57 0 4.076
1640997960 23.67 84.54 0 4.082
1640998020 23.63 84.47 0 4.082
1640998080 23.61 84.41 0 4.082
1640998140 23.64 84.39 0 4.082
1640998200 23.65 84.36 0 4.076
1640998260 23.61 84.27 0 4.082
1640998320 23.61 84.27 0 4.082
1640998380 23.6 84.22 0 4.082
1640998440 23.59 84.17 0 4.076
1640998500 23.59 84.14 0 4.076
1640998560 23.6 84.11 0 4.082
1640998620 23.54 84.11 0 4.076
1640998680 23.53 84.11 0 4.076
1640998740 23.51 84.09 0 4.076
1640998800 23.49 84.06 0 4.076
1640998860 23.49 84.05 0 4.076
1640998920 23.5 84.05 0 4.082
1640998980 23.47 84.03 0 4.076
1640999040 23.44 84 0 4.076
1640999100 23.44 83.92 0 4.076
1640999160 23.44 83.92 0 4.076
1640999220 23.44 83.84 0 4.082
1640999280 23.44 83.84 0 4.082
1640999340 23.44 83.81 0 4.082
1640999400 23.41 83.81 0 4.076
1640999460 23.41 83.76 0 4.082
1640999520 23.43 83.76 0 4.076
1640999580 23.43 83.69 0 4.076
1640999640 23.4 83.64 0 4.082
1640999700 23.41 83.58 0 4.076
1640999760 23.43 83.48 0 4.082
1640999820 23.39 83.45 0 4.082
1640999880 23.36 83.36 0 4.076
1640999940 23.36 83.29 0 4.082
1641000000 23.4 83.22 0 4.082
1641000060 23.36 83.12 0 4.076
1641000120 23.36 83.1 0 4.076
1641000180 23.36 83.04 0 4.076
1641000240 23.36 83.01 0 4.082
1641000300 23.36 82.93 0 4.082
1641000360 23.34 82.9 0 4.082
1641000420 23.36 82.84 0 4.076
1641000480 23.37 82.85 0 4.076
1641000540 23.37 82.81 0 4.076
1641000600 23.4 82.77 0 4.076
1641000660 23.37 82.74 0 4.082
1641000720 23.39 82.74 0 4.076
1641000780 23.36 82.71 0 4.076
1641000840 23.37 82.68 0 4.082
1641000900 23.34 82.63 0 4.076
1641000960 23.33 82.6 0 4.076
1641001020 23.31 82.56 0 4.082
1641001080 23.33 82.5 0 4.076
1641001140 23.36 82.47 0 4.082
1641001200 23.33 82.42 0 4.076
1641001260 23.29 82.42 0 4.082
1641001320 23.31 82.36 0 4.076
1641001380 23.3 82.36 0 4.076
1641001440 23.33 82.36 0 4.076
1641001500 23.31 82.34 0 4.076
1641001560 23.29 82.34 0 4.076
1641001620 23.3 82.28 0 4.076
1641001680 23.29 82.31 0 4.076
1641001740 23.31 82.36 0 4.076
1641001800 23.3 82.32 0 4.076
1641001860 23.3 82.36 0 4.076
1641001920 23.31 82.32 0 4.076
1641001980 23.3 82.39 0 4.076
1641002040 23.3 82.44 0 4.076
1641002100 23.29 82.53 0 4.076
1641002160 23.31 82.58 0 4.076
1641002220 23.27 82.68 0 4.076
1641002280 23.3 82.76 0 4.076
1641002340 23.27 82.84 0 4.076
1641002400 23.29 82.9 0 4.076
1641002460 23.26 82.94 0 4.076
1641002520 23.29 83.01 0 4.076
1641002580 23.24 83.02 0 4.076
1641002640 23.23 83 0 4.076
1641002700 23.2 83 0 4.076
1641002760 23.23 82.98 0 4.076
1641002820 23.24 82.97 0 4.076
1641002880 23.24 83.02 0 4.076
1641002940 23.23 83.04 0 4.076
1641003000 23.21 82.98 0 4.076
1641003060 23.24 82.98 0 4.076
1641003120 23.23 82.93 0 4.076
1641003180 23.21 82.98 0 4.076
1641003240 23.21 82.89 0 4.076
1641003300 23.24 82.85 0 4.076
1641003360 23.26 82.79 0 4.076
1641003420 23.24 82.74 0 4.076
1641003480 23.27 82.7 0 4.076
1641003540 23.29 82.67 0 4.076
1641003600 23.34 82.68 0 4.076
1641003660 23.36 82.69 0 4.076
1641003720 23.34 82.67 0 4.076
1641003780 23.39 82.65 0 4.076
1641003840 23.39 82.61 0 4.076
1641003900 23.39 82.63 0 4.076
1641003960 23.36 82.63 0 4.071
1641004020 23.36 82.62 0 4.071
1641004080 23.37 82.65 0 4.076
1641004140 23.34 82.65 0 4.076
1641004200 23.36 82.76 0 4.076
1641004260 23.34 82.74 0 4.071
1641004320 23.34 82.72 0 4.076
1641004380 23.34 82.68 0 4.076
1641004440 23.33 82.68 0 4.076
1641004500 23.33 82.6 0 4.076
1641004560 23.33 82.6 0 4.076
1641004620 23.34 82.54 0 4.076
1641004680 23.31 82.58 0 4.076
1641004740 23.31 82.55 0 4.076
1641004800 23.31 82.58 0 4.076
1641004860 23.29 82.52 0 4.076
1641004920 23.27 82.44 0 4.071
1641004980 23.24 82.35 0 4.071
1641005040 23.24 82.15 0 4.076
1641005100 23.21 82.02 0 4.076
1641005160 23.23 81.88 0 4.076
1641005220 23.2 81.72 0 4.076
1641005280 23.2 81.57 0 4.076
1641005340 23.2 81.46 0 4.076
1641005400 23.2 81.39 0 4.076
1641005460 23.19 81.27 0 4.071
1641005520 23.19 81.13 0 4.076
1641005580 23.19 81.04 0 4.076
1641005640 23.17 80.93 0 4.076
1641005700 23.17 80.86 0 4.076
1641005760 23.17 80.77 0 4.076
1641005820 23.21 80.65 0 4.071
1641005880 23.2 80.58 0 4.076
1641005940 23.19 80.51 0 4.076
1641006000 23.23 80.43 0 4.071
1641006060 23.23 80.37 0 4.076
1641006120 23.24 80.28 0 4.076
1641006180 23.27 80.24 0 4.076
1641006240 23.3 80.16 0 4.076
1641006300 23.31 80.11 0 4.071
1641006360 23.33 80.05 0 4.076
1641006420 23.34 79.98 0 4.071
1641006480 23.39 79.98 0 4.076
1641006540 23.41 79.94 0 4.071
1641006600 23.41 79.9 0 4.076
1641006660 23.41 79.92 0 4.076
1641006720 23.41 79.9 0 4.071
1641006780 23.41 79.86 0 4.071
1641006840 23.41 79.9 0 4.076
1641006900 23.4 79.87 0 4.071
1641006960 23.39 79.88 0 4.076
1641007020 23.37 79.87 0 4.071
1641007080 23.39 79.87 0 4.071
1641007140 23.37 79.86 0 4.071
1641007200 23.39 79.84 0 4.071
1641007260 23.37 79.86 0 4.076
1641007320 23.37 79.91 0 4.076
1641007380 23.33 79.95 0 4.071
1641007440 23.33 79.99 0 4.071
1641007500 23.31 80.04 0 4.071
1641007560 23.26 80.09 0 4.076
1641007620 23.26 80.15 0 4.071
1641007680 23.19 80.22 0 4.071
1641007740 23.19 80.3 0 4.071
1641007800 23.17 80.36 0 4.076
1641007860 23.13 80.44 0 4.071
1641007920 23.12 80.48 0 4.076
1641007980 23.12 80.62 0 4.071
1641008040 23.09 80.69 0 4.076
1641008100 23.07 80.79 0 4.071
1641008160 23.05 80.91 0 4.076
1641008220 23.03 81.05 0 4.071
1641008280 22.99 81.17 0 4.076
1641008340 22.99 81.31 0 4.076
1641008400 22.96 81.43 0 4.076
1641008460 22.92 81.55 0 4.071
1641008520 22.89 81.69 0 4.071
1641008580 22.88 81.82 0 4.071
1641008640 22.88 81.98 0 4.071
1641008700 22.86 82.1 0 4.076
1641008760 22.86 82.2 0 4.071
1641008820 22.86 82.32 0 4.071
1641008880 22.85 82.38 0 4.071
1641008940 22.85 82.53 0 4.071
1641009000 22.82 82.56 0 4.071
1641009060 22.82 82.71 0 4.071
1641009120 22.8 82.76 0 4.076
1641009180 22.78 82.86 0 4.076
1641009240 22.79 82.99 0 4.071
1641009300 22.76 83.04 0 4.071
1641009360 22.72 83.1 0 4.076
1641009420 22.75 83.26 0 4.071
1641009480 22.69 83.35 0 4.071
1641009540 22.69 83.45 0 4.076
1641009600 22.68 83.59 0 4.076
1641009660 22.65 83.65 0 4.071
1641009720 22.65 83.71 0 4.076
1641009780 22.62 83.74 0 4.071
1641009840 22.61 83.77 0 4.076
1641009900 22.59 83.84 0 4.071
1641009960 22.58 83.94 0 4.071
1641010020 22.58 83.99 0 4.071
1641010080 22.58 84.09 0 4.076
1641010140 22.58 84.11 0 4.071
1641010200 22.56 84.21 0 4.071
1641010260 22.55 84.27 0 4.071
1641010320 22.52 84.3 0 4.071
1641010380 22.54 84.26 0 4.071
1641010440 22.59 84.21 0 4.071
1641010500 22.61 84.15 0 4.071
1641010560 22.58 84.1 0 4.071
1641010620 22.55 84.05 0 4.071
1641010680 22.55 83.96 0 4.071
1641010740 22.55 83.92 0 4.071
1641010800 22.55 83.9 0 4.071
1641010860 22.51 83.82 0 4.071
1641010920 22.51 83.78 0 4.071
1641010980 22.46 83.77 0 4.076
1641011040 22.42 83.71 0 4.071
1641011100 22.42 83.74 0 4.071
1641011160 22.42 83.73 0 4.076
1641011220 22.39 83.72 0 4.071
1641011280 22.38 83.71 0 4.071
1641011340 22.36 83.68 0 4.071
1641011400 22.35 83.61 0 4.071
1641011460 22.32 83.59 0 4.071
1641011520 22.31 83.59 0 4.071
1641011580 22.32 83.55 0 4.071
1641011640 22.3 83.49 0 4.071
1641011700 22.3 83.5 0 4.071
1641011760 22.27 83.44 0 4.071
1641011820 22.28 83.43 0 4.071
1641011880 22.28 83.4 0 4.071
1641011940 22.28 83.36 0 4.071
1641012000 22.25 83.32 0 4.071
1641012060 22.25 83.32 0 4.071
1641012120 22.22 83.29 0 4.071
1641012180 22.22 83.3 0 4.071
1641012240 22.19 83.26 0 4.071
1641012300 22.19 83.3 0 4.071
1641012360 22.19 83.31 0 4.071
1641012420 22.19 83.33 0 4.071
1641012480 22.21 83.4 0 4.071
1641012540 22.19 83.37 0 4.071
1641012600 22.19 83.36 0 4.071
1641012660 22.21 83.43 0 4.071
1641012720 22.22 83.43 0 4.071
1641012780 22.18 83.47 0 4.071
1641012840 22.18 83.5 0 4.071
1641012900 22.18 83.53 0 4.071
1641012960 22.14 83.56 0 4.071
1641013020 22.14 83.59 0 4.071
1641013080 22.14 83.65 0 4.071
1641013140 22.11 83.67 0 4.071
