1645851600 23.41 79.8 0 4.103
1645851660 23.39 79.81 0 4.103
1645851720 23.41 79.85 0 4.108
1645851780 23.39 79.87 0 4.103
1645851840 23.4 79.91 0 4.103
1645851900 23.37 79.93 0 4.108
1645851960 23.37 79.92 0 4.103
1645852020 23.39 79.94 0 4.103
1645852080 23.37 79.96 0 4.103
1645852140 23.41 79.99 0 4.103
1645852200 23.4 80 0 4.108
1645852260 23.44 80.04 0 4.103
1645852320 23.44 80.02 0 4.103
1645852380 23.44 80.03 0 4.103
1645852440 23.47 80.03 0 4.103
1645852500 23.49 80.05 0 4.103
1645852560 23.5 80.05 0 4.103
1645852620 23.49 80.04 0 4.103
1645852680 23.51 80.03 0 4.103
1645852740 23.5 80.05 0 4.103
1645852800 23.51 80.04 0 4.103
1645852860 23.51 80.03 0 4.103
1645852920 23.51 80 0 4.108
1645852980 23.56 79.99 0 4.103
1645853040 23.51 80.03 0 4.103
1645853100 23.56 80.02 0 4.108
1645853160 23.51 79.99 0 4.103
1645853220 23.5 79.99 0 4.103
1645853280 23.51 79.99 0 4.103
1645853340 23.51 80.01 0 4.103
1645853400 23.47 79.99 0 4.103
1645853460 23.47 80.02 0 4.103
1645853520 23.44 80.03 0 4.103
1645853580 23.41 80.05 0 4.103
1645853640 23.4 80.06 0 4.103
1645853700 23.4 80.1 0 4.103
1645853760 23.36 80.1 0 4.103
1645853820 23.36 80.15 0 4.103
1645853880 23.31 80.15 0 4.103
1645853940 23.31 80.17 0 4.103
1645854000 23.29 80.16 0 4.103
1645854060 23.29 80.2 0 4.103
1645854120 23.27 80.24 0 4.103
1645854180 23.27 80.23 0 4.103
1645854240 23.23 80.26 0 4.103
1645854300 23.23 80.25 0 4.103
1645854360 23.2 80.26 0 4.103
1645854420 23.2 80.22 0 4.103
1645854480 23.17 80.25 0 4.103
1645854540 23.17 80.28 0 4.103
1645854600 23.17 80.26 0 4.103
1645854660 23.16 80.31 0 4.103
1645854720 23.14 80.33 0 4.103
1645854780 23.13 80.36 0 4.103
1645854840 23.13 80.38 0 4.103
1645854900 23.13 80.43 0 4.103
1645854960 23.07 80.49 0 4.098
1645855020 23.03 80.57 0 4.103
1645855080 23.02 80.61 0 4.103
1645855140 23 80.67 0 4.103
1645855200 22.97 80.74 0 4.103
1645855260 22.95 80.81 0 4.103
1645855320 22.93 80.86 0 4.103
1645855380 22.88 80.93 0 4.103
1645855440 22.85 81.01 0 4.103
1645855500 22.83 81.12 0 4.103
1645855560 22.8 81.15 0 4.103
1645855620 22.78 81.22 0 4.103
1645855680 22.76 81.3 0 4.103
1645855740 22.76 81.42 0 4.103
1645855800 22.76 81.48 0 4.103
1645855860 22.78 81.54 0 4.103
1645855920 22.75 81.61 0 4.103
1645855980 22.73 81.67 0 4.103
1645856040 22.73 81.75 0 4.098
1645856100 22.75 81.79 0 4.103
1645856160 22.73 81.85 0 4.103
1645856220 22.73 81.89 0 4.103
1645856280 22.7 81.95 0 4.103
1645856340 22.7 82.01 0 4.103
1645856400 22.7 82.05 0 4.103
1645856460 22.65 82.12 0 4.103
1645856520 22.65 82.16 0 4.103
1645856580 22.63 82.16 0 4.103
1645856640 22.65 82.22 0 4.103
1645856700 22.65 82.23 0 4.103
1645856760 22.62 82.26 0 4.092
1645856820 22.62 82.26 0 4.098
1645856880 22.63 82.29 0 4.103
1645856940 22.62 82.32 0 4.103
1645857000 22.62 82.29 0 4.103
1645857060 22.62 82.29 0 4.103
1645857120 22.62 82.31 0 4.098
1645857180 22.58 82.27 0 4.103
1645857240 22.62 82.28 0 4.098
1645857300 22.61 82.32 0 4.103
1645857360 22.62 82.33 0 4.103
1645857420 22.59 82.32 0 4.103
1645857480 22.61 82.33 0 4.098
1645857540 22.59 82.38 0 4.103
1645857600 22.59 82.38 0 4.103
1645857660 22.59 82.39 0 4.092
1645857720 22.59 82.42 0 4.098
1645857780 22.56 82.46 0 4.103
1645857840 22.54 82.5 0 4.098
1645857900 22.54 82.53 0 4.098
1645857960 22.51 82.57 0 4.098
1645858020 22.46 82.62 0 4.103
1645858080 22.44 82.68 0 4.103
1645858140 22.42 82.71 0 4.098
1645858200 22.45 82.73 0 4.103
1645858260 22.42 82.79 0 4.098
1645858320 22.45 82.78 0 4.103
1645858380 22.44 82.85 0 4.098
1645858440 22.46 82.87 0 4.103
1645858500 22.46 82.92 0 4.098
1645858560 22.44 82.91 0 4.098
1645858620 22.44 82.92 0 4.098
1645858680 22.44 82.98 0 4.103
1645858740 22.42 82.99 0 4.098
1645858800 22.44 83.02 0 4.098
1645858860 22.45 83.05 0 4.103
1645858920 22.46 83.08 0 4.098
1645858980 22.49 83.1 0 4.103
1645859040 22.51 83.16 0 4.098
1645859100 22.51 83.16 0 4.103
1645859160 22.49 83.22 0 4.098
1645859220 22.51 83.25 0 4.103
1645859280 22.59 83.27 0 4.103
1645859340 22.55 83.28 0 4.103
1645859400 22.55 83.3 0 4.098
1645859460 22.55 83.34 0 4.092
1645859520 22.55 83.38 0 4.098
1645859580 22.52 83.37 0 4.098
1645859640 22.54 83.4 0 4.103
1645859700 22.54 83.43 0 4.098
1645859760 22.49 83.41 0 4.098
1645859820 22.48 83.44 0 4.103
1645859880 22.49 83.45 0 4.098
1645859940 22.49 83.52 0 4.098
1645860000 22.45 83.5 0 4.098
1645860060 22.44 83.54 0 4.098
1645860120 22.45 83.51 0 4.098
1645860180 22.44 83.58 0 4.098
1645860240 22.44 83.58 0 4.098
1645860300 22.45 83.61 0 4.098
1645860360 22.45 83.63 0 4.098
1645860420 22.45 83.63 0 4.098
1645860480 22.46 83.67 0 4.098
1645860540 22.46 83.66 0 4.098
1645860600 22.49 83.72 0 4.098
1645860660 22.49 83.69 0 4.098
1645860720 22.48 83.74 0 4.098
1645860780 22.46 83.71 0 4.098
1645860840 22.48 83.75 0 4.098
1645860900 22.45 83.76 0 4.098
1645860960 22.48 83.78 0 4.098
1645861020 22.49 83.79 0 4.098
1645861080 22.51 83.79 0 4.098
1645861140 22.48 83.79 0 4.098
1645861200 22.48 83.79 0 4.098
1645861260 22.48 83.82 0 4.098
1645861320 22.46 83.83 0 4.098
1645861380 22.48 83.8 0 4.098
1645861440 22.49 83.83 0 4.098
1645861500 22.51 83.83 0 4.098
1645861560 22.54 83.82 0 4.098
1645861620 22.55 83.79 0 4.103
1645861680 22.56 83.79 0 4.098
1645861740 22.62 83.72 0 4.098
1645861800 22.65 83.71 0 4.098
1645861860 22.69 83.65 0 4.098
1645861920 22.69 83.59 0 4.098
1645861980 22.69 83.53 0 4.098
1645862040 22.69 83.46 0 4.098
1645862100 22.7 83.42 0 4.098
1645862160 22.72 83.37 0 4.087
1645862220 22.69 83.3 0 4.092
1645862280 22.69 83.24 0 4.098
1645862340 22.73 83.21 0 4.092
1645862400 22.72 83.11 0 4.098
1645862460 22.72 83.05 0 4.098
1645862520 22.75 82.97 0 4.098
1645862580 22.79 82.91 0 4.098
1645862640 22.79 82.83 0 4.098
1645862700 22.78 82.77 0 4.098
1645862760 22.86 82.68 0 4.098
1645862820 22.9 82.6 0 4.098
1645862880 22.88 82.5 0 4.098
1645862940 22.86 82.43 0 4.098
1645863000 22.76 82.42 0 4.098
1645863060 22.66 82.38 0 4.098
1645863120 22.62 82.4 0 4.098
1645863180 22.52 82.41 0 4.098
1645863240 22.51 82.5 0 4.098
1645863300 22.48 82.54 0 4.098
1645863360 22.42 82.59 0 4.098
1645863420 22.35 82.63 0 4.098
1645863480 22.32 82.74 0 4.098
1645863540 22.28 82.8 0 4.092
1645863600 22.22 82.87 0 4.098
1645863660 22.16 82.94 0 4.098
1645863720 22.11 83.02 0 4.098
1645863780 22.08 83.11 0 4.098
1645863840 22.05 83.22 0 4.098
1645863900 22.01 83.28 0 4.098
1645863960 22 83.37 0 4.092
1645864020 21.98 83.49 0 4.098
1645864080 21.97 83.63 0 4.092
1645864140 21.95 83.68 0 4.098
1645864200 21.94 83.79 0 4.098
1645864260 21.94 83.89 0 4.098
1645864320 21.91 83.98 0 4.098
1645864380 21.94 84.06 0 4.092
1645864440 21.94 84.17 0 4.092
1645864500 21.95 84.23 0 4.092
1645864560 21.97 84.31 0 4.098
1645864620 21.94 84.36 0 4.098
1645864680 21.98 84.42 0 4.098
1645864740 21.95 84.5 0 4.098
1645864800 22.01 84.56 0 4.098
1645864860 22.01 84.59 0 4.092
1645864920 22.03 84.68 0 4.098
1645864980 22.03 84.71 0 4.098
1645865040 22.03 84.73 0 4.098
1645865100 22.05 84.79 0 4.092
1645865160 22.08 84.77 0 4.098
1645865220 22.11 84.83 0 4.092
1645865280 22.12 84.85 0 4.098
1645865340 22.12 84.82 0 4.098
1645865400 22.16 84.83 0 4.092
1645865460 22.16 84.82 0 4.092
1645865520 22.18 84.82 0 4.098
1645865580 22.15 84.81 0 4.098
1645865640 22.18 84.82 0 4.092
1645865700 22.16 84.85 0 4.092
1645865760 22.14 84.8 0 4.092
1645865820 22.15 84.8 0 4.092
1645865880 22.15 84.8 0 4.092
1645865940 22.15 84.81 0 4.092
1645866000 22.14 84.8 0 4.092
1645866060 22.12 84.8 0 4.092
1645866120 22.15 84.77 0 4.098
1645866180 22.15 84.78 0 4.098
1645866240 22.15 84.82 0 4.092
1645866300 22.12 84.76 0 4.092
1645866360 22.15 84.81 0 4.092
1645866420 22.14 84.82 0 4.098
1645866480 22.12 84.82 0 4.092
1645866540 22.1 84.83 0 4.092
1645866600 22.11 84.85 0 4.098
1645866660 22.1 84.85 0 4.092
1645866720 22.05 84.89 0 4.092
1645866780 22.07 84.87 0 4.092
1645866840 22.04 84.87 0 4.092
1645866900 22.05 84.91 0 4.092
1645866960 22.05 84.93 0 4.098
1645867020 22.04 84.92 0 4.092
1645867080 22.04 84.96 0 4.098
1645867140 22.03 84.97 0 4.098
1645867200 22.04 84.99 0 4.092
1645867260 22 85.01 0 4.092
1645867320 22.08 85.04 0 4.098
1645867380 22.11 85.06 0 4.092
1645867440 22.08 85.04 0 4.092
1645867500 22.08 85.13 0 4.092
1645867560 22.07 85.11 0 4.092
1645867620 22.07 85.13 0 4.092
1645867680 22.1 85.14 0 4.092
1645867740 22.12 85.15 0 4.092
1645867800 22.12 85.16 0 4.092
1645867860 22.12 85.18 0 4.092
1645867920 22.1 85.18 0 4.092
1645867980 22.08 85.22 0 4.092
1645868040 22.05 85.25 0 4.092
1645868100 22.04 85.27 0 4.098
1645868160 22.05 85.28 0 4.098
1645868220 22.07 85.3 0 4.092
1645868280 22.03 85.33 0 4.092
1645868340 22.03 85.32 0 4.092
1645868400 22.03 85.39 0 4.092
1645868460 22.04 85.4 0 4.092
1645868520 22.04 85.44 0 4.092
1645868580 22.03 85.42 0 4.092
1645868640 22.03 85.49 0 4.092
1645868700 22.05 85.49 0 4.092
1645868760 22.01 85.53 0 4.092
1645868820 22.01 85.56 0 4.092
1645868880 22 85.59 0 4.092
1645868940 22 85.59 0 4.092
1645869000 22.01 85.64 0 4.092
1645869060 22 85.68 0 4.092
1645869120 22 85.67 0 4.092
1645869180 22 85.68 0 4.092
1645869240 21.98 85.77 0 4.092
1645869300 21.98 85.78 0 4.092
1645869360 21.97 85.8 0 4.092
1645869420 22 85.8 0 4.092
1645869480 21.97 85.85 0 4.092
1645869540 21.97 85.86 0 4.092
1645869600 21.97 85.9 0 4.092
1645869660 21.95 85.88 0 4.092
1645869720 21.93 85.94 0 4.092
1645869780 21.94 85.98 0 4.092
1645869840 21.93 86.01 0 4.092
1645869900 21.9 86.03 0 4.092
1645869960 21.88 86.08 0 4.092
1645870020 21.87 86.07 0 4.092
1645870080 21.85 86.12 0 4.092
1645870140 21.88 86.16 0 4.092
1645870200 21.9 86.17 0 4.092
1645870260 21.9 86.24 0 4.092
1645870320 21.87 86.25 0 4.087
1645870380 21.93 86.27 0 4.087
1645870440 21.9 86.25 0 4.092
1645870500 21.9 86.29 0 4.092
1645870560 21.9 86.33 0 4.092
1645870620 21.88 86.36 0 4.087
1645870680 21.85 86.35 0 4.092
1645870740 21.85 86.37 0 4.092
1645870800 21.83 86.4 0 4.092
1645870860 21.85 86.44 0 4.092
1645870920 21.83 86.45 0 4.092
1645870980 21.83 86.48 0 4.092
1645871040 21.81 86.52 0 4.092
1645871100 21.81 86.52 0 4.092
1645871160 21.8 86.59 0 4.092
1645871220 21.77 86.63 0 4.087
1645871280 21.73 86.65 0 4.092
1645871340 21.74 86.7 0 4.092
1645871400 21.7 86.79 0 4.092
1645871460 21.71 86.81 0 4.092
1645871520 21.65 86.86 0 4.092
1645871580 21.67 86.94 0 4.092
1645871640 21.63 87 0 4.092
1645871700 21.61 87.08 0 4.092
1645871760 21.56 87.1 0 4.092
1645871820 21.54 87.22 0 4.092
1645871880 21.52 87.27 0 4.092
1645871940 21.47 87.28 0 4.092
1645872000 21.49 87.33 0 4.092
1645872060 21.49 87.41 0 4.087
1645872120 21.47 87.49 0 4.087
1645872180 21.46 87.54 0 4.092
1645872240 21.43 87.59 0 4.087
1645872300 21.44 87.66 0 4.087
1645872360 21.4 87.69 0 4.092
1645872420 21.42 87.74 0 4.092
1645872480 21.39 87.78 0 4.092
1645872540 21.34 87.82 0 4.092
1645872600 21.34 87.87 0 4.092
1645872660 21.3 87.9 0 4.092
1645872720 21.34 87.98 0 4.092
1645872780 21.32 88.04 0 4.087
1645872840 21.3 88.04 0 4.092
1645872900 21.29 88.11 0 4.087
1645872960 21.28 88.14 0 4.087
1645873020 21.26 88.21 0 4.092
1645873080 21.25 88.24 0 4.092
1645873140 21.2 88.3 0 4.092
1645873200 21.23 88.34 0 4.092
1645873260 21.23 88.4 0 4.092
1645873320 21.2 88.46 0 4.092
1645873380 21.2 88.5 0 4.092
1645873440 21.16 88.56 0 4.092
1645873500 21.16 88.62 0 4.092
1645873560 21.18 88.65 0 4.092
1645873620 21.16 88.69 0 4.087
1645873680 21.16 88.76 0 4.092
1645873740 21.14 88.79 0 4.092
1645873800 21.12 88.9 0 4.092
1645873860 21.12 88.89 0 4.092
1645873920 21.09 88.93 0 4.087
1645873980 21.05 88.98 0 4.092
1645874040 21.06 89.05 0 4.092
1645874100 21.05 89.1 0 4.087
1645874160 21.1 89.2 0 4.087
1645874220 21.09 89.2 0 4.087
1645874280 21.06 89.25 0 4.087
1645874340 21.06 89.28 0 4.087
1645874400 21.02 89.29 0 4.092
1645874460 20.99 89.31 0 4.087
1645874520 20.98 89.38 0 4.087
1645874580 20.96 89.36 0 4.087
1645874640 20.9 89.39 0 4.087
1645874700 20.9 89.43 0 4.087
1645874760 20.89 89.47 0 4.087
1645874820 20.89 89.5 0 4.087
1645874880 20.85 89.5 0 4.092
1645874940 20.83 89.58 0 4.092
1645875000 20.83 89.59 0 4.087
1645875060 20.86 89.62 0 4.092
1645875120 20.83 89.67 0 4.092
1645875180 20.83 89.68 0 4.087
1645875240 20.83 89.72 0 4.087
1645875300 20.86 89.76 0 4.087
1645875360 20.82 89.76 0 4.087
1645875420 20.83 89.83 0 4.092
1645875480 20.85 89.85 0 4.087
1645875540 20.83 89.87 0 4.087
1645875600 20.83 89.9 0 4.092
1645875660 20.83 89.93 0 4.087
1645875720 20.88 89.98 0 4.087
1645875780 20.83 89.97 0 4.087
1645875840 20.85 90.03 0 4.087
1645875900 20.85 90.02 4 4.087
1645875960 20.83 90.07 0 4.087
1645876020 20.85 90.08 0 4.087
1645876080 20.86 90.11 4 4.087
1645876140 20.86 90.14 0 4.087
1645876200 20.86 90.15 0 4.087
1645876260 20.85 90.13 4 4.092
1645876320 20.83 90.15 4 4.092
1645876380 20.82 90.2 0 4.087
1645876440 20.82 90.23 4 4.092
1645876500 20.82 90.25 4 4.087
1645876560 20.82 90.28 4 4.087
1645876620 20.81 90.3 4 4.087
1645876680 20.82 90.31 4 4.087
1645876740 20.78 90.3 4 4.087
1645876800 20.75 90.35 4 4.092
1645876860 20.77 90.38 4 4.087
1645876920 20.78 90.45 10 4.087
1645876980 20.74 90.43 10 4.087
1645877040 20.71 90.42 10 4.087
1645877100 20.71 90.48 10 4.087
1645877160 20.74 90.47 16 4.087
1645877220 20.83 90.49 16 4.087
1645877280 20.86 90.49 16 4.092
1645877340 20.88 90.49 16 4.087
1645877400 20.89 90.5 16 4.087
1645877460 20.9 90.48 22 4.087
1645877520 20.95 90.5 28 4.087
1645877580 21.02 90.48 28 4.092
1645877640 21.03 90.46 28 4.087
1645877700 21.09 90.44 28 4.087
1645877760 21.1 90.43 28 4.087
1645877820 21.1 90.37 34 4.087
1645877880 21.12 90.35 34 4.087
1645877940 21.16 90.3 34 4.087
1645878000 21.2 90.29 40 4.087
1645878060 21.22 90.27 40 4.087
1645878120 21.2 90.24 40 4.087
1645878180 21.25 90.17 40 4.087
1645878240 21.29 90.13 46 4.087
1645878300 21.32 90.11 46 4.087
1645878360 21.36 90.03 46 4.087
1645878420 21.37 90 46 4.087
1645878480 21.42 89.96 46 4.087
1645878540 21.46 89.89 46 4.087
1645878600 21.5 89.83 46 4.087
1645878660 21.54 89.75 52 4.087
1645878720 21.56 89.69 58 4.087
1645878780 21.6 89.67 58 4.087
1645878840 21.64 89.58 64 4.087
1645878900 21.73 89.52 64 4.087
1645878960 21.71 89.42 64 4.087
1645879020 21.76 89.36 70 4.087
1645879080 21.84 89.27 70 4.087
1645879140 21.87 89.19 76 4.087
1645879200 21.98 89.1 76 4.087
1645879260 21.98 89.01 76 4.087
1645879320 22.04 88.88 82 4.087
1645879380 22.12 88.77 82 4.087
1645879440 22.16 88.67 88 4.087
1645879500 22.18 88.55 88 4.087
1645879560 22.24 88.44 94 4.087
1645879620 22.27 88.27 94 4.087
1645879680 22.35 88.15 100 4.087
1645879740 22.45 88.02 100 4.087
1645879800 22.48 87.87 100 4.087
1645879860 22.54 87.73 106 4.087
1645879920 22.52 87.54 106 4.087
1645879980 22.55 87.49 106 4.087
1645880040 22.51 87.29 100 4.087
1645880100 22.48 87.18 100 4.087
1645880160 22.46 87.02 100 4.087
1645880220 22.48 86.86 94 4.087
1645880280 22.56 86.72 94 4.087
1645880340 22.61 86.59 88 4.087
1645880400 22.68 86.44 82 4.087
1645880460 22.7 86.29 82 4.087
1645880520 22.79 86.17 76 4.087
1645880580 22.83 85.99 70 4.087
1645880640 22.88 85.82 58 4.087
1645880700 22.92 85.61 64 4.087
1645880760 22.96 85.46 64 4.087
1645880820 22.93 85.31 70 4.082
1645880880 22.93 85.17 70 4.087
1645880940 22.96 84.97 76 4.087
1645881000 22.99 84.85 70 4.087
1645881060 23.02 84.66 76 4.087
1645881120 22.99 84.51 76 4.087
1645881180 23 84.39 76 4.087
1645881240 23.02 84.26 82 4.087
1645881300 23.05 84.12 82 4.087
1645881360 23.05 83.95 82 4.087
1645881420 23.07 83.88 82 4.087
1645881480 23.09 83.78 76 4.087
1645881540 23.14 83.61 82 4.087
1645881600 23.14 83.53 82 4.087
1645881660 23.21 83.43 82 4.087
1645881720 23.17 83.31 82 4.087
1645881780 23.19 83.12 88 4.087
1645881840 23.23 83.02 88 4.087
1645881900 23.29 82.9 88 4.087
1645881960 23.31 82.78 88 4.087
1645882020 23.34 82.71 88 4.087
1645882080 23.29 82.52 94 4.087
1645882140 23.34 82.33 94 4.087
1645882200 23.4 82.14 94 4.087
1645882260 23.43 81.94 94 4.087
1645882320 23.47 81.74 94 4.087
1645882380 23.5 81.52 94 4.087
1645882440 23.57 81.31 94 4.087
1645882500 23.64 81.08 100 4.087
1645882560 23.68 80.88 100 4.087
1645882620 23.74 80.66 100 4.082
1645882680 23.72 80.44 100 4.082
1645882740 23.82 80.24 100 4.087
1645882800 23.85 80 100 4.087
1645882860 23.88 79.87 100 4.082
1645882920 23.94 79.7 106 4.087
1645882980 23.95 79.57 106 4.087
1645883040 24.01 79.45 106 4.082
1645883100 24.01 79.35 106 4.087
1645883160 24 79.29 106 4.087
1645883220 24.02 79.22 106 4.087
1645883280 24.11 79.15 106 4.087
1645883340 24.14 79.11 106 4.082
1645883400 24.12 79.04 112 4.087
1645883460 24.15 79.01 112 4.087
1645883520 24.18 78.98 112 4.087
1645883580 24.21 78.97 112 4.087
1645883640 24.26 78.9 118 4.087
1645883700 24.26 78.87 118 4.087
1645883760 24.32 78.8 118 4.087
1645883820 24.29 78.79 118 4.087
1645883880 24.35 78.73 118 4.087
1645883940 24.36 78.65 118 4.087
1645884000 24.33 78.53 118 4.087
1645884060 24.33 78.44 118 4.087
1645884120 24.36 78.34 118 4.087
1645884180 24.43 78.21 118 4.087
1645884240 24.45 78.13 118 4.082
1645884300 24.48 77.96 118 4.087
1645884360 24.52 77.87 118 4.087
1645884420 24.52 77.69 118 4.087
1645884480 24.53 77.56 118 4.087
1645884540 24.56 77.41 118 4.087
1645884600 24.59 77.26 118 4.087
1645884660 24.59 77.09 124 4.087
1645884720 24.65 76.92 124 4.087
1645884780 24.61 76.78 124 4.087
1645884840 24.59 76.59 124 4.087
1645884900 24.66 76.36 124 4.087
1645884960 24.75 76.19 124 4.082
1645885020 24.72 76 131 4.087
1645885080 24.65 75.78 131 4.087
1645885140 24.69 75.6 131 4.087
1645885200 24.73 75.44 131 4.087
1645885260 24.72 75.26 131 4.087
1645885320 24.7 75.12 131 4.087
1645885380 24.73 74.94 137 4.087
1645885440 24.8 74.84 131 4.087
1645885500 24.83 74.67 131 4.087
1645885560 24.87 74.52 131 4.087
1645885620 24.94 74.39 137 4.087
1645885680 25.03 74.23 137 4.087
1645885740 25.04 74.08 137 4.087
1645885800 25.04 73.88 137 4.087
1645885860 25.02 73.71 137 4.087
1645885920 25.04 73.55 137 4.087
1645885980 25.04 73.37 137 4.087
1645886040 25.07 73.26 137 4.087
1645886100 25.12 73.17 143 4.087
1645886160 25.17 73.02 149 4.087
1645886220 25.3 72.91 155 4.087
1645886280 25.42 72.79 149 4.087
1645886340 25.49 72.69 143 4.087
1645886400 25.54 72.55 143 4.087
1645886460 25.58 72.42 143 4.087
1645886520 25.67 72.3 149 4.087
1645886580 25.61 72.1 161 4.087
1645886640 25.63 71.95 221 4.087
1645886700 25.54 71.79 245 4.087
1645886760 25.64 71.67 287 4.087
1645886820 25.75 71.53 269 4.087
1645886880 25.77 71.37 257 4.087
1645886940 25.87 71.2 185 4.087
1645887000 25.88 71.11 161 4.082
1645887060 25.85 70.89 161 4.087
1645887120 25.99 70.8 167 4.087
1645887180 26.03 70.63 167 4.087
1645887240 26.11 70.48 161 4.087
1645887300 26.21 70.37 161 4.087
1645887360 26.38 70.23 167 4.087
1645887420 26.47 70.11 185 4.087
1645887480 26.56 69.95 173 4.087
1645887540 26.6 69.8 173 4.087
1645887600 26.62 69.63 185 4.092
1645887660 26.63 69.39 251 4.087
1645887720 26.62 69.2 299 4.087
1645887780 26.57 69.04 227 4.087
1645887840 26.52 68.83 239 4.087
1645887900 26.49 68.67 245 4.087
1645887960 26.47 68.46 311 4.092
1645888020 26.57 68.29 341 4.087
1645888080 26.7 68.05 233 4.087
1645888140 26.83 67.87 215 4.087
1645888200 26.73 67.67 269 4.087
1645888260 26.86 67.44 251 4.087
1645888320 27.01 67.28 245 4.087
1645888380 27.05 67.03 281 4.087
1645888440 27.08 66.84 299 4.092
1645888500 27.17 66.67 185 4.087
1645888560 27.2 66.47 167 4.087
1645888620 27 66.29 167 4.092
1645888680 26.94 66.16 167 4.087
1645888740 27.04 65.99 173 4.087
1645888800 27.08 65.87 179 4.092
1645888860 27.15 65.76 179 4.087
1645888920 27.25 65.66 179 4.087
1645888980 27.33 65.59 173 4.087
1645889040 27.33 65.45 173 4.087
1645889100 27.34 65.39 215 4.087
1645889160 27.31 65.25 209 4.087
1645889220 27.31 65.12 197 4.087
1645889280 27.35 65.03 124 4.087
1645889340 27.38 64.9 112 4.087
1645889400 27.4 64.77 118 4.087
1645889460 27.41 64.64 137 4.087
1645889520 27.3 64.5 149 4.087
1645889580 27.27 64.38 167 4.087
1645889640 27.28 64.25 185 4.087
1645889700 27.21 64.14 239 4.087
1645889760 27.35 64.07 197 4.087
1645889820 27.55 63.98 185 4.087
1645889880 27.58 63.91 191 4.087
1645889940 27.66 63.81 167 4.092
1645890000 27.65 63.66 112 4.087
1645890060 27.68 63.56 131 4.087
1645890120 27.55 63.49 227 4.092
1645890180 27.51 63.36 191 4.087
1645890240 27.41 63.17 233 4.087
1645890300 27.38 63.06 245 4.092
1645890360 27.37 63.01 203 4.092
1645890420 27.43 62.98 203 4.092
1645890480 27.62 62.93 287 4.092
1645890540 27.72 62.82 335 4.092
1645890600 27.76 62.75 420 4.087
1645890660 27.92 62.66 143 4.087
1645890720 28 62.6 131 4.087
1645890780 28.03 62.45 137 4.087
1645890840 27.89 62.32 124 4.092
1645890900 27.72 62.13 131 4.087
1645890960 27.68 61.99 131 4.087
1645891020 27.45 61.87 209 4.082
1645891080 27.4 61.8 227 4.087
1645891140 27.34 61.7 215 4.092
1645891200 27.34 61.63 323 4.092
1645891260 27.28 61.58 432 4.092
1645891320 27.4 61.53 287 4.092
1645891380 27.48 61.53 251 4.092
1645891440 27.65 61.48 275 4.087
1645891500 27.78 61.4 317 4.092
1645891560 27.91 61.37 245 4.092
1645891620 28 61.28 293 4.092
1645891680 28 61.17 365 4.092
1645891740 28.03 61.11 341 4.092
1645891800 28.09 61.01 359 4.092
1645891860 28.2 60.92 438 4.092
1645891920 28.2 60.81 480 4.092
1645891980 28.13 60.69 281 4.092
1645892040 28.1 60.59 293 4.098
1645892100 28.09 60.46 365 4.092
1645892160 28.24 60.4 341 4.092
1645892220 28.49 60.34 323 4.092
1645892280 28.59 60.25 283 4.092
1645892340 28.59 60.07 233 4.092
1645892400 28.74 59.98 427 4.092
1645892460 28.8 59.87 679 4.092
1645892520 28.84 59.78 504 4.092
1645892580 28.86 59.65 492 4.092
1645892640 29.01 59.46 197 4.092
1645892700 29.05 59.34 209 4.092
1645892760 29.01 59.17 265 4.092
1645892820 29 59.04 390 4.098
1645892880 28.69 58.89 390 4.092
1645892940 28.75 58.8 522 4.092
1645893000 28.77 58.73 391 4.098
1645893060 28.9 58.72 594 4.098
1645893120 29.01 58.66 554 4.098
1645893180 29.14 58.61 343 4.098
1645893240 29.39 58.55 325 4.098
1645893300 29.51 58.46 355 4.098
1645893360 29.68 58.39 295 4.098
1645893420 29.69 58.28 361 4.098
1645893480 29.51 58.12 341 4.098
1645893540 29.55 58 301 4.098
1645893600 29.79 57.87 319 4.098
1645893660 29.71 57.75 415 4.098
1645893720 29.62 57.54 512 4.098
1645893780 29.56 57.42 620 4.098
1645893840 29.66 57.29 493 4.098
1645893900 29.8 57.18 341 4.098
1645893960 29.75 57.03 343 4.098
1645894020 29.85 56.88 313 4.098
1645894080 29.75 56.73 319 4.098
1645894140 29.66 56.57 301 4.103
1645894200 29.82 56.47 301 4.098
1645894260 29.87 56.33 319 4.098
1645894320 29.77 56.14 325 4.098
1645894380 29.85 56.02 361 4.103
1645894440 29.87 55.89 361 4.103
1645894500 30.05 55.87 367 4.103
1645894560 30.12 55.74 373 4.098
1645894620 30.12 55.68 391 4.103
1645894680 30.1 55.51 554 4.103
1645894740 30.3 55.43 923 4.103
1645894800 30.33 55.26 1085 4.103
1645894860 30.38 55.14 680 4.103
1645894920 30.48 55.03 469 4.103
1645894980 30.54 54.83 349 4.103
1645895040 30.46 54.71 608 4.103
1645895100 30.36 54.55 361 4.103
1645895160 30.48 54.47 307 4.103
1645895220 30.4 54.39 343 4.103
1645895280 30.26 54.29 397 4.103
1645895340 30.36 54.24 427 4.108
1645895400 30.31 54.17 379 4.103
1645895460 30.27 54.1 512 4.103
1645895520 30.26 54.12 802 4.103
1645895580 30.15 54.08 542 4.103
1645895640 30.07 54.07 734 4.103
1645895700 30.06 54.09 379 4.103
1645895760 30.2 54.14 536 4.103
1645895820 30.34 54.18 1234 4.098
1645895880 30.4 54.2 578 4.098
1645895940 30.47 54.22 606 4.092
1645896000 30.43 54.29 608 4.108
1645896060 30.23 54.24 445 4.108
1645896120 30.3 54.28 228 4.103
1645896180 30.28 54.27 204 4.103
1645896240 30.19 54.25 525 4.103
1645896300 29.9 54.24 433 4.103
1645896360 29.93 54.2 519 4.103
1645896420 29.75 54.2 1141 4.108
1645896480 29.89 54.21 1219 4.108
1645896540 30.07 54.28 1267 4.108
1645896600 30.24 54.31 1267 4.108
1645896660 30.4 54.29 1153 4.108
1645896720 30.24 54.25 1261 4.108
1645896780 30.43 54.25 1292 4.108
1645896840 30.37 54.18 1286 4.108
1645896900 30.58 54.16 1273 4.108
1645896960 30.85 54.17 1273 4.108
1645897020 31.12 54.16 1255 4.108
1645897080 31.49 54.12 1286 4.108
1645897140 31.19 53.94 1286 4.108
1645897200 31.45 53.84 1304 4.108
1645897260 31.55 53.69 1310 4.108
1645897320 31.63 53.47 1323 4.108
1645897380 31.49 53.24 1328 4.108
1645897440 31.43 53.04 1349 4.103
1645897500 31.28 52.84 1088 4.119
1645897560 31.18 52.68 1337 4.098
1645897620 30.98 52.6 1355 4.098
1645897680 31.28 52.56 1343 4.098
1645897740 31.35 52.41 337 4.103
1645897800 31.55 52.23 168 4.103
1645897860 31.56 52.13 162 4.103
1645897920 31.26 52 174 4.103
1645897980 31.07 51.96 192 4.103
1645898040 30.7 51.92 1361 4.098
1645898100 30.47 51.95 650 4.098
1645898160 30.27 51.96 1287 4.125
1645898220 30.22 52.03 1331 4.135
1645898280 30.12 52.09 1319 4.135
1645898340 30.17 52.23 1307 4.135
1645898400 30.38 52.28 1319 4.13
1645898460 30.51 52.42 1331 4.135
1645898520 30.67 52.44 1337 4.135
1645898580 30.82 52.48 1349 4.135
1645898640 30.92 52.48 766 4.108
1645898700 30.92 52.48 234 4.103
1645898760 30.75 52.45 252 4.103
1645898820 30.24 52.43 656 4.103
1645898880 30.06 52.42 722 4.103
1645898940 29.85 52.45 343 4.103
1645899000 29.75 52.54 283 4.103
1645899060 29.63 52.6 283 4.108
1645899120 29.49 52.79 343 4.114
1645899180 29.41 52.88 1152 4.103
1645899240 29.36 52.98 959 4.103
1645899300 29.51 53.14 373 4.103
1645899360 29.52 53.35 421 4.103
1645899420 29.49 53.45 1380 4.103
1645899480 29.49 53.64 439 4.103
1645899540 29.55 53.8 1338 4.103
1645899600 29.71 53.95 1411 4.103
1645899660 29.62 54.01 1477 4.103
1645899720 29.75 54.13 1380 4.103
1645899780 30.1 54.27 295 4.108
1645899840 30.22 54.35 331 4.108
1645899900 30.34 54.4 1392 4.103
1645899960 30.46 54.47 1401 4.135
1645900020 30.54 54.47 271 4.114
1645900080 30.5 54.5 234 4.108
1645900140 30.4 54.45 234 4.108
1645900200 30.09 54.53 1298 4.103
1645900260 29.8 54.6 1362 4.103
1645900320 29.75 54.65 1109 4.103
1645900380 29.76 54.83 427 4.103
1645900440 29.93 54.89 813 4.103
1645900500 29.73 55.01 457 4.103
1645900560 29.53 55.06 1097 4.103
1645900620 29.58 55.22 1332 4.103
1645900680 29.76 55.37 1314 4.103
1645900740 29.82 55.47 1314 4.103
1645900800 29.93 55.59 1308 4.103
1645900860 30 55.68 1323 4.13
1645900920 30.2 55.74 1135 4.13
1645900980 30.61 55.83 1349 4.135
1645901040 30.74 55.84 1403 4.135
1645901100 30.68 55.84 423 4.119
1645901160 30.64 55.81 1057 4.108
1645901220 30.5 55.77 307 4.108
1645901280 30.58 55.77 295 4.108
1645901340 30.37 55.73 355 4.103
1645901400 30.09 55.74 676 4.103
1645901460 30.06 55.7 1326 4.103
1645901520 30.05 55.79 1201 4.108
1645901580 30.15 55.85 1356 4.108
1645901640 30.56 55.94 764 4.103
1645901700 30.75 55.92 995 4.103
1645901760 30.67 55.91 1310 4.13
1645901820 30.71 55.85 1331 4.135
1645901880 30.89 55.84 1337 4.135
1645901940 30.98 55.81 289 4.114
1645902000 31.07 55.69 271 4.114
1645902060 31.02 55.57 265 4.114
1645902120 30.89 55.53 435 4.119
1645902180 30.68 55.44 1364 4.108
1645902240 30.4 55.35 1358 4.108
1645902300 30.24 55.24 355 4.108
1645902360 29.99 55.27 1338 4.108
1645902420 29.93 55.24 1316 4.108
1645902480 30.09 55.31 1296 4.103
1645902540 30.58 55.42 1266 4.103
1645902600 30.66 55.41 1278 4.103
1645902660 31.09 55.43 1277 4.098
1645902720 31.45 55.44 1260 4.103
1645902780 31.48 55.31 1290 4.103
1645902840 31.48 55.19 1290 4.103
1645902900 31.48 55.05 1308 4.103
1645902960 31.51 54.87 1278 4.103
1645903020 31.58 54.74 1254 4.103
1645903080 31.76 54.59 1248 4.103
1645903140 32.06 54.44 1254 4.103
1645903200 32.19 54.23 1254 4.103
1645903260 32.04 53.95 1248 4.103
1645903320 32.02 53.68 1260 4.103
1645903380 32.19 53.5 475 4.103
1645903440 32.23 53.34 289 4.108
1645903500 32.3 53.16 355 4.114
1645903560 31.83 52.9 1242 4.103
1645903620 31.61 52.77 1246 4.103
1645903680 31.61 52.72 487 4.103
1645903740 31.75 52.69 1278 4.103
1645903800 31.94 52.65 1248 4.103
1645903860 32.02 52.52 1230 4.103
1645903920 31.9 52.46 1254 4.103
1645903980 31.84 52.42 1194 4.103
1645904040 32.12 52.4 1200 4.103
1645904100 32.5 52.34 1224 4.103
1645904160 32.73 52.22 1254 4.103
1645904220 32.73 52.1 1248 4.103
1645904280 32.67 51.9 1230 4.103
1645904340 32.65 51.66 1206 4.103
1645904400 32.57 51.52 1206 4.103
1645904460 32.29 51.43 1218 4.103
1645904520 32.45 51.36 331 4.108
1645904580 32.38 51.19 1001 4.103
1645904640 32.06 51.03 1320 4.103
1645904700 32.06 50.94 837 4.103
1645904760 32.12 50.92 1049 4.103
1645904820 31.94 50.88 1206 4.103
1645904880 31.66 50.85 1200 4.098
1645904940 31.62 50.91 1186 4.103
1645905000 31.66 51.03 1085 4.098
1645905120 31.42 51.02 1228 4.103
1645905180 31.36 51.13 1236 4.103
1645905240 31.53 51.17 361 4.108
1645905300 31.32 51.23 283 4.108
1645905360 31.28 51.3 301 4.103
1645905420 31.26 51.32 1180 4.119
1645905480 31.28 51.43 283 4.108
1645905540 30.97 51.46 499 4.103
1645905600 30.87 51.59 1121 4.103
1645905660 30.87 51.78 905 4.103
1645905720 31.02 51.9 1133 4.103
1645905780 30.99 52.01 1182 4.103
1645905840 30.98 52.23 728 4.103
1645905900 31.18 52.4 1188 4.103
1645905960 31.04 52.59 1145 4.103
1645906020 31.12 52.7 1114 4.103
1645906080 31.24 52.9 1114 4.103
1645906140 31.41 53.03 1164 4.103
1645906200 31.42 53.07 325 4.108
1645906260 31.33 53.15 289 4.108
1645906320 31.42 53.2 283 4.108
1645906380 31.24 53.21 325 4.108
1645906440 31.14 53.28 427 4.103
1645906500 30.99 53.35 391 4.108
1645906560 30.68 53.4 1145 4.103
1645906620 30.58 53.47 1115 4.103
1645906680 30.44 53.61 1138 4.103
1645906740 30.47 53.76 1085 4.103
1645906800 30.67 53.85 301 4.108
1645906860 30.67 53.97 283 4.108
1645906920 30.63 54.09 277 4.108
1645906980 30.38 54.13 289 4.108
1645907040 30.13 54.28 265 4.108
1645907100 29.89 54.36 246 4.108
1645907160 30.03 54.49 259 4.108
1645907220 30.05 54.67 920 4.092
1645907280 30.05 55.02 1019 4.103
1645907340 30.12 55.09 939 4.103
1645907400 30.03 55.19 373 4.098
1645907460 29.95 55.29 795 4.098
1645907520 29.95 55.4 1048 4.103
1645907580 30.23 55.49 355 4.108
1645907640 30.38 55.59 777 4.103
1645907700 30.67 55.69 1017 4.098
1645907760 30.84 55.74 259 4.108
1645907820 31.02 55.69 228 4.108
1645907880 31.08 55.66 252 4.108
1645907940 31.05 55.55 873 4.103
1645908000 30.84 55.45 1005 4.098
1645908060 30.89 55.4 319 4.108
1645908120 31.26 55.3 295 4.108
1645908180 31.09 55.15 886 4.103
1645908240 30.81 55.02 917 4.103
1645908300 30.81 54.92 927 4.103
1645908360 30.79 54.87 760 4.108
1645908420 30.66 54.79 331 4.108
1645908480 30.37 54.73 192 4.108
1645908540 30.24 54.69 210 4.108
1645908600 30.15 54.66 252 4.108
1645908660 30.12 54.67 882 4.114
1645908720 30.05 54.68 447 4.108
1645908780 30.22 54.83 840 4.119
1645908840 30.22 54.84 832 4.119
1645908900 30.09 54.77 840 4.114
1645908960 29.95 54.73 798 4.114
1645909020 29.99 54.77 682 4.108
1645909080 29.96 54.7 409 4.108
1645909140 30.05 54.7 713 4.114
1645909200 30 54.63 599 4.114
1645909260 29.8 54.64 834 4.119
1645909320 29.85 54.58 829 4.119
1645909380 29.83 54.53 838 4.108
1645909440 29.89 54.55 862 4.108
1645909500 30.06 54.58 855 4.103
1645909560 30.09 54.58 855 4.103
1645909620 30.26 54.51 813 4.108
1645909680 30.24 54.49 789 4.103
1645909740 30.22 54.47 783 4.103
1645909800 30.3 54.42 777 4.103
1645909860 30.43 54.44 240 4.108
1645909920 30.23 54.35 499 4.108
1645909980 30.26 54.32 573 4.108
1645910040 30.16 54.38 725 4.114
1645910100 30.13 54.39 752 4.108
1645910160 30.24 54.45 795 4.103
1645910220 30.23 54.42 433 4.103
1645910280 30.19 54.46 505 4.103
1645910340 30.4 54.51 289 4.103
1645910400 30.47 54.47 740 4.103
1645910460 30.58 54.44 554 4.103
1645910520 30.44 54.39 777 4.103
1645910580 30.43 54.37 728 4.103
1645910640 30.2 54.28 771 4.103
1645910700 30.19 54.27 259 4.108
1645910760 30.2 54.23 228 4.108
1645910820 30.23 54.21 210 4.108
1645910880 30.16 54.15 192 4.108
1645910940 30.19 54.11 204 4.108
1645911000 30.19 54.18 507 4.114
1645911060 29.89 54.11 695 4.114
1645911120 29.77 54 719 4.114
1645911180 29.8 54.06 719 4.119
1645911240 29.95 54.01 471 4.119
1645911300 30 54.01 246 4.108
1645911360 30.15 54.05 210 4.108
1645911420 30.02 54.01 210 4.108
1645911480 29.96 54.06 246 4.114
1645911540 29.79 54.05 277 4.114
1645911600 29.77 54.05 283 4.114
1645911660 29.61 54.03 240 4.114
1645911720 29.49 54.09 640 4.114
1645911780 29.38 54.11 635 4.114
1645911840 29.44 54.18 325 4.114
1645911900 29.58 54.2 246 4.114
1645911960 29.39 54.31 435 4.114
1645912020 29.44 54.3 319 4.114
1645912080 29.38 54.38 313 4.114
1645912140 29.42 54.32 283 4.114
1645912200 29.39 54.38 271 4.114
1645912260 29.32 54.39 265 4.114
1645912320 29.34 54.43 240 4.108
1645912380 29.38 54.47 307 4.114
1645912440 29.18 54.55 307 4.114
1645912500 29.18 54.55 283 4.114
1645912560 29.11 54.61 265 4.114
1645912620 29.08 54.71 252 4.114
1645912680 28.91 54.73 272 4.114
1645912740 28.81 54.77 283 4.114
1645912800 28.9 54.89 283 4.114
1645912860 29.01 55 277 4.114
1645912920 29.1 55.05 252 4.114
1645912980 29.14 55.18 240 4.114
1645913040 29.11 55.26 234 4.114
1645913100 29.14 55.34 216 4.114
1645913160 29.11 55.37 234 4.114
1645913220 29.11 55.48 246 4.114
1645913280 28.91 55.51 246 4.114
1645913340 28.81 55.52 222 4.114
1645913400 28.78 55.61 222 4.114
1645913460 28.67 55.61 216 4.114
1645913520 28.63 55.67 204 4.114
1645913580 28.67 55.73 210 4.114
1645913640 28.7 55.8 192 4.114
1645913700 28.66 55.86 180 4.114
1645913760 28.56 55.93 168 4.114
1645913820 28.56 56.01 168 4.108
1645913880 28.56 56.1 180 4.114
1645913940 28.42 56.15 180 4.114
1645914000 28.37 56.22 162 4.114
1645914060 28.36 56.28 168 4.114
1645914120 28.33 56.34 168 4.114
1645914180 28.32 56.44 168 4.114
1645914240 28.2 56.53 168 4.114
1645914300 28.22 56.58 174 4.114
1645914360 28.27 56.68 174 4.114
1645914420 28.24 56.77 156 4.108
1645914480 28.19 56.92 150 4.114
1645914540 28.16 57 150 4.114
1645914600 28.2 57.1 150 4.114
1645914660 28.13 57.19 144 4.114
1645914720 28.12 57.31 138 4.114
1645914780 28.16 57.38 138 4.114
1645914840 28.2 57.52 138 4.114
1645914900 28.19 57.57 132 4.114
1645914960 28.18 57.64 126 4.114
1645915020 28.15 57.72 120 4.108
1645915080 28.16 57.81 120 4.114
1645915140 28.16 57.89 120 4.108
1645915200 28.06 57.88 126 4.114
1645915260 28.06 57.96 126 4.114
1645915320 28.05 58.04 120 4.108
1645915380 28 58.08 120 4.114
1645915440 27.89 58.08 108 4.114
1645915500 27.79 58.13 114 4.114
1645915560 27.73 58.17 108 4.108
1645915620 27.71 58.19 96 4.114
1645915680 27.75 58.3 78 4.108
1645915740 27.75 58.38 66 4.108
1645915800 27.73 58.46 60 4.114
1645915860 27.69 58.53 48 4.114
1645915920 27.64 58.61 42 4.108
1645915980 27.56 58.7 48 4.108
1645916040 27.49 58.74 42 4.108
1645916100 27.47 58.87 42 4.108
1645916160 27.47 58.92 48 4.108
1645916220 27.41 59.02 48 4.108
1645916280 27.4 59.15 48 4.108
1645916340 27.34 59.21 48 4.108
1645916400 27.33 59.31 48 4.108
1645916460 27.31 59.38 48 4.108
1645916520 27.3 59.47 48 4.114
1645916580 27.3 59.56 48 4.114
1645916640 27.28 59.64 48 4.108
1645916700 27.24 59.7 48 4.108
1645916760 27.2 59.74 48 4.114
1645916820 27.17 59.85 42 4.108
1645916880 27.2 59.93 42 4.103
1645916940 27.18 59.98 42 4.108
1645917000 27.18 60.01 36 4.103
1645917060 27.2 60.13 36 4.108
1645917120 27.13 60.13 42 4.108
1645917180 27.1 60.18 42 4.108
1645917240 27.1 60.22 42 4.108
1645917300 27.05 60.28 42 4.108
1645917360 27.05 60.35 42 4.108
1645917420 27.01 60.36 42 4.108
1645917480 27 60.36 42 4.108
1645917540 27 60.48 42 4.108
1645917600 27 60.49 36 4.108
1645917660 27.03 60.58 36 4.108
1645917720 26.98 60.61 36 4.108
1645917780 27.01 60.66 30 4.108
1645917840 27.03 60.68 30 4.108
1645917900 27.01 60.74 30 4.108
1645917960 27.04 60.76 30 4.108
1645918020 27.04 60.82 30 4.108
1645918080 27.07 60.89 30 4.108
1645918140 27.01 60.88 24 4.108
1645918200 26.98 60.92 24 4.108
1645918260 26.98 60.99 24 4.108
1645918320 26.93 61.04 24 4.108
1645918380 26.89 61.07 18 4.108
1645918440 26.84 61.13 18 4.114
1645918500 26.8 61.17 18 4.108
1645918560 26.79 61.19 12 4.108
1645918620 26.8 61.26 12 4.108
1645918680 26.79 61.29 12 4.108
1645918740 26.77 61.34 12 4.108
1645918800 26.77 61.38 6 4.103
1645918860 26.74 61.38 6 4.108
1645918920 26.72 61.45 6 4.108
1645918980 26.67 61.5 6 4.108
1645919040 26.63 61.58 0 4.103
1645919100 26.62 61.62 0 4.108
1645919160 26.56 61.68 0 4.108
1645919220 26.54 61.75 6 4.108
1645919280 26.5 61.78 0 4.108
1645919340 26.5 61.87 0 4.108
1645919400 26.49 61.93 0 4.108
1645919460 26.47 62.01 0 4.108
1645919520 26.46 62.14 0 4.108
1645919580 26.42 62.25 0 4.108
1645919640 26.43 62.3 0 4.108
1645919700 26.44 62.37 0 4.108
1645919760 26.4 62.48 0 4.108
1645919820 26.38 62.58 0 4.103
1645919880 26.39 62.63 0 4.108
1645919940 26.4 62.72 0 4.108
1645920000 26.39 62.79 6 4.108
1645920060 26.4 62.88 0 4.108
1645920120 26.42 62.97 0 4.103
1645920180 26.42 63.03 0 4.108
1645920240 26.43 63.14 0 4.108
1645920300 26.42 63.2 0 4.108
1645920360 26.35 63.28 0 4.108
1645920420 26.32 63.34 0 4.108
1645920480 26.32 63.46 0 4.108
1645920540 26.32 63.56 0 4.108
1645920600 26.28 63.58 0 4.108
1645920660 26.3 63.71 0 4.108
1645920720 26.28 63.8 0 4.108
1645920780 26.29 63.91 0 4.108
1645920840 26.29 64.03 0 4.103
1645920900 26.29 64.08 0 4.103
1645920960 26.23 64.19 0 4.108
1645921020 26.22 64.28 0 4.108
1645921080 26.22 64.37 0 4.108
1645921140 26.23 64.45 0 4.103
1645921200 26.21 64.56 0 4.108
1645921260 26.19 64.66 0 4.108
1645921320 26.21 64.71 0 4.108
1645921380 26.19 64.8 0 4.108
1645921440 26.15 64.86 0 4.103
1645921500 26.15 64.91 0 4.108
1645921560 26.15 64.99 0 4.103
1645921620 26.14 65.06 0 4.103
1645921680 26.12 65.12 0 4.108
1645921740 26.11 65.17 0 4.108
1645921800 26.09 65.27 0 4.108
1645921860 26.08 65.32 0 4.108
1645921920 26.08 65.42 0 4.103
1645921980 26.08 65.42 0 4.108
1645922040 26.09 65.53 0 4.103
1645922100 26.11 65.57 0 4.108
1645922160 26.14 65.65 0 4.103
1645922220 26.09 65.71 0 4.108
1645922280 26.05 65.77 0 4.108
1645922340 26.06 65.78 0 4.103
1645922400 26.05 65.88 0 4.108
1645922460 26.06 65.92 0 4.108
1645922520 26.06 65.98 0 4.108
1645922580 26.03 66.08 0 4.108
1645922640 26.01 66.1 0 4.108
1645922700 25.99 66.15 0 4.108
1645922760 26.01 66.25 0 4.108
1645922820 26.02 66.31 0 4.108
1645922880 25.99 66.32 0 4.103
1645922940 26.01 66.35 0 4.103
1645923000 25.99 66.45 0 4.108
1645923060 25.98 66.48 0 4.103
1645923120 25.98 66.54 0 4.108
1645923180 25.93 66.58 0 4.108
1645923240 25.95 66.61 0 4.103
1645923300 25.95 66.67 0 4.103
1645923360 25.95 66.73 0 4.103
1645923420 25.93 66.73 0 4.103
1645923480 25.92 66.81 0 4.103
1645923540 25.96 66.8 0 4.103
1645923600 25.91 66.85 0 4.108
1645923660 25.92 66.91 0 4.108
1645923720 25.91 66.91 0 4.108
1645923780 25.89 66.96 0 4.103
1645923840 25.88 66.99 0 4.108
1645923900 25.88 67.01 0 4.103
1645923960 25.85 67.11 0 4.108
1645924020 25.81 67.12 0 4.103
1645924080 25.82 67.12 0 4.108
1645924140 25.82 67.16 0 4.103
1645924200 25.85 67.19 0 4.103
1645924260 25.87 67.22 0 4.103
1645924320 25.88 67.23 0 4.103
1645924380 25.89 67.29 0 4.103
1645924440 25.87 67.31 0 4.103
1645924500 25.82 67.37 0 4.103
1645924560 25.84 67.37 0 4.108
1645924620 25.81 67.42 0 4.103
1645924680 25.78 67.43 0 4.103
1645924740 25.77 67.48 0 4.103
1645924800 25.74 67.55 0 4.103
1645924860 25.75 67.58 0 4.103
1645924920 25.74 67.68 0 4.103
1645924980 25.78 67.71 0 4.103
1645925040 25.75 67.75 0 4.108
1645925100 25.75 67.79 0 4.103
1645925160 25.72 67.83 0 4.108
1645925220 25.75 67.88 0 4.103
1645925280 25.81 67.95 0 4.103
1645925340 25.81 67.95 0 4.103
1645925400 25.81 68 0 4.103
1645925460 25.81 68.07 0 4.103
1645925520 25.81 68.1 0 4.103
1645925580 25.78 68.1 0 4.108
1645925640 25.82 68.16 0 4.103
1645925700 25.81 68.22 0 4.103
1645925760 25.82 68.28 0 4.108
1645925820 25.78 68.31 0 4.108
1645925880 25.77 68.37 0 4.103
1645925940 25.77 68.42 0 4.103
1645926000 25.71 68.42 0 4.103
1645926060 25.69 68.49 0 4.103
1645926120 25.69 68.55 0 4.103
1645926180 25.71 68.6 0 4.103
1645926240 25.68 68.63 0 4.103
1645926300 25.69 68.64 0 4.103
1645926360 25.69 68.69 0 4.103
1645926420 25.69 68.71 0 4.103
1645926480 25.69 68.8 0 4.103
1645926540 25.69 68.89 0 4.103
1645926600 25.64 68.9 0 4.103
1645926660 25.67 68.96 0 4.103
1645926720 25.63 69 0 4.103
1645926780 25.63 69.08 0 4.103
1645926840 25.63 69.08 0 4.103
1645926900 25.64 69.15 0 4.108
1645926960 25.58 69.19 0 4.103
1645927020 25.6 69.25 0 4.103
1645927080 25.58 69.33 0 4.103
1645927140 25.56 69.33 0 4.103
1645927200 25.56 69.42 0 4.103
1645927260 25.56 69.48 0 4.103
1645927320 25.51 69.56 0 4.103
1645927380 25.49 69.6 0 4.103
1645927440 25.47 69.66 0 4.103
1645927500 25.47 69.74 0 4.103
1645927560 25.48 69.79 0 4.103
1645927620 25.45 69.87 0 4.103
1645927680 25.42 69.92 0 4.103
1645927740 25.41 69.96 0 4.103
1645927800 25.4 70.06 0 4.103
1645927860 25.4 70.11 0 4.103
1645927920 25.37 70.19 0 4.103
1645927980 25.36 70.2 0 4.103
1645928040 25.38 70.32 0 4.103
1645928100 25.37 70.36 0 4.103
1645928160 25.37 70.45 0 4.103
1645928220 25.38 70.46 0 4.103
1645928280 25.38 70.56 0 4.103
1645928340 25.37 70.58 0 4.108
1645928400 25.36 70.65 0 4.103
1645928460 25.33 70.72 0 4.103
1645928520 25.27 70.76 0 4.103
1645928580 25.24 70.81 0 4.103
1645928640 25.2 70.86 0 4.103
1645928700 25.23 70.92 0 4.103
1645928760 25.18 71.01 0 4.103
1645928820 25.16 71.03 0 4.103
1645928880 25.14 71.1 0 4.108
1645928940 25.1 71.15 0 4.103
1645929000 25.07 71.21 0 4.103
1645929060 25.06 71.29 0 4.103
1645929120 25 71.36 0 4.103
1645929180 25.03 71.42 0 4.098
1645929240 25 71.45 0 4.103
1645929300 24.98 71.52 0 4.103
1645929360 25 71.61 0 4.103
1645929420 24.97 71.67 0 4.103
1645929480 25 71.73 0 4.103
1645929540 25 71.81 0 4.103
1645929600 24.98 71.9 0 4.098
1645929660 24.98 71.96 0 4.103
1645929720 24.98 71.99 0 4.098
1645929780 25 72.07 0 4.103
1645929840 24.97 72.14 0 4.103
1645929900 25.02 72.21 0 4.103
1645929960 25.03 72.29 0 4.103
1645930020 25.02 72.37 0 4.103
1645930080 25 72.41 0 4.103
1645930140 25 72.44 0 4.098
1645930200 25.03 72.52 0 4.103
1645930260 24.98 72.58 0 4.103
1645930320 25 72.64 0 4.103
1645930380 25 72.72 0 4.103
1645930440 25.02 72.76 0 4.103
1645930500 25.03 72.79 0 4.098
1645930560 25 72.85 0 4.103
1645930620 25 72.92 0 4.098
1645930680 25 72.96 0 4.103
1645930740 24.97 72.96 0 4.103
1645930800 24.94 73.01 0 4.103
1645930860 24.9 73.03 0 4.103
1645930920 24.9 73.08 0 4.103
1645930980 24.87 73.07 0 4.103
1645931040 24.85 73.15 0 4.103
1645931100 24.85 73.16 0 4.103
1645931160 24.83 73.18 0 4.098
1645931220 24.86 73.2 0 4.103
1645931280 24.83 73.23 0 4.103
1645931340 24.83 73.28 0 4.103
1645931400 24.82 73.34 0 4.103
1645931460 24.82 73.31 0 4.103
1645931520 24.82 73.38 0 4.098
1645931580 24.8 73.39 0 4.103
1645931640 24.77 73.41 0 4.103
1645931700 24.79 73.46 0 4.103
1645931760 24.79 73.5 0 4.103
1645931820 24.8 73.54 0 4.103
1645931880 24.79 73.54 0 4.103
1645931940 24.82 73.59 0 4.098
1645932000 24.79 73.59 0 4.098
1645932060 24.79 73.61 0 4.098
1645932120 24.79 73.62 0 4.103
1645932180 24.77 73.66 0 4.103
1645932240 24.75 73.72 0 4.103
1645932300 24.75 73.75 0 4.103
1645932360 24.7 73.73 0 4.103
1645932420 24.69 73.75 0 4.103
1645932480 24.69 73.78 0 4.098
1645932540 24.67 73.83 0 4.103
1645932600 24.66 73.85 0 4.103
1645932660 24.65 73.86 0 4.098
1645932720 24.63 73.86 0 4.103
1645932780 24.62 73.9 0 4.103
1645932840 24.62 73.9 0 4.103
1645932900 24.61 73.91 0 4.098
1645932960 24.61 73.97 0 4.103
1645933020 24.59 73.99 0 4.103
1645933080 24.61 74.02 0 4.103
1645933140 24.58 74.09 0 4.103
1645933200 24.58 74.05 0 4.103
1645933260 24.55 74.06 0 4.098
1645933320 24.55 74.12 0 4.103
1645933380 24.61 74.19 0 4.098
1645933440 24.58 74.2 0 4.103
1645933500 24.58 74.24 0 4.098
1645933560 24.59 74.32 0 4.098
1645933620 24.53 74.38 0 4.098
1645933680 24.53 74.45 0 4.103
1645933740 24.51 74.57 0 4.103
1645933800 24.46 74.63 0 4.103
1645933860 24.4 74.77 0 4.098
1645933920 24.39 74.86 0 4.103
1645933980 24.36 74.95 0 4.098
1645934040 24.32 75.07 0 4.103
1645934100 24.28 75.2 0 4.103
1645934160 24.26 75.33 0 4.103
1645934220 24.23 75.44 0 4.098
1645934280 24.19 75.59 0 4.098
1645934340 24.19 75.71 0 4.103
1645934400 24.16 75.83 0 4.103
1645934460 24.12 75.92 0 4.098
1645934520 24.14 76.07 0 4.098
1645934580 24.11 76.21 0 4.103
1645934640 24.15 76.36 0 4.103
1645934700 24.16 76.47 0 4.098
1645934760 24.16 76.59 0 4.098
1645934820 24.18 76.68 0 4.103
1645934880 24.19 76.85 0 4.103
1645934940 24.22 76.91 0 4.098
1645935000 24.21 77.03 0 4.103
1645935060 24.22 77.13 0 4.098
1645935120 24.23 77.21 0 4.098
1645935180 24.23 77.34 0 4.098
1645935240 24.21 77.39 0 4.098
1645935300 24.22 77.5 0 4.103
1645935360 24.21 77.62 0 4.098
1645935420 24.19 77.66 0 4.098
1645935480 24.19 77.75 0 4.098
1645935540 24.16 77.86 0 4.098
1645935600 24.14 77.92 0 4.098
1645935660 24.16 77.97 0 4.098
1645935720 24.15 78.02 0 4.098
1645935780 24.14 78.08 0 4.098
1645935840 24.12 78.08 0 4.103
1645935900 24.16 78.1 0 4.098
1645935960 24.18 78.17 0 4.098
1645936020 24.22 78.16 0 4.092
1645936080 24.22 78.19 0 4.098
1645936140 24.25 78.16 0 4.098
1645936200 24.32 78.08 0 4.098
1645936260 24.31 78.08 0 4.098
1645936320 24.33 78.03 0 4.098
1645936380 24.32 77.95 0 4.098
1645936440 24.35 77.86 0 4.098
1645936500 24.36 77.79 0 4.098
1645936560 24.39 77.68 0 4.098
1645936620 24.42 77.62 0 4.098
1645936680 24.42 77.48 0 4.098
1645936740 24.42 77.44 0 4.098
1645936800 24.42 77.31 0 4.098
1645936860 24.4 77.22 0 4.098
1645936920 24.38 77.14 0 4.098
1645936980 24.33 77.05 0 4.098
1645937040 24.33 77.04 0 4.098
1645937100 24.29 76.96 0 4.098
1645937160 24.31 76.89 0 4.098
1645937220 24.26 76.86 0 4.098
1645937280 24.22 76.8 0 4.098
1645937340 24.22 76.75 0 4.098
1645937400 24.19 76.7 0 4.098
1645937460 24.18 76.65 0 4.098
1645937520 24.12 76.61 0 4.103
1645937580 24.12 76.59 0 4.098
1645937640 24.11 76.55 0 4.098
1645937700 24.1 76.53 0 4.098
1645937760 24.08 76.51 0 4.098
1645937820 24.04 76.5 0 4.092
1645937880 24.04 76.52 0 4.098
1645937940 23.98 76.47 0 4.098
