1634965200 22.62 73.98 0 4.13
1634965260 22.59 73.82 0 4.13
1634965320 22.63 73.78 0 4.13
1634965380 22.65 73.69 0 4.13
1634965440 22.65 73.61 0 4.13
1634965500 22.63 73.53 0 4.13
1634965560 22.65 73.5 0 4.13
1634965620 22.66 73.5 0 4.13
1634965680 22.68 73.48 0 4.13
1634965740 22.68 73.46 0 4.13
1634965800 22.68 73.51 0 4.135
1634965860 22.7 73.51 0 4.135
1634965920 22.7 73.5 0 4.13
1634965980 22.75 73.49 0 4.13
1634966040 22.78 73.55 0 4.13
1634966100 22.78 73.5 0 4.13
1634966160 22.75 73.41 0 4.13
1634966220 22.76 73.41 0 4.13
1634966280 22.73 73.31 0 4.13
1634966340 22.75 73.2 0 4.13
1634966400 22.78 73.24 0 4.13
1634966460 22.78 73.18 0 4.13
1634966520 22.76 73.17 0 4.13
1634966580 22.76 73.13 0 4.13
1634966640 22.79 73.14 0 4.13
1634966700 22.76 73.15 0 4.13
1634966760 22.79 73.26 0 4.13
1634966820 22.76 73.42 0 4.13
1634966880 22.79 73.64 0 4.13
1634966940 22.78 73.83 0 4.13
1634967000 22.78 73.98 0 4.13
1634967060 22.75 74.2 0 4.13
1634967120 22.75 74.34 0 4.13
1634967180 22.72 74.23 0 4.125
1634967240 22.68 74.22 0 4.125
1634967300 22.72 74.08 0 4.13
1634967360 22.7 73.93 0 4.13
1634967420 22.7 73.88 0 4.13
1634967480 22.7 73.75 0 4.13
1634967540 22.69 73.57 0 4.13
1634967600 22.69 73.48 0 4.13
1634967660 22.68 73.39 0 4.13
1634967720 22.66 73.19 0 4.13
1634967780 22.66 73.03 0 4.13
1634967840 22.68 72.91 0 4.13
1634967900 22.66 72.9 0 4.13
1634967960 22.66 72.9 0 4.125
1634968020 22.65 72.91 0 4.13
1634968080 22.69 73.11 0 4.13
1634968140 22.69 73.19 0 4.125
1634968200 22.69 73.33 0 4.13
1634968260 22.68 73.43 0 4.13
1634968320 22.68 73.57 0 4.13
1634968380 22.68 73.74 0 4.13
1634968440 22.69 74 0 4.13
1634968500 22.65 74.13 0 4.13
1634968560 22.63 74.11 0 4.13
1634968620 22.66 73.93 0 4.13
1634968680 22.65 73.84 0 4.13
1634968740 22.65 73.83 0 4.13
1634968800 22.66 73.74 0 4.13
1634968860 22.65 73.66 0 4.13
1634968920 22.65 73.66 0 4.13
1634968980 22.62 73.55 0 4.13
1634969040 22.66 73.5 0 4.13
1634969100 22.65 73.39 0 4.13
1634969160 22.63 73.29 0 4.13
1634969220 22.65 73.19 0 4.13
1634969280 22.62 73.18 0 4.13
1634969340 22.63 73.19 0 4.13
1634969400 22.61 73.07 0 4.13
1634969460 22.61 73.03 0 4.13
1634969520 22.58 73.03 0 4.13
1634969580 22.58 73.1 0 4.13
1634969640 22.59 73.19 0 4.13
1634969700 22.59 73.45 0 4.13
1634969760 22.58 73.85 0 4.13
1634969820 22.58 74.53 0 4.13
1634969880 22.56 75 0 4.125
1634969940 22.56 75.33 0 4.125
1634970000 22.48 75.43 0 4.13
1634970060 22.48 75.33 0 4.13
1634970120 22.49 75.41 0 4.13
1634970180 22.46 75.43 0 4.13
1634970240 22.51 75.48 0 4.13
1634970300 22.46 75.68 0 4.13
1634970360 22.51 75.95 0 4.13
1634970420 22.49 76.34 0 4.13
1634970480 22.46 76.57 0 4.13
1634970540 22.46 76.94 0 4.125
1634970600 22.41 77.29 0 4.13
1634970660 22.39 77.79 0 4.125
1634970720 22.42 78.3 0 4.13
1634970780 22.22 78.08 0 4.125
1634970840 22.19 77.73 0 4.125
1634970900 22.19 77.47 0 4.13
1634970960 22.21 77.24 0 4.125
1634971020 22.19 77.11 0 4.13
1634971080 22.19 76.99 0 4.13
1634971140 22.15 77.04 0 4.13
1634971200 22.14 77.16 0 4.13
1634971260 22.11 77.39 0 4.125
1634971320 22.08 77.63 0 4.13
1634971380 22.04 77.91 0 4.125
1634971440 22.01 78.1 0 4.125
1634971500 21.97 78.25 0 4.13
1634971560 21.94 78.42 0 4.13
1634971620 21.9 78.5 0 4.13
1634971680 21.9 78.63 0 4.125
1634971740 21.85 78.71 0 4.125
1634971800 21.83 78.75 0 4.125
1634971860 21.83 78.82 0 4.13
1634971920 21.73 78.71 0 4.13
1634971980 21.73 78.61 0 4.125
1634972040 21.67 78.31 0 4.125
1634972100 21.67 78.04 0 4.125
1634972160 21.61 77.84 0 4.13
1634972220 21.58 77.6 0 4.125
1634972280 21.56 77.44 0 4.13
1634972340 21.56 77.3 0 4.13
1634972400 21.54 77.25 0 4.13
1634972460 21.53 77.21 0 4.13
1634972520 21.49 77.21 0 4.13
1634972580 21.47 77.21 0 4.125
1634972640 21.42 77.23 0 4.125
1634972700 21.4 77.27 0 4.125
1634972760 21.36 77.32 0 4.13
1634972820 21.36 77.39 0 4.13
1634972880 21.29 77.51 0 4.13
1634972940 21.28 77.69 0 4.125
1634973000 21.26 77.77 0 4.13
1634973060 21.28 77.93 0 4.125
1634973120 21.26 78.09 0 4.125
1634973180 21.25 78.23 0 4.13
1634973240 21.28 78.36 0 4.125
1634973300 21.25 78.45 0 4.13
1634973360 21.23 78.54 0 4.125
1634973420 21.23 78.57 0 4.125
1634973480 21.23 78.65 0 4.125
1634973540 21.19 78.77 0 4.125
1634973600 21.19 78.81 0 4.125
1634973660 21.19 78.87 0 4.125
1634973720 21.18 78.93 0 4.13
1634973780 21.18 79.03 0 4.125
1634973840 21.16 79.04 0 4.125
1634973900 21.13 79 0 4.13
1634973960 21.14 79 0 4.125
1634974020 21.18 79.01 0 4.125
1634974080 21.16 79.05 0 4.13
1634974140 21.14 79.04 0 4.125
1634974200 21.16 79.06 0 4.125
1634974260 21.2 79.13 0 4.125
1634974320 21.18 79.06 0 4.125
1634974380 21.19 78.7 0 4.125
1634974440 21.23 78.55 0 4.125
1634974500 21.22 78.33 0 4.125
1634974560 21.26 78.07 0 4.125
1634974620 21.28 77.82 0 4.125
1634974680 21.33 77.64 0 4.125
1634974740 21.33 77.39 0 4.125
1634974800 21.32 77.22 0 4.125
1634974860 21.32 77.09 0 4.125
1634974920 21.33 76.92 0 4.125
1634974980 21.29 76.78 0 4.125
1634975040 21.26 76.73 0 4.13
1634975100 21.28 76.68 0 4.125
1634975160 21.26 76.58 0 4.125
1634975220 21.22 76.49 0 4.125
1634975280 21.22 76.54 0 4.125
1634975340 21.19 76.6 0 4.125
1634975400 21.16 76.66 0 4.125
1634975460 21.12 76.68 0 4.125
1634975520 21.1 76.68 0 4.125
1634975580 21.03 76.59 0 4.125
1634975640 21.03 76.59 0 4.125
1634975700 21.03 76.56 0 4.125
1634975760 20.99 76.54 0 4.125
1634975820 21 76.53 0 4.125
1634975880 20.98 76.51 0 4.125
1634975940 20.96 76.47 0 4.125
1634976000 20.92 76.42 0 4.125
1634976060 20.93 76.42 0 4.125
1634976120 20.9 76.4 0 4.125
1634976180 20.88 76.38 0 4.119
1634976240 20.85 76.36 0 4.125
1634976300 20.83 76.41 0 4.125
1634976360 20.83 76.36 0 4.125
1634976420 20.83 76.34 0 4.125
1634976480 20.82 76.38 0 4.125
1634976540 20.83 76.37 0 4.125
1634976600 20.85 76.36 0 4.125
1634976660 20.85 76.36 0 4.125
1634976720 20.86 76.33 0 4.125
1634976780 20.86 76.28 0 4.125
1634976840 20.9 76.17 0 4.125
1634976900 20.9 76.09 0 4.125
1634976960 20.89 75.99 0 4.125
1634977020 20.89 75.82 0 4.125
1634977080 20.92 75.69 0 4.125
1634977140 20.93 75.61 0 4.125
1634977200 20.9 75.58 0 4.125
1634977260 20.9 75.59 0 4.125
1634977320 20.86 75.48 0 4.125
1634977380 20.85 75.37 0 4.125
1634977440 20.82 75.27 0 4.125
1634977500 20.83 75.18 0 4.125
1634977560 20.81 75.17 0 4.125
1634977620 20.79 75.17 0 4.125
1634977680 20.81 75.26 0 4.125
1634977740 20.75 75.28 0 4.125
1634977800 20.75 75.31 0 4.125
1634977860 20.75 75.43 0 4.125
1634977920 20.75 75.65 0 4.125
1634977980 20.74 75.9 0 4.125
1634978040 20.77 76.02 0 4.125
1634978100 20.79 76.2 0 4.125
1634978160 20.74 76.32 0 4.125
1634978220 20.77 76.36 0 4.125
1634978280 20.78 76.33 0 4.125
1634978340 20.74 76.23 0 4.125
1634978400 20.74 76.1 0 4.125
1634978460 20.74 75.98 0 4.119
1634978520 20.72 75.94 0 4.125
1634978580 20.75 75.96 0 4.125
1634978640 20.77 76.05 0 4.125
1634978700 20.75 76.21 0 4.125
1634978760 20.79 76.35 0 4.125
1634978820 20.75 76.49 0 4.125
1634978880 20.78 76.66 0 4.125
1634978940 20.82 76.79 0 4.125
1634979000 20.82 76.87 0 4.125
1634979060 20.82 77.05 0 4.125
1634979120 20.82 77.1 0 4.125
1634979180 20.83 77.16 0 4.125
1634979240 20.81 77.13 0 4.125
1634979300 20.78 76.97 0 4.119
1634979360 20.74 76.8 0 4.125
1634979420 20.74 76.74 0 4.125
1634979480 20.74 76.79 0 4.125
1634979540 20.69 76.8 0 4.125
1634979600 20.64 76.89 0 4.125
1634979660 20.58 77.01 0 4.125
1634979720 20.59 77.13 0 4.125
1634979780 20.56 77.27 0 4.119
1634979840 20.52 77.37 0 4.125
1634979900 20.48 77.42 0 4.119
1634979960 20.47 77.49 0 4.119
1634980020 20.42 77.47 0 4.119
1634980080 20.39 77.43 0 4.125
1634980140 20.34 77.39 0 4.125
1634980200 20.37 77.43 0 4.125
1634980260 20.37 77.44 0 4.125
1634980320 20.34 77.49 0 4.125
1634980380 20.34 77.52 0 4.125
1634980440 20.32 77.56 0 4.125
1634980500 20.32 77.57 0 4.125
1634980560 20.34 77.56 0 4.125
1634980620 20.35 77.52 0 4.125
1634980680 20.34 77.5 0 4.119
1634980740 20.42 77.46 0 4.119
1634980800 20.42 77.53 0 4.125
1634980860 20.44 77.58 0 4.125
1634980920 20.45 77.59 0 4.125
1634980980 20.41 77.64 0 4.125
1634981040 20.41 77.68 0 4.125
1634981100 20.41 77.72 0 4.119
1634981160 20.41 77.89 0 4.125
1634981220 20.41 78.15 0 4.125
1634981280 20.41 78.29 0 4.125
1634981340 20.45 78.66 0 4.125
1634981400 20.45 78.96 0 4.125
1634981460 20.44 79.08 0 4.125
1634981520 20.44 79.32 0 4.125
1634981580 20.42 79.51 0 4.125
1634981640 20.44 79.64 0 4.125
1634981700 20.41 79.65 0 4.125
1634981760 20.44 79.76 0 4.125
1634981820 20.39 79.85 0 4.125
1634981880 20.38 79.87 0 4.119
1634981940 20.39 79.89 0 4.119
1634982000 20.38 80 0 4.125
1634982060 20.37 80.04 0 4.119
1634982120 20.37 80.08 0 4.119
1634982180 20.37 80.2 0 4.125
1634982240 20.37 80.26 0 4.125
1634982300 20.38 80.33 0 4.125
1634982360 20.31 80.38 0 4.125
1634982420 20.3 80.43 0 4.119
1634982480 20.27 80.47 0 4.119
1634982540 20.26 80.57 0 4.125
1634982600 20.21 80.62 0 4.119
1634982660 20.18 80.65 0 4.125
1634982720 20.14 80.73 0 4.125
1634982780 20.13 80.77 0 4.119
1634982840 20.13 80.87 0 4.119
1634982900 20.06 80.98 0 4.125
1634982960 20.04 81.12 0 4.125
1634983020 20 81.25 0 4.119
1634983080 20 81.37 0 4.119
1634983140 19.96 81.51 0 4.125
1634983200 19.94 81.64 0 4.119
1634983260 19.94 81.82 0 4.125
1634983320 19.9 81.99 0 4.125
1634983380 19.93 82.2 0 4.119
1634983440 19.91 82.39 0 4.119
1634983500 19.91 82.58 0 4.119
1634983560 19.87 82.68 0 4.125
1634983620 19.86 82.76 0 4.119
1634983680 19.87 82.81 0 4.125
1634983740 19.9 82.85 0 4.119
1634983800 19.86 82.83 0 4.119
1634983860 19.84 82.79 0 4.125
1634983920 19.83 82.69 0 4.125
1634983980 19.83 82.63 0 4.119
1634984040 19.84 82.5 0 4.119
1634984100 19.83 82.39 0 4.125
1634984160 19.84 82.32 0 4.125
1634984220 19.84 82.27 0 4.119
1634984280 19.86 82.2 0 4.119
1634984340 19.88 82.12 0 4.119
1634984400 19.84 81.99 0 4.119
1634984460 19.83 81.71 0 4.119
1634984520 19.81 81.53 0 4.125
1634984580 19.87 81.43 0 4.119
1634984640 19.87 81.36 0 4.119
1634984700 19.87 81.27 0 4.119
1634984760 19.83 81.14 0 4.119
1634984820 19.86 81.04 0 4.125
1634984880 19.84 81 0 4.119
1634984940 19.84 80.77 0 4.119
1634985000 19.86 80.56 0 4.125
1634985060 19.86 80.44 0 4.125
1634985120 19.84 80.25 0 4.119
1634985180 19.88 80.16 0 4.119
1634985240 19.87 80.15 0 4.119
1634985300 19.9 80.17 0 4.119
1634985360 19.87 80.18 0 4.119
1634985420 19.9 80.19 0 4.119
1634985480 19.88 80.15 0 4.119
1634985540 19.87 80.13 6 4.125
1634985600 19.87 80.19 0 4.125
1634985660 19.84 80.26 0 4.119
1634985720 19.8 80.21 6 4.119
1634985780 19.8 80.14 0 4.119
1634985840 19.76 80.08 6 4.119
1634985900 19.77 79.97 6 4.125
1634985960 19.79 79.91 6 4.119
1634986020 19.77 79.83 6 4.119
1634986080 19.8 79.88 6 4.119
1634986140 19.77 79.87 6 4.119
1634986200 19.81 79.94 6 4.119
1634986260 19.79 80.03 6 4.119
1634986320 19.76 80.12 6 4.119
1634986380 19.77 80.2 6 4.119
1634986440 19.77 80.29 6 4.119
1634986500 19.76 80.42 6 4.119
1634986560 19.74 80.58 6 4.119
1634986620 19.74 80.73 6 4.119
1634986680 19.74 80.94 6 4.119
1634986740 19.76 81.17 6 4.119
1634986800 19.72 81.4 6 4.119
1634986860 19.72 81.62 6 4.119
1634986920 19.7 81.84 6 4.119
1634986980 19.67 82 6 4.119
1634987040 19.67 82.22 6 4.119
1634987100 19.64 82.38 6 4.119
1634987160 19.63 82.54 6 4.119
1634987220 19.63 82.68 6 4.119
1634987280 19.62 82.85 6 4.119
1634987340 19.63 83.06 6 4.119
1634987400 19.62 83.23 6 4.119
1634987460 19.59 83.45 6 4.119
1634987520 19.62 83.61 6 4.119
1634987580 19.6 83.78 6 4.119
1634987640 19.53 83.79 6 4.119
1634987700 19.57 83.77 6 4.119
1634987760 19.59 83.79 6 4.119
1634987820 19.64 83.87 12 4.119
1634987880 19.64 83.91 6 4.119
1634987940 19.63 83.82 12 4.119
1634988000 19.62 83.59 18 4.119
1634988060 19.7 83.38 30 4.119
1634988120 19.76 83.1 24 4.119
1634988180 19.83 82.89 24 4.119
1634988240 19.9 82.63 24 4.119
1634988300 19.93 82.39 30 4.119
1634988360 20.07 82.23 30 4.119
1634988420 20.13 82.04 30 4.119
1634988480 20.14 81.78 30 4.119
1634988540 20.24 81.61 36 4.119
1634988600 20.31 81.45 36 4.119
1634988660 20.38 81.36 36 4.119
1634988720 20.39 81.24 36 4.119
1634988780 20.42 81.18 36 4.119
1634988840 20.39 81.12 36 4.119
1634988900 20.41 81.05 42 4.119
1634988960 20.44 80.98 42 4.119
1634989020 20.44 80.92 42 4.119
1634989080 20.48 80.9 42 4.119
1634989140 20.51 80.9 42 4.125
1634989200 20.52 80.93 42 4.119
1634989260 20.56 80.87 42 4.119
1634989320 20.61 80.89 42 4.119
1634989380 20.72 80.87 42 4.119
1634989440 20.74 80.91 42 4.119
1634989500 20.75 80.9 48 4.119
1634989560 20.74 80.89 48 4.119
1634989620 20.79 80.86 48 4.119
1634989680 20.83 80.76 48 4.119
1634989740 20.9 80.72 48 4.119
1634989800 20.93 80.65 48 4.119
1634989860 20.98 80.57 48 4.119
1634989920 21.02 80.57 48 4.119
1634989980 21.06 80.5 48 4.119
1634990040 21.14 80.41 54 4.119
1634990100 21.23 80.25 54 4.119
1634990160 21.28 80.12 54 4.119
1634990220 21.33 80 54 4.125
1634990280 21.37 79.89 54 4.119
1634990340 21.42 79.87 54 4.119
1634990400 21.43 79.87 54 4.119
1634990460 21.46 79.93 60 4.119
1634990520 21.43 79.84 60 4.125
1634990580 21.46 79.8 60 4.119
1634990640 21.49 79.73 60 4.119
1634990700 21.52 79.81 60 4.119
1634990760 21.52 79.56 60 4.119
1634990820 21.58 79.34 60 4.119
1634990880 21.64 79.25 66 4.119
1634990940 21.7 79.11 66 4.119
1634991000 21.76 78.96 60 4.125
1634991060 21.83 78.75 66 4.119
1634991120 21.91 78.6 66 4.125
1634991180 21.95 78.42 66 4.119
1634991240 22.01 78.17 66 4.119
1634991300 22.08 77.98 66 4.119
1634991360 22.15 77.72 72 4.119
1634991420 22.19 77.54 72 4.119
1634991480 22.25 77.38 72 4.119
1634991540 22.35 77.23 72 4.119
1634991600 22.39 77.11 72 4.125
1634991660 22.45 76.94 72 4.119
1634991720 22.54 76.77 72 4.125
1634991780 22.61 76.69 72 4.119
1634991840 22.66 76.48 72 4.125
1634991900 22.7 76.35 72 4.119
1634991960 22.79 76.26 72 4.125
1634992020 22.8 76.18 78 4.119
1634992080 22.89 76.11 78 4.125
1634992140 22.9 75.96 78 4.125
1634992200 22.97 75.84 78 4.119
1634992260 23.02 75.73 78 4.125
1634992320 23.09 75.63 78 4.125
1634992380 23.14 75.5 78 4.119
1634992440 23.2 75.39 78 4.125
1634992500 23.23 75.3 78 4.125
1634992560 23.3 75.21 84 4.119
1634992620 23.33 75.08 84 4.125
1634992680 23.4 74.91 84 4.125
1634992740 23.47 74.81 84 4.125
1634992800 23.49 74.71 84 4.125
1634992860 23.56 74.63 84 4.125
1634992920 23.64 74.56 84 4.125
1634992980 23.67 74.49 90 4.125
1634993040 23.64 74.53 90 4.119
1634993100 23.68 74.51 90 4.125
1634993160 23.72 74.47 90 4.125
1634993220 23.71 74.41 90 4.125
1634993280 23.75 74.38 90 4.119
1634993340 23.78 74.34 90 4.125
1634993400 23.8 74.23 90 4.125
1634993460 23.84 74.11 90 4.125
1634993520 23.89 74.07 96 4.125
1634993580 23.95 73.94 96 4.125
1634993640 23.97 73.82 96 4.125
1634993700 23.87 73.64 96 4.125
1634993760 23.8 73.58 96 4.125
1634993820 23.72 73.56 96 4.125
1634993880 23.74 73.52 96 4.125
1634993940 23.8 73.43 96 4.125
1634994000 23.91 73.33 96 4.125
1634994060 23.85 73.21 102 4.125
1634994120 23.91 73.13 114 4.125
1634994180 24.02 73.05 126 4.119
1634994240 24.08 73.02 144 4.125
1634994300 24.16 73 138 4.125
1634994360 24.23 72.85 108 4.125
1634994420 24.4 72.72 102 4.125
1634994480 24.39 72.49 102 4.125
1634994540 24.49 72.28 108 4.125
1634994600 24.43 72.08 102 4.125
1634994660 24.42 71.94 102 4.125
1634994720 24.42 71.78 102 4.125
1634994780 24.33 71.62 102 4.125
1634994840 24.43 71.53 102 4.125
1634994900 24.55 71.52 102 4.125
1634994960 24.66 71.41 102 4.125
1634995020 24.73 71.27 102 4.125
1634995080 24.86 71.22 102 4.125
1634995140 24.93 71.08 108 4.125
1634995200 24.97 71.01 108 4.125
1634995260 25.07 70.86 108 4.125
1634995320 25.2 70.75 108 4.125
1634995380 25.28 70.59 108 4.125
1634995440 25.31 70.4 108 4.125
1634995500 25.28 70.32 108 4.125
1634995560 25.28 70.22 108 4.125
1634995620 25.33 70.26 108 4.125
1634995680 25.28 70.17 108 4.125
1634995740 25.3 70.17 114 4.125
1634995800 25.27 70.09 108 4.125
1634995860 25.37 70.09 108 4.125
1634995920 25.49 70.08 108 4.125
1634995980 25.49 69.9 114 4.125
1634996040 25.51 69.8 126 4.125
1634996100 25.45 69.71 120 4.125
1634996160 25.47 69.82 120 4.125
1634996220 25.38 69.67 168 4.125
1634996280 25.3 69.66 156 4.125
1634996340 25.3 69.6 114 4.125
1634996400 25.4 69.61 114 4.125
1634996460 25.47 69.63 120 4.125
1634996520 25.47 69.69 210 4.125
1634996580 25.56 69.81 388 4.125
1634996640 25.72 69.89 314 4.125
1634996700 25.92 69.82 521 4.125
1634996760 26.01 69.75 673 4.125
1634996820 25.98 69.58 746 4.13
1634996880 26.05 69.56 466 4.125
1634996940 26.21 69.45 302 4.125
1634997000 26.43 69.26 290 4.125
1634997060 26.6 69.09 254 4.125
1634997120 26.74 68.88 144 4.13
1634997180 26.66 68.68 156 4.13
1634997240 26.54 68.5 224 4.125
1634997300 26.62 68.33 320 4.125
1634997360 26.63 68.06 254 4.13
1634997420 26.72 67.85 204 4.13
1634997480 26.59 67.63 156 4.13
1634997540 26.53 67.45 144 4.125
1634997600 26.62 67.45 132 4.125
1634997660 26.62 67.29 120 4.125
1634997720 26.73 67.12 206 4.125
1634997780 26.77 67.06 254 4.125
1634997840 26.74 66.98 180 4.125
1634997900 26.67 66.8 138 4.13
1634997960 26.77 66.73 126 4.13
1634998020 26.8 66.53 120 4.125
1634998080 26.91 66.37 120 4.125
1634998140 26.96 66.19 120 4.125
1634998200 26.96 65.97 114 4.125
1634998260 26.9 65.79 126 4.125
1634998320 26.89 65.55 126 4.125
1634998380 26.82 65.37 120 4.13
1634998440 26.72 65.31 132 4.125
1634998500 26.82 65.2 126 4.13
1634998560 26.91 65.06 126 4.125
1634998620 26.91 64.84 126 4.125
1634998680 26.96 64.75 144 4.125
1634998740 26.96 64.5 144 4.13
1634998800 27 64.29 126 4.13
1634998860 27 64.04 120 4.125
1634998920 27 63.9 120 4.125
1634998980 27.03 63.75 126 4.13
1634999040 26.96 63.5 126 4.125
1634999100 27.04 63.28 126 4.13
1634999160 27 63.14 120 4.13
1634999220 27.08 63.05 126 4.13
1634999280 27.1 62.91 120 4.125
1634999340 27.23 62.81 138 4.13
1634999400 27.23 62.68 132 4.125
1634999460 27.04 62.57 126 4.125
1634999520 27.11 62.61 126 4.13
1634999580 27.24 62.56 126 4.125
1634999640 27.31 62.52 126 4.13
1634999700 27.35 62.43 120 4.125
1634999760 27.44 62.4 120 4.13
1634999820 27.56 62.32 120 4.13
1634999880 27.59 62.22 120 4.13
1634999940 27.73 62.07 132 4.13
1635000000 27.84 62.04 120 4.125
1635000060 27.85 61.79 132 4.13
1635000120 27.68 61.47 156 4.13
1635000180 27.73 61.34 150 4.125
1635000240 27.59 61.21 150 4.125
1635000300 27.59 60.98 132 4.13
1635000360 27.54 60.77 138 4.125
1635000420 27.49 60.45 206 4.125
1635000480 27.58 60.24 174 4.125
1635000540 27.69 60.03 138 4.13
1635000600 27.76 59.85 132 4.13
1635000660 27.88 59.66 150 4.13
1635000720 27.98 59.38 332 4.13
1635000780 27.99 59.12 126 4.13
1635000840 27.78 58.94 126 4.13
1635000900 27.68 58.84 138 4.13
1635000960 27.73 58.77 180 4.13
1635001020 27.84 58.73 242 4.13
1635001080 27.81 58.51 266 4.125
1635001140 27.92 58.51 308 4.13
1635001200 28.02 58.3 206 4.13
1635001260 28.18 58.06 194 4.13
1635001320 28.24 57.71 200 4.13
1635001380 28.26 57.45 260 4.13
1635001440 28.33 57.21 188 4.13
1635001500 28.39 56.94 230 4.135
1635001560 28.43 56.6 162 4.13
1635001620 28.19 56.33 156 4.13
1635001680 28.4 56.04 144 4.13
1635001740 28.49 55.87 138 4.13
1635001800 28.63 55.8 132 4.13
1635001860 28.71 55.75 150 4.13
1635001920 28.78 55.67 168 4.13
1635001980 28.91 55.46 132 4.13
1635002040 29.05 55.36 224 4.13
1635002100 29.07 55.21 168 4.13
1635002160 29.07 55.04 114 4.13
1635002220 29.1 54.96 114 4.13
1635002280 29.22 54.84 114 4.13
1635002340 29.29 54.78 114 4.13
1635002400 29.34 54.57 114 4.13
1635002460 29.38 54.43 114 4.13
1635002520 29.22 54.26 120 4.13
1635002580 29.21 54.12 120 4.13
1635002640 29.34 54 114 4.13
1635002700 29.39 53.97 156 4.13
1635002760 29.29 53.91 254 4.13
1635002820 29.47 53.86 326 4.13
1635002880 29.39 53.82 490 4.13
1635002940 29.36 53.78 715 4.135
1635003000 29.29 53.74 418 4.13
1635003060 29.38 53.7 418 4.13
1635003120 29.58 53.71 296 4.13
1635003180 29.79 53.66 284 4.119
1635003240 29.89 53.28 302 4.13
1635003300 29.86 53.13 248 4.125
1635003360 29.77 52.96 164 4.13
1635003420 29.8 52.9 200 4.13
1635003480 29.85 52.82 394 4.13
1635003540 29.82 52.55 436 4.13
1635003600 29.86 52.39 326 4.13
1635003660 30.03 52.31 284 4.13
1635003720 30.2 52.28 260 4.13
1635003780 30.37 52.18 212 4.135
1635003840 30.37 51.86 174 4.13
1635003900 30.19 51.61 144 4.13
1635003960 29.99 51.38 302 4.13
1635004020 30.06 51.29 624 4.135
1635004080 30.03 51.21 218 4.13
1635004140 30.1 51.16 188 4.13
1635004200 30.15 51.18 266 4.13
1635004260 30.24 51.09 248 4.13
1635004320 30.16 50.97 260 4.135
1635004380 30.12 50.87 558 4.13
1635004440 30.03 50.76 570 4.13
1635004500 30.1 50.65 430 4.135
1635004560 30.15 50.52 582 4.135
1635004620 30.1 50.29 740 4.135
1635004680 30.36 50.15 880 4.13
1635004740 30.47 50.07 418 4.141
1635004800 30.36 50.04 302 4.141
1635004860 30.24 50.11 260 4.135
1635004920 30.13 50.28 448 4.135
1635004980 30.3 50.23 278 4.135
1635005040 30.37 50.2 1085 4.13
1635005100 30.36 50.15 734 4.125
1635005160 30.48 50.05 752 4.13
1635005220 30.64 49.98 751 4.13
1635005280 31.04 49.96 867 4.13
1635005340 31.19 49.82 897 4.125
1635005400 31.17 49.58 1036 4.13
1635005460 31.29 49.42 1189 4.125
1635005520 31.45 49.11 1182 4.125
1635005580 31.52 48.93 1182 4.125
1635005640 31.8 48.75 192 4.125
1635005700 31.77 48.43 174 4.13
1635005760 31.05 48.24 150 4.13
1635005820 30.75 48.13 138 4.13
1635005880 30.57 48.24 138 4.125
1635005940 30.63 48.28 150 4.13
1635006000 30.3 48.54 156 4.13
1635006060 29.93 48.82 206 4.13
1635006120 29.77 49.2 1073 4.125
1635006180 29.68 49.64 1123 4.125
1635006240 29.85 50 1048 4.125
1635006300 30.19 50.36 563 4.125
1635006360 30.24 50.66 436 4.125
1635006420 30.28 50.78 332 4.125
1635006480 30.34 51.06 417 4.125
1635006540 30.4 51.33 1170 4.125
1635006600 30.53 51.49 1182 4.125
1635006660 30.75 51.65 1182 4.125
1635006720 31.04 51.83 1188 4.125
1635006780 31.12 51.99 1188 4.125
1635006840 31.28 52.04 1188 4.125
1635006900 31.51 52.11 1176 4.125
1635006960 31.56 52.17 1176 4.125
1635007020 31.82 52.19 1170 4.125
1635007080 31.82 52.19 1200 4.125
1635007140 31.79 52.1 1218 4.125
1635007200 31.86 51.99 1230 4.125
1635007260 32.14 52.06 1222 4.119
1635007320 32.13 51.9 1224 4.119
1635007380 32.12 51.68 1204 4.125
1635007440 32.27 51.5 1170 4.125
1635007500 32.12 51.31 1109 4.125
1635007560 32.43 51.23 1127 4.125
1635007620 32.44 51.19 1004 4.125
1635007680 32.77 51.25 1127 4.151
1635007740 32.85 50.97 1147 4.151
1635007800 32.8 50.72 1179 4.157
1635007860 32.77 50.67 804 4.146
1635007920 32.82 50.71 1179 4.157
1635007980 32.81 50.47 1142 4.157
1635008040 33.08 50.33 1142 4.157
1635008100 33.36 50.09 1136 4.157
1635008160 33.65 49.83 1100 4.162
1635008220 33.26 49.52 554 4.146
1635008280 33.41 49.26 618 4.13
1635008340 33.25 49.03 362 4.135
1635008400 33.24 49.07 344 4.13
1635008460 32.98 48.89 484 4.135
1635008520 32.37 48.92 941 4.13
1635008580 32.22 49.08 302 4.135
1635008640 31.99 49.36 248 4.135
1635008700 31.82 49.54 284 4.135
1635008760 31.41 49.77 242 4.135
1635008820 30.98 50.12 242 4.135
1635008880 30.66 50.46 280 4.141
1635008940 30.56 50.85 831 4.13
1635009000 30.54 51.29 570 4.13
1635009060 30.58 51.82 630 4.13
1635009120 30.53 52.1 1117 4.13
1635009180 30.4 52.45 1129 4.13
1635009240 30.5 52.93 1105 4.13
1635009300 30.75 53.34 1105 4.13
1635009360 30.82 53.51 1109 4.125
1635009420 31.22 53.77 1111 4.13
1635009480 31.29 53.94 1103 4.13
1635009540 31.55 54.01 1109 4.13
1635009600 31.92 54.19 929 4.13
1635009660 31.75 54.14 362 4.13
1635009720 31.51 54.19 1145 4.125
1635009780 31.33 54.16 406 4.13
1635009840 31.26 54.21 400 4.125
1635009900 31.22 54.21 618 4.13
1635009960 31.11 54.28 1188 4.125
1635010020 31.02 54.35 1109 4.13
1635010080 30.82 54.53 1159 4.13
1635010140 30.81 54.66 1153 4.13
1635010200 31.21 54.83 1153 4.13
1635010260 31.21 54.74 1139 4.13
1635010320 31.48 54.86 1153 4.13
1635010380 31.93 54.85 1158 4.125
1635010440 31.8 54.69 1159 4.125
1635010500 31.9 54.69 1164 4.125
1635010560 32.24 54.63 1036 4.125
1635010620 32.44 54.32 496 4.125
1635010680 32.6 54.08 1206 4.125
1635010740 32.6 53.9 1231 4.125
1635010800 32.7 53.83 387 4.13
1635010860 32.78 53.77 278 4.125
1635010920 32.3 53.42 248 4.125
1635010980 31.83 53.29 242 4.13
1635011040 31.36 53.35 236 4.125
1635011100 30.97 53.42 224 4.125
1635011160 30.58 53.52 751 4.13
1635011220 30.63 53.67 1121 4.125
1635011280 30.79 53.77 1091 4.125
1635011340 30.95 53.77 1121 4.125
1635011400 31.17 53.71 1091 4.125
1635011460 31.21 53.6 1097 4.125
1635011520 31.48 53.57 1097 4.125
1635011580 31.59 53.43 1091 4.125
1635011640 31.49 53.29 1079 4.125
1635011700 31.52 53.18 1079 4.125
1635011760 31.92 53.05 1097 4.125
1635011820 31.92 52.8 1109 4.125
1635011880 31.97 52.53 96 4.125
1635011940 31.63 52.37 242 4.125
1635012000 31.43 52.35 254 4.125
1635012060 31.33 52.32 266 4.125
1635012120 31.25 52.41 254 4.125
1635012180 31.12 52.51 272 4.13
1635012240 30.98 52.55 364 4.135
1635012300 30.78 52.69 1109 4.125
1635012360 30.64 52.79 1079 4.125
1635012420 30.89 52.99 993 4.125
1635012480 30.87 53.16 1127 4.125
1635012540 31.19 53.35 1127 4.125
1635012600 31.39 53.25 302 4.114
1635012660 31.58 53.36 230 4.125
1635012720 31.38 53.41 198 4.125
1635012780 31.32 53.59 204 4.125
1635012840 31.15 53.72 204 4.125
1635012900 30.92 53.76 198 4.125
1635012960 30.64 53.89 192 4.125
1635013020 30.4 54.02 180 4.125
1635013080 30.27 54.29 174 4.13
1635013140 29.96 54.53 180 4.13
1635013200 29.71 54.83 192 4.13
1635013260 29.55 55.19 200 4.13
1635013320 29.53 55.48 212 4.13
1635013380 29.52 55.65 212 4.135
1635013440 29.38 55.95 230 4.13
1635013500 29.45 56.15 230 4.13
1635013560 29.45 56.38 206 4.13
1635013620 29.47 56.58 218 4.135
1635013680 29.41 56.81 266 4.135
1635013740 29.45 57.08 1036 4.125
1635013800 29.65 57.28 320 4.125
1635013860 29.69 57.4 527 4.125
1635013920 29.77 57.55 186 4.125
1635013980 29.89 57.65 180 4.13
1635014040 29.75 57.76 180 4.13
1635014100 29.66 57.92 168 4.13
1635014160 29.62 58.11 162 4.13
1635014220 29.58 58.27 162 4.13
1635014280 29.58 58.3 144 4.13
1635014340 29.45 58.45 114 4.13
1635014400 29.48 58.52 102 4.13
1635014460 29.45 58.77 102 4.13
1635014520 29.28 58.96 102 4.125
1635014580 29.17 59.2 108 4.13
1635014640 29.02 59.5 120 4.13
1635014700 28.98 59.77 132 4.13
1635014760 28.96 59.95 138 4.13
1635014820 28.91 60.1 138 4.13
1635014880 28.86 60.35 138 4.13
1635014940 28.8 60.64 144 4.13
1635015000 28.8 60.75 132 4.13
1635015060 28.66 60.97 114 4.13
1635015120 28.59 61.21 114 4.13
1635015180 28.46 61.43 132 4.13
1635015240 28.36 61.6 144 4.13
1635015300 28.36 61.91 156 4.13
1635015360 28.24 62.12 162 4.13
1635015420 28.22 62.35 168 4.13
1635015480 28.16 62.6 168 4.13
1635015540 28.18 62.81 176 4.13
1635015600 28.22 63.06 182 4.13
1635015660 28.22 63.3 188 4.13
1635015720 28.22 63.45 200 4.135
1635015780 28.24 63.51 224 4.13
1635015840 28.24 63.54 442 4.141
1635015900 28.26 63.55 206 4.135
1635015960 28.39 63.61 176 4.135
1635016020 28.43 63.7 150 4.13
1635016080 28.42 63.8 126 4.13
1635016140 28.4 63.78 114 4.13
1635016200 28.45 63.74 102 4.13
1635016260 28.46 63.76 102 4.13
1635016320 28.5 63.77 102 4.135
1635016380 28.51 63.74 114 4.13
1635016440 28.49 63.72 120 4.13
1635016500 28.42 63.72 132 4.135
1635016560 28.36 63.66 126 4.13
1635016620 28.23 63.75 96 4.13
1635016680 28.2 63.74 96 4.13
1635016740 28.16 63.75 102 4.13
1635016800 28.18 63.85 108 4.13
1635016860 28.13 63.97 120 4.13
1635016920 28.08 63.99 120 4.13
1635016980 28.05 64.07 132 4.13
1635017040 27.98 64.14 144 4.135
1635017100 27.89 64.14 144 4.135
1635017160 27.82 64.3 138 4.13
1635017220 27.79 64.36 132 4.135
1635017280 27.76 64.45 144 4.135
1635017340 27.79 64.55 144 4.13
1635017400 27.79 64.58 138 4.135
1635017460 27.81 64.68 126 4.13
1635017520 27.82 64.78 120 4.13
1635017580 27.72 64.95 120 4.13
1635017640 27.61 65.14 132 4.13
1635017700 27.55 65.34 114 4.13
1635017760 27.48 65.56 96 4.13
1635017820 27.45 65.77 96 4.13
1635017880 27.44 65.89 90 4.13
1635017940 27.45 66.05 84 4.13
1635018000 27.44 66.19 90 4.13
1635018060 27.51 66.32 90 4.13
1635018120 27.49 66.44 114 4.13
1635018180 27.45 66.48 454 4.135
1635018240 27.54 66.58 498 4.135
1635018300 27.59 66.65 632 4.135
1635018360 27.86 66.64 626 4.141
1635018420 28.12 66.59 194 4.135
1635018480 28.26 66.43 144 4.13
1635018540 28.19 66.25 156 4.13
1635018600 28.09 66.15 168 4.135
1635018660 27.99 66.13 188 4.135
1635018720 27.89 66.13 188 4.135
1635018780 27.84 66.18 266 4.135
1635018840 27.78 66.21 200 4.135
1635018900 27.79 66.24 188 4.135
1635018960 27.82 66.27 212 4.135
1635019020 27.71 66.27 200 4.141
1635019080 27.76 66.3 176 4.135
1635019140 27.71 66.38 164 4.135
1635019200 27.75 66.44 150 4.135
1635019260 27.68 66.49 138 4.135
1635019320 27.64 66.63 156 4.135
1635019380 27.56 66.74 162 4.135
1635019440 27.54 66.93 156 4.135
1635019500 27.51 67.13 164 4.135
1635019560 27.41 67.35 164 4.135
1635019620 27.37 67.54 164 4.135
1635019680 27.37 67.71 150 4.135
1635019740 27.3 67.78 144 4.135
1635019800 27.21 67.89 206 4.13
1635019860 27.2 68.05 156 4.135
1635019920 27.15 68.1 176 4.135
1635019980 27.14 68.2 438 4.141
1635020040 27.07 68.27 170 4.135
1635020100 27.04 68.4 310 4.135
1635020160 27.07 68.54 608 4.141
1635020220 27.21 68.61 640 4.141
1635020280 27.51 68.62 248 4.141
1635020340 27.71 68.57 674 4.13
1635020400 27.88 68.47 460 4.13
1635020460 28 68.32 686 4.13
1635020520 28.26 68.16 679 4.13
1635020580 28.42 67.94 643 4.13
1635020640 28.7 67.79 350 4.13
1635020700 28.78 67.46 490 4.13
1635020760 28.8 67.2 618 4.13
1635020820 28.84 66.95 606 4.13
1635020880 29.07 66.81 612 4.13
1635020940 29.18 66.53 624 4.13
1635021000 29.12 66.36 630 4.13
1635021060 29.17 66.19 588 4.13
1635021120 29.21 66.01 248 4.13
1635021180 29.34 65.85 328 4.135
1635021240 29.1 65.62 278 4.141
1635021300 29 65.55 272 4.135
1635021360 28.94 65.44 272 4.141
1635021420 29 65.4 254 4.141
1635021480 28.93 65.24 254 4.135
1635021540 28.8 65.16 254 4.135
1635021600 28.74 65.13 248 4.141
1635021660 28.64 65.13 236 4.141
1635021720 28.6 65.17 212 4.135
1635021780 28.43 65.16 206 4.135
1635021840 28.32 65.25 200 4.135
1635021900 28.29 65.38 182 4.135
1635021960 28.15 65.46 182 4.141
1635022020 27.89 65.61 182 4.135
1635022080 27.71 65.8 176 4.135
1635022140 27.58 66.08 176 4.135
1635022200 27.54 66.3 156 4.135
1635022260 27.48 66.47 144 4.135
1635022320 27.35 66.64 132 4.135
1635022380 27.28 66.95 132 4.135
1635022440 27.23 67.23 126 4.135
1635022500 27.2 67.54 120 4.135
1635022560 27.13 67.78 126 4.135
1635022620 27.1 67.98 138 4.135
1635022680 27.07 68.21 138 4.135
1635022740 27.07 68.42 138 4.135
1635022800 27.03 68.59 138 4.135
1635022860 27.04 68.77 144 4.141
1635022920 27.01 68.9 140 4.135
1635022980 26.96 69.06 150 4.135
1635023040 26.91 69.28 164 4.135
1635023100 26.89 69.48 138 4.135
1635023160 26.93 69.65 120 4.141
1635023220 26.98 69.69 108 4.135
1635023280 27.04 69.74 102 4.135
1635023340 27.08 69.82 96 4.135
1635023400 27.13 69.94 96 4.135
1635023460 27.18 69.94 90 4.135
1635023520 27.13 69.84 90 4.135
1635023580 27.1 69.79 96 4.135
1635023640 27.1 69.78 102 4.135
1635023700 27.03 69.8 102 4.135
1635023760 26.96 69.84 108 4.135
1635023820 26.91 69.94 108 4.135
1635023880 26.91 69.98 114 4.13
1635023940 26.97 70.01 120 4.135
1635024000 27 70.05 120 4.135
1635024060 27.07 70.14 120 4.141
1635024120 27.08 70.02 126 4.135
1635024180 27.08 69.9 138 4.135
1635024240 27.18 69.92 144 4.141
1635024300 27.23 69.93 146 4.135
1635024360 27.23 69.84 150 4.141
1635024420 27.17 69.77 150 4.141
1635024480 27.07 69.79 150 4.135
1635024540 27.07 69.78 150 4.135
1635024600 27.11 69.84 144 4.141
1635024660 27.04 69.85 126 4.135
1635024720 27.11 69.92 120 4.135
1635024780 27.11 69.99 114 4.141
1635024840 27.15 69.89 114 4.135
1635024900 27.14 69.81 114 4.135
1635024960 27.11 69.75 114 4.135
1635025020 27.11 69.75 114 4.135
1635025080 27.08 69.75 108 4.135
1635025140 27.07 69.71 102 4.135
1635025200 27.08 69.77 102 4.135
1635025260 27.05 69.84 102 4.135
1635025320 27.07 69.83 102 4.135
1635025380 27.1 69.74 102 4.135
1635025440 27.1 69.68 96 4.135
1635025500 27.07 69.45 96 4.135
1635025560 27.05 69.25 96 4.135
1635025620 27.05 69.17 96 4.135
1635025680 27.05 69.13 96 4.135
1635025740 27.01 69.33 96 4.135
1635025800 26.89 69.5 96 4.135
1635025860 26.86 69.74 90 4.135
1635025920 26.79 69.96 90 4.135
1635025980 26.79 70.29 96 4.135
1635026040 26.77 70.6 96 4.135
1635026100 26.73 70.91 90 4.135
1635026160 26.63 71.24 90 4.135
1635026220 26.47 71.62 90 4.135
1635026280 26.33 71.92 90 4.135
1635026340 26.28 72.33 84 4.135
1635026400 26.19 72.65 84 4.135
1635026460 26.12 72.99 84 4.135
1635026520 26.15 73.2 78 4.135
1635026580 26.14 73.4 72 4.135
1635026640 26.06 73.52 72 4.135
1635026700 26.08 73.74 72 4.135
1635026760 26.11 73.82 66 4.13
1635026820 26.06 73.82 66 4.135
1635026880 26.06 73.7 66 4.13
1635026940 26.08 73.76 66 4.135
1635027000 26.03 73.68 60 4.135
1635027060 26.01 73.57 54 4.135
1635027120 26.03 73.56 54 4.135
1635027180 25.99 73.63 54 4.135
1635027240 25.98 73.75 48 4.135
1635027300 25.96 73.84 48 4.13
1635027360 25.96 73.73 42 4.13
1635027420 25.99 73.74 42 4.135
1635027480 25.99 73.74 42 4.13
1635027540 26.01 73.75 36 4.135
1635027600 25.92 73.79 36 4.13
1635027660 25.89 73.67 30 4.135
1635027720 25.89 73.66 24 4.13
1635027780 25.85 73.8 24 4.135
1635027840 25.81 73.87 24 4.13
1635027900 25.79 73.86 24 4.135
1635027960 25.74 73.97 18 4.135
1635028020 25.69 73.89 12 4.135
1635028080 25.69 73.67 12 4.135
1635028140 25.71 73.73 6 4.135
1635028200 25.71 73.67 6 4.13
1635028260 25.69 73.64 6 4.135
1635028320 25.68 73.66 6 4.13
1635028380 25.67 73.75 0 4.13
1635028440 25.61 73.85 0 4.13
1635028500 25.63 73.82 0 4.13
1635028560 25.64 73.69 0 4.135
1635028620 25.65 73.65 0 4.135
1635028680 25.71 73.65 0 4.13
1635028740 25.72 73.68 0 4.135
1635028800 25.68 73.77 0 4.13
1635028860 25.65 73.8 0 4.13
1635028920 25.65 73.75 0 4.13
1635028980 25.64 73.74 0 4.135
1635029040 25.64 73.84 0 4.135
1635029100 25.65 73.82 0 4.13
1635029160 25.65 73.82 0 4.13
1635029220 25.65 73.88 0 4.135
1635029280 25.61 73.94 0 4.135
1635029340 25.61 73.93 0 4.13
1635029400 25.6 73.83 0 4.135
1635029460 25.63 73.76 0 4.13
1635029520 25.61 73.72 0 4.13
1635029580 25.64 73.72 0 4.135
1635029640 25.63 73.63 0 4.135
1635029700 25.61 73.56 0 4.135
1635029760 25.65 73.55 0 4.13
1635029820 25.61 73.46 0 4.135
1635029880 25.6 73.41 0 4.135
1635029940 25.63 73.44 0 4.13
1635030000 25.6 73.34 0 4.13
1635030060 25.61 73.3 0 4.135
1635030120 25.63 73.23 0 4.13
1635030180 25.61 73.12 0 4.13
1635030240 25.61 73.07 0 4.13
1635030300 25.61 73.04 0 4.135
1635030360 25.61 73.05 0 4.13
1635030420 25.6 73.04 0 4.13
1635030480 25.57 73.05 0 4.135
1635030540 25.58 73.02 0 4.13
1635030600 25.58 73.01 0 4.13
1635030660 25.56 72.98 0 4.13
1635030720 25.56 73.02 0 4.13
1635030780 25.54 73.01 0 4.135
1635030840 25.52 72.99 0 4.13
1635030900 25.52 72.97 0 4.13
1635030960 25.51 72.92 0 4.13
1635031020 25.49 72.87 0 4.13
1635031080 25.52 72.84 0 4.13
1635031140 25.54 72.82 0 4.13
1635031200 25.56 72.8 0 4.13
1635031260 25.52 72.71 0 4.13
1635031320 25.51 72.61 0 4.13
1635031380 25.56 72.51 0 4.13
1635031440 25.54 72.48 0 4.13
1635031500 25.54 72.44 0 4.13
1635031560 25.54 72.4 0 4.13
1635031620 25.52 72.45 0 4.13
1635031680 25.52 72.48 0 4.13
1635031740 25.52 72.49 0 4.13
1635031800 25.49 72.45 0 4.13
1635031860 25.51 72.47 0 4.13
1635031920 25.54 72.5 0 4.13
1635031980 25.49 72.47 0 4.13
1635032040 25.52 72.46 0 4.13
1635032100 25.58 72.57 0 4.13
1635032160 25.57 72.66 0 4.13
1635032220 25.6 72.73 0 4.13
1635032280 25.61 72.76 0 4.13
1635032340 25.64 72.78 0 4.13
1635032400 25.63 72.81 0 4.13
1635032460 25.64 72.86 0 4.13
1635032520 25.67 72.97 0 4.13
1635032580 25.64 73.08 0 4.13
1635032640 25.67 73.23 0 4.13
1635032700 25.65 73.3 0 4.13
1635032760 25.61 73.36 0 4.13
1635032820 25.63 73.48 0 4.13
1635032880 25.64 73.63 0 4.13
1635032940 25.61 73.78 0 4.13
1635033000 25.57 73.94 0 4.13
1635033060 25.57 74.08 0 4.13
1635033120 25.54 74.28 0 4.135
1635033180 25.49 74.42 0 4.13
1635033240 25.44 74.61 0 4.13
1635033300 25.44 74.77 0 4.13
1635033360 25.4 74.99 0 4.13
1635033420 25.37 75.12 0 4.13
1635033480 25.36 75.31 0 4.13
1635033540 25.36 75.45 0 4.13
1635033600 25.3 75.55 0 4.13
1635033660 25.28 75.67 0 4.13
1635033720 25.3 75.84 0 4.13
1635033780 25.27 75.94 0 4.13
1635033840 25.26 76.03 0 4.13
1635033900 25.28 76.15 0 4.13
1635033960 25.24 76.25 0 4.13
1635034020 25.21 76.37 0 4.13
1635034080 25.2 76.47 0 4.13
1635034140 25.23 76.56 0 4.125
1635034200 25.24 76.64 0 4.13
1635034260 25.26 76.75 0 4.13
1635034320 25.24 76.79 0 4.13
1635034380 25.21 76.92 0 4.125
1635034440 25.24 77.01 0 4.13
1635034500 25.21 77.06 0 4.13
1635034560 25.17 77.16 0 4.13
1635034620 25.17 77.29 0 4.13
1635034680 25.16 77.36 0 4.13
1635034740 25.13 77.48 0 4.13
1635034800 25.14 77.58 0 4.13
1635034860 25.12 77.63 0 4.13
1635034920 25.1 77.7 0 4.13
1635034980 25.13 77.8 0 4.13
1635035040 25.1 77.9 0 4.13
1635035100 25.09 77.96 0 4.13
1635035160 25.07 78.06 0 4.13
1635035220 25.06 78.15 0 4.13
1635035280 25.06 78.21 0 4.13
1635035340 25.03 78.25 0 4.125
1635035400 25.03 78.32 0 4.13
1635035460 25.06 78.4 0 4.13
1635035520 25.07 78.43 0 4.13
1635035580 25.12 78.48 0 4.125
1635035640 25.06 78.54 0 4.13
1635035700 25.06 78.58 0 4.13
1635035760 25.03 78.55 0 4.13
1635035820 25.03 78.48 0 4.13
1635035880 25.02 78.46 0 4.13
1635035940 25 78.42 0 4.13
1635036000 24.98 78.32 0 4.125
1635036060 24.98 78.29 0 4.13
1635036120 25.02 78.2 0 4.125
1635036180 25 78.12 0 4.13
1635036240 24.98 78.04 0 4.125
1635036300 24.97 78 0 4.13
1635036360 24.97 77.86 0 4.13
1635036420 24.96 77.75 0 4.13
1635036480 24.97 77.72 0 4.13
1635036540 24.96 77.62 0 4.13
1635036600 24.93 77.58 0 4.13
1635036660 24.91 77.52 0 4.125
1635036720 24.9 77.45 0 4.13
1635036780 24.91 77.45 0 4.125
1635036840 24.91 77.46 0 4.13
1635036900 24.9 77.46 0 4.13
1635036960 24.91 77.48 0 4.13
1635037020 24.89 77.58 0 4.13
1635037080 24.85 77.65 0 4.13
1635037140 24.83 77.68 0 4.13
1635037200 24.85 77.74 0 4.13
1635037260 24.83 77.79 0 4.13
1635037320 24.83 77.86 0 4.13
1635037380 24.83 77.94 0 4.125
1635037440 24.8 77.98 0 4.125
1635037500 24.82 78.05 0 4.125
1635037560 24.79 78.12 0 4.125
1635037620 24.73 78.23 0 4.125
1635037680 24.75 78.35 0 4.125
1635037740 24.73 78.44 0 4.125
1635037800 24.72 78.51 0 4.13
1635037860 24.72 78.62 0 4.125
1635037920 24.7 78.67 0 4.125
1635037980 24.73 78.73 0 4.13
1635038040 24.69 78.82 0 4.125
1635038100 24.67 78.91 0 4.125
1635038160 24.7 78.95 0 4.13
1635038220 24.69 79.03 0 4.13
1635038280 24.72 79.08 0 4.125
1635038340 24.72 79.21 0 4.13
1635038400 24.7 79.24 0 4.125
1635038460 24.67 79.27 0 4.125
1635038520 24.69 79.38 0 4.125
1635038580 24.66 79.37 0 4.125
1635038640 24.67 79.31 0 4.125
1635038700 24.67 79.32 0 4.125
1635038760 24.67 79.34 0 4.125
1635038820 24.66 79.26 0 4.125
1635038880 24.67 79.23 0 4.13
1635038940 24.69 79.2 0 4.125
1635039000 24.69 79.22 0 4.125
1635039060 24.69 79.22 0 4.125
1635039120 24.69 79.17 0 4.125
1635039180 24.67 79.11 0 4.125
1635039240 24.67 79.08 0 4.125
1635039300 24.63 79.04 0 4.13
1635039360 24.65 79.03 0 4.125
1635039420 24.66 79.06 0 4.125
1635039480 24.67 79.05 0 4.125
1635039540 24.67 79.01 0 4.125
1635039600 24.67 79 0 4.125
1635039660 24.67 79.01 0 4.125
1635039720 24.67 78.99 0 4.13
1635039780 24.66 79.05 0 4.125
1635039840 24.67 79.07 0 4.125
1635039900 24.63 79.1 0 4.13
1635039960 24.63 79.16 0 4.13
1635040020 24.63 79.17 0 4.125
1635040080 24.62 79.26 0 4.125
1635040140 24.62 79.3 0 4.125
1635040200 24.61 79.34 0 4.125
1635040260 24.62 79.39 0 4.125
1635040320 24.58 79.45 0 4.13
1635040380 24.61 79.52 0 4.125
1635040440 24.56 79.6 0 4.13
1635040500 24.58 79.71 0 4.125
1635040560 24.59 79.8 0 4.125
1635040620 24.58 79.82 0 4.125
1635040680 24.58 79.89 0 4.125
1635040740 24.58 79.95 0 4.125
1635040800 24.58 80.04 0 4.125
1635040860 24.56 80.12 0 4.125
1635040920 24.56 80.22 0 4.125
1635040980 24.56 80.28 0 4.125
1635041040 24.55 80.32 0 4.125
1635041100 24.53 80.45 0 4.125
1635041160 24.53 80.48 0 4.125
1635041220 24.49 80.52 0 4.125
1635041280 24.51 80.59 0 4.125
1635041340 24.49 80.63 0 4.125
1635041400 24.46 80.64 0 4.125
1635041460 24.46 80.66 0 4.125
1635041520 24.45 80.67 0 4.125
1635041580 24.45 80.64 0 4.13
1635041640 24.43 80.6 0 4.125
1635041700 24.45 80.6 0 4.125
1635041760 24.42 80.61 0 4.125
1635041820 24.4 80.59 0 4.125
1635041880 24.43 80.63 0 4.125
1635041940 24.42 80.6 0 4.125
1635042000 24.39 80.61 0 4.125
1635042060 24.42 80.62 0 4.125
1635042120 24.38 80.63 0 4.125
1635042180 24.35 80.64 0 4.125
1635042240 24.35 80.68 0 4.125
1635042300 24.35 80.7 0 4.125
1635042360 24.36 80.73 0 4.125
1635042420 24.36 80.79 0 4.125
1635042480 24.35 80.76 0 4.125
1635042540 24.35 80.79 0 4.125
1635042600 24.35 80.84 0 4.125
1635042660 24.32 80.88 0 4.125
1635042720 24.36 80.93 0 4.125
1635042780 24.31 80.9 0 4.125
1635042840 24.32 80.96 0 4.125
1635042900 24.29 81.03 0 4.125
1635042960 24.28 81.03 0 4.125
1635043020 24.28 81.11 0 4.125
1635043080 24.25 81.19 0 4.125
1635043140 24.22 81.2 0 4.125
1635043200 24.16 81.3 0 4.125
1635043260 24.12 81.38 0 4.125
1635043320 24.07 81.46 0 4.125
1635043380 24.02 81.56 0 4.125
1635043440 23.97 81.69 0 4.125
1635043500 23.92 81.81 0 4.125
1635043560 23.85 81.89 0 4.125
1635043620 23.84 82.02 0 4.125
1635043680 23.8 82.14 0 4.125
1635043740 23.81 82.14 0 4.125
1635043800 23.77 82.19 0 4.125
1635043860 23.75 82.24 0 4.125
1635043920 23.77 82.28 0 4.125
1635043980 23.74 82.32 0 4.125
1635044040 23.71 82.41 0 4.125
1635044100 23.72 82.43 0 4.125
1635044160 23.71 82.48 0 4.125
1635044220 23.7 82.56 0 4.13
1635044280 23.68 82.59 0 4.125
1635044340 23.65 82.64 0 4.125
1635044400 23.67 82.69 0 4.125
1635044460 23.65 82.72 0 4.125
1635044520 23.65 82.72 0 4.125
1635044580 23.6 82.72 0 4.125
1635044640 23.6 82.75 0 4.125
1635044700 23.6 82.77 0 4.125
1635044760 23.6 82.79 0 4.125
1635044820 23.57 82.77 0 4.125
1635044880 23.57 82.77 0 4.125
1635044940 23.56 82.74 0 4.125
1635045000 23.56 82.71 0 4.125
1635045060 23.53 82.68 0 4.125
1635045120 23.53 82.65 0 4.125
1635045180 23.53 82.65 0 4.125
1635045240 23.51 82.61 0 4.125
1635045300 23.53 82.6 0 4.125
1635045360 23.53 82.55 0 4.125
1635045420 23.56 82.55 0 4.125
1635045480 23.53 82.52 0 4.125
1635045540 23.53 82.52 0 4.125
1635045600 23.51 82.56 0 4.125
1635045660 23.49 82.58 0 4.125
1635045720 23.47 82.59 0 4.125
1635045780 23.5 82.65 0 4.119
1635045840 23.49 82.64 0 4.125
1635045900 23.49 82.65 0 4.125
1635045960 23.49 82.7 0 4.125
1635046020 23.47 82.7 0 4.125
1635046080 23.46 82.71 0 4.125
1635046140 23.41 82.68 0 4.125
1635046200 23.43 82.57 0 4.125
1635046260 23.41 82.43 0 4.125
1635046320 23.41 82.37 0 4.125
1635046380 23.39 82.26 0 4.119
1635046440 23.41 82.2 0 4.125
1635046500 23.41 82.17 0 4.119
1635046560 23.43 82.15 0 4.119
1635046620 23.4 82 0 4.125
1635046680 23.4 81.84 0 4.119
1635046740 23.41 81.64 0 4.119
1635046800 23.39 81.5 0 4.125
1635046860 23.39 81.41 0 4.125
1635046920 23.41 81.31 0 4.125
1635046980 23.39 81.23 0 4.119
1635047040 23.36 81.17 0 4.119
1635047100 23.36 81.14 0 4.125
1635047160 23.34 81.09 0 4.119
1635047220 23.33 81.04 0 4.125
1635047280 23.33 81.05 0 4.119
1635047340 23.33 81.14 0 4.125
1635047400 23.31 81.22 0 4.125
1635047460 23.27 81.32 0 4.125
1635047520 23.24 81.41 0 4.119
1635047580 23.27 81.45 0 4.125
1635047640 23.29 81.43 0 4.125
1635047700 23.3 81.46 0 4.125
1635047760 23.26 81.44 0 4.125
1635047820 23.29 81.43 0 4.125
1635047880 23.26 81.3 0 4.125
1635047940 23.23 81.16 0 4.125
1635048000 23.24 81.09 0 4.125
1635048060 23.24 81.08 0 4.125
1635048120 23.19 81.13 0 4.119
1635048180 23.14 81.11 0 4.119
1635048240 23.16 81.15 0 4.119
1635048300 23.1 81.11 0 4.119
1635048360 23.1 81.07 0 4.119
1635048420 23.06 81.1 0 4.119
1635048480 23.03 80.97 0 4.125
1635048540 23.03 80.97 0 4.125
1635048600 23 80.91 0 4.125
1635048660 22.99 80.87 0 4.125
1635048720 22.96 80.89 0 4.125
1635048780 22.93 80.84 0 4.125
1635048840 22.93 80.83 0 4.125
1635048900 22.93 80.85 0 4.119
1635048960 22.92 80.82 0 4.119
1635049020 22.92 80.85 0 4.125
1635049080 22.9 80.85 0 4.108
1635049140 22.9 80.93 0 4.119
1635049200 22.9 80.9 0 4.119
1635049260 22.9 80.82 0 4.119
1635049320 22.95 80.7 0 4.119
1635049380 22.97 80.64 0 4.119
1635049440 23.02 80.59 0 4.119
1635049500 23.03 80.57 0 4.119
1635049560 23.02 80.54 0 4.125
1635049620 23.02 80.47 0 4.119
1635049680 23.05 80.39 0 4.119
1635049740 23.07 80.35 0 4.119
1635049800 23.09 80.33 0 4.119
1635049860 23.1 80.27 0 4.119
1635049920 23.12 80.24 0 4.119
1635049980 23.09 80.27 0 4.114
1635050040 23.09 80.25 0 4.119
1635050100 23.1 80.22 0 4.119
1635050160 23.12 80.14 0 4.119
1635050220 23.09 80.06 0 4.119
1635050280 23.12 80.04 0 4.119
1635050340 23.12 80 0 4.119
1635050400 23.13 80 0 4.119
1635050460 23.14 80.03 0 4.119
1635050520 23.12 80 0 4.119
1635050580 23.16 80.05 0 4.119
1635050640 23.16 80 0 4.119
1635050700 23.17 80.04 0 4.119
1635050760 23.16 80 0 4.119
1635050820 23.19 79.98 0 4.119
1635050880 23.19 79.96 0 4.119
1635050940 23.2 80.01 0 4.119
1635051000 23.2 80.01 0 4.119
1635051060 23.21 80.03 0 4.119
1635051120 23.2 80.04 0 4.119
1635051180 23.21 80.02 0 4.119
1635051240 23.21 80.03 0 4.119
1635051300 23.21 80.04 0 4.119
1635051360 23.2 80.05 0 4.119
1635051420 23.2 80.04 0 4.119
1635051480 23.19 80.08 0 4.119
1635051540 23.19 80.08 0 4.125
