1644814800 23.3 80.19 0 4.087
1644814860 23.29 80.1 0 4.082
1644814920 23.31 80.01 0 4.087
1644814980 23.29 79.91 0 4.082
1644815040 23.33 79.86 0 4.087
1644815100 23.33 79.8 0 4.087
1644815160 23.34 79.7 0 4.087
1644815220 23.33 79.66 0 4.087
1644815280 23.36 79.58 0 4.082
1644815340 23.37 79.51 0 4.082
1644815400 23.4 79.46 0 4.087
1644815460 23.39 79.41 0 4.082
1644815520 23.41 79.36 0 4.087
1644815580 23.46 79.33 0 4.082
1644815640 23.46 79.25 0 4.082
1644815700 23.44 79.2 0 4.087
1644815760 23.44 79.18 0 4.087
1644815820 23.41 79.14 0 4.087
1644815880 23.4 79.06 0 4.087
1644815940 23.41 78.99 0 4.087
1644816000 23.43 78.94 0 4.082
1644816060 23.41 78.95 0 4.087
1644816120 23.39 78.95 0 4.082
1644816180 23.36 79 0 4.087
1644816240 23.24 79.04 0 4.087
1644816300 23.16 79.13 0 4.087
1644816360 23.06 79.27 0 4.087
1644816420 22.93 79.49 0 4.082
1644816480 22.73 79.76 0 4.087
1644816540 22.59 80.09 0 4.087
1644816600 22.48 80.58 0 4.082
1644816660 22.36 81.12 0 4.082
1644816720 22.25 81.71 0 4.087
1644816780 22.14 82.28 0 4.087
1644816840 22.04 82.85 0 4.087
1644816900 22.01 83.41 0 4.087
1644816960 21.95 83.95 0 4.087
1644817020 21.9 84.46 0 4.082
1644817080 21.87 85.01 0 4.082
1644817140 21.81 85.52 0 4.087
1644817200 21.63 85.95 0 4.087
1644817260 21.46 86.35 0 4.082
1644817320 21.44 86.66 0 4.087
1644817380 21.4 87.04 0 4.082
1644817440 21.47 87.39 0 4.087
1644817500 21.46 87.73 0 4.087
1644817560 21.43 88.07 0 4.082
1644817620 21.43 88.44 0 4.087
1644817680 21.39 88.73 0 4.082
1644817740 21.37 89.06 0 4.082
1644817800 21.33 89.39 0 4.082
1644817860 21.29 89.62 0 4.082
1644817920 21.29 89.87 0 4.082
1644817980 21.22 90.13 0 4.087
1644818040 21.19 90.33 0 4.087
1644818100 21.12 90.51 0 4.087
1644818160 21.13 90.75 0 4.082
1644818220 21.06 90.93 0 4.082
1644818280 21.05 91.12 0 4.082
1644818340 21 91.3 0 4.087
1644818400 20.93 91.47 0 4.087
1644818460 20.89 91.63 0 4.082
1644818520 20.88 91.76 0 4.087
1644818580 20.82 91.88 0 4.082
1644818640 20.82 92.09 0 4.082
1644818700 20.74 92.2 0 4.082
1644818760 20.65 92.34 0 4.082
1644818820 20.59 92.48 0 4.082
1644818880 20.49 92.57 0 4.082
1644818940 20.42 92.7 0 4.082
1644819000 20.38 92.82 0 4.082
1644819060 20.34 92.94 0 4.087
1644819120 20.34 93.04 0 4.082
1644819180 20.32 93.1 0 4.082
1644819240 20.35 93.2 0 4.082
1644819300 20.42 93.31 0 4.082
1644819360 20.45 93.42 0 4.082
1644819420 20.42 93.52 0 4.082
1644819480 20.45 93.61 0 4.082
1644819540 20.48 93.67 0 4.082
1644819600 20.44 93.76 0 4.082
1644819660 20.47 93.86 0 4.082
1644819720 20.48 93.92 0 4.082
1644819780 20.49 94.07 0 4.087
1644819840 20.48 94.1 0 4.082
1644819900 20.49 94.22 0 4.082
1644819960 20.39 94.29 0 4.082
1644820020 20.37 94.37 0 4.082
1644820080 20.3 94.42 0 4.082
1644820140 20.31 94.47 0 4.082
1644820200 20.31 94.58 0 4.082
1644820260 20.47 94.62 0 4.082
1644820320 20.42 94.67 0 4.082
1644820380 20.38 94.71 0 4.082
1644820440 20.37 94.77 0 4.082
1644820500 20.39 94.86 0 4.082
1644820560 20.41 94.86 0 4.082
1644820620 20.41 94.97 0 4.082
1644820680 20.41 95.01 0 4.082
1644820740 20.44 95.04 0 4.082
1644820800 20.47 95.03 0 4.082
1644820860 20.47 95.12 0 4.082
1644820920 20.47 95.17 0 4.082
1644820980 20.51 95.17 0 4.082
1644821040 20.54 95.28 0 4.082
1644821100 20.55 95.29 0 4.082
1644821160 20.62 95.35 0 4.082
1644821220 20.55 95.36 0 4.082
1644821280 20.52 95.42 0 4.082
1644821340 20.56 95.45 0 4.082
1644821400 20.56 95.5 0 4.082
1644821460 20.58 95.56 0 4.082
1644821520 20.56 95.54 0 4.082
1644821580 20.54 95.57 0 4.082
1644821640 20.61 95.66 0 4.082
1644821700 20.45 95.62 0 4.082
1644821760 20.47 95.69 0 4.082
1644821820 20.48 95.73 0 4.082
1644821880 20.52 95.75 0 4.082
1644821940 20.51 95.8 0 4.082
1644822000 20.51 95.82 0 4.082
1644822060 20.52 95.84 0 4.082
1644822120 20.52 95.85 0 4.082
1644822180 20.52 95.85 0 4.082
1644822240 20.54 95.93 0 4.082
1644822300 20.52 95.95 0 4.082
1644822360 20.52 95.94 0 4.082
1644822420 20.51 95.96 0 4.082
1644822480 20.54 95.99 0 4.082
1644822540 20.49 95.97 0 4.082
1644822600 20.42 96.01 0 4.082
1644822660 20.39 96 0 4.082
1644822720 20.41 96 0 4.082
1644822780 20.37 96.04 0 4.082
1644822840 20.31 96.06 0 4.082
1644822900 20.21 96.1 0 4.082
1644822960 20.2 96.11 0 4.082
1644823020 20.23 96.1 0 4.082
1644823080 20.23 96.14 0 4.082
1644823140 20.24 96.14 0 4.082
1644823200 20.23 96.17 0 4.082
1644823260 20.2 96.19 0 4.082
1644823320 20.21 96.22 0 4.082
1644823380 20.23 96.18 0 4.082
1644823440 20.21 96.18 0 4.082
1644823500 20.27 96.25 0 4.082
1644823560 20.28 96.24 0 4.082
1644823620 20.24 96.25 0 4.082
1644823680 20.26 96.26 0 4.082
1644823740 20.26 96.29 0 4.082
1644823800 20.27 96.33 0 4.082
1644823860 20.3 96.31 0 4.082
1644823920 20.32 96.35 0 4.082
1644823980 20.38 96.37 0 4.082
1644824040 20.38 96.34 0 4.082
1644824100 20.34 96.37 0 4.082
1644824160 20.31 96.39 0 4.082
1644824220 20.27 96.42 0 4.087
1644824280 20.27 96.4 0 4.082
1644824340 20.03 96.44 0 4.082
1644824400 20.07 96.5 0 4.082
1644824460 20 96.47 0 4.082
1644824520 20.06 96.48 0 4.082
1644824580 20.03 96.47 0 4.082
1644824640 20.11 96.49 0 4.082
1644824700 20.18 96.51 0 4.082
1644824760 20.11 96.54 0 4.082
1644824820 20 96.56 0 4.082
1644824880 19.94 96.57 0 4.082
1644824940 19.88 96.58 0 4.082
1644825000 19.86 96.56 0 4.082
1644825060 19.83 96.55 0 4.082
1644825120 19.88 96.56 0 4.082
1644825180 19.91 96.6 0 4.082
1644825240 19.91 96.59 0 4.082
1644825300 19.93 96.6 0 4.082
1644825360 19.96 96.59 0 4.082
1644825420 20.04 96.63 0 4.082
1644825480 20.06 96.63 0 4.082
1644825540 20.06 96.63 0 4.082
1644825600 20.1 96.67 0 4.082
1644825660 20.08 96.63 0 4.082
1644825720 20.08 96.69 0 4.082
1644825780 20.07 96.7 0 4.076
1644825840 20.06 96.72 0 4.082
1644825900 20.01 96.7 0 4.082
1644825960 20.01 96.7 0 4.082
1644826020 20.03 96.72 0 4.082
1644826080 20.03 96.72 0 4.082
1644826140 20.03 96.71 0 4.082
1644826200 20.03 96.72 0 4.082
1644826260 20.04 96.75 0 4.076
1644826320 20.08 96.74 0 4.082
1644826380 20.1 96.78 0 4.082
1644826440 20.08 96.73 0 4.082
1644826500 20.13 96.84 0 4.082
1644826560 20.13 96.81 0 4.082
1644826620 20.13 96.81 0 4.082
1644826680 20.13 96.82 0 4.082
1644826740 20.13 96.81 0 4.082
1644826800 20.1 96.81 0 4.082
1644826860 20.07 96.85 0 4.082
1644826920 20.11 96.87 0 4.076
1644826980 20.11 96.82 0 4.082
1644827040 20.1 96.85 0 4.082
1644827100 20.13 96.89 0 4.076
1644827160 20.13 96.84 0 4.082
1644827220 20.1 96.87 0 4.082
1644827280 20.1 96.9 0 4.082
1644827340 20.08 96.86 0 4.082
1644827400 20.06 96.89 0 4.082
1644827460 20.07 96.9 0 4.076
1644827520 20.07 96.92 0 4.082
1644827580 20.08 96.94 0 4.082
1644827640 20.08 96.92 0 4.082
1644827700 20.08 96.94 0 4.082
1644827760 20.11 96.91 0 4.082
1644827820 20.17 96.94 0 4.076
1644827880 20.16 96.96 0 4.082
1644827940 20.14 96.97 0 4.082
1644828000 20.16 96.96 0 4.082
1644828060 20.14 96.98 0 4.082
1644828120 20.14 97 0 4.076
1644828180 20.14 96.97 0 4.082
1644828240 20.14 96.99 0 4.082
1644828300 20.14 96.96 0 4.082
1644828360 20.14 96.99 0 4.082
1644828420 20.14 97.01 0 4.076
1644828480 20.14 96.99 0 4.082
1644828540 20.16 97.01 0 4.082
1644828600 20.14 97.01 0 4.076
1644828660 20.14 97.05 0 4.076
1644828720 20.16 97.05 0 4.082
1644828780 20.14 97 0 4.082
1644828840 20.17 97.03 0 4.082
1644828900 20.13 97.02 0 4.082
1644828960 20.17 97.07 0 4.082
1644829020 20.16 97.08 0 4.076
1644829080 20.08 97.07 0 4.076
1644829140 20.08 97.07 0 4.082
1644829200 20.04 97.1 0 4.082
1644829260 20.04 97.07 0 4.076
1644829320 20 97.11 0 4.076
1644829380 19.98 97.1 0 4.076
1644829440 20.03 97.15 0 4.082
1644829500 19.97 97.13 0 4.082
1644829560 20 97.16 0 4.082
1644829620 19.97 97.15 0 4.082
1644829680 19.98 97.16 0 4.082
1644829740 20 97.14 0 4.076
1644829800 20.01 97.16 0 4.082
1644829860 20.03 97.17 0 4.082
1644829920 20.01 97.18 0 4.082
1644829980 20.04 97.15 0 4.076
1644830040 20.06 97.21 0 4.076
1644830100 20.07 97.19 0 4.076
1644830160 20.1 97.18 0 4.082
1644830220 20.06 97.23 0 4.076
1644830280 20.01 97.2 0 4.076
1644830340 19.97 97.21 0 4.082
1644830400 19.93 97.25 0 4.082
1644830460 19.9 97.24 0 4.076
1644830520 19.9 97.25 0 4.082
1644830580 19.88 97.28 0 4.082
1644830640 19.86 97.22 0 4.076
1644830700 19.87 97.26 0 4.076
1644830760 19.88 97.29 0 4.076
1644830820 19.84 97.28 0 4.076
1644830880 19.8 97.31 0 4.076
1644830940 19.74 97.29 0 4.076
1644831000 19.74 97.29 0 4.076
1644831060 19.7 97.31 0 4.076
1644831120 19.69 97.31 0 4.082
1644831180 19.72 97.32 0 4.076
1644831240 19.72 97.31 0 4.082
1644831300 19.72 97.32 0 4.076
1644831360 19.74 97.35 0 4.076
1644831420 19.73 97.32 0 4.082
1644831480 19.72 97.37 0 4.082
1644831540 19.7 97.36 0 4.076
1644831600 19.72 97.32 0 4.076
1644831660 19.77 97.34 0 4.076
1644831720 19.77 97.35 0 4.076
1644831780 19.76 97.37 0 4.076
1644831840 19.77 97.39 0 4.076
1644831900 19.77 97.35 0 4.076
1644831960 19.79 97.39 0 4.076
1644832020 19.79 97.39 0 4.076
1644832080 19.8 97.39 0 4.076
1644832140 19.81 97.43 0 4.082
1644832200 19.83 97.42 0 4.076
1644832260 19.84 97.44 0 4.076
1644832320 19.86 97.44 0 4.082
1644832380 19.86 97.45 0 4.076
1644832440 19.87 97.44 0 4.082
1644832500 19.84 97.44 0 4.082
1644832560 19.86 97.47 0 4.076
1644832620 19.87 97.47 0 4.076
1644832680 19.86 97.46 0 4.076
1644832740 19.87 97.51 0 4.076
1644832800 19.88 97.51 0 4.076
1644832860 19.86 97.49 0 4.076
1644832920 19.87 97.5 0 4.076
1644832980 19.9 97.53 0 4.076
1644833040 19.93 97.53 0 4.076
1644833100 19.91 97.5 0 4.076
1644833160 19.9 97.55 0 4.076
1644833220 19.93 97.48 0 4.076
1644833280 19.93 97.56 0 4.076
1644833340 19.96 97.55 0 4.082
1644833400 19.94 97.51 0 4.082
1644833460 19.94 97.55 0 4.076
1644833520 19.94 97.58 0 4.076
1644833580 19.9 97.55 0 4.076
1644833640 19.9 97.59 0 4.076
1644833700 19.87 97.57 0 4.076
1644833760 19.88 97.61 0 4.076
1644833820 19.86 97.59 0 4.076
1644833880 19.88 97.61 0 4.082
1644833940 19.91 97.57 0 4.076
1644834000 19.93 97.59 0 4.076
1644834060 19.94 97.59 0 4.076
1644834120 19.96 97.61 0 4.082
1644834180 19.94 97.64 0 4.076
1644834240 19.97 97.62 0 4.076
1644834300 19.97 97.66 0 4.076
1644834360 20 97.64 0 4.076
1644834420 20 97.64 0 4.076
1644834480 20 97.65 0 4.076
1644834540 20.03 97.66 0 4.082
1644834600 20.04 97.66 0 4.076
1644834660 20.03 97.64 0 4.076
1644834720 20 97.72 0 4.082
1644834780 20.01 97.66 0 4.076
1644834840 20.01 97.67 0 4.082
1644834900 20 97.7 0 4.076
1644834960 20.01 97.68 0 4.076
1644835020 19.98 97.72 0 4.076
1644835080 19.98 97.71 0 4.076
1644835140 20.01 97.67 0 4.076
1644835200 20.01 97.71 0 4.076
1644835260 20 97.73 0 4.076
1644835320 20.01 97.72 0 4.076
1644835380 20.03 97.74 0 4.076
1644835440 19.98 97.71 0 4.076
1644835500 20.01 97.74 0 4.076
1644835560 20.04 97.73 0 4.076
1644835620 20.06 97.71 0 4.076
1644835680 20.07 97.78 0 4.076
1644835740 20.03 97.77 0 4.076
1644835800 20.01 97.73 0 4.076
1644835860 20.04 97.76 0 4.076
1644835920 20.01 97.75 0 4.076
1644835980 20 97.8 0 4.076
1644836040 19.98 97.78 0 4.076
1644836100 19.96 97.75 0 4.076
1644836160 19.94 97.78 0 4.076
1644836220 19.91 97.75 0 4.076
1644836280 19.87 97.75 0 4.076
1644836340 19.87 97.78 0 4.076
1644836400 19.87 97.78 0 4.076
1644836460 19.86 97.8 0 4.076
1644836520 19.84 97.8 0 4.076
1644836580 19.83 97.81 0 4.076
1644836640 19.83 97.78 0 4.076
1644836700 19.84 97.85 0 4.076
1644836760 19.83 97.82 0 4.076
1644836820 19.81 97.83 0 4.076
1644836880 19.81 97.82 0 4.076
1644836940 19.81 97.81 0 4.076
1644837000 19.81 97.81 0 4.076
1644837060 19.87 97.85 4 4.076
1644837120 19.84 97.83 0 4.076
1644837180 19.86 97.86 4 4.076
1644837240 19.84 97.85 4 4.076
1644837300 19.81 97.87 4 4.076
1644837360 19.81 97.87 4 4.076
1644837420 19.81 97.85 4 4.076
1644837480 19.83 97.87 4 4.076
1644837540 19.81 97.88 4 4.076
1644837600 19.83 97.91 4 4.076
1644837660 19.83 97.87 4 4.076
1644837720 19.86 97.86 4 4.076
1644837780 19.88 97.94 10 4.076
1644837840 19.88 97.89 4 4.076
1644837900 19.86 97.9 4 4.076
1644837960 19.86 97.89 10 4.071
1644838020 19.88 97.92 10 4.071
1644838080 19.86 97.94 10 4.076
1644838140 19.86 97.88 10 4.071
1644838200 19.86 97.94 10 4.076
1644838260 19.84 97.94 10 4.076
1644838320 19.86 97.96 10 4.076
1644838380 19.91 97.95 10 4.076
1644838440 19.97 97.95 10 4.076
1644838500 19.98 97.95 10 4.076
1644838560 20.01 97.93 10 4.076
1644838620 20.01 97.94 10 4.076
1644838680 20.04 97.93 16 4.076
1644838740 20.01 97.92 16 4.076
1644838800 20.03 97.92 16 4.076
1644838860 20.03 97.96 16 4.076
1644838920 20.06 97.94 16 4.076
1644838980 20.04 97.89 16 4.071
1644839040 20.07 97.96 16 4.076
1644839100 20.1 97.95 16 4.076
1644839160 20.08 97.94 16 4.076
1644839220 20.06 97.92 16 4.076
1644839280 20.07 97.95 16 4.076
1644839340 20.1 97.94 16 4.076
1644839400 20.08 97.97 16 4.076
1644839460 20.06 97.93 16 4.076
1644839520 20.04 97.95 22 4.076
1644839580 20.03 97.97 22 4.071
1644839640 20.06 97.97 22 4.071
1644839700 20.08 97.97 22 4.076
1644839760 20.06 97.99 28 4.071
1644839820 20.08 97.98 28 4.071
1644839880 20.16 97.99 28 4.071
1644839940 20.16 97.98 28 4.071
1644840000 20.18 98 28 4.071
1644840060 20.18 97.98 28 4.071
1644840120 20.18 97.99 28 4.071
1644840180 20.16 97.98 28 4.071
1644840240 20.08 97.99 28 4.076
1644840300 20.08 97.97 28 4.071
1644840360 20.1 98.01 28 4.071
1644840420 20.14 97.98 28 4.076
1644840480 20.13 98 28 4.071
1644840540 20.13 98.02 28 4.071
1644840600 20.1 97.99 28 4.071
1644840660 20.16 98.03 34 4.071
1644840720 20.18 98.01 34 4.071
1644840780 20.27 98 28 4.071
1644840840 20.28 98.01 34 4.071
1644840900 20.28 97.99 34 4.071
1644840960 20.31 98.08 34 4.071
1644841020 20.28 98.03 34 4.076
1644841080 20.3 98.03 34 4.071
1644841140 20.26 98.01 40 4.076
1644841200 20.27 98.03 40 4.076
1644841260 20.28 98.01 40 4.076
1644841320 20.28 98.03 46 4.071
1644841380 20.31 98.02 46 4.071
1644841440 20.24 97.97 52 4.076
1644841500 20.27 98.01 58 4.071
1644841560 20.13 98.03 70 4.06
1644841620 20.14 98.02 76 4.071
1644841680 20.18 98.04 76 4.071
1644841740 20.21 98.05 76 4.071
1644841800 20.21 98.11 82 4.071
1644841860 20.2 98.07 82 4.071
1644841920 20.18 98.04 88 4.071
1644841980 20.18 98.04 94 4.071
1644842040 20.23 98.05 100 4.071
1644842100 20.3 98.01 100 4.076
1644842220 20.3 98.03 100 4.071
1644842280 20.34 98.06 106 4.071
1644842340 20.39 98.03 106 4.071
1644842400 20.47 98.08 112 4.071
1644842460 20.52 98.08 118 4.076
1644842520 20.55 98.08 118 4.071
1644842580 20.54 98.07 124 4.071
1644842640 20.62 98.1 124 4.071
1644842700 20.64 98.09 131 4.076
1644842760 20.59 98.07 131 4.071
1644842820 20.72 98.1 131 4.076
1644842880 20.77 98.07 131 4.071
1644842940 20.78 98.1 137 4.071
1644843000 20.82 98.08 131 4.076
1644843060 20.81 98.04 137 4.076
1644843120 20.85 98.11 131 4.076
1644843180 20.93 98.08 131 4.071
1644843240 20.95 98.07 131 4.071
1644843300 21 98.09 124 4.076
1644843360 21.07 98.07 124 4.076
1644843420 21.05 98.06 118 4.071
1644843480 21.07 98.08 112 4.071
1644843540 21.02 98.07 112 4.071
1644843600 21.12 98.1 106 4.071
1644843660 21.13 98.09 112 4.071
1644843720 21.23 98.08 112 4.071
1644843780 21.26 98.06 124 4.071
1644843840 21.3 98.04 131 4.071
1644843900 21.37 98.09 118 4.071
1644843960 21.49 98.07 106 4.071
1644844020 21.52 98.08 106 4.071
1644844080 21.56 98.04 106 4.071
1644844140 21.58 98.01 112 4.071
1644844200 21.58 98.03 118 4.071
1644844260 21.54 98.04 118 4.076
1644844320 21.57 98.02 118 4.071
1644844380 21.67 98.02 124 4.071
1644844440 21.71 98.02 131 4.071
1644844500 21.8 97.99 137 4.076
1644844560 21.83 98.01 149 4.076
1644844620 21.71 97.99 167 4.076
1644844680 21.76 97.97 173 4.071
1644844740 21.79 97.98 179 4.076
1644844800 21.81 97.96 179 4.076
1644844860 21.81 97.91 179 4.076
1644844920 21.84 97.89 167 4.076
1644844980 21.93 97.92 155 4.076
1644845040 22.04 97.92 149 4.071
1644845100 22.07 97.86 143 4.076
1644845160 22.15 97.88 143 4.076
1644845220 22.22 97.84 143 4.071
1644845280 22.18 97.87 143 4.071
1644845340 22.16 97.83 149 4.071
1644845400 22.14 97.82 143 4.076
1644845460 22.22 97.82 143 4.071
1644845520 22.15 97.75 137 4.076
1644845580 22.08 97.73 131 4.071
1644845640 22.08 97.74 124 4.071
1644845700 22.16 97.68 118 4.076
1644845760 22.14 97.66 118 4.071
1644845820 22.15 97.68 118 4.071
1644845880 22.15 97.63 124 4.071
1644845940 22.22 97.65 137 4.076
1644846000 22.22 97.6 149 4.076
1644846060 22.27 97.61 155 4.076
1644846120 22.32 97.56 167 4.071
1644846180 22.39 97.54 161 4.076
1644846240 22.39 97.53 167 4.076
1644846300 22.41 97.48 161 4.076
1644846360 22.3 97.44 155 4.071
1644846420 22.41 97.42 137 4.071
1644846480 22.34 97.4 137 4.071
1644846540 22.41 97.34 131 4.071
1644846600 22.52 97.32 131 4.076
1644846660 22.55 97.28 143 4.076
1644846720 22.59 97.26 149 4.076
1644846780 22.63 97.18 161 4.076
1644846840 22.69 97.14 167 4.076
1644846900 22.75 97.06 167 4.071
1644846960 22.83 97.03 155 4.076
1644847020 22.93 96.97 149 4.071
1644847080 22.9 96.88 161 4.076
1644847140 22.95 96.83 179 4.076
1644847200 23.02 96.76 179 4.076
1644847260 23.03 96.74 185 4.076
1644847320 23.1 96.64 179 4.071
1644847380 23.17 96.56 197 4.076
1644847440 23.17 96.48 221 4.076
1644847500 23.17 96.37 197 4.076
1644847560 23.26 96.32 191 4.076
1644847620 23.29 96.22 197 4.076
1644847680 23.36 96.18 185 4.076
1644847740 23.46 96.11 191 4.076
1644847800 23.47 95.97 209 4.076
1644847860 23.54 95.88 209 4.076
1644847920 23.6 95.8 203 4.076
1644847980 23.63 95.7 203 4.071
1644848040 23.7 95.63 209 4.076
1644848100 23.68 95.54 185 4.076
1644848160 23.64 95.45 209 4.076
1644848220 23.65 95.32 239 4.076
1644848280 23.74 95.23 545 4.076
1644848340 23.78 95.13 557 4.076
1644848400 23.8 95.02 508 4.076
1644848460 23.95 94.98 334 4.076
1644848520 24.07 94.84 227 4.076
1644848580 24.15 94.76 268 4.076
1644848640 24.14 94.66 257 4.076
1644848700 24.21 94.54 245 4.076
1644848760 24.22 94.39 263 4.076
1644848820 24.16 94.27 293 4.076
1644848880 24 94.1 346 4.076
1644848940 24.01 93.96 305 4.076
1644849000 24.04 93.8 316 4.076
1644849060 24.1 93.68 328 4.076
1644849120 24.18 93.49 305 4.082
1644849180 24.28 93.35 275 4.082
1644849240 24.39 93.2 251 4.076
1644849300 24.36 92.98 275 4.076
1644849360 24.45 92.78 287 4.076
1644849420 24.56 92.56 281 4.076
1644849480 24.58 92.33 299 4.082
1644849540 24.62 92.15 281 4.076
1644849600 24.65 91.97 269 4.076
1644849660 24.55 91.74 275 4.076
1644849720 24.46 91.53 287 4.076
1644849780 24.55 91.32 299 4.076
1644849840 24.69 91.08 317 4.076
1644849900 24.8 90.83 329 4.076
1644849960 24.86 90.59 359 4.082
1644850020 24.89 90.37 287 4.082
1644850080 25.09 90.14 257 4.082
1644850140 25.02 89.84 269 4.082
1644850200 24.89 89.55 293 4.082
1644850260 24.87 89.32 305 4.076
1644850320 24.93 89 269 4.082
1644850380 24.89 88.77 269 4.082
1644850440 24.77 88.5 275 4.082
1644850500 24.62 88.21 299 4.082
1644850560 24.67 87.94 287 4.082
1644850620 24.76 87.71 287 4.076
1644850680 24.73 87.54 263 4.082
1644850740 24.76 87.28 275 4.082
1644850800 24.83 87.08 281 4.082
1644850860 24.87 86.83 281 4.082
1644850920 24.87 86.64 233 4.082
1644850980 24.98 86.45 221 4.082
1644851040 24.94 86.24 215 4.082
1644851100 24.97 86.1 233 4.082
1644851160 25 85.96 263 4.076
1644851220 25.13 85.84 263 4.082
1644851280 25.24 85.63 263 4.082
1644851340 25.37 85.42 227 4.076
1644851400 25.34 85.26 203 4.082
1644851460 25.23 85.14 293 4.082
1644851520 25.12 84.9 251 4.076
1644851580 25.17 84.83 275 4.082
1644851640 25.26 84.72 311 4.082
1644851700 25.37 84.65 287 4.082
1644851760 25.38 84.5 269 4.082
1644851820 25.44 84.29 251 4.082
1644851880 25.52 84.13 245 4.082
1644851940 25.51 83.95 287 4.082
1644852000 25.48 83.76 311 4.082
1644852060 25.48 83.53 293 4.087
1644852120 25.64 83.39 299 4.087
1644852180 25.57 83.23 299 4.087
1644852240 25.69 83.03 293 4.087
1644852300 25.75 82.87 299 4.082
1644852360 25.79 82.68 317 4.082
1644852420 25.99 82.58 384 4.082
1644852480 26.01 82.33 353 4.082
1644852540 26.09 82.14 275 4.082
1644852600 26.35 81.97 263 4.082
1644852660 26.4 81.83 311 4.082
1644852720 26.35 81.53 287 4.082
1644852780 26.39 81.22 239 4.087
1644852840 26.5 80.97 233 4.082
1644852900 26.46 80.64 263 4.082
1644852960 26.42 80.34 299 4.082
1644853020 26.4 80.06 281 4.087
1644853080 26.43 79.77 287 4.082
1644853140 26.42 79.49 275 4.087
1644853200 26.43 79.24 275 4.087
1644853260 26.32 78.93 269 4.087
1644853320 26.14 78.64 275 4.082
1644853380 26.06 78.37 281 4.082
1644853440 26.12 78.14 329 4.087
1644853500 26.08 77.95 414 4.082
1644853560 26.14 77.8 371 4.082
1644853620 26.12 77.64 287 4.082
1644853680 26.21 77.55 335 4.087
1644853740 26.3 77.4 515 4.087
1644853800 26.38 77.25 384 4.082
1644853860 26.52 77.12 371 4.087
1644853920 26.63 77.05 359 4.092
1644853980 26.7 76.85 359 4.087
1644854040 26.86 76.66 347 4.087
1644854100 26.91 76.44 293 4.087
1644854160 26.97 76.33 251 4.087
1644854220 26.91 76.14 239 4.082
1644854280 26.7 75.91 239 4.082
1644854340 26.49 75.72 245 4.082
1644854400 26.39 75.46 299 4.087
1644854460 26.26 75.32 353 4.087
1644854520 26.22 75.13 643 4.087
1644854580 26.33 75.03 444 4.092
1644854640 26.38 74.89 293 4.087
1644854700 26.42 74.8 275 4.087
1644854760 26.44 74.79 251 4.087
1644854820 26.43 74.74 233 4.087
1644854880 26.43 74.7 215 4.087
1644854940 26.44 74.63 197 4.087
1644855000 26.47 74.6 185 4.082
1644855060 26.43 74.58 191 4.087
1644855120 26.35 74.63 215 4.087
1644855180 26.23 74.64 227 4.087
1644855240 26.25 74.74 239 4.087
1644855300 26.05 74.68 239 4.087
1644855360 26.01 74.7 281 4.087
1644855420 25.95 74.71 275 4.087
1644855480 25.96 74.79 287 4.087
1644855540 26.14 74.83 341 4.092
1644855600 26.12 74.94 287 4.087
1644855660 26.12 74.96 281 4.087
1644855720 26.22 75.05 281 4.087
1644855780 26.29 75.12 281 4.087
1644855840 26.22 75.05 269 4.087
1644855900 26.26 75.1 269 4.087
1644855960 26.25 75.16 269 4.087
1644856020 26.14 75.11 293 4.087
1644856080 26.16 75.09 799 4.087
1644856140 26.22 75.07 420 4.092
1644856200 26.38 75.05 647 4.082
1644856260 26.44 75.1 263 4.087
1644856320 26.56 75.12 245 4.092
1644856380 26.63 75 239 4.087
1644856440 26.6 75.01 221 4.087
1644856500 26.59 75.06 215 4.087
1644856560 26.5 75.06 209 4.087
1644856620 26.5 75.08 215 4.087
1644856680 26.47 75.06 227 4.087
1644856740 26.35 74.96 233 4.087
1644856800 26.29 74.87 245 4.092
1644856860 26.26 74.85 269 4.087
1644856920 26.19 74.84 287 4.087
1644856980 26.18 74.81 311 4.087
1644857040 26.18 74.7 299 4.092
1644857100 26.12 74.62 323 4.092
1644857160 26.11 74.61 323 4.092
1644857220 26.09 74.61 311 4.098
1644857280 26.09 74.57 864 4.082
1644857340 26.28 74.61 1224 4.082
1644857400 26.49 74.53 1206 4.082
1644857460 26.86 74.48 1206 4.082
1644857520 27.23 74.31 1218 4.082
1644857580 27.51 74.14 1236 4.082
1644857640 27.78 73.91 1284 4.082
1644857700 27.88 73.63 1266 4.082
1644857760 28 73.34 408 4.092
1644857820 28.13 73.06 365 4.087
1644857880 28.16 72.74 335 4.092
1644857940 28.18 72.5 323 4.087
1644858000 28.06 72.22 329 4.087
1644858060 27.92 71.94 347 4.092
1644858120 27.85 71.68 600 4.087
1644858180 27.61 71.48 263 4.087
1644858240 27.41 71.35 239 4.087
1644858300 27.25 71.23 221 4.087
1644858360 27.04 71.15 221 4.087
1644858420 26.98 71.2 221 4.087
1644858480 26.9 71.18 227 4.087
1644858540 26.72 71.22 227 4.087
1644858600 26.64 71.23 239 4.092
1644858660 26.6 71.36 299 4.092
1644858720 26.5 71.45 1027 4.082
1644858780 26.56 71.58 1091 4.082
1644858840 26.63 71.68 701 4.087
1644858900 26.77 71.79 456 4.092
1644858960 26.94 71.93 305 4.087
1644859020 26.93 71.99 305 4.087
1644859080 26.82 71.98 948 4.087
1644859140 26.96 72.02 1200 4.082
1644859200 27.18 72.04 1218 4.087
1644859260 27.48 72.09 1218 4.082
1644859320 27.66 72.05 1218 4.082
1644859380 27.88 71.96 1164 4.082
1644859440 28.02 71.84 1152 4.082
1644859500 28.19 71.63 1109 4.082
1644859560 28.24 71.44 1103 4.082
1644859620 28.36 71.24 905 4.108
1644859680 28.56 71.09 810 4.087
1644859740 28.75 70.92 402 4.092
1644859800 28.86 70.84 972 4.082
1644859860 28.78 70.62 456 4.092
1644859920 28.8 70.4 335 4.092
1644859980 28.61 70.24 451 4.092
1644860040 28.39 70.09 396 4.092
1644860100 28.29 69.86 371 4.092
1644860160 28.02 69.73 1019 4.082
1644860220 27.95 69.63 1037 4.082
1644860280 28.22 69.65 335 4.092
1644860340 28.29 69.54 293 4.087
1644860400 28.26 69.48 281 4.092
1644860460 28.12 69.44 293 4.092
1644860520 27.79 69.32 311 4.087
1644860580 27.78 69.34 335 4.092
1644860640 27.55 69.31 359 4.092
1644860700 27.52 69.35 396 4.092
1644860760 27.48 69.41 1014 4.082
1644860820 27.44 69.47 600 4.087
1644860880 27.64 69.52 570 4.082
1644860940 27.64 69.6 725 4.082
1644861000 27.59 69.63 947 4.082
1644861060 27.72 69.73 977 4.082
1644861120 27.89 69.79 995 4.082
1644861180 28.12 69.86 1037 4.082
1644861240 28.13 69.8 1039 4.082
1644861300 28.2 69.76 1049 4.082
1644861360 28.43 69.7 1049 4.082
1644861420 28.63 69.61 1075 4.108
1644861480 28.45 69.4 1087 4.108
1644861540 28.74 69.3 1082 4.108
1644861600 29.08 69.21 1064 4.114
1644861660 29.14 68.92 1112 4.114
1644861720 29 68.66 1112 4.114
1644861780 29.05 68.48 1132 4.114
1644861840 29.05 68.25 1142 4.114
1644861900 29.22 68.1 1174 4.119
1644861960 29.26 67.94 1180 4.119
1644862020 29.31 67.75 1198 4.119
1644862080 29.41 67.52 1108 4.119
1644862140 29.72 67.31 1090 4.119
1644862200 29.52 67.02 1102 4.119
1644862260 29.71 66.79 1052 4.119
1644862320 29.99 66.52 1082 4.092
1644862380 30 66.17 627 4.103
1644862440 29.79 65.85 1094 4.092
1644862500 29.83 65.51 1021 4.092
1644862560 29.98 65.22 337 4.098
1644862620 29.96 65.09 313 4.098
1644862680 29.85 64.84 313 4.098
1644862740 29.72 64.66 319 4.098
1644862800 29.17 64.43 319 4.103
1644862860 28.82 64.31 1088 4.092
1644862920 28.86 64.31 1070 4.092
1644862980 29.11 64.29 1070 4.087
1644863040 29.32 64.27 655 4.092
1644863100 29.28 64.16 1028 4.087
1644863160 29.24 64.08 427 4.103
1644863220 29.32 64.01 403 4.098
1644863280 29.48 63.92 397 4.103
1644863340 29.48 63.89 1064 4.092
1644863400 29.38 63.82 1040 4.087
1644863460 29.28 63.78 840 4.092
1644863520 29.32 63.66 853 4.087
1644863580 29.31 63.57 1136 4.087
1644863640 29.26 63.54 980 4.092
1644863700 29.24 63.5 451 4.098
1644863760 29.44 63.55 1227 4.092
1644863820 29.45 63.55 445 4.103
1644863880 29.63 63.57 487 4.103
1644863940 29.71 63.58 451 4.103
1644864000 29.61 63.61 1317 4.092
1644864060 29.47 63.63 1286 4.092
1644864120 29.45 63.6 1292 4.092
1644864180 29.61 63.61 1255 4.087
1644864240 29.96 63.65 1177 4.092
1644864300 30.44 63.64 379 4.103
1644864360 30.58 63.49 355 4.098
1644864420 30.68 63.41 343 4.098
1644864480 30.47 63.17 349 4.098
1644864540 29.99 63.01 373 4.103
1644864600 29.89 62.87 421 4.108
1644864660 29.58 62.75 540 4.092
1644864720 29.44 62.76 1251 4.092
1644864780 29.61 62.79 1227 4.092
1644864840 29.56 62.74 1069 4.092
1644864900 29.63 62.71 1221 4.092
1644864960 29.82 62.71 1221 4.087
1644865020 30.1 62.75 1207 4.087
1644865080 30.03 62.66 1213 4.092
1644865140 30.37 62.53 1213 4.087
1644865200 30.88 62.5 1215 4.092
1644865260 31.22 62.35 295 4.098
1644865320 31.04 62.08 263 4.098
1644865380 30.7 61.72 239 4.092
1644865440 30.68 61.58 227 4.098
1644865500 30.56 61.45 234 4.098
1644865560 30.47 61.35 277 4.098
1644865620 30.09 61.26 1179 4.092
1644865680 30.33 61.37 1197 4.092
1644865740 30.44 61.34 858 4.092
1644865800 30.77 61.38 433 4.098
1644865860 30.6 61.16 1130 4.087
1644865920 30.47 61.01 1075 4.087
1644865980 30.63 60.9 1046 4.087
1644866040 30.58 60.85 1046 4.092
1644866100 30.77 60.87 1021 4.087
1644866160 30.84 60.87 1033 4.087
1644866220 31.15 60.84 1014 4.087
1644866280 31.25 60.76 1039 4.092
1644866340 31.15 60.61 1045 4.087
1644866400 31.31 60.54 1082 4.092
1644866460 31.39 60.31 1087 4.087
1644866520 31.36 59.9 1111 4.087
1644866580 31.56 59.7 1117 4.087
1644866640 31.62 59.43 1117 4.092
1644866700 31.79 59.27 1105 4.087
1644866760 31.97 59.02 1093 4.087
1644866820 32.04 58.67 1087 4.087
1644866880 32.04 58.32 1081 4.087
1644866940 31.96 58.06 1094 4.087
1644867000 31.58 57.75 1082 4.087
1644867060 31.8 57.65 1081 4.087
1644867120 32.16 57.49 1084 4.098
1644867180 32.13 57.23 1063 4.087
1644867240 31.77 56.95 1027 4.087
1644867300 31.63 56.84 1014 4.087
1644867360 31.52 56.65 727 4.092
1644867420 31.59 56.62 305 4.092
1644867480 31.55 56.55 203 4.092
1644867540 31.26 56.52 191 4.092
1644867600 31.24 56.45 179 4.092
1644867660 31.12 56.44 179 4.092
1644867720 30.99 56.48 179 4.087
1644867780 30.38 56.39 191 4.087
1644867840 29.95 56.49 215 4.092
1644867900 29.61 56.74 222 4.098
1644867960 29.53 57.05 227 4.092
1644868020 29.32 57.32 239 4.092
1644868080 29.24 57.58 245 4.098
1644868140 29.24 57.97 239 4.092
1644868200 28.96 58.35 233 4.092
1644868260 28.64 58.68 245 4.092
1644868320 28.61 58.99 295 4.092
1644868380 28.75 59.41 246 4.098
1644868440 28.75 59.8 234 4.098
1644868500 28.67 60.17 228 4.092
1644868560 28.46 60.47 209 4.092
1644868620 28.36 60.84 203 4.092
1644868680 28.29 61.2 221 4.092
1644868740 28.37 61.6 697 4.098
1644868800 28.36 61.91 902 4.098
1644868860 28.56 62.24 879 4.098
1644868920 28.7 62.61 789 4.098
1644868980 28.97 62.91 813 4.098
1644869040 29.12 63.09 257 4.098
1644869100 29.14 63.23 319 4.098
1644869160 29.14 63.35 807 4.098
1644869220 29.1 63.46 813 4.098
1644869280 29.35 63.63 795 4.098
1644869340 29.53 63.75 758 4.098
1644869400 29.69 63.79 752 4.098
1644869460 29.9 63.81 734 4.098
1644869520 29.86 63.8 758 4.098
1644869580 29.58 63.69 662 4.098
1644869640 29.77 63.7 734 4.098
1644869700 30.22 63.73 716 4.098
1644869760 30.44 63.66 656 4.098
1644869820 30.4 63.53 686 4.098
1644869880 30.16 63.33 704 4.103
1644869940 30.07 63.21 722 4.103
1644870000 29.83 63.06 740 4.098
1644870060 29.69 62.93 692 4.103
1644870120 29.39 62.82 801 4.108
1644870180 29.39 62.8 789 4.103
1644870240 29.39 62.84 772 4.108
1644870300 29.52 62.79 777 4.108
1644870360 29.61 62.8 748 4.108
1644870420 29.76 62.83 740 4.103
1644870480 30.05 62.87 728 4.103
1644870540 29.95 62.83 644 4.103
1644870600 29.96 62.79 597 4.108
1644870660 30.22 62.78 512 4.108
1644870720 30.4 62.75 463 4.103
1644870780 30.3 62.64 246 4.103
1644870840 30.09 62.6 451 4.108
1644870900 29.85 62.53 277 4.103
1644870960 29.77 62.56 658 4.108
1644871020 29.71 62.64 664 4.108
1644871080 29.55 62.61 572 4.103
1644871140 29.49 62.63 548 4.108
1644871200 29.51 62.64 525 4.108
1644871260 29.58 62.66 427 4.103
1644871320 29.58 62.69 379 4.103
1644871380 29.56 62.73 313 4.103
1644871440 29.44 62.77 168 4.103
1644871500 29.39 62.84 168 4.098
1644871560 29.14 62.82 246 4.103
1644871620 28.96 62.83 373 4.103
1644871680 28.86 62.88 403 4.103
1644871740 28.67 63 433 4.108
1644871800 28.47 63.06 433 4.108
1644871860 28.49 63.27 192 4.103
1644871920 28.45 63.44 174 4.103
1644871980 28.47 63.56 168 4.103
1644872040 28.51 63.7 409 4.103
1644872100 28.51 63.91 403 4.108
1644872160 28.37 64.02 409 4.108
1644872220 28.39 64.19 397 4.103
1644872280 28.39 64.37 228 4.103
1644872340 28.27 64.54 259 4.108
1644872400 28.23 64.67 204 4.103
1644872460 28.19 64.82 186 4.103
1644872520 28.27 65.04 186 4.103
1644872580 28.18 65.23 168 4.103
1644872640 28 65.44 150 4.103
1644872700 28.03 65.64 138 4.103
1644872760 28.1 65.77 132 4.103
1644872820 27.92 65.95 120 4.103
1644872880 27.79 66.18 114 4.103
1644872940 27.68 66.39 120 4.103
1644873000 27.64 66.64 120 4.103
1644873060 27.58 66.84 120 4.103
1644873120 27.59 67.04 120 4.098
1644873180 27.51 67.23 114 4.098
1644873240 27.61 67.4 114 4.103
1644873300 27.49 67.63 114 4.098
1644873360 27.4 67.8 108 4.098
1644873420 27.28 67.93 108 4.103
1644873480 27.2 68.05 108 4.103
1644873540 27.1 68.21 108 4.098
1644873600 26.97 68.33 108 4.103
1644873660 26.96 68.52 108 4.098
1644873720 26.91 68.66 102 4.098
1644873780 26.98 68.81 114 4.103
1644873840 26.97 68.93 126 4.103
1644873900 26.91 69.08 150 4.103
1644873960 26.96 69.23 180 4.103
1644874020 26.96 69.36 204 4.103
1644874080 26.91 69.55 210 4.103
1644874140 26.96 69.61 204 4.103
1644874200 27.04 69.7 204 4.103
1644874260 27.14 69.74 198 4.103
1644874320 27.17 69.82 186 4.103
1644874380 27.21 69.9 174 4.103
1644874440 27.25 69.94 168 4.103
1644874500 27.27 69.98 162 4.103
1644874560 27.28 70 156 4.103
1644874620 27.3 70.08 144 4.103
1644874680 27.2 70.12 138 4.108
1644874740 27.11 70.18 132 4.103
1644874800 27.13 70.25 114 4.103
1644874860 27.15 70.37 108 4.103
1644874920 27.08 70.37 96 4.098
1644874980 27.07 70.48 90 4.098
1644875040 26.94 70.52 78 4.103
1644875100 26.87 70.62 72 4.103
1644875160 26.83 70.65 66 4.103
1644875220 26.84 70.73 66 4.098
1644875280 26.79 70.8 60 4.103
1644875340 26.8 70.92 60 4.098
1644875400 26.76 71 60 4.103
1644875460 26.69 71.07 60 4.103
1644875520 26.7 71.18 54 4.098
1644875580 26.62 71.27 54 4.098
1644875640 26.52 71.34 54 4.098
1644875700 26.47 71.41 48 4.103
1644875760 26.52 71.56 48 4.098
1644875820 26.49 71.73 48 4.098
1644875880 26.46 71.83 48 4.098
1644875940 26.44 71.95 42 4.098
1644876000 26.46 72.09 42 4.098
1644876060 26.35 72.23 42 4.098
1644876120 26.26 72.33 36 4.098
1644876180 26.26 72.5 36 4.098
1644876240 26.25 72.56 36 4.098
1644876300 26.21 72.72 30 4.103
1644876360 26.18 72.82 24 4.098
1644876420 26.12 72.96 24 4.098
1644876480 26.02 73.11 24 4.098
1644876540 25.95 73.29 18 4.098
1644876600 25.88 73.47 18 4.098
1644876660 25.82 73.68 18 4.098
1644876720 25.69 73.91 18 4.098
1644876780 25.68 74.14 18 4.098
1644876840 25.61 74.37 24 4.098
1644876900 25.56 74.55 18 4.092
1644876960 25.49 74.78 24 4.098
1644877020 25.52 74.99 24 4.098
1644877080 25.44 75.17 24 4.098
1644877140 25.45 75.34 30 4.098
1644877200 25.48 75.47 36 4.098
1644877260 25.51 75.62 36 4.098
1644877320 25.49 75.78 36 4.098
1644877380 25.48 75.88 36 4.098
1644877440 25.45 75.96 42 4.098
1644877500 25.45 76.05 54 4.098
1644877560 25.45 76.13 60 4.098
1644877620 25.48 76.19 58 4.098
1644877680 25.48 76.25 54 4.098
1644877740 25.42 76.35 60 4.098
1644877800 25.41 76.41 60 4.098
1644877860 25.37 76.47 60 4.098
1644877920 25.3 76.52 66 4.098
1644877980 25.27 76.57 66 4.098
1644878040 25.26 76.64 66 4.098
1644878100 25.18 76.68 66 4.098
1644878160 25.02 76.63 66 4.098
1644878220 24.97 76.67 60 4.098
1644878280 24.89 76.68 54 4.098
1644878340 24.75 76.66 48 4.092
1644878400 24.67 76.71 42 4.098
1644878460 24.66 76.76 36 4.098
1644878520 24.61 76.77 28 4.092
1644878580 24.59 76.79 24 4.098
1644878640 24.55 76.78 18 4.098
1644878700 24.56 76.82 10 4.098
1644878760 24.56 76.84 12 4.098
1644878820 24.62 76.81 10 4.098
1644878880 24.59 76.77 4 4.098
1644878940 24.59 76.87 6 4.098
1644879000 24.56 76.86 6 4.098
1644879060 24.51 76.88 6 4.098
1644879120 24.52 76.96 6 4.098
1644879180 24.51 77.01 6 4.098
1644879240 24.48 76.97 4 4.098
1644879300 24.48 77.01 6 4.098
1644879360 24.48 77.03 6 4.098
1644879420 24.51 76.98 4 4.098
1644879480 24.51 76.99 0 4.098
1644879540 24.51 76.93 6 4.092
1644879600 24.53 76.93 0 4.098
1644879660 24.51 76.87 6 4.098
1644879720 24.48 76.85 0 4.098
1644879780 24.46 76.82 0 4.092
1644879840 24.45 76.78 0 4.092
1644879900 24.45 76.77 0 4.098
1644879960 24.45 76.7 0 4.098
1644880020 24.4 76.69 0 4.098
1644880080 24.36 76.61 0 4.098
1644880140 24.35 76.59 0 4.098
1644880200 24.35 76.55 0 4.098
1644880260 24.29 76.53 0 4.092
1644880320 24.26 76.5 0 4.092
1644880380 24.25 76.46 0 4.092
1644880440 24.23 76.48 0 4.098
1644880500 24.18 76.46 0 4.098
1644880560 24.16 76.42 0 4.098
1644880620 24.11 76.44 0 4.092
1644880680 24.02 76.44 0 4.098
1644880740 23.97 76.44 0 4.092
1644880800 23.89 76.48 0 4.098
1644880860 23.88 76.47 0 4.092
1644880920 23.88 76.5 0 4.098
1644880980 23.87 76.57 0 4.098
1644881040 23.88 76.59 0 4.092
1644881100 23.82 76.68 0 4.098
1644881160 23.78 76.75 0 4.098
1644881220 23.68 76.79 0 4.092
1644881280 23.65 76.96 0 4.092
1644881340 23.64 77.08 0 4.092
1644881400 23.56 77.23 0 4.098
1644881460 23.54 77.42 0 4.098
1644881520 23.5 77.57 0 4.092
1644881580 23.44 77.73 0 4.092
1644881640 23.44 77.92 0 4.092
1644881700 23.39 78.09 0 4.092
1644881760 23.4 78.3 0 4.092
1644881820 23.39 78.46 0 4.092
1644881880 23.34 78.64 0 4.092
1644881940 23.36 78.86 0 4.092
1644882000 23.36 79.06 0 4.092
1644882060 23.39 79.27 0 4.092
1644882120 23.36 79.49 0 4.092
1644882180 23.37 79.71 0 4.092
1644882240 23.37 79.91 0 4.092
1644882300 23.39 80.14 0 4.098
1644882360 23.39 80.32 0 4.092
1644882420 23.41 80.52 0 4.092
1644882480 23.4 80.7 0 4.092
1644882540 23.44 80.87 0 4.092
1644882600 23.43 81.03 0 4.098
1644882660 23.47 81.21 0 4.092
1644882720 23.53 81.32 0 4.092
1644882780 23.59 81.44 0 4.092
1644882840 23.54 81.6 0 4.098
1644882900 23.53 81.75 0 4.092
1644882960 23.53 81.87 0 4.092
1644883020 23.51 82.04 0 4.092
1644883080 23.54 82.23 0 4.092
1644883140 23.47 82.39 0 4.092
1644883200 23.41 82.47 0 4.092
1644883260 23.44 82.64 0 4.092
1644883320 23.44 82.8 0 4.092
1644883380 23.44 82.95 0 4.092
1644883440 23.46 83.13 0 4.092
1644883500 23.41 83.32 0 4.092
1644883560 23.43 83.51 0 4.092
1644883620 23.43 83.67 0 4.092
1644883680 23.37 83.84 0 4.092
1644883740 23.31 83.96 0 4.092
1644883800 23.29 84.21 0 4.092
1644883860 23.23 84.4 0 4.092
1644883920 23.14 84.61 0 4.092
1644883980 23.14 84.8 0 4.092
1644884040 23.1 84.96 0 4.092
1644884100 23.02 85.12 0 4.092
1644884160 23 85.29 0 4.092
1644884220 23 85.49 0 4.092
1644884280 23.02 85.62 0 4.092
1644884340 22.95 85.78 0 4.098
1644884400 22.97 85.94 0 4.092
1644884460 22.95 86.11 0 4.092
1644884520 22.92 86.22 0 4.092
1644884580 22.89 86.39 0 4.092
1644884640 22.92 86.5 0 4.092
1644884700 22.9 86.63 0 4.092
1644884760 22.95 86.82 0 4.092
1644884820 22.93 86.87 0 4.092
1644884880 22.92 87.04 0 4.092
1644884940 22.88 87.11 0 4.092
1644885000 22.86 87.2 0 4.092
1644885060 22.83 87.28 0 4.092
1644885120 22.86 87.39 0 4.092
1644885180 22.82 87.47 0 4.092
1644885240 22.82 87.58 0 4.092
1644885300 22.79 87.66 0 4.092
1644885360 22.79 87.67 0 4.092
1644885420 22.79 87.76 0 4.092
1644885480 22.79 87.77 0 4.092
1644885540 22.8 87.87 0 4.092
1644885600 22.8 87.93 0 4.092
1644885660 22.76 87.94 0 4.092
1644885720 22.86 87.94 0 4.087
1644885780 22.83 87.96 0 4.092
1644885840 22.85 87.97 0 4.092
1644885900 22.86 87.96 0 4.087
1644885960 22.89 87.96 0 4.092
1644886020 22.93 87.92 0 4.092
1644886080 22.97 87.91 0 4.092
1644886140 22.97 87.89 0 4.092
1644886200 22.99 87.91 0 4.092
1644886260 22.97 87.91 0 4.092
1644886320 23.02 87.87 0 4.092
1644886380 23.02 87.82 0 4.092
1644886440 23.02 87.78 0 4.092
1644886500 23.06 87.76 0 4.092
1644886560 23.07 87.72 0 4.092
1644886620 23.09 87.73 0 4.087
1644886680 23.1 87.65 0 4.092
1644886740 23.1 87.6 0 4.087
1644886800 23.12 87.57 0 4.092
1644886860 23.17 87.55 0 4.092
1644886920 23.13 87.53 0 4.092
1644886980 23.13 87.46 0 4.092
1644887040 23.13 87.48 0 4.087
1644887100 23.14 87.41 0 4.087
1644887160 23.1 87.39 0 4.087
1644887220 23.07 87.34 0 4.092
1644887280 23.1 87.31 0 4.087
1644887340 23.07 87.26 0 4.087
1644887400 23.06 87.16 0 4.087
1644887460 23.09 87.08 0 4.092
1644887520 23.07 87.04 0 4.087
1644887580 23.1 86.98 0 4.087
1644887640 23.07 86.91 0 4.092
1644887700 23.07 86.83 0 4.092
1644887760 23.05 86.74 0 4.087
1644887820 23.05 86.64 0 4.092
1644887880 23.02 86.58 0 4.087
1644887940 23.05 86.53 0 4.087
1644888000 23.02 86.45 0 4.092
1644888060 22.99 86.41 0 4.092
1644888120 22.99 86.36 0 4.092
1644888180 22.96 86.25 0 4.087
1644888240 22.96 86.21 0 4.092
1644888300 22.96 86.16 0 4.087
1644888360 22.99 86.11 0 4.087
1644888420 22.99 86.05 0 4.087
1644888480 22.99 85.99 0 4.087
1644888540 22.97 85.93 0 4.087
1644888600 23 85.87 0 4.092
1644888660 23 85.84 0 4.087
1644888720 23.02 85.78 0 4.092
1644888780 23.05 85.7 0 4.092
1644888840 23.02 85.63 0 4.087
1644888900 23.03 85.57 0 4.087
1644888960 23.03 85.51 0 4.087
1644889020 23.02 85.43 0 4.087
1644889080 22.99 85.37 0 4.087
1644889140 23 85.36 0 4.087
1644889200 23 85.31 0 4.087
1644889260 22.99 85.28 0 4.087
1644889320 23.02 85.24 0 4.087
1644889380 23 85.16 0 4.087
1644889440 22.99 85.14 0 4.087
1644889500 23 85.13 0 4.087
1644889560 23 85.09 0 4.092
1644889620 22.97 85.03 0 4.087
1644889680 22.99 85.02 0 4.087
1644889740 23 85 0 4.087
1644889800 23.05 85 0 4.087
1644889860 23.02 85.01 0 4.087
1644889920 23 85.01 0 4.087
1644889980 23.02 84.98 0 4.087
1644890040 23.02 85 0 4.087
1644890100 23.05 84.92 0 4.092
1644890160 23.05 84.88 0 4.087
1644890220 23.06 84.87 0 4.087
1644890280 23.07 84.88 0 4.087
1644890340 23.07 84.81 0 4.087
1644890400 23.06 84.76 0 4.087
1644890460 23.07 84.71 0 4.087
1644890520 23.12 84.68 0 4.087
1644890580 23.07 84.59 0 4.087
1644890640 23.07 84.58 0 4.087
1644890700 23.1 84.53 0 4.087
1644890760 23.1 84.47 0 4.087
1644890820 23.09 84.42 0 4.087
1644890880 23.09 84.43 0 4.087
1644890940 23.09 84.36 0 4.087
1644891000 23.06 84.28 0 4.087
1644891060 23.05 84.21 0 4.087
1644891120 23.06 84.16 0 4.082
1644891180 23.09 84.08 0 4.087
1644891240 23.07 84.06 0 4.087
1644891300 23.06 84.04 0 4.087
1644891360 23.06 83.99 0 4.087
1644891420 23.06 83.93 0 4.087
1644891480 23.05 83.91 0 4.087
1644891540 23.03 83.9 0 4.087
1644891600 23.03 83.84 0 4.087
1644891660 23.05 83.81 0 4.087
1644891720 23.05 83.83 0 4.087
1644891780 23.07 83.8 0 4.087
1644891840 23.12 83.83 0 4.087
1644891900 23.13 83.8 0 4.087
1644891960 23.06 83.78 0 4.087
1644892020 23.05 83.75 0 4.087
1644892080 23.06 83.68 0 4.087
1644892140 23.05 83.64 0 4.087
1644892200 23.05 83.57 0 4.087
1644892260 23.05 83.5 0 4.087
1644892320 23.09 83.51 0 4.087
1644892380 23.05 83.45 0 4.087
1644892440 23.06 83.41 0 4.087
1644892500 23.05 83.39 0 4.087
1644892560 23.03 83.34 0 4.087
1644892620 23.03 83.31 0 4.087
1644892680 23.03 83.27 0 4.087
1644892740 23.06 83.25 0 4.087
1644892800 23.03 83.23 0 4.087
1644892860 23.03 83.2 0 4.082
1644892920 23 83.17 0 4.087
1644892980 22.99 83.13 0 4.087
1644893040 22.99 83.08 0 4.082
1644893100 22.96 83.06 0 4.087
1644893160 22.96 83.04 0 4.082
1644893220 22.96 83.07 0 4.087
1644893280 22.96 83.05 0 4.087
1644893340 23 83.05 0 4.087
1644893400 22.97 83.04 0 4.082
1644893460 22.96 83.05 0 4.087
1644893520 22.95 83.03 0 4.087
1644893580 22.92 83.07 0 4.087
1644893640 22.93 83.1 0 4.082
1644893700 22.9 83.13 0 4.087
1644893760 22.88 83.16 0 4.087
1644893820 22.89 83.19 0 4.082
1644893880 22.86 83.22 0 4.087
1644893940 22.89 83.27 0 4.087
1644894000 22.88 83.28 0 4.082
1644894060 22.89 83.34 0 4.087
1644894120 22.88 83.39 0 4.087
1644894180 22.86 83.46 0 4.087
1644894240 22.86 83.46 0 4.087
1644894300 22.88 83.51 0 4.087
1644894360 22.85 83.58 0 4.087
1644894420 22.86 83.63 0 4.087
1644894480 22.89 83.67 0 4.087
1644894540 22.92 83.71 0 4.087
1644894600 22.92 83.77 0 4.087
1644894660 22.9 83.84 0 4.087
1644894720 22.9 83.87 0 4.087
1644894780 22.92 83.9 0 4.087
1644894840 22.9 83.92 0 4.087
1644894900 22.89 83.95 0 4.087
1644894960 22.88 84 0 4.082
1644895020 22.86 84.02 0 4.087
1644895080 22.85 84.05 0 4.082
1644895140 22.88 84.06 0 4.087
1644895200 22.89 84.14 0 4.082
1644895260 22.88 84.2 0 4.087
1644895320 22.88 84.23 0 4.087
1644895380 22.86 84.24 0 4.087
1644895440 22.85 84.24 0 4.082
1644895500 22.89 84.26 0 4.087
1644895560 22.88 84.29 0 4.082
1644895620 22.86 84.27 0 4.082
1644895680 22.9 84.35 0 4.087
1644895740 22.85 84.4 0 4.087
1644895800 22.82 84.44 0 4.087
1644895860 22.76 84.52 0 4.082
1644895920 22.78 84.62 0 4.082
1644895980 22.78 84.68 0 4.082
1644896040 22.79 84.78 0 4.087
1644896100 22.82 84.87 0 4.087
1644896160 22.82 84.97 0 4.082
1644896220 22.79 85.06 0 4.087
1644896280 22.78 85.15 0 4.087
1644896340 22.82 85.25 0 4.087
1644896400 22.86 85.39 0 4.087
1644896460 22.85 85.47 0 4.087
1644896520 22.85 85.61 0 4.082
1644896580 22.86 85.75 0 4.082
1644896640 22.83 85.88 0 4.082
1644896700 22.85 86.1 0 4.082
1644896760 22.48 86.16 0 4.082
1644896820 22.16 86.37 0 4.087
1644896880 21.88 86.52 0 4.082
1644896940 21.68 86.69 0 4.082
1644897000 21.53 86.82 0 4.082
1644897060 21.4 87.08 0 4.082
1644897120 21.34 87.35 0 4.087
1644897180 21.32 87.6 0 4.087
1644897240 21.28 87.92 0 4.087
1644897300 21.29 88.24 0 4.082
1644897360 21.29 88.59 0 4.087
1644897420 21.23 88.94 0 4.082
1644897480 21.23 89.26 0 4.082
1644897540 21.2 89.59 0 4.087
1644897600 21.19 89.86 0 4.087
1644897660 21.19 90.22 0 4.082
1644897720 21.22 90.42 0 4.082
1644897780 21.22 90.67 0 4.082
1644897840 21.22 90.93 0 4.082
1644897900 21.18 91.15 0 4.087
1644897960 21.18 91.38 0 4.082
1644898020 21.16 91.54 0 4.082
1644898080 21.14 91.74 0 4.082
1644898140 21.13 91.9 0 4.087
1644898200 21.12 92.09 0 4.082
1644898260 21.12 92.24 0 4.082
1644898320 21.13 92.41 0 4.087
1644898380 21.1 92.53 0 4.082
1644898440 21.06 92.66 0 4.082
1644898500 21.07 92.8 0 4.087
1644898560 21.03 92.87 0 4.082
1644898620 21.09 92.98 0 4.087
1644898680 21.05 93.07 0 4.087
1644898740 21.06 93.19 0 4.082
1644898800 21.09 93.27 0 4.087
1644898860 21.09 93.36 0 4.082
1644898920 21.05 93.51 0 4.082
1644898980 21.07 93.59 0 4.082
1644899040 21.09 93.6 0 4.082
1644899100 21.09 93.73 0 4.087
1644899160 21.1 93.81 0 4.082
1644899220 21.12 93.83 0 4.082
1644899280 21.18 93.97 0 4.087
1644899340 21.2 94.06 0 4.087
1644899400 21.19 94.12 0 4.082
1644899460 21.22 94.2 0 4.082
1644899520 21.19 94.26 0 4.087
1644899580 21.19 94.32 0 4.082
1644899640 21.23 94.41 0 4.082
1644899700 21.25 94.48 0 4.082
1644899760 21.25 94.54 0 4.082
1644899820 21.26 94.56 0 4.082
1644899880 21.23 94.62 0 4.082
1644899940 21.25 94.68 0 4.082
1644900000 21.22 94.74 0 4.082
1644900060 21.2 94.8 0 4.082
1644900120 21.19 94.82 0 4.082
1644900180 21.07 94.87 0 4.082
1644900240 21.05 94.92 0 4.082
1644900300 21.03 94.98 0 4.082
1644900360 21.09 94.99 0 4.082
1644900420 21.07 95.06 0 4.082
1644900480 21.09 95.04 0 4.082
1644900540 21.05 95.11 0 4.087
1644900600 21.03 95.18 0 4.082
1644900660 21.02 95.19 0 4.082
1644900720 21.03 95.26 0 4.082
1644900780 21.06 95.27 0 4.082
1644900840 21.12 95.27 0 4.082
1644900900 21.14 95.33 0 4.082
1644900960 21.13 95.35 0 4.082
1644901020 21.14 95.4 0 4.082
1644901080 21.16 95.42 0 4.082
1644901140 21.18 95.48 0 4.082
