1637816400 19.41 98.72 0 4.049
1637816460 19.36 98.65 0 4.049
1637816520 19.34 98.62 0 4.049
1637816580 19.3 98.6 0 4.049
1637816640 19.29 98.61 0 4.049
1637816700 19.26 98.65 0 4.049
1637816760 19.32 98.77 0 4.049
1637816820 19.34 98.78 0 4.049
1637816880 19.29 98.72 0 4.049
1637816940 19.33 98.75 0 4.049
1637817000 19.33 98.8 0 4.049
1637817060 19.3 98.78 0 4.049
1637817120 19.36 98.81 0 4.049
1637817180 19.36 98.81 0 4.049
1637817240 19.43 98.93 0 4.055
1637817300 19.44 98.86 0 4.049
1637817360 19.44 98.89 0 4.049
1637817420 19.38 98.86 0 4.049
1637817480 19.41 98.89 0 4.055
1637817540 19.43 98.88 0 4.049
1637817600 19.41 98.91 0 4.049
1637817660 19.44 98.9 0 4.049
1637817720 19.43 98.92 0 4.049
1637817780 19.47 98.95 0 4.049
1637817840 19.49 98.93 0 4.049
1637817900 19.49 98.91 0 4.049
1637817960 19.49 98.94 0 4.049
1637818020 19.49 98.94 0 4.049
1637818080 19.44 98.89 0 4.049
1637818140 19.43 98.91 0 4.049
1637818200 19.4 98.89 0 4.049
1637818260 19.36 98.86 0 4.049
1637818320 19.27 98.77 0 4.049
1637818380 19.29 98.85 0 4.049
1637818440 19.29 98.83 0 4.049
1637818500 19.32 98.88 0 4.049
1637818560 19.27 98.87 0 4.049
1637818620 19.26 98.85 0 4.049
1637818680 19.29 98.91 0 4.049
1637818740 19.32 98.96 0 4.049
1637818800 19.3 98.97 0 4.049
1637818860 19.33 98.95 0 4.049
1637818920 19.36 98.97 0 4.049
1637818980 19.36 98.95 0 4.049
1637819040 19.34 98.95 0 4.049
1637819100 19.37 98.95 0 4.049
1637819160 19.33 98.91 0 4.049
1637819220 19.29 98.86 0 4.049
1637819280 19.27 98.92 0 4.049
1637819340 19.37 99.02 0 4.049
1637819400 19.37 99 0 4.049
1637819460 19.41 99.02 0 4.049
1637819520 19.44 98.98 0 4.049
1637819580 19.49 99.06 0 4.049
1637819640 19.46 99.01 0 4.049
1637819700 19.47 99.06 0 4.044
1637819760 19.49 99.04 0 4.049
1637819820 19.5 99.06 0 4.049
1637819880 19.52 99.08 0 4.049
1637819940 19.53 99.11 0 4.049
1637820000 19.53 99.08 0 4.049
1637820060 19.5 99.07 0 4.049
1637820120 19.5 99.11 0 4.049
1637820180 19.5 99.11 0 4.049
1637820240 19.43 99.05 0 4.049
1637820300 19.41 99.05 0 4.049
1637820360 19.38 99.07 0 4.049
1637820420 19.43 99.08 0 4.049
1637820480 19.38 99.11 0 4.049
1637820540 19.43 99.14 0 4.049
1637820600 19.4 99.14 0 4.049
1637820660 19.4 99.13 0 4.049
1637820720 19.41 99.16 0 4.044
1637820780 19.47 99.18 0 4.049
1637820840 19.49 99.19 0 4.049
1637820900 19.43 99.17 0 4.049
1637820960 19.4 99.12 0 4.049
1637821020 19.34 99.15 0 4.049
1637821080 19.3 99.1 0 4.049
1637821140 19.33 99.15 0 4.049
1637821200 19.4 99.19 0 4.049
1637821260 19.47 99.25 0 4.049
1637821320 19.29 99.08 0 4.049
1637821380 19.29 99.09 0 4.049
1637821440 19.33 99.13 0 4.049
1637821500 19.37 99.21 0 4.044
1637821560 19.41 99.21 0 4.049
1637821620 19.4 99.19 0 4.044
1637821680 19.32 99.09 0 4.049
1637821740 19.29 99.11 0 4.049
1637821800 19.33 99.2 0 4.049
1637821860 19.33 99.16 0 4.049
1637821920 19.32 99.11 0 4.049
1637821980 19.26 99.11 0 4.049
1637822040 19.29 99.15 0 4.049
1637822100 19.33 99.18 0 4.049
1637822160 19.3 99.15 0 4.049
1637822220 19.3 99.17 0 4.049
1637822280 19.37 99.25 0 4.049
1637822340 19.38 99.21 0 4.049
1637822400 19.38 99.18 0 4.049
1637822460 19.36 99.21 0 4.049
1637822520 19.37 99.2 0 4.044
1637822580 19.43 99.25 0 4.049
1637822640 19.47 99.25 0 4.049
1637822700 19.47 99.24 0 4.049
1637822760 19.52 99.26 0 4.049
1637822820 19.53 99.29 0 4.049
1637822880 19.52 99.25 0 4.049
1637822940 19.53 99.25 0 4.049
1637823000 19.56 99.29 0 4.044
1637823060 19.53 99.23 0 4.049
1637823120 19.53 99.24 0 4.044
1637823180 19.52 99.25 0 4.049
1637823240 19.54 99.31 0 4.049
1637823300 19.57 99.3 0 4.049
1637823360 19.57 99.28 0 4.044
1637823420 19.5 99.22 0 4.049
1637823480 19.5 99.25 0 4.049
1637823540 19.53 99.24 0 4.044
1637823600 19.47 99.24 0 4.049
1637823660 19.38 99.14 0 4.044
1637823720 19.37 99.14 0 4.049
1637823780 19.36 99.13 0 4.049
1637823840 19.41 99.17 0 4.049
1637823900 19.37 99.17 0 4.049
1637823960 19.43 99.21 0 4.049
1637824020 19.46 99.22 0 4.049
1637824080 19.44 99.25 0 4.044
1637824140 19.41 99.19 0 4.049
1637824200 19.32 99.14 0 4.044
1637824260 19.36 99.17 0 4.049
1637824320 19.37 99.21 0 4.049
1637824380 19.37 99.19 0 4.044
1637824440 19.38 99.17 0 4.049
1637824500 19.43 99.25 0 4.044
1637824560 19.47 99.28 0 4.049
1637824620 19.44 99.23 0 4.049
1637824680 19.43 99.18 0 4.049
1637824740 19.41 99.18 0 4.049
1637824800 19.38 99.21 0 4.049
1637824860 19.43 99.22 0 4.044
1637824920 19.44 99.23 0 4.044
1637824980 19.44 99.21 0 4.044
1637825040 19.43 99.21 0 4.049
1637825100 19.44 99.22 0 4.044
1637825160 19.43 99.21 0 4.044
1637825220 19.38 99.15 0 4.044
1637825280 19.38 99.2 0 4.049
1637825340 19.43 99.24 0 4.044
1637825400 19.46 99.25 0 4.044
1637825460 19.44 99.21 0 4.049
1637825520 19.44 99.22 0 4.044
1637825580 19.46 99.22 0 4.049
1637825640 19.49 99.22 0 4.049
1637825700 19.49 99.25 0 4.044
1637825760 19.44 99.23 0 4.049
1637825820 19.44 99.21 0 4.044
1637825880 19.41 99.18 0 4.049
1637825940 19.37 99.2 0 4.044
1637826000 19.4 99.2 0 4.049
1637826060 19.44 99.24 0 4.049
1637826120 19.41 99.24 0 4.044
1637826180 19.46 99.24 0 4.044
1637826240 19.37 99.17 0 4.044
1637826300 19.38 99.23 0 4.044
1637826360 19.38 99.2 0 4.049
1637826420 19.41 99.22 0 4.044
1637826480 19.41 99.22 0 4.049
1637826540 19.46 99.31 0 4.044
1637826600 19.52 99.29 0 4.044
1637826660 19.5 99.25 0 4.044
1637826720 19.47 99.26 0 4.044
1637826780 19.5 99.26 0 4.049
1637826840 19.47 99.24 0 4.049
1637826900 19.43 99.16 0 4.044
1637826960 19.43 99.17 0 4.044
1637827020 19.44 99.22 0 4.044
1637827080 19.41 99.09 0 4.044
1637827140 19.33 99.02 0 4.044
1637827200 19.3 98.98 0 4.044
1637827260 19.32 99.02 0 4.044
1637827320 19.37 99.11 0 4.044
1637827380 19.36 99.07 0 4.044
1637827440 19.41 99.14 0 4.044
1637827500 19.43 99.13 0 4.049
1637827560 19.44 99.08 0 4.044
1637827620 19.41 99.09 0 4.044
1637827680 19.46 99.15 0 4.049
1637827740 19.32 98.86 0 4.044
1637827800 19.22 98.78 0 4.044
1637827860 19.23 98.83 0 4.044
1637827920 19.27 98.88 0 4.044
1637827980 19.23 98.85 0 4.044
1637828040 19.26 98.91 0 4.044
1637828100 19.25 98.86 0 4.044
1637828160 19.25 98.9 0 4.044
1637828220 19.27 98.91 0 4.044
1637828280 19.32 98.95 0 4.044
1637828340 19.3 98.94 0 4.049
1637828400 19.27 98.96 0 4.044
1637828460 19.29 98.95 0 4.044
1637828520 19.32 98.97 0 4.044
1637828580 19.32 98.98 0 4.044
1637828640 19.33 99 0 4.049
1637828700 19.3 98.99 0 4.049
1637828760 19.43 99.15 0 4.044
1637828820 19.47 99.11 0 4.044
1637828880 19.47 99.07 0 4.044
1637828940 19.47 99.06 0 4.044
1637829000 19.5 99.05 0 4.044
1637829060 19.52 99.1 0 4.044
1637829120 19.5 99.07 0 4.044
1637829180 19.49 99.06 0 4.044
1637829240 19.5 99.12 0 4.044
1637829300 19.54 99.13 0 4.044
1637829360 19.56 99.16 0 4.044
1637829420 19.57 99.2 0 4.044
1637829480 19.58 99.14 0 4.044
1637829540 19.57 99.18 0 4.044
1637829600 19.57 99.16 0 4.044
1637829660 19.56 99.16 0 4.044
1637829720 19.53 99.11 0 4.044
1637829780 19.54 99.12 0 4.044
1637829840 19.53 99.13 0 4.044
1637829900 19.54 99.15 0 4.044
1637829960 19.52 99.1 0 4.044
1637830020 19.54 99.14 0 4.044
1637830080 19.49 99.11 0 4.044
1637830140 19.5 99.11 0 4.044
1637830200 19.49 99.13 0 4.044
1637830260 19.5 99.19 0 4.044
1637830320 19.53 99.21 0 4.044
1637830380 19.5 99.17 0 4.044
1637830440 19.52 99.15 0 4.044
1637830500 19.5 99.17 0 4.039
1637830560 19.5 99.17 0 4.044
1637830620 19.47 99.16 0 4.044
1637830680 19.49 99.17 0 4.044
1637830740 19.49 99.18 0 4.044
1637830800 19.47 99.17 0 4.044
1637830860 19.47 99.18 0 4.044
1637830920 19.47 99.21 0 4.044
1637830980 19.49 99.18 0 4.044
1637831040 19.49 99.2 0 4.044
1637831100 19.47 99.17 0 4.044
1637831160 19.49 99.2 0 4.044
1637831220 19.53 99.21 0 4.044
1637831280 19.52 99.23 0 4.044
1637831340 19.53 99.28 0 4.044
1637831400 19.49 99.19 0 4.044
1637831460 19.47 99.2 0 4.044
1637831520 19.46 99.2 0 4.044
1637831580 19.46 99.22 0 4.044
1637831640 19.49 99.22 0 4.044
1637831700 19.43 99.2 0 4.044
1637831760 19.41 99.16 0 4.044
1637831820 19.4 99.16 0 4.044
1637831880 19.41 99.19 0 4.044
1637831940 19.43 99.22 0 4.044
1637832000 19.44 99.2 0 4.044
1637832060 19.43 99.22 0 4.044
1637832120 19.38 99.2 0 4.044
1637832180 19.4 99.18 0 4.044
1637832240 19.38 99.24 0 4.044
1637832300 19.41 99.15 0 4.044
1637832360 19.37 99.19 0 4.044
1637832420 19.41 99.2 0 4.044
1637832480 19.38 99.18 0 4.044
1637832540 19.4 99.25 0 4.044
1637832600 19.4 99.21 0 4.044
1637832660 19.46 99.25 0 4.044
1637832720 19.49 99.22 0 4.044
1637832780 19.52 99.25 0 4.039
1637832840 19.52 99.23 0 4.044
1637832900 19.53 99.24 0 4.044
1637832960 19.5 99.16 0 4.044
1637833020 19.49 99.15 0 4.044
1637833080 19.44 99.05 0 4.044
1637833140 19.44 99.13 0 4.044
1637833200 19.4 99.09 0 4.039
1637833260 19.37 99.05 0 4.044
1637833320 19.32 98.98 0 4.044
1637833380 19.33 99 0 4.039
1637833440 19.36 99.02 0 4.044
1637833500 19.38 99.04 0 4.044
1637833560 19.38 99.01 0 4.044
1637833620 19.41 99.09 0 4.044
1637833680 19.44 99.07 0 4.044
1637833740 19.41 99.05 0 4.039
1637833800 19.43 99.07 0 4.044
1637833860 19.44 99.09 0 4.044
1637833920 19.44 99.07 0 4.044
1637833980 19.38 99.06 0 4.044
1637834040 19.41 99.06 0 4.044
1637834100 19.43 99.07 0 4.039
1637834160 19.41 99.08 0 4.044
1637834220 19.43 99.17 0 4.044
1637834280 19.44 99.12 0 4.044
1637834340 19.41 99.08 0 4.039
1637834400 19.37 99.07 0 4.044
1637834460 19.37 99.11 0 4.044
1637834520 19.36 99.09 0 4.044
1637834580 19.37 99.11 0 4.044
1637834640 19.38 99.14 0 4.044
1637834700 19.41 99.15 0 4.039
1637834760 19.38 99.14 0 4.044
1637834820 19.38 99.15 0 4.044
1637834880 19.41 99.16 0 4.039
1637834940 19.47 99.22 0 4.039
1637835000 19.46 99.18 0 4.039
1637835060 19.41 99.16 0 4.039
1637835120 19.46 99.25 0 4.044
1637835180 19.43 99.17 0 4.044
1637835240 19.41 99.21 0 4.039
1637835300 19.4 99.19 0 4.044
1637835360 19.43 99.22 0 4.044
1637835420 19.41 99.27 0 4.044
1637835480 19.46 99.28 0 4.044
1637835540 19.46 99.28 0 4.039
1637835600 19.44 99.24 0 4.039
1637835660 19.43 99.23 0 4.039
1637835720 19.46 99.28 0 4.044
1637835780 19.44 99.25 0 4.044
1637835840 19.5 99.33 0 4.039
1637835900 19.49 99.29 0 4.039
1637835960 19.52 99.26 0 4.039
1637836020 19.47 99.23 0 4.039
1637836080 19.49 99.28 0 4.039
1637836140 19.44 99.21 0 4.044
1637836200 19.46 99.3 0 4.039
1637836260 19.44 99.23 0 4.039
1637836320 19.46 99.27 0 4.039
1637836380 19.46 99.25 0 4.044
1637836440 19.47 99.22 0 4.039
1637836500 19.53 99.27 0 4.039
1637836560 19.58 99.32 0 4.039
1637836620 19.57 99.33 0 4.039
1637836680 19.57 99.32 0 4.039
1637836740 19.58 99.29 0 4.039
1637836800 19.6 99.33 0 4.044
1637836860 19.57 99.27 0 4.039
1637836920 19.54 99.29 0 4.039
1637836980 19.49 99.23 0 4.039
1637837040 19.47 99.24 0 4.039
1637837100 19.47 99.27 0 4.039
1637837160 19.49 99.28 0 4.039
1637837220 19.47 99.28 0 4.039
1637837280 19.47 99.25 0 4.044
1637837340 19.46 99.27 0 4.039
1637837400 19.46 99.26 0 4.039
1637837460 19.44 99.27 0 4.039
1637837520 19.47 99.32 0 4.039
1637837580 19.44 99.3 0 4.044
1637837640 19.43 99.24 0 4.039
1637837700 19.46 99.28 0 4.039
1637837760 19.46 99.33 0 4.039
1637837820 19.46 99.3 0 4.039
1637837880 19.46 99.28 0 4.039
1637837940 19.43 99.28 0 4.039
1637838000 19.47 99.29 0 4.039
1637838060 19.44 99.29 0 4.039
1637838120 19.44 99.3 0 4.039
1637838180 19.46 99.34 0 4.039
1637838240 19.5 99.37 0 4.039
1637838300 19.46 99.34 0 4.044
1637838360 19.49 99.36 0 4.039
1637838420 19.53 99.4 0 4.039
1637838480 19.53 99.34 0 4.039
1637838540 19.49 99.3 0 4.039
1637838600 19.47 99.25 0 4.039
1637838660 19.47 99.33 0 4.039
1637838720 19.47 99.34 0 4.039
1637838780 19.49 99.36 0 4.039
1637838840 19.37 99.13 0 4.039
1637838900 19.26 99.12 0 4.039
1637838960 19.3 99.12 0 4.039
1637839020 19.33 99.13 0 4.039
1637839080 19.4 99.18 0 4.039
1637839140 19.36 99.16 0 4.039
1637839200 19.38 99.15 0 4.039
1637839260 19.43 99.22 0 4.039
1637839320 19.41 99.15 0 4.039
1637839380 19.38 99.11 0 4.039
1637839440 19.44 99.1 0 4.039
1637839500 19.41 99.09 0 4.039
1637839560 19.44 99.15 0 4.039
1637839620 19.47 99.17 0 4.039
1637839680 19.56 99.28 0 4.039
1637839740 19.56 99.2 0 4.039
1637839800 19.56 99.13 0 4.039
1637839860 19.54 99.2 0 4.039
1637839920 19.56 99.15 0 4.039
1637839980 19.53 99.12 0 4.039
1637840040 19.52 99.13 0 4.039
1637840100 19.44 99.11 0 4.039
1637840160 19.47 99.11 0 4.039
1637840220 19.49 99.15 0 4.039
1637840280 19.47 99.16 0 4.039
1637840340 19.46 99.14 0 4.039
1637840400 19.47 99.18 0 4.039
1637840460 19.46 99.14 0 4.039
1637840520 19.46 99.15 0 4.039
1637840580 19.46 99.12 0 4.039
1637840640 19.4 99.1 0 4.039
1637840700 19.37 99.04 0 4.033
1637840760 19.36 99.11 0 4.039
1637840820 19.37 99.11 0 4.039
1637840880 19.36 99.12 0 4.039
1637840940 19.4 99.14 0 4.039
1637841000 19.36 99.13 0 4.039
1637841060 19.38 99.07 0 4.039
1637841120 19.38 99.08 0 4.039
1637841180 19.37 99.11 0 4.039
1637841240 19.4 99.16 0 4.039
1637841300 19.38 99.13 0 4.039
1637841360 19.41 99.16 0 4.039
1637841420 19.43 99.22 4 4.039
1637841480 19.38 99.11 4 4.039
1637841540 19.38 99.12 4 4.039
1637841600 19.37 99.08 4 4.039
1637841660 19.43 99.21 4 4.039
1637841720 19.47 99.23 4 4.039
1637841780 19.46 99.15 4 4.039
1637841840 19.47 99.13 4 4.039
1637841900 19.54 99.18 4 4.039
1637841960 19.52 99.08 4 4.039
1637842020 19.54 99.13 10 4.039
1637842080 19.58 99.11 10 4.039
1637842140 19.56 99.03 10 4.039
1637842200 19.5 98.97 16 4.039
1637842260 19.5 98.97 16 4.039
1637842320 19.52 99.05 22 4.039
1637842380 19.52 99.01 22 4.039
1637842440 19.54 99.02 28 4.039
1637842500 19.57 98.98 28 4.039
1637842560 19.6 99.06 28 4.039
1637842620 19.58 99.01 34 4.039
1637842680 19.6 99.05 34 4.039
1637842740 19.61 99.04 34 4.039
1637842800 19.64 99.02 40 4.039
1637842860 19.68 99.06 40 4.039
1637842920 19.71 99.05 40 4.039
1637842980 19.68 98.97 40 4.039
1637843040 19.73 99.06 40 4.039
1637843100 19.73 98.96 40 4.039
1637843160 19.71 98.97 46 4.039
1637843220 19.71 98.91 52 4.039
1637843280 19.7 98.92 52 4.039
1637843340 19.73 98.91 58 4.039
1637843400 19.68 98.87 58 4.039
1637843460 19.68 98.85 58 4.039
1637843520 19.71 98.87 58 4.039
1637843580 19.73 98.91 58 4.039
1637843640 19.71 98.88 58 4.039
1637843700 19.68 98.84 58 4.039
1637843760 19.7 98.85 64 4.039
1637843820 19.67 98.8 64 4.039
1637843880 19.68 98.78 64 4.039
1637843940 19.67 98.81 64 4.039
1637844000 19.7 98.8 70 4.039
1637844060 19.71 98.79 70 4.039
1637844120 19.7 98.78 70 4.039
1637844180 19.77 98.85 70 4.039
1637844240 19.74 98.81 70 4.033
1637844300 19.75 98.77 70 4.033
1637844360 19.75 98.7 70 4.033
1637844420 19.8 98.73 70 4.039
1637844480 19.81 98.74 70 4.033
1637844540 19.81 98.69 70 4.039
1637844600 19.82 98.63 76 4.039
1637844660 19.89 98.71 82 4.039
1637844720 19.92 98.76 88 4.039
1637844780 20.04 98.84 88 4.039
1637844840 20.04 98.79 88 4.039
1637844900 20.05 98.8 82 4.033
1637844960 20.05 98.75 82 4.033
1637845020 20.08 98.81 82 4.039
1637845080 20.08 98.64 88 4.033
1637845140 20.02 98.48 117 4.039
1637845200 19.98 98.35 129 4.039
1637845260 20.02 98.33 117 4.039
1637845320 20.07 98.21 129 4.039
1637845380 20.14 98.17 129 4.039
1637845440 20.26 98.34 147 4.039
1637845500 20.43 98.47 165 4.039
1637845560 20.5 98.4 153 4.044
1637845620 20.66 98.41 159 4.044
1637845680 20.47 97.89 147 4.039
1637845740 20.63 98.1 195 4.039
1637845800 20.6 97.75 248 4.039
1637845860 20.66 97.69 254 4.044
1637845920 20.73 97.66 213 4.044
1637845980 20.98 97.87 183 4.039
1637846040 20.87 97.03 195 4.039
1637846100 20.98 96.53 189 4.039
1637846160 21 96.07 159 4.039
1637846220 21.14 95.69 171 4.039
1637846280 21.2 95.25 212 4.044
1637846340 21.39 95.42 236 4.044
1637846400 21.41 94.77 230 4.039
1637846460 21.46 93.53 260 4.044
1637846520 21.6 92.93 278 4.044
1637846580 21.95 94.48 284 4.044
1637846640 22.18 92.65 231 4.044
1637846700 22.13 91.09 177 4.039
1637846760 22.11 89.59 207 4.039
1637846820 22.23 88.82 171 4.039
1637846880 22.27 89.09 129 4.039
1637846940 22.23 89.84 129 4.039
1637847000 22.24 89.16 123 4.039
1637847060 22.26 89.04 129 4.039
1637847120 22.24 89.03 117 4.039
1637847180 22.03 89.09 117 4.039
1637847240 21.96 88.71 159 4.039
1637847300 21.96 88.25 212 4.039
1637847360 21.71 87.7 326 4.044
1637847420 21.6 87.99 356 4.044
1637847480 21.6 87.84 361 4.044
1637847540 21.79 88.85 368 4.044
1637847600 21.89 88.03 380 4.049
1637847660 22.18 89.13 391 4.049
1637847720 22.28 88.28 397 4.044
1637847780 22.24 87.14 409 4.049
1637847840 22.33 87.5 415 4.049
1637847900 22.58 88.78 427 4.049
1637847960 22.92 88.33 433 4.055
1637848020 22.84 84.51 445 4.049
1637848080 22.76 86 457 4.049
1637848140 22.91 85.6 463 4.055
1637848200 22.91 81.63 469 4.055
1637848260 23.03 82.34 481 4.055
1637848320 23.37 84.85 417 4.055
1637848380 23.82 80.84 326 4.049
1637848440 23.85 82.86 344 4.049
1637848500 23.84 81.92 374 4.049
1637848560 23.88 80.38 302 4.049
1637848620 23.51 79.77 242 4.049
1637848680 23.63 82.79 213 4.044
1637848740 23.6 80.07 213 4.044
1637848800 23.54 80.99 219 4.049
1637848860 23.56 82.98 272 4.049
1637848920 23.56 78.22 332 4.055
1637848980 23.6 78.76 284 4.049
1637849040 23.68 79.43 391 4.055
1637849100 23.8 77.75 552 4.044
1637849160 23.94 77.2 570 4.044
1637849220 24.11 78.08 611 4.044
1637849280 24.35 75.08 379 4.039
1637849340 24.48 75.53 385 4.044
1637849400 24.42 78.87 533 4.039
1637849460 24.53 75.72 450 4.039
1637849520 24.69 75.03 646 4.039
1637849580 25 76.91 658 4.039
1637849640 25.36 77.23 664 4.039
1637849700 25.59 73.39 658 4.039
1637849760 25.36 71.55 646 4.039
1637849820 25.41 72.51 646 4.039
1637849880 25.46 69.3 640 4.039
1637849940 25.36 72.64 629 4.039
1637850000 25.32 73.25 617 4.039
1637850060 25.62 73.18 605 4.039
1637850120 25.79 72.6 593 4.039
1637850180 25.87 71.56 581 4.039
1637850240 25.83 69.73 575 4.039
1637850300 25.76 70.29 575 4.039
1637850360 25.87 69.34 563 4.039
1637850420 26.1 67.78 551 4.039
1637850480 25.94 66.55 551 4.033
1637850540 25.8 68.31 545 4.039
1637850600 25.73 68.73 551 4.039
1637850660 25.76 69.35 563 4.039
1637850720 25.93 68.49 569 4.039
1637850780 25.99 68.92 575 4.039
1637850840 26.07 67.07 587 4.039
1637850900 26.06 68.94 591 4.039
1637850960 26.27 67.09 597 4.033
1637851020 26.44 64.93 605 4.039
1637851080 26.85 66.34 585 4.033
1637851140 26.91 65.74 597 4.033
1637851200 26.74 64.02 617 4.033
1637851260 26.57 66.09 609 4.039
1637851320 26.41 64.54 615 4.033
1637851380 26.2 66.1 609 4.039
1637851440 26.71 64.5 635 4.039
1637851500 26.34 65.13 652 4.039
1637851560 25.56 67.5 652 4.033
1637851620 25.25 69.57 658 4.033
1637851680 25.17 70.19 658 4.039
1637851740 25.32 69.82 652 4.033
1637851800 25.85 68.7 646 4.039
1637851860 26.14 67.73 664 4.033
1637851920 26.37 67.04 670 4.033
1637851980 26.65 68.06 652 4.033
1637852040 27.08 67.4 712 4.033
1637852100 27.39 63.99 710 4.033
1637852160 27.13 61.63 652 4.033
1637852220 26.62 65.86 758 4.033
1637852280 26.89 66.61 716 4.033
1637852340 26.67 66.81 775 4.033
1637852400 26.86 65.6 781 4.033
1637852460 26.26 65.9 609 4.033
1637852520 26.2 68.43 670 4.033
1637852580 26.45 64.66 734 4.033
1637852640 26.89 63.86 758 4.033
1637852700 27.49 63.49 771 4.033
1637852760 27.51 64.08 771 4.033
1637852820 27.99 61.5 775 4.033
1637852880 28.25 60.41 781 4.033
1637852940 28.08 62.32 787 4.033
1637853000 27.87 63.12 799 4.033
1637853060 27.76 62.93 563 4.033
1637853120 26.91 66.82 194 4.033
1637853180 26.99 66.05 207 4.039
1637853240 26.85 66.9 153 4.039
1637853300 26.31 67.17 135 4.033
1637853360 25.85 69.91 141 4.033
1637853420 25.29 69.69 147 4.039
1637853480 25.08 70.46 141 4.033
1637853540 25.15 72.23 141 4.039
1637853600 25.24 71.44 141 4.033
1637853660 24.98 70.84 141 4.039
1637853720 24.87 71.77 147 4.033
1637853780 24.67 72.29 159 4.033
1637853840 24.48 72.01 171 4.039
1637853900 24.3 72.29 177 4.039
1637853960 24.32 73.05 171 4.039
1637854020 24.35 73.02 159 4.039
1637854080 24.52 75.42 147 4.033
1637854140 24.63 72.85 147 4.039
1637854200 24.69 73.74 147 4.039
1637854260 24.69 73.64 159 4.039
1637854320 24.52 72.15 177 4.039
1637854380 24.56 73.06 212 4.039
1637854440 24.63 72.54 242 4.039
1637854500 24.6 73.13 272 4.044
1637854560 24.67 74.68 308 4.039
1637854620 24.73 72.76 444 4.039
1637854680 24.81 71.91 551 4.033
1637854740 24.87 70.08 1001 4.033
1637854800 25.08 69.99 989 4.039
1637854860 25.42 68.5 977 4.033
1637854920 25.94 70.11 977 4.033
1637854980 26 68.14 989 4.033
1637855040 25.89 66.88 1007 4.033
1637855100 26.13 66.33 1019 4.033
1637855160 26.43 67.09 1037 4.033
1637855220 26.35 65.98 1055 4.033
1637855280 26.08 65.27 1049 4.033
1637855340 26.62 65.4 930 4.033
1637855400 26.71 64.38 805 4.033
1637855460 27.39 62.64 1055 4.033
1637855520 27.68 61.6 771 4.033
1637855580 28.18 60.64 995 4.033
1637855640 28.39 59.76 1031 4.033
1637855700 28.46 59.54 1031 4.033
1637855760 28.11 60.07 1043 4.033
1637855820 28.35 62.34 1037 4.033
1637855880 28.5 60.45 1090 4.033
1637855940 28.71 61.02 1138 4.033
1637856000 28.39 59.68 1150 4.033
1637856060 28.97 58.62 1173 4.033
1637856120 29.32 57.07 960 4.033
1637856180 29.22 55.79 361 4.039
1637856240 28.7 59.33 314 4.039
1637856300 27.57 60.8 290 4.039
1637856360 27.37 63.04 272 4.039
1637856420 27.23 63.71 266 4.039
1637856480 26.81 65.54 260 4.039
1637856540 26.57 65.81 278 4.039
1637856600 26.72 65.22 290 4.039
1637856660 26.61 64.26 995 4.033
1637856720 26.5 64.75 1055 4.033
1637856780 26.86 65.83 1031 4.033
1637856840 27.23 65.01 1037 4.033
1637856900 27.67 64.36 1043 4.033
1637856960 27.8 64.35 698 4.033
1637857020 27.99 64.54 853 4.033
1637857080 27.49 64.2 1066 4.033
1637857140 27.36 63.81 1066 4.033
1637857200 27.47 63.93 1090 4.033
1637857260 27.46 64.61 1084 4.033
1637857320 27.83 64.77 1096 4.033
1637857380 27.88 63.41 1108 4.033
1637857440 27.89 63.16 1114 4.033
1637857500 28.05 63.7 1135 4.065
1637857560 28.35 61.63 1155 4.071
1637857620 28.59 61.64 1161 4.076
1637857680 28.66 60.68 1173 4.076
1637857740 28.84 59.26 1174 4.076
1637857800 29.1 58.87 1174 4.076
1637857860 29.34 58.18 1200 4.049
1637857920 29.24 57.6 1212 4.039
1637857980 29.26 58.26 1242 4.039
1637858040 29.45 57.67 1242 4.039
1637858100 29.35 57.52 1252 4.039
1637858160 29.36 60.42 1270 4.039
1637858220 29.62 58.69 444 4.039
1637858280 29.87 57.56 438 4.039
1637858340 29.51 59.75 450 4.039
1637858400 29.38 57.02 457 4.049
1637858460 29.29 58.48 1341 4.076
1637858520 29.17 57.75 1331 4.076
1637858580 29.75 59.66 1156 4.076
1637858640 30.02 56.71 867 4.071
1637858700 30.37 58.18 445 4.049
1637858760 29.96 58.39 391 4.044
1637858820 29.18 59.1 361 4.044
1637858880 28.81 61.25 338 4.044
1637858940 28.62 60.39 332 4.044
1637859000 28.42 61.18 314 4.044
1637859060 28.25 62.89 308 4.044
1637859120 28.11 62.29 314 4.044
1637859180 28.04 61.88 326 4.044
1637859240 27.95 64.42 344 4.039
1637859300 27.97 61.54 344 4.049
1637859360 28.04 61.55 355 4.049
1637859420 28.18 61.84 350 4.049
1637859480 28.09 61.33 350 4.049
1637859540 27.81 61.25 344 4.049
1637859600 27.74 62.15 344 4.049
1637859660 27.8 62.63 344 4.049
1637859720 27.76 61.22 344 4.049
1637859780 27.5 64.1 350 4.049
1637859840 27.63 64.15 344 4.049
1637859900 27.5 64.09 344 4.055
1637859960 27.5 61.82 338 4.049
1637860020 27.32 62.34 338 4.055
1637860080 27.17 62.29 344 4.049
1637860140 26.78 64.06 356 4.055
1637860200 26.62 64.22 380 4.055
1637860260 26.54 63.79 399 4.055
1637860320 26.48 64.96 405 4.055
1637860380 26.45 62.74 423 4.055
1637860440 26.45 63.86 433 4.049
1637860500 26.81 65.07 439 4.049
1637860560 26.96 63.53 445 4.049
1637860620 27.2 63.29 451 4.044
1637860680 27.44 60.83 457 4.044
1637860740 27.49 61.78 468 4.049
1637860800 27.59 61.33 492 4.044
1637860860 27.53 60.28 534 4.044
1637860920 27.71 60.49 528 4.044
1637860980 27.99 59.83 516 4.044
1637861040 28.16 57.73 546 4.044
1637861100 28.12 57.11 938 4.044
1637861160 28.11 59 1266 4.044
1637861220 28.63 56.64 1408 4.044
1637861280 28.89 57.34 855 4.044
1637861340 29.24 55.68 659 4.044
1637861400 29.48 54.37 653 4.044
1637861460 29.17 54.17 641 4.044
1637861520 28.62 56.34 808 4.044
1637861580 28.65 56.31 1448 4.044
1637861640 29.15 55.22 1581 4.044
1637861700 29.28 57.75 1016 4.044
1637861760 29.68 54.15 582 4.044
1637861820 29.53 56.64 486 4.044
1637861880 29.15 55.17 432 4.044
1637861940 28.76 56.17 379 4.039
1637862000 28.5 56.83 344 4.049
1637862060 28.29 58.39 326 4.049
1637862120 28.29 59.46 320 4.049
1637862180 27.99 61.51 314 4.049
1637862240 27.3 61.95 320 4.049
1637862300 27.56 62.92 338 4.055
1637862360 27.76 62.73 362 4.055
1637862420 27.53 62.07 380 4.055
1637862480 27.29 63.22 387 4.055
1637862540 27.14 64.31 374 4.055
1637862600 27.4 64.25 374 4.055
1637862660 27.37 63.31 374 4.055
1637862720 27.39 63.18 362 4.055
1637862780 27.64 62.25 350 4.055
1637862840 27.54 63.11 350 4.055
1637862900 27.65 63.94 368 4.055
1637862960 27.5 62.09 374 4.055
1637863020 27.01 62.94 387 4.06
1637863080 26.93 64.01 387 4.055
1637863140 26.88 64.48 380 4.06
1637863200 26.98 64.76 368 4.055
1637863260 27.01 64.55 368 4.055
1637863320 26.95 64.87 380 4.06
1637863380 26.74 63.38 387 4.06
1637863440 26.7 64.06 399 4.06
1637863500 26.67 65.93 393 4.06
1637863560 26.52 64.95 393 4.06
1637863620 26.28 65.87 393 4.06
1637863680 26.3 66.48 411 4.06
1637863740 26.2 67.27 423 4.06
1637863800 26.13 67.66 411 4.06
1637863860 26.13 67.59 380 4.06
1637863920 26.12 68.09 368 4.06
1637863980 26.14 68.16 356 4.06
1637864040 26.22 68.38 338 4.06
1637864100 26.23 68.1 328 4.06
1637864160 26.06 68.04 316 4.06
1637864220 26.08 68.58 304 4.06
1637864280 26.19 67.8 310 4.06
1637864340 26.1 68.73 310 4.06
1637864400 26.17 69.16 316 4.06
1637864460 26.08 68.49 334 4.06
1637864520 25.9 69.89 362 4.06
1637864580 25.86 69.11 380 4.06
1637864640 25.82 69.93 405 4.065
1637864700 25.65 69.77 405 4.06
1637864760 25.53 70.76 394 4.065
1637864820 25.48 70.84 380 4.065
1637864880 25.58 71.45 370 4.065
1637864940 25.77 71.85 364 4.06
1637865000 25.94 70.42 362 4.06
1637865060 25.72 70.21 362 4.065
1637865120 25.56 70.47 370 4.06
1637865180 25.46 70.93 370 4.06
1637865240 25.46 71.03 376 4.065
1637865300 25.45 71.23 382 4.065
1637865360 25.46 70.81 382 4.065
1637865420 25.39 71.01 382 4.065
1637865480 25.59 71.39 394 4.071
1637865540 25.76 70.97 412 4.065
1637865600 25.62 70.49 435 4.055
1637865660 25.62 70.62 445 4.055
1637865720 25.64 70.89 457 4.055
1637865780 25.65 71.84 475 4.055
1637865840 25.56 71.47 487 4.055
1637865900 25.58 72.63 518 4.055
1637865960 25.59 72.38 536 4.055
1637866020 25.48 72.98 534 4.055
1637866080 25.49 75.07 540 4.055
1637866140 25.46 73.9 606 4.055
1637866200 25.46 75.37 661 4.055
1637866260 25.53 74.66 600 4.049
1637866320 25.46 73.92 584 4.049
1637866380 25.53 73.06 600 4.055
1637866440 25.36 71.37 594 4.049
1637866500 25.39 74.34 594 4.055
1637866560 25.34 71.79 606 4.049
1637866620 25.42 74.77 618 4.055
1637866680 25.52 73.55 630 4.055
1637866740 25.59 72.97 624 4.049
1637866800 25.56 71.73 636 4.055
1637866860 25.69 72.09 911 4.049
1637866920 25.9 70.6 774 4.049
1637866980 26.1 69.83 846 4.055
1637867040 26.04 70.62 951 4.055
1637867100 26.28 71.55 1320 4.049
1637867160 26.44 69.12 1286 4.049
1637867220 26.67 68.18 1219 4.049
1637867280 27.06 66.08 697 4.049
1637867340 27.06 65.35 606 4.049
1637867400 26.7 67.54 844 4.049
1637867460 26.51 66.97 945 4.049
1637867520 26.45 68.3 945 4.049
1637867580 26.41 67.59 1070 4.049
1637867640 26.38 67.24 677 4.049
1637867700 26.41 68.53 624 4.049
1637867760 26.45 70.23 588 4.049
1637867820 26.35 69.77 534 4.049
1637867880 26.35 68.98 528 4.049
1637867940 26.19 70.36 528 4.049
1637868000 26.02 70.27 522 4.049
1637868060 25.89 71.53 499 4.049
1637868120 25.79 73.52 457 4.049
1637868180 25.59 73.49 427 4.049
1637868240 25.52 74.93 403 4.049
1637868300 25.39 73.4 379 4.049
1637868360 25.39 76.02 368 4.049
1637868420 25.32 75.28 362 4.049
1637868480 25.2 75.21 368 4.049
1637868540 25.04 74.77 374 4.049
1637868600 25.01 75.63 380 4.049
1637868660 24.94 75.46 374 4.049
1637868720 24.95 77.11 374 4.049
1637868780 24.91 74.47 374 4.049
1637868840 24.84 73.83 368 4.049
1637868900 24.86 73.88 362 4.049
1637868960 24.8 74.01 356 4.049
1637869020 24.9 74.75 356 4.049
1637869080 24.91 72.97 356 4.049
1637869140 24.95 74.59 362 4.049
1637869200 24.91 75.06 368 4.06
1637869260 24.97 73.29 374 4.06
1637869320 25.01 72.95 380 4.06
1637869380 25.04 73.56 380 4.055
1637869440 25.07 71.29 388 4.06
1637869500 25.04 71.72 393 4.06
1637869560 25.13 70.91 399 4.06
1637869620 25.15 70.74 411 4.065
1637869680 25.11 69.99 423 4.06
1637869740 25.06 71.78 435 4.065
1637869800 25.08 71.31 447 4.065
1637869860 25.15 71.19 469 4.055
1637869920 25.32 71.57 469 4.055
1637869980 25.34 71.93 457 4.055
1637870040 25.44 71.07 445 4.055
1637870100 25.46 70.95 427 4.049
1637870160 25.49 71.81 403 4.049
1637870220 25.53 71.21 344 4.049
1637870280 25.75 70.6 302 4.049
1637870340 25.79 70.56 272 4.049
1637870400 25.59 70.19 249 4.049
1637870460 25.56 70.76 231 4.049
1637870520 25.52 71.09 219 4.049
1637870580 25.52 70.76 207 4.049
1637870640 25.41 70.64 207 4.049
1637870700 25.39 71.21 219 4.049
1637870760 25.35 69.71 237 4.049
1637870820 25.32 70.65 249 4.055
1637870880 25.34 70.88 266 4.049
1637870940 25.38 71.41 278 4.049
1637871000 25.41 70.45 292 4.055
1637871060 25.44 70.45 302 4.06
1637871120 25.58 70.66 316 4.055
1637871180 25.56 70.49 320 4.06
1637871240 25.56 70.15 328 4.06
1637871300 25.59 69.28 338 4.06
1637871360 25.51 69.46 356 4.06
1637871420 25.49 70.12 370 4.065
1637871480 25.61 70.06 387 4.06
1637871540 25.69 70.98 399 4.065
1637871600 25.73 69.56 405 4.065
1637871660 25.94 70.06 399 4.065
1637871720 26.2 68.77 417 4.065
1637871780 26.4 68.36 429 4.065
1637871840 26.27 67.01 441 4.065
1637871900 26.35 67.48 454 4.065
1637871960 26.45 67.74 481 4.055
1637872020 26.64 68.39 493 4.055
1637872080 26.55 65.54 481 4.055
1637872140 26.52 67.46 493 4.055
1637872200 26.51 67.54 512 4.049
1637872260 26.44 67.38 524 4.055
1637872320 26.47 66.11 542 4.049
1637872380 26.57 67.06 558 4.049
1637872440 26.51 65.91 588 4.055
1637872500 26.37 67.25 653 4.055
1637872560 26.43 66.74 713 4.055
1637872620 26.54 66.86 838 4.055
1637872680 26.83 66.93 1326 4.055
1637872740 27.17 65.54 1162 4.055
1637872800 27.5 64.12 832 4.049
1637872860 27.87 62.42 774 4.049
1637872920 27.59 63.67 826 4.049
1637872980 27.05 65.31 1011 4.049
1637873040 27.1 65.35 1136 4.049
1637873100 27.06 65.54 1171 4.049
1637873160 26.85 64.98 1064 4.049
1637873220 26.68 65.05 1048 4.049
1637873280 26.99 65.43 713 4.049
1637873340 27.34 65.32 677 4.049
1637873400 27.51 64.61 653 4.049
1637873460 27.39 64.93 582 4.049
1637873520 27.37 64.81 534 4.049
1637873580 27.01 63.64 512 4.049
1637873640 26.81 64.92 683 4.049
1637873700 26.64 66.17 778 4.049
1637873760 26.71 65.17 981 4.049
1637873820 26.75 65.32 1189 4.049
1637873880 26.96 64.64 826 4.049
1637873940 27.3 62.97 838 4.049
1637874000 27.37 63.99 761 4.049
1637874060 27.6 63.08 463 4.049
1637874120 27.54 62.98 737 4.049
1637874180 27.34 62.11 582 4.049
1637874240 27.06 63.4 534 4.049
1637874300 26.85 63.8 665 4.049
1637874360 26.81 65.3 582 4.044
1637874420 26.72 64.7 518 4.049
1637874480 26.81 65.33 518 4.049
1637874540 26.52 64.6 439 4.049
1637874600 26.4 65.93 411 4.06
1637874660 26.33 66.4 399 4.06
1637874720 26.41 66.36 393 4.06
1637874780 26.28 67.77 399 4.06
1637874840 26.19 67.19 387 4.06
1637874900 26.13 67.73 362 4.06
1637874960 26.27 67.46 350 4.06
1637875020 26.22 66.5 350 4.06
1637875080 26.1 66.94 350 4.06
1637875140 26.12 66.78 338 4.06
1637875200 26.07 66.83 328 4.06
1637875260 26.12 67.56 316 4.06
1637875320 26.17 66.62 304 4.06
1637875380 26.2 67.49 292 4.06
1637875440 26.16 67.45 286 4.06
1637875500 25.93 67.63 286 4.06
1637875560 26.07 67.76 296 4.06
1637875620 25.94 66.88 310 4.06
1637875680 26.06 68.42 316 4.06
1637875740 26 67.49 316 4.06
1637875800 26.06 67.8 316 4.06
1637875860 26.04 68.18 316 4.06
1637875920 25.97 67.32 316 4.06
1637875980 25.94 67.66 316 4.06
1637876040 25.86 67.6 310 4.06
1637876100 25.86 67.65 310 4.065
1637876160 25.89 67.96 298 4.06
1637876220 25.89 68.42 280 4.06
1637876280 25.72 68.1 262 4.06
1637876340 25.73 68.71 243 4.06
1637876400 25.79 68.97 225 4.06
1637876460 25.82 68.48 213 4.06
1637876520 25.76 68.47 201 4.06
1637876580 25.62 68.4 189 4.055
1637876640 25.48 70.06 183 4.06
1637876700 25.58 70.03 177 4.06
1637876760 25.53 69 167 4.06
1637876820 25.49 68.93 155 4.055
1637876880 25.42 70.33 147 4.06
1637876940 25.48 69.7 143 4.06
1637877000 25.51 69.81 131 4.055
1637877060 25.49 69.65 124 4.06
1637877120 25.42 70.6 118 4.055
1637877180 25.34 69.63 118 4.055
1637877240 25.35 69.87 118 4.06
1637877300 25.38 69.62 124 4.06
1637877360 25.32 69.52 124 4.06
1637877420 25.41 70.49 124 4.055
1637877480 25.45 70.38 131 4.055
1637877540 25.41 70.75 131 4.055
1637877600 25.35 70.35 137 4.055
1637877660 25.35 71.58 131 4.06
1637877720 25.39 70.34 124 4.055
1637877780 25.29 70.54 112 4.055
1637877840 25.2 70.83 106 4.055
1637877900 25.18 70.66 100 4.055
1637877960 25.15 71.67 94 4.055
1637878020 25.18 71.06 88 4.055
1637878080 25.15 71.14 82 4.055
1637878140 25.2 72.11 76 4.055
1637878200 25.18 71.56 70 4.055
1637878260 25.07 71.25 64 4.055
1637878320 24.94 72.27 64 4.055
1637878380 24.9 71.77 64 4.055
1637878440 24.93 72.28 64 4.055
1637878500 24.95 72.1 64 4.055
1637878560 24.83 72.31 58 4.055
1637878620 24.88 72.92 58 4.055
1637878680 24.86 72.65 58 4.055
1637878740 24.8 73.4 58 4.055
1637878800 24.74 73.32 58 4.055
1637878860 24.71 73.78 52 4.055
1637878920 24.67 73.65 52 4.055
1637878980 24.62 73.99 52 4.055
1637879040 24.57 73.91 52 4.055
1637879100 24.62 74.13 52 4.055
1637879160 24.62 73.99 52 4.055
1637879220 24.56 74.06 52 4.055
1637879280 24.53 73.89 46 4.049
1637879340 24.52 74.55 46 4.055
1637879400 24.48 74.45 46 4.055
1637879460 24.43 74.99 46 4.055
1637879520 24.4 74.91 46 4.055
1637879580 24.36 74.87 52 4.055
1637879640 24.42 75.36 52 4.055
1637879700 24.43 75.3 52 4.055
1637879760 24.44 74.8 52 4.055
1637879820 24.42 75.02 52 4.055
1637879880 24.38 75.06 52 4.055
1637879940 24.35 75.45 52 4.055
1637880000 24.32 75.35 52 4.055
1637880060 24.3 75.44 46 4.055
1637880120 24.3 75.47 46 4.055
1637880180 24.32 75.76 46 4.055
1637880240 24.29 75.53 46 4.055
1637880300 24.33 75.97 46 4.055
1637880360 24.35 75.59 40 4.055
1637880420 24.36 75.55 40 4.055
1637880480 24.33 75.48 40 4.055
1637880540 24.3 75.86 40 4.055
1637880600 24.28 75.6 40 4.055
1637880660 24.22 75.99 40 4.055
1637880720 24.28 76.29 40 4.055
1637880780 24.25 75.92 34 4.055
1637880840 24.21 76.1 34 4.055
1637880900 24.21 76.24 34 4.055
1637880960 24.22 76.47 28 4.055
1637881020 24.19 76.69 28 4.055
1637881080 24.18 77.06 28 4.055
1637881140 24.15 76.7 22 4.055
1637881200 24.15 76.71 22 4.055
1637881260 24.15 76.96 22 4.055
1637881320 24.12 77.15 22 4.049
1637881380 24.11 77.94 22 4.055
1637881440 24.07 77.48 16 4.055
1637881500 24.05 77.4 22 4.055
1637881560 24.01 77.11 22 4.055
1637881620 23.98 77.48 16 4.055
1637881680 24 77.41 16 4.055
1637881740 23.95 77.55 16 4.055
1637881800 23.98 78.24 16 4.049
1637881860 24 77.79 16 4.055
1637881920 23.94 77.65 16 4.055
1637881980 23.94 78.26 16 4.055
1637882040 23.89 77.64 16 4.055
1637882100 23.89 78.05 10 4.055
1637882160 23.91 78.15 16 4.055
1637882220 23.89 78.56 10 4.055
1637882280 23.85 78.45 10 4.049
1637882340 23.84 78.29 10 4.055
1637882400 23.81 78.2 10 4.055
1637882460 23.82 78.34 10 4.055
1637882520 23.82 78.52 10 4.055
1637882580 23.82 78.6 10 4.055
1637882640 23.8 78.8 10 4.055
1637882700 23.77 78.96 10 4.049
1637882760 23.72 78.58 10 4.049
1637882820 23.75 78.78 10 4.055
1637882880 23.74 78.84 10 4.049
1637882940 23.75 79.25 10 4.055
1637883000 23.71 79.13 10 4.055
1637883060 23.71 79.25 10 4.055
1637883120 23.7 79.42 10 4.049
1637883180 23.65 79.25 10 4.049
1637883240 23.65 79.31 10 4.055
1637883300 23.68 79.31 10 4.055
1637883360 23.68 79.34 10 4.049
1637883420 23.67 79.7 10 4.055
1637883480 23.64 79.75 16 4.055
1637883540 23.63 79.88 16 4.055
1637883600 23.63 79.9 16 4.049
1637883660 23.64 80.08 10 4.055
1637883720 23.61 80.3 10 4.049
1637883780 23.6 80.25 4 4.049
1637883840 23.63 80.6 4 4.055
1637883900 23.6 80.73 4 4.049
1637883960 23.54 80.72 0 4.055
1637884020 23.54 81.02 0 4.049
1637884080 23.54 81.18 0 4.055
1637884140 23.49 81.36 0 4.055
1637884200 23.44 81.29 0 4.055
1637884260 23.46 82.01 0 4.049
1637884320 23.43 81.81 0 4.049
1637884380 23.42 81.8 0 4.049
1637884440 23.42 81.62 0 4.055
1637884500 23.39 81.96 0 4.049
1637884560 23.4 81.81 0 4.049
1637884620 23.36 82.2 0 4.049
1637884680 23.33 82.14 0 4.055
1637884740 23.33 82.28 0 4.049
1637884800 23.3 82.42 0 4.049
1637884860 23.29 81.91 0 4.055
1637884920 23.29 81.93 0 4.055
1637884980 23.29 81.72 0 4.049
1637885040 23.29 81.97 0 4.049
1637885100 23.26 82.2 0 4.055
1637885160 23.27 82.19 0 4.049
1637885220 23.26 82.08 0 4.055
1637885280 23.26 82.06 0 4.049
1637885340 23.27 82.21 0 4.049
1637885400 23.23 82.27 0 4.049
1637885460 23.22 82.18 0 4.049
1637885520 23.22 82.2 0 4.049
1637885580 23.22 82.37 0 4.055
1637885640 23.22 82.47 0 4.055
1637885700 23.19 82.61 0 4.049
1637885760 23.16 82.82 0 4.049
1637885820 23.17 83.11 0 4.049
1637885880 23.14 82.89 0 4.049
1637885940 23.16 82.98 0 4.049
1637886000 23.16 83 0 4.055
1637886060 23.14 83.13 0 4.049
1637886120 23.13 82.97 0 4.049
1637886180 23.12 82.93 0 4.049
1637886240 23.1 83.1 0 4.049
1637886300 23.1 83.29 0 4.049
1637886360 23.12 83.1 0 4.049
1637886420 23.08 83.09 0 4.049
1637886480 23.1 83.15 0 4.049
1637886540 23.1 83.21 0 4.049
1637886600 23.1 83.27 0 4.049
1637886660 23.06 83.46 0 4.049
1637886720 23.05 83.55 0 4.049
1637886780 23.06 83.74 0 4.049
1637886840 23.06 83.56 0 4.049
1637886900 23.02 83.54 0 4.049
1637886960 23.05 83.93 0 4.049
1637887020 23.02 84 0 4.055
1637887080 22.98 83.66 0 4.049
1637887140 22.98 83.72 0 4.049
1637887200 22.98 83.61 0 4.049
1637887260 22.98 83.85 0 4.049
1637887320 22.99 83.69 0 4.049
1637887380 22.98 83.89 0 4.049
1637887440 22.96 83.87 0 4.049
1637887500 22.95 83.82 0 4.049
1637887560 22.98 83.85 0 4.049
1637887620 23.01 83.67 0 4.049
1637887680 22.99 83.68 0 4.049
1637887740 22.99 83.63 0 4.049
1637887800 22.98 83.76 0 4.049
1637887860 22.98 84.17 0 4.049
1637887920 22.96 83.9 0 4.049
1637887980 22.98 84.35 0 4.049
1637888040 22.91 83.89 0 4.049
1637888100 22.92 83.82 0 4.049
1637888160 22.93 83.76 0 4.055
1637888220 22.95 83.79 0 4.049
1637888280 22.93 84.01 0 4.049
1637888340 22.93 84.14 0 4.049
1637888400 22.91 84.33 0 4.049
1637888460 22.92 84.21 0 4.049
1637888520 22.92 84.25 0 4.049
1637888580 22.91 84.04 0 4.049
1637888640 22.91 84.25 0 4.049
1637888700 22.93 84.34 0 4.049
1637888760 22.91 84.28 0 4.049
1637888820 22.88 84.39 0 4.049
1637888880 22.85 84.62 0 4.049
1637888940 22.85 84.44 0 4.049
1637889000 22.86 84.86 0 4.044
1637889060 22.85 84.95 0 4.049
1637889120 22.85 84.96 0 4.049
1637889180 22.81 84.26 0 4.049
1637889240 22.84 84.26 0 4.049
1637889300 22.82 84.61 0 4.049
1637889360 22.82 84.3 0 4.049
1637889420 22.82 83.83 0 4.044
1637889480 22.82 83.59 0 4.049
1637889540 22.85 83.69 0 4.049
1637889600 22.81 83.98 0 4.049
1637889660 22.84 83.99 0 4.049
1637889720 22.84 84.12 0 4.049
1637889780 22.86 84.26 0 4.049
1637889840 22.84 85.18 0 4.049
1637889900 22.82 85.41 0 4.049
1637889960 22.78 85.19 0 4.049
1637890020 22.75 84.88 0 4.049
1637890080 22.76 85.14 0 4.049
1637890140 22.78 85.46 0 4.049
1637890200 22.79 84.92 0 4.049
1637890260 22.81 84.77 0 4.049
1637890320 22.84 84.72 0 4.049
1637890380 22.88 85.02 0 4.049
1637890440 22.86 84.77 0 4.049
1637890500 22.89 84.72 0 4.049
1637890560 22.89 85.19 0 4.044
1637890620 22.89 84.76 0 4.049
1637890680 22.89 84.75 0 4.049
1637890740 22.88 84.58 0 4.044
1637890800 22.88 84.49 0 4.049
1637890860 22.91 84.78 0 4.049
1637890920 22.89 84.83 0 4.049
1637890980 22.88 84.73 0 4.049
1637891040 22.86 84.69 0 4.049
1637891100 22.85 84.57 0 4.049
1637891160 22.86 84.73 0 4.049
1637891220 22.85 85.16 0 4.055
1637891280 22.79 84.91 0 4.049
1637891340 22.76 84.99 0 4.049
1637891400 22.78 85.21 0 4.049
1637891460 22.81 85.16 0 4.049
1637891520 22.76 85.41 0 4.049
1637891580 22.78 85.36 0 4.044
1637891640 22.76 85.16 0 4.049
1637891700 22.81 85.15 0 4.049
1637891760 22.79 85.21 0 4.044
1637891820 22.78 85.24 0 4.049
1637891880 22.81 84.98 0 4.049
1637891940 22.79 85.24 0 4.049
1637892000 22.79 85.3 0 4.049
1637892060 22.79 85.36 0 4.049
1637892120 22.79 85.22 0 4.049
1637892180 22.84 84.79 0 4.049
1637892240 22.88 85.13 0 4.044
1637892300 22.85 85.14 0 4.049
1637892360 22.84 85.5 0 4.049
1637892420 22.85 85.51 0 4.049
1637892480 22.85 85.26 0 4.044
1637892540 22.82 85.13 0 4.049
1637892600 22.85 85.37 0 4.044
1637892660 22.82 85.22 0 4.044
1637892720 22.85 85.42 0 4.049
1637892780 22.82 85.41 0 4.049
1637892840 22.79 85.24 0 4.044
1637892900 22.79 85.35 0 4.044
1637892960 22.79 86.07 0 4.049
1637893020 22.75 86.45 0 4.044
1637893080 22.69 86.52 0 4.044
1637893140 22.66 86.7 0 4.044
1637893200 22.65 86.76 0 4.044
1637893260 22.66 87.2 0 4.049
1637893320 22.64 87.1 0 4.049
1637893380 22.62 87.01 0 4.044
1637893440 22.59 87.06 0 4.049
1637893500 22.58 87.06 0 4.049
1637893560 22.55 87.13 0 4.049
1637893620 22.57 87.25 0 4.044
1637893680 22.57 87.69 0 4.049
1637893740 22.57 87.72 0 4.049
1637893800 22.52 87.57 0 4.049
1637893860 22.57 88.01 0 4.049
1637893920 22.58 88.09 0 4.044
1637893980 22.52 88.03 0 4.049
1637894040 22.52 88.13 0 4.044
1637894100 22.47 88.28 0 4.044
1637894160 22.48 88.33 0 4.044
1637894220 22.48 88.44 0 4.044
1637894280 22.48 88.35 0 4.049
1637894340 22.48 88.28 0 4.049
1637894400 22.44 88.35 0 4.044
1637894460 22.41 88.4 0 4.044
1637894520 22.4 88.58 0 4.049
1637894580 22.38 88.71 0 4.044
1637894640 22.38 88.8 0 4.049
1637894700 22.34 88.54 0 4.044
1637894760 22.37 88.87 0 4.044
1637894820 22.37 88.84 0 4.049
1637894880 22.37 88.54 0 4.049
1637894940 22.34 88.45 0 4.044
1637895000 22.35 88.87 0 4.044
1637895060 22.38 88.75 0 4.044
1637895120 22.31 88.79 0 4.044
1637895180 22.33 88.69 0 4.044
1637895240 22.37 88.91 0 4.044
1637895300 22.34 88.62 0 4.044
1637895360 22.33 88.43 0 4.044
1637895420 22.33 88.89 0 4.044
1637895480 22.34 89.01 0 4.044
1637895540 22.31 88.66 0 4.049
1637895600 22.34 89.13 0 4.044
1637895660 22.33 89.34 0 4.044
1637895720 22.28 89.35 0 4.044
1637895780 22.31 89.37 0 4.044
1637895840 22.31 89.15 0 4.044
1637895900 22.33 89.15 0 4.044
1637895960 22.31 88.83 0 4.044
1637896020 22.33 88.4 0 4.044
1637896080 22.35 88.06 0 4.044
1637896140 22.38 88.18 0 4.044
1637896200 22.38 88.53 0 4.044
1637896260 22.34 88.45 0 4.044
1637896320 22.37 88.74 0 4.044
1637896380 22.38 88.78 0 4.044
1637896440 22.4 89.16 0 4.044
1637896500 22.37 89.13 0 4.044
1637896560 22.37 89.13 0 4.044
1637896620 22.37 89.04 0 4.044
1637896680 22.31 89.07 0 4.044
1637896740 22.35 89.23 0 4.044
1637896800 22.34 89.6 0 4.044
1637896860 22.33 89.57 0 4.044
1637896920 22.33 89.84 0 4.044
1637896980 22.33 90.01 0 4.044
1637897040 22.3 90.04 0 4.044
1637897100 22.21 89.72 0 4.044
1637897160 22.27 89.8 0 4.044
1637897220 22.23 88.71 0 4.044
1637897280 22.31 88.66 0 4.049
1637897340 22.33 88.15 0 4.044
1637897400 22.37 87.9 0 4.044
1637897460 22.4 87.72 0 4.044
1637897520 22.43 87.74 0 4.044
1637897580 22.43 87.89 0 4.044
1637897640 22.4 87.94 0 4.044
1637897700 22.41 88.33 0 4.044
1637897760 22.38 88.51 0 4.044
1637897820 22.38 88.53 0 4.044
1637897880 22.38 88.57 0 4.044
1637897940 22.37 88.62 0 4.044
1637898000 22.37 88.91 0 4.044
1637898060 22.34 88.86 0 4.044
1637898120 22.35 89.2 0 4.044
1637898180 22.33 89.22 0 4.044
1637898240 22.31 89.33 0 4.044
1637898300 22.31 89.54 0 4.044
1637898360 22.3 89.34 0 4.044
1637898420 22.27 89.31 0 4.044
1637898480 22.26 89.37 0 4.044
1637898540 22.21 89.51 0 4.044
1637898600 22.23 89.61 0 4.044
1637898660 22.17 89.62 0 4.044
1637898720 22.17 89.7 0 4.044
1637898780 22.2 89.82 0 4.044
1637898840 22.16 90.19 0 4.044
1637898900 22.17 90.38 0 4.044
1637898960 22.11 90.44 0 4.044
1637899020 22.08 90.57 0 4.044
1637899080 22.06 90.82 0 4.044
1637899140 22.06 90.56 0 4.044
1637899200 22.1 90.84 0 4.044
1637899260 22.08 90.06 0 4.044
1637899320 22.08 90.16 0 4.044
1637899380 22.1 90.33 0 4.044
1637899440 22.1 90.32 0 4.044
1637899500 22.07 90.26 0 4.044
1637899560 22.04 90.38 0 4.044
1637899620 22.08 90.52 0 4.044
1637899680 22.08 90.53 0 4.044
1637899740 22.08 90.57 0 4.044
1637899800 22.07 90.62 0 4.044
1637899860 22.08 90.75 0 4.044
1637899920 22.06 91.02 0 4.044
1637899980 22.04 91.23 0 4.039
1637900040 22.01 91.31 0 4.044
1637900100 22.03 91.37 0 4.044
1637900160 21.99 91.46 0 4.044
1637900220 21.99 91.43 0 4.044
1637900280 21.99 91.46 0 4.044
1637900340 22 91.71 0 4.044
1637900400 21.96 91.52 0 4.044
1637900460 21.99 91.53 0 4.044
1637900520 21.95 91.35 0 4.044
1637900580 22.01 91.76 0 4.044
1637900640 21.99 91.54 0 4.044
1637900700 22.03 92.16 0 4.039
1637900760 22.01 91.85 0 4.044
1637900820 21.99 91.94 0 4.044
1637900880 21.99 91.97 0 4.044
1637900940 21.97 91.96 0 4.044
1637901000 21.95 91.93 0 4.044
1637901060 21.93 91.86 0 4.039
1637901120 21.93 91.86 0 4.044
1637901180 21.96 91.97 0 4.044
1637901240 21.95 91.25 0 4.044
1637901300 21.93 91.03 0 4.044
1637901360 21.99 91.31 0 4.044
1637901420 22.01 91.34 0 4.044
1637901480 21.97 91.3 0 4.044
1637901540 21.99 91.35 0 4.044
1637901600 22 91.44 0 4.039
1637901660 22 91.21 0 4.044
1637901720 22.03 90.96 0 4.039
1637901780 21.97 90.67 0 4.044
1637901840 22 91 0 4.044
1637901900 22.01 91.02 0 4.044
1637901960 21.99 90.72 0 4.044
1637902020 21.99 90.8 0 4.044
1637902080 21.96 90.96 0 4.044
1637902140 21.93 91.19 0 4.044
1637902200 21.96 91.36 0 4.044
1637902260 21.96 91.6 0 4.044
1637902320 21.95 91.77 0 4.039
1637902380 21.93 91.83 0 4.044
1637902440 21.9 92.06 0 4.039
1637902500 21.87 92.18 0 4.039
1637902560 21.85 92.32 0 4.044
1637902620 21.85 92.55 0 4.039
1637902680 21.87 92.6 0 4.044
1637902740 21.86 92.75 0 4.044
