1636693200 20.42 88.51 0 4.092
1636693260 20.38 88.76 0 4.092
1636693320 20.35 88.8 0 4.092
1636693380 20.29 89.26 0 4.092
1636693440 20.23 89.65 0 4.092
1636693500 20.21 89.92 0 4.087
1636693560 20.18 90.01 0 4.092
1636693620 20.09 89.94 0 4.087
1636693680 20.07 90.2 0 4.087
1636693740 20.07 90.62 0 4.092
1636693800 20.05 90.86 0 4.087
1636693860 20.07 91.03 0 4.087
1636693920 20.04 90.66 0 4.092
1636693980 20.02 90.92 0 4.087
1636694040 20.01 90.78 0 4.087
1636694100 20.01 90.81 0 4.092
1636694160 19.96 90.91 0 4.092
1636694220 19.91 91.2 0 4.087
1636694280 19.94 91.56 0 4.092
1636694340 19.91 91.28 0 4.087
1636694400 19.89 91.54 0 4.092
1636694460 19.89 91.32 0 4.092
1636694520 19.84 91.31 0 4.087
1636694580 19.91 91.43 0 4.087
1636694640 19.85 91.03 0 4.087
1636694700 19.84 91.3 0 4.087
1636694760 19.81 91.32 0 4.092
1636694820 19.82 91.41 0 4.087
1636694880 19.8 91.37 0 4.092
1636694940 19.77 91.46 0 4.087
1636695000 19.74 91.35 0 4.087
1636695060 19.7 91.58 0 4.087
1636695120 19.68 91.68 0 4.092
1636695180 19.71 92 0 4.092
1636695240 19.68 92.18 0 4.087
1636695300 19.75 92.19 0 4.087
1636695360 19.75 92.15 0 4.092
1636695420 19.77 91.77 0 4.087
1636695480 19.78 91.59 0 4.087
1636695540 19.8 91.45 0 4.087
1636695600 19.77 91.39 0 4.087
1636695660 19.85 91.96 0 4.087
1636695720 19.87 91.7 0 4.087
1636695780 19.8 91.45 0 4.092
1636695840 19.75 91.57 0 4.087
1636695900 19.74 91.46 0 4.087
1636695960 19.73 91.67 0 4.087
1636696020 19.73 91.67 0 4.087
1636696080 19.68 91.58 0 4.087
1636696140 19.65 91.62 0 4.087
1636696200 19.64 91.6 0 4.092
1636696260 19.64 91.52 0 4.092
1636696320 19.58 91.69 0 4.087
1636696380 19.54 91.43 0 4.087
1636696440 19.53 91.92 0 4.087
1636696500 19.52 92.19 0 4.087
1636696560 19.56 92.67 0 4.087
1636696620 19.57 92.23 0 4.092
1636696680 19.56 92.33 0 4.092
1636696740 19.5 92.02 0 4.087
1636696800 19.56 92.15 0 4.087
1636696860 19.56 91.97 0 4.087
1636696920 19.58 92.13 0 4.092
1636696980 19.56 91.95 0 4.087
1636697040 19.52 91.83 0 4.087
1636697100 19.47 92.03 0 4.092
1636697160 19.46 91.92 0 4.087
1636697220 19.43 92.42 0 4.087
1636697280 19.4 92.34 0 4.087
1636697340 19.34 92.35 0 4.087
1636697400 19.33 92.83 0 4.087
1636697460 19.36 92.88 0 4.087
1636697520 19.37 92.99 0 4.087
1636697580 19.34 92.56 0 4.092
1636697640 19.34 92.71 0 4.087
1636697700 19.32 92.5 0 4.087
1636697760 19.3 92.51 0 4.087
1636696920 19.58 92.13 0 4.092
1636696980 19.56 91.95 0 4.087
1636697040 19.52 91.83 0 4.087
1636697100 19.47 92.03 0 4.092
1636697160 19.46 91.92 0 4.087
1636697220 19.43 92.42 0 4.087
1636697280 19.4 92.34 0 4.087
1636697340 19.34 92.35 0 4.087
1636697400 19.33 92.83 0 4.087
1636697460 19.36 92.88 0 4.087
1636697520 19.37 92.99 0 4.087
1636697580 19.34 92.56 0 4.092
1636697640 19.34 92.71 0 4.087
1636697700 19.32 92.5 0 4.087
1636697760 19.3 92.51 0 4.087
1636696920 19.58 92.13 0 4.092
1636696980 19.56 91.95 0 4.087
1636697040 19.52 91.83 0 4.087
1636697100 19.47 92.03 0 4.092
1636697160 19.46 91.92 0 4.087
1636697220 19.43 92.42 0 4.087
1636697280 19.4 92.34 0 4.087
1636697340 19.34 92.35 0 4.087
1636697400 19.33 92.83 0 4.087
1636697460 19.36 92.88 0 4.087
1636697520 19.37 92.99 0 4.087
1636697580 19.34 92.56 0 4.092
1636697640 19.34 92.71 0 4.087
1636697700 19.32 92.5 0 4.087
1636697760 19.3 92.51 0 4.087
1636697820 19.38 93.11 0 4.087
1636697880 19.5 92.81 0 4.087
1636697940 19.53 92.29 0 4.087
1636698000 19.54 92.32 0 4.087
1636698060 19.54 91.84 0 4.087
1636698120 19.53 91.56 0 4.087
1636698180 19.57 91.25 0 4.087
1636698240 19.52 91.46 0 4.087
1636698300 19.5 91.81 0 4.087
1636698360 19.53 92.04 0 4.092
1636698420 19.49 91.94 0 4.087
1636698480 19.41 92.05 0 4.087
1636698540 19.37 92.25 0 4.087
1636698600 19.41 92.39 0 4.087
1636698660 19.43 91.96 0 4.087
1636698720 19.37 91.87 0 4.087
1636698780 19.37 91.84 0 4.087
1636698840 19.3 91.71 0 4.087
1636698900 19.29 91.81 0 4.087
1636698960 19.23 91.94 0 4.087
1636699020 19.17 92.03 0 4.087
1636699080 19.17 92.4 0 4.087
1636699140 19.13 92.61 0 4.087
1636699200 19.13 92.83 0 4.087
1636699260 19.09 92.94 0 4.087
1636699320 19.07 93.01 0 4.087
1636699380 19.02 93.08 0 4.087
1636699440 19.07 93.37 0 4.087
1636699500 19.05 93.38 0 4.087
1636699560 19.05 93.66 0 4.087
1636699620 19.05 93.82 0 4.087
1636699680 19.02 94.07 0 4.087
1636699740 19.03 94.09 0 4.087
1636699800 19.02 94.09 0 4.087
1636699860 19.02 94.26 0 4.087
1636699920 19.05 94.31 0 4.087
1636699980 19.07 94.38 0 4.087
1636700040 19.12 94.59 0 4.087
1636700100 19.15 94.68 0 4.087
1636700160 19.13 94.49 0 4.087
1636700220 19.16 94.65 0 4.087
1636700280 19.2 94.5 0 4.087
1636700340 19.2 94.2 0 4.087
1636700400 19.2 93.9 0 4.087
1636700460 19.2 93.9 0 4.087
1636700520 19.19 93.54 0 4.087
1636700580 19.26 93.64 0 4.087
1636700640 19.2 93.24 0 4.087
1636700700 19.2 92.84 0 4.087
1636700760 19.26 92.83 0 4.087
1636700820 19.32 92.68 0 4.087
1636700880 19.25 92.3 0 4.087
1636700940 19.22 92.19 0 4.087
1636701000 19.15 92.14 0 4.087
1636701060 19.09 92.19 0 4.087
1636701120 19.06 92.34 0 4.087
1636701180 19.06 92.76 0 4.087
1636701240 19.09 93.13 0 4.087
1636701300 19.13 92.99 0 4.087
1636701360 19.1 92.82 0 4.087
1636701420 19.12 92.75 0 4.087
1636701480 19.12 92.68 0 4.087
1636701540 19.09 92.51 0 4.087
1636701600 19.05 92.38 0 4.087
1636701660 18.99 92.58 0 4.087
1636701720 18.98 92.64 0 4.087
1636701780 18.94 92.74 0 4.087
1636701840 18.95 92.89 0 4.087
1636701900 18.94 93.11 0 4.087
1636701960 18.91 93.3 0 4.087
1636702020 18.86 93.22 0 4.087
1636702080 18.85 93.29 0 4.087
1636702140 18.79 93.4 0 4.087
1636702200 18.78 93.7 0 4.087
1636702260 18.78 93.96 0 4.087
1636702320 18.76 94.17 0 4.087
1636702380 18.72 94.35 0 4.082
1636702440 18.76 94.57 0 4.087
1636702500 18.76 94.74 0 4.087
1636702560 18.76 94.47 0 4.087
1636702620 18.76 94.47 0 4.087
1636702680 18.82 94.34 0 4.087
1636702740 18.79 94.26 0 4.087
1636702800 18.82 94.14 0 4.082
1636702860 18.81 93.92 0 4.087
1636702920 18.82 93.82 0 4.087
1636702980 18.84 93.8 0 4.087
1636703040 18.85 93.47 0 4.087
1636703100 18.82 93.55 0 4.087
1636703160 18.82 93.46 0 4.087
1636703220 18.86 93.55 0 4.082
1636703280 18.79 93.43 0 4.087
1636703340 18.84 93.43 0 4.082
1636703400 18.78 93.43 0 4.087
1636703460 18.76 93.36 0 4.087
1636703520 18.84 93.87 0 4.087
1636703580 18.78 93.2 0 4.087
1636703640 18.82 93.06 0 4.087
1636703700 18.84 92.94 0 4.087
1636703760 18.86 92.93 0 4.087
1636703820 18.92 92.97 0 4.087
1636703880 18.98 92.71 0 4.087
1636703940 19.06 92.23 0 4.087
1636704000 19.15 93.23 0 4.087
1636704060 19.06 92.37 0 4.087
1636704120 19.07 92.18 0 4.087
1636704180 19.12 92.02 0 4.082
1636704240 19.16 91.78 0 4.087
1636704300 19.15 91.29 0 4.082
1636704360 19.17 91.08 0 4.087
1636704420 19.17 90.97 0 4.082
1636704480 19.17 91.15 0 4.082
1636704540 19.2 91.5 0 4.082
1636704600 19.2 92.1 0 4.087
1636704660 19.15 92.46 0 4.087
1636704720 19.12 92.6 0 4.087
1636704780 19.12 92.82 0 4.087
1636704840 19.07 93.11 0 4.082
1636704900 19.06 93.14 0 4.087
1636704960 19.09 93.37 0 4.082
1636705020 19.12 93.42 0 4.082
1636705080 19.12 93.04 0 4.087
1636705140 19.13 93.08 0 4.087
1636705200 19.12 93.13 0 4.082
1636705260 19.1 93.11 0 4.082
1636705320 19.13 93.66 0 4.082
1636705380 19.13 93.01 0 4.082
1636705440 19.12 92.44 0 4.082
1636705500 19.12 92.13 0 4.082
1636705560 19.2 92.36 0 4.087
1636705620 19.23 92.31 0 4.082
1636705680 19.27 92.48 0 4.082
1636705740 19.3 92.15 0 4.082
1636705800 19.29 92.26 0 4.087
1636705860 19.19 92.28 0 4.087
1636705920 19.27 92.75 0 4.082
1636705980 19.23 92.6 0 4.082
1636706040 19.25 92.85 0 4.082
1636706100 19.25 92.81 0 4.082
1636706160 19.2 92.72 0 4.087
1636706220 19.19 92.88 0 4.082
1636706280 19.16 93.1 0 4.082
1636706340 19.17 93.07 0 4.082
1636706400 19.12 93.18 0 4.082
1636706460 19.15 93.36 0 4.087
1636706520 19.19 93.58 0 4.082
1636706580 19.2 93.57 0 4.087
1636706640 19.17 92.78 0 4.087
1636706700 19.2 91.89 0 4.082
1636706760 19.25 91.46 0 4.082
1636706820 19.23 90.68 0 4.082
1636706880 19.27 90.42 0 4.087
1636706940 19.32 90.27 0 4.082
1636707000 19.36 90.18 0 4.087
1636707060 19.37 89.28 0 4.087
1636707120 19.43 89.25 0 4.082
1636707180 19.49 88.86 0 4.082
1636707240 19.46 89.19 0 4.082
1636707300 19.47 89.91 0 4.082
1636707360 19.49 89.82 0 4.082
1636707420 19.4 90.34 0 4.082
1636707480 19.3 90.5 0 4.087
1636707540 19.23 91 0 4.082
1636707600 19.13 91.46 0 4.087
1636707660 19.09 91.88 0 4.082
1636707720 19.02 92.02 0 4.082
1636707780 19.01 92.44 0 4.082
1636707840 18.95 92.59 0 4.082
1636707900 18.92 92.65 0 4.082
1636707960 18.89 92.85 0 4.082
1636708020 18.92 93.42 0 4.082
1636708080 18.95 93.53 0 4.082
1636708140 18.92 93.55 0 4.082
1636708200 18.92 93.69 0 4.082
1636708260 18.92 93.81 0 4.082
1636708320 18.89 93.84 0 4.082
1636708380 18.86 93.76 0 4.082
1636708440 18.91 93.91 0 4.082
1636708500 18.86 94.06 0 4.082
1636708560 18.85 93.96 0 4.082
1636708620 18.81 93.72 0 4.082
1636708680 18.75 93.62 0 4.082
1636708740 18.72 93.53 0 4.082
1636708800 18.68 93.29 0 4.082
1636708860 18.64 93.32 0 4.082
1636708920 18.64 93.31 0 4.082
1636708980 18.62 93.3 0 4.082
1636709040 18.57 93.29 0 4.082
1636709100 18.52 93.39 0 4.082
1636709160 18.5 93.4 0 4.082
1636709220 18.48 93.66 0 4.082
1636709280 18.52 94.34 0 4.082
1636709340 18.57 94.25 0 4.082
1636709400 18.54 94.1 0 4.082
1636709460 18.52 94.4 0 4.082
1636709520 18.47 94.02 0 4.082
1636709580 18.47 93.82 0 4.082
1636709640 18.52 93.57 0 4.082
1636709700 18.51 93.19 0 4.082
1636709760 18.54 93.09 0 4.082
1636709820 18.54 93.17 0 4.082
1636709880 18.57 93.11 0 4.082
1636709940 18.58 93.35 0 4.082
1636710000 18.61 93.21 0 4.082
1636710060 18.59 92.59 0 4.082
1636710120 18.64 92.42 0 4.082
1636710180 18.61 92.38 0 4.082
1636710240 18.57 92.72 0 4.082
1636710300 18.51 92.82 0 4.087
1636710360 18.51 93.07 0 4.082
1636710420 18.48 93.22 0 4.082
1636710480 18.46 93.43 0 4.082
1636710540 18.44 93.58 0 4.082
1636710600 18.47 93.8 0 4.082
1636710660 18.47 93.78 0 4.082
1636710720 18.48 93.5 0 4.082
1636710780 18.5 93.52 0 4.076
1636710840 18.48 93.28 0 4.082
1636710900 18.48 93.26 0 4.082
1636710960 18.5 93.28 0 4.082
1636711020 18.46 93.32 0 4.082
1636711080 18.46 93.17 0 4.082
1636711140 18.38 92.93 0 4.082
1636711200 18.37 93.01 0 4.082
1636711260 18.31 93.24 0 4.082
1636711320 18.27 93.13 0 4.082
1636711380 18.23 93.12 0 4.076
1636711440 18.2 93.27 0 4.082
1636711500 18.16 93.44 0 4.082
1636711560 18.13 93.77 0 4.082
1636711620 18.16 94.08 0 4.082
1636711680 18.13 94.08 0 4.082
1636711740 18.11 94.18 0 4.076
1636711800 18.07 94.54 0 4.082
1636711860 18.07 94.5 0 4.082
1636711920 18.03 94.57 0 4.082
1636711980 18.06 95.31 0 4.082
1636712040 18.1 95.41 0 4.082
1636712100 18.13 95.62 0 4.082
1636712160 18.11 95.59 0 4.082
1636712220 18.04 95.39 0 4.082
1636712280 17.99 95.28 0 4.082
1636712340 18.01 95.52 0 4.082
1636712400 18.03 95.57 0 4.082
1636712460 18 95.55 0 4.082
1636712520 17.99 95.37 0 4.082
1636712580 17.95 95.84 0 4.082
1636712640 18.06 96.33 0 4.082
1636712700 18.06 96.07 0 4.082
1636712760 18.04 96.05 0 4.082
1636712820 18.01 95.83 0 4.082
1636712880 18.07 96.17 0 4.082
1636712940 17.99 95.47 0 4.082
1636713000 18 95.66 0 4.082
1636713060 18.03 95.44 0 4.082
1636713120 18.01 95.39 0 4.082
1636713180 18.04 94.9 0 4.076
1636713240 18.04 94.58 0 4.082
1636713300 18.03 94.36 0 4.082
1636713360 18.01 94.34 0 4.082
1636713420 18 94.34 0 4.076
1636713480 17.99 94.39 0 4.082
1636713540 17.95 94.29 0 4.082
1636713600 17.92 94.36 0 4.082
1636713660 17.88 94.36 0 4.082
1636713720 17.93 94.77 0 4.082
1636713780 17.95 94.85 0 4.076
1636713840 17.95 94.62 0 4.082
1636713900 17.92 94.67 0 4.082
1636713960 17.9 94.78 0 4.082
1636714020 17.92 94.88 0 4.082
1636714080 17.96 94.87 0 4.082
1636714140 17.96 94.83 0 4.082
1636714200 17.97 94.5 0 4.082
1636714260 17.93 94.6 0 4.076
1636714320 17.9 94.56 0 4.076
1636714380 17.83 94.6 0 4.082
1636714440 17.8 94.7 0 4.082
1636714500 17.76 94.69 0 4.082
1636714560 17.76 95.29 0 4.082
1636714620 17.79 95.46 0 4.082
1636714680 17.8 95.37 0 4.082
1636714740 17.78 95.43 0 4.082
1636714800 17.73 95.48 0 4.082
1636714860 17.72 95.63 0 4.082
1636714920 17.75 95.91 0 4.082
1636714980 17.76 96.01 0 4.082
1636715040 17.79 96.24 0 4.082
1636715100 17.79 96.37 0 4.082
1636715160 17.79 96.42 4 4.082
1636715220 17.78 96.49 0 4.082
1636715280 17.78 96.44 4 4.082
1636715340 17.73 96.52 4 4.082
1636715400 17.73 96.82 4 4.082
1636715460 17.76 96.88 4 4.082
1636715520 17.78 97.1 4 4.082
1636715580 17.8 96.99 4 4.076
1636715640 17.85 96.95 4 4.082
1636715700 17.78 96.85 4 4.082
1636715760 17.75 96.78 4 4.082
1636715820 17.78 96.88 4 4.076
1636715880 17.75 96.72 4 4.076
1636715940 17.71 96.67 4 4.082
1636716000 17.72 96.79 4 4.082
1636716060 17.73 96.84 4 4.082
1636716120 17.73 96.6 10 4.071
1636716180 17.75 96.68 10 4.082
1636716240 17.78 96.89 10 4.076
1636716300 17.85 96.74 10 4.076
1636716360 17.83 96.51 10 4.076
1636716420 17.86 96.24 10 4.076
1636716480 17.82 96.04 10 4.076
1636716540 17.78 96 10 4.076
1636716600 17.75 95.95 10 4.082
1636716660 17.76 95.98 10 4.082
1636716720 17.75 96.08 16 4.082
1636716780 17.75 95.75 16 4.082
1636716840 17.79 95.93 16 4.082
1636716900 17.79 95.8 16 4.076
1636716960 17.78 95.78 16 4.082
1636717020 17.76 95.78 16 4.076
1636717080 17.76 95.75 16 4.076
1636717140 17.79 95.79 22 4.082
1636717200 17.79 95.8 22 4.076
1636717260 17.8 95.68 22 4.076
1636717320 17.78 95.71 22 4.076
1636717380 17.76 95.52 22 4.076
1636717440 17.76 95.45 22 4.076
1636717500 17.76 95.67 22 4.076
1636717560 17.78 95.79 22 4.082
1636717620 17.76 95.65 22 4.076
1636717680 17.79 95.69 22 4.082
1636717740 17.83 95.74 28 4.076
1636717800 17.8 95.71 28 4.082
1636717860 17.82 95.74 28 4.076
1636717920 17.85 95.8 28 4.076
1636717980 17.88 95.73 34 4.082
1636718040 17.88 95.61 40 4.076
1636718100 17.89 95.65 40 4.076
1636718160 17.93 95.69 40 4.076
1636718220 17.96 95.62 46 4.076
1636718280 18.03 95.6 52 4.076
1636718340 18.04 95.52 64 4.076
1636718400 18.16 95.62 82 4.076
1636718460 18.28 95.66 106 4.076
1636718520 18.38 95.48 112 4.076
1636718580 18.51 95.22 124 4.076
1636718640 18.67 95.14 124 4.082
1636718700 18.72 94.6 118 4.076
1636718760 18.85 94.48 82 4.082
1636718820 18.95 93.9 58 4.076
1636718880 19.02 92.75 58 4.076
1636718940 19.1 92.31 70 4.076
1636719000 19.16 92.01 82 4.076
1636719060 19.15 91.45 94 4.076
1636719120 19.27 91.47 70 4.076
1636719180 19.32 90.98 52 4.076
1636719240 19.43 90.98 52 4.076
1636719300 19.47 90.95 52 4.076
1636719360 19.53 90.99 52 4.082
1636719420 19.56 90.84 52 4.076
1636719480 19.58 90.49 64 4.082
1636719540 19.56 89.45 82 4.076
1636719600 19.5 90.11 76 4.076
1636719660 19.58 89.97 64 4.076
1636719720 19.65 90.06 58 4.076
1636719780 19.7 89.32 64 4.076
1636719840 19.71 88.48 76 4.076
1636719900 19.71 87.69 76 4.076
1636719960 19.73 86.79 64 4.076
1636720020 19.78 87.41 64 4.076
1636720080 19.88 87.71 82 4.076
1636720140 19.99 87.61 82 4.076
1636720200 20.01 87.05 124 4.076
1636720260 20.11 87.2 155 4.076
1636720320 20.18 86.77 94 4.076
1636720380 20.36 86.31 64 4.071
1636720440 20.46 85.76 70 4.065
1636720500 20.54 85.52 64 4.076
1636720560 20.66 84.91 70 4.076
1636720620 20.62 84.06 94 4.076
1636720680 20.62 84.74 106 4.076
1636720740 20.74 85.47 106 4.076
1636720800 20.8 85.71 112 4.076
1636720860 20.86 85.25 124 4.076
1636720920 20.9 84.49 173 4.082
1636720980 21.01 84.39 167 4.082
1636721040 21.1 84.04 106 4.082
1636721100 21.2 83.86 76 4.082
1636721160 21.28 83.5 70 4.076
1636721220 21.28 83.85 70 4.076
1636721280 21.31 83.91 70 4.076
1636721340 21.34 82.74 70 4.076
1636721400 21.38 82.51 76 4.082
1636721460 21.39 81.79 76 4.076
1636721520 21.28 80.77 88 4.076
1636721580 21.31 81.26 161 4.076
1636721640 21.38 82.2 275 4.076
1636721700 21.45 82.13 311 4.087
1636721760 21.59 80.97 341 4.087
1636721820 21.73 79.64 347 4.092
1636721880 21.9 79.25 347 4.087
1636721940 22.16 79.12 353 4.092
1636722000 22.03 76.72 353 4.092
1636722060 22.26 77.43 359 4.087
1636722120 22.41 76.62 359 4.087
1636722180 22.84 76.22 359 4.092
1636722240 23.02 74.01 365 4.092
1636722300 23.29 72.01 323 4.087
1636722360 23.39 72.52 215 4.087
1636722420 23.56 72 329 4.092
1636722480 23.61 70.61 384 4.092
1636722540 23.57 71.45 396 4.082
1636722600 24 70.48 400 4.082
1636722660 23.94 70.8 408 4.082
1636722720 23.85 71.7 412 4.076
1636722780 24.07 68.99 418 4.076
1636722840 24.14 68.85 426 4.076
1636722900 24.25 69.15 424 4.076
1636722960 24.49 69.58 430 4.076
1636723020 24.55 67.48 436 4.076
1636723080 24.62 67.22 442 4.076
1636723140 24.76 65.6 448 4.082
1636723200 24.83 66.37 454 4.076
1636723260 24.95 64.89 460 4.076
1636723320 25.45 64.27 460 4.076
1636723380 25.25 65.28 466 4.076
1636723440 25.36 63.99 466 4.076
1636723500 25.51 62.3 478 4.076
1636723560 25.83 60.03 484 4.076
1636723620 25.96 59.01 484 4.076
1636723680 25.89 59.02 490 4.076
1636723740 25.96 60.05 496 4.076
1636723800 26.24 59.48 496 4.076
1636723860 26.24 60.24 508 4.076
1636723920 26.61 58.51 501 4.076
1636723980 27.05 57.1 418 4.076
1636724040 26.64 59.22 515 4.076
1636724100 26.37 57.68 513 4.076
1636724160 26.4 58.28 521 4.071
1636724220 26.19 59.47 525 4.071
1636724280 26.51 58.65 531 4.071
1636724340 26.27 58.04 537 4.076
1636724400 26.37 58.51 537 4.071
1636724460 26.24 57.56 543 4.076
1636724520 25.89 58.41 543 4.076
1636724580 26.27 59.04 551 4.071
1636724640 26.62 57.1 549 4.071
1636724700 26.77 56.21 555 4.076
1636724760 26.93 55.08 563 4.071
1636724820 26.96 54.63 567 4.071
1636724880 27.19 54.43 567 4.076
1636724940 27.43 52.66 575 4.071
1636725000 27.28 53.01 579 4.071
1636725060 27.19 52.53 579 4.076
1636725120 27.03 53.39 585 4.071
1636725180 27.05 53.62 585 4.071
1636725240 27.23 53.4 585 4.071
1636725300 27.06 55.6 591 4.071
1636725360 27.25 54.18 596 4.071
1636725420 27.67 51.21 603 4.071
1636725480 27.72 50.97 609 4.071
1636725540 28.08 50.62 609 4.071
1636725600 27.94 50.67 615 4.071
1636725660 28.23 50.11 585 4.071
1636725720 28.35 50.2 609 4.071
1636725780 28.01 52.07 615 4.076
1636725840 28.31 50.97 591 4.071
1636725900 28.5 51.41 609 4.065
1636725960 28.65 51.18 640 4.071
1636726020 28.87 51.02 603 4.071
1636726080 28.41 51.06 597 4.071
1636726140 27.65 53.09 621 4.071
1636726200 28.25 50.67 646 4.071
1636726260 28.36 51.86 640 4.071
1636726320 27.53 52.97 640 4.071
1636726380 27.05 53.69 646 4.071
1636726440 26.55 55.29 652 4.071
1636726500 26.99 54.55 652 4.071
1636726560 27.2 54.46 676 4.071
1636726620 26.77 54.68 682 4.071
1636726680 26.14 55.78 682 4.071
1636726740 26.52 55.73 688 4.071
1636726800 26.99 55.06 700 4.071
1636726860 26.74 57.43 706 4.071
1636726920 26.58 55.75 706 4.071
1636726980 26.45 56.08 706 4.071
1636727040 26.93 54.25 712 4.071
1636727100 27.43 54.06 718 4.071
1636727160 27.87 51.95 724 4.071
1636727220 27.87 52.14 724 4.071
1636727280 27.5 52.78 730 4.071
1636727340 27.74 52.33 734 4.065
1636727400 28.04 51.89 740 4.071
1636727460 28.53 50.41 740 4.071
1636727520 28.31 50.71 746 4.071
1636727580 28.32 50.58 752 4.071
1636727640 28.41 51.65 752 4.071
1636727700 28.47 52.04 758 4.071
1636727760 28.31 52.7 764 4.071
1636727820 28.2 50.87 764 4.065
1636727880 28.34 52.9 771 4.071
1636727940 28.94 50.18 777 4.065
1636728000 29.1 50.66 777 4.071
1636728060 29.39 49.06 783 4.071
1636728120 29.72 48.21 789 4.065
1636728180 29.75 47.97 795 4.071
1636728240 29.71 48.03 793 4.071
1636728300 29.28 50.37 793 4.065
1636728360 29.26 49.88 801 4.071
1636728420 29.31 49.38 805 4.071
1636728480 29.48 49.71 807 4.065
1636728540 29.13 51.64 811 4.065
1636728600 29.29 49.56 817 4.071
1636728660 29.28 49.44 823 4.065
1636728720 29.18 48.99 829 4.065
1636728780 29 49.67 829 4.071
1636728840 29.07 50.14 835 4.065
1636728900 29.36 49.31 835 4.065
1636728960 29.55 48.54 841 4.071
1636729020 29.52 48.76 841 4.065
1636729080 29.72 48.82 849 4.071
1636729140 29.76 48.7 853 4.071
1636729200 29.73 48.47 853 4.065
1636729260 30.06 47.8 859 4.065
1636729320 30.17 47.38 859 4.065
1636729380 30.14 48.21 865 4.065
1636729440 30.45 48.37 871 4.065
1636729500 30.47 46.79 877 4.065
1636729560 30.82 46.26 883 4.065
1636729620 31 46.46 889 4.065
1636729680 30.99 45.38 896 4.065
1636729740 30.84 46.43 896 4.065
1636729800 30.24 48.25 902 4.065
1636729860 30.58 48.28 902 4.065
1636729920 31.16 46.99 908 4.065
1636729980 31.29 45.25 914 4.065
1636730040 31.02 46.12 920 4.065
1636730100 30.77 47.95 920 4.065
1636730160 31.41 46.9 920 4.065
1636730220 31.51 46.16 926 4.065
1636730280 31.46 46.71 932 4.065
1636730340 31.46 46.8 932 4.065
1636730400 31.43 46.78 938 4.065
1636730460 31.32 46.49 944 4.065
1636730520 31.06 48.06 956 4.065
1636730580 31.12 47.06 968 4.065
1636730640 30.9 47.27 974 4.065
1636730700 31.37 46.48 978 4.065
1636730760 31.1 45.48 986 4.065
1636730820 31.18 45.95 986 4.065
1636730880 31.48 45.3 986 4.065
1636730940 31.32 46.57 974 4.065
1636731000 31.53 46.91 996 4.065
1636731060 31 46.67 1008 4.065
1636731120 30.99 46.49 1021 4.065
1636731180 31.18 48.71 1027 4.065
1636731240 31.37 44.58 1027 4.065
1636731300 31.33 44.45 1033 4.065
1636731360 31.25 43.94 1045 4.06
1636731420 31.57 44.02 722 4.06
1636731480 31.39 45.02 877 4.065
1636731540 31.48 44.97 1057 4.065
1636731600 31.33 44.92 1057 4.065
1636731660 31.37 45.52 1069 4.065
1636731720 31.22 45.62 1079 4.065
1636731780 31.67 45.31 1087 4.065
1636731840 31.68 44.09 1105 4.06
1636731900 31.95 44.11 1111 4.065
1636731960 32.15 44.11 1093 4.065
1636732020 32.51 44.37 1087 4.065
1636732080 32.73 41.93 1111 4.065
1636732140 32.59 41.19 950 4.06
1636732200 32.19 41.57 274 4.065
1636732260 31.37 45.44 344 4.065
1636732320 30.67 46.38 304 4.065
1636732380 29.92 47.24 298 4.071
1636732440 29.92 47.24 304 4.071
1636732500 29.95 47.66 310 4.071
1636732560 29.93 47.9 310 4.071
1636732620 29.86 48.38 299 4.071
1636732680 29.69 47.83 334 4.076
1636732740 29.45 49.3 746 4.065
1636732800 29.35 48.16 1200 4.065
1636732860 29.68 48.42 1165 4.065
1636732020 32.51 44.37 1087 4.065
1636732080 32.73 41.93 1111 4.065
1636732140 32.59 41.19 950 4.06
1636732200 32.19 41.57 274 4.065
1636732260 31.37 45.44 344 4.065
1636732320 30.67 46.38 304 4.065
1636732380 29.92 47.24 298 4.071
1636732440 29.92 47.24 304 4.071
1636732500 29.95 47.66 310 4.071
1636732560 29.93 47.9 310 4.071
1636732620 29.86 48.38 299 4.071
1636732680 29.69 47.83 334 4.076
1636732740 29.45 49.3 746 4.065
1636732800 29.35 48.16 1200 4.065
1636732860 29.68 48.42 1165 4.065
1636732920 29.52 50.19 1200 4.065
1636732980 29.69 51.49 1206 4.065
1636733040 30.21 48.85 1206 4.065
1636733100 30.02 50.22 1206 4.065
1636733160 29.76 52.55 1198 4.065
1636733220 29.22 53.44 1158 4.065
1636733280 29.32 52.52 1141 4.065
1636733340 29.03 54.21 1141 4.065
1636733400 29.51 53.5 1153 4.065
1636733460 29.58 51.65 262 4.065
1636733520 29.55 51.79 231 4.065
1636733580 29.45 52.23 231 4.06
1636733640 29.48 52.44 231 4.065
1636733700 28.96 53.58 231 4.071
1636733760 28.92 54.12 243 4.065
1636733820 29.18 53.78 370 4.065
1636733880 29.26 54.83 417 4.06
1636733940 29.29 53.99 1183 4.065
1636734000 29.29 53.84 1188 4.065
1636734060 29.79 52.37 1171 4.065
1636734120 30 49.96 1183 4.065
1636734180 29.77 52.84 1188 4.065
1636734240 30.17 51.67 1188 4.065
1636734300 30.19 49.99 1212 4.06
1636734360 30.69 49.07 1222 4.065
1636734420 31.13 49.38 1234 4.065
1636734480 31.47 46.34 1236 4.06
1636734540 31.54 48.08 1234 4.06
1636734600 31.33 48.74 1228 4.06
1636734660 31.51 47.99 1210 4.06
1636734720 31.26 47.22 1206 4.06
1636734780 30.98 47.15 1224 4.06
1636734840 31.2 47.54 1192 4.06
1636734900 30.96 46.91 1121 4.065
1636734960 30.35 48.56 1182 4.065
1636735020 30.02 50.36 1031 4.06
1636735080 30 48.58 417 4.065
1636735140 29.89 49.32 417 4.06
1636735200 29.98 49.28 399 4.06
1636735260 30.2 49 382 4.06
1636735320 30.45 48.81 1045 4.06
1636735380 30.51 49.44 1277 4.065
1636735440 30.21 50.51 1283 4.06
1636735500 30.84 49.83 764 4.06
1636735560 31.18 47.87 316 4.06
1636735620 31.22 48.43 286 4.065
1636735680 30.67 49.28 286 4.06
1636735740 29.47 51.88 280 4.06
1636735800 29.21 53.16 322 4.06
1636735860 28.89 53.45 1153 4.065
1636735920 28.71 52.19 1210 4.06
1636735980 28.86 52.59 1246 4.06
1636736040 28.62 52.61 1258 4.065
1636736100 28.59 52.15 1234 4.06
1636736160 28.52 52.89 1210 4.06
1636736220 28.49 51.97 1192 4.06
1636736280 28.65 53.02 1198 4.06
1636736340 29.04 50.85 1198 4.06
1636736400 28.63 51.44 1228 4.06
1636736460 28.87 51.64 1234 4.06
1636736520 28.83 51.49 1115 4.06
1636736580 29.31 52.07 368 4.06
1636736640 29.82 49.87 1228 4.06
1636736700 30.14 49.9 1252 4.06
1636736760 30.31 50.01 1198 4.06
1636736820 29.83 48.9 338 4.06
1636736880 29.36 49.57 274 4.06
1636736940 29.14 50.75 256 4.06
1636737000 29.45 49.76 356 4.06
1636737060 29.76 49.64 380 4.06
1636737120 29.69 49.72 1121 4.06
1636737180 29.89 48.46 1103 4.06
1636737240 29.36 48.62 1133 4.06
1636737300 30.04 47.22 1152 4.06
1636737360 30.35 46.48 1145 4.06
1636737420 30.92 46.11 1176 4.06
1636737480 31.46 45.78 1188 4.06
1636737540 31.68 42.56 1186 4.055
1636737600 31.97 43.1 304 4.06
1636737660 32.18 43.13 1079 4.06
1636737720 31.77 44.17 590 4.06
1636737780 31.51 44.62 739 4.06
1636737840 31.41 45.87 1152 4.06
1636737900 31.27 45.64 1164 4.06
1636737960 31.54 46.31 368 4.06
1636738020 31.88 46.79 673 4.06
1636738080 32.05 45.55 338 4.06
1636738140 31.6 47.22 679 4.06
1636738200 31.39 47.49 959 4.06
1636738260 31.22 47 334 4.06
1636738320 30.71 47.84 320 4.06
1636738380 30.82 46.75 328 4.06
1636738440 30.27 47.41 447 4.06
1636738500 30.21 48.14 1234 4.06
1636738560 30.48 49.78 1192 4.06
1636738620 30.67 48.46 1198 4.06
1636738680 30.89 48.53 1198 4.06
1636738740 30.71 49.39 1216 4.055
1636738800 31.05 47.41 334 4.06
1636738860 31.15 49.69 274 4.06
1636738920 31.25 48.92 231 4.06
1636738980 30.99 48.58 286 4.06
1636739040 30.78 49.37 1158 4.06
1636739100 30.47 49.93 888 4.055
1636739160 30.35 50.33 1180 4.06
1636739220 30.34 48.87 1158 4.06
1636739280 30.35 51.35 1145 4.06
1636739340 30.81 49.46 1132 4.06
1636739400 31.03 48.38 1133 4.06
1636739460 31.22 48.68 1133 4.06
1636739520 30.67 48.98 1127 4.06
1636739580 30.02 50.34 1127 4.055
1636739640 30.58 49.34 1133 4.055
1636739700 31.03 49.73 1132 4.055
1636739760 30.96 49.68 1138 4.06
1636739820 30.26 49.66 1133 4.06
1636739880 30.3 50.97 1138 4.055
1636739940 30.58 50 1138 4.055
1636740000 30.3 51.38 1145 4.055
1636740060 30.57 52 1152 4.055
1636740120 30.82 50.64 1158 4.055
1636740180 30.68 50.85 1182 4.06
1636740240 31.2 50.93 1168 4.055
1636740300 31.41 48.28 1180 4.055
1636740360 31.39 49.31 1186 4.055
1636740420 31.53 49.01 1191 4.06
1636740480 31.6 48.41 1188 4.06
1636740540 31.81 48.17 1191 4.055
1636740600 31.6 48.47 1180 4.055
1636740660 31.61 49.01 1168 4.055
1636740720 31.67 48.05 1156 4.055
1636740780 31.5 47.95 1145 4.055
1636740840 31.53 49.46 1150 4.06
1636740900 31.33 49.94 1162 4.055
1636740960 31.59 49.71 1168 4.06
1636741020 31.4 49.55 1180 4.055
1636741080 31.6 49.2 1180 4.055
1636741140 31.43 49.31 1174 4.055
1636741200 31.3 49.43 1174 4.055
1636741260 31.33 49.83 1168 4.055
1636741320 31 51.2 1149 4.092
1636741380 31.19 51.24 1139 4.098
1636741440 31.13 50.46 1127 4.098
1636741500 31.56 48.67 1121 4.103
1636741560 31.19 47.31 1109 4.103
1636741620 31.08 47.76 1105 4.108
1636741680 30.31 50.17 1105 4.108
1636741740 30.79 52.28 1105 4.108
1636741800 31.29 48.66 1099 4.108
1636741860 31.46 47.96 1093 4.114
1636741920 31.68 47.71 1094 4.114
1636741980 31.22 48.33 1099 4.114
1636742040 30.2 50.02 1088 4.114
1636742100 30.03 52 1082 4.119
1636742160 29.86 52.14 1076 4.114
1636742220 29.47 54.06 1070 4.119
1636742280 29.62 53.78 1052 4.119
1636742340 30.17 53.67 1064 4.119
1636742400 30.38 51.64 1064 4.119
1636742460 30.77 50.87 1066 4.119
1636742520 30.65 50.36 1060 4.125
1636742580 30.61 52.52 1054 4.119
1636742640 31.13 50.55 1040 4.125
1636742700 30.85 49.97 1036 4.125
1636742760 30.72 50.7 1036 4.13
1636742820 31.16 50.32 1036 4.125
1636742880 31.3 52.37 1042 4.13
1636742940 31.5 50.24 1043 4.125
1636743000 31.33 51.04 1055 4.13
1636743060 31.37 50.14 1093 4.13
1636743120 31.3 49.97 1085 4.13
1636743180 31.35 50.59 1073 4.13
1636743240 31.2 50.34 1049 4.135
1636743300 31.27 50.92 1037 4.13
1636743360 31.51 49.96 1031 4.13
1636743420 31.77 49.87 1033 4.135
1636743480 31.54 49.59 1039 4.135
1636743540 31.64 50.13 1033 4.13
1636743600 31.6 51.05 1039 4.135
1636743660 31.84 49.49 1039 4.135
1636743720 31.71 49.77 1033 4.135
1636743780 31.33 51.44 1034 4.135
1636743840 30.9 50.97 1021 4.135
1636743900 30.17 52.3 1014 4.135
1636743960 29.72 53.79 1008 4.135
1636744020 29.79 54.14 1007 4.108
1636744080 29.8 53.87 1001 4.103
1636744140 29.58 53.83 1001 4.103
1636744200 29.25 54.55 1007 4.103
1636744260 29.08 55.63 1013 4.103
1636744320 29.53 55.16 1019 4.098
1636744380 29.99 54.56 1019 4.103
1636744440 30.41 52.72 1025 4.103
1636744500 30.64 51.56 1030 4.103
1636744560 30.9 52.38 1017 4.103
1636744620 31.43 51.2 999 4.098
1636744680 31.08 50.24 1013 4.103
1636744740 31.37 49.81 277 4.103
1636744800 30.45 51.37 1042 4.098
1636744860 30.11 52.7 1011 4.103
1636744920 30.32 53.26 993 4.098
1636744980 30.5 52.58 975 4.098
1636745040 30.92 51.91 981 4.098
1636745100 31.27 50.29 969 4.098
1636745160 31.23 49.37 959 4.098
1636745220 30.38 51.68 951 4.098
1636745280 29.99 52.76 945 4.098
1636745340 29.9 53.54 945 4.098
1636745400 30.35 53.26 951 4.098
1636745460 30.9 51.28 951 4.098
1636745520 31.22 50.46 951 4.098
1636745580 30.99 51.58 945 4.098
1636745640 30.95 50.19 939 4.098
1636745700 30.98 50.7 927 4.098
1636745760 31.15 50.35 927 4.098
1636745820 31.29 50.42 921 4.098
1636745880 31.19 51.07 908 4.098
1636745940 31.43 50.22 909 4.098
1636746000 31.22 49.51 914 4.098
1636746060 31.15 51.52 926 4.098
1636746120 30.93 51.58 932 4.092
1636746180 31 50.32 920 4.098
1636746240 30.61 51.18 909 4.098
1636746300 29.98 52.5 897 4.098
1636746360 29.69 54.73 896 4.098
1636746420 30.04 53.85 903 4.092
1636746480 30.44 53.37 891 4.092
1636746540 30.53 51.88 889 4.098
1636746600 30.88 51.66 891 4.098
1636746660 30.88 50.07 885 4.098
1636746720 30.77 51.6 883 4.098
1636746780 30.85 51.42 877 4.092
1636746840 30.24 51.63 877 4.092
1636746900 29.53 54.16 877 4.098
1636746960 29.38 55.03 871 4.092
1636747020 29.65 54.49 859 4.092
1636747080 29.96 53.07 835 4.092
1636747140 29.86 52.63 835 4.092
1636747200 29.1 55.02 847 4.092
1636747260 29.48 54.88 835 4.092
1636747320 29.01 54.74 841 4.092
1636747380 29.26 54.91 853 4.092
1636747440 29.18 53.84 649 4.098
1636747500 29.24 53.74 504 4.092
1636747560 28.89 54.09 751 4.098
1636747620 28.62 55.56 829 4.092
1636747680 29.31 55.05 203 4.092
1636747740 29.76 53.9 438 4.092
1636747800 29.86 53.55 817 4.092
1636747860 30.06 52.42 805 4.092
1636747920 29.83 53.6 793 4.092
1636747980 29.38 54.19 793 4.092
1636748040 29.39 54.2 787 4.092
1636748100 29.07 56.32 733 4.092
1636748160 29.32 54.39 817 4.092
1636748220 29.15 55.02 817 4.092
1636748280 29.49 55.32 215 4.092
1636748340 30.04 52.86 721 4.092
1636748400 29.9 53.65 799 4.092
1636748460 30.17 53.24 787 4.092
1636748520 29.82 53.22 780 4.092
1636748580 29.86 52.7 787 4.092
1636748640 29.32 54.72 781 4.092
1636748700 29.1 55.36 763 4.092
1636748760 29.13 54.95 751 4.092
1636748820 29.31 54.92 751 4.092
1636748880 29.26 54.62 769 4.087
1636748940 29.52 54.42 709 4.092
1636749000 29.99 52.99 558 4.092
1636749060 29.75 54.11 749 4.087
1636749120 29.84 53.02 745 4.092
1636749180 30.26 52.3 655 4.087
1636749240 30.2 52.5 727 4.092
1636749300 30.26 52.08 709 4.092
1636749360 30.02 52.93 707 4.092
1636749420 29.95 51.61 703 4.087
1636749480 29.69 52.86 695 4.092
1636749540 30.06 51.9 679 4.087
1636749600 30.14 52.65 636 4.087
1636749660 30.37 51.23 667 4.087
1636749720 30.26 51.67 661 4.087
1636749780 30.27 51.28 661 4.092
1636749840 30.14 53.03 661 4.087
1636749900 30.1 52.6 655 4.092
1636749960 29.86 53.44 655 4.092
1636750020 30.04 53.53 655 4.092
1636750080 29.79 53.92 667 4.087
1636750140 29.07 54.9 679 4.092
1636750200 29.41 55.24 679 4.087
1636750260 29.77 53.68 685 4.092
1636750320 29.01 55.04 667 4.087
1636750380 28.92 56.17 649 4.087
1636750440 29.63 54.48 624 4.087
1636750500 29.61 54.81 618 4.087
1636750560 29.82 54.82 624 4.087
1636750620 30.17 53.02 618 4.092
1636750680 30.17 53.23 612 4.087
1636750740 30.03 53.46 618 4.092
1636750800 30.35 53.31 618 4.092
1636750860 30.19 53.86 618 4.087
1636750020 30.04 53.53 655 4.092
1636750080 29.79 53.92 667 4.087
1636750140 29.07 54.9 679 4.092
1636750200 29.41 55.24 679 4.087
1636750260 29.77 53.68 685 4.092
1636750320 29.01 55.04 667 4.087
1636750380 28.92 56.17 649 4.087
1636750440 29.63 54.48 624 4.087
1636750500 29.61 54.81 618 4.087
1636750560 29.82 54.82 624 4.087
1636750620 30.17 53.02 618 4.092
1636750680 30.17 53.23 612 4.087
1636750740 30.03 53.46 618 4.092
1636750800 30.35 53.31 618 4.092
1636750860 30.19 53.86 618 4.087
1636750920 30.07 54.06 624 4.087
1636750980 29.92 53.96 612 4.087
1636751040 30.14 53.47 594 4.087
1636751100 29.95 52.87 588 4.087
1636751160 29.65 54.24 582 4.087
1636751220 29.41 54.28 582 4.087
1636751280 28.77 55.77 582 4.087
1636751340 28.47 58.18 600 4.087
1636751400 29.04 56.87 606 4.087
1636751460 29.14 56.97 600 4.087
1636751520 29.13 56.99 576 4.092
1636751580 28.87 57.94 558 4.087
1636751640 29.22 57.76 540 4.087
1636751700 29.42 56.78 528 4.092
1636751760 29.65 55.77 510 4.087
1636751820 29.79 55.39 498 4.092
1636751880 29.58 53.93 504 4.087
1636751940 29.51 53.51 504 4.087
1636752000 29.35 54.12 498 4.087
1636752060 29.34 53.7 498 4.087
1636752120 29 53.75 486 4.087
1636752180 28.69 55.84 480 4.087
1636752240 28.97 55.16 474 4.087
1636752300 29.1 54.95 480 4.087
1636752360 29.1 55.04 474 4.087
1636752420 29.31 54.82 462 4.087
1636752480 29.41 53.48 456 4.087
1636752540 29.47 54.37 444 4.087
1636752600 29.35 54.07 450 4.087
1636752660 28.71 55.87 444 4.087
1636752720 28.49 56.65 444 4.087
1636752780 28.62 56.72 432 4.087
1636752840 28.45 56.81 426 4.087
1636752900 28.2 57.71 426 4.087
1636752960 28.34 56.82 426 4.087
1636753020 28.25 57.86 426 4.087
1636753080 28.52 57.14 426 4.087
1636753140 28.77 56.29 420 4.087
1636753200 28.93 56.52 414 4.087
1636753260 29.31 55.51 408 4.087
1636753320 29.29 54.86 402 4.087
1636753380 29.13 55.89 396 4.087
1636753440 28.89 55.87 390 4.087
1636753500 28.59 56.85 384 4.087
1636753560 28.53 57.32 377 4.087
1636753620 28.59 57 377 4.087
1636753680 28.29 57.7 371 4.082
1636753740 28.38 58.64 365 4.087
1636753800 28.63 56.95 365 4.087
1636753860 28.87 56.66 209 4.087
1636753920 28.76 56.25 341 4.087
1636753980 28.8 56.36 371 4.087
1636754040 28.73 56.78 161 4.087
1636754100 28.45 57.19 359 4.087
1636754160 28.07 58.44 359 4.087
1636754220 27.94 59.58 347 4.087
1636754280 28.05 59.35 329 4.082
1636754340 27.71 59.97 106 4.087
1636754400 27.51 60.95 118 4.087
1636754460 27.53 61.21 239 4.087
1636754520 27.59 61.13 299 4.092
1636754580 27.72 60.87 293 4.087
1636754640 27.76 60.87 82 4.087
1636754700 27.83 60.71 281 4.087
1636754760 27.99 60.68 281 4.092
1636754820 27.83 60.13 275 4.087
1636754880 28.11 59.42 269 4.092
1636754940 28.26 58.99 269 4.087
1636755000 28.01 60.33 257 4.087
1636755060 28.26 59.47 257 4.087
1636755120 28.23 59.96 251 4.087
1636755180 28.19 59.06 251 4.087
1636755240 28.14 59.01 245 4.092
1636755300 28.02 59.92 233 4.087
1636755360 28.08 59.74 227 4.087
1636755420 28.14 59.98 227 4.087
1636755480 28.02 60.31 221 4.087
1636755540 28.11 59.96 227 4.087
1636755600 27.95 60.2 233 4.092
1636755660 27.83 61.01 227 4.092
1636755720 27.76 61.62 221 4.087
1636755780 27.46 62.62 221 4.087
1636755840 27.22 63.45 209 4.087
1636755900 27.26 63.33 191 4.087
1636755960 27.32 63.22 179 4.087
1636756020 27.49 62.74 161 4.087
1636756080 27.23 63.13 161 4.087
1636756140 27.26 63.82 118 4.087
1636756200 27.29 63.24 149 4.082
1636756260 27.37 63.05 149 4.087
1636756320 27.29 63.37 143 4.087
1636756380 27.03 64.17 137 4.087
1636756440 26.78 64.82 131 4.087
1636756500 26.65 65.39 124 4.087
1636756560 26.75 65.4 112 4.087
1636756620 26.91 65.07 112 4.087
1636756680 26.93 63.9 100 4.087
1636756740 26.72 65.15 94 4.087
1636756800 26.68 65.37 88 4.087
1636756860 26.74 65.03 88 4.087
1636756920 26.64 65.77 76 4.087
1636756980 26.51 65.73 52 4.087
1636757040 26.59 65.76 34 4.087
1636757100 26.59 66 28 4.087
1636757160 26.34 66.19 28 4.087
1636757220 26.04 66.8 28 4.087
1636757280 25.93 67.65 22 4.092
1636757340 25.85 67.88 22 4.087
1636757400 25.83 68.33 16 4.087
1636757460 25.69 68.38 16 4.087
1636757520 25.61 68.92 16 4.087
1636757580 25.48 69.27 16 4.087
1636757640 25.41 69.63 10 4.087
1636757700 25.39 69.68 10 4.087
1636757760 25.35 69.77 10 4.087
1636757820 25.27 70.39 10 4.087
1636757880 25.21 70.61 4 4.087
1636757940 25.21 70.63 4 4.087
1636758000 25.24 70.42 4 4.087
1636758060 25.2 70.83 4 4.087
1636758120 25.15 70.84 4 4.087
1636758180 25.14 70.84 4 4.087
1636758240 25.1 70.9 4 4.087
1636758300 25.08 71.06 4 4.087
1636758360 25.03 71.33 4 4.087
1636758420 25.03 71.4 0 4.087
1636758480 24.98 71.67 0 4.087
1636758540 25.04 71.88 0 4.087
1636758600 25.03 71.37 0 4.087
1636758660 24.97 71.77 0 4.087
1636758720 24.88 72.05 0 4.087
1636758780 24.8 72.58 0 4.087
1636758840 24.71 72.77 0 4.087
1636758900 24.7 73 0 4.082
1636758960 24.67 73.36 0 4.087
1636759020 24.62 73.39 0 4.087
1636759080 24.59 73.67 0 4.087
1636759140 24.59 73.83 0 4.087
1636759200 24.59 74.04 0 4.087
1636759260 24.55 74.14 0 4.087
1636759320 24.57 74.23 0 4.087
1636759380 24.52 74.46 0 4.087
1636759440 24.52 74.3 0 4.087
1636759500 24.48 74.63 0 4.087
1636759560 24.5 74.94 0 4.087
1636759620 24.43 75.08 0 4.087
1636759680 24.4 75.35 0 4.087
1636759740 24.32 75.43 0 4.087
1636759800 24.28 75.88 0 4.087
1636759860 24.26 75.86 0 4.087
1636759920 24.28 76.02 0 4.087
1636759980 24.25 76.09 0 4.087
1636760040 24.22 76.17 0 4.087
1636760100 24.22 76.24 0 4.087
1636760160 24.18 76.47 0 4.087
1636760220 24.14 76.66 0 4.087
1636760280 24.11 76.86 0 4.087
1636760340 24.09 77.02 0 4.087
1636760400 24.07 76.81 0 4.087
1636760460 24.04 77.21 0 4.082
1636760520 24.04 77.49 0 4.087
1636760580 24.02 77.66 0 4.087
1636760640 24.02 77.87 0 4.082
1636760700 23.97 77.99 0 4.087
1636760760 23.95 78.04 0 4.087
1636760820 23.92 78.24 0 4.087
1636760880 23.95 78.11 0 4.087
1636760940 23.91 78.21 0 4.092
1636761000 23.92 78.56 0 4.087
1636761060 23.89 78.63 0 4.087
1636761120 23.89 78.89 0 4.087
1636761180 23.92 78.65 0 4.087
1636761240 23.87 78.43 0 4.087
1636761300 23.92 78.77 0 4.087
1636761360 23.85 78.94 0 4.087
1636761420 23.82 79.23 0 4.087
1636761480 23.75 79.15 0 4.087
1636761540 23.68 79.57 0 4.087
1636761600 23.75 79.57 0 4.087
1636761660 23.77 79.81 0 4.087
1636761720 23.74 79.83 0 4.087
1636761780 23.71 79.49 0 4.087
1636761840 23.72 79.88 0 4.087
1636761900 23.7 79.96 0 4.087
1636761960 23.68 79.91 0 4.087
1636762020 23.64 80.11 0 4.082
1636762080 23.65 80.08 0 4.082
1636762140 23.61 80.24 0 4.087
1636762200 23.64 80.36 0 4.087
1636762260 23.64 80.54 0 4.087
1636762320 23.65 80.47 0 4.087
1636762380 23.68 80.25 0 4.087
1636762440 23.67 80.77 0 4.087
1636762500 23.64 80.97 0 4.082
1636762560 23.65 80.87 0 4.087
1636762620 23.63 80.94 0 4.087
1636762680 23.67 80.9 0 4.087
1636762740 23.64 81.09 0 4.087
1636762800 23.64 81.13 0 4.087
1636762860 23.59 81.18 0 4.087
1636762920 23.54 81.34 0 4.087
1636762980 23.56 81.45 0 4.082
1636763040 23.53 81.47 0 4.087
1636763100 23.53 81.46 0 4.082
1636763160 23.53 81.42 0 4.082
1636763220 23.51 81.47 0 4.082
1636763280 23.5 81.4 0 4.087
1636763340 23.5 81.52 0 4.082
1636763400 23.49 81.57 0 4.087
1636763460 23.46 81.48 0 4.082
1636763520 23.46 81.78 0 4.087
1636763580 23.44 81.81 0 4.087
1636763640 23.39 82.03 0 4.087
1636763700 23.34 82.24 0 4.082
1636763760 23.3 82.31 0 4.082
1636763820 23.32 82.31 0 4.082
1636763880 23.36 82.36 0 4.087
1636763940 23.34 82.32 0 4.087
1636764000 23.3 82.67 0 4.087
1636764060 23.27 82.8 0 4.087
1636764120 23.3 82.72 0 4.082
1636764180 23.26 82.86 0 4.087
1636764240 23.24 83 0 4.087
1636764300 23.23 83.09 0 4.082
1636764360 23.2 83.19 0 4.087
1636764420 23.19 83.2 0 4.082
1636764480 23.19 83.34 0 4.082
1636764540 23.16 83.45 0 4.087
1636764600 23.14 83.59 0 4.087
1636764660 23.16 83.59 0 4.082
1636764720 23.13 83.67 0 4.082
1636764780 23.13 83.71 0 4.087
1636764840 23.16 83.73 0 4.087
1636764900 23.14 83.75 0 4.082
1636764960 23.12 83.93 0 4.082
1636765020 23.12 84.09 0 4.082
1636765080 23.14 84.1 0 4.082
1636765140 23.17 83.9 0 4.082
1636765200 23.12 83.8 0 4.087
1636765260 23.13 84 0 4.082
1636765320 23.12 83.85 0 4.082
1636765380 23.16 84.09 0 4.087
1636765440 23.14 84.04 0 4.087
1636765500 23.14 83.93 0 4.087
1636765560 23.22 83.72 0 4.087
1636765620 23.24 83.72 0 4.082
1636765680 23.23 83.55 0 4.082
1636765740 23.2 83.87 0 4.082
1636765800 23.24 83.83 0 4.082
1636765860 23.29 83.77 0 4.082
1636765920 23.24 83.99 0 4.082
1636765980 23.26 84.04 0 4.087
1636766040 23.26 83.94 0 4.082
1636766100 23.3 83.87 0 4.082
1636766160 23.34 83.81 0 4.082
1636766220 23.3 83.83 0 4.087
1636766280 23.3 83.88 0 4.082
1636766340 23.34 83.98 0 4.082
1636766400 23.3 83.93 0 4.082
1636766460 23.3 84.06 0 4.082
1636766520 23.36 83.84 0 4.082
1636766580 23.33 84.06 0 4.082
1636766640 23.37 84.07 0 4.076
1636766700 23.33 83.95 0 4.082
1636766760 23.32 83.92 0 4.082
1636766820 23.39 83.98 0 4.082
1636766880 23.36 84.07 0 4.082
1636766940 23.33 84.01 0 4.082
1636767000 23.36 84.07 0 4.082
1636767060 23.37 84.01 0 4.087
1636767120 23.37 84.15 0 4.082
1636767180 23.37 84.07 0 4.082
1636767240 23.37 84.13 0 4.082
1636767300 23.37 84.05 0 4.082
1636767360 23.4 84.02 0 4.082
1636767420 23.4 83.74 0 4.082
1636767480 23.44 83.66 0 4.076
1636767540 23.44 83.62 0 4.082
1636767600 23.43 83.55 0 4.082
1636767660 23.43 83.53 0 4.082
1636767720 23.42 83.7 0 4.082
1636767780 23.37 83.8 0 4.082
1636767840 23.34 84.02 0 4.082
1636767900 23.34 84.11 0 4.082
1636767960 23.34 84.03 0 4.082
1636768020 23.32 84 0 4.087
1636768080 23.32 84.13 0 4.082
1636768140 23.3 84.3 0 4.082
1636768200 23.26 84.4 0 4.082
1636768260 23.24 84.33 0 4.082
1636768320 23.24 84.48 0 4.082
1636768380 23.26 84.53 0 4.082
1636768440 23.24 84.62 0 4.082
1636768500 23.26 84.51 0 4.082
1636768560 23.19 84.7 0 4.082
1636768620 23.2 84.66 0 4.082
1636768680 23.19 84.86 0 4.082
1636768740 23.17 84.81 0 4.082
1636768800 23.16 84.88 0 4.082
1636768860 23.13 84.94 0 4.082
1636768920 23.08 84.93 0 4.082
1636768980 23.06 85 0 4.082
1636769040 23.01 85.27 0 4.082
1636769100 22.99 85.59 0 4.082
1636769160 22.88 86.02 0 4.082
1636769220 22.78 86.06 0 4.082
1636769280 22.74 86.27 0 4.082
1636769340 22.72 86.39 0 4.082
1636769400 22.65 86.1 0 4.082
1636769460 22.62 86.06 0 4.076
1636769520 22.58 86.31 0 4.082
1636769580 22.57 86.39 0 4.082
1636769640 22.54 86.4 0 4.082
1636769700 22.54 86.49 0 4.082
1636769760 22.5 86.7 0 4.082
1636769820 22.48 86.53 0 4.082
1636769880 22.43 86.59 0 4.082
1636769940 22.4 86.93 0 4.087
1636770000 22.38 87.04 0 4.082
1636770060 22.35 87.16 0 4.082
1636770120 22.34 87.42 0 4.082
1636770180 22.28 87.43 0 4.082
1636770240 22.27 88.02 0 4.082
1636770300 22.27 88.12 0 4.082
1636770360 22.23 88.1 0 4.082
1636770420 22.23 88.33 0 4.082
1636770480 22.21 88.43 0 4.082
1636770540 22.2 88.58 0 4.082
1636770600 22.23 88.65 0 4.082
1636770660 22.23 88.69 0 4.082
1636770720 22.26 88.57 0 4.082
1636770780 22.26 88.5 0 4.082
1636770840 22.2 88.37 0 4.082
1636770900 22.24 88.14 0 4.082
1636770960 22.17 87.87 0 4.082
1636771020 22.18 88.23 0 4.076
1636771080 22.14 88.24 0 4.076
1636771140 22.07 88.3 0 4.076
1636771200 22.03 88.45 0 4.082
1636771260 22.07 88.6 0 4.082
1636771320 22.08 88.22 0 4.082
1636771380 22.03 88.2 0 4.082
1636771440 21.96 88.37 0 4.082
1636771500 21.95 88.68 0 4.082
1636771560 21.95 88.8 0 4.082
1636771620 21.89 89.05 0 4.082
1636771680 21.85 89.31 0 4.082
1636771740 21.82 89.37 0 4.082
1636771800 21.77 89.55 0 4.082
1636771860 21.72 89.6 0 4.082
1636771920 21.72 89.73 0 4.082
1636771980 21.68 89.87 0 4.076
1636772040 21.62 89.97 0 4.082
1636772100 21.59 90.18 0 4.082
1636772160 21.59 90.29 0 4.082
1636772220 21.53 90.28 0 4.082
1636772280 21.55 90.7 0 4.082
1636772340 21.56 90.65 0 4.082
1636772400 21.6 90.64 0 4.082
1636772460 21.58 90.72 0 4.082
1636772520 21.56 90.61 0 4.082
1636772580 21.58 90.86 0 4.082
1636772640 21.65 90.81 0 4.082
1636772700 21.73 90.43 0 4.082
1636772760 21.77 90.01 0 4.082
1636772820 21.77 89.74 0 4.082
1636772880 21.77 89.79 0 4.076
1636772940 21.76 90.04 0 4.082
1636773000 21.8 89.57 0 4.082
1636773060 21.87 89.05 0 4.082
1636773120 21.9 88.47 0 4.076
1636773180 21.87 88.59 0 4.082
1636773240 21.85 88.99 0 4.082
1636773300 21.83 89.26 0 4.082
1636773360 21.79 89.28 0 4.082
1636773420 21.76 89.26 0 4.082
1636773480 21.73 89.7 0 4.076
1636773540 21.69 89.9 0 4.082
1636773600 21.68 89.96 0 4.082
1636773660 21.71 90.08 0 4.082
1636773720 21.68 89.87 0 4.082
1636773780 21.62 89.85 0 4.076
1636773840 21.63 90.03 0 4.076
1636773900 21.59 90.13 0 4.082
1636773960 21.56 90.16 0 4.082
1636774020 21.58 90.37 0 4.082
1636774080 21.52 90.24 0 4.076
1636774140 21.55 90.59 0 4.076
1636774200 21.53 90.26 0 4.082
1636774260 21.55 90.35 0 4.076
1636774320 21.49 90.4 0 4.082
1636774380 21.46 90.54 0 4.082
1636774440 21.45 90.73 0 4.082
1636774500 21.42 90.81 0 4.082
1636774560 21.44 90.83 0 4.082
1636774620 21.45 90.98 0 4.082
1636774680 21.45 90.03 0 4.076
1636774740 21.46 89.91 0 4.082
1636774800 21.49 88.32 0 4.082
1636774860 21.59 88.02 0 4.076
1636774920 21.56 88.75 0 4.076
1636774980 21.52 89.13 0 4.076
1636775040 21.45 89.53 0 4.082
1636775100 21.39 89.66 0 4.076
1636775160 21.34 89.98 0 4.082
1636775220 21.31 90.11 0 4.076
1636775280 21.22 90.13 0 4.076
1636775340 21.21 90.46 0 4.082
1636775400 21.17 90.71 0 4.082
1636775460 21.14 91.13 0 4.082
1636775520 21.08 91.38 0 4.076
1636775580 21.08 91.49 0 4.082
1636775640 20.98 91.52 0 4.082
1636775700 20.98 91.69 0 4.076
1636775760 20.93 91.77 0 4.076
1636775820 20.91 91.89 0 4.076
1636775880 20.9 92.27 0 4.076
1636775940 20.86 92.15 0 4.082
1636776000 20.89 92.44 0 4.082
1636776060 20.86 92.3 0 4.082
1636776120 20.86 92.45 0 4.076
1636776180 20.83 92.41 0 4.076
1636776240 20.81 92.34 0 4.076
1636776300 20.81 92.56 0 4.076
1636776360 20.77 92.4 0 4.076
1636776420 20.81 92.64 0 4.076
1636776480 20.83 92.45 0 4.076
1636776540 20.8 92.55 0 4.082
1636776600 20.83 92.77 0 4.082
1636776660 20.84 92.72 0 4.076
1636776720 20.87 92.36 0 4.076
1636776780 20.95 90.97 0 4.076
1636776840 21.02 90.66 0 4.076
1636776900 21.1 90.32 0 4.082
1636776960 21.12 90.6 0 4.082
1636777020 21.11 90.58 0 4.076
1636777080 21.04 90.43 0 4.076
1636777140 21.07 90.74 0 4.082
1636777200 21.02 89.92 0 4.082
1636777260 21.01 88.72 0 4.076
1636777320 21.11 88.2 0 4.076
1636777380 21.17 89.33 0 4.076
1636777440 21.14 89.68 0 4.076
1636777500 21.12 89.97 0 4.082
1636777560 21.1 89.95 0 4.076
1636777620 21.08 89.67 0 4.076
1636777680 21.17 89.53 0 4.076
1636777740 21.15 89.25 0 4.076
1636777800 21.11 88.03 0 4.082
1636777860 21.08 89.3 0 4.082
1636777920 21.04 89.35 0 4.076
1636777980 21.01 89.73 0 4.076
1636778040 20.98 90.08 0 4.076
1636778100 20.98 90.42 0 4.076
1636778160 20.93 90.6 0 4.076
1636778220 20.91 90.47 0 4.076
1636778280 20.9 90.76 0 4.076
1636778340 20.86 90.76 0 4.082
1636778400 20.8 90.79 0 4.076
1636778460 20.79 90.92 0 4.076
1636778520 20.79 91.14 0 4.076
1636778580 20.73 91.03 0 4.076
1636778640 20.7 90.92 0 4.082
1636778700 20.69 91.25 0 4.076
1636778760 20.71 91.21 0 4.076
1636778820 20.69 91.34 0 4.076
1636778880 20.7 91.57 0 4.076
1636778940 20.65 91.67 0 4.076
1636779000 20.67 92.03 0 4.082
1636779060 20.65 92.15 0 4.076
1636779120 20.6 92.09 0 4.076
1636779180 20.63 92.35 0 4.076
1636779240 20.56 92.21 0 4.076
1636779300 20.59 92.41 0 4.076
1636779360 20.59 92.42 0 4.076
1636779420 20.56 92.36 0 4.076
1636779480 20.62 92.49 0 4.076
1636779540 20.6 91.96 0 4.076
