1636693200 21.9 82.42 0 4.114
1636693260 21.9 82.54 0 4.114
1636693320 21.9 82.65 0 4.114
1636693380 21.85 82.74 0 4.114
1636693440 21.85 82.84 0 4.114
1636693500 21.84 82.96 0 4.114
1636693560 21.77 83.05 0 4.114
1636693620 21.77 83.19 0 4.114
1636693680 21.73 83.28 0 4.114
1636693740 21.71 83.4 0 4.114
1636693800 21.7 83.52 0 4.114
1636693860 21.68 83.63 0 4.114
1636693920 21.65 83.85 0 4.114
1636693980 21.63 83.96 0 4.108
1636694040 21.61 84.13 0 4.114
1636694100 21.64 84.31 0 4.114
1636694160 21.63 84.46 0 4.114
1636694220 21.57 84.63 0 4.114
1636694280 21.56 84.75 0 4.114
1636694340 21.53 84.88 0 4.114
1636694400 21.54 85.02 0 4.114
1636694460 21.5 85.14 0 4.114
1636694520 21.47 85.25 0 4.114
1636694580 21.46 85.36 0 4.114
1636694640 21.46 85.44 0 4.114
1636694700 21.42 85.52 0 4.114
1636694760 21.42 85.56 0 4.114
1636694820 21.44 85.67 0 4.114
1636694880 21.43 85.75 0 4.114
1636694940 21.43 85.81 0 4.114
1636695000 21.42 85.94 0 4.114
1636695060 21.4 85.96 0 4.114
1636695120 21.36 86.05 0 4.114
1636695180 21.36 86.12 0 4.114
1636695240 21.29 86.16 0 4.114
1636695300 21.29 86.17 0 4.114
1636695360 21.28 86.13 0 4.114
1636695420 21.32 86.06 0 4.114
1636695480 21.33 86 0 4.114
1636695540 21.34 85.97 0 4.114
1636695600 21.37 85.84 0 4.114
1636695660 21.39 85.73 0 4.108
1636695720 21.4 85.68 0 4.114
1636695780 21.4 85.6 0 4.108
1636695840 21.36 85.47 0 4.114
1636695900 21.37 85.36 0 4.114
1636695960 21.39 85.28 0 4.114
1636696020 21.36 85.2 0 4.114
1636696080 21.36 85.13 0 4.114
1636696140 21.34 85.05 0 4.114
1636696200 21.33 84.96 0 4.114
1636696260 21.34 84.96 0 4.114
1636696320 21.3 84.87 0 4.114
1636696380 21.29 84.85 0 4.114
1636696440 21.3 84.85 0 4.114
1636696500 21.28 84.82 0 4.114
1636696560 21.25 84.73 0 4.114
1636696620 21.25 84.71 0 4.114
1636696680 21.23 84.68 0 4.114
1636696740 21.22 84.68 0 4.114
1636696800 21.19 84.66 0 4.114
1636696860 21.18 84.69 0 4.114
1636696920 21.16 84.75 0 4.114
1636696980 21.14 84.77 0 4.114
1636697040 21.12 84.77 0 4.114
1636697100 21.1 84.82 0 4.114
1636697160 21.1 84.88 0 4.114
1636697220 21.09 84.93 0 4.114
1636697280 21.06 84.95 0 4.114
1636697340 21.03 85.02 0 4.114
1636697400 21.02 85.08 0 4.114
1636697460 21.02 85.19 0 4.108
1636697520 20.99 85.29 0 4.114
1636697580 20.98 85.41 0 4.114
1636697640 20.95 85.46 0 4.114
1636697700 20.95 85.57 0 4.114
1636697760 20.95 85.65 0 4.114
1636697820 20.93 85.79 0 4.114
1636697880 20.92 85.94 0 4.114
1636697940 20.9 86.06 0 4.114
1636698000 20.86 86.11 0 4.114
1636698060 20.83 86.2 0 4.108
1636698120 20.82 86.26 0 4.114
1636698180 20.81 86.37 0 4.114
1636698240 20.79 86.48 0 4.114
1636698300 20.78 86.54 0 4.114
1636698360 20.77 86.63 0 4.108
1636698420 20.74 86.7 0 4.108
1636698480 20.74 86.78 0 4.114
1636698540 20.71 86.88 0 4.108
1636698600 20.71 86.97 0 4.114
1636698660 20.69 87.09 0 4.114
1636698720 20.72 87.18 0 4.114
1636698780 20.71 87.3 0 4.114
1636698840 20.69 87.36 0 4.114
1636698900 20.68 87.48 0 4.114
1636698960 20.68 87.54 0 4.114
1636699020 20.67 87.65 0 4.114
1636699080 20.67 87.72 0 4.114
1636699140 20.67 87.74 0 4.114
1636699200 20.65 87.81 0 4.114
1636699260 20.62 87.84 0 4.108
1636699320 20.62 87.86 0 4.108
1636699380 20.62 87.92 0 4.114
1636699440 20.59 87.92 0 4.114
1636699500 20.64 87.97 0 4.114
1636699560 20.61 87.95 0 4.108
1636699620 20.59 88.01 0 4.108
1636699680 20.56 88.04 0 4.114
1636699740 20.56 88.06 0 4.114
1636699800 20.58 88.09 0 4.108
1636699860 20.58 88.1 0 4.114
1636699920 20.58 88.1 0 4.114
1636699980 20.56 88.11 0 4.114
1636700040 20.58 88.06 0 4.114
1636700100 20.61 88.1 0 4.114
1636700160 20.59 88.08 0 4.108
1636700220 20.58 88.05 0 4.114
1636700280 20.58 88 0 4.114
1636700340 20.54 87.93 0 4.108
1636700400 20.56 87.87 0 4.114
1636700460 20.56 87.8 0 4.114
1636700520 20.56 87.77 0 4.108
1636700580 20.52 87.69 0 4.114
1636700640 20.56 87.67 0 4.114
1636700700 20.55 87.59 0 4.108
1636700760 20.54 87.59 0 4.114
1636700820 20.52 87.54 0 4.108
1636700880 20.54 87.51 0 4.108
1636700940 20.52 87.49 0 4.108
1636701000 20.49 87.44 0 4.114
1636701060 20.52 87.42 0 4.108
1636701120 20.48 87.37 0 4.108
1636701180 20.44 87.33 0 4.108
1636701240 20.47 87.31 0 4.108
1636701300 20.44 87.25 0 4.108
1636701360 20.41 87.16 0 4.108
1636701420 20.41 87.14 0 4.108
1636701480 20.44 87.07 0 4.108
1636701540 20.45 87.01 0 4.108
1636701600 20.42 86.98 0 4.108
1636701660 20.42 86.95 0 4.108
1636701720 20.39 86.87 0 4.114
1636701780 20.42 86.86 0 4.108
1636701840 20.42 86.83 0 4.108
1636701900 20.41 86.81 0 4.114
1636701960 20.39 86.77 0 4.108
1636702020 20.37 86.85 0 4.108
1636702080 20.39 86.84 0 4.108
1636702140 20.38 86.91 0 4.108
1636702200 20.37 86.93 0 4.108
1636702260 20.39 86.95 0 4.108
1636702320 20.39 86.96 0 4.108
1636702380 20.38 87.01 0 4.108
1636702440 20.34 87.02 0 4.108
1636702500 20.34 87.07 0 4.108
1636702560 20.28 87.08 0 4.108
1636702620 20.3 87.11 0 4.108
1636702680 20.27 87.12 0 4.108
1636702740 20.26 87.15 0 4.108
1636702800 20.28 87.14 0 4.108
1636702860 20.28 87.08 0 4.103
1636702920 20.27 87.06 0 4.108
1636702980 20.32 87.1 0 4.108
1636703040 20.35 87.08 0 4.108
1636703100 20.32 87.05 0 4.108
1636703160 20.37 87.03 0 4.108
1636703220 20.32 87.02 0 4.108
1636703280 20.31 87 0 4.108
1636703340 20.34 87.04 0 4.108
1636703400 20.32 87.05 0 4.108
1636703460 20.32 87.11 0 4.108
1636703520 20.3 87.07 0 4.108
1636703580 20.28 87.1 0 4.108
1636703640 20.27 87.04 0 4.108
1636703700 20.27 87.11 0 4.108
1636703760 20.24 87.09 0 4.103
1636703820 20.23 87.13 0 4.108
1636703880 20.2 87.13 0 4.108
1636703940 20.21 87.14 0 4.108
1636704000 20.21 87.16 0 4.108
1636704060 20.21 87.16 0 4.108
1636704120 20.2 87.2 0 4.108
1636704180 20.21 87.21 0 4.108
1636704240 20.18 87.22 0 4.108
1636704300 20.16 87.28 0 4.108
1636704360 20.17 87.28 0 4.108
1636704420 20.16 87.28 0 4.108
1636704480 20.18 87.34 0 4.108
1636704540 20.21 87.43 0 4.108
1636704600 20.18 87.48 0 4.108
1636704660 20.2 87.46 0 4.103
1636704720 20.18 87.51 0 4.108
1636704780 20.2 87.5 0 4.108
1636704840 20.2 87.53 0 4.108
1636704900 20.18 87.53 0 4.108
1636704960 20.17 87.53 0 4.108
1636705020 20.21 87.53 0 4.108
1636705080 20.23 87.56 0 4.108
1636705140 20.24 87.61 0 4.108
1636705200 20.24 87.67 0 4.108
1636705260 20.23 87.67 0 4.108
1636705320 20.26 87.72 0 4.108
1636705380 20.23 87.72 0 4.108
1636705440 20.27 87.78 0 4.108
1636705500 20.24 87.84 0 4.108
1636705560 20.28 87.94 0 4.103
1636705620 20.3 87.96 0 4.108
1636705680 20.3 87.97 0 4.103
1636705740 20.27 88 0 4.108
1636705800 20.3 88.03 0 4.108
1636705860 20.26 88.05 0 4.103
1636705920 20.28 88.07 0 4.108
1636705980 20.31 88.09 0 4.108
1636706040 20.3 88.16 0 4.108
1636706100 20.31 88.13 0 4.108
1636706160 20.3 88.17 0 4.108
1636706220 20.31 88.19 0 4.108
1636706280 20.3 88.2 0 4.108
1636706340 20.26 88.19 0 4.108
1636706400 20.27 88.14 0 4.108
1636706460 20.27 88.13 0 4.103
1636706520 20.24 88.06 0 4.108
1636706580 20.23 88.06 0 4.103
1636706640 20.24 87.99 0 4.108
1636706700 20.27 88 0 4.108
1636706760 20.28 88 0 4.108
1636706820 20.24 87.95 0 4.108
1636706880 20.23 88 0 4.108
1636706940 20.2 88 0 4.108
1636707000 20.17 87.95 0 4.108
1636707060 20.13 87.94 0 4.108
1636707120 20.1 87.97 0 4.108
1636707180 20.07 87.99 0 4.108
1636707240 20.07 88.02 0 4.108
1636707300 20.06 88.02 0 4.108
1636707360 20.07 88.02 0 4.103
1636707420 20.07 88.06 0 4.103
1636707480 20.1 88 0 4.103
1636707540 20.1 88.02 0 4.103
1636707600 20.13 87.98 0 4.103
1636707660 20.17 87.96 0 4.103
1636707720 20.16 87.92 0 4.108
1636707780 20.16 87.91 0 4.108
1636707840 20.14 87.89 0 4.108
1636707900 20.14 87.85 0 4.108
1636707960 20.14 87.89 0 4.108
1636708020 20.13 87.83 0 4.103
1636708080 20.14 87.82 0 4.103
1636708140 20.14 87.82 0 4.103
1636708200 20.16 87.82 0 4.103
1636708260 20.14 87.83 0 4.103
1636708320 20.13 87.81 0 4.103
1636708380 20.13 87.79 0 4.108
1636708440 20.1 87.78 0 4.103
1636708500 20.1 87.79 0 4.108
1636708560 20.06 87.82 0 4.108
1636708620 20.01 87.84 0 4.108
1636708680 20 87.83 0 4.108
1636708740 19.96 87.87 0 4.103
1636708800 19.93 87.86 0 4.103
1636708860 19.91 87.88 0 4.108
1636708920 19.91 87.91 0 4.103
1636708980 19.9 87.92 0 4.103
1636709040 19.93 87.94 0 4.103
1636709100 19.94 87.97 0 4.103
1636709160 19.93 88 0 4.103
1636709220 19.9 88.01 0 4.103
1636709280 19.84 88.06 0 4.103
1636709340 19.84 88.05 0 4.108
1636709400 19.79 88.15 0 4.103
1636709460 19.74 88.2 0 4.108
1636709520 19.73 88.26 0 4.108
1636709580 19.72 88.31 0 4.103
1636709640 19.73 88.35 0 4.103
1636709700 19.66 88.4 0 4.103
1636709760 19.66 88.46 0 4.108
1636709820 19.66 88.53 0 4.108
1636709880 19.63 88.6 0 4.103
1636709940 19.63 88.61 0 4.103
1636710000 19.59 88.63 0 4.103
1636710060 19.62 88.74 0 4.103
1636710120 19.62 88.73 0 4.103
1636710180 19.66 88.82 0 4.103
1636710240 19.66 88.88 0 4.103
1636710300 19.69 88.9 0 4.103
1636710360 19.73 88.88 0 4.103
1636710420 19.74 88.92 0 4.108
1636710480 19.74 88.9 0 4.103
1636710540 19.72 88.92 0 4.103
1636710600 19.73 88.99 0 4.103
1636710660 19.74 88.92 0 4.103
1636710720 19.77 88.94 0 4.103
1636710780 19.74 88.9 0 4.103
1636710840 19.73 88.87 0 4.103
1636710900 19.76 88.8 0 4.103
1636710960 19.77 88.71 0 4.103
1636711020 19.77 88.68 0 4.103
1636711080 19.8 88.61 0 4.103
1636711140 19.8 88.55 0 4.103
1636711200 19.79 88.52 0 4.103
1636711260 19.81 88.5 0 4.108
1636711320 19.8 88.46 0 4.103
1636711380 19.8 88.45 0 4.103
1636711440 19.8 88.44 0 4.103
1636711500 19.79 88.4 0 4.103
1636711560 19.76 88.42 0 4.108
1636711620 19.77 88.43 0 4.108
1636711680 19.74 88.45 0 4.103
1636711740 19.7 88.47 0 4.103
1636711800 19.7 88.47 0 4.103
1636711860 19.69 88.46 0 4.103
1636711920 19.66 88.47 0 4.103
1636711980 19.67 88.47 0 4.103
1636712040 19.6 88.49 0 4.103
1636712100 19.59 88.46 0 4.103
1636712160 19.56 88.48 0 4.103
1636712220 19.57 88.48 0 4.103
1636712280 19.57 88.55 0 4.103
1636712340 19.55 88.54 0 4.103
1636712400 19.52 88.59 0 4.103
1636712460 19.53 88.6 0 4.108
1636712520 19.5 88.64 0 4.103
1636712580 19.52 88.64 0 4.103
1636712640 19.52 88.66 0 4.103
1636712700 19.5 88.7 0 4.103
1636712760 19.48 88.7 0 4.103
1636712820 19.5 88.72 0 4.098
1636712880 19.49 88.77 0 4.103
1636712940 19.5 88.76 0 4.103
1636713000 19.5 88.76 0 4.103
1636713060 19.52 88.76 0 4.103
1636713120 19.52 88.82 0 4.103
1636713180 19.52 88.81 0 4.103
1636713240 19.5 88.83 0 4.103
1636713300 19.52 88.83 0 4.103
1636713360 19.5 88.84 0 4.103
1636713420 19.52 88.85 0 4.103
1636713480 19.46 88.88 0 4.103
1636713540 19.46 88.9 0 4.103
1636713600 19.49 88.91 0 4.103
1636713660 19.52 88.9 0 4.098
1636713720 19.46 88.95 0 4.103
1636713780 19.48 88.94 0 4.103
1636713840 19.46 88.95 0 4.098
1636713900 19.48 88.97 0 4.103
1636713960 19.48 88.98 0 4.103
1636714020 19.49 88.98 0 4.103
1636714080 19.46 88.97 0 4.103
1636714140 19.5 88.95 0 4.103
1636714200 19.5 88.95 0 4.103
1636714260 19.55 88.91 0 4.103
1636714320 19.59 88.89 0 4.103
1636714380 19.6 88.85 0 4.103
1636714440 19.57 88.77 0 4.098
1636714500 19.57 88.76 0 4.103
1636714560 19.56 88.76 0 4.103
1636714620 19.56 88.77 0 4.103
1636714680 19.56 88.76 0 4.103
1636714740 19.53 88.73 0 4.103
1636714800 19.52 88.72 0 4.103
1636714860 19.5 88.76 0 4.103
1636714920 19.45 88.72 0 4.103
1636714980 19.46 88.76 0 4.103
1636715040 19.43 88.72 0 4.103
1636715100 19.4 88.7 0 4.103
1636715160 19.36 88.76 0 4.103
1636715220 19.36 88.76 0 4.103
1636715280 19.33 88.76 0 4.103
1636715340 19.32 88.78 0 4.103
1636715400 19.32 88.78 0 4.103
1636715460 19.3 88.81 0 4.103
1636715520 19.29 88.81 0 4.098
1636715580 19.28 88.81 0 4.103
1636715640 19.32 88.81 6 4.103
1636715700 19.29 88.81 0 4.103
1636715760 19.29 88.83 0 4.103
1636715820 19.28 88.81 6 4.103
1636715880 19.28 88.86 6 4.098
1636715940 19.29 88.87 0 4.103
1636716000 19.29 88.85 0 4.103
1636716060 19.26 88.9 6 4.103
1636716120 19.28 88.81 0 4.103
1636716180 19.28 88.86 6 4.103
1636716240 19.25 88.89 0 4.103
1636716300 19.26 88.88 6 4.103
1636716360 19.25 88.85 6 4.098
1636716420 19.22 88.83 6 4.103
1636716480 19.23 88.84 6 4.098
1636716540 19.21 88.76 6 4.103
1636716600 19.21 88.74 6 4.103
1636716660 19.23 88.66 6 4.103
1636716720 19.23 88.59 6 4.103
1636716780 19.26 88.56 6 4.103
1636716840 19.25 88.51 6 4.098
1636716900 19.26 88.53 6 4.103
1636716960 19.22 88.5 6 4.098
1636717020 19.25 88.48 6 4.103
1636717080 19.23 88.46 6 4.098
1636717140 19.22 88.42 6 4.103
1636717200 19.23 88.41 6 4.103
1636717260 19.25 88.38 6 4.103
1636717320 19.3 88.34 6 4.098
1636717380 19.32 88.34 12 4.103
1636717440 19.3 88.34 12 4.103
1636717500 19.32 88.31 12 4.103
1636717560 19.29 88.31 12 4.098
1636717620 19.3 88.3 12 4.103
1636717680 19.29 88.29 12 4.103
1636717740 19.3 88.32 12 4.103
1636717800 19.32 88.33 12 4.103
1636717860 19.35 88.3 12 4.103
1636717920 19.35 88.31 12 4.103
1636717980 19.39 88.31 12 4.103
1636718040 19.37 88.33 12 4.103
1636718100 19.36 88.35 12 4.098
1636718160 19.4 88.39 12 4.098
1636718220 19.4 88.38 12 4.098
1636718280 19.39 88.38 12 4.103
1636718340 19.39 88.42 18 4.103
1636718400 19.39 88.4 24 4.103
1636718460 19.39 88.46 24 4.103
1636718520 19.42 88.49 24 4.103
1636718580 19.43 88.53 30 4.103
1636718640 19.46 88.53 30 4.103
1636718700 19.5 88.51 30 4.103
1636718760 19.52 88.5 30 4.103
1636718820 19.57 88.45 30 4.098
1636718880 19.6 88.44 36 4.098
1636718940 19.64 88.44 36 4.103
1636719000 19.67 88.46 36 4.103
1636719060 19.69 88.42 42 4.098
1636719120 19.72 88.44 42 4.103
1636719180 19.73 88.37 42 4.098
1636719240 19.76 88.29 42 4.103
1636719300 19.84 88.22 42 4.103
1636719360 19.84 88.16 42 4.103
1636719420 19.87 88.06 42 4.103
1636719480 19.88 88 42 4.103
1636719540 19.93 87.93 48 4.103
1636719600 19.94 87.85 48 4.103
1636719660 20 87.75 48 4.103
1636719720 20.03 87.65 48 4.103
1636719780 20.06 87.57 54 4.103
1636719840 20.1 87.54 54 4.103
1636719900 20.13 87.39 54 4.103
1636719960 20.16 87.31 54 4.103
1636720020 20.21 87.16 54 4.103
1636720080 20.27 87.11 54 4.103
1636720140 20.31 86.99 54 4.103
1636720200 20.35 86.87 54 4.103
1636720260 20.42 86.76 54 4.103
1636720320 20.48 86.62 54 4.103
1636720380 20.52 86.44 60 4.103
1636720440 20.58 86.26 60 4.103
1636720500 20.67 86.09 60 4.103
1636720560 20.74 85.89 60 4.103
1636720620 20.81 85.78 60 4.098
1636720680 20.88 85.61 60 4.103
1636720740 20.96 85.39 60 4.103
1636720800 21.03 85.28 60 4.103
1636720860 21.02 85.21 60 4.103
1636720920 21.03 85.1 66 4.098
1636720980 21.05 85.04 66 4.103
1636721040 21.1 84.91 66 4.103
1636721100 21.14 84.8 66 4.103
1636721160 21.22 84.71 66 4.103
1636721220 21.23 84.55 66 4.103
1636721280 21.23 84.44 66 4.103
1636721340 21.3 84.3 66 4.103
1636721400 21.33 84.13 66 4.103
1636721460 21.39 83.93 72 4.103
1636721520 21.42 83.81 72 4.103
1636721580 21.47 83.73 72 4.103
1636721640 21.52 83.61 72 4.103
1636721700 21.54 83.56 72 4.103
1636721760 21.57 83.5 76 4.087
1636721820 21.57 83.34 78 4.098
1636721880 21.58 83.3 78 4.098
1636721940 21.58 83.15 84 4.103
1636722000 21.56 83.04 90 4.098
1636722060 21.53 82.9 90 4.103
1636722120 21.56 82.81 84 4.103
1636722180 21.61 82.77 84 4.103
1636722240 21.7 82.71 84 4.103
1636722300 21.74 82.61 84 4.103
1636722360 21.77 82.5 84 4.103
1636722420 21.85 82.4 84 4.103
1636722480 21.88 82.21 84 4.103
1636722540 21.9 82.14 84 4.103
1636722600 21.88 82.11 84 4.103
1636722660 21.91 82 90 4.103
1636722720 21.91 81.81 90 4.103
1636722780 21.95 81.66 84 4.103
1636722840 22.07 81.56 90 4.103
1636722900 22.1 81.46 84 4.103
1636722960 22.14 81.34 84 4.103
1636723020 22.16 81.25 84 4.103
1636723080 22.24 81.14 84 4.103
1636723140 22.25 81.05 84 4.103
1636723200 22.31 80.92 84 4.103
1636723260 22.44 80.78 84 4.103
1636723320 22.51 80.57 84 4.103
1636723380 22.55 80.38 84 4.103
1636723440 22.56 80.2 90 4.103
1636723500 22.63 80.08 84 4.103
1636723560 22.72 79.89 90 4.103
1636723620 22.72 79.6 90 4.103
1636723680 22.8 79.47 90 4.108
1636723740 22.9 79.35 90 4.103
1636723800 22.92 79.18 90 4.103
1636723860 23.03 79.06 84 4.103
1636723920 23.1 78.91 90 4.103
1636723980 23.09 78.81 90 4.103
1636724040 23.1 78.65 90 4.103
1636724100 23.16 78.52 90 4.103
1636724160 23.16 78.38 90 4.103
1636724220 23.19 78.21 90 4.103
1636724280 23.17 78 90 4.103
1636724340 23.12 77.79 90 4.103
1636724400 23.2 77.59 90 4.108
1636724460 23.2 77.34 90 4.103
1636724520 23.21 77.09 90 4.103
1636724580 23.26 76.91 90 4.103
1636724640 23.34 76.74 90 4.108
1636724700 23.37 76.57 96 4.103
1636724760 23.44 76.42 90 4.103
1636724820 23.43 76.23 96 4.108
1636724880 23.43 76.1 96 4.108
1636724940 23.5 75.97 96 4.103
1636725000 23.54 75.78 96 4.103
1636725060 23.59 75.65 96 4.103
1636725120 23.63 75.49 96 4.108
1636725180 23.64 75.39 96 4.108
1636725240 23.75 75.26 96 4.103
1636725300 23.8 75.15 96 4.108
1636725360 23.88 75.04 96 4.103
1636725420 23.97 75 96 4.103
1636725480 24.04 74.97 96 4.103
1636725540 24.16 74.9 96 4.103
1636725600 24.23 74.86 96 4.108
1636725660 24.22 74.85 96 4.108
1636725720 24.22 74.87 96 4.103
1636725780 24.21 74.83 96 4.108
1636725840 24.28 74.87 96 4.108
1636725900 24.31 74.83 102 4.103
1636725960 24.32 74.84 102 4.108
1636726020 24.43 74.76 114 4.103
1636726080 24.52 74.77 114 4.103
1636726140 24.63 74.74 120 4.108
1636726200 24.7 74.65 126 4.108
1636726260 24.82 74.53 108 4.103
1636726320 24.9 74.5 102 4.103
1636726380 24.96 74.43 102 4.103
1636726440 24.91 74.19 102 4.103
1636726500 25 74.03 102 4.108
1636726560 25.02 73.91 102 4.103
1636726620 24.98 73.83 102 4.103
1636726680 24.91 73.62 102 4.108
1636726740 24.91 73.45 102 4.108
1636726800 24.98 73.32 108 4.108
1636726860 25.02 73.28 138 4.108
1636726920 25 73.24 174 4.108
1636726980 25.12 73.19 162 4.108
1636727040 25.12 73.08 168 4.108
1636727100 25.2 72.93 114 4.108
1636727160 25.3 72.79 132 4.108
1636727220 25.21 72.6 120 4.103
1636727280 25.28 72.51 108 4.108
1636727340 25.21 72.38 108 4.108
1636727400 25.2 72.29 108 4.103
1636727460 25.18 72.22 108 4.108
1636727520 25.2 72.16 186 4.108
1636727580 25.2 72.1 246 4.108
1636727640 25.16 72.08 403 4.108
1636727700 25.17 72.04 192 4.108
1636727760 25.3 72.03 162 4.108
1636727820 25.42 72.01 120 4.108
1636727880 25.49 71.89 108 4.108
1636727940 25.58 71.77 114 4.108
1636728000 25.44 71.5 150 4.108
1636728060 25.41 71.16 174 4.103
1636728120 25.56 70.94 174 4.103
1636728180 25.67 70.73 192 4.103
1636728240 25.69 70.53 174 4.108
1636728300 25.79 70.37 132 4.108
1636728360 25.87 70.24 138 4.108
1636728420 25.98 70.2 132 4.108
1636728480 25.98 70.05 156 4.108
1636728540 25.99 69.9 156 4.103
1636728600 26.01 69.7 210 4.108
1636728660 26.06 69.45 277 4.108
1636728720 26.08 69.29 277 4.108
1636728780 26.21 69.26 475 4.108
1636728840 26.38 69.11 640 4.108
1636728900 26.53 68.91 499 4.108
1636728960 26.46 68.59 240 4.108
1636729020 26.44 68.39 144 4.108
1636729080 26.69 68.16 246 4.108
1636729140 26.86 67.9 301 4.103
1636729200 26.93 67.66 313 4.108
1636729260 26.91 67.37 198 4.108
1636729320 26.74 67.09 144 4.108
1636729380 26.76 66.92 156 4.108
1636729440 26.86 66.87 222 4.108
1636729500 26.93 66.7 192 4.108
1636729560 26.93 66.48 216 4.108
1636729620 26.87 66.36 132 4.108
1636729680 26.91 66.15 174 4.108
1636729740 26.93 65.84 180 4.108
1636729800 26.9 65.59 138 4.103
1636729860 26.86 65.4 114 4.108
1636729920 26.86 65.26 120 4.108
1636729980 26.89 65.08 114 4.108
1636730040 27.05 64.99 114 4.108
1636730100 27.1 64.9 120 4.108
1636730160 27.08 64.63 295 4.108
1636730220 27 64.36 505 4.108
1636730280 27.03 64.16 874 4.108
1636730340 26.67 63.91 814 4.108
1636730400 26.64 63.81 772 4.108
1636730460 26.93 63.57 385 4.114
1636730520 27.03 63.32 228 4.108
1636730580 27.11 63.05 204 4.108
1636730640 27.15 62.94 144 4.108
1636730700 27.13 62.82 132 4.108
1636730760 27.2 62.69 120 4.108
1636730820 27.3 62.53 120 4.108
1636730880 27.35 62.38 114 4.108
1636730940 27.44 62.2 120 4.108
1636731000 27.52 62.02 120 4.108
1636731060 27.55 61.89 114 4.108
1636731120 27.59 61.81 114 4.108
1636731180 27.62 61.73 120 4.108
1636731240 27.73 61.74 126 4.108
1636731300 27.82 61.69 192 4.108
1636731360 27.81 61.56 216 4.108
1636731420 27.82 61.48 204 4.108
1636731480 27.82 61.28 198 4.108
1636731540 27.73 61.12 277 4.108
1636731600 27.68 61.06 132 4.108
1636731660 27.65 60.96 180 4.108
1636731720 27.69 60.88 246 4.108
1636731780 27.73 60.93 421 4.108
1636731840 27.75 60.86 350 4.108
1636731900 27.76 60.84 132 4.108
1636731960 27.72 60.72 150 4.108
1636732020 27.68 60.61 120 4.108
1636732080 27.52 60.4 120 4.108
1636732140 27.49 60.23 138 4.114
1636732200 27.41 60.1 162 4.114
1636732260 27.31 59.95 144 4.108
1636732320 27.35 59.85 138 4.108
1636732380 27.48 59.76 186 4.108
1636732440 27.62 59.6 234 4.108
1636732500 27.59 59.41 180 4.108
1636732560 27.51 59.16 162 4.108
1636732620 27.75 59.07 126 4.108
1636732680 27.84 58.89 120 4.108
1636732740 27.84 58.71 132 4.108
1636732800 27.92 58.62 162 4.108
1636732860 28.05 58.49 162 4.114
1636732920 27.95 58.34 138 4.114
1636732980 27.72 58.23 132 4.108
1636733040 27.68 58.09 132 4.114
1636733100 27.81 58 162 4.108
1636733160 27.88 57.94 307 4.114
1636733220 27.96 57.93 192 4.114
1636733280 28.03 57.92 162 4.114
1636733340 28.13 57.91 313 4.114
1636733400 28.27 57.86 501 4.114
1636733460 28.35 57.61 259 4.114
1636733520 28.35 57.41 447 4.108
1636733580 28.32 57.13 870 4.114
1636733640 28.49 57.09 918 4.114
1636733700 28.49 56.78 1052 4.114
1636733760 28.43 56.54 1064 4.114
1636733820 28.63 56.42 1070 4.114
1636733880 28.98 56.25 1070 4.119
1636733940 29.22 56.07 1082 4.119
1636734000 29.39 55.86 1090 4.119
1636734060 29.53 55.61 1096 4.119
1636734120 29.89 55.4 1090 4.119
1636734180 29.89 55.14 1093 4.108
1636734240 30.17 55 1093 4.108
1636734300 30.38 54.75 1103 4.108
1636734360 30.44 54.38 1096 4.119
1636734420 30.26 54.01 1090 4.125
1636734480 30.7 53.73 1073 4.125
1636734540 30.89 53.42 987 4.125
1636734600 30.7 53.25 879 4.125
1636734660 30.88 53.07 1073 4.13
1636734720 31.15 52.88 1007 4.13
1636734780 31.28 52.7 664 4.114
1636734840 31.26 52.43 760 4.108
1636734900 31.26 52.12 301 4.108
1636734960 31.35 51.83 198 4.114
1636735020 31.32 51.59 325 4.108
1636735080 31.18 51.39 465 4.108
1636735140 31.02 51.24 319 4.108
1636735200 30.88 51.06 367 4.108
1636735260 30.91 50.94 417 4.119
1636735320 30.87 50.86 581 4.119
1636735380 30.97 50.85 531 4.108
1636735440 31.01 50.74 917 4.108
1636735500 31.18 50.61 1081 4.108
1636735560 31.41 50.55 1045 4.108
1636735620 31.45 50.35 1093 4.108
1636735680 31.31 50.16 1105 4.108
1636735740 31.25 50.06 1105 4.103
1636735800 31.07 49.92 1099 4.108
1636735860 31.18 49.95 1099 4.108
1636735920 31.17 49.79 1105 4.108
1636735980 31.43 49.75 1117 4.108
1636736040 31.68 49.66 1123 4.108
1636736100 31.77 49.55 1117 4.108
1636736160 31.7 49.46 1109 4.103
1636736220 31.89 49.46 1105 4.103
1636736280 31.65 49.44 1099 4.108
1636736340 31.51 49.52 1093 4.103
1636736400 31.49 49.51 1103 4.103
1636736460 31.55 49.58 1103 4.108
1636736520 31.48 49.64 1099 4.103
1636736580 31.39 49.71 1087 4.103
1636736640 31.28 49.73 1093 4.103
1636736700 31.25 49.82 1097 4.108
1636736760 31.51 49.85 1105 4.103
1636736820 31.56 49.87 1103 4.108
1636736880 31.7 49.84 1099 4.103
1636736940 31.9 49.84 1097 4.108
1636737000 31.84 49.72 1097 4.103
1636737060 31.75 49.61 1099 4.103
1636737120 31.63 49.57 1091 4.103
1636737180 31.56 49.72 1085 4.103
1636737240 31.62 49.82 1091 4.103
1636737300 31.94 50.01 1105 4.103
1636737360 32.13 50 1115 4.103
1636737420 32.44 49.94 1129 4.103
1636737480 32.51 49.94 1115 4.103
1636737540 32.73 49.84 1139 4.103
1636737600 32.61 49.64 899 4.103
1636737660 32.7 49.56 1115 4.103
1636737720 32.44 49.39 1099 4.103
1636737780 32.26 49.45 1097 4.103
1636737840 32.26 49.52 1103 4.103
1636737900 32.31 49.58 1097 4.108
1636737960 32.35 49.57 1105 4.13
1636738020 32.31 49.65 1117 4.13
1636738080 32.38 49.67 1149 4.135
1636738140 32.44 49.71 1168 4.135
1636738200 32.54 49.71 1150 4.135
1636738260 32.64 49.67 1138 4.135
1636738320 32.38 49.69 1114 4.141
1636738380 32.51 49.75 1114 4.141
1636738440 32.44 49.72 1120 4.141
1636738500 32.06 49.69 1114 4.141
1636738560 31.79 49.79 1108 4.146
1636738620 31.58 49.83 1133 4.146
1636738680 31.35 49.93 1096 4.146
1636738740 31.26 50.1 1066 4.146
1636738800 31.46 50.39 1158 4.146
1636738860 31.8 50.51 1158 4.146
1636738920 32.24 50.65 1145 4.151
1636738980 32.35 50.84 1090 4.146
1636739040 32.49 50.86 266 4.13
1636739100 32.4 50.68 230 4.125
1636739160 32.02 50.7 218 4.125
1636739220 31.94 50.81 204 4.125
1636739280 31.46 50.92 198 4.125
1636739340 30.99 51.09 236 4.119
1636739400 30.66 51.42 761 4.119
1636739460 30.34 51.75 1167 4.119
1636739520 30.26 52.03 1144 4.119
1636739580 30.36 52.33 1096 4.119
1636739640 30.23 52.59 1084 4.119
1636739700 30.4 52.84 1094 4.119
1636739760 30.6 53.07 1096 4.146
1636739820 30.58 53.19 1096 4.146
1636739880 30.66 53.33 1096 4.151
1636739940 30.94 53.4 1102 4.151
1636740000 30.98 53.42 1127 4.151
1636740060 31.05 53.51 1159 4.151
1636740120 31.39 53.66 1171 4.151
1636740180 31.73 53.86 1189 4.157
1636740240 32 53.79 1221 4.157
1636740300 32.34 53.62 1246 4.157
1636740360 32.6 53.47 528 4.141
1636740420 32.74 53.26 1182 4.13
1636740480 32.64 53.07 1073 4.125
1636740540 32.68 52.98 1272 4.125
1636740600 32.38 52.7 993 4.125
1636740660 32.17 52.52 1338 4.157
1636740720 32.06 52.42 1149 4.157
1636740780 32.02 52.42 1073 4.151
1636740840 32.04 52.32 718 4.146
1636740900 32.09 52.31 646 4.146
1636740960 31.89 52.29 951 4.151
1636741020 31.86 52.26 1105 4.157
1636741080 31.68 52.28 1198 4.162
1636741140 31.75 52.19 272 4.135
1636741200 31.7 52.18 254 4.135
1636741260 31.48 52.25 260 4.141
1636741320 31.32 52.43 260 4.135
1636741380 31.25 52.51 266 4.135
1636741440 30.87 52.65 286 4.141
1636741500 30.64 52.82 394 4.13
1636741560 30.57 52.98 1031 4.13
1636741620 30.38 53.13 302 4.13
1636741680 30.17 53.34 813 4.13
1636741740 30.16 53.5 1141 4.13
1636741800 30.28 53.73 344 4.125
1636741860 30.43 54.02 697 4.13
1636741920 30.5 54.23 1171 4.125
1636741980 30.57 54.32 1117 4.13
1636742040 30.98 54.44 1111 4.125
1636742100 30.95 54.43 1189 4.13
1636742160 31.19 54.51 1135 4.125
1636742220 31.38 54.6 643 4.13
1636742280 31.49 54.46 1073 4.13
1636742340 31.56 54.33 1079 4.13
1636742400 31.79 54.3 617 4.125
1636742460 31.55 54.23 302 4.13
1636742520 31.39 54.17 362 4.125
1636742580 31.24 54.06 224 4.125
1636742640 30.78 54.04 204 4.125
1636742700 30.57 54.07 1036 4.13
1636742760 30.43 54.13 1024 4.125
1636742820 30.57 54.29 734 4.125
1636742880 30.71 54.29 174 4.125
1636742940 30.81 54.31 174 4.125
1636743000 30.81 54.39 192 4.13
1636743060 30.47 54.48 218 4.125
1636743120 30.22 54.59 745 4.125
1636743180 30.22 54.75 1054 4.125
1636743240 30.17 54.83 1024 4.125
1636743300 30.48 54.95 1017 4.13
1636743360 30.77 54.94 234 4.125
1636743420 30.84 55 186 4.125
1636743480 30.54 54.99 174 4.125
1636743540 30.38 55.05 174 4.125
1636743600 30.2 55.21 186 4.125
1636743660 29.96 55.38 272 4.125
1636743720 29.83 55.51 1017 4.125
1636743780 29.75 55.64 915 4.125
1636743840 29.86 55.91 198 4.125
1636743900 29.95 56.11 180 4.125
1636743960 29.96 56.3 132 4.125
1636744020 29.95 56.49 150 4.125
1636744080 29.8 56.68 168 4.125
1636744140 29.56 56.87 180 4.125
1636744200 29.32 56.94 338 4.125
1636744260 29.12 57.23 933 4.125
1636744320 29.2 57.48 368 4.125
1636744380 29.32 57.75 150 4.125
1636744440 29.51 57.85 156 4.125
1636744500 29.55 57.94 168 4.125
1636744560 29.48 58.07 174 4.125
1636744620 29.34 58.19 927 4.125
1636744680 29.25 58.28 909 4.125
1636744740 29.31 58.43 915 4.125
1636744800 29.47 58.44 921 4.125
1636744860 29.82 58.43 909 4.119
1636744920 30.3 58.3 909 4.125
1636744980 30.27 58.16 909 4.125
1636745040 30.48 57.97 527 4.125
1636745100 30.67 57.85 108 4.125
1636745160 30.6 57.64 96 4.125
1636745220 30.3 57.49 102 4.125
1636745280 29.95 57.41 108 4.125
1636745340 29.92 57.42 108 4.125
1636745400 29.58 57.34 114 4.125
1636745460 29.35 57.39 862 4.135
1636745520 29.17 57.49 874 4.135
1636745580 29.14 57.53 230 4.13
1636745640 29.24 57.66 180 4.13
1636745700 29.39 57.76 200 4.13
1636745760 29.29 57.77 480 4.135
1636745820 29.26 57.73 740 4.125
1636745880 29.36 57.71 861 4.125
1636745940 29.58 57.62 909 4.125
1636746000 30.03 57.61 891 4.125
1636746060 30.44 57.51 876 4.119
1636746120 30.85 57.27 865 4.125
1636746180 30.99 57.16 859 4.119
1636746240 31.28 56.94 867 4.119
1636746300 31.49 56.59 879 4.119
1636746360 31.72 56.29 879 4.125
1636746420 31.55 56 873 4.119
1636746480 31.7 55.77 859 4.125
1636746540 31.66 55.5 861 4.125
1636746600 31.73 55.29 174 4.125
1636746660 31.39 54.89 224 4.125
1636746720 31.01 54.69 811 4.125
1636746780 30.92 54.56 847 4.125
1636746840 31.14 54.53 132 4.125
1636746900 30.94 54.47 126 4.125
1636746960 30.7 54.41 120 4.125
1636747020 30.31 54.34 126 4.125
1636747080 30.05 54.41 460 4.13
1636747140 30 54.46 813 4.13
1636747200 30.05 54.62 801 4.135
1636747260 30.03 54.72 795 4.13
1636747320 30.16 54.84 783 4.135
1636747380 30.36 54.87 120 4.125
1636747440 30.24 54.79 114 4.125
1636747500 30.12 54.76 114 4.125
1636747560 29.93 54.78 132 4.13
1636747620 29.75 54.84 758 4.135
1636747680 29.68 55.04 771 4.135
1636747740 29.8 55.16 764 4.135
1636747800 29.8 55.28 758 4.135
1636747860 30.07 55.44 734 4.13
1636747920 30.43 55.48 715 4.13
1636747980 30.6 55.45 709 4.13
1636748040 30.6 55.4 709 4.13
1636748100 30.63 55.24 703 4.13
1636748160 30.58 55.02 703 4.13
1636748220 30.57 54.85 703 4.13
1636748280 30.74 54.8 728 4.135
1636748340 30.81 54.63 162 4.13
1636748400 30.79 54.55 728 4.135
1636748460 30.61 54.54 722 4.135
1636748520 30.46 54.53 715 4.135
1636748580 30.38 54.6 703 4.135
1636748640 30.4 54.64 120 4.13
1636748700 30.53 54.75 108 4.13
1636748760 30.61 54.72 102 4.13
1636748820 30.4 54.81 114 4.13
1636748880 30.12 54.96 649 4.13
1636748940 30.24 55.15 636 4.13
1636749000 30.36 55.31 624 4.135
1636749060 30.57 55.41 618 4.13
1636749120 30.75 55.45 618 4.135
1636749180 30.84 55.39 484 4.13
1636749240 31.19 55.35 612 4.13
1636749300 31.08 55.3 612 4.135
1636749360 31.24 55.19 606 4.135
1636749420 31.02 55.16 606 4.13
1636749480 31.02 55.03 606 4.13
1636749540 31.05 54.9 612 4.135
1636749600 31.08 54.73 618 4.141
1636749660 31.02 54.65 618 4.135
1636749720 31.05 54.57 618 4.135
1636749780 31.08 54.47 618 4.135
1636749840 30.87 54.46 612 4.135
1636749900 31.07 54.48 406 4.135
1636749960 31.14 54.49 144 4.13
1636750020 30.91 54.45 144 4.135
1636750080 30.79 54.49 600 4.135
1636750140 30.64 54.56 594 4.135
1636750200 30.48 54.66 582 4.135
1636750260 30.54 54.69 108 4.13
1636750320 30.43 54.75 114 4.13
1636750380 30 54.75 460 4.135
1636750440 29.69 54.89 90 4.13
1636750500 29.39 55.01 84 4.13
1636750560 29.34 55.21 168 4.13
1636750620 28.98 55.38 126 4.13
1636750680 28.91 55.66 108 4.135
1636750740 28.77 55.94 96 4.135
1636750800 28.73 56.32 78 4.13
1636750860 28.74 56.63 114 4.13
1636750920 28.7 56.89 114 4.13
1636750980 28.73 57.23 114 4.13
1636751040 28.66 57.45 108 4.135
1636751100 28.57 57.66 102 4.13
1636751160 28.47 57.93 90 4.13
1636751220 28.49 58.17 96 4.13
1636751280 28.54 58.43 84 4.13
1636751340 28.6 58.69 84 4.13
1636751400 28.59 58.91 66 4.13
1636751460 28.66 59.09 66 4.13
1636751520 28.67 59.34 78 4.13
1636751580 28.63 59.58 78 4.13
1636751640 28.6 59.79 102 4.13
1636751700 28.56 59.87 114 4.13
1636751760 28.59 59.97 126 4.13
1636751820 28.57 60.09 132 4.13
1636751880 28.67 60.12 132 4.135
1636751940 28.64 60.07 102 4.13
1636752000 28.63 59.99 108 4.13
1636752060 28.63 59.98 120 4.13
1636752120 28.63 59.99 120 4.135
1636752180 28.7 60.06 114 4.13
1636752240 28.69 60.14 120 4.13
1636752300 28.7 60.11 120 4.13
1636752360 28.64 60.1 126 4.13
1636752420 28.54 60.23 126 4.13
1636752480 28.57 60.34 102 4.13
1636752540 28.56 60.44 114 4.13
1636752600 28.61 60.58 90 4.13
1636752660 28.66 60.66 84 4.135
1636752720 28.57 60.71 72 4.13
1636752780 28.5 60.83 78 4.13
1636752840 28.4 60.99 84 4.13
1636752900 28.29 61.07 84 4.13
1636752960 28.19 61.07 66 4.13
1636753020 28.15 61.18 66 4.13
1636753080 28.1 61.28 72 4.13
1636753140 28.05 61.44 78 4.13
1636753200 28.03 61.6 78 4.13
1636753260 28.02 61.72 78 4.13
1636753320 28 61.82 78 4.13
1636753380 28.02 62.01 78 4.13
1636753440 28.02 62.1 78 4.13
1636753500 27.99 62.22 72 4.13
1636753560 27.99 62.27 78 4.13
1636753620 27.95 62.41 60 4.13
1636753680 27.91 62.58 72 4.13
1636753740 27.85 62.65 72 4.13
1636753800 27.76 62.79 54 4.13
1636753860 27.68 62.91 66 4.13
1636753920 27.65 63.07 66 4.13
1636753980 27.59 63.16 60 4.13
1636754040 27.64 63.22 60 4.13
1636754100 27.54 63.27 66 4.13
1636754160 27.54 63.37 72 4.125
1636754220 27.52 63.48 72 4.13
1636754280 27.49 63.56 72 4.13
1636754340 27.47 63.59 84 4.13
1636754400 27.44 63.74 72 4.13
1636754460 27.43 63.88 78 4.13
1636754520 27.4 63.97 72 4.13
1636754580 27.37 64.17 66 4.13
1636754640 27.38 64.37 66 4.13
1636754700 27.28 64.39 66 4.13
1636754760 27.3 64.47 66 4.13
1636754820 27.31 64.57 66 4.13
1636754880 27.3 64.72 72 4.13
1636754940 27.27 64.88 78 4.13
1636755000 27.25 65 78 4.13
1636755060 27.28 65.18 72 4.13
1636755120 27.24 65.32 72 4.13
1636755180 27.2 65.44 72 4.13
1636755240 27.2 65.65 66 4.125
1636755300 27.23 65.78 60 4.13
1636755360 27.2 66.01 48 4.13
1636755420 27.21 66.19 42 4.13
1636755480 27.18 66.32 36 4.13
1636755540 27.15 66.43 30 4.13
1636755600 27.1 66.52 30 4.13
1636755660 27.05 66.64 30 4.13
1636755720 27.03 66.76 36 4.125
1636755780 26.97 66.82 30 4.13
1636755840 26.91 66.9 30 4.13
1636755900 26.89 66.97 30 4.13
1636755960 26.86 67.11 30 4.125
1636756020 26.82 67.18 30 4.125
1636756080 26.82 67.26 36 4.13
1636756140 26.79 67.4 30 4.125
1636756200 26.79 67.53 30 4.125
1636756260 26.77 67.68 24 4.13
1636756320 26.73 67.83 24 4.13
1636756380 26.72 67.93 24 4.13
1636756440 26.67 68.06 24 4.13
1636756500 26.64 68.2 24 4.125
1636756560 26.62 68.34 24 4.125
1636756620 26.54 68.41 18 4.125
1636756680 26.52 68.48 18 4.13
1636756740 26.52 68.53 18 4.125
1636756800 26.49 68.67 18 4.13
1636756860 26.44 68.76 18 4.125
1636756920 26.39 68.83 12 4.13
1636756980 26.36 69 12 4.125
1636757040 26.35 69.08 12 4.125
1636757100 26.32 69.16 12 4.13
1636757160 26.28 69.29 12 4.125
1636757220 26.21 69.39 12 4.125
1636757280 26.18 69.53 12 4.125
1636757340 26.14 69.66 12 4.125
1636757400 26.12 69.81 12 4.13
1636757460 26.09 69.91 12 4.13
1636757520 26.05 70.01 12 4.125
1636757580 26.01 70.12 6 4.125
1636757640 26.03 70.22 6 4.13
1636757700 25.99 70.26 6 4.13
1636757760 25.96 70.42 6 4.125
1636757820 25.91 70.55 6 4.125
1636757880 25.87 70.74 6 4.125
1636757940 25.82 70.87 6 4.125
1636758000 25.81 71.04 6 4.125
1636758060 25.82 71.21 0 4.125
1636758120 25.82 71.36 0 4.13
1636758180 25.81 71.44 0 4.13
1636758240 25.82 71.57 0 4.125
1636758300 25.82 71.64 0 4.125
1636758360 25.81 71.68 0 4.13
1636758420 25.81 71.84 0 4.125
1636758480 25.82 71.93 0 4.125
1636758540 25.81 71.99 0 4.125
1636758600 25.78 72.06 0 4.125
1636758660 25.79 72.18 0 4.125
1636758720 25.77 72.3 0 4.125
1636758780 25.68 72.4 0 4.125
1636758840 25.69 72.58 0 4.125
1636758900 25.65 72.73 0 4.125
1636758960 25.64 72.88 0 4.125
1636759020 25.54 73.01 0 4.125
1636759080 25.56 73.18 0 4.125
1636759140 25.52 73.32 0 4.125
1636759200 25.52 73.47 0 4.13
1636759260 25.45 73.57 0 4.125
1636759320 25.47 73.73 0 4.125
1636759380 25.45 73.84 0 4.125
1636759440 25.47 73.95 0 4.13
1636759500 25.47 74.05 0 4.125
1636759560 25.4 74.11 0 4.125
1636759620 25.37 74.18 0 4.125
1636759680 25.36 74.3 0 4.125
1636759740 25.36 74.43 0 4.125
1636759800 25.31 74.55 0 4.13
1636759860 25.27 74.65 0 4.125
1636759920 25.21 74.76 0 4.125
1636759980 25.16 74.91 0 4.125
1636760040 25.13 75.13 0 4.125
1636760100 25.1 75.23 0 4.125
1636760160 25.09 75.36 0 4.125
1636760220 25.06 75.53 0 4.125
1636760280 25.04 75.66 0 4.125
1636760340 25.03 75.86 0 4.125
1636760400 25.02 76.01 0 4.125
1636760460 25 76.16 0 4.125
1636760520 25 76.33 0 4.125
1636760580 24.98 76.47 0 4.125
1636760640 25.02 76.67 0 4.125
1636760700 25.02 76.79 0 4.125
1636760760 25.02 76.93 0 4.125
1636760820 25 77.09 0 4.125
1636760880 24.97 77.2 0 4.125
1636760940 24.91 77.39 0 4.125
1636761000 24.91 77.56 0 4.125
1636761060 24.87 77.71 0 4.125
1636761120 24.86 77.9 0 4.125
1636761180 24.82 78.06 0 4.125
1636761240 24.8 78.24 0 4.125
1636761300 24.79 78.38 0 4.125
1636761360 24.77 78.52 0 4.125
1636761420 24.72 78.64 0 4.125
1636761480 24.72 78.81 0 4.125
1636761540 24.69 78.89 0 4.125
1636761600 24.7 79.03 0 4.125
1636761660 24.67 79.19 0 4.125
1636761720 24.69 79.31 0 4.125
1636761780 24.67 79.38 0 4.125
1636761840 24.62 79.55 0 4.125
1636761900 24.62 79.65 0 4.125
1636761960 24.61 79.79 0 4.125
1636762020 24.61 79.87 0 4.125
1636762080 24.56 79.91 0 4.125
1636762140 24.55 80 0 4.125
1636762200 24.55 80.09 0 4.125
1636762260 24.52 80.2 0 4.119
1636762320 24.53 80.33 0 4.125
1636762380 24.52 80.44 0 4.125
1636762440 24.48 80.51 0 4.125
1636762500 24.48 80.59 0 4.125
1636762560 24.48 80.65 0 4.125
1636762620 24.48 80.7 0 4.125
1636762680 24.48 80.77 0 4.119
1636762740 24.48 80.81 0 4.125
1636762800 24.49 80.87 0 4.125
1636762860 24.46 80.89 0 4.125
1636762920 24.43 80.95 0 4.125
1636762980 24.42 81.02 0 4.125
1636763040 24.39 81.08 0 4.125
1636763100 24.39 81.18 0 4.125
1636763160 24.38 81.24 0 4.125
1636763220 24.38 81.3 0 4.125
1636763280 24.35 81.35 0 4.125
1636763340 24.33 81.39 0 4.125
1636763400 24.35 81.43 0 4.125
1636763460 24.33 81.49 0 4.125
1636763520 24.36 81.51 0 4.125
1636763580 24.35 81.55 0 4.125
1636763640 24.32 81.62 0 4.125
1636763700 24.31 81.7 0 4.125
1636763760 24.33 81.7 0 4.125
1636763820 24.38 81.74 0 4.125
1636763880 24.38 81.77 0 4.125
1636763940 24.38 81.82 0 4.125
1636764000 24.38 81.83 0 4.125
1636764060 24.38 81.85 0 4.119
1636764120 24.4 81.91 0 4.125
1636764180 24.42 81.93 0 4.125
1636764240 24.42 81.94 0 4.125
1636764300 24.42 81.92 0 4.119
1636764360 24.46 81.88 0 4.125
1636764420 24.48 81.95 0 4.125
1636764480 24.46 81.92 0 4.125
1636764540 24.48 81.94 0 4.125
1636764600 24.46 81.92 0 4.125
1636764660 24.46 81.93 0 4.125
1636764720 24.49 81.96 0 4.125
1636764780 24.46 81.98 0 4.125
1636764840 24.48 82.01 0 4.125
1636764900 24.45 81.99 0 4.125
1636764960 24.48 82.05 0 4.119
1636765020 24.48 82 0 4.125
1636765080 24.48 82.05 0 4.125
1636765140 24.43 82.09 0 4.125
1636765200 24.42 82.14 0 4.125
1636765260 24.39 82.15 0 4.125
1636765320 24.42 82.23 0 4.125
1636765380 24.42 82.25 0 4.125
1636765440 24.4 82.32 0 4.125
1636765500 24.42 82.32 0 4.125
1636765560 24.38 82.38 0 4.125
1636765620 24.33 82.37 0 4.125
1636765680 24.32 82.41 0 4.125
1636765740 24.31 82.4 0 4.119
1636765800 24.31 82.43 0 4.119
1636765860 24.28 82.4 0 4.119
1636765920 24.26 82.41 0 4.119
1636765980 24.25 82.42 0 4.119
1636766040 24.25 82.45 0 4.119
1636766100 24.25 82.48 0 4.125
1636766160 24.22 82.51 0 4.119
1636766220 24.18 82.52 0 4.125
1636766280 24.18 82.54 0 4.119
1636766340 24.16 82.53 0 4.119
1636766400 24.21 82.59 0 4.119
1636766460 24.19 82.65 0 4.119
1636766520 24.16 82.67 0 4.125
1636766580 24.12 82.71 0 4.125
1636766640 24.11 82.71 0 4.125
1636766700 24.14 82.75 0 4.125
1636766760 24.1 82.8 0 4.119
1636766820 24.12 82.77 0 4.125
1636766880 24.11 82.78 0 4.119
1636766940 24.07 82.79 0 4.119
1636767000 24.05 82.82 0 4.119
1636767060 24.04 82.9 0 4.119
1636767120 24.01 82.9 0 4.125
1636767180 23.97 82.94 0 4.119
1636767240 23.92 83.02 0 4.125
1636767300 23.89 83.07 0 4.119
1636767360 23.82 83.13 0 4.119
1636767420 23.8 83.23 0 4.119
1636767480 23.77 83.28 0 4.119
1636767540 23.75 83.37 0 4.125
1636767600 23.7 83.43 0 4.125
1636767660 23.7 83.46 0 4.119
1636767720 23.64 83.53 0 4.125
1636767780 23.61 83.6 0 4.125
1636767840 23.6 83.68 0 4.125
1636767900 23.56 83.68 0 4.125
1636767960 23.56 83.68 0 4.119
1636768020 23.6 83.69 0 4.119
1636768080 23.57 83.7 0 4.125
1636768140 23.57 83.67 0 4.119
1636768200 23.56 83.7 0 4.125
1636768260 23.57 83.72 0 4.125
1636768320 23.56 83.7 0 4.119
1636768380 23.56 83.75 0 4.125
1636768440 23.5 83.69 0 4.119
1636768500 23.49 83.72 0 4.125
1636768560 23.46 83.75 0 4.125
1636768620 23.41 83.76 0 4.119
1636768680 23.41 83.84 0 4.119
1636768740 23.39 83.88 0 4.119
1636768800 23.4 83.98 0 4.119
1636768860 23.34 83.98 0 4.125
1636768920 23.36 84.07 0 4.119
1636768980 23.34 84.02 0 4.119
1636769040 23.31 84.03 0 4.125
1636769100 23.3 84.05 0 4.125
1636769160 23.3 84.02 0 4.119
1636769220 23.24 84.05 0 4.119
1636769280 23.27 84.05 0 4.119
1636769340 23.24 84.05 0 4.119
1636769400 23.24 84.11 0 4.119
1636769460 23.2 84.14 0 4.119
1636769520 23.24 84.15 0 4.125
1636769580 23.17 84.16 0 4.119
1636769640 23.17 84.14 0 4.119
1636769700 23.2 84.2 0 4.119
1636769760 23.19 84.19 0 4.119
1636769820 23.19 84.22 0 4.119
1636769880 23.19 84.24 0 4.119
1636769940 23.16 84.26 0 4.119
1636770000 23.16 84.22 0 4.119
1636769160 23.3 84.02 0 4.119
1636769220 23.24 84.05 0 4.119
1636769280 23.27 84.05 0 4.119
1636769340 23.24 84.05 0 4.119
1636769400 23.24 84.11 0 4.119
1636769460 23.2 84.14 0 4.119
1636769520 23.24 84.15 0 4.125
1636769580 23.17 84.16 0 4.119
1636769640 23.17 84.14 0 4.119
1636769700 23.2 84.2 0 4.119
1636769760 23.19 84.19 0 4.119
1636769820 23.19 84.22 0 4.119
1636769880 23.19 84.24 0 4.119
1636769940 23.16 84.26 0 4.119
1636770000 23.16 84.22 0 4.119
1636769160 23.17 84.25 0 4.119
1636769220 23.16 84.26 0 4.125
1636769280 23.14 84.26 0 4.119
1636769340 23.16 84.28 0 4.119
1636769400 23.16 84.27 0 4.119
1636769460 23.14 84.25 0 4.119
1636769520 23.16 84.24 0 4.119
1636769580 23.17 84.23 0 4.119
1636769640 23.16 84.15 0 4.119
1636769700 23.2 84.12 0 4.119
1636769760 23.2 84.06 0 4.119
1636769820 23.21 84 0 4.119
1636769880 23.21 83.93 0 4.119
1636769940 23.26 83.89 0 4.119
1636770000 23.24 83.83 0 4.119
1636770060 23.2 83.76 0 4.119
1636770120 23.23 83.7 0 4.119
1636770180 23.24 83.66 0 4.119
1636770240 23.26 83.63 0 4.119
1636770300 23.23 83.53 0 4.119
1636770360 23.29 83.5 0 4.119
1636770420 23.3 83.45 0 4.119
1636770480 23.33 83.41 0 4.119
1636770540 23.31 83.38 0 4.119
1636770600 23.34 83.29 0 4.119
1636770660 23.36 83.31 0 4.119
1636770720 23.39 83.27 0 4.119
1636770780 23.37 83.17 0 4.119
1636770840 23.4 83.22 0 4.119
1636770900 23.39 83.17 0 4.119
1636770960 23.37 83.1 0 4.119
1636771020 23.39 83.02 0 4.119
1636771080 23.4 82.96 0 4.119
1636771140 23.41 82.93 0 4.119
1636771200 23.37 82.83 0 4.119
1636771260 23.33 82.72 0 4.119
1636771320 23.34 82.63 0 4.119
1636771380 23.36 82.61 0 4.119
1636771440 23.33 82.51 0 4.119
1636771500 23.3 82.46 0 4.119
1636771560 23.27 82.4 0 4.119
1636771620 23.29 82.37 0 4.119
1636771680 23.26 82.36 0 4.119
1636771740 23.2 82.33 0 4.119
1636771800 23.21 82.29 0 4.119
1636771860 23.19 82.28 0 4.119
1636771920 23.16 82.24 0 4.119
1636771980 23.16 82.2 0 4.119
1636772040 23.14 82.18 0 4.119
1636772100 23.13 82.14 0 4.119
1636772160 23.1 82.11 0 4.119
1636772220 23.09 82.09 0 4.119
1636772280 23.06 82.07 0 4.119
1636772340 23.05 82.06 0 4.119
1636772400 23.06 82.09 0 4.119
1636772460 23.05 82.12 0 4.119
1636772520 23.02 82.08 0 4.119
1636772580 23.02 82.13 0 4.119
1636772640 22.99 82.14 0 4.119
1636772700 22.97 82.15 0 4.119
1636772760 22.97 82.13 0 4.119
1636772820 22.97 82.17 0 4.119
1636772880 22.92 82.11 0 4.119
1636772940 22.95 82.14 0 4.119
1636773000 22.96 82.09 0 4.119
1636773060 22.93 82.1 0 4.119
1636773120 22.93 82.1 0 4.119
1636773180 22.93 82.06 0 4.119
1636773240 22.95 82.1 0 4.119
1636773300 22.93 82.09 0 4.119
1636773360 22.93 82.1 0 4.119
1636773420 22.96 82.12 0 4.119
1636773480 22.95 82.1 0 4.114
1636773540 22.97 82.14 0 4.119
1636773600 23.02 82.11 0 4.119
1636773660 23 82.12 0 4.119
1636773720 23.03 82.11 0 4.119
1636773780 23.02 82.09 0 4.119
1636773840 23.03 82.1 0 4.119
1636773900 23.06 82.02 0 4.114
1636773960 23.09 82.04 0 4.119
1636774020 23.1 82.02 0 4.119
1636774080 23.09 82.01 0 4.119
1636774140 23.12 82 0 4.119
1636774200 23.1 82.05 0 4.119
1636774260 23.09 82.05 0 4.119
1636774320 23.1 82.05 0 4.119
1636774380 23.07 82.07 0 4.119
1636774440 23.06 82.05 0 4.114
1636774500 23.06 82.09 0 4.119
1636774560 23.05 82.11 0 4.119
1636774620 23.03 82.12 0 4.119
1636774680 23.05 82.17 0 4.119
1636774740 23 82.09 0 4.119
1636774800 23 82.07 0 4.119
1636774860 22.99 82.05 0 4.119
1636774920 23 82.07 0 4.119
1636774980 23 82.01 0 4.119
1636775040 22.97 81.98 0 4.119
1636775100 22.99 81.99 0 4.119
1636775160 22.99 81.98 0 4.119
1636775220 22.99 81.97 0 4.119
1636775280 22.96 81.97 0 4.114
1636775340 22.93 82.02 0 4.119
1636775400 22.9 81.98 0 4.119
1636775460 22.9 82.05 0 4.119
1636775520 22.89 82.07 0 4.119
1636775580 22.88 82.1 0 4.119
1636775640 22.89 82.12 0 4.119
1636775700 22.88 82.06 0 4.119
1636775760 22.89 82.05 0 4.114
1636775820 22.92 82.04 0 4.114
1636775880 22.9 82.02 0 4.114
1636775940 22.95 82 0 4.114
1636776000 22.93 81.97 0 4.119
1636776060 22.93 81.95 0 4.119
1636776120 22.97 81.94 0 4.119
1636776180 22.96 81.9 0 4.114
1636776240 22.95 81.93 0 4.119
1636776300 22.97 81.93 0 4.119
1636776360 22.97 81.96 0 4.114
1636776420 22.97 81.97 0 4.119
1636776480 22.99 81.95 0 4.119
1636776540 22.99 81.96 0 4.114
1636776600 22.99 81.98 0 4.114
1636776660 22.97 82.1 0 4.114
1636776720 22.96 82.11 0 4.114
1636776780 22.99 82.18 0 4.114
1636776840 22.97 82.26 0 4.114
1636776900 22.99 82.38 0 4.114
1636776960 23.03 82.49 0 4.119
1636777020 22.99 82.54 0 4.119
1636777080 22.97 82.63 0 4.119
1636777140 22.99 82.6 0 4.114
1636777200 22.99 82.64 0 4.119
1636777260 22.95 82.62 0 4.119
1636777320 22.96 82.63 0 4.114
1636777380 22.93 82.58 0 4.114
1636777440 22.95 82.58 0 4.114
1636777500 22.93 82.52 0 4.114
1636777560 22.93 82.48 0 4.114
1636777620 22.93 82.49 0 4.114
1636777680 22.92 82.52 0 4.114
1636777740 22.89 82.5 0 4.114
1636777800 22.9 82.56 0 4.114
1636777860 22.88 82.63 0 4.114
1636777920 22.88 82.7 0 4.114
1636777980 22.85 82.76 0 4.114
1636778040 22.83 82.83 0 4.114
1636778100 22.8 82.9 0 4.119
1636778160 22.78 83.01 0 4.114
1636778220 22.75 83.11 0 4.114
1636778280 22.73 83.14 0 4.114
1636778340 22.7 83.23 0 4.119
1636778400 22.69 83.31 0 4.114
1636778460 22.69 83.38 0 4.114
1636778520 22.68 83.44 0 4.114
1636778580 22.68 83.47 0 4.114
1636778640 22.68 83.58 0 4.114
1636778700 22.69 83.57 0 4.119
1636778760 22.66 83.61 0 4.114
1636778820 22.68 83.66 0 4.114
1636778880 22.7 83.68 0 4.114
1636778940 22.73 83.69 0 4.114
1636779000 22.76 83.71 0 4.114
1636779060 22.73 83.72 0 4.114
1636779120 22.73 83.74 0 4.114
1636779180 22.75 83.74 0 4.119
1636779240 22.75 83.78 0 4.114
1636779300 22.72 83.78 0 4.114
1636779360 22.72 83.76 0 4.114
1636779420 22.72 83.79 0 4.114
1636779480 22.7 83.81 0 4.119
1636779540 22.7 83.79 0 4.114
