1636693200 21.93 74.1 0 4.006
1636693260 21.85 74.4 0 4.006
1636693320 21.79 74.49 0 4.006
1636693380 21.75 74.48 0 4.006
1636693440 21.72 74.24 0 4.006
1636693500 21.73 74.37 0 4.006
1636693560 21.72 74.5 0 4.006
1636693620 21.73 74.66 0 4.006
1636693680 21.73 74.52 0 4.006
1636693740 21.79 74.55 0 4.001
1636693800 21.81 74.24 0 4.001
1636693860 21.85 73.73 0 4.006
1636693920 21.95 73.25 0 4.006
1636693980 22 72.87 0 4.006
1636694040 22 72.5 0 4.001
1636694100 22.09 71.77 0 4.006
1636694160 22.12 71.69 0 4.001
1636694220 22.12 70.79 0 4.006
1636694280 22.16 70.47 0 4.006
1636694340 22.16 70.64 0 4.001
1636694400 22.12 70.86 0 4.001
1636694460 22.05 70.64 0 4.006
1636694520 22 71.17 0 4.006
1636694580 21.93 71.33 0 4.001
1636694640 21.92 70.84 0 4.001
1636694700 21.93 70.49 0 4.001
1636694760 21.92 70.17 0 4.001
1636694820 21.88 70.19 0 4.001
1636694880 21.86 70.39 0 4.001
1636694940 21.83 70.46 0 4.001
1636695000 21.82 70.5 0 4.001
1636695060 21.79 70.96 0 4.001
1636695120 21.69 71.46 0 4.001
1636695180 21.63 72.08 0 4.006
1636695240 21.56 72.59 0 4.001
1636695300 21.49 72.99 0 4.001
1636695360 21.45 73.05 0 4.001
1636695420 21.37 73.63 0 4.006
1636695480 21.27 74.12 0 4.001
1636695540 21.2 74.42 0 4.001
1636695600 21.12 74.55 0 4.001
1636695660 21.08 74.89 0 4.001
1636695720 21.04 75.14 0 4.001
1636695780 21.02 75.2 0 4.001
1636695840 20.95 75.32 0 4.001
1636695900 20.91 75.47 0 4.001
1636695960 20.86 75.6 0 4.001
1636696020 20.87 75.84 0 4.001
1636696080 20.8 75.99 0 4.001
1636696140 20.76 76.14 0 4.001
1636696200 20.74 75.99 0 4.001
1636696260 20.7 75.78 0 4.001
1636696320 20.74 75.6 0 4.001
1636696380 20.73 75.42 0 4.001
1636696440 20.77 75.12 0 4.001
1636696500 20.73 75.09 0 4.001
1636696560 20.69 75.19 0 3.996
1636696620 20.71 75.27 0 3.996
1636696680 20.76 75.19 0 4.001
1636696740 20.77 75.12 0 3.996
1636696800 20.8 75.12 0 4.001
1636696860 20.73 75.35 0 4.001
1636696920 20.67 75.37 0 4.001
1636696980 20.7 75.29 0 4.001
1636697040 20.73 75.1 0 4.001
1636697100 20.71 74.89 0 4.001
1636697160 20.63 75.2 0 4.001
1636697220 20.57 75.44 0 4.001
1636697280 20.49 75.66 0 4.001
1636697340 20.43 75.76 0 3.996
1636697400 20.36 75.73 0 3.996
1636697460 20.38 76.01 0 3.996
1636697520 20.51 75.81 0 3.996
1636697580 20.53 75.47 0 3.996
1636697640 20.65 75.17 0 3.996
1636697700 20.67 74.75 0 3.996
1636697760 20.56 74.87 0 3.996
1636697820 20.51 75.19 0 3.996
1636697880 20.54 75.1 0 3.996
1636697940 20.53 75.17 0 3.996
1636698000 20.6 75.02 0 3.996
1636698060 20.73 74.47 0 3.996
1636698120 20.84 74.16 0 3.996
1636698180 20.83 74.03 0 4.001
1636698240 20.89 73.81 0 3.996
1636698300 20.84 73.83 0 3.996
1636698360 20.79 74.14 0 3.996
1636698420 20.66 74.17 0 3.996
1636698480 20.66 74.33 0 3.996
1636698540 20.66 74.45 0 3.996
1636698600 20.65 74.41 0 3.996
1636698660 20.65 74.61 0 3.996
1636698720 20.65 74.3 0 3.996
1636698780 20.77 73.55 0 3.996
1636698840 20.87 73.15 0 3.996
1636698900 20.94 72.62 0 3.996
1636698960 21.01 71.89 0 3.996
1636699020 21.11 71.48 0 3.996
1636699080 21.22 70.77 0 3.996
1636699140 21.27 70.55 0 3.99
1636699200 21.27 70.33 0 3.99
1636699260 21.32 70.25 0 3.996
1636699320 21.35 70.12 0 3.996
1636699380 21.35 70.01 0 3.996
1636699440 21.4 69.74 0 3.996
1636699500 21.44 69.31 0 3.996
1636699560 21.48 68.85 0 3.996
1636699620 21.55 68.53 0 3.996
1636699680 21.56 68.18 0 3.996
1636699740 21.65 67.64 0 3.996
1636699800 21.65 67.98 0 3.996
1636699860 21.58 68.52 0 3.996
1636699920 21.52 68.98 0 3.996
1636699980 21.48 69.26 0 3.996
1636700040 21.42 69.35 0 3.99
1636700100 21.32 69.7 0 3.99
1636700160 21.32 69.72 0 3.99
1636700220 21.3 69.48 0 3.99
1636700280 21.27 69.74 0 3.996
1636700340 21.22 69.86 0 3.99
1636700400 21.2 69.73 0 3.99
1636700460 21.2 69.62 0 3.99
1636700520 21.24 69.36 0 3.99
1636700580 21.25 69.52 0 3.996
1636700640 21.25 69.1 0 3.99
1636700700 21.24 69.12 0 3.99
1636700760 21.21 69.21 0 3.996
1636700820 21.18 69.53 0 3.99
1636700880 21.24 69.12 0 3.99
1636700940 21.21 69.33 0 3.99
1636701000 21.21 69.29 0 3.99
1636701060 21.24 69.18 0 3.99
1636701120 21.17 70.15 0 3.99
1636701180 21.08 69.95 0 3.996
1636701240 21.08 70.1 0 3.99
1636701300 21.12 69.88 0 3.99
1636701360 21.12 69.65 0 3.99
1636701420 21.11 69.7 0 3.99
1636701480 21.1 69.61 0 3.99
1636701540 21.12 69.28 0 3.99
1636701600 21.2 69.07 0 3.99
1636701660 21.17 68.74 0 3.996
1636701720 21.17 68.72 0 3.99
1636701780 21.24 68.63 0 3.99
1636701840 21.14 69.19 0 3.99
1636701900 21.11 69.34 0 3.99
1636701960 21.08 69.3 0 3.99
1636702020 21.11 69 0 3.99
1636702080 21.17 68.61 0 3.99
1636702140 21.22 68.35 0 3.99
1636702200 21.22 68.32 0 3.99
1636702260 21.25 68.28 0 3.99
1636702320 21.25 68.06 0 3.99
1636702380 21.27 67.88 0 3.99
1636702440 21.35 67.47 0 3.99
1636702500 21.34 67.44 0 3.99
1636702560 21.31 67.52 0 3.99
1636702620 21.35 67.24 0 3.99
1636702680 21.38 67.07 0 3.99
1636702740 21.45 66.79 0 3.985
1636702800 21.51 66.49 0 3.99
1636702860 21.55 66.28 0 3.985
1636702920 21.61 65.86 0 3.985
1636702980 21.63 65.93 0 3.99
1636703040 21.61 66.23 0 3.985
1636703100 21.54 66.43 0 3.99
1636703160 21.49 66.63 0 3.985
1636703220 21.44 67.11 0 3.99
1636703280 21.35 67.27 0 3.985
1636703340 21.34 67.15 0 3.985
1636703400 21.3 67.33 0 3.985
1636703460 21.3 67.32 0 3.985
1636703520 21.31 67.41 0 3.99
1636703580 21.35 67.09 0 3.99
1636703640 21.46 66.58 0 3.985
1636703700 21.51 66.39 0 3.985
1636703760 21.52 66.32 0 3.985
1636703820 21.49 66.4 0 3.99
1636703880 21.45 66.88 0 3.985
1636703940 21.37 67.7 0 3.985
1636704000 21.22 68.27 0 3.985
1636704060 21.22 67.61 0 3.99
1636704120 21.38 66.74 0 3.985
1636704180 21.38 67.06 0 3.985
1636704240 21.3 67.61 0 3.985
1636704300 21.28 66.78 0 3.985
1636704360 21.3 66.51 0 3.985
1636704420 21.41 66.02 0 3.985
1636704480 21.48 65.64 0 3.985
1636704540 21.51 65.45 0 3.985
1636704600 21.58 65.33 0 3.985
1636704660 21.59 65.4 0 3.985
1636704720 21.52 65.65 0 3.985
1636704780 21.49 65.71 0 3.985
1636704840 21.44 65.82 0 3.985
1636704900 21.4 66.32 0 3.985
1636704960 21.34 66.75 0 3.985
1636705020 21.35 66.72 0 3.985
1636705080 21.32 66.79 0 3.985
1636705140 21.31 66.75 0 3.985
1636705200 21.34 66.71 0 3.985
1636705260 21.27 66.91 0 3.985
1636705320 21.24 67.2 0 3.985
1636705380 21.17 67.3 0 3.985
1636705440 21.12 67.56 0 3.979
1636705500 21.2 67.61 0 3.985
1636705560 21.17 67.6 0 3.985
1636705620 21.21 69.14 0 3.985
1636705680 21.14 68.76 0 3.985
1636705740 21.08 69.65 0 3.985
1636705800 21.04 71.53 0 3.979
1636705860 21 74.03 0 3.979
1636705920 20.98 77.19 0 3.985
1636705980 20.9 77.09 0 3.985
1636706040 20.87 77.53 0 3.985
1636706100 20.83 78.33 0 3.985
1636706160 20.66 74.19 0 3.985
1636706220 20.67 73.85 0 3.985
1636706280 20.62 74.14 0 3.985
1636706340 20.6 77.42 0 3.985
1636706400 20.57 79.7 0 3.979
1636706460 20.53 79.38 0 3.985
1636706520 20.53 80.23 0 3.979
1636706580 20.53 81.68 0 3.979
1636706640 20.47 81.3 0 3.985
1636706700 20.46 81.68 0 3.979
1636706760 20.42 80.85 0 3.985
1636706820 20.36 80.63 0 3.979
1636706880 20.38 80.21 0 3.985
1636706940 20.44 80.96 0 3.985
1636707000 20.39 79.98 0 3.979
1636707060 20.33 79.21 0 3.979
1636707120 20.3 78.18 0 3.979
1636707180 20.25 78.19 0 3.979
1636707240 20.26 79.21 0 3.974
1636707300 20.26 80.65 0 3.979
1636707360 20.22 82.81 0 3.979
1636707420 20.11 81.34 0 3.979
1636707480 20.16 81.19 0 3.979
1636707540 20.22 81.05 0 3.979
1636707600 20.25 80.11 0 3.979
1636707660 20.28 80.09 0 3.979
1636707720 20.19 78.35 0 3.979
1636707780 20.18 78.81 0 3.979
1636707840 20.11 78.75 0 3.979
1636707900 20.14 78.19 0 3.979
1636707960 20.11 78.03 0 3.979
1636708020 20.04 78.82 0 3.979
1636708080 20.02 78.96 0 3.979
1636708140 20.04 78.91 0 3.974
1636708200 20.08 78.37 0 3.974
1636708260 20.08 78.46 0 3.979
1636708320 20 78.04 0 3.979
1636708380 19.98 78.11 0 3.974
1636708440 19.96 78.04 0 3.979
1636708500 19.92 78 0 3.979
1636708560 19.91 77.12 0 3.979
1636708620 19.89 76.62 0 3.979
1636708680 19.88 77.63 0 3.979
1636708740 19.89 78.66 0 3.979
1636708800 19.81 78.36 0 3.979
1636708860 19.79 79.15 0 3.974
1636708920 19.77 78.59 0 3.979
1636708980 19.81 78.1 0 3.979
1636709040 19.84 78.13 0 3.974
1636709100 19.88 77.52 0 3.974
1636709160 19.92 77.46 0 3.979
1636709220 19.85 77.46 0 3.979
1636709280 19.85 77.59 0 3.974
1636709340 19.91 77.26 0 3.979
1636709400 19.92 76.66 0 3.979
1636709460 19.87 76.27 0 3.974
1636709520 19.91 75.66 0 3.974
1636709580 19.85 75.12 0 3.979
1636709640 19.82 74.4 0 3.979
1636709700 19.81 74.02 0 3.974
1636709760 19.79 73.86 0 3.979
1636709820 19.77 74.56 0 3.974
1636709880 19.71 74.44 0 3.974
1636709940 19.71 74.63 0 3.974
1636710000 19.78 73.66 0 3.974
1636710060 19.79 73.3 0 3.974
1636710120 19.79 73 0 3.974
1636710180 19.77 72.97 0 3.974
1636710240 19.74 73.02 0 3.974
1636710300 19.72 72.79 0 3.974
1636710360 19.68 72.78 0 3.974
1636710420 19.65 72.8 0 3.979
1636710480 19.58 73.37 0 3.974
1636710540 19.53 73.99 0 3.974
1636710600 19.46 74.04 0 3.974
1636710660 19.41 74.84 0 3.974
1636710720 19.43 76.11 0 3.974
1636710780 19.43 77.73 0 3.974
1636710840 19.41 78.75 0 3.974
1636710900 19.3 78.47 0 3.974
1636710960 19.3 78.36 0 3.974
1636711020 19.34 77.34 0 3.974
1636711080 19.54 76.54 0 3.974
1636711140 19.65 75.65 0 3.974
1636711200 19.77 75.51 0 3.974
1636711260 19.82 74.86 0 3.974
1636711320 19.82 74.92 0 3.974
1636711380 19.88 74.45 0 3.974
1636711440 19.85 73.56 0 3.974
1636711500 19.81 74.38 0 3.974
1636711560 19.77 74.67 0 3.974
1636711620 19.72 75.33 0 3.974
1636711680 19.69 75.7 0 3.974
1636711740 19.64 76.71 0 3.969
1636711800 19.6 77.6 0 3.974
1636711860 19.54 78.08 0 3.969
1636711920 19.47 77.67 0 3.974
1636711980 19.51 80.06 0 3.969
1636712040 19.48 80.19 0 3.969
1636712100 19.56 82.48 0 3.974
1636712160 19.51 82.44 0 3.974
1636712220 19.53 83.14 0 3.974
1636712280 19.6 83.9 0 3.969
1636712340 19.53 83.99 0 3.974
1636712400 19.53 84.93 0 3.974
1636712460 19.6 86.58 0 3.969
1636712520 19.54 86.99 0 3.974
1636712580 19.53 88.3 0 3.969
1636712640 19.5 88.71 0 3.969
1636712700 19.37 88.71 0 3.969
1636712760 19.38 89.86 0 3.969
1636712820 19.33 89.88 0 3.974
1636712880 19.33 89.9 0 3.974
1636712940 19.27 89.9 0 3.969
1636713000 19.3 90.31 0 3.974
1636713060 19.37 91.11 0 3.969
1636713120 19.41 91.02 0 3.969
1636713180 19.4 90.87 0 3.974
1636713240 19.41 90.91 0 3.974
1636713300 19.47 90.74 4 3.969
1636713360 19.46 91.06 4 3.969
1636713420 19.5 91.04 4 3.974
1636713480 19.44 90.51 4 3.969
1636713540 19.47 90.69 4 3.963
1636713600 19.46 90.78 4 3.969
1636713660 19.4 90.37 4 3.969
1636713720 19.33 90.67 4 3.969
1636713780 19.38 91.15 4 3.969
1636713840 19.38 91.12 4 3.969
1636713900 19.41 91.03 4 3.969
1636713960 19.37 90.34 4 3.974
1636714020 19.31 89.73 4 3.969
1636714080 19.24 88.29 4 3.969
1636714140 19.27 87.27 4 3.969
1636714200 19.36 87.98 4 3.969
1636714260 19.34 88.25 10 3.969
1636714320 19.31 87.83 10 3.969
1636714380 19.34 86.8 10 3.969
1636714440 19.41 86.52 10 3.963
1636714500 19.44 84.28 10 3.969
1636714560 19.5 81.96 10 3.963
1636714620 19.56 77.68 10 3.969
1636714680 19.57 76.73 10 3.969
1636714740 19.53 75.03 10 3.969
1636714800 19.48 73.31 16 3.969
1636714860 19.5 71.6 16 3.969
1636714920 19.54 71.75 16 3.969
1636714980 19.47 70.93 16 3.969
1636715040 19.5 70.74 16 3.969
1636715100 19.5 70.23 10 3.969
1636715160 19.53 69.92 16 3.969
1636715220 19.53 69.59 22 3.969
1636715280 19.56 68.82 22 3.969
1636715340 19.57 67.98 22 3.963
1636715400 19.58 68.3 22 3.963
1636715460 19.6 67.48 22 3.969
1636715520 19.6 67.6 22 3.969
1636715580 19.56 67.4 22 3.969
1636715640 19.57 67.89 28 3.963
1636715700 19.6 69.23 28 3.963
1636715760 19.58 68.55 28 3.963
1636715820 19.6 68.29 40 3.963
1636715880 19.65 68.78 69 3.963
1636715940 19.68 68.27 87 3.963
1636716000 19.82 68 87 3.969
1636716060 19.93 67.51 93 3.963
1636716120 20.02 66.71 97 3.969
1636716180 20.18 65.99 103 3.969
1636716240 20.33 66.09 103 3.963
1636716300 20.51 65.43 109 3.969
1636716360 20.71 65.48 115 3.963
1636716420 20.84 68.22 115 3.963
1636716480 21.15 66.49 121 3.963
1636716540 21.42 65.53 128 3.963
1636716600 21.56 65.98 128 3.963
1636716660 21.73 69.04 134 3.963
1636716720 21.99 70.69 138 3.963
1636716780 22.32 70.96 138 3.963
1636716840 22.61 68.41 144 3.969
1636716900 22.54 68.16 150 3.963
1636716960 22.53 68.15 156 3.963
1636717020 22.63 67.83 156 3.963
1636717080 22.77 67.31 162 3.963
1636717140 23.05 67.9 168 3.958
1636717200 23.44 66.45 168 3.963
1636717260 23.52 65.29 174 3.963
1636717320 23.33 65.61 179 3.963
1636717380 23.24 66.08 179 3.963
1636717440 23.19 66.66 185 3.963
1636717500 23.32 66.45 185 3.963
1636717560 23.55 64.76 191 3.963
1636717620 23.22 59.41 197 3.963
1636717680 23.01 60.37 197 3.963
1636717740 22.85 61.25 203 3.963
1636717800 23.28 63.17 209 3.963
1636717860 23.66 62.15 215 3.963
1636717920 23.8 60.86 215 3.963
1636717980 23.6 60.67 221 3.963
1636718040 23.63 60.44 225 3.963
1636718100 23.58 59.82 225 3.963
1636718160 23.36 60.73 225 3.963
1636718220 23.28 60.82 231 3.963
1636718280 23.5 60.86 237 3.963
1636718340 23.22 62.69 237 3.969
1636718400 23.33 62.73 243 3.969
1636718460 23.65 60.73 249 3.963
1636718520 23.62 58.57 249 3.969
1636718580 23.6 58.57 249 3.969
1636718640 23.33 59.65 256 3.969
1636718700 23.32 59.69 256 3.969
1636718760 23.49 58.57 262 3.969
1636718820 23.33 58.03 268 3.969
1636718880 23.12 59.15 274 3.969
1636718940 23.15 62.71 274 3.963
1636719000 22.99 62.96 280 3.969
1636719060 23.14 64.37 284 3.969
1636719120 23.17 64.14 284 3.974
1636719180 23.21 68.41 292 3.974
1636719240 23.33 69.47 292 3.974
1636719300 23.29 71.74 296 3.974
1636719360 23.19 71.92 302 3.974
1636719420 23.33 71.49 308 3.974
1636719480 23.21 72.2 314 3.974
1636719540 23.12 72.61 314 3.979
1636719600 22.97 73.21 320 3.979
1636719660 23.21 72.91 320 3.979
1636719720 23.56 72.12 326 3.979
1636719780 23.46 72.2 332 3.979
1636719840 23.52 72.28 338 3.979
1636719900 23.69 72.1 338 3.985
1636719960 23.77 71.39 344 3.985
1636720020 23.84 70.23 344 3.985
1636720080 23.87 70.69 344 3.985
1636720140 23.53 71.3 350 3.985
1636720200 23.46 71.84 356 3.99
1636720260 23.62 71.74 362 3.99
1636720320 23.6 71.33 368 3.996
1636720380 23.69 70.89 374 3.996
1636720440 23.68 70.65 380 3.996
1636720500 23.7 70.54 380 3.996
1636720560 23.79 70.15 380 3.996
1636720620 23.69 70.04 387 4.001
1636720680 23.93 69.71 387 4.001
1636720740 24.13 69.09 393 3.996
1636720800 24.26 69.15 399 4.001
1636720860 24.2 69.01 399 4.001
1636720920 24.31 68.81 399 4.006
1636720980 24.31 69.21 411 4.006
1636721040 24.91 67.96 417 4.006
1636721100 25.28 66.27 417 4.006
1636721160 25.32 65.87 424 4.012
1636721220 24.95 66.59 435 4.012
1636721280 25.11 66.53 441 4.012
1636721340 25.63 64.45 441 4.017
1636721400 25.9 62.61 448 4.017
1636721460 25.77 63.21 454 4.017
1636721520 26.34 62.29 442 4.022
1636721580 26.32 62.09 454 4.022
1636721640 26.45 62 459 4.017
1636721700 26.3 62.23 466 4.022
1636721760 26.71 61.47 472 4.028
1636721820 26.13 61.1 478 4.028
1636721880 25.67 63.36 478 4.028
1636721940 25.64 63.33 478 4.028
1636722000 26.23 61.85 478 4.033
1636722060 25.97 62.69 496 4.033
1636722120 26.07 63.08 490 4.033
1636722180 26.42 61.9 502 4.039
1636722240 26.38 61.52 504 4.039
1636722300 26.58 61.12 510 4.039
1636722360 25.97 61.98 510 4.044
1636722420 26.17 62.22 510 4.044
1636722480 26.82 61.07 516 4.044
1636722540 26.55 61.07 516 4.044
1636722600 26.03 57.39 522 4.049
1636722660 25.98 56.67 528 4.049
1636722720 25.94 55.94 528 4.055
1636722780 25.83 56.63 536 4.055
1636722840 25.56 61.76 542 4.055
1636722900 25.43 63.18 536 4.06
1636722960 25.77 62.57 548 4.06
1636723020 26.23 59.66 554 4.06
1636723080 26.24 61.04 567 4.065
1636723140 26.04 62.38 567 4.065
1636723200 26.03 63.14 573 4.071
1636723260 26.01 63.41 573 4.071
1636723320 26.01 63.35 573 4.076
1636723380 26 63.84 575 4.076
1636723440 26.18 63.67 575 4.076
1636723500 26.45 62.91 575 4.082
1636723560 26.49 61.89 587 4.082
1636723620 26.18 62.94 588 4.087
1636723680 26.13 60.52 588 4.087
1636723740 26.18 60.64 588 4.092
1636723800 26.55 59.13 588 4.092
1636723860 26.58 58.12 596 4.098
1636723920 26.92 58.2 596 4.098
1636723980 27.03 57.28 596 4.098
1636724040 26.68 56.99 566 4.103
1636724100 26.81 57.19 614 4.108
1636724160 27.4 56.18 609 4.108
1636724220 27.16 57.12 493 4.103
1636724280 27.33 56.46 585 4.108
1636724340 27.07 58.27 603 4.114
1636724400 26.98 58.73 629 4.114
1636724460 27.02 59.02 629 4.119
1636724520 26.88 58.87 623 4.125
1636724580 26.62 60.18 636 4.087
1636724640 26.65 59.77 655 4.087
1636724700 26.41 60.35 653 4.082
1636724760 26.88 60.39 658 4.076
1636724820 26.71 60.2 664 4.076
1636724880 27.1 59.73 664 4.076
1636724940 27.5 58.32 664 4.076
1636725000 27.12 57.85 670 4.071
1636725060 26.63 59.45 676 4.071
1636725120 26.54 60 682 4.071
1636725180 26.24 60.75 640 4.071
1636725240 26.59 60.62 662 4.108
1636725300 26.58 60.69 671 4.119
1636725360 26.54 61.07 679 4.125
1636725420 26.56 61.08 695 4.087
1636725480 26.1 62.36 683 4.082
1636725540 26.08 63 695 4.076
1636725600 26.15 63.13 706 4.076
1636725660 26.28 63.05 706 4.076
1636725720 26.61 61.9 706 4.076
1636725780 26.44 62.44 712 4.076
1636725840 26.46 62.57 706 4.065
1636725900 26.32 63 700 4.071
1636725960 26.69 62.44 718 4.071
1636726020 26.95 61.86 718 4.071
1636726080 26.72 62.43 724 4.071
1636726140 26.78 63.02 722 4.065
1636726200 26.95 62.19 716 4.065
1636726260 26.9 62.58 716 4.065
1636726320 27.05 61.74 704 4.065
1636726380 27.06 61.72 740 4.065
1636726440 27.07 61.86 746 4.065
1636726500 27.32 61.39 752 4.06
1636726560 27.44 60.7 734 4.06
1636726620 27.46 61.28 769 4.06
1636726680 28.05 59.77 769 4.06
1636726740 28.42 58.67 769 4.06
1636726800 28.82 57.36 775 4.06
1636726860 28.59 57.5 751 4.06
1636726920 28.26 58.63 763 4.06
1636726980 28.65 58.22 787 4.06
1636727040 29.13 56.94 804 4.055
1636727100 29.47 55.37 697 4.06
1636727160 29.51 54.38 804 4.06
1636727220 29.21 55.29 810 4.055
1636727280 29.67 55.29 822 4.055
1636727340 30.04 53.8 829 4.055
1636727400 29.94 53.52 834 4.055
1636727460 29.16 54.97 834 4.055
1636727520 28.83 55.74 852 4.055
1636727580 28.89 56.04 858 4.055
1636727640 28.61 56.79 846 4.055
1636727700 29.21 56.19 761 4.049
1636727760 30.04 53.81 167 4.06
1636727820 30.36 52.59 411 4.055
1636727880 29.48 54.09 201 4.065
1636727940 28.59 57.11 268 4.055
1636728000 28.61 56.89 888 4.055
1636728060 28.41 57.73 888 4.055
1636728120 28.8 56.96 892 4.049
1636728180 29.18 55.62 326 4.055
1636728240 29.4 54.42 665 4.055
1636728300 28.77 55.29 201 4.06
1636728360 29.02 55.52 167 4.06
1636728420 28.87 55.5 314 4.055
1636728480 28.14 57.22 892 4.055
1636728540 27.87 58.1 695 4.049
1636728600 27.72 59.02 921 4.055
1636728660 27.58 59.04 917 4.055
1636728720 27.95 58.7 858 4.049
1636728780 27.95 58.04 921 4.055
1636728840 28.39 57.27 930 4.114
1636728900 28.86 55.73 935 4.13
1636728960 28.77 55.93 942 4.141
1636729020 28.63 55.74 185 4.092
1636729080 28.93 55.24 185 4.082
1636729140 28.89 55.49 167 4.082
1636729200 28.84 55.55 927 4.076
1636729260 28.53 56.05 185 4.076
1636729320 28.43 56.27 149 4.082
1636729380 28.26 56.56 179 4.082
1636729440 28.26 56.6 203 4.087
1636729500 28 57.12 945 4.076
1636729560 28.02 56.86 945 4.076
1636729620 28.16 56.17 957 4.071
1636729680 28.58 55.56 980 4.071
1636729740 29.2 54.12 974 4.141
1636729800 29.68 52.68 221 4.082
1636729860 30.02 51.8 191 4.082
1636729920 29.17 52.92 215 4.076
1636729980 28.53 54.7 1030 4.076
1636730040 28.08 56.06 1011 4.071
1636730100 28.41 55.93 1030 4.076
1636730160 28.65 54.35 185 4.071
1636730220 28.76 53.88 179 4.071
1636730280 28.41 54.05 179 4.071
1636730340 28.18 54.63 191 4.071
1636730400 28.1 55.47 203 4.071
1636730460 27.85 56.05 197 4.071
1636730520 27.67 56.88 268 4.071
1636730580 27.64 56.8 1045 4.071
1636730640 27.64 56.84 918 4.087
1636730700 27.81 56.1 1042 4.076
1636730760 28.02 56.09 1024 4.076
1636730820 28.16 55.43 376 4.076
1636730880 28.34 54.83 658 4.071
1636730940 28.83 54.26 358 4.071
1636731000 28.89 54.34 945 4.071
1636731060 28.92 54.47 992 4.071
1636731120 28.94 54.19 986 4.071
1636731180 28.7 54.74 992 4.065
1636731240 29.06 53.88 990 4.065
1636731300 28.87 53.69 998 4.065
1636731360 29.23 53.79 990 4.065
1636731420 29.43 52.95 996 4.065
1636731480 29.5 52.54 1002 4.065
1636731540 29.84 52.34 1014 4.135
1636731600 30.22 50.68 1019 4.157
1636731660 30.43 50.29 1034 4.167
1636731720 30.46 50.18 1013 4.184
1636731780 30.19 50.67 1027 4.114
1636731840 30.23 50.95 1025 4.108
1636731900 29.72 52.22 1036 4.103
1636731960 29.72 52.36 1054 4.098
1636732020 29.72 51.91 1060 4.098
1636732080 29.71 52.22 1076 4.098
1636732140 30.02 51.78 1100 4.092
1636732200 29.84 51.94 1130 4.092
1636732260 30.33 50.9 1161 4.092
1636732320 30.55 50.5 1177 4.092
1636732380 30.81 49.79 1185 4.087
1636732440 30.96 49.93 888 4.087
1636732500 31.06 49.13 1105 4.087
1636732560 30.57 50.2 1087 4.087
1636732620 30.88 49.69 1123 4.087
1636732680 31.39 48.74 1081 4.087
1636732740 30.74 49.95 1057 4.082
1636732800 30.56 50.6 1069 4.082
1636732860 30.66 50.02 1073 4.087
1636732920 30.84 50.36 1079 4.082
1636732980 31.68 48.61 1073 4.082
1636733040 32.13 47.41 1073 4.082
1636733100 31.9 47.68 1061 4.082
1636733160 31.22 49.06 1061 4.076
1636733220 31.35 49.13 1073 4.082
1636733280 31.35 49.15 1091 4.082
1636733340 31.28 49.25 1136 4.157
1636733400 31 50.19 307 4.103
1636733460 30.83 50.6 289 4.098
1636733520 30.6 51.46 299 4.092
1636733580 30.3 52.61 317 4.092
1636733640 29.79 53.99 365 4.092
1636733700 29.74 54.9 347 4.087
1636733760 29.78 54.89 329 4.087
1636733820 29.35 55.8 299 4.087
1636733880 29.21 56.94 281 4.082
1636733940 29.12 56.55 275 4.087
1636734000 28.58 58.28 287 4.082
1636734060 27.74 60.32 311 4.082
1636734120 27.58 61.12 365 4.082
1636734180 27.67 60.57 1248 4.082
1636734240 28.04 59.98 466 4.082
1636734300 28.48 58.15 334 4.082
1636734360 28.49 57.68 305 4.082
1636734420 28.58 57.5 963 4.082
1636734480 28.59 57.5 1150 4.076
1636734540 28.93 56.66 575 4.076
1636734600 29 57.74 730 4.076
1636734660 29.03 57.56 826 4.076
1636734720 29.07 57.17 502 4.076
1636734780 29 57.38 281 4.076
1636734840 28.93 57.7 256 4.076
1636734900 28.55 58.9 257 4.071
1636734960 28.29 59.69 263 4.076
1636735020 28.15 59.85 293 4.076
1636735080 28.38 59.32 328 4.071
1636735140 27.92 60.54 377 4.092
1636735200 27.98 59.45 641 4.119
1636735260 28.26 59.08 1194 4.082
1636735320 28.86 57.67 1150 4.076
1636735380 29.47 56.07 1150 4.082
1636735440 30.11 54.78 1144 4.076
1636735500 30.74 53.63 346 4.076
1636735560 31.3 52.43 299 4.076
1636735620 31.57 51.5 293 4.076
1636735680 31.31 52.25 293 4.071
1636735740 30.86 53.47 346 4.076
1636735800 29.88 56.14 388 4.076
1636735860 29.27 57.78 1124 4.076
1636735920 29.04 58.64 1203 4.071
1636735980 29.06 59.26 1231 4.071
1636736040 29.67 57.25 281 4.087
1636736100 29.95 55.59 251 4.071
1636736160 29.84 55.43 243 4.076
1636736220 29.48 56.24 256 4.071
1636736280 29.47 56.53 274 4.071
1636736340 29.44 57.07 334 4.071
1636736400 29.3 56.32 364 4.071
1636736460 28.96 57.51 1142 4.071
1636736520 29 58.28 573 4.071
1636736580 28.92 58.96 758 4.071
1636736640 28.83 59.81 1179 4.071
1636736700 29.13 59.91 608 4.065
1636736760 29.37 59.04 1129 4.065
1636736820 29.37 59.2 322 4.071
1636736880 29.2 59.46 292 4.071
1636736940 28.9 60.34 311 4.082
1636737000 28.82 60.91 706 4.114
1636737060 28.79 61.11 903 4.071
1636737120 29.09 59.82 1094 4.071
1636737180 29.3 57.98 1082 4.071
1636737240 29.75 56.98 1088 4.071
1636737300 29.85 56.75 453 4.071
1636737360 30.32 55.69 823 4.071
1636737420 30.04 55.98 1136 4.071
1636737480 30.08 56.5 1153 4.065
1636737540 30.01 56.42 352 4.065
1636737600 30.11 55.67 292 4.065
1636737660 30.18 55.89 926 4.065
1636737720 29.79 56.64 1194 4.065
1636737780 29.35 58.39 1212 4.065
1636737840 29.54 58.71 1207 4.151
1636737900 29.85 56.71 1213 4.178
1636737960 30.3 56.05 1201 4.194
1636738020 30.66 55.27 1218 4.141
1636738080 30.78 54.43 1180 4.125
1636738140 31.17 53.52 325 4.114
1636738200 31.04 53.55 1189 4.108
1636738260 30.74 54.46 1147 4.108
1636738320 30.7 54.16 1182 4.108
1636738380 30.52 54.16 929 4.103
1636738440 30.11 55.35 1182 4.103
1636738500 30.05 55.11 415 4.098
1636738560 29.68 56.32 409 4.098
1636738620 29.91 55.51 777 4.098
1636738680 29.69 55.75 758 4.098
1636738740 29.14 57.19 1323 4.092
1636738800 29.31 57.13 1227 4.087
1636738860 30.01 55.31 787 4.092
1636738920 30.4 53.84 896 4.092
1636738980 30.14 54.25 1329 4.087
1636739040 30.15 54.34 1231 4.092
1636739100 30.06 54.35 1021 4.092
1636739160 29.94 54.92 1334 4.087
1636739220 30.14 54.66 522 4.092
1636739280 30.14 54.27 450 4.087
1636739340 30.04 54.42 420 4.092
1636739400 29.88 55.29 444 4.087
1636739460 29.61 56.33 713 4.087
1636739520 29.48 57.14 1374 4.087
1636739580 29.84 56.45 947 4.087
1636739640 30.01 56.2 1001 4.082
1636739700 30.4 55.09 816 4.082
1636739760 30.55 54.28 755 4.082
1636739820 30.01 55.89 1266 4.082
1636739880 29.47 57.52 834 4.082
1636739940 29.54 57.71 448 4.082
1636740000 29.69 57.19 790 4.076
1636740060 29.65 57.41 1061 4.076
1636740120 29.89 56.75 299 4.082
1636740180 29.94 55.7 472 4.082
1636740240 29.86 55.44 478 4.076
1636740300 29.64 55.83 611 4.076
1636740360 29.27 56.99 472 4.076
1636740420 29.07 57.61 1114 4.076
1636740480 29.27 57.32 1132 4.076
1636740540 29.09 57.67 1112 4.071
1636740600 29.55 57.9 1102 4.076
1636740660 30.09 56.65 502 4.076
1636740720 30.18 56.25 322 4.071
1636740780 30.25 56.23 298 4.076
1636740840 29.78 57.54 364 4.071
1636740900 29.64 58.02 352 4.071
1636740960 29.41 58.28 299 4.071
1636741020 28.83 59.94 274 4.071
1636741080 28.65 60.4 274 4.071
1636741140 28.77 60.78 316 4.071
1636741200 28.62 61.19 777 4.071
1636741260 28.56 61.54 1070 4.071
1636741320 29 60.73 262 4.071
1636741380 29.02 60.54 227 4.071
1636741440 28.69 61.52 215 4.076
1636741500 28.49 61.23 203 4.076
1636741560 28.36 61.92 215 4.082
1636741620 28.39 62.09 221 4.082
1636741680 28.34 61.82 215 4.082
1636741740 28.28 62.14 209 4.087
1636741800 28.04 62.67 257 4.092
1636741860 27.95 63.2 305 4.076
1636741920 27.91 63.26 658 4.076
1636741980 27.94 63.34 746 4.071
1636742040 28.16 62.87 1030 4.071
1636742100 28.74 61.84 825 4.071
1636742160 29.51 59.21 963 4.071
1636742220 29.95 57.45 986 4.071
1636742280 30.05 57.54 292 4.071
1636742340 29.61 57.54 373 4.092
1636742400 28.97 59.91 197 4.082
1636742460 28.62 61.11 215 4.087
1636742520 28.29 62.37 245 4.076
1636742580 28.22 63.05 969 4.071
1636742640 28.19 63.03 921 4.076
1636742700 28.51 62.24 257 4.076
1636742760 28.97 60.92 873 4.071
1636742820 29.09 60.85 867 4.071
1636742880 29.68 58.3 861 4.071
1636742940 29.67 57.41 819 4.071
1636743000 29.45 57.77 861 4.071
1636743060 29.78 57.49 849 4.071
1636743120 30.04 56.26 867 4.071
1636743180 30.04 56.71 841 4.071
1636743240 30.11 56.28 867 4.135
1636743300 30.08 55.47 865 4.151
1636743360 29.89 55.86 856 4.167
1636743420 29.55 56.72 859 4.178
1636743480 29.82 56.97 843 4.189
1636743540 30.19 56.69 811 4.157
1636743600 30.45 55.81 314 4.13
1636743660 30.25 56.09 885 4.125
1636743720 30.09 56.23 859 4.119
1636743780 29.98 56.41 834 4.119
1636743840 30.05 56.65 162 4.114
1636743900 30.46 55.63 144 4.114
1636743960 30.02 55.8 144 4.114
1636744020 29.91 56.43 415 4.108
1636744080 29.4 57.42 844 4.108
1636744140 29.47 57.94 831 4.103
1636744200 29.47 57.31 825 4.103
1636744260 29.54 57.2 813 4.103
1636744320 29.72 57.34 813 4.103
1636744380 30.18 56.25 771 4.103
1636744440 30.02 56.51 680 4.103
1636744500 30.14 56.96 807 4.103
1636744560 30.09 55.2 801 4.098
1636744620 29.79 56.5 801 4.098
1636744680 29.76 56.58 801 4.098
1636744740 30.11 56.17 811 4.098
1636744800 30.12 56.22 819 4.098
1636744860 29.78 56.53 837 4.098
1636744920 29.81 57.62 841 4.092
1636744980 29.76 56.89 739 4.098
1636745040 29.84 56.23 885 4.157
1636745100 29.85 56.36 307 4.114
1636745160 29.88 56.48 905 4.108
1636745220 29.71 56.97 899 4.108
1636745280 29.48 57.65 886 4.103
1636745340 29.43 58.67 777 4.103
1636745400 29.5 59.23 861 4.103
1636745460 29.65 58.95 849 4.103
1636745520 29.84 58.75 825 4.098
1636745580 29.89 57.88 807 4.098
1636745640 30.49 56.87 795 4.098
1636745700 31.08 54.83 457 4.098
1636745760 31.21 54.42 764 4.098
1636745820 30.65 56.14 512 4.098
1636745880 30.33 55.88 186 4.092
1636745940 30.15 56.88 186 4.103
1636746000 29.82 57.15 257 4.092
1636746060 29.33 58.12 733 4.092
1636746120 29.3 58.94 697 4.092
1636746180 29.14 58.98 715 4.092
1636746240 29.14 59.13 709 4.092
1636746300 29 59.85 715 4.092
1636746360 29.41 58.97 697 4.092
1636746420 29.5 57.93 683 4.092
1636746480 29.34 58.34 673 4.087
1636746540 29.55 58.59 667 4.087
1636746600 29.35 58.92 667 4.087
1636746660 29.47 58.84 673 4.087
1636746720 29.3 59.72 673 4.087
1636746780 29.61 59.32 673 4.087
1636746840 29.64 58.5 677 4.082
1636746900 29.5 58.47 683 4.082
1636746960 29.74 58.43 695 4.082
1636747020 29.68 58.02 689 4.082
1636747080 29.71 57.92 659 4.082
1636747140 29.65 56.25 641 4.082
1636747200 29.65 57.45 335 4.082
1636747260 29.3 58.3 137 4.082
1636747320 29.25 58.65 623 4.082
1636747380 29.16 59.07 617 4.082
1636747440 29.18 59.53 611 4.082
1636747500 29.14 60.2 605 4.082
1636747560 29.69 59.21 593 4.082
1636747620 29.95 56.71 599 4.082
1636747680 29.96 56.67 599 4.076
1636747740 30.11 56.41 605 4.125
1636747800 29.86 57.17 600 4.087
1636747860 29.58 58.36 492 4.087
1636747920 29.41 58.19 612 4.082
1636747980 29.55 58.81 605 4.082
1636748040 30.11 58.33 575 4.082
1636748100 30.02 57.82 131 4.087
1636748160 29.82 58.17 221 4.082
1636748220 29.69 58.26 557 4.082
1636748280 29.71 58.38 557 4.082
1636748340 29.23 59.48 551 4.082
1636748400 28.74 61.21 545 4.082
1636748460 28.23 63.17 527 4.076
1636748520 28.73 62.06 521 4.076
1636748580 28.97 61.52 515 4.076
1636748640 29.1 61.26 507 4.114
1636748700 28.86 61.34 502 4.125
1636748760 28.84 62.36 498 4.098
1636748820 28.89 62.42 498 4.087
1636748880 28.76 61.92 492 4.087
1636748940 28.86 61.81 496 4.087
1636749000 29.21 60.84 233 4.082
1636749060 29.21 60.29 137 4.082
1636749120 29.23 60.65 472 4.082
1636749180 29.31 60.68 414 4.082
1636749240 29.2 60.29 478 4.082
1636749300 29.03 61.26 472 4.087
1636749360 29 61.86 466 4.082
1636749420 28.82 62.27 460 4.082
1636749480 28.59 62.62 454 4.082
1636749540 28.55 63.19 453 4.114
1636749600 28.84 61.99 447 4.119
1636749660 28.96 61.39 436 4.13
1636749720 29 60.73 439 4.098
1636749780 29.04 60.86 414 4.092
1636749840 29.06 60.84 420 4.092
1636749900 28.83 61.7 414 4.087
1636749960 28.89 61.99 414 4.087
1636750020 28.82 61.63 414 4.087
1636750080 28.86 61.02 408 4.087
1636750140 28.82 61.38 402 4.082
1636750200 28.94 61.36 402 4.087
1636750260 28.86 61.59 396 4.087
1636750320 28.59 61.51 384 4.082
1636750380 28.39 62.66 384 4.082
1636750440 28.22 63.6 387 4.108
1636750500 27.91 65.1 380 4.119
1636750560 27.65 66.33 374 4.125
1636750620 27.9 65.52 370 4.13
1636750680 28.11 64.78 367 4.098
1636750740 28.34 64.17 367 4.098
1636750800 28.28 64.83 353 4.092
1636750860 28.18 64.83 359 4.098
1636750920 28.18 64.92 347 4.092
1636750980 28.08 65.59 341 4.092
1636751040 28.11 65.56 341 4.092
1636751100 28.12 65.81 341 4.087
1636751160 28.29 65.31 335 4.092
1636751220 28.15 65.3 329 4.092
1636751280 28.1 65.87 323 4.087
1636751340 28 66.05 319 4.108
1636751400 27.98 66.16 313 4.119
1636751460 28.26 65.49 314 4.119
1636751520 28.29 64.98 308 4.119
1636751580 28.19 65.09 302 4.125
1636751640 28.32 64.81 296 4.125
1636751700 28.38 64.45 295 4.108
1636751760 28.45 64.38 289 4.103
1636751820 28.62 63.84 283 4.103
1636751880 28.34 64.5 283 4.103
1636751940 28.26 64.55 277 4.103
1636752000 28.21 64.91 277 4.098
1636752060 28.19 65.38 271 4.098
1636752120 27.65 66.7 265 4.098
1636752180 27.83 65.92 259 4.098
1636752240 28.01 65.38 246 4.108
1636752300 27.92 66.01 240 4.114
1636752360 28.16 65.65 240 4.119
1636752420 28.16 65.62 234 4.103
1636752480 27.7 66.35 234 4.103
1636752540 27.51 67.17 234 4.098
1636752600 27.41 67.65 228 4.098
1636752660 27.47 67.97 228 4.103
1636752720 27.6 67.52 222 4.098
1636752780 27.37 68.06 198 4.098
1636752840 27.14 68.75 106 4.098
1636752900 27.06 68.87 66 4.098
1636752960 27 69.19 60 4.098
1636753020 26.96 69.28 60 4.098
1636753080 26.9 69.48 60 4.098
1636753140 26.58 70.77 58 4.092
1636753200 26.44 71.34 58 4.092
1636753260 26.3 72.09 58 4.092
1636753320 26.21 72.28 58 4.092
1636753380 26.04 73.14 52 4.092
1636753440 25.97 73.49 52 4.092
1636753500 25.94 73.61 52 4.092
1636753560 25.76 74.16 52 4.092
1636753620 25.7 74.85 46 4.092
1636753680 25.6 75.34 46 4.092
1636753740 25.69 74.91 46 4.092
1636753800 25.63 74.96 46 4.092
1636753860 25.62 75.05 46 4.092
1636753920 25.6 75.12 46 4.092
1636753980 25.62 75.3 40 4.092
1636754040 25.66 75.33 40 4.087
1636754100 25.62 75.52 40 4.087
1636754160 25.6 75.67 40 4.092
1636754220 25.59 75.72 40 4.087
1636754280 25.56 76.07 40 4.087
1636754340 25.49 76.27 40 4.087
1636754400 25.42 76.77 34 4.092
1636754460 25.37 76.86 34 4.087
1636754520 25.39 76.68 34 4.082
1636754580 25.22 77.25 34 4.087
1636754640 25.3 77.35 34 4.087
1636754700 25.25 77.76 34 4.087
1636754760 25.23 77.68 34 4.087
1636754820 25.29 77.71 28 4.087
1636754880 25.22 77.88 28 4.087
1636754940 25.15 78.19 28 4.082
1636755000 25.08 78.62 28 4.082
1636755060 25.09 78.8 28 4.082
1636755120 25.09 78.71 22 4.082
1636755180 25.02 78.92 22 4.082
1636755240 24.96 79.2 16 4.082
1636755300 25.01 79.09 16 4.087
1636755360 24.92 79.49 16 4.082
1636755420 24.82 79.89 16 4.082
1636755480 24.75 80.04 16 4.082
1636755540 24.78 80.23 10 4.082
1636755600 24.86 79.78 10 4.082
1636755660 24.68 80.05 10 4.082
1636755720 24.57 80.36 10 4.082
1636755780 24.47 80.73 10 4.082
1636755840 24.42 80.9 10 4.076
1636755900 24.34 80.7 4 4.076
1636755960 24.41 80.9 4 4.076
1636756020 24.35 80.94 4 4.076
1636756080 24.3 80.97 4 4.082
1636756140 24.32 81.02 4 4.082
1636756200 24.35 80.75 4 4.076
1636756260 24.3 80.97 0 4.076
1636756320 24.28 81.06 0 4.082
1636756380 24.23 81.23 0 4.076
1636756440 24.23 81.45 0 4.076
1636756500 24.24 81.32 0 4.076
1636756560 24.17 81.75 0 4.076
1636756620 24.16 82.02 0 4.076
1636756680 24.14 82.11 0 4.082
1636756740 24.13 82.27 0 4.071
1636756800 24.13 82.49 0 4.076
1636756860 24.04 82.67 0 4.076
1636756920 24.07 82.75 0 4.076
1636756980 24.04 82.98 0 4.071
1636757040 24 82.98 0 4.076
1636757100 23.97 83.19 0 4.071
1636757160 23.97 83.29 0 4.076
1636757220 23.93 83.5 0 4.071
1636757280 23.95 83.58 0 4.076
1636757340 23.97 83.46 0 4.071
1636757400 23.97 83.55 0 4.076
1636757460 23.97 83.56 0 4.076
1636757520 23.96 83.69 0 4.076
1636757580 23.96 83.74 0 4.076
1636757640 23.92 83.92 0 4.071
1636757700 23.92 83.95 0 4.071
1636757760 23.92 84 0 4.071
1636757820 23.92 84.06 0 4.071
1636757880 23.86 84.27 0 4.071
1636757940 23.83 84.45 0 4.071
1636758000 23.81 84.48 0 4.071
1636758060 23.73 84.69 0 4.071
1636758120 23.69 84.89 0 4.071
1636758180 23.68 85.07 0 4.071
1636758240 23.66 85.24 0 4.071
1636758300 23.63 85.37 0 4.071
1636758360 23.63 85.29 0 4.071
1636758420 23.58 85.52 0 4.071
1636758480 23.55 85.55 0 4.071
1636758540 23.52 85.69 0 4.065
1636758600 23.48 85.67 0 4.071
1636758660 23.56 85.86 0 4.065
1636758720 23.5 85.69 0 4.065
1636758780 23.52 85.72 0 4.071
1636758840 23.53 85.76 0 4.071
1636758900 23.52 85.75 0 4.065
1636758960 23.55 85.73 0 4.065
1636759020 23.56 85.78 0 4.065
1636759080 23.55 85.62 0 4.065
1636759140 23.56 85.71 0 4.071
1636759200 23.58 85.61 0 4.065
1636759260 23.53 85.81 0 4.065
1636759320 23.5 86.05 0 4.065
1636759380 23.48 86.23 0 4.065
1636759440 23.48 86.33 0 4.065
1636759500 23.45 86.49 0 4.065
1636759560 23.42 86.54 0 4.065
1636759620 23.41 86.75 0 4.065
1636759680 23.39 86.82 0 4.06
1636759740 23.36 86.99 0 4.065
1636759800 23.38 87.09 0 4.065
1636759860 23.39 86.92 0 4.065
1636759920 23.39 86.93 0 4.065
1636759980 23.36 87.13 0 4.06
1636760040 23.32 87.26 0 4.065
1636760100 23.32 87.17 0 4.065
1636760160 23.29 87.41 0 4.065
1636760220 23.25 87.41 0 4.06
1636760280 23.26 87.5 0 4.06
1636760340 23.24 87.5 0 4.06
1636760400 23.24 87.44 0 4.06
1636760460 23.19 87.64 0 4.06
1636760520 23.18 87.55 0 4.06
1636760580 23.22 87.74 0 4.06
1636760640 23.18 87.54 0 4.06
1636760700 23.18 87.79 0 4.06
1636760760 23.12 87.91 0 4.06
1636760820 23.05 88.19 0 4.06
1636760880 23.05 88.44 0 4.06
1636760940 23.08 88.33 0 4.06
1636761000 23.04 88.41 0 4.06
1636761060 23.07 88.4 0 4.06
1636761120 23.04 88.56 0 4.06
1636761180 23.04 88.63 0 4.06
1636761240 23.04 88.76 0 4.055
1636761300 23.04 88.76 0 4.06
1636761360 23.04 88.88 0 4.06
1636761420 23.01 88.87 0 4.06
1636761480 22.99 88.98 0 4.06
1636761540 22.97 89.33 0 4.055
1636761600 22.95 89.46 0 4.06
1636761660 22.91 89.46 0 4.06
1636761720 22.9 89.5 0 4.06
1636761780 22.88 89.23 0 4.055
1636761840 22.85 89.32 0 4.06
1636761900 22.83 89.41 0 4.055
1636761960 22.83 89.76 0 4.06
1636762020 22.78 89.85 0 4.055
1636762080 22.75 89.88 0 4.055
1636762140 22.77 89.86 0 4.055
1636762200 22.77 89.83 0 4.055
1636762260 22.77 89.85 0 4.055
1636762320 22.74 89.83 0 4.055
1636762380 22.79 89.81 0 4.055
1636762440 22.77 89.57 0 4.06
1636762500 22.75 89.67 0 4.055
1636762560 22.75 89.71 0 4.055
1636762620 22.77 89.83 0 4.055
1636762680 22.79 89.87 0 4.055
1636762740 22.78 90.26 0 4.055
1636762800 22.78 90.36 0 4.055
1636762860 22.77 90.49 0 4.055
1636762920 22.77 90.74 0 4.055
1636762980 22.73 90.84 0 4.055
1636763040 22.7 90.92 0 4.049
1636763100 22.67 91.02 0 4.055
1636763160 22.66 90.88 0 4.055
1636763220 22.63 91.33 0 4.055
1636763280 22.6 91.41 0 4.055
1636763340 22.64 91.65 0 4.055
1636763400 22.57 91.65 0 4.055
1636763460 22.58 91.63 0 4.055
1636763520 22.63 91.42 0 4.055
1636763580 22.58 91.61 0 4.055
1636763640 22.64 91.49 0 4.055
1636763700 22.67 91.35 0 4.049
1636763760 22.67 91.25 0 4.055
1636763820 22.64 91.15 0 4.049
1636763880 22.63 91.25 0 4.055
1636763940 22.6 91.27 0 4.044
1636764000 22.6 91.37 0 4.049
1636764060 22.56 91.41 0 4.049
1636764120 22.57 91.46 0 4.049
1636764180 22.57 91.59 0 4.049
1636764240 22.57 91.35 0 4.049
1636764300 22.6 91.46 0 4.055
1636764360 22.64 91.18 0 4.049
1636764420 22.67 91.14 0 4.049
1636764480 22.68 91 0 4.049
1636764540 22.73 91.09 0 4.049
1636764600 22.73 90.73 0 4.049
1636764660 22.7 90.74 0 4.049
1636764720 22.7 90.77 0 4.049
1636764780 22.67 90.84 0 4.049
1636764840 22.67 90.87 0 4.044
1636764900 22.73 91.16 0 4.049
1636764960 22.71 91.2 0 4.044
1636765020 22.71 91.17 0 4.049
1636765080 22.68 91.21 0 4.049
1636765140 22.66 91.29 0 4.049
1636765200 22.67 91.21 0 4.049
1636765260 22.66 91.3 0 4.049
1636765320 22.64 91.22 0 4.049
1636765380 22.66 91.21 0 4.049
1636765440 22.67 90.99 0 4.049
1636765500 22.68 91.02 0 4.049
1636765560 22.67 91 0 4.044
1636765620 22.68 91.02 0 4.044
1636765680 22.68 91.14 0 4.044
1636765740 22.63 91.23 0 4.044
1636765800 22.66 91.19 0 4.044
1636765860 22.67 91.05 0 4.044
1636765920 22.64 91.08 0 4.044
1636765980 22.64 91.05 0 4.049
1636766040 22.64 91.19 0 4.044
1636766100 22.61 91.14 0 4.044
1636766160 22.6 91.16 0 4.044
1636766220 22.58 91.27 0 4.044
1636766280 22.56 91.45 0 4.044
1636766340 22.53 91.51 0 4.044
1636766400 22.48 91.73 0 4.044
1636766460 22.46 91.72 0 4.044
1636766520 22.44 91.77 0 4.044
1636766580 22.46 91.95 0 4.044
1636766640 22.44 91.95 0 4.039
1636766700 22.44 91.84 0 4.044
1636766760 22.46 91.85 0 4.044
1636766820 22.46 91.82 0 4.044
1636766880 22.48 91.83 0 4.044
1636766940 22.47 91.77 0 4.044
1636767000 22.44 91.82 0 4.039
1636767060 22.43 91.7 0 4.044
1636767120 22.47 91.65 0 4.044
1636767180 22.46 91.6 0 4.044
1636767240 22.46 91.57 0 4.044
1636767300 22.46 91.49 0 4.044
1636767360 22.48 91.39 0 4.044
1636767420 22.44 91.43 0 4.044
1636767480 22.47 91.45 0 4.044
1636767540 22.48 91.28 0 4.039
1636767600 22.5 91.22 0 4.044
1636767660 22.48 91.25 0 4.039
1636767720 22.51 91.19 0 4.039
1636767780 22.51 91.25 0 4.044
1636767840 22.48 91.32 0 4.039
1636767900 22.46 91.43 0 4.039
1636767960 22.47 91.76 0 4.039
1636768020 22.46 91.76 0 4.044
1636768080 22.44 91.74 0 4.039
1636768140 22.42 91.73 0 4.039
1636768200 22.37 91.7 0 4.039
1636768260 22.36 91.77 0 4.039
1636768320 22.39 91.66 0 4.039
1636768380 22.33 91.7 0 4.044
1636768440 22.37 91.9 0 4.033
1636768500 22.37 91.93 0 4.039
1636768560 22.37 91.91 0 4.039
1636768620 22.37 91.98 0 4.039
1636768680 22.42 91.7 0 4.039
1636768740 22.42 91.58 0 4.039
1636768800 22.43 91.47 0 4.039
1636768860 22.48 91.41 0 4.039
1636768920 22.58 90.94 0 4.039
1636768980 22.61 90.53 0 4.039
1636769040 22.6 90.4 0 4.039
1636769100 22.6 90.51 0 4.039
1636769160 22.61 90.53 0 4.039
1636769220 22.61 90.62 0 4.039
1636769280 22.63 90.3 0 4.039
1636769340 22.64 90.25 0 4.033
1636769400 22.66 90.21 0 4.033
1636769460 22.67 90.1 0 4.039
1636769520 22.67 90.11 0 4.039
1636769580 22.68 90.06 0 4.033
1636769640 22.7 89.87 0 4.039
1636769700 22.7 89.86 0 4.033
1636769760 22.7 89.8 0 4.033
1636769820 22.71 89.86 0 4.039
1636769880 22.68 89.83 0 4.033
1636769940 22.67 89.74 0 4.033
1636770000 22.64 89.86 0 4.039
1636770060 22.66 89.93 0 4.033
1636770120 22.64 90.14 0 4.039
1636770180 22.64 90.29 0 4.033
1636770240 22.63 90.18 0 4.033
1636770300 22.67 90.15 0 4.033
1636770360 22.71 89.9 0 4.033
1636770420 22.74 89.71 0 4.033
1636770480 22.68 89.78 0 4.033
1636770540 22.66 89.99 0 4.033
1636770600 22.7 90.28 0 4.033
1636770660 22.71 90.24 0 4.033
1636770720 22.67 90.21 0 4.033
1636770780 22.7 90.16 0 4.033
1636770840 22.73 90.05 0 4.033
1636770900 22.73 89.91 0 4.033
1636770960 22.74 89.8 0 4.033
1636771020 22.74 89.79 0 4.033
1636771080 22.78 89.97 0 4.033
1636771140 22.85 89.76 0 4.028
1636771200 22.87 89.52 0 4.028
1636771260 22.88 89.43 0 4.033
1636771320 22.93 89.42 0 4.033
1636771380 22.98 89.1 0 4.028
1636771440 23.01 89.15 0 4.028
1636771500 22.99 89.14 0 4.033
1636771560 23.01 89.31 0 4.033
1636771620 22.99 89.38 0 4.033
1636771680 22.98 89.48 0 4.033
1636771740 22.97 89.65 0 4.033
1636771800 22.94 89.55 0 4.033
1636771860 22.93 89.6 0 4.033
1636771920 22.93 89.03 0 4.033
1636771980 22.91 89.02 0 4.033
1636772040 22.83 89.25 0 4.028
1636772100 22.77 89.5 0 4.033
1636772160 22.71 89.62 0 4.028
1636772220 22.68 89.8 0 4.028
1636772280 22.6 89.79 0 4.033
1636772340 22.58 90 0 4.028
1636772400 22.54 90.17 0 4.028
1636772460 22.5 90.25 0 4.033
1636772520 22.5 90.45 0 4.028
1636772580 22.47 90.3 0 4.028
1636772640 22.47 90.25 0 4.028
1636772700 22.47 90.3 0 4.028
1636772760 22.46 90.26 0 4.028
1636772820 22.47 90.18 0 4.028
1636772880 22.48 90.18 0 4.033
1636772940 22.44 90.17 0 4.022
1636773000 22.47 90.18 0 4.028
1636773060 22.42 90.23 0 4.028
1636773120 22.42 90.28 0 4.028
1636773180 22.42 90.29 0 4.028
1636773240 22.39 90.37 0 4.028
1636773300 22.37 90.37 0 4.028
1636773360 22.36 90.45 0 4.028
1636773420 22.36 90.57 0 4.028
1636773480 22.37 90.59 0 4.028
1636773540 22.34 90.33 0 4.028
1636773600 22.36 90.48 0 4.028
1636773660 22.36 90.5 0 4.028
1636773720 22.39 90.4 0 4.028
1636773780 22.4 90.25 0 4.028
1636773840 22.42 90.16 0 4.022
1636773900 22.42 90.02 0 4.022
1636773960 22.4 89.73 0 4.028
1636774020 22.43 89.65 0 4.028
1636774080 22.42 89.46 0 4.022
1636774140 22.4 89.61 0 4.028
1636774200 22.39 89.54 0 4.028
1636774260 22.39 89.67 0 4.028
1636774320 22.33 89.62 0 4.028
1636774380 22.33 89.78 0 4.022
1636774440 22.32 89.79 0 4.022
1636774500 22.29 89.7 0 4.022
1636774560 22.29 89.63 0 4.028
1636774620 22.27 89.7 0 4.022
1636774680 22.24 89.73 0 4.022
1636774740 22.24 89.74 0 4.022
1636774800 22.22 89.76 0 4.022
1636774860 22.2 89.74 0 4.022
1636774920 22.24 89.94 0 4.022
1636774980 22.23 89.86 0 4.022
1636775040 22.22 89.85 0 4.022
1636775100 22.26 89.7 0 4.022
1636775160 22.32 89.43 0 4.022
1636775220 22.32 89.34 0 4.022
1636775280 22.33 89.11 0 4.022
1636775340 22.34 88.98 0 4.022
1636775400 22.34 88.93 0 4.028
1636775460 22.37 88.94 0 4.022
1636775520 22.37 88.83 0 4.022
1636775580 22.44 88.61 0 4.022
1636775640 22.44 88.59 0 4.022
1636775700 22.46 88.61 0 4.022
1636775760 22.47 88.6 0 4.022
1636775820 22.51 88.48 0 4.022
1636775880 22.51 88.45 0 4.022
1636775940 22.53 88.47 0 4.022
1636776000 22.54 88.41 0 4.022
1636776060 22.54 88.51 0 4.022
1636776120 22.56 88.5 0 4.022
1636776180 22.56 88.47 0 4.022
1636776240 22.54 88.52 0 4.022
1636776300 22.54 88.47 0 4.022
1636776360 22.54 88.52 0 4.022
1636776420 22.51 88.44 0 4.022
1636776480 22.51 88.42 0 4.022
1636776540 22.51 88.25 0 4.017
1636776600 22.48 88.34 0 4.017
1636776660 22.47 88.54 0 4.017
1636776720 22.47 88.43 0 4.022
1636776780 22.42 88.58 0 4.017
1636776840 22.4 88.7 0 4.022
1636776900 22.33 88.62 0 4.022
1636776960 22.29 88.65 0 4.022
1636777020 22.23 88.89 0 4.017
1636777080 22.24 89.01 0 4.022
1636777140 22.19 89.08 0 4.017
1636777200 22.19 89.07 0 4.022
1636777260 22.22 88.93 0 4.022
1636777320 22.22 88.92 0 4.022
1636777380 22.22 88.6 0 4.022
1636777440 22.22 88.59 0 4.017
1636777500 22.22 88.46 0 4.017
1636777560 22.22 88.15 0 4.022
1636777620 22.22 88.24 0 4.017
1636777680 22.22 88.18 0 4.017
1636777740 22.19 88.05 0 4.017
1636777800 22.2 87.82 0 4.017
1636777860 22.17 87.85 0 4.017
1636777920 22.2 87.5 0 4.017
1636777980 22.27 87.22 0 4.017
1636778040 22.22 87.19 0 4.017
1636778100 22.2 87.59 0 4.017
1636778160 22.17 87.57 0 4.017
1636778220 22.16 87.67 0 4.017
1636778280 22.17 87.66 0 4.017
1636778340 22.24 87.45 0 4.017
1636778400 22.23 87.44 0 4.017
1636778460 22.24 87.37 0 4.017
1636778520 22.23 87.46 0 4.017
1636778580 22.2 87.42 0 4.012
1636778640 22.23 87.45 0 4.017
1636778700 22.16 87.51 0 4.017
1636778760 22.12 87.46 0 4.017
1636778820 22.12 87.73 0 4.017
1636778880 22.1 87.57 0 4.017
1636778940 22.07 87.51 0 4.017
1636779000 22.02 87.59 0 4.017
1636779060 21.96 87.51 0 4.017
1636779120 21.93 87.77 0 4.017
1636779180 21.88 87.7 0 4.017
1636779240 21.85 87.91 0 4.012
1636779300 21.79 88.04 0 4.017
1636779360 21.76 88.08 0 4.017
1636779420 21.73 88.25 0 4.012
1636779480 21.66 88.08 0 4.012
1636779540 21.63 88.19 0 4.017
