1636520400 22.74 84.21 0 4.049
1636520460 22.72 84.79 0 4.049
1636520520 22.76 85.3 0 4.049
1636520580 22.74 85.58 0 4.049
1636520640 22.75 85.4 0 4.049
1636520700 22.76 85.24 0 4.049
1636520760 22.78 85 0 4.049
1636520820 22.79 84.8 0 4.049
1636520880 22.76 84.94 0 4.049
1636520940 22.78 85.01 0 4.049
1636521000 22.81 84.94 0 4.049
1636521060 22.76 84.8 0 4.049
1636521120 22.78 84.9 0 4.049
1636521180 22.76 85.07 0 4.049
1636521240 22.75 84.86 0 4.049
1636521300 22.74 84.78 0 4.049
1636521360 22.72 84.89 0 4.049
1636521420 22.74 85.29 0 4.049
1636521480 22.72 85.03 0 4.049
1636521540 22.74 84.89 0 4.049
1636521600 22.72 84.76 0 4.049
1636521660 22.68 84.74 0 4.049
1636521720 22.68 84.83 0 4.049
1636521780 22.62 84.71 0 4.049
1636521840 22.58 85.01 0 4.049
1636521900 22.58 85.06 0 4.049
1636521960 22.51 85.2 0 4.049
1636522020 22.48 85.35 0 4.049
1636522080 22.47 85.59 0 4.049
1636522140 22.5 85.87 0 4.049
1636522200 22.52 85.94 0 4.049
1636522260 22.54 86.14 0 4.049
1636522320 22.51 85.9 0 4.049
1636522380 22.51 85.93 0 4.049
1636522440 22.51 85.92 0 4.049
1636522500 22.51 85.83 0 4.049
1636522560 22.51 85.55 0 4.049
1636522620 22.52 85.27 0 4.049
1636522680 22.52 85.34 0 4.049
1636522740 22.58 85.5 0 4.049
1636522800 22.59 85.78 0 4.049
1636522860 22.48 86.03 0 4.049
1636522920 22.48 85.91 0 4.049
1636522980 22.45 86.14 0 4.049
1636523040 22.48 86.17 0 4.049
1636523100 22.47 86.3 0 4.049
1636523160 22.51 86.41 0 4.049
1636523220 22.54 86.34 0 4.049
1636523280 22.54 86.51 0 4.049
1636523340 22.54 86.2 0 4.049
1636523400 22.52 86.2 0 4.049
1636523460 22.48 86.36 0 4.049
1636523520 22.45 86.79 0 4.044
1636523580 22.41 86.96 0 4.049
1636523640 22.38 87.15 0 4.049
1636523700 22.34 87.44 0 4.049
1636523760 22.31 87.34 0 4.049
1636523820 22.31 87.29 0 4.049
1636523880 22.28 87.54 0 4.049
1636523940 22.27 87.67 0 4.049
1636524000 22.27 87.72 0 4.049
1636524060 22.3 87.63 0 4.049
1636524120 22.27 87.71 0 4.049
1636524180 22.31 88 0 4.049
1636524240 22.28 87.77 0 4.049
1636524300 22.35 87.54 0 4.044
1636524360 22.37 87.62 0 4.049
1636524420 22.37 87.7 0 4.049
1636524480 22.34 87.72 0 4.049
1636524540 22.37 87.87 0 4.049
1636524600 22.34 88.04 0 4.049
1636524660 22.34 88.09 0 4.049
1636524720 22.34 88.19 0 4.049
1636524780 22.31 88.24 0 4.049
1636524840 22.27 88.32 0 4.044
1636524900 22.3 88.5 0 4.049
1636524960 22.3 88.71 0 4.049
1636525020 22.3 88.49 0 4.044
1636525080 22.28 88.48 0 4.049
1636525140 22.26 88.18 0 4.049
1636525200 22.28 88.14 0 4.049
1636525260 22.26 88.13 0 4.049
1636525320 22.27 88.18 0 4.044
1636525380 22.26 88.28 0 4.044
1636525440 22.28 88.12 0 4.049
1636525500 22.28 87.89 0 4.049
1636525560 22.26 88.11 0 4.044
1636525620 22.3 88.2 0 4.049
1636525680 22.26 88.3 0 4.044
1636525740 22.21 88.37 0 4.044
1636525800 22.2 88.31 0 4.049
1636525860 22.23 88.25 0 4.049
1636525920 22.26 88.39 0 4.049
1636525980 22.27 88.42 0 4.049
1636526040 22.3 88.41 0 4.044
1636526100 22.24 88.18 0 4.049
1636526160 22.26 87.84 0 4.049
1636526220 22.18 87.73 0 4.044
1636526280 22.2 87.79 0 4.049
1636526340 22.2 87.85 0 4.049
1636526400 22.2 87.74 0 4.049
1636526460 22.21 87.84 0 4.049
1636526520 22.24 88.01 0 4.049
1636526580 22.23 88.03 0 4.049
1636526640 22.24 87.78 0 4.044
1636526700 22.26 87.68 0 4.044
1636526760 22.21 87.35 0 4.044
1636526820 22.23 87.52 0 4.044
1636526880 22.21 87.4 0 4.044
1636526940 22.21 87.4 0 4.044
1636527000 22.2 87.47 0 4.049
1636527060 22.21 87.63 0 4.044
1636527120 22.18 87.33 0 4.044
1636527180 22.17 87.09 0 4.049
1636527240 22.17 87.48 0 4.044
1636527300 22.16 87.7 0 4.044
1636527360 22.13 87.75 0 4.044
1636527420 22.13 88.04 0 4.049
1636527480 22.08 87.48 0 4.049
1636527540 22.08 87.52 0 4.049
1636527600 22.1 87.55 0 4.049
1636527660 22.08 87.1 0 4.044
1636527720 22.06 86.68 0 4.049
1636527780 22.08 86.71 0 4.049
1636527840 22.06 85.93 0 4.044
1636527900 22.08 86.43 0 4.044
1636527960 22.11 86.5 0 4.049
1636528020 22.17 86.94 0 4.049
1636528080 22.16 86.81 0 4.044
1636528140 22.23 87.09 0 4.049
1636528200 22.17 86.94 0 4.049
1636528260 22.2 86.84 0 4.049
1636528320 22.23 88.21 0 4.044
1636528380 22.18 88.44 0 4.044
1636528440 22.14 88.36 0 4.049
1636528500 22.17 88.52 0 4.044
1636528560 22.16 88.56 0 4.049
1636528620 22.16 88.68 0 4.044
1636528680 22.17 88.84 0 4.044
1636528740 22.16 88.94 0 4.044
1636528800 22.16 89.12 0 4.044
1636528860 22.16 88.92 0 4.044
1636528920 22.13 88.88 0 4.044
1636528980 22.13 88.92 0 4.044
1636529040 22.13 88.87 0 4.044
1636529100 22.11 89 0 4.044
1636529160 22.11 88.87 0 4.044
1636529220 22.11 88.68 0 4.044
1636529280 22.13 88.66 0 4.049
1636529340 22.13 88.99 0 4.049
1636529400 22.08 88.36 0 4.049
1636529460 22.08 88.53 0 4.049
1636529520 22.08 88.4 0 4.044
1636529580 22.08 88.53 0 4.049
1636529640 22.13 88.22 0 4.044
1636529700 22.16 88.11 0 4.044
1636529760 22.17 87.46 0 4.044
1636529820 22.17 86.95 0 4.049
1636529880 22.2 86.77 0 4.044
1636529940 22.2 87.09 0 4.044
1636530000 22.17 87.23 0 4.044
1636530060 22.14 87.41 0 4.044
1636530120 22.14 87.44 0 4.044
1636530180 22.1 87.6 0 4.044
1636530240 22.04 87.93 0 4.044
1636530300 21.99 88.08 0 4.044
1636530360 21.96 88.2 0 4.044
1636530420 21.96 88.24 0 4.044
1636530480 21.96 88.89 0 4.044
1636530540 21.92 89.3 0 4.044
1636530600 21.9 89.53 0 4.044
1636530660 21.85 89.32 0 4.044
1636530720 21.85 89.49 0 4.044
1636530780 21.9 89.35 0 4.049
1636530840 21.93 89.31 0 4.044
1636530900 21.93 89.5 0 4.044
1636530960 21.9 89.37 0 4.044
1636531020 21.92 89.62 0 4.044
1636531080 21.92 89.75 0 4.049
1636531140 21.87 90.03 0 4.044
1636531200 21.9 90.3 0 4.044
1636531260 21.86 90.46 0 4.044
1636531320 21.85 90.46 0 4.044
1636531380 21.82 90.51 0 4.044
1636531440 21.82 90.46 0 4.044
1636531500 21.86 90.72 0 4.049
1636531560 21.85 90.38 0 4.044
1636531620 21.86 90.49 0 4.044
1636531680 21.85 90.28 0 4.044
1636531740 21.85 90.19 0 4.044
1636531800 21.87 90.24 0 4.044
1636531860 21.85 90.01 0 4.044
1636531920 21.85 89.33 0 4.044
1636531980 21.82 88.92 0 4.044
1636532040 21.85 89.09 0 4.044
1636532100 21.86 89.15 0 4.044
1636532160 21.87 88.73 0 4.044
1636532220 21.85 89.06 0 4.044
1636532280 21.8 88.95 0 4.044
1636532340 21.79 89.23 0 4.044
1636532400 21.75 88.62 0 4.044
1636532460 21.76 89.13 0 4.044
1636532520 21.72 89.12 0 4.044
1636532580 21.73 89.64 0 4.044
1636532640 21.75 89.96 0 4.044
1636532700 21.69 90.14 0 4.044
1636532760 21.69 90.38 0 4.044
1636532820 21.66 90.39 0 4.044
1636532880 21.63 90.59 0 4.044
1636532940 21.62 90.55 0 4.044
1636533000 21.58 90.27 0 4.044
1636533060 21.56 90.27 0 4.044
1636533120 21.53 90.41 0 4.044
1636533180 21.56 90.3 0 4.044
1636533240 21.52 90.13 0 4.044
1636533300 21.5 90.24 0 4.044
1636533360 21.55 90.43 0 4.044
1636533420 21.49 89.98 0 4.044
1636533480 21.55 89.51 0 4.044
1636533540 21.56 88.96 0 4.044
1636533600 21.59 88.85 0 4.044
1636533660 21.59 88.83 0 4.044
1636533720 21.6 89.02 0 4.049
1636533780 21.59 88.92 0 4.044
1636533840 21.62 88.83 0 4.044
1636533900 21.62 88.99 0 4.044
1636533960 21.63 88.94 0 4.044
1636534020 21.63 89.2 0 4.044
1636534080 21.56 89 0 4.044
1636534140 21.5 89.25 0 4.044
1636534200 21.48 89.27 0 4.044
1636534260 21.44 89.25 0 4.044
1636534320 21.38 89.2 0 4.039
1636534380 21.34 89.46 0 4.044
1636534440 21.27 89.74 0 4.044
1636534500 21.25 89.72 0 4.044
1636534560 21.25 89.72 0 4.044
1636534620 21.27 89.45 0 4.044
1636534680 21.29 89.37 0 4.044
1636534740 21.29 88.88 0 4.044
1636534800 21.31 88.9 0 4.044
1636534860 21.31 88.84 0 4.044
1636534920 21.35 88.97 0 4.044
1636534980 21.32 89.06 0 4.039
1636535040 21.28 88.3 0 4.044
1636535100 21.29 88.14 0 4.044
1636535160 21.29 87.97 0 4.044
1636535220 21.34 88.18 0 4.044
1636535280 21.34 87.95 0 4.044
1636535340 21.35 88.02 0 4.044
1636535400 21.32 87.57 0 4.044
1636535460 21.32 87.5 0 4.044
1636535520 21.34 87.63 0 4.044
1636535580 21.34 87.77 0 4.044
1636535640 21.38 88.58 0 4.044
1636535700 21.34 89.54 0 4.044
1636535760 21.28 89.8 0 4.044
1636535820 21.24 89.99 0 4.044
1636535880 21.18 90.12 0 4.044
1636535940 21.2 90.32 0 4.044
1636536000 21.18 90.28 0 4.039
1636536060 21.15 90.23 0 4.039
1636536120 21.15 89.94 0 4.044
1636536180 21.11 89.86 0 4.044
1636536240 21.18 90.06 0 4.044
1636536300 21.17 89.97 0 4.044
1636536360 21.15 89.94 0 4.044
1636536420 21.14 89.92 0 4.044
1636536480 21.12 90.28 0 4.044
1636536540 21.12 90.34 0 4.044
1636536600 21.12 90.23 0 4.044
1636536660 21.11 89.97 0 4.044
1636536720 21.12 90.14 0 4.039
1636536780 21.11 89.89 0 4.044
1636536840 21.11 89.8 0 4.039
1636536900 21.1 89.83 0 4.044
1636536960 21.11 89.75 0 4.044
1636537020 21.11 89.52 0 4.044
1636537080 21.1 89.33 0 4.044
1636537140 21.1 89.07 0 4.044
1636537200 21.15 89.24 0 4.044
1636537260 21.27 88.97 0 4.044
1636537320 21.29 88.35 0 4.044
1636537380 21.35 88.88 0 4.044
1636537440 21.35 88.91 0 4.044
1636537500 21.27 88.64 0 4.039
1636537560 21.21 88.42 0 4.044
1636537620 21.17 88.34 0 4.044
1636537680 21.1 88 0 4.044
1636537740 21.08 88.43 0 4.044
1636537800 21.04 88.52 0 4.044
1636537860 21.04 89.04 0 4.044
1636537920 20.98 89.07 0 4.039
1636537980 20.97 89.35 0 4.044
1636538040 20.95 89.5 0 4.044
1636538100 20.94 89.61 0 4.044
1636538160 20.94 89.86 0 4.044
1636538220 20.94 89.83 0 4.039
1636538280 20.95 90.08 0 4.044
1636538340 20.98 90.19 0 4.044
1636538400 20.97 90.38 0 4.044
1636538460 20.98 90.57 0 4.044
1636538520 21.02 90.62 0 4.044
1636538580 21.05 90.33 0 4.044
1636538640 21.07 90.49 0 4.039
1636538700 21.07 90.22 0 4.039
1636538760 21.07 90.03 0 4.039
1636538820 21.07 89.68 0 4.039
1636538880 21.08 88.38 0 4.044
1636538940 21.12 87.75 0 4.039
1636539000 21.15 87.31 0 4.039
1636539060 21.18 87.47 0 4.044
1636539120 21.24 87.43 0 4.044
1636539180 21.24 88.1 0 4.044
1636539240 21.24 88.31 0 4.039
1636539300 21.29 89.41 0 4.039
1636539360 21.27 89.2 0 4.039
1636539420 21.27 89.28 0 4.044
1636539480 21.27 88.91 0 4.039
1636539540 21.28 89.11 0 4.039
1636539600 21.28 88.99 0 4.039
1636539660 21.29 89.32 0 4.044
1636539720 21.25 88.74 0 4.044
1636539780 21.25 88.61 0 4.044
1636539840 21.28 89 0 4.044
1636539900 21.24 87.86 0 4.039
1636539960 21.28 86.94 0 4.039
1636540020 21.31 86.73 0 4.039
1636540080 21.34 85.51 0 4.044
1636540140 21.38 85.53 0 4.039
1636540200 21.39 83.96 0 4.044
1636540260 21.42 83.85 0 4.039
1636540320 21.41 83.71 0 4.039
1636540380 21.48 85.34 0 4.044
1636540440 21.48 85.62 0 4.039
1636540500 21.45 85.57 0 4.039
1636540560 21.44 86.13 0 4.039
1636540620 21.46 88 0 4.039
1636540680 21.44 88.22 0 4.039
1636540740 21.44 88.28 0 4.039
1636540800 21.39 88.27 0 4.039
1636540860 21.37 87.95 0 4.039
1636540920 21.34 88.22 0 4.039
1636540980 21.31 88.01 0 4.039
1636541040 21.31 88.28 0 4.039
1636541100 21.29 88.2 0 4.044
1636541160 21.27 88.43 0 4.039
1636541220 21.29 88.34 0 4.039
1636541280 21.28 88.01 0 4.039
1636541340 21.25 87.42 0 4.044
1636541400 21.22 87.13 0 4.039
1636541460 21.22 86.97 0 4.039
1636541520 21.24 87.21 0 4.039
1636541580 21.2 87.58 0 4.039
1636541640 21.2 87.89 0 4.039
1636541700 21.17 87.69 0 4.039
1636541760 21.14 87.39 0 4.039
1636541820 21.17 87.62 0 4.039
1636541880 21.15 86.93 0 4.039
1636541940 21.18 87.05 0 4.044
1636542000 21.17 86.97 0 4.039
1636542060 21.15 87.25 0 4.039
1636542120 21.17 87.76 0 4.039
1636542180 21.14 87.68 0 4.039
1636542240 21.11 88.07 0 4.039
1636542300 21.1 88.08 0 4.039
1636542360 21.1 87.96 0 4.039
1636542420 21.07 88.02 0 4.039
1636542480 21.07 87.94 0 4.044
1636542540 21.05 88.13 0 4.039
1636542600 21.07 88.28 0 4.039
1636542660 21.04 88.5 0 4.039
1636542720 21.01 88.77 0 4.039
1636542780 20.97 89.37 0 4.044
1636542840 20.97 89.66 0 4.039
1636542900 20.95 89.72 0 4.039
1636542960 20.89 89.7 0 4.039
1636543020 20.84 89.53 0 4.039
1636543080 20.79 89.55 0 4.039
1636543140 20.79 89.58 0 4.039
1636543200 20.8 90 0 4.039
1636543260 20.77 90.1 0 4.039
1636543320 20.73 90.3 0 4.039
1636543380 20.7 90.35 0 4.039
1636543440 20.67 90.65 0 4.039
1636543500 20.66 91.21 0 4.039
1636543560 20.65 91.55 0 4.039
1636543620 20.62 91.48 0 4.039
1636543680 20.6 91.34 0 4.039
1636543740 20.56 91.05 0 4.039
1636543800 20.56 91.06 0 4.044
1636543860 20.54 90.9 0 4.039
1636543920 20.53 91.02 0 4.039
1636543980 20.56 91 0 4.039
1636544040 20.57 91.04 0 4.039
1636544100 20.53 91.02 0 4.039
1636544160 20.49 90.97 0 4.039
1636544220 20.53 91.45 0 4.039
1636544280 20.53 91.9 0 4.039
1636544340 20.46 92.03 0 4.039
1636544400 20.43 92.38 0 4.039
1636544460 20.4 92.47 4 4.039
1636544520 20.36 92.47 4 4.039
1636544580 20.38 92.57 4 4.039
1636544640 20.43 92.72 4 4.039
1636544700 20.36 92.74 4 4.039
1636544760 20.38 92.9 4 4.039
1636544820 20.35 93.09 4 4.039
1636544880 20.32 93.07 4 4.039
1636544940 20.29 93.16 4 4.039
1636545000 20.29 93.07 4 4.039
1636545060 20.31 93.37 4 4.039
1636545120 20.29 93.22 4 4.039
1636545180 20.31 92.95 4 4.039
1636545240 20.28 92.61 4 4.039
1636545300 20.31 92.3 10 4.039
1636545360 20.28 92.07 10 4.039
1636545420 20.25 91.99 10 4.039
1636545480 20.28 91.9 10 4.039
1636545540 20.31 91.92 10 4.039
1636545600 20.36 92.08 16 4.039
1636545660 20.39 91.97 16 4.039
1636545720 20.42 91.86 16 4.039
1636545780 20.44 91.74 16 4.039
1636545840 20.46 91.65 16 4.039
1636545900 20.53 91.89 16 4.039
1636545960 20.56 91.73 16 4.039
1636546020 20.56 91.68 16 4.039
1636546080 20.53 91.55 22 4.039
1636546140 20.52 91.37 16 4.039
1636546200 20.66 91.28 16 4.039
1636546260 20.66 90.92 16 4.039
1636546320 20.62 90.78 16 4.039
1636546380 20.6 90.6 16 4.039
1636546440 20.63 90.75 16 4.039
1636546500 20.69 90.69 22 4.039
1636546560 20.66 90.55 22 4.039
1636546620 20.66 90.73 22 4.039
1636546680 20.66 90.6 22 4.039
1636546740 20.62 90.67 28 4.039
1636546800 20.57 90.64 28 4.039
1636546860 20.59 90.53 28 4.039
1636546920 20.57 90.41 34 4.033
1636546980 20.54 90.48 34 4.039
1636547040 20.59 90.62 34 4.039
1636547100 20.56 90.88 34 4.039
1636547160 20.56 91.03 34 4.039
1636547220 20.57 90.81 34 4.039
1636547280 20.62 90.96 34 4.033
1636547340 20.6 91.27 40 4.039
1636547400 20.6 91.46 52 4.039
1636547460 20.62 91.69 70 4.039
1636547520 20.63 91.69 76 4.039
1636547580 20.66 91.54 76 4.039
1636547640 20.76 91.46 76 4.039
1636547700 20.87 91.17 76 4.039
1636547760 20.94 90.94 70 4.039
1636547820 21.01 90.51 70 4.033
1636547880 21.11 90.23 64 4.039
1636547940 21.17 90.03 58 4.039
1636548000 21.12 88.86 76 4.039
1636548060 21.14 88.89 105 4.039
1636548120 21.07 89.15 94 4.039
1636548180 21.14 89.1 64 4.033
1636548240 21.21 89.36 58 4.039
1636548300 21.17 89.21 64 4.039
1636548360 21.25 89.67 58 4.039
1636548420 21.31 89.53 58 4.033
1636548480 21.38 88.99 58 4.039
1636548540 21.35 88.89 58 4.033
1636548600 21.32 89.05 64 4.039
1636548660 21.37 89.41 58 4.039
1636548720 21.41 89.5 58 4.033
1636548780 21.42 89.48 76 4.033
1636548840 21.44 89.54 111 4.039
1636548900 21.46 89.67 117 4.039
1636548960 21.59 89.61 88 4.039
1636549020 21.73 89.12 76 4.039
1636549080 21.87 88.35 88 4.039
1636549140 22 87.78 94 4.033
1636549200 22.1 87.22 100 4.039
1636549260 22.17 86.79 100 4.039
1636549320 22.27 86.82 70 4.033
1636549380 22.38 86.56 82 4.033
1636549440 22.44 86.16 76 4.033
1636549500 22.5 85.9 70 4.033
1636549560 22.57 85.25 76 4.033
1636549620 22.65 84.17 76 4.033
1636549680 22.47 83.25 99 4.033
1636549740 22.37 83.33 123 4.033
1636549800 22.33 83.89 123 4.039
1636549860 22.27 84.35 171 4.039
1636549920 22.24 84.68 183 4.039
1636549980 22.38 84.6 129 4.039
1636550040 22.52 83.95 123 4.039
1636550100 22.59 83.55 111 4.039
1636550160 22.74 84.15 94 4.039
1636550220 22.84 82.85 70 4.039
1636550280 22.89 82.51 70 4.039
1636550340 22.93 82.67 64 4.033
1636550400 22.92 82.07 64 4.039
1636550460 22.92 81.32 64 4.033
1636550520 22.99 80.99 64 4.039
1636550580 23.05 81.21 70 4.033
1636550640 23.08 81.64 70 4.033
1636550700 23.06 81.27 82 4.033
1636550760 23.05 81.46 105 4.039
1636550820 23.1 81.19 212 4.039
1636550880 23.29 80.89 319 4.039
1636550940 23.51 80.59 344 4.044
1636551000 23.77 80.43 350 4.044
1636551060 23.92 79.36 350 4.044
1636551120 24.09 77.66 362 4.044
1636551180 24.22 77.23 368 4.049
1636551240 24.52 77.18 374 4.049
1636551300 24.65 75.84 380 4.049
1636551360 24.38 76.56 380 4.049
1636551420 24.43 76.63 385 4.039
1636551480 24.91 75.75 391 4.039
1636551540 25.29 73.6 391 4.033
1636551600 25.64 72.84 397 4.033
1636551660 25.66 71.92 403 4.039
1636551720 25.99 69.87 403 4.039
1636551780 25.42 71.11 409 4.033
1636551840 25.06 72.44 415 4.033
1636551900 24.93 74.32 421 4.039
1636551960 25.34 74.39 432 4.033
1636552020 25.96 71.13 432 4.033
1636552080 26.19 69.66 438 4.039
1636552140 26.16 70.33 445 4.049
1636552200 26.24 69.25 445 4.049
1636552260 26.67 67.88 451 4.049
1636552320 26.62 67.9 457 4.049
1636552380 26.86 67.31 463 4.055
1636552440 27.16 65.97 469 4.055
1636552500 26.81 66.46 475 4.055
1636552560 26.82 67.72 483 4.055
1636552620 26.93 67.42 489 4.06
1636552680 26.96 65.79 495 4.06
1636552740 26.95 64.81 493 4.055
1636552800 27.37 64.4 501 4.06
1636552860 27.14 63.64 507 4.06
1636552920 27.2 64.58 507 4.06
1636552980 27.12 64.88 512 4.06
1636553040 27.3 64.54 518 4.06
1636553100 27.41 63.59 524 4.06
1636553160 27.56 63.27 530 4.06
1636553220 27.95 61.79 536 4.06
1636553280 28.19 62.13 537 4.065
1636553340 28.15 62.13 549 4.065
1636553400 28.12 62.49 549 4.065
1636553460 28.29 61.76 555 4.065
1636553520 28.39 60.16 561 4.071
1636553580 28.62 58.98 573 4.065
1636553640 28.81 58.2 118 4.049
1636553700 28.78 57.66 243 4.049
1636553760 28.53 58.57 117 4.049
1636553820 28.15 57.37 106 4.049
1636553880 27.85 59.3 171 4.049
1636553940 27.76 59.65 445 4.044
1636554000 27.57 60.61 594 4.044
1636554060 27.51 61.33 593 4.044
1636554120 27.68 60.57 588 4.044
1636554180 28.15 59.19 599 4.044
1636554240 28.49 56.86 605 4.044
1636554300 28.6 57.19 88 4.044
1636554360 28.47 57.65 106 4.049
1636554420 28.01 58.47 326 4.055
1636554480 28.02 58.59 599 4.044
1636554540 27.81 59.43 611 4.044
1636554600 28.02 59.32 605 4.039
1636554660 28.15 59.27 623 4.044
1636554720 28.47 58.82 641 4.044
1636554780 28.8 57.49 641 4.044
1636554840 28.89 58.08 599 4.044
1636554900 29.05 55.79 665 4.044
1636554960 29.29 54.88 653 4.044
1636555020 29.24 54.48 658 4.044
1636555080 29.73 52.54 658 4.044
1636555140 29.96 52.79 665 4.044
1636555200 30.31 50.44 670 4.044
1636555260 30.31 50 670 4.044
1636555320 30.54 50.51 677 4.044
1636555380 30.74 50.37 682 4.044
1636555440 30.77 50.83 689 4.044
1636555500 30.75 50.7 694 4.039
1636555560 30.51 50.82 700 4.039
1636555620 30.5 50.62 700 4.039
1636555680 30.32 51.37 700 4.039
1636555740 29.92 52.1 700 4.039
1636555800 29.98 51.86 700 4.039
1636555860 29.56 52.33 700 4.039
1636555920 29.35 54.01 706 4.039
1636555980 29.42 53.47 712 4.039
1636556040 29.53 52.87 718 4.044
1636556100 29.31 54.58 724 4.039
1636556160 29.41 53.05 658 4.039
1636556220 29.35 53.79 700 4.039
1636556280 29.34 53.68 718 4.044
1636556340 29.44 53.63 718 4.039
1636556400 29.53 54.27 730 4.039
1636556460 29.93 52.01 736 4.039
1636556520 30.02 53.16 746 4.039
1636556580 29.96 54.05 752 4.039
1636556640 30.03 51.63 771 4.039
1636556700 29.92 52.86 777 4.039
1636556760 30.38 52.3 783 4.039
1636556820 30.28 51.51 789 4.039
1636556880 30.42 51.78 783 4.039
1636556940 30.9 51.03 789 4.033
1636557000 30.79 51.07 793 4.039
1636557060 30.44 52.63 807 4.039
1636557120 30.57 50.46 801 4.039
1636557180 30.72 50.84 807 4.039
1636557240 30.88 50.48 807 4.039
1636557300 30.89 52.02 825 4.039
1636557360 30.86 51.29 831 4.039
1636557420 30.93 49.86 837 4.039
1636557480 30.88 52.47 843 4.039
1636557540 31.22 48.84 843 4.039
1636557600 31.15 49.52 849 4.039
1636557660 30.88 50.66 853 4.033
1636557720 31.1 49.51 853 4.039
1636557780 31.32 51.23 853 4.039
1636557840 30.92 50.48 859 4.039
1636557900 31.03 50.99 865 4.039
1636557960 31.06 50.31 865 4.039
1636558020 30.09 51.25 871 4.039
1636558080 30.02 55.61 877 4.039
1636558140 30.51 52.08 883 4.039
1636558200 30.44 50.6 889 4.039
1636558260 30.86 50.13 896 4.039
1636558320 31.23 49.6 900 4.033
1636558380 31.33 49.5 908 4.039
1636558440 31.47 49.13 914 4.039
1636558500 31.6 50.2 920 4.033
1636558560 32.11 47.92 918 4.033
1636558620 31.8 47.45 924 4.039
1636558680 31.94 47.74 938 4.033
1636558740 31.27 49.18 954 4.039
1636558800 30.77 50.64 971 4.033
1636558860 30.5 52.49 1008 4.033
1636558920 30.65 52.12 1033 4.033
1636558980 29.99 52.64 1055 4.033
1636559040 29.28 55.42 1072 4.039
1636559100 29.04 55.3 664 4.039
1636559160 29.03 56.26 539 4.039
1636559220 28.5 57.5 718 4.033
1636559280 28.12 58.47 918 4.033
1636559340 28.42 57.79 896 4.065
1636559400 28.93 58.02 554 4.055
1636559460 28.56 58.17 475 4.055
1636559520 28.66 57.49 758 4.065
1636559580 28.6 58 350 4.044
1636559640 29.04 57.1 343 4.044
1636559700 29.29 56.36 361 4.039
1636559760 28.93 57.95 290 4.039
1636559820 28.63 57.96 296 4.039
1636559880 28.38 59.69 302 4.039
1636559940 28.36 59.75 355 4.039
1636560000 28.6 59.82 1079 4.039
1636560060 29.1 58.67 1115 4.039
1636560120 29.58 56.52 1109 4.039
1636560180 29.93 55.48 1139 4.039
1636560240 30.13 54.09 1158 4.076
1636560300 30.16 53.7 911 4.071
1636560360 30.35 53.9 391 4.044
1636560420 30.61 52.95 605 4.044
1636560480 30.5 53.23 337 4.044
1636560540 30.42 52.99 308 4.039
1636560600 30.09 54.15 278 4.039
1636560660 29.58 56.08 254 4.039
1636560720 29.62 55.93 254 4.039
1636560780 29.56 55.75 260 4.039
1636560840 29.31 56.84 254 4.039
1636560900 29.24 56.45 242 4.039
1636560960 29.21 56.63 242 4.044
1636561020 28.71 58.35 260 4.039
1636561080 28.96 58.39 266 4.039
1636561140 28.98 57.82 266 4.049
1636561200 28.69 58.08 272 4.044
1636561260 28.7 58.5 296 4.049
1636561320 28.77 57.71 308 4.044
1636561380 28.78 57.89 308 4.039
1636561440 28.53 57.42 326 4.039
1636561500 28.08 58.73 349 4.044
1636561560 28.23 60 432 4.039
1636561620 28.29 59.99 1033 4.039
1636561680 28.77 57.92 1228 4.039
1636561740 29.14 56.94 932 4.039
1636561800 29.05 54.76 361 4.039
1636561860 28.7 56.54 421 4.039
1636561920 28.23 56.58 914 4.039
1636561980 28.32 56.54 438 4.039
1636562040 28.49 57.69 536 4.055
1636562100 28.52 56.77 590 4.065
1636562160 29.04 56.72 362 4.055
1636562220 29.03 56.91 290 4.044
1636562280 29.01 55.95 284 4.039
1636562340 28.71 56.5 272 4.039
1636562400 28.74 57.84 260 4.044
1636562460 28.47 59.39 266 4.044
1636562520 28.36 60.41 338 4.044
1636562580 28.39 60.94 403 4.044
1636562640 28.31 61.66 284 4.044
1636562700 28.41 61.48 1115 4.039
1636562760 28.55 60.39 344 4.039
1636562820 28.96 59.89 1210 4.044
1636562880 29.03 60.51 996 4.044
1636562940 29.32 59.3 1152 4.044
1636563000 28.96 58.6 1186 4.039
1636563060 29.25 58.24 1186 4.039
1636563120 29.55 58.82 1186 4.039
1636563180 29.71 57.68 1198 4.044
1636563240 29.59 57.17 1192 4.039
1636563300 29.11 59.87 1204 4.039
1636563360 29.62 57.51 1222 4.039
1636563420 30 58.33 1270 4.044
1636563480 30.44 57.14 1186 4.039
1636563540 30.47 56.94 1299 4.039
1636563600 30.16 56.35 752 4.039
1636563660 30.1 58.05 468 4.039
1636563720 30.41 56.07 391 4.039
1636563780 29.73 57.6 391 4.039
1636563840 29.1 58.19 397 4.049
1636563900 28.43 60.2 674 4.065
1636563960 28.12 61.93 1286 4.087
1636564020 28.49 62.87 1302 4.049
1636564080 29.22 61.09 891 4.044
1636564140 29.28 58.46 587 4.044
1636564200 29.05 59.13 480 4.049
1636564260 28.96 60.12 457 4.044
1636564320 28.67 60.95 1414 4.044
1636564380 28.31 60.67 1188 4.044
1636564440 28.41 60.86 1403 4.044
1636564500 28.34 60.8 819 4.044
1636564560 28.47 59.29 1337 4.044
1636564620 27.98 62.02 463 4.044
1636564680 27.89 62.42 456 4.044
1636564740 27.95 61.9 495 4.055
1636564800 27.6 62.46 1007 4.076
1636564860 27.64 64.04 453 4.06
1636564920 27.8 63.18 417 4.06
1636564980 27.99 62.79 459 4.065
1636565040 27.88 61.94 380 4.06
1636565100 27.51 62.8 332 4.049
1636565160 27.64 62.85 326 4.049
1636565220 27.7 63.55 326 4.044
1636565280 27.06 64.33 320 4.044
1636565340 27.08 63.57 320 4.044
1636565400 27.08 63.52 338 4.044
1636565460 27.03 64.44 355 4.044
1636565520 27.05 64.42 367 4.044
1636565580 26.81 64.71 379 4.044
1636565640 26.81 64.95 380 4.055
1636565700 26.85 64.67 362 4.055
1636565760 26.65 65.61 368 4.055
1636565820 26.92 64.64 368 4.06
1636565880 27.02 64.56 387 4.06
1636565940 26.82 64.89 399 4.06
1636566000 26.91 64.5 411 4.06
1636566060 26.83 64.98 411 4.06
1636566120 26.77 64.69 405 4.06
1636566180 26.59 65.21 399 4.06
1636566240 26.78 65.62 374 4.06
1636566300 26.92 65.32 362 4.049
1636566360 26.91 65.2 350 4.049
1636566420 26.78 65.57 344 4.049
1636566480 26.72 65.12 350 4.049
1636566540 26.65 66.15 362 4.055
1636566600 26.58 67 368 4.055
1636566660 26.43 66.59 362 4.055
1636566720 26.4 67.8 356 4.06
1636566780 26.54 67.19 350 4.06
1636566840 26.91 67.02 350 4.06
1636566900 26.91 65.89 362 4.06
1636566960 26.45 66.47 387 4.049
1636567020 26.48 67.53 415 4.049
1636567080 26.43 66.41 463 4.049
1636567200 26.35 67.03 731 4.049
1636567260 26.28 67.93 546 4.044
1636567320 26.48 66.96 522 4.049
1636567380 26.33 66.78 534 4.044
1636567440 26.4 67.68 665 4.049
1636567500 26.78 66.37 939 4.049
1636567560 27.06 66.43 600 4.049
1636567620 27.1 65.43 576 4.049
1636567680 26.95 65.8 653 4.049
1636567740 26.71 66.55 570 4.049
1636567800 27.08 66.51 546 4.044
1636567860 27.25 64.12 540 4.044
1636567920 26.88 64.91 546 4.049
1636567980 26.74 66.08 576 4.049
1636568040 26.74 66.08 968 4.044
1636568100 27.01 64.78 880 4.049
1636568160 27.2 64.41 1486 4.044
1636568220 27.36 63.11 665 4.049
1636568280 27.54 64.41 593 4.049
1636568340 27.99 62.37 534 4.049
1636568400 28.04 61.65 518 4.06
1636568460 28.42 60.89 512 4.065
1636568520 28.71 60.79 513 4.065
1636568580 28.8 59.46 507 4.065
1636568640 27.94 60.93 495 4.065
1636568700 27.41 63.44 483 4.065
1636568760 27.01 64.44 501 4.071
1636568820 26.98 65.67 513 4.065
1636568880 26.82 65.27 816 4.082
1636568940 26.64 66.77 689 4.076
1636569000 26.65 66.66 798 4.082
1636569060 26.65 67.31 950 4.087
1636569120 27.01 66.63 721 4.06
1636569180 26.79 66.81 941 4.055
1636569240 26.81 65.85 612 4.055
1636569300 26.93 66.76 548 4.055
1636569360 26.99 65.18 499 4.055
1636569420 26.82 65.52 435 4.049
1636569480 26.59 66.32 362 4.049
1636569540 26.77 67.07 326 4.055
1636569600 26.67 66.17 308 4.055
1636569660 26.67 67.24 296 4.055
1636569720 26.58 66.36 284 4.049
1636569780 26.65 66.99 274 4.055
1636569840 26.83 66.29 268 4.049
1636569900 26.68 66.37 268 4.055
1636569960 26.22 67.5 272 4.049
1636570020 26.06 68.82 278 4.049
1636570080 26.24 68.26 290 4.055
1636570140 26.03 68.29 314 4.055
1636570200 26.03 68.22 403 4.044
1636570260 26 68.7 403 4.049
1636570320 25.99 68.74 387 4.049
1636570380 25.96 68.32 380 4.049
1636570440 26.04 68.58 380 4.049
1636570500 26.02 68.61 391 4.049
1636570560 26.08 68.88 391 4.049
1636570620 26.43 68.04 415 4.049
1636570680 26.82 66.72 445 4.049
1636570740 26.83 66.25 505 4.049
1636570800 26.92 65.94 1076 4.049
1636570860 27.19 66.13 624 4.049
1636570920 27.22 65.65 505 4.049
1636570980 27.22 65.67 487 4.049
1636571040 27.5 64.72 588 4.049
1636571100 27.65 64.17 1064 4.049
1636571160 27.84 62.3 832 4.049
1636571220 27.49 63.56 1099 4.049
1636571280 27.98 63.89 1159 4.049
1636571340 28.56 61.57 1231 4.049
1636571400 28.84 62.38 475 4.044
1636571460 29.34 60.63 415 4.044
1636571520 29.07 60.55 1195 4.049
1636571580 28.59 59.87 433 4.049
1636571640 28.43 59.4 1248 4.049
1636571700 28.25 61.31 1123 4.049
1636571760 28.9 61.31 593 4.049
1636571820 28.94 60.67 593 4.044
1636571880 29.15 59.55 1344 4.049
1636571940 29.52 59.17 1236 4.049
1636572000 29.71 57.91 433 4.049
1636572060 29.65 58.09 421 4.044
1636572120 29.36 58.57 504 4.044
1636572180 29.51 58.38 606 4.049
1636572240 29.34 58.3 409 4.049
1636572300 28.81 60.15 1028 4.049
1636572360 28.45 60.05 915 4.044
1636572420 28.36 61.47 1219 4.049
1636572480 28.67 60.5 730 4.044
1636572540 28.97 59.48 1284 4.044
1636572600 28.84 59.02 1326 4.044
1636572660 28.74 59.65 1331 4.049
1636572720 29.05 59.11 1325 4.044
1636572780 29.62 57.66 1326 4.044
1636572840 30.14 56.3 1331 4.044
1636572900 30.17 56.49 524 4.06
1636572960 29.34 57.28 399 4.055
1636573020 29.21 57.84 338 4.044
1636573080 28.78 59.04 302 4.044
1636573140 28.41 59.23 284 4.044
1636573200 28.14 60.46 272 4.049
1636573260 27.91 60.87 260 4.049
1636573320 28.12 60.98 237 4.044
1636573380 28.18 60.22 219 4.049
1636573440 28.18 60.4 201 4.044
1636573500 28.11 60.58 183 4.044
1636573560 27.97 61.22 177 4.049
1636573620 27.53 62.51 177 4.049
1636573680 26.89 64.43 177 4.049
1636573740 26.51 66.59 183 4.049
1636573800 26.37 66.69 195 4.049
1636573860 26.45 67.26 207 4.049
1636573920 26.43 66.66 219 4.049
1636573980 26.04 67.52 231 4.055
1636574040 25.86 68.25 231 4.055
1636574100 25.59 69.06 231 4.055
1636574160 25.68 69.61 231 4.055
1636574220 25.66 69.46 231 4.055
1636574280 25.62 69.41 213 4.055
1636574340 25.62 69.37 213 4.049
1636574400 25.71 69.3 243 4.055
1636574460 25.87 69.43 268 4.055
1636574520 25.96 68.95 362 4.06
1636574580 25.89 68.88 433 4.049
1636574640 25.75 69.26 308 4.049
1636574700 25.77 69.61 262 4.055
1636574760 25.79 69.61 332 4.055
1636574820 25.86 69.14 207 4.055
1636574880 25.93 70.61 183 4.055
1636574940 26.14 69.79 171 4.055
1636575000 26.02 71.28 171 4.055
1636575060 26.08 71.84 177 4.055
1636575120 25.8 71.28 183 4.055
1636575180 25.77 75.57 195 4.049
1636575240 25.89 74.43 195 4.055
1636575300 25.85 73.94 189 4.055
1636575360 25.75 75.16 201 4.055
1636575420 25.73 72.91 207 4.055
1636575480 25.56 69.51 207 4.055
1636575540 25.45 71.19 213 4.055
1636575600 25.35 71.35 219 4.055
1636575660 25.35 72.3 225 4.06
1636575720 25.41 73.43 237 4.06
1636575780 25.59 72.32 249 4.06
1636575840 25.72 69.76 262 4.06
1636575900 25.79 70.01 286 4.06
1636575960 25.8 71.19 310 4.065
1636576020 25.97 70.15 338 4.065
1636576080 25.99 69.77 356 4.055
1636576140 25.99 67.84 374 4.055
1636576200 25.93 68.1 387 4.049
1636576260 25.92 69.63 403 4.055
1636576320 26.13 70.08 421 4.049
1636576380 26.44 68.11 433 4.049
1636576440 26.78 68.65 463 4.049
1636576500 26.92 69.02 790 4.049
1636576560 27.23 66.26 518 4.049
1636576620 27.53 64.67 469 4.049
1636576680 27.44 65 899 4.049
1636576740 27.71 63.75 796 4.049
1636576800 27.57 63.27 643 4.049
1636576860 27.8 63.54 326 4.049
1636576920 27.77 62.63 350 4.049
1636576980 27.64 63.2 338 4.049
1636577040 27.3 63.48 755 4.049
1636577100 26.99 65.07 266 4.044
1636577160 26.71 66.29 225 4.049
1636577220 26.38 66.65 195 4.049
1636577280 25.87 68.44 171 4.049
1636577340 25.77 69.11 171 4.049
1636577400 25.64 69.89 165 4.049
1636577460 25.51 70.33 159 4.049
1636577520 25.34 70.67 153 4.049
1636577580 25.24 71.54 153 4.055
1636577640 25.28 71.65 153 4.049
1636577700 25.25 71.25 147 4.055
1636577760 25.11 72.11 143 4.049
1636577820 25.08 72.42 135 4.049
1636577880 24.95 73.5 124 4.049
1636577940 24.84 73.91 118 4.049
1636578000 24.76 74.13 112 4.055
1636578060 24.76 75.45 106 4.049
1636578120 24.77 75.95 106 4.055
1636578180 24.73 75.69 100 4.049
1636578240 24.73 74.64 100 4.049
1636578300 24.65 75.35 94 4.049
1636578360 24.66 75.95 88 4.028
1636578420 24.71 75.77 88 4.049
1636578480 24.7 74.99 94 4.049
1636578540 24.65 74.4 94 4.049
1636578600 24.71 75.33 105 4.022
1636578660 24.74 74.87 106 4.049
1636578720 24.73 75.58 112 4.049
1636578780 24.73 74.8 112 4.049
1636578840 24.71 73.79 112 4.049
1636578900 24.7 74.15 112 4.049
1636578960 24.69 74.35 112 4.049
1636579020 24.73 74.54 118 4.049
1636579080 24.73 74.66 118 4.055
1636579140 24.74 73.38 117 4.049
1636579200 24.76 73.56 124 4.049
1636579260 24.86 73.49 124 4.049
1636579320 24.9 73.48 129 4.049
1636579380 24.84 71.78 129 4.049
1636579440 24.84 72.31 131 4.055
1636579500 24.88 71.68 129 4.055
1636579560 24.9 71.33 141 4.049
1636579620 24.87 71.19 153 4.055
1636579680 25.03 71.88 165 4.055
1636579740 25.17 71.8 171 4.049
1636579800 25.17 70.94 171 4.055
1636579860 25.24 71.14 171 4.055
1636579920 25.35 71.71 171 4.055
1636579980 25.38 70.47 171 4.055
1636580040 25.42 70.5 213 4.055
1636580100 25.44 70.58 189 4.055
1636580160 25.45 70.35 201 4.055
1636580220 25.52 70.51 237 4.055
1636580280 25.68 70.44 274 4.055
1636580340 25.87 70.62 298 4.055
1636580400 25.97 69.49 344 4.06
1636580460 26.06 69.79 280 4.055
1636580520 26.19 69.5 280 4.055
1636580580 26.3 68.24 453 4.06
1636580640 26.51 69.35 606 4.049
1636580700 26.75 66.95 624 4.049
1636580760 26.93 66.74 624 4.049
1636580820 27.47 65.43 630 4.049
1636580880 27.74 64.37 475 4.049
1636580940 27.57 64.22 237 4.049
1636581000 27.17 65.36 231 4.055
1636581060 26.86 65.39 225 4.055
1636581120 26.44 66.41 225 4.055
1636581180 26.54 67.91 213 4.055
1636581240 26.28 67.11 201 4.055
1636581300 26.28 66.88 189 4.055
1636581360 26.07 67.89 177 4.055
1636581420 26.06 68.43 171 4.055
1636581480 26.12 68.32 159 4.055
1636581540 26.12 68.06 147 4.055
1636581600 25.77 68.84 143 4.055
1636581660 25.58 69.63 143 4.049
1636581720 25.36 70.63 129 4.055
1636581780 25.28 70.77 118 4.055
1636581840 25.27 71.1 112 4.055
1636581900 25.18 71.36 106 4.049
1636581960 25.21 71.37 100 4.049
1636582020 25.24 71.4 94 4.055
1636582080 25.17 71.39 94 4.049
1636582140 25.13 72.02 100 4.049
1636582200 25.2 71.59 106 4.049
1636582260 25.14 71.78 106 4.049
1636582320 25.13 72.13 112 4.049
1636582380 25.14 71.72 118 4.049
1636582440 25.13 71.61 118 4.055
1636582500 25.14 71.98 112 4.055
1636582560 25.11 71.74 106 4.049
1636582620 25.11 72.15 94 4.055
1636582680 25.17 71.93 82 4.049
1636582740 25.08 72.16 76 4.055
1636582800 25.1 71.99 76 4.049
1636582860 25.08 72.39 70 4.049
1636582920 25.08 72.39 58 4.049
1636582980 25.08 72.34 52 4.049
1636583040 25.07 72.48 46 4.049
1636583100 25.03 72.5 40 4.049
1636583160 24.93 72.96 40 4.049
1636583220 24.86 73.26 34 4.049
1636583280 24.86 73.58 52 4.049
1636583340 24.81 73.61 34 4.049
1636582500 25.14 71.98 112 4.055
1636582560 25.11 71.74 106 4.049
1636582620 25.11 72.15 94 4.055
1636582680 25.17 71.93 82 4.049
1636582740 25.08 72.16 76 4.055
1636582800 25.1 71.99 76 4.049
1636582860 25.08 72.39 70 4.049
1636582920 25.08 72.39 58 4.049
1636582980 25.08 72.34 52 4.049
1636583040 25.07 72.48 46 4.049
1636583100 25.03 72.5 40 4.049
1636583160 24.93 72.96 40 4.049
1636583220 24.86 73.26 34 4.049
1636583280 24.86 73.58 52 4.049
1636583340 24.81 73.61 34 4.049
1636583400 24.71 74.04 28 4.049
1636583460 24.69 74.25 28 4.049
1636583520 24.69 74.09 28 4.049
1636583580 24.7 74.08 34 4.049
1636583640 24.67 74.12 28 4.055
1636583700 24.66 74.28 28 4.049
1636583760 24.66 74.5 28 4.049
1636583820 24.63 74.44 28 4.049
1636583880 24.59 74.66 28 4.049
1636583940 24.56 74.72 28 4.049
1636584000 24.46 75.03 28 4.049
1636584060 24.44 74.75 28 4.049
1636584120 24.43 74.67 28 4.049
1636584180 24.46 74.71 22 4.049
1636584240 24.46 74.68 22 4.049
1636584300 24.44 75.08 22 4.049
1636584360 24.4 75.05 22 4.049
1636584420 24.39 75.16 22 4.049
1636584480 24.39 75.21 28 4.049
1636584540 24.42 75.25 28 4.049
1636584600 24.35 75.32 28 4.049
1636584660 24.33 75.47 34 4.049
1636584720 24.32 75.9 28 4.049
1636584780 24.33 75.52 34 4.049
1636584840 24.33 75.6 46 4.049
1636584900 24.32 75.51 64 4.049
1636584960 24.35 75.18 64 4.049
1636585020 24.36 75.09 58 4.049
1636585080 24.36 75.19 52 4.049
1636585140 24.36 75.13 46 4.049
1636585200 24.35 75.27 40 4.049
1636585260 24.39 75.06 34 4.049
1636585320 24.36 75 34 4.049
1636585380 24.38 75 34 4.049
1636585440 24.38 75.28 34 4.049
1636585500 24.39 75.26 34 4.049
1636585560 24.42 74.97 40 4.049
1636585620 24.43 74.89 40 4.044
1636585680 24.38 74.87 34 4.049
1636585740 24.38 74.96 34 4.044
1636585800 24.4 74.98 28 4.049
1636585860 24.38 75.16 28 4.049
1636585920 24.36 74.96 28 4.049
1636585980 24.38 75.01 22 4.049
1636586040 24.39 74.94 22 4.049
1636586100 24.33 75.16 22 4.049
1636586160 24.32 74.77 22 4.049
1636586220 24.3 74.43 22 4.049
1636586280 24.33 74.43 22 4.049
1636586340 24.32 74.45 22 4.049
1636586400 24.3 74.61 22 4.049
1636586460 24.33 74.87 16 4.044
1636586520 24.28 75.05 10 4.049
1636586580 24.3 75.32 10 4.049
1636586640 24.26 75.75 4 4.049
1636586700 24.18 75.96 4 4.049
1636586760 24.19 75.37 4 4.049
1636586820 24.18 75.24 4 4.049
1636586880 24.25 75.38 4 4.049
1636586940 24.26 75.31 4 4.049
1636587000 24.28 75.35 0 4.049
1636587060 24.25 75.38 0 4.049
1636587120 24.23 75.52 0 4.049
1636587180 24.28 75.59 0 4.049
1636587240 24.23 75.07 0 4.044
1636587300 24.25 75.05 0 4.044
1636587360 24.32 74.79 0 4.044
1636587420 24.35 74.89 0 4.044
1636587480 24.3 74.86 0 4.044
1636587540 24.3 74.97 0 4.044
1636587600 24.3 75.15 0 4.049
1636587660 24.29 74.92 0 4.044
1636587720 24.29 74.95 0 4.044
1636587780 24.25 74.87 0 4.049
1636587840 24.25 74.89 0 4.049
1636588020 24.26 75.16 0 4.044
1636588080 24.28 75.22 0 4.044
1636588140 24.25 75.16 0 4.044
1636588200 24.25 74.96 0 4.049
1636588260 24.22 75.11 0 4.044
1636588320 24.22 74.9 0 4.044
1636588380 24.23 75.12 0 4.049
1636588440 24.23 75.42 0 4.049
1636588500 24.25 75.28 0 4.049
1636588560 24.23 75.32 0 4.044
1636588620 24.22 75.28 0 4.044
1636588680 24.23 75.51 0 4.049
1636588740 24.22 75.46 0 4.049
1636588800 24.16 75.71 0 4.049
1636588860 24.16 75.79 0 4.044
1636588920 24.14 75.94 0 4.049
1636588980 24.11 76.03 0 4.049
1636589040 24.09 75.97 0 4.049
1636589100 24.09 76.02 0 4.044
1636589160 24.07 76 0 4.049
1636589220 24.11 76.19 0 4.044
1636589280 24.09 75.93 0 4.049
1636589340 24.09 75.96 0 4.049
1636589400 24.08 75.85 0 4.044
1636589460 24.08 76.16 0 4.044
1636589520 24.08 75.9 0 4.049
1636589580 24.05 76.16 0 4.044
1636589640 24.04 76.27 0 4.044
1636589700 24.08 76.29 0 4.044
1636589760 24.07 76.09 0 4.044
1636589820 24.08 76.13 0 4.044
1636589880 24.04 76.23 0 4.044
1636589940 24.02 76.18 0 4.049
1636590000 24.04 76.3 0 4.044
1636590060 24 76.32 0 4.049
1636590120 24 76.62 0 4.044
1636590180 23.97 76.42 0 4.044
1636590240 23.91 76.64 0 4.044
1636590300 23.94 76.73 0 4.044
1636590360 23.91 76.76 0 4.044
1636590420 23.91 77.04 0 4.044
1636590480 23.91 76.96 0 4.044
1636590540 23.91 76.86 0 4.044
1636590600 23.89 77.25 0 4.044
1636590660 23.89 77.5 0 4.044
1636589820 23.88 77.61 0 4.044
1636589880 23.85 77.25 0 4.044
1636589940 23.78 77.29 0 4.049
1636590000 23.75 77.49 0 4.044
1636590060 23.77 77.37 0 4.044
1636590120 23.77 77.56 0 4.039
1636590180 23.78 77.7 0 4.044
1636590240 23.77 77.71 0 4.044
1636590300 23.74 77.59 0 4.044
1636590360 23.72 77.88 0 4.049
1636590420 23.74 77.72 0 4.044
1636590480 23.72 77.83 0 4.044
1636590540 23.72 78.3 0 4.044
1636590600 23.72 78.03 0 4.044
1636590660 23.74 78.57 0 4.044
1636590720 23.71 78.42 0 4.044
1636590780 23.71 78.32 0 4.044
1636590840 23.68 78.66 0 4.044
1636590900 23.7 79.02 0 4.044
1636590960 23.71 79.21 0 4.044
1636591020 23.68 79.26 0 4.044
1636591080 23.64 78.76 0 4.044
1636591140 23.64 78.84 0 4.044
1636591200 23.56 78.95 0 4.044
1636591260 23.54 78.66 0 4.044
1636591320 23.54 78.97 0 4.044
1636591380 23.54 78.83 0 4.044
1636591440 23.54 78.86 0 4.044
1636591500 23.53 79.11 0 4.044
1636591560 23.53 79.14 0 4.044
1636591620 23.51 79.29 0 4.044
1636591680 23.51 79.38 0 4.044
1636591740 23.51 79.24 0 4.049
1636591800 23.5 79.33 0 4.044
1636591860 23.51 79.39 0 4.044
1636591920 23.51 79.46 0 4.039
1636591980 23.5 79.56 0 4.044
1636592040 23.47 79.66 0 4.044
1636592100 23.47 79.61 0 4.044
1636592160 23.49 79.83 0 4.044
1636592220 23.47 79.76 0 4.044
1636592280 23.47 79.97 0 4.044
1636592340 23.49 80.15 0 4.044
1636592400 23.5 80.1 0 4.044
1636592460 23.49 80.15 0 4.044
1636592520 23.47 80.31 0 4.044
1636592580 23.47 80.68 0 4.044
1636592640 23.44 80.34 0 4.044
1636592700 23.47 80.64 0 4.044
1636592760 23.43 80.16 0 4.044
1636592820 23.43 80.31 0 4.039
1636592880 23.46 80.59 0 4.044
1636592940 23.46 80.39 0 4.039
1636593000 23.46 80.31 0 4.044
1636593060 23.44 80.55 0 4.044
1636593120 23.46 80.46 0 4.044
1636593180 23.44 81.11 0 4.044
1636593240 23.44 80.78 0 4.044
1636593300 23.43 80.53 0 4.044
1636593360 23.49 80.44 0 4.044
1636593420 23.47 80.73 0 4.044
1636593480 23.46 81 0 4.044
1636593540 23.44 81 0 4.044
1636593600 23.42 81.07 0 4.044
1636593660 23.42 80.98 0 4.044
1636593720 23.42 81.39 0 4.044
1636593780 23.42 81.55 0 4.039
1636593840 23.43 81.67 0 4.039
1636593900 23.39 81.55 0 4.039
1636593960 23.37 81.57 0 4.044
1636594020 23.39 81.53 0 4.039
1636594080 23.36 81.5 0 4.044
1636594140 23.36 81.61 0 4.044
1636594200 23.34 81.58 0 4.039
1636594260 23.32 81.61 0 4.044
1636594320 23.36 81.77 0 4.044
1636594380 23.33 81.71 0 4.039
1636594440 23.34 81.81 0 4.044
1636594500 23.34 81.64 0 4.039
1636594560 23.36 81.75 0 4.039
1636594620 23.37 81.79 0 4.039
1636594680 23.37 81.82 0 4.039
1636594740 23.34 81.91 0 4.039
1636594800 23.33 82.05 0 4.044
1636594860 23.36 81.92 0 4.039
1636594920 23.33 82.34 0 4.044
1636594980 23.32 82.8 0 4.039
1636595040 23.34 82.82 0 4.044
1636595100 23.37 82.79 0 4.039
1636595160 23.39 82.62 0 4.044
1636595220 23.4 82.53 0 4.039
1636595280 23.4 82.37 0 4.044
1636595340 23.4 82.43 0 4.044
1636595400 23.36 82.29 0 4.044
1636595460 23.34 82.19 0 4.044
1636595520 23.33 82.3 0 4.039
1636595580 23.37 82.29 0 4.044
1636595640 23.33 82.63 0 4.039
1636595700 23.32 82.51 0 4.039
1636595760 23.29 82.05 0 4.039
1636595820 23.27 82.28 0 4.044
1636595880 23.39 82.05 0 4.039
1636595940 23.39 81.6 0 4.044
1636596000 23.33 81.72 0 4.039
1636596060 23.33 81.92 0 4.039
1636596120 23.36 81.6 0 4.039
1636596180 23.34 82.43 0 4.039
1636596240 23.3 82.18 0 4.044
1636596300 23.27 82.18 0 4.044
1636596360 23.26 82.45 0 4.044
1636596420 23.24 82.47 0 4.039
1636596480 23.3 82.42 0 4.039
1636596540 23.3 82.46 0 4.039
1636596600 23.3 83.16 0 4.039
1636596660 23.24 82.92 0 4.039
1636596720 23.2 82.87 0 4.039
1636596780 23.22 83.21 0 4.044
1636596840 23.19 82.95 0 4.039
1636596900 23.23 83.07 0 4.039
1636596960 23.2 83.01 0 4.044
1636597020 23.22 83 0 4.039
1636597080 23.17 83.3 0 4.044
1636597140 23.19 83.07 0 4.039
1636597200 23.22 82.81 0 4.044
1636597260 23.23 83.12 0 4.039
1636597320 23.17 83.26 0 4.039
1636597380 23.14 83.39 0 4.039
1636597440 23.09 83.67 0 4.039
1636597500 23.08 83.55 0 4.039
1636597560 23.06 83.68 0 4.039
1636597620 23.03 83.67 0 4.039
1636597680 23.03 83.66 0 4.039
1636597740 23.08 83.76 0 4.039
1636597800 23.06 84.13 0 4.039
1636597860 22.99 84.42 0 4.039
1636597920 22.95 84.48 0 4.039
1636597980 22.98 84.76 0 4.039
1636598040 22.93 84.79 0 4.039
1636598100 22.89 84.93 0 4.039
1636598160 22.93 84.8 0 4.039
1636598220 22.89 84.93 0 4.039
1636598280 22.84 84.9 0 4.039
1636598340 22.84 85.01 0 4.039
1636598400 22.82 85.2 0 4.039
1636598460 22.79 85.3 0 4.039
1636598520 22.79 85.51 0 4.039
1636598580 22.78 85.78 0 4.039
1636598640 22.79 85.73 0 4.039
1636598700 22.78 85.56 0 4.039
1636598760 22.74 85.8 0 4.039
1636598820 22.69 85.82 0 4.039
1636598880 22.66 86.12 0 4.039
1636598940 22.65 85.96 0 4.039
1636599000 22.64 86.13 0 4.039
1636599060 22.58 86.2 0 4.039
1636599120 22.57 86.1 0 4.039
1636599180 22.54 85.93 0 4.039
1636599240 22.54 86.01 0 4.039
1636599300 22.55 86.06 0 4.039
1636599360 22.55 86.41 0 4.039
1636599420 22.52 86.52 0 4.039
1636599480 22.48 86.6 0 4.044
1636599540 22.52 86.65 0 4.039
1636599600 22.52 86.49 0 4.039
1636599660 22.52 86.65 0 4.039
1636598820 22.69 85.82 0 4.039
1636598880 22.66 86.12 0 4.039
1636598940 22.65 85.96 0 4.039
1636599000 22.64 86.13 0 4.039
1636599060 22.58 86.2 0 4.039
1636599120 22.57 86.1 0 4.039
1636599180 22.54 85.93 0 4.039
1636599240 22.54 86.01 0 4.039
1636599300 22.55 86.06 0 4.039
1636599360 22.55 86.41 0 4.039
1636599420 22.52 86.52 0 4.039
1636599480 22.48 86.6 0 4.044
1636599540 22.52 86.65 0 4.039
1636599600 22.52 86.49 0 4.039
1636599660 22.52 86.65 0 4.039
1636598820 22.69 85.82 0 4.039
1636598880 22.66 86.12 0 4.039
1636598940 22.65 85.96 0 4.039
1636599000 22.64 86.13 0 4.039
1636599060 22.58 86.2 0 4.039
1636599120 22.57 86.1 0 4.039
1636599180 22.54 85.93 0 4.039
1636599240 22.54 86.01 0 4.039
1636599300 22.55 86.06 0 4.039
1636599360 22.55 86.41 0 4.039
1636599420 22.52 86.52 0 4.039
1636599480 22.48 86.6 0 4.044
1636599540 22.52 86.65 0 4.039
1636599600 22.52 86.49 0 4.039
1636599660 22.52 86.65 0 4.039
1636599720 22.55 86.96 0 4.039
1636599780 22.5 87.02 0 4.039
1636599840 22.52 87.11 0 4.039
1636599900 22.5 87.04 0 4.039
1636599960 22.51 87.21 0 4.039
1636600020 22.51 87.22 0 4.039
1636600080 22.5 87.31 0 4.039
1636600140 22.45 87.17 0 4.039
1636600200 22.48 87.56 0 4.039
1636600260 22.45 87.23 0 4.039
1636600320 22.54 87.47 0 4.039
1636600380 22.57 86.75 0 4.039
1636600440 22.65 86.26 0 4.039
1636600500 22.71 85.63 0 4.039
1636600560 22.78 85.17 0 4.039
1636600620 22.84 85.15 0 4.039
1636600680 22.85 85.08 0 4.039
1636600740 22.84 84.82 0 4.039
1636600800 22.89 84.82 0 4.039
1636600860 22.89 84.62 0 4.039
1636600920 22.91 84.55 0 4.039
1636600980 22.91 84.53 0 4.039
1636601040 22.89 84.39 0 4.039
1636601100 22.93 84.43 0 4.039
1636601160 22.92 84.54 0 4.039
1636601220 22.91 84.7 0 4.039
1636601280 22.85 84.74 0 4.039
1636601340 22.84 84.81 0 4.039
1636601400 22.81 84.87 0 4.039
1636601460 22.78 85 0 4.039
1636601520 22.78 85.17 0 4.039
1636601580 22.76 85.19 0 4.039
1636601640 22.74 85.09 0 4.039
1636601700 22.72 85.28 0 4.039
1636601760 22.69 85.57 0 4.039
1636601820 22.68 85.66 0 4.039
1636601880 22.66 85.67 0 4.039
1636601940 22.65 86.05 0 4.039
1636602000 22.64 85.73 0 4.039
1636602060 22.64 85.77 0 4.039
1636602120 22.62 85.77 0 4.039
1636602180 22.65 85.19 0 4.039
1636602240 22.62 85.31 0 4.039
1636602300 22.65 85.22 0 4.039
1636602360 22.61 85.13 0 4.033
1636602420 22.65 85.08 0 4.033
1636602480 22.66 85.1 0 4.039
1636602540 22.66 85.1 0 4.039
1636602600 22.62 85.16 0 4.039
1636602660 22.65 85.22 0 4.039
1636602720 22.64 85.32 0 4.039
1636602780 22.64 85.47 0 4.039
1636602840 22.64 85.35 0 4.039
1636602900 22.65 85.32 0 4.039
1636602960 22.64 85.23 0 4.039
1636603020 22.62 85.15 0 4.039
1636603080 22.59 85.18 0 4.039
1636603140 22.62 85.08 0 4.039
1636603200 22.64 85.18 0 4.039
1636603260 22.61 85.33 0 4.039
1636603320 22.58 85.24 0 4.039
1636603380 22.58 85.06 0 4.039
1636603440 22.58 85.21 0 4.039
1636603500 22.54 85.23 0 4.039
1636603560 22.51 85.3 0 4.039
1636603620 22.5 85.41 0 4.039
1636603680 22.48 85.44 0 4.039
1636603740 22.48 85.48 0 4.033
1636603800 22.47 85.52 0 4.033
1636603860 22.47 85.45 0 4.033
1636603920 22.44 85.54 0 4.039
1636603980 22.41 85.56 0 4.039
1636604040 22.37 85.76 0 4.039
1636604100 22.37 86 0 4.039
1636604160 22.31 86.2 0 4.033
1636604220 22.28 86.37 0 4.039
1636604280 22.23 86.54 0 4.039
1636604340 22.24 86.74 0 4.039
1636604400 22.23 86.82 0 4.033
1636604460 22.17 86.86 0 4.039
1636604520 22.18 87.01 0 4.033
1636604580 22.13 86.79 0 4.033
1636604640 22.11 86.8 0 4.039
1636604700 22.1 86.84 0 4.033
1636604760 22.11 87.08 0 4.039
1636604820 22.07 87.1 0 4.039
1636604880 22.1 87.11 0 4.039
1636604940 22.08 87.31 0 4.039
1636605000 22.06 87.3 0 4.033
1636605060 22.07 87.4 0 4.039
1636605120 22.06 87.49 0 4.033
1636605180 22.06 87.7 0 4.039
1636605240 22.03 88.1 0 4.039
1636605300 22.03 88.28 0 4.039
1636605360 22.04 88.11 0 4.039
1636605420 22.04 88.16 0 4.033
1636605480 22.03 88.02 0 4.033
1636605540 22 88.22 0 4.033
1636605600 22.01 88.09 0 4.033
1636605660 21.97 87.89 0 4.039
1636605720 21.9 87.92 0 4.033
1636605780 21.87 88.1 0 4.033
1636605840 21.87 88.19 0 4.039
1636605900 21.89 88.51 0 4.039
1636605960 21.83 88.3 0 4.039
1636606020 21.79 88.45 0 4.039
1636606080 21.82 88.6 0 4.033
1636606140 21.77 88.64 0 4.039
1636606200 21.75 88.65 0 4.039
1636606260 21.71 88.9 0 4.033
1636606320 21.73 88.89 0 4.033
1636606380 21.72 89 0 4.033
1636606440 21.72 89.14 0 4.033
1636606500 21.66 89.15 0 4.033
1636606560 21.63 89.56 0 4.033
1636606620 21.65 89.53 0 4.033
1636606680 21.65 89.57 0 4.033
1636606740 21.68 88.94 0 4.033
