1636520400 23.33 84.12 0 4.13
1636520460 23.37 84.15 0 4.135
1636520520 23.37 84.17 0 4.135
1636520580 23.36 84.17 0 4.135
1636520640 23.36 84.17 0 4.135
1636520700 23.34 84.19 0 4.135
1636520760 23.34 84.17 0 4.135
1636520820 23.37 84.19 0 4.135
1636520880 23.33 84.19 0 4.135
1636520940 23.36 84.19 0 4.135
1636521000 23.36 84.24 0 4.13
1636521060 23.34 84.23 0 4.135
1636521120 23.34 84.23 0 4.135
1636521180 23.31 84.23 0 4.135
1636521240 23.31 84.29 0 4.135
1636521300 23.31 84.27 0 4.135
1636521360 23.31 84.3 0 4.13
1636521420 23.33 84.33 0 4.135
1636521480 23.36 84.34 0 4.135
1636521540 23.36 84.35 0 4.135
1636521600 23.33 84.34 0 4.135
1636521660 23.3 84.35 0 4.135
1636521720 23.31 84.37 0 4.135
1636521780 23.3 84.38 0 4.13
1636521840 23.31 84.45 0 4.135
1636521900 23.24 84.42 0 4.135
1636521960 23.26 84.48 0 4.135
1636522020 23.21 84.53 0 4.135
1636522080 23.21 84.63 0 4.135
1636522140 23.17 84.67 0 4.135
1636522200 23.16 84.75 0 4.13
1636522260 23.13 84.75 0 4.135
1636522320 23.12 84.82 0 4.135
1636522380 23.12 84.93 0 4.135
1636522440 23.1 85.03 0 4.135
1636522500 23.06 85.07 0 4.135
1636522560 23.07 85.18 0 4.135
1636522620 23.06 85.27 0 4.13
1636522680 23.05 85.35 0 4.135
1636522740 23 85.45 0 4.13
1636522800 23 85.52 0 4.13
1636522860 22.97 85.64 0 4.13
1636522920 23.03 85.76 0 4.13
1636522980 23.02 85.85 0 4.135
1636523040 23.02 85.95 0 4.135
1636523100 22.99 85.99 0 4.13
1636523160 23 86.08 0 4.135
1636523220 22.97 86.12 0 4.135
1636523280 23.02 86.17 0 4.135
1636523340 23.02 86.28 0 4.135
1636523400 23.02 86.32 0 4.135
1636523460 22.99 86.37 0 4.13
1636523520 23 86.43 0 4.135
1636523580 22.96 86.43 0 4.13
1636523640 22.99 86.48 0 4.135
1636523700 22.95 86.54 0 4.13
1636523760 22.96 86.56 0 4.135
1636523820 22.95 86.6 0 4.135
1636523880 22.93 86.59 0 4.13
1636523940 22.95 86.67 0 4.135
1636524000 22.95 86.7 0 4.135
1636524060 22.95 86.72 0 4.135
1636524120 22.96 86.7 0 4.135
1636524180 22.93 86.69 0 4.135
1636524240 22.95 86.72 0 4.135
1636524300 22.93 86.76 0 4.13
1636524360 22.95 86.77 0 4.135
1636524420 22.93 86.79 0 4.13
1636524480 22.92 86.83 0 4.135
1636524540 22.88 86.81 0 4.13
1636524600 22.9 86.83 0 4.13
1636524660 22.9 86.86 0 4.13
1636524720 22.89 86.78 0 4.135
1636524780 22.88 86.75 0 4.135
1636524840 22.88 86.72 0 4.135
1636524900 22.88 86.64 0 4.13
1636524960 22.89 86.63 0 4.135
1636525020 22.89 86.62 0 4.13
1636525080 22.89 86.61 0 4.13
1636525140 22.89 86.63 0 4.13
1636525200 22.88 86.62 0 4.135
1636525260 22.88 86.6 0 4.13
1636525320 22.88 86.57 0 4.13
1636525380 22.86 86.57 0 4.13
1636525440 22.88 86.58 0 4.135
1636525500 22.88 86.57 0 4.135
1636525560 22.88 86.57 0 4.13
1636525620 22.86 86.53 0 4.13
1636525680 22.89 86.57 0 4.13
1636525740 22.89 86.53 0 4.13
1636525800 22.89 86.52 0 4.13
1636525860 22.89 86.5 0 4.13
1636525920 22.89 86.44 0 4.13
1636525980 22.86 86.37 0 4.13
1636526040 22.89 86.34 0 4.13
1636526100 22.9 86.29 0 4.135
1636526160 22.93 86.23 0 4.135
1636526220 22.92 86.22 0 4.13
1636526280 22.93 86.14 0 4.135
1636526340 22.93 86.16 0 4.135
1636526400 22.92 86.11 0 4.13
1636526460 22.9 86.09 0 4.13
1636526520 22.95 86.02 0 4.13
1636526580 22.92 85.97 0 4.13
1636526640 22.95 85.93 0 4.13
1636526700 22.93 85.85 0 4.13
1636526760 22.92 85.77 0 4.13
1636526820 22.93 85.74 0 4.135
1636526880 22.95 85.67 0 4.135
1636526940 22.92 85.58 0 4.13
1636527000 22.93 85.57 0 4.135
1636527060 22.95 85.58 0 4.13
1636527120 22.93 85.5 0 4.13
1636527180 22.95 85.48 0 4.13
1636527240 22.93 85.42 0 4.135
1636527300 22.93 85.29 0 4.13
1636527360 22.92 85.2 0 4.13
1636527420 22.89 85.03 0 4.13
1636527480 22.9 84.9 0 4.13
1636527540 22.92 84.81 0 4.13
1636527600 22.93 84.74 0 4.135
1636527660 22.92 84.6 0 4.13
1636527720 22.88 84.58 0 4.13
1636527780 22.92 84.55 0 4.13
1636527840 22.9 84.44 0 4.13
1636527900 22.89 84.38 0 4.13
1636527960 22.85 84.32 0 4.13
1636528020 22.85 84.22 0 4.13
1636528080 22.83 84.12 0 4.13
1636528140 22.86 84.03 0 4.13
1636528200 22.85 83.93 0 4.13
1636528260 22.83 83.84 0 4.13
1636528320 22.85 83.81 0 4.13
1636528380 22.82 83.71 0 4.13
1636528440 22.83 83.62 0 4.13
1636528500 22.83 83.52 0 4.13
1636528560 22.85 83.47 0 4.13
1636528620 22.82 83.39 0 4.13
1636528680 22.83 83.38 0 4.13
1636528740 22.83 83.33 0 4.13
1636528800 22.82 83.3 0 4.13
1636528860 22.82 83.23 0 4.135
1636528920 22.8 83.2 0 4.13
1636528980 22.82 83.13 0 4.13
1636529040 22.8 83.08 0 4.13
1636529100 22.8 83.07 0 4.13
1636529160 22.79 82.97 0 4.13
1636529220 22.79 82.9 0 4.13
1636529280 22.78 82.79 0 4.13
1636529340 22.79 82.72 0 4.13
1636529400 22.78 82.68 0 4.13
1636529460 22.79 82.62 0 4.13
1636529520 22.76 82.6 0 4.13
1636529580 22.78 82.59 0 4.13
1636529640 22.76 82.56 0 4.13
1636529700 22.75 82.53 0 4.13
1636529760 22.76 82.54 0 4.13
1636529820 22.76 82.52 0 4.13
1636529880 22.76 82.56 0 4.13
1636529940 22.7 82.55 0 4.13
1636530000 22.7 82.56 0 4.125
1636530060 22.72 82.6 0 4.13
1636530120 22.68 82.62 0 4.13
1636530180 22.68 82.66 0 4.13
1636530240 22.66 82.7 0 4.13
1636530300 22.63 82.74 0 4.13
1636530360 22.65 82.76 0 4.13
1636530420 22.62 82.81 0 4.13
1636530480 22.63 82.88 0 4.13
1636530540 22.62 82.91 0 4.13
1636530600 22.7 83.1 0 4.13
1636530660 22.63 83.21 0 4.13
1636530720 22.65 83.3 0 4.13
1636530780 22.61 83.46 0 4.13
1636530840 22.63 83.63 0 4.13
1636530900 22.56 83.76 0 4.125
1636530960 22.59 83.99 0 4.13
1636531020 22.56 84.21 0 4.13
1636531080 22.56 84.24 0 4.13
1636531140 22.56 84.38 0 4.13
1636531200 22.58 84.55 0 4.13
1636531260 22.54 84.62 0 4.13
1636531320 22.54 84.69 0 4.13
1636531380 22.52 84.82 0 4.13
1636531440 22.49 84.85 0 4.13
1636531500 22.51 84.91 0 4.13
1636531560 22.48 84.91 0 4.13
1636531620 22.49 84.96 0 4.13
1636531680 22.48 84.93 0 4.125
1636531740 22.51 84.99 0 4.13
1636531800 22.48 85.03 0 4.13
1636531860 22.49 85.05 0 4.125
1636531920 22.49 85.1 0 4.13
1636531980 22.48 85.19 0 4.13
1636532040 22.44 85.23 0 4.13
1636532100 22.42 85.18 0 4.13
1636532160 22.42 85.13 0 4.13
1636532220 22.44 85.17 0 4.13
1636532280 22.44 85.11 0 4.125
1636532340 22.44 85.13 0 4.125
1636532400 22.42 85.17 0 4.13
1636532460 22.39 85.08 0 4.13
1636532520 22.41 85.12 0 4.125
1636532580 22.39 85.06 0 4.13
1636532640 22.39 85.01 0 4.125
1636532700 22.41 85.02 0 4.119
1636532760 22.38 84.96 0 4.125
1636532820 22.36 84.88 0 4.13
1636532880 22.35 84.85 0 4.125
1636532940 22.36 84.8 0 4.13
1636533000 22.38 84.75 0 4.13
1636533060 22.36 84.73 0 4.13
1636533120 22.39 84.71 0 4.13
1636533180 22.36 84.67 0 4.13
1636533240 22.32 84.66 0 4.125
1636533300 22.31 84.65 0 4.13
1636533360 22.31 84.63 0 4.13
1636533420 22.3 84.63 0 4.125
1636533480 22.25 84.69 0 4.125
1636533540 22.22 84.68 0 4.13
1636533600 22.21 84.75 0 4.125
1636533660 22.16 84.77 0 4.125
1636533720 22.15 84.8 0 4.125
1636533780 22.11 84.82 0 4.125
1636533840 22.07 84.81 0 4.125
1636533900 22.07 84.9 0 4.125
1636533960 22.07 84.99 0 4.13
1636534020 22.04 85.06 0 4.13
1636534080 22.04 85.13 0 4.13
1636534140 22 85.15 0 4.125
1636534200 21.95 85.24 0 4.125
1636534260 21.94 85.3 0 4.125
1636534320 21.93 85.35 0 4.13
1636534380 21.93 85.33 0 4.125
1636534440 21.97 85.4 0 4.13
1636534500 21.93 85.47 0 4.125
1636534560 21.94 85.49 0 4.125
1636534620 21.91 85.61 0 4.125
1636534680 21.91 85.64 0 4.13
1636534740 21.93 85.74 0 4.125
1636534800 21.93 85.78 0 4.125
1636534860 21.91 85.85 0 4.125
1636534920 21.88 85.95 0 4.125
1636534980 21.88 86.01 0 4.125
1636535040 21.88 86.15 0 4.125
1636535100 21.87 86.29 0 4.125
1636535160 21.83 86.38 0 4.125
1636535220 21.79 86.51 0 4.13
1636535280 21.77 86.65 0 4.13
1636535340 21.77 86.8 0 4.13
1636535400 21.79 86.96 0 4.114
1636535460 21.77 87.11 0 4.125
1636535520 21.77 87.2 0 4.125
1636535580 21.79 87.36 0 4.125
1636535640 21.84 87.55 0 4.125
1636535700 21.9 87.72 0 4.125
1636535760 21.9 87.95 0 4.125
1636535820 21.93 88.12 0 4.125
1636535880 21.93 88.27 0 4.125
1636535940 21.93 88.48 0 4.125
1636536000 21.94 88.61 0 4.125
1636536060 21.94 88.72 0 4.125
1636536120 21.95 88.87 0 4.13
1636536180 21.95 88.96 0 4.125
1636536240 21.97 89.12 0 4.125
1636536300 21.97 89.25 0 4.125
1636536360 21.95 89.34 0 4.125
1636536420 21.98 89.45 0 4.125
1636536480 21.91 89.44 0 4.125
1636536540 21.93 89.51 0 4.125
1636536600 21.94 89.49 0 4.125
1636536660 21.95 89.52 0 4.125
1636536720 22 89.58 0 4.125
1636536780 22 89.56 0 4.125
1636536840 22 89.55 0 4.125
1636536900 22 89.55 0 4.125
1636536960 22 89.51 0 4.125
1636537020 21.97 89.46 0 4.13
1636537080 21.98 89.4 0 4.125
1636537140 21.98 89.28 0 4.125
1636537200 21.98 89.15 0 4.125
1636537260 22.01 89.09 0 4.125
1636537320 22 88.97 0 4.125
1636537380 22.03 88.87 0 4.125
1636537440 21.98 88.77 0 4.125
1636537500 21.97 88.6 0 4.125
1636537560 21.97 88.46 0 4.125
1636537620 21.97 88.33 0 4.125
1636537680 21.98 88.19 0 4.125
1636537740 22 88.02 0 4.125
1636537800 21.98 87.92 0 4.125
1636537860 22 87.81 0 4.125
1636537920 22 87.72 0 4.125
1636537980 22 87.65 0 4.125
1636538040 21.98 87.53 0 4.125
1636538100 22.01 87.46 0 4.119
1636538160 22 87.37 0 4.125
1636538220 22.03 87.33 0 4.125
1636538280 22.01 87.28 0 4.125
1636538340 21.97 87.11 0 4.125
1636538400 21.97 86.92 0 4.125
1636538460 22 86.73 0 4.125
1636538520 22.03 86.57 0 4.125
1636538580 22.07 86.45 0 4.125
1636538640 22.03 86.26 0 4.125
1636538700 22.03 86.04 0 4.125
1636538760 22.05 85.85 0 4.119
1636538820 22.08 85.66 0 4.125
1636538880 22.1 85.53 0 4.125
1636538940 22.12 85.37 0 4.125
1636539000 22.1 85.22 0 4.119
1636539060 22.1 85.12 0 4.125
1636539120 22.11 85.06 0 4.125
1636539180 22.12 85.03 0 4.125
1636539240 22.15 85.07 0 4.125
1636539300 22.12 85.14 0 4.125
1636539360 22.12 85.16 0 4.125
1636539420 22.12 85.3 0 4.125
1636539480 22.1 85.35 0 4.125
1636539540 22.11 85.44 0 4.119
1636539600 22.1 85.5 0 4.125
1636539660 22.11 85.57 0 4.125
1636539720 22.07 85.61 0 4.125
1636539780 22.11 85.71 0 4.125
1636539840 22.11 85.78 0 4.125
1636539900 22.11 85.79 0 4.119
1636539960 22.11 85.82 0 4.119
1636540020 22.11 85.8 0 4.119
1636540080 22.12 85.85 0 4.119
1636540140 22.16 85.85 0 4.125
1636540200 22.21 85.89 0 4.125
1636540260 22.21 85.92 0 4.125
1636540320 22.19 85.88 0 4.125
1636540380 22.21 85.91 0 4.125
1636540440 22.18 85.91 0 4.125
1636540500 22.16 85.96 0 4.125
1636540560 22.16 85.94 0 4.119
1636540620 22.15 85.89 0 4.125
1636540680 22.16 85.88 0 4.119
1636540740 22.15 85.87 0 4.125
1636540800 22.16 85.83 0 4.119
1636540860 22.16 85.79 0 4.119
1636540920 22.16 85.78 0 4.125
1636540980 22.15 85.78 0 4.125
1636541040 22.15 85.72 0 4.125
1636541100 22.12 85.66 0 4.119
1636541160 22.14 85.63 0 4.119
1636541220 22.12 85.56 0 4.119
1636541280 22.1 85.54 0 4.125
1636541340 22.14 85.53 0 4.119
1636541400 22.12 85.5 0 4.125
1636541460 22.1 85.53 0 4.119
1636541520 22.08 85.5 0 4.125
1636541580 22.1 85.52 0 4.125
1636541640 22.08 85.55 0 4.125
1636541700 22.08 85.53 0 4.119
1636541760 22.08 85.57 0 4.119
1636541820 22.1 85.65 0 4.125
1636541880 22.15 85.86 0 4.119
1636541940 22.11 86 0 4.119
1636542000 22.1 86.17 0 4.119
1636542060 22.07 86.33 0 4.125
1636542120 22.05 86.5 0 4.125
1636542180 22.07 86.64 0 4.125
1636542240 22.05 86.8 0 4.119
1636542300 22.05 86.96 0 4.125
1636542360 22.03 87.13 0 4.125
1636542420 22.01 87.33 0 4.125
1636542480 22.04 87.55 0 4.119
1636542540 22 87.7 0 4.125
1636542600 22.01 87.84 0 4.119
1636542660 22.01 88.05 0 4.119
1636542720 22.03 88.17 0 4.119
1636542780 22.03 88.24 0 4.119
1636542840 22.04 88.37 0 4.119
1636542900 22.01 88.5 6 4.125
1636542960 22.04 88.63 0 4.119
1636543020 22.07 88.74 0 4.119
1636543080 22.05 88.81 6 4.119
1636543140 22.03 88.85 0 4.119
1636543200 21.98 88.84 0 4.125
1636543260 21.93 88.81 6 4.119
1636543320 21.93 88.63 6 4.119
1636543380 21.97 88.5 6 4.119
1636543440 21.95 88.34 6 4.119
1636543500 21.98 88.17 0 4.119
1636543560 21.98 88.05 6 4.119
1636543620 21.95 87.91 6 4.119
1636543680 21.97 87.77 6 4.119
1636543740 21.98 87.65 6 4.119
1636543800 21.98 87.53 6 4.125
1636543860 22 87.48 12 4.119
1636543920 21.94 87.3 12 4.119
1636543980 21.97 87.23 6 4.119
1636544040 21.93 87.12 12 4.119
1636544100 21.97 87.05 12 4.119
1636544160 21.94 86.96 6 4.119
1636544220 21.93 86.85 6 4.119
1636544280 21.94 86.73 6 4.119
1636544340 21.88 86.62 6 4.119
1636544400 21.9 86.48 6 4.119
1636544460 21.93 86.37 6 4.119
1636544520 21.9 86.28 6 4.119
1636544580 21.93 86.27 6 4.125
1636544640 21.94 86.26 6 4.119
1636544700 21.94 86.28 6 4.119
1636544760 21.93 86.28 12 4.119
1636544820 21.95 86.3 12 4.119
1636544880 21.97 86.45 12 4.119
1636544940 21.95 86.46 12 4.119
1636545000 21.97 86.58 12 4.119
1636545060 21.94 86.6 18 4.119
1636545120 21.95 86.66 18 4.119
1636545180 21.97 86.72 18 4.119
1636545240 21.94 86.7 18 4.119
1636545300 21.97 86.74 18 4.114
1636545360 21.98 86.73 18 4.119
1636545420 22 86.74 18 4.119
1636545480 21.97 86.74 18 4.119
1636545540 21.98 86.73 18 4.119
1636545600 22 86.72 18 4.119
1636545660 22.01 86.74 18 4.119
1636545720 22 86.73 18 4.119
1636545780 21.97 86.69 18 4.119
1636545840 21.95 86.73 18 4.119
1636545900 21.91 86.72 18 4.119
1636545960 21.94 86.73 18 4.119
1636546020 21.95 86.73 18 4.119
1636546080 21.95 86.73 18 4.119
1636546140 21.94 86.76 18 4.119
1636546200 21.94 86.74 18 4.114
1636546260 21.97 86.81 18 4.119
1636546320 21.95 86.82 18 4.119
1636546380 21.97 86.81 18 4.119
1636546440 21.94 86.81 18 4.119
1636546500 21.94 86.91 18 4.119
1636546560 21.94 86.89 12 4.119
1636546620 21.94 86.89 18 4.119
1636546680 21.94 86.96 18 4.119
1636546740 21.94 86.96 18 4.119
1636546800 21.91 86.98 18 4.119
1636546860 21.91 87.04 18 4.119
1636546920 21.91 87.03 36 4.125
1636546980 21.93 87.07 42 4.125
1636547040 21.91 87.13 42 4.119
1636547100 21.9 87.12 36 4.119
1636547160 21.95 87.23 42 4.119
1636547220 21.97 87.2 42 4.119
1636547280 22 87.24 36 4.119
1636547340 22.03 87.3 30 4.119
1636547400 22.07 87.4 30 4.119
1636547460 22.07 87.47 54 4.119
1636547520 22.08 87.58 60 4.119
1636547580 22.11 87.68 60 4.119
1636547640 22.16 87.75 54 4.119
1636547700 22.18 87.85 60 4.119
1636547760 22.16 87.87 60 4.119
1636547820 22.24 87.95 60 4.119
1636547880 22.21 87.92 60 4.119
1636547940 22.25 87.84 60 4.119
1636548000 22.34 87.87 60 4.114
1636548060 22.31 87.88 60 4.119
1636548120 22.32 87.86 66 4.125
1636548180 22.36 87.82 66 4.119
1636548240 22.39 87.82 66 4.125
1636548300 22.44 87.77 66 4.119
1636548360 22.41 87.69 66 4.119
1636548420 22.44 87.66 66 4.119
1636548480 22.44 87.6 66 4.119
1636548540 22.46 87.56 66 4.119
1636548600 22.51 87.5 72 4.119
1636548660 22.55 87.41 66 4.119
1636548720 22.62 87.37 72 4.119
1636548780 22.68 87.34 72 4.125
1636548840 22.69 87.32 72 4.125
1636548900 22.73 87.18 72 4.119
1636548960 22.82 87.13 72 4.125
1636549020 22.86 86.96 72 4.119
1636549080 22.9 86.76 72 4.119
1636549140 23.02 86.59 72 4.119
1636549200 23.05 86.4 72 4.119
1636549260 23.07 86.28 72 4.125
1636549320 23.12 86.12 78 4.119
1636549380 23.2 85.94 78 4.119
1636549440 23.27 85.77 78 4.119
1636549500 23.31 85.56 72 4.125
1636549560 23.37 85.41 78 4.119
1636549620 23.39 85.22 78 4.125
1636549680 23.4 85.03 78 4.125
1636549740 23.41 84.89 78 4.125
1636549800 23.41 84.71 78 4.119
1636549860 23.43 84.54 78 4.119
1636549920 23.44 84.44 78 4.119
1636549980 23.39 84.3 78 4.125
1636550040 23.4 84.22 78 4.125
1636550100 23.36 84.15 84 4.119
1636550160 23.4 84.07 78 4.125
1636550220 23.4 84.01 84 4.119
1636550280 23.4 83.92 84 4.119
1636550340 23.37 83.85 84 4.125
1636550400 23.39 83.79 84 4.125
1636550460 23.43 83.73 84 4.125
1636550520 23.49 83.55 84 4.119
1636550580 23.5 83.42 84 4.125
1636550640 23.6 83.32 84 4.125
1636550700 23.64 83.23 84 4.119
1636550760 23.75 83.07 84 4.125
1636550820 23.8 82.95 84 4.125
1636550880 23.91 82.83 84 4.125
1636550940 23.97 82.62 84 4.119
1636551000 23.98 82.47 84 4.125
1636551060 24.05 82.36 84 4.125
1636551120 24.1 82.25 84 4.125
1636551180 24.1 82.06 84 4.125
1636551240 24.12 81.93 84 4.119
1636551300 24.18 81.83 90 4.125
1636551360 24.23 81.76 90 4.119
1636551420 24.23 81.57 90 4.125
1636551480 24.32 81.46 90 4.125
1636551540 24.31 81.18 90 4.125
1636551600 24.28 80.98 90 4.119
1636551660 24.31 80.9 90 4.125
1636551720 24.35 80.76 90 4.125
1636551780 24.42 80.61 90 4.125
1636551840 24.48 80.46 90 4.125
1636551900 24.56 80.39 90 4.119
1636551960 24.53 80.13 90 4.125
1636552020 24.43 79.84 90 4.125
1636552080 24.51 79.69 90 4.125
1636552140 24.49 79.48 90 4.125
1636552200 24.59 79.29 90 4.119
1636552260 24.65 79.16 90 4.125
1636552320 24.73 79.03 96 4.125
1636552380 24.82 78.94 96 4.125
1636552440 24.66 78.75 96 4.125
1636552500 24.75 78.58 96 4.125
1636552560 24.89 78.48 96 4.125
1636552620 24.96 78.31 96 4.125
1636552680 24.93 78.07 96 4.125
1636552740 24.9 77.83 96 4.125
1636552800 24.87 77.7 96 4.125
1636552860 24.94 77.6 96 4.125
1636552920 25.03 77.5 102 4.125
1636552980 25.17 77.38 102 4.125
1636553040 25.27 77.22 102 4.125
1636553100 25.33 77.11 102 4.125
1636553160 25.38 76.98 102 4.125
1636553220 25.38 76.83 102 4.125
1636553280 25.47 76.63 108 4.119
1636553340 25.42 76.33 114 4.125
1636553400 25.45 76.11 102 4.125
1636553460 25.47 75.82 108 4.125
1636553520 25.47 75.54 102 4.125
1636553580 25.49 75.33 102 4.125
1636553640 25.49 75.18 102 4.125
1636553700 25.52 75.01 102 4.125
1636553760 25.57 74.94 102 4.125
1636553820 25.57 74.7 114 4.125
1636553880 25.54 74.53 108 4.125
1636553940 25.64 74.5 102 4.125
1636554000 25.68 74.31 102 4.125
1636554060 25.75 74.19 114 4.125
1636554120 25.85 73.97 114 4.125
1636554180 25.87 73.86 156 4.125
1636554240 25.84 73.61 248 4.125
1636554300 25.79 73.35 248 4.125
1636554360 25.84 73.19 248 4.125
1636554420 25.93 72.99 168 4.125
1636554480 26.05 72.82 108 4.125
1636554540 26.18 72.65 120 4.125
1636554600 26.28 72.57 126 4.125
1636554660 26.22 72.35 144 4.125
1636554720 26.3 72.16 162 4.125
1636554780 26.23 71.82 168 4.125
1636554840 26.22 71.63 120 4.125
1636554900 26.25 71.41 114 4.125
1636554960 26.28 71.19 156 4.125
1636555020 26.29 70.95 114 4.125
1636555080 26.38 70.72 108 4.125
1636555140 26.42 70.46 108 4.125
1636555200 26.49 70.18 108 4.125
1636555260 26.53 69.97 138 4.125
1636555320 26.53 69.73 162 4.125
1636555380 26.56 69.52 126 4.125
1636555440 26.63 69.41 132 4.125
1636555500 26.56 69.22 144 4.125
1636555560 26.5 69.12 150 4.125
1636555620 26.53 68.98 162 4.125
1636555680 26.6 68.83 150 4.125
1636555740 26.62 68.8 180 4.125
1636555800 26.67 68.77 150 4.125
1636555860 26.73 68.56 210 4.125
1636555920 26.82 68.49 368 4.125
1636555980 26.79 68.3 362 4.125
1636556040 26.86 68.23 272 4.125
1636556100 26.91 68.1 260 4.125
1636556160 26.91 68 132 4.125
1636556220 26.91 67.92 150 4.125
1636556280 26.98 68.02 174 4.125
1636556340 27.11 68 138 4.125
1636556400 27.07 67.78 138 4.125
1636556460 27.11 67.66 132 4.125
1636556520 27.18 67.62 126 4.125
1636556580 27.31 67.59 144 4.125
1636556640 27.48 67.55 120 4.125
1636556700 27.47 67.22 150 4.125
1636556760 27.52 67.05 156 4.125
1636556820 27.45 66.89 132 4.125
1636556880 27.44 66.82 174 4.125
1636556940 27.58 66.73 144 4.125
1636557000 27.61 66.35 114 4.125
1636557060 27.64 66.07 114 4.125
1636557120 27.73 65.9 114 4.125
1636557180 27.82 65.72 126 4.125
1636557240 27.98 65.49 120 4.125
1636557300 28.08 65.26 126 4.13
1636557360 27.99 65.03 218 4.125
1636557420 27.81 64.76 284 4.125
1636557480 27.92 64.53 387 4.125
1636557540 28.05 64.36 338 4.13
1636557600 28.09 64.2 260 4.125
1636557660 28.2 63.99 186 4.125
1636557720 28.42 63.81 272 4.125
1636557780 28.53 63.64 314 4.125
1636557840 28.56 63.53 224 4.13
1636557900 28.57 63.3 192 4.13
1636557960 28.59 63.25 156 4.13
1636558020 28.56 63.13 180 4.13
1636558080 28.47 62.96 144 4.13
1636558140 28.42 62.87 138 4.13
1636558200 28.5 62.82 126 4.13
1636558260 28.63 62.71 126 4.125
1636558320 28.69 62.56 126 4.125
1636558380 28.75 62.45 132 4.13
1636558440 28.87 62.3 144 4.125
1636558500 28.93 62.2 162 4.13
1636558560 28.91 62.11 272 4.13
1636558620 28.98 61.96 266 4.13
1636558680 28.98 61.8 194 4.13
1636558740 29.1 61.49 180 4.13
1636558800 29.1 61.27 206 4.13
1636558860 29.24 61.11 442 4.13
1636558920 29.29 60.81 340 4.13
1636558980 29.31 60.55 564 4.135
1636559040 29.14 60.19 802 4.135
1636559100 29.22 59.94 370 4.135
1636559160 29.25 59.72 296 4.141
1636559220 29.28 59.45 260 4.135
1636559280 29.35 59.28 188 4.135
1636559340 29.26 59.17 180 4.135
1636559400 29.01 59.17 188 4.13
1636559460 28.78 59.36 182 4.135
1636559520 28.57 59.59 174 4.13
1636559580 28.4 59.98 174 4.13
1636559640 28.33 60.34 168 4.13
1636559700 28 60.77 168 4.13
1636559760 27.62 61.26 164 4.13
1636559820 27.52 61.86 162 4.135
1636559880 27.54 62.33 156 4.13
1636559940 27.31 62.78 162 4.13
1636560000 27.23 63.24 156 4.13
1636560060 27.13 63.71 188 4.135
1636560120 27 64.1 206 4.135
1636560180 26.96 64.53 230 4.135
1636560240 26.91 64.99 212 4.135
1636560300 27.11 65.36 224 4.135
1636560360 27.27 65.8 290 4.135
1636560420 27.43 66.06 504 4.141
1636560480 27.52 66.2 412 4.135
1636560540 27.68 66.27 200 4.135
1636560600 27.79 66.31 182 4.13
1636560660 27.72 66.33 498 4.141
1636560720 27.72 66.39 656 4.135
1636560780 27.79 66.48 382 4.13
1636560840 27.84 66.52 558 4.13
1636560900 27.94 66.56 320 4.13
1636560960 28.13 66.57 260 4.13
1636561020 28.05 66.51 242 4.13
1636561080 28.03 66.45 210 4.125
1636561140 27.92 66.49 210 4.13
1636561200 27.84 66.46 198 4.125
1636561260 27.71 66.46 180 4.13
1636561320 27.55 66.53 174 4.13
1636561380 27.51 66.62 174 4.13
1636561440 27.48 66.69 174 4.125
1636561500 27.3 66.82 180 4.13
1636561560 27.1 66.93 182 4.13
1636561620 26.96 67.26 168 4.13
1636561680 26.96 67.63 174 4.13
1636561740 26.84 67.74 188 4.13
1636561800 26.79 67.95 206 4.13
1636561860 26.73 68.09 254 4.135
1636561920 26.69 68.33 460 4.13
1636561980 26.67 68.59 745 4.13
1636562040 26.83 68.7 236 4.125
1636562100 27.01 68.7 230 4.125
1636562160 27.15 68.74 242 4.125
1636562220 27.31 68.73 198 4.13
1636562280 27.35 68.69 162 4.125
1636562340 27.23 68.62 150 4.125
1636562400 27.07 68.63 144 4.13
1636562460 26.97 68.72 138 4.13
1636562520 26.91 68.71 150 4.13
1636562580 26.89 68.66 180 4.135
1636562640 26.87 68.7 1177 4.125
1636562700 27.01 68.67 478 4.13
1636562760 27.15 68.77 210 4.125
1636562820 27.3 68.73 180 4.125
1636562880 27.52 68.63 168 4.125
1636562940 27.54 68.56 174 4.125
1636563000 27.45 68.49 192 4.125
1636563060 27.38 68.49 236 4.125
1636563120 27.27 68.39 296 4.125
1636563180 27.15 68.46 272 4.125
1636563240 27.13 68.58 180 4.13
1636563300 27.04 68.57 132 4.13
1636563360 26.94 68.65 138 4.13
1636563420 26.9 68.68 150 4.13
1636563480 26.91 68.65 180 4.13
1636563540 26.93 68.55 224 4.135
1636563600 27.03 68.58 200 4.135
1636563660 27.07 68.69 218 4.135
1636563720 26.97 68.66 162 4.13
1636563780 26.94 68.61 174 4.135
1636563840 26.91 68.54 182 4.135
1636563900 26.87 68.46 212 4.135
1636563960 26.93 68.4 260 4.135
1636564020 26.93 68.33 206 4.135
1636564080 26.98 68.31 188 4.135
1636564140 26.9 68.41 212 4.135
1636564200 26.91 68.4 236 4.135
1636564260 26.9 68.44 206 4.135
1636564320 26.9 68.45 194 4.135
1636564380 26.96 68.45 206 4.135
1636564440 26.87 68.46 242 4.135
1636564500 26.76 68.51 320 4.125
1636564560 26.77 68.57 296 4.13
1636564620 26.93 68.55 302 4.13
1636564680 26.93 68.53 242 4.13
1636564740 27.01 68.56 186 4.125
1636564800 26.94 68.59 174 4.13
1636564860 26.87 68.55 174 4.13
1636564920 26.91 68.58 168 4.13
1636564980 26.76 68.65 174 4.125
1636565040 26.84 68.79 174 4.125
1636565100 26.69 68.87 194 4.135
1636565160 26.72 68.88 194 4.135
1636565220 26.72 68.99 206 4.135
1636565280 26.74 69.08 212 4.135
1636565340 26.86 69.2 206 4.135
1636565400 26.87 69.54 194 4.135
1636565460 26.97 69.6 212 4.135
1636565520 27.1 69.62 224 4.135
1636565580 27.11 69.71 230 4.135
1636565640 27.17 69.68 242 4.135
1636565700 27.13 69.44 266 4.141
1636565760 27.18 69.44 310 4.141
1636565820 27.17 69.41 224 4.13
1636565880 27.28 69.32 188 4.13
1636565940 27.4 69.15 188 4.13
1636566000 27.41 69.07 188 4.135
1636566060 27.3 68.84 188 4.135
1636566120 27.2 68.76 194 4.135
1636566180 27.2 68.65 194 4.135
1636566240 27.03 68.64 188 4.135
1636566300 26.9 68.66 170 4.135
1636566360 26.87 68.77 138 4.135
1636566420 26.89 68.84 114 4.135
1636566480 26.87 68.88 96 4.13
1636566540 26.83 68.87 90 4.13
1636566600 26.77 68.93 96 4.135
1636566660 26.67 68.97 114 4.13
1636566720 26.6 68.98 120 4.135
1636566780 26.54 69.03 120 4.135
1636566840 26.47 69.19 126 4.135
1636566900 26.5 69.35 144 4.135
1636566960 26.46 69.5 164 4.135
1636567020 26.42 69.66 188 4.135
1636567080 26.38 69.81 218 4.141
1636567140 26.33 69.95 236 4.141
1636567200 26.33 70.11 236 4.141
1636567260 26.36 70.21 242 4.141
1636567320 26.46 70.22 242 4.146
1636567380 26.57 70.24 242 4.141
1636567440 26.62 70.14 254 4.141
1636567500 26.64 70.14 266 4.141
1636567560 26.66 70.26 322 4.146
1636567620 26.7 70.41 292 4.141
1636567680 26.7 70.41 292 4.141
1636567740 26.77 70.32 304 4.146
1636567800 26.8 70.17 322 4.146
1636567860 26.82 70.08 292 4.141
1636567920 26.86 69.99 272 4.146
1636567980 26.87 69.88 502 4.13
1636568040 27.03 69.75 278 4.135
1636568100 27 69.55 352 4.135
1636568160 27 69.42 412 4.135
1636568220 26.98 69.32 618 4.13
1636568280 27.07 69.27 1207 4.13
1636568340 27.24 69.32 1153 4.13
1636568400 27.47 69.15 1207 4.13
1636568460 27.73 69.12 1237 4.13
1636568520 28.24 69.02 1225 4.13
1636568580 28.45 68.62 1037 4.135
1636568640 28.63 68.09 582 4.135
1636568700 28.78 67.62 406 4.13
1636568760 28.57 67.22 1111 4.13
1636568820 28.61 66.97 1225 4.13
1636568880 28.63 66.68 1207 4.13
1636568940 28.87 66.44 721 4.13
1636569000 28.93 66.01 1189 4.13
1636569060 29.08 65.7 1111 4.13
1636569120 29.18 65.42 813 4.13
1636569180 29.55 65.27 588 4.13
1636569240 29.61 64.87 1031 4.13
1636569300 29.41 64.57 1207 4.13
1636569360 29.44 64.34 1317 4.13
1636569420 29.9 64.17 630 4.13
1636569480 30.07 63.8 436 4.13
1636569540 30.12 63.49 448 4.13
1636569600 29.92 63.25 462 4.135
1636569660 29.72 63 658 4.146
1636569720 29.58 62.76 590 4.146
1636569780 29.65 62.59 1173 4.162
1636569840 29.89 62.49 664 4.151
1636569900 29.86 62.27 412 4.135
1636569960 29.76 62.05 350 4.135
1636570020 29.66 61.87 326 4.135
1636570080 29.24 61.63 406 4.13
1636570140 29.01 61.51 412 4.135
1636570200 28.78 61.43 290 4.13
1636570260 28.56 61.5 344 4.13
1636570320 28.37 61.64 356 4.13
1636570380 28.43 61.83 188 4.13
1636570440 28.53 61.96 156 4.13
1636570500 28.57 62.01 164 4.135
1636570560 28.49 62.05 164 4.135
1636570620 28.32 62.15 156 4.135
1636570680 28.08 62.39 144 4.135
1636570740 28.03 62.67 138 4.135
1636570800 27.89 62.96 144 4.135
1636570860 27.76 63.32 132 4.135
1636570920 27.61 63.64 120 4.135
1636570980 27.54 63.81 120 4.135
1636571040 27.45 64.03 120 4.135
1636571100 27.28 64.34 114 4.135
1636571160 27.21 64.61 108 4.135
1636571220 27.15 65 102 4.135
1636571280 27.11 65.27 90 4.135
1636571340 27.1 65.34 90 4.135
1636571400 27.07 65.55 78 4.135
1636571460 26.96 65.78 72 4.135
1636571520 26.82 65.99 60 4.135
1636571580 26.83 66.12 60 4.13
1636571640 26.83 66.32 66 4.13
1636571700 26.79 66.54 66 4.13
1636571760 26.74 66.87 66 4.13
1636571820 26.69 67.11 66 4.13
1636571880 26.59 67.36 78 4.135
1636571940 26.47 67.61 96 4.135
1636572000 26.46 67.84 108 4.135
1636572060 26.46 68.06 120 4.135
1636572120 26.46 68.25 126 4.135
1636572180 26.39 68.46 132 4.135
1636572240 26.36 68.79 132 4.135
1636572300 26.32 68.99 140 4.135
1636572360 26.4 69.07 150 4.141
1636572420 26.38 69.19 156 4.135
1636572480 26.42 69.34 150 4.141
1636572540 26.4 69.44 146 4.135
1636572600 26.36 69.63 144 4.135
1636572660 26.33 69.73 138 4.135
1636572720 26.29 69.86 140 4.135
1636572780 26.35 69.89 132 4.135
1636572840 26.39 69.97 138 4.135
1636572900 26.33 69.91 138 4.135
1636572960 26.43 69.94 170 4.135
1636573020 26.52 69.87 158 4.141
1636573080 26.56 69.97 164 4.135
1636573140 26.52 70 170 4.141
1636573200 26.54 70.02 176 4.141
1636573260 26.57 70.06 170 4.135
1636573320 26.59 70.18 236 4.141
1636573380 26.63 70.18 212 4.141
1636573440 26.72 70.23 182 4.141
1636573500 26.76 70.22 170 4.141
1636573560 26.77 70.23 182 4.141
1636573620 26.82 70.07 194 4.141
1636573680 26.83 69.92 200 4.141
1636573740 26.91 69.91 188 4.135
1636573800 26.94 69.87 170 4.141
1636573860 26.91 69.85 146 4.135
1636573920 26.91 69.83 120 4.135
1636573980 26.84 69.87 150 4.135
1636574040 26.8 69.79 84 4.135
1636574100 26.72 69.73 78 4.135
1636574160 26.67 69.69 72 4.13
1636574220 26.63 69.59 72 4.135
1636574280 26.67 69.67 78 4.135
1636574340 26.57 69.72 84 4.135
1636574400 26.5 69.77 84 4.135
1636574460 26.39 69.8 90 4.141
1636574520 26.32 69.82 84 4.135
1636574580 26.26 69.95 84 4.135
1636574640 26.16 70.08 84 4.135
1636574700 26.05 70.19 78 4.135
1636574760 26.02 70.38 66 4.135
1636574820 25.98 70.56 66 4.135
1636574880 25.95 70.69 66 4.135
1636574940 25.89 70.78 72 4.135
1636575000 25.89 70.82 72 4.135
1636575060 25.88 70.92 72 4.135
1636575120 25.85 71.09 72 4.135
1636575180 25.84 71.19 66 4.135
1636575240 25.82 71.32 66 4.135
1636575300 25.81 71.43 66 4.135
1636575360 25.78 71.49 66 4.135
1636575420 25.72 71.64 66 4.135
1636575480 25.67 71.66 72 4.135
1636575540 25.61 71.75 78 4.135
1636575600 25.61 71.89 72 4.135
1636575660 25.64 72 72 4.135
1636575720 25.65 72.1 72 4.141
1636575780 25.65 72.18 66 4.135
1636575840 25.67 72.2 66 4.135
1636575900 25.69 72.26 66 4.135
1636575960 25.72 72.35 72 4.135
1636576020 25.74 72.44 90 4.135
1636576080 25.78 72.46 108 4.141
1636576140 25.84 72.52 120 4.135
1636576200 25.87 72.6 120 4.135
1636576260 25.82 72.59 138 4.135
1636576320 25.82 72.56 504 4.141
1636576380 25.88 72.52 644 4.141
1636576440 26.05 72.42 620 4.146
1636576500 26.4 72.31 584 4.141
1636576560 26.63 72.12 560 4.146
1636576620 26.89 71.94 212 4.141
1636576680 27.07 71.7 590 4.146
1636576740 27.15 71.4 560 4.141
1636576800 27.35 71.1 548 4.141
1636576860 27.73 70.93 280 4.146
1636576920 27.86 70.59 236 4.146
1636576980 27.98 70.27 640 4.146
1636577040 28.12 70.02 682 4.146
1636577100 28.33 69.73 194 4.146
1636577160 28.32 69.21 412 4.141
1636577220 28.12 68.92 627 4.146
1636577280 28.09 68.62 212 4.141
1636577340 28.03 68.34 212 4.141
1636577400 27.99 68.1 536 4.146
1636577460 28.26 68.02 450 4.146
1636577520 28.15 67.7 364 4.146
1636577580 28.02 67.54 212 4.146
1636577640 27.89 67.42 200 4.146
1636577700 27.91 67.27 182 4.141
1636577760 27.79 67 164 4.141
1636577820 27.73 66.8 140 4.141
1636577880 27.66 66.68 120 4.141
1636577940 27.55 66.52 108 4.141
1636578000 27.43 66.45 96 4.141
1636578060 27.37 66.41 102 4.141
1636578120 27.18 66.35 108 4.141
1636578180 27.1 66.37 108 4.141
1636578240 27 66.41 102 4.141
1636578300 26.94 66.52 102 4.141
1636578360 26.94 66.72 96 4.135
1636578420 26.87 66.83 102 4.141
1636578480 26.86 66.9 102 4.135
1636578540 26.87 67.03 102 4.141
1636578600 26.84 67.05 108 4.135
1636578660 26.84 67.11 108 4.135
1636578720 26.79 67.16 108 4.135
1636578780 26.72 67.33 108 4.141
1636578840 26.73 67.39 102 4.141
1636578900 26.63 67.52 102 4.141
1636578960 26.6 67.64 108 4.141
1636579020 26.56 67.73 108 4.141
1636579080 26.57 67.85 114 4.141
1636579140 26.56 67.99 120 4.141
1636579200 26.56 68.08 120 4.141
1636579260 26.57 68.22 120 4.141
1636579320 26.62 68.37 108 4.141
1636579380 26.56 68.54 108 4.135
1636579440 26.56 68.74 108 4.141
1636579500 26.62 68.85 102 4.141
1636579560 26.66 68.97 96 4.141
1636579620 26.64 69.11 96 4.141
1636579680 26.62 69.2 90 4.141
1636579740 26.66 69.33 90 4.135
1636579800 26.62 69.34 90 4.141
1636579860 26.57 69.37 96 4.141
1636579920 26.56 69.48 96 4.135
1636579980 26.6 69.61 96 4.141
1636580040 26.53 69.66 96 4.141
1636580100 26.49 69.74 96 4.141
1636580160 26.44 69.82 90 4.141
1636580220 26.4 69.91 90 4.141
1636580280 26.36 70 90 4.135
1636580340 26.25 70.12 84 4.141
1636580400 26.19 70.26 84 4.141
1636580460 26.15 70.39 84 4.141
1636580520 26.14 70.53 78 4.141
1636580580 26.12 70.65 78 4.141
1636580640 26.11 70.77 72 4.141
1636580700 26.05 70.88 66 4.135
1636580760 26.05 70.96 66 4.135
1636580820 26.01 71.07 66 4.141
1636580880 26.01 71.15 66 4.141
1636580940 25.96 71.25 66 4.141
1636581000 25.95 71.34 54 4.135
1636581060 25.92 71.47 54 4.135
1636581120 25.91 71.61 54 4.135
1636581180 25.84 71.7 54 4.135
1636581240 25.81 71.78 60 4.135
1636581300 25.81 71.89 60 4.135
1636581360 25.78 71.97 54 4.135
1636581420 25.74 72.04 54 4.135
1636581480 25.75 72.14 54 4.135
1636581540 25.75 72.24 54 4.135
1636581600 25.72 72.29 54 4.141
1636581660 25.71 72.37 48 4.135
1636581720 25.75 72.39 48 4.135
1636581780 25.77 72.48 48 4.141
1636581840 25.77 72.54 54 4.135
1636581900 25.77 72.5 48 4.135
1636581960 25.78 72.48 60 4.135
1636582020 25.77 72.41 60 4.141
1636582080 25.84 72.41 54 4.135
1636582140 25.82 72.42 48 4.135
1636582200 25.84 72.47 48 4.135
1636582260 25.85 72.43 48 4.135
1636582320 25.89 72.42 42 4.135
1636582380 25.88 72.44 42 4.135
1636582440 25.88 72.46 48 4.135
1636582500 25.89 72.45 54 4.135
1636582560 25.91 72.51 54 4.135
1636582620 25.88 72.46 66 4.141
1636582680 25.92 72.48 66 4.135
1636582740 25.89 72.42 66 4.135
1636582800 25.95 72.45 66 4.135
1636582860 25.95 72.48 60 4.135
1636582920 25.96 72.47 60 4.135
1636582980 25.99 72.44 60 4.135
1636583040 25.98 72.53 60 4.135
1636583100 25.96 72.57 60 4.135
1636583160 25.93 72.66 54 4.135
1636583220 25.95 72.75 48 4.135
1636583280 25.91 72.82 42 4.135
1636583340 25.88 72.89 42 4.135
1636583400 25.88 72.95 42 4.135
1636583460 25.84 73.02 42 4.135
1636583520 25.82 73.12 36 4.135
1636583580 25.82 73.09 36 4.135
1636583640 25.79 73.11 30 4.13
1636583700 25.79 73.15 30 4.135
1636583760 25.82 73.17 24 4.135
1636583820 25.84 73.19 30 4.135
1636583880 25.84 73.24 30 4.135
1636583940 25.81 73.18 30 4.135
1636584000 25.79 73.18 24 4.135
1636584060 25.79 73.09 24 4.135
1636584120 25.78 73.02 18 4.135
1636584180 25.77 72.97 18 4.135
1636584240 25.75 72.96 18 4.135
1636584300 25.75 72.94 18 4.13
1636584360 25.71 73.01 18 4.135
1636584420 25.65 73.09 18 4.135
1636584480 25.67 73.11 18 4.135
1636584540 25.61 73.24 18 4.135
1636584600 25.6 73.35 18 4.135
1636584660 25.58 73.44 12 4.135
1636584720 25.57 73.48 12 4.135
1636584780 25.57 73.52 6 4.135
1636584840 25.57 73.55 6 4.135
1636584900 25.57 73.64 6 4.13
1636584960 25.56 73.73 6 4.135
1636585020 25.49 73.78 6 4.135
1636585080 25.48 73.85 0 4.13
1636585140 25.44 73.9 0 4.135
1636585200 25.41 73.93 0 4.135
1636585260 25.44 74 0 4.135
1636585320 25.41 74.12 0 4.13
1636585380 25.4 74.19 0 4.135
1636585440 25.37 74.25 0 4.13
1636585500 25.34 74.29 0 4.135
1636585560 25.3 74.34 0 4.135
1636585620 25.3 74.39 0 4.135
1636585680 25.3 74.5 0 4.135
1636585740 25.26 74.49 0 4.135
1636585800 25.27 74.55 0 4.13
1636585860 25.24 74.49 0 4.13
1636585920 25.26 74.54 0 4.13
1636585980 25.24 74.5 0 4.135
1636586040 25.23 74.48 0 4.135
1636586100 25.2 74.49 0 4.135
1636586160 25.2 74.49 0 4.135
1636586220 25.18 74.48 0 4.135
1636586280 25.14 74.52 0 4.135
1636586340 25.14 74.6 0 4.13
1636586400 25.1 74.62 0 4.135
1636586460 25.06 74.66 0 4.135
1636586520 25.06 74.61 0 4.135
1636586580 25.04 74.66 0 4.135
1636586640 25.04 74.73 0 4.13
1636586700 25.03 74.78 0 4.13
1636586760 24.97 74.86 0 4.135
1636586820 24.97 74.93 0 4.135
1636586880 24.96 74.94 0 4.13
1636586940 24.94 74.93 0 4.13
1636587000 24.94 75.01 0 4.135
1636587060 24.91 75.07 0 4.13
1636587120 24.87 75.13 0 4.13
1636587180 24.89 75.23 0 4.13
1636587240 24.87 75.32 0 4.13
1636587300 24.86 75.37 0 4.13
1636587360 24.86 75.42 0 4.13
1636587420 24.85 75.48 0 4.13
1636587480 24.82 75.54 0 4.13
1636587540 24.82 75.59 0 4.135
1636587600 24.8 75.67 0 4.13
1636587660 24.8 75.76 0 4.13
1636587720 24.77 75.85 0 4.13
1636587780 24.73 75.93 0 4.13
1636587840 24.72 76 0 4.13
1636587900 24.69 76.11 0 4.13
1636587960 24.72 76.19 0 4.135
1636588020 24.7 76.27 0 4.13
1636588080 24.7 76.41 0 4.13
1636588140 24.69 76.46 0 4.13
1636588200 24.66 76.54 0 4.13
1636588260 24.65 76.65 0 4.13
1636588320 24.65 76.71 0 4.135
1636588380 24.61 76.81 0 4.13
1636588440 24.63 76.87 0 4.13
1636588500 24.62 76.98 0 4.13
1636588560 24.61 77.05 0 4.13
1636588620 24.59 77.08 30 4.13
1636588680 24.61 77.17 0 4.13
1636588740 24.62 77.25 0 4.13
1636588800 24.62 77.38 0 4.13
1636588860 24.59 77.36 0 4.13
1636588920 24.61 77.43 0 4.135
1636588980 24.61 77.39 0 4.13
1636589040 24.62 77.39 0 4.13
1636589100 24.62 77.39 0 4.13
1636589160 24.62 77.38 0 4.13
1636589220 24.61 77.4 0 4.13
1636589280 24.62 77.46 0 4.13
1636589340 24.61 77.46 0 4.135
1636589400 24.61 77.47 0 4.13
1636589460 24.63 77.57 0 4.125
1636589520 24.62 77.65 0 4.13
1636589580 24.63 77.71 0 4.13
1636589640 24.63 77.77 0 4.13
1636589700 24.61 77.82 0 4.13
1636589760 24.63 77.89 0 4.13
1636589820 24.59 77.94 0 4.13
1636589880 24.58 78 0 4.13
1636589940 24.56 78.04 0 4.13
1636590000 24.58 78.11 0 4.13
1636590060 24.55 78.24 0 4.13
1636590120 24.55 78.33 0 4.13
1636590180 24.53 78.38 0 4.13
1636590240 24.52 78.44 0 4.13
1636590300 24.51 78.38 0 4.13
1636590360 24.49 78.43 0 4.13
1636590420 24.48 78.48 0 4.13
1636590480 24.46 78.48 0 4.13
1636590540 24.46 78.53 0 4.13
1636590600 24.48 78.6 0 4.13
1636590660 24.48 78.65 0 4.13
1636590720 24.45 78.71 0 4.13
1636590780 24.43 78.72 0 4.13
1636590840 24.4 78.78 0 4.13
1636590900 24.39 78.87 0 4.13
1636590960 24.35 78.96 0 4.13
1636591020 24.35 79.03 0 4.13
1636591080 24.35 79.1 0 4.13
1636591140 24.33 79.16 0 4.13
1636591200 24.29 79.24 0 4.13
1636591260 24.28 79.29 0 4.13
1636591320 24.26 79.34 0 4.13
1636591380 24.26 79.39 0 4.13
1636591440 24.23 79.45 0 4.13
1636591500 24.25 79.57 0 4.125
1636591560 24.23 79.67 0 4.13
1636591620 24.21 79.73 0 4.13
1636591680 24.19 79.85 0 4.13
1636591740 24.18 79.86 0 4.13
1636591800 24.18 79.95 0 4.13
1636591860 24.16 80 0 4.13
1636591920 24.15 80.09 0 4.13
1636591980 24.18 80.14 0 4.13
1636592040 24.16 80.22 0 4.13
1636592100 24.14 80.32 0 4.13
1636592160 24.12 80.33 0 4.13
1636592220 24.14 80.42 0 4.13
1636592280 24.1 80.45 0 4.13
1636592340 24.1 80.52 0 4.13
1636592400 24.1 80.59 0 4.13
1636592460 24.12 80.69 0 4.125
1636592520 24.08 80.74 0 4.13
1636592580 24.11 80.77 0 4.125
1636592640 24.12 80.85 0 4.13
1636592700 24.08 80.92 0 4.13
1636592760 24.07 80.93 0 4.13
1636592820 24.1 81.03 0 4.13
1636592880 24.12 81.01 0 4.13
1636592940 24.15 80.99 0 4.13
1636593000 24.14 81.01 0 4.125
1636593060 24.16 81.01 0 4.13
1636593120 24.16 81.04 0 4.13
1636593180 24.14 81.06 0 4.13
1636593240 24.15 81.02 0 4.13
1636593300 24.21 80.97 0 4.125
1636593360 24.21 80.98 0 4.125
1636593420 24.19 81.06 0 4.13
1636593480 24.18 81.02 0 4.13
1636593540 24.18 81.15 0 4.13
1636593600 24.15 81.16 0 4.13
1636593660 24.19 81.16 0 4.13
1636593720 24.15 81.18 0 4.13
1636593780 24.14 81.19 0 4.13
1636593840 24.12 81.22 0 4.13
1636593900 24.11 81.27 0 4.125
1636593960 24.11 81.29 0 4.125
1636594020 24.11 81.33 0 4.13
1636594080 24.14 81.37 0 4.13
1636594140 24.15 81.4 0 4.13
1636594200 24.14 81.46 0 4.13
1636594260 24.16 81.47 0 4.13
1636594320 24.14 81.49 0 4.13
1636594380 24.12 81.5 42 4.125
1636594440 24.14 81.53 0 4.125
1636594500 24.12 81.56 0 4.13
1636594560 24.1 81.62 0 4.13
1636594620 24.11 81.62 36 4.13
1636594680 24.1 81.64 0 4.125
1636594740 24.07 81.66 0 4.125
1636594800 24.07 81.64 0 4.125
1636594860 24.1 81.7 0 4.125
1636594920 24.08 81.71 0 4.125
1636594980 24.07 81.79 0 4.13
1636595040 24.04 81.75 0 4.13
1636595100 24.05 81.75 0 4.125
1636595160 24.05 81.74 0 4.125
1636595220 24.07 81.75 0 4.13
1636595280 24.08 81.78 0 4.125
1636595340 24.05 81.78 0 4.13
1636595400 24.05 81.75 0 4.13
1636595460 24.08 81.78 0 4.125
1636595520 24.05 81.77 0 4.13
1636595580 24.07 81.81 0 4.13
1636595640 24.07 81.79 0 4.125
1636595700 24.08 81.79 0 4.125
1636595760 24.08 81.79 0 4.125
1636595820 24.1 81.77 0 4.125
1636595880 24.08 81.72 0 4.13
1636595940 24.08 81.72 0 4.13
1636596000 24.1 81.68 0 4.125
1636596060 24.12 81.64 0 4.125
1636596120 24.12 81.62 0 4.125
1636596180 24.12 81.59 0 4.13
1636596240 24.12 81.57 0 4.125
1636596300 24.15 81.66 0 4.125
1636596360 24.15 81.67 0 4.125
1636596420 24.12 81.69 0 4.125
1636596480 24.12 81.69 0 4.125
1636596540 24.1 81.69 0 4.125
1636596600 24.1 81.72 0 4.125
1636596660 24.08 81.69 0 4.125
1636596720 24.1 81.74 0 4.125
1636596780 24.1 81.79 0 4.13
1636596840 24.08 81.83 0 4.13
1636596900 24.08 81.87 0 4.13
1636596960 24.1 81.93 0 4.125
1636597020 24.07 81.92 0 4.125
1636597080 24.02 81.96 0 4.125
1636597140 24.05 81.98 0 4.125
1636597200 24.01 82 0 4.125
1636597260 24.01 82.05 0 4.125
1636597320 24.01 82.09 0 4.125
1636597380 23.98 82.13 0 4.13
1636597440 23.98 82.23 0 4.125
1636597500 23.95 82.3 0 4.125
1636597560 23.94 82.34 0 4.125
1636597620 23.94 82.41 0 4.125
1636597680 23.91 82.47 0 4.125
1636597740 23.88 82.5 0 4.125
1636597800 23.88 82.54 0 4.125
1636597860 23.89 82.58 0 4.13
1636597920 23.84 82.64 0 4.125
1636597980 23.81 82.68 0 4.125
1636598040 23.78 82.69 0 4.13
1636598100 23.77 82.74 0 4.125
1636598160 23.8 82.76 0 4.125
1636598220 23.77 82.8 0 4.125
1636598280 23.74 82.84 0 4.125
1636598340 23.75 82.86 0 4.125
1636598400 23.77 82.9 0 4.125
1636598460 23.72 82.94 0 4.125
1636598520 23.75 82.97 0 4.125
1636598580 23.71 83.03 0 4.125
1636598640 23.7 83.01 0 4.125
1636598700 23.74 82.96 0 4.125
1636598760 23.74 82.92 0 4.125
1636598820 23.75 82.93 0 4.125
1636598880 23.74 82.89 0 4.125
1636598940 23.75 82.88 0 4.125
1636599000 23.74 82.87 0 4.125
1636599060 23.75 82.9 0 4.125
1636599120 23.72 82.91 0 4.125
1636599180 23.72 82.97 0 4.125
1636599240 23.7 82.95 0 4.125
1636599300 23.7 82.97 0 4.125
1636599360 23.71 82.98 0 4.125
1636599420 23.7 83.03 0 4.125
1636599480 23.68 83.05 0 4.125
1636599540 23.64 83.07 0 4.125
1636599600 23.61 83.12 0 4.125
1636599660 23.57 83.12 0 4.125
1636599720 23.56 83.15 0 4.125
1636599780 23.54 83.17 0 4.125
1636599840 23.51 83.22 0 4.125
1636599900 23.51 83.25 0 4.125
1636599960 23.46 83.31 0 4.125
1636600020 23.44 83.37 0 4.125
1636600080 23.44 83.46 0 4.125
1636600140 23.44 83.5 0 4.125
1636600200 23.43 83.61 0 4.125
1636600260 23.4 83.68 0 4.125
1636600320 23.39 83.75 0 4.125
1636600380 23.37 83.84 0 4.125
1636600440 23.36 83.87 0 4.125
1636600500 23.34 83.96 0 4.125
1636600560 23.36 84.06 0 4.125
1636600620 23.34 84.1 0 4.125
1636600680 23.34 84.15 0 4.125
1636600740 23.33 84.19 0 4.125
1636600800 23.34 84.25 0 4.125
1636600860 23.33 84.25 0 4.125
1636600920 23.31 84.29 0 4.125
1636600980 23.3 84.31 0 4.125
1636601040 23.31 84.32 0 4.125
1636601100 23.31 84.35 0 4.125
1636601160 23.3 84.41 0 4.125
1636601220 23.26 84.42 0 4.125
1636601280 23.23 84.49 0 4.125
1636601340 23.23 84.52 0 4.125
1636601400 23.19 84.54 0 4.125
1636601460 23.2 84.59 0 4.125
1636601520 23.14 84.61 0 4.125
1636601580 23.13 84.68 0 4.125
1636601640 23.12 84.7 0 4.125
1636601700 23.12 84.74 0 4.125
1636601760 23.1 84.81 0 4.119
1636601820 23.09 84.79 0 4.125
1636601880 23.05 84.76 0 4.125
1636601940 23.06 84.77 0 4.125
1636602000 23.02 84.77 0 4.125
1636602060 23.02 84.8 0 4.119
1636602120 22.97 84.8 0 4.125
1636602180 22.99 84.72 0 4.125
1636602240 22.96 84.81 0 4.125
1636602300 22.99 84.77 0 4.125
1636602360 22.93 84.75 0 4.125
1636602420 22.95 84.76 0 4.125
1636602480 22.9 84.79 0 4.125
1636602540 22.9 84.82 0 4.125
1636602600 22.9 84.82 0 4.125
1636602660 22.85 84.85 0 4.125
1636602720 22.83 84.84 0 4.125
1636602780 22.8 84.86 0 4.125
1636602840 22.76 84.86 0 4.125
1636602900 22.75 84.96 0 4.125
1636602960 22.78 84.98 0 4.125
1636603020 22.72 84.99 0 4.125
1636603080 22.69 85.07 0 4.119
1636603140 22.68 85.1 0 4.125
1636603200 22.66 85.16 0 4.125
1636603260 22.65 85.17 0 4.125
1636603320 22.61 85.23 0 4.125
1636603380 22.61 85.29 0 4.125
1636603440 22.58 85.3 0 4.125
1636603500 22.58 85.33 0 4.125
1636603560 22.58 85.4 0 4.125
1636603620 22.58 85.39 0 4.125
1636603680 22.56 85.39 0 4.125
1636603740 22.55 85.4 0 4.125
1636603800 22.52 85.45 0 4.119
1636603860 22.52 85.45 0 4.125
1636603920 22.51 85.46 0 4.125
1636603980 22.52 85.55 0 4.125
1636604040 22.51 85.58 0 4.119
1636604100 22.49 85.63 0 4.125
1636604160 22.46 85.67 0 4.125
1636604220 22.45 85.7 0 4.125
1636604280 22.45 85.75 0 4.125
1636604340 22.45 85.8 0 4.119
1636604400 22.41 85.82 0 4.119
1636604460 22.42 85.88 0 4.125
1636604520 22.36 85.91 0 4.125
1636604580 22.39 85.97 0 4.119
1636604640 22.36 85.98 0 4.125
1636604700 22.36 86.02 0 4.125
1636604760 22.35 86.09 0 4.125
1636604820 22.35 86.16 0 4.125
1636604880 22.34 86.16 0 4.125
1636604940 22.34 86.21 0 4.125
1636605000 22.31 86.22 0 4.125
1636605060 22.31 86.28 0 4.119
1636605120 22.27 86.28 0 4.125
1636605180 22.27 86.34 0 4.125
1636605240 22.24 86.37 0 4.125
1636605300 22.18 86.43 0 4.125
1636605360 22.21 86.49 0 4.125
1636605420 22.21 86.47 0 4.125
1636605480 22.21 86.49 0 4.119
1636605540 22.21 86.51 0 4.125
1636605600 22.22 86.52 0 4.125
1636605660 22.22 86.53 0 4.119
1636605720 22.22 86.53 0 4.119
1636605780 22.18 86.53 0 4.125
1636605840 22.16 86.49 0 4.119
1636605900 22.18 86.52 0 4.125
1636605960 22.16 86.61 0 4.125
1636606020 22.15 86.66 0 4.119
1636606080 22.16 86.67 0 4.119
1636606140 22.14 86.7 0 4.119
1636606200 22.11 86.72 0 4.119
1636606260 22.1 86.69 0 4.119
1636606320 22.11 86.76 0 4.125
1636606380 22.07 86.76 0 4.125
1636606440 22.08 86.75 0 4.119
1636606500 22.08 86.8 0 4.119
1636606560 22.05 86.81 0 4.125
1636606620 22.03 86.73 0 4.119
1636606680 22.04 86.8 0 4.119
1636606740 22.01 86.8 0 4.119
