1634878800 24.83 68.34 0 4.022
1634878860 24.88 68.45 0 4.022
1634878920 24.86 68.21 0 4.022
1634878980 24.86 68.41 0 4.028
1634879040 24.82 68.42 0 4.022
1634879100 24.72 68.61 0 4.022
1634879160 24.7 68.77 0 4.022
1634879220 24.67 68.81 0 4.022
1634879280 24.62 68.81 0 4.028
1634879340 24.61 68.63 0 4.017
1634879400 24.64 68.96 0 4.022
1634879460 24.48 68.83 0 4.022
1634879520 24.57 69.32 0 4.022
1634879580 24.6 68.89 0 4.022
1634879640 24.58 69.07 0 4.022
1634879700 24.62 68.99 0 4.022
1634879760 24.64 69.14 0 4.022
1634879820 24.5 68.86 0 4.022
1634879880 24.53 69.45 0 4.022
1634879940 24.57 69.33 0 4.022
1634880000 24.6 69.44 0 4.022
1634880060 24.58 69.23 0 4.022
1634880120 24.57 69.12 0 4.022
1634880180 24.62 69.22 0 4.017
1634880240 24.6 69.03 0 4.017
1634880300 24.57 68.8 0 4.022
1634880360 24.51 69.06 0 4.022
1634880420 24.51 69.22 0 4.017
1634880480 24.55 69.01 0 4.022
1634880540 24.58 69.21 0 4.017
1634880600 24.71 68.88 0 4.022
1634880660 24.7 68.88 0 4.022
1634880720 24.7 68.98 0 4.022
1634880780 24.62 69.3 0 4.022
1634880840 24.62 69.32 0 4.022
1634880900 24.58 69.4 0 4.022
1634880960 24.46 69.32 0 4.022
1634881020 24.21 70.17 0 4.022
1634881080 24.2 70.6 0 4.022
1634881140 24.13 70.74 0 4.017
1634881200 24.04 71.14 0 4.017
1634881260 23.96 71.49 0 4.017
1634881320 23.89 71.85 0 4.017
1634881380 23.84 72.31 0 4.017
1634881440 23.77 72.43 0 4.017
1634881500 23.66 72.68 0 4.017
1634881560 23.59 73.01 0 4.017
1634881620 23.53 73.49 0 4.017
1634881680 23.48 75.53 0 4.017
1634881740 23.29 77.6 0 4.017
1634881800 23.26 78.42 0 4.017
1634881860 23.19 79.31 0 4.017
1634881920 23.07 80.03 0 4.017
1634881980 22.98 80.74 0 4.017
1634882040 22.93 81.32 0 4.012
1634882100 22.88 81.76 0 4.017
1634882160 22.78 82.28 0 4.017
1634882220 22.77 82.23 0 4.017
1634882280 22.78 82.25 0 4.017
1634882340 22.77 82.45 0 4.017
1634882400 22.75 82.62 0 4.017
1634882460 22.73 82.51 0 4.017
1634882520 22.71 82.48 0 4.017
1634882580 22.7 82.65 0 4.017
1634882640 22.7 82.62 0 4.017
1634882700 22.68 82.73 0 4.017
1634882760 22.71 82.5 0 4.017
1634882820 22.66 82.61 0 4.017
1634882880 22.66 82.66 0 4.017
1634882940 22.64 82.75 0 4.012
1634883000 22.63 82.62 0 4.017
1634883060 22.58 82.6 0 4.012
1634883120 22.6 82.6 0 4.012
1634883180 22.56 82.57 0 4.012
1634883240 22.56 82.59 0 4.012
1634883300 22.56 82.63 0 4.012
1634883360 22.6 82.7 0 4.017
1634883420 22.6 82.55 0 4.012
1634883480 22.63 82.32 0 4.017
1634883540 22.63 82.25 0 4.017
1634883600 22.64 82.14 0 4.017
1634883660 22.6 82.05 0 4.017
1634883720 22.63 82.12 0 4.012
1634883780 22.66 82.46 0 4.012
1634883840 22.64 82.66 0 4.012
1634883900 22.6 82.78 0 4.012
1634883960 22.58 82.75 0 4.012
1634884020 22.57 82.75 0 4.012
1634884080 22.56 82.78 0 4.012
1634884140 22.57 82.8 0 4.017
1634884200 22.51 82.82 0 4.012
1634884260 22.51 82.7 0 4.012
1634884320 22.5 82.77 0 4.017
1634884380 22.5 82.7 0 4.012
1634884440 22.47 82.84 0 4.012
1634884500 22.46 82.83 0 4.012
1634884560 22.44 82.82 0 4.012
1634884620 22.4 82.92 0 4.017
1634884680 22.39 82.68 0 4.012
1634884740 22.36 82.55 0 4.006
1634884800 22.34 82.69 0 4.012
1634884860 22.33 82.18 0 4.012
1634884920 22.4 82.22 0 4.012
1634884980 22.37 82.35 0 4.012
1634885040 22.39 82.57 0 4.012
1634885100 22.4 82.72 0 4.012
1634885160 22.43 82.08 0 4.012
1634885220 22.42 81.86 0 4.012
1634885280 22.46 81.73 0 4.012
1634885340 22.5 81.49 0 4.012
1634885400 22.48 81.45 0 4.012
1634885460 22.47 82.08 0 4.012
1634885520 22.44 82.16 0 4.012
1634885580 22.47 82.44 0 4.012
1634885640 22.46 82.49 0 4.006
1634885700 22.42 82.57 0 4.012
1634885760 22.42 82.7 0 4.012
1634885820 22.37 82.73 0 4.012
1634885880 22.39 82.75 0 4.012
1634885940 22.37 82.87 0 4.006
1634886000 22.34 82.81 0 4.012
1634886060 22.33 83.07 0 4.006
1634886120 22.33 83.32 0 4.012
1634886180 22.29 83.39 0 4.012
1634886240 22.27 83.49 0 4.012
1634886300 22.26 83.46 0 4.012
1634886360 22.2 83.56 0 4.012
1634886420 22.2 83.57 0 4.006
1634886480 22.17 83.64 0 4.006
1634886540 22.14 83.62 0 4.006
1634886600 22.14 83.68 0 4.012
1634886660 22.16 83.87 0 4.006
1634886720 22.12 83.79 0 4.006
1634886780 22.07 83.89 0 4.006
1634886840 22.06 84.02 0 4.012
1634886900 22.03 83.96 0 4.006
1634886960 22.02 84 0 4.006
1634887020 22.02 84.14 0 4.006
1634887080 22.03 84.29 0 4.006
1634887140 22.06 84.37 0 4.006
1634887200 22.09 84.32 0 4.006
1634887260 22.06 84.44 0 4.006
1634887320 22.07 84.52 0 4.006
1634887380 22.07 84.48 0 4.006
1634887440 22.07 84.54 0 4.006
1634887500 22.06 84.43 0 4.006
1634887560 22.05 84.39 0 4.006
1634887620 22.02 84.45 0 4.006
1634887680 21.99 84.62 0 4.006
1634887740 21.93 84.79 0 4.006
1634887800 21.95 84.79 0 4.006
1634887860 21.92 84.68 0 4.006
1634887920 21.93 84.91 0 4.006
1634887980 21.92 84.82 0 4.006
1634888040 21.92 84.93 0 4.006
1634888100 21.89 84.99 0 4.006
1634888160 21.92 85.25 0 4.006
1634888220 21.92 85.25 0 4.006
1634888280 21.92 85.33 0 4.006
1634888340 21.91 85.2 0 4.001
1634888400 21.93 85.23 0 4.006
1634888460 21.91 85.14 0 4.006
1634888520 21.93 85.18 0 4.006
1634888580 21.92 84.99 0 4.006
1634888640 21.91 84.94 0 4.001
1634888700 21.92 84.88 0 4.006
1634888760 21.92 84.91 0 4.006
1634888820 21.91 84.9 0 4.006
1634888880 21.92 84.71 0 4.006
1634888940 21.91 84.93 0 4.006
1634889000 21.89 84.85 0 4.006
1634889060 21.92 84.96 0 4.006
1634889120 21.95 84.95 0 4.006
1634889180 21.92 85.06 0 4.001
1634889240 21.93 85.2 0 4.001
1634889300 21.91 85.23 0 4.001
1634889360 21.88 85.22 0 4.001
1634889420 21.86 85.3 0 4.006
1634889480 21.88 85.34 0 4.001
1634889540 21.83 85.3 0 4.006
1634889600 21.81 85.38 0 4.006
1634889660 21.79 85.41 0 4.001
1634889720 21.75 85.52 0 4.006
1634889780 21.78 85.64 0 4.006
1634889840 21.72 85.54 0 4.001
1634889900 21.75 85.66 0 4.006
1634889960 21.73 85.67 0 4.006
1634890020 21.72 85.7 0 4.006
1634890080 21.75 85.78 0 4.001
1634890140 21.72 85.8 0 4.001
1634890200 21.71 85.72 0 4.001
1634890260 21.69 85.71 0 4.001
1634890320 21.71 85.81 0 4.001
1634890380 21.71 85.95 0 4.001
1634890440 21.71 85.91 0 4.001
1634890500 21.71 85.9 0 4.001
1634890560 21.68 85.85 0 4.001
1634890620 21.66 85.8 0 4.001
1634890680 21.65 85.78 0 4.006
1634890740 21.66 86.02 0 4.001
1634890800 21.68 86.11 0 4.001
1634890860 21.68 86.05 0 4.001
1634890920 21.68 86.1 0 4.001
1634890980 21.66 85.84 0 4.001
1634891040 21.65 85.72 0 4.001
1634891100 21.65 85.74 0 4.001
1634891160 21.63 85.88 0 4.001
1634891220 21.62 85.83 0 4.001
1634891280 21.65 85.81 0 4.001
1634891340 21.63 85.82 0 4.001
1634891400 21.63 85.9 0 4.001
1634891460 21.63 85.79 0 4.001
1634891520 21.65 85.76 0 4.001
1634891580 21.63 85.73 0 4.001
1634891640 21.66 85.7 0 4.001
1634891700 21.65 85.91 0 4.006
1634891760 21.66 86.12 0 4.001
1634891820 21.65 86.18 0 4.001
1634891880 21.63 86.34 0 4.001
1634891940 21.63 86.34 0 3.996
1634892000 21.65 86.31 0 4.001
1634892060 21.61 86.14 0 4.001
1634892120 21.59 86.11 0 4.001
1634892180 21.59 86.21 0 4.001
1634892240 21.59 86.07 0 4.001
1634892300 21.58 86.03 0 4.001
1634892360 21.58 86.06 0 4.001
1634892420 21.59 86.09 0 4.001
1634892480 21.63 85.96 0 4.001
1634892540 21.68 85.86 0 3.996
1634892600 21.71 85.87 0 4.001
1634892660 21.73 85.91 0 3.996
1634892720 21.71 85.81 0 4.001
1634892780 21.73 85.89 0 4.001
1634892840 21.75 85.71 0 3.996
1634892900 21.76 85.48 0 3.996
1634892960 21.78 85.44 0 3.996
1634893020 21.76 85.43 0 3.996
1634893080 21.75 84.83 0 4.001
1634893140 21.75 84.6 0 4.001
1634893200 21.75 84.37 0 4.001
1634893260 21.69 84.53 0 3.996
1634893320 21.68 84.48 0 4.001
1634893380 21.69 84.42 0 3.996
1634893440 21.66 84.39 0 3.996
1634893500 21.63 84.3 0 3.996
1634893560 21.66 84.36 0 3.996
1634893620 21.66 84.48 0 3.996
1634893680 21.63 84.62 0 3.996
1634893740 21.63 84.65 0 3.99
1634893800 21.63 84.89 0 3.996
1634893860 21.66 84.98 0 3.996
1634893920 21.73 84.72 0 3.996
1634893980 21.78 84.47 0 3.996
1634894040 21.81 84.35 0 3.996
1634894100 21.78 84.24 0 4.001
1634894160 21.81 84.38 0 3.996
1634894220 21.79 84.43 0 3.996
1634894280 21.79 84.55 0 3.996
1634894340 21.83 84.53 0 3.996
1634894400 21.82 84.33 0 3.996
1634894460 21.82 84.35 0 3.996
1634894520 21.81 84.27 0 3.996
1634894580 21.78 84.17 0 3.996
1634894640 21.81 84.06 0 3.996
1634894700 21.81 84.03 0 3.996
1634894760 21.78 84.07 0 3.996
1634894820 21.81 84.08 0 3.996
1634894880 21.81 84.14 0 3.996
1634894940 21.78 84.12 0 3.996
1634895000 21.78 84.26 0 3.996
1634895060 21.75 84.42 0 3.996
1634895120 21.73 84.48 0 3.996
1634895180 21.72 84.38 0 3.996
1634895240 21.73 84.28 0 3.996
1634895300 21.68 84.21 0 3.996
1634895360 21.71 84.28 0 3.996
1634895420 21.66 84.36 0 3.996
1634895480 21.66 84.44 0 3.996
1634895540 21.66 84.44 0 3.99
1634895600 21.66 84.41 0 3.996
1634895660 21.63 84.6 0 3.99
1634895720 21.62 84.89 0 3.996
1634895780 21.59 84.93 0 3.996
1634895840 21.58 84.96 0 3.99
1634895900 21.56 85.17 0 3.996
1634895960 21.55 85.29 0 3.99
1634896020 21.55 85.38 0 3.996
1634896080 21.58 85.49 0 3.99
1634896140 21.62 85.51 0 3.99
1634896200 21.59 85.45 0 3.996
1634896260 21.61 85.57 0 3.99
1634896320 21.65 85.55 0 3.99
1634896380 21.63 85.51 0 3.99
1634896440 21.63 85.49 0 3.99
1634896500 21.65 85.48 0 3.99
1634896560 21.63 85.53 0 3.99
1634896620 21.66 85.56 0 3.99
1634896680 21.61 85.72 0 3.99
1634896740 21.61 85.66 0 3.99
1634896800 21.59 85.81 0 3.99
1634896860 21.65 85.86 0 3.99
1634896920 21.65 85.79 0 3.99
1634896980 21.63 85.7 0 3.99
1634897040 21.66 85.71 0 3.99
1634897100 21.65 85.62 0 3.996
1634897160 21.69 85.81 0 3.99
1634897220 21.68 85.71 0 3.996
1634897280 21.72 85.77 0 3.99
1634897340 21.71 85.7 0 3.99
1634897400 21.71 85.65 0 3.99
1634897460 21.72 85.65 0 3.99
1634897520 21.72 85.59 0 3.99
1634897580 21.72 85.59 0 3.99
1634897640 21.71 85.62 0 3.99
1634897700 21.71 85.63 0 3.99
1634897760 21.69 85.66 0 3.99
1634897820 21.66 85.7 0 3.99
1634897880 21.66 85.64 0 3.99
1634897940 21.62 85.7 0 3.99
1634898000 21.62 85.76 0 3.99
1634898060 21.59 85.71 0 3.99
1634898120 21.59 85.84 0 3.99
1634898180 21.58 85.89 0 3.99
1634898240 21.59 85.96 0 3.985
1634898300 21.59 86.25 0 3.99
1634898360 21.56 86.45 0 3.99
1634898420 21.55 86.46 0 3.99
1634898480 21.54 86.43 0 3.99
1634898540 21.54 86.43 0 3.99
1634898600 21.55 86.39 4 3.99
1634898660 21.54 86.16 4 3.99
1634898720 21.51 86.18 4 3.99
1634898780 21.54 86.25 4 3.99
1634898840 21.51 86.23 0 3.99
1634898900 21.49 86.22 0 3.99
1634898960 21.46 86.24 4 3.985
1634899020 21.48 86.25 4 3.99
1634899080 21.46 86.4 4 3.99
1634899140 21.45 86.31 10 3.985
1634899200 21.45 86.2 16 3.99
1634899260 21.48 86.15 22 3.99
1634899320 21.52 86.07 28 3.985
1634899380 21.52 85.99 34 3.985
1634899440 21.51 85.78 34 3.99
1634899500 21.61 85.67 34 3.99
1634899560 21.59 84.84 40 3.985
1634899620 21.61 84.7 40 3.99
1634899680 21.62 84.34 40 3.985
1634899740 21.65 84.01 40 3.985
1634899800 21.68 83.76 34 3.985
1634899860 21.69 83.44 28 3.985
1634899920 21.73 83.39 28 3.985
1634899980 21.73 82.96 22 3.985
1634900040 21.76 82.71 22 3.985
1634900100 21.76 82.64 22 3.985
1634900160 21.78 82.4 22 3.985
1634900220 21.79 82.43 22 3.99
1634900280 21.79 82.23 22 3.985
1634900340 21.81 82.15 16 3.99
1634900400 21.83 82.31 16 3.985
1634900460 21.88 82.37 22 3.985
1634900520 21.88 82.22 22 3.99
1634900580 21.86 81.95 22 3.99
1634900640 21.88 81.87 28 3.985
1634900700 21.92 81.88 28 3.985
1634900760 21.91 81.95 34 3.985
1634900820 21.92 82.1 34 3.985
1634900880 21.95 81.98 34 3.985
1634900940 21.95 81.65 34 3.979
1634901000 21.97 81.42 40 3.985
1634901060 21.99 81.39 40 3.985
1634901120 22.05 81.69 40 3.985
1634901180 22 80.52 34 3.985
1634901240 22.05 80.67 34 3.985
1634901300 22.05 80.74 28 3.985
1634901360 22.03 80.58 22 3.985
1634901420 22.06 80.58 22 3.985
1634901480 22.05 80.64 16 3.985
1634901540 22.07 80.93 16 3.985
1634901600 22.13 81.56 16 3.985
1634901660 22.17 81.29 16 3.985
1634901720 22.19 80.8 16 3.985
1634901780 22.23 80.79 16 3.985
1634901840 22.26 80.67 22 3.979
1634901900 22.27 80.2 22 3.979
1634901960 22.29 79.97 22 3.985
1634902020 22.3 79.92 22 3.979
1634902080 22.33 79.89 22 3.985
1634902140 22.37 79.9 22 3.985
1634902200 22.39 79.78 22 3.979
1634902260 22.43 79.76 22 3.979
1634902320 22.46 79.8 22 3.985
1634902380 22.47 79.87 16 3.985
1634902440 22.56 79.88 22 3.985
1634902500 22.56 79.89 22 3.985
1634902560 22.6 79.88 22 3.985
1634902620 22.64 80.13 22 3.985
1634902680 22.66 80.22 22 3.979
1634902740 22.7 80.48 22 3.979
1634902800 22.75 80.42 22 3.979
1634902860 22.79 80.2 28 3.979
1634902920 22.83 80.07 28 3.979
1634902980 22.85 79.93 28 3.985
1634903040 22.93 79.84 28 3.979
1634903100 22.98 79.57 28 3.985
1634903160 23.02 79.37 28 3.985
1634903220 23.05 79.12 28 3.985
1634903280 23.07 79.06 28 3.979
1634903340 23.05 78.96 28 3.979
1634903400 23.09 79.09 28 3.979
1634903460 23.12 79.15 28 3.985
1634903520 23.14 79.29 28 3.979
1634903580 23.18 79.48 34 3.985
1634903640 23.18 79.59 34 3.979
1634903700 23.21 79.69 28 3.979
1634903760 23.19 79.72 34 3.985
1634903820 23.18 79.67 34 3.979
1634903880 23.19 79.56 34 3.979
1634903940 23.17 79.44 34 3.979
1634904000 23.11 79.59 34 3.979
1634904060 23.12 79.71 34 3.985
1634904120 23.07 79.59 34 3.979
1634904180 23.04 79.81 40 3.979
1634904240 23.04 79.6 40 3.979
1634904300 23.07 79.65 40 3.985
1634904360 23.08 79.78 40 3.979
1634904420 23.05 79.62 46 3.979
1634904480 23.01 79.8 46 3.979
1634904540 22.93 79.99 46 3.979
1634904600 22.93 80.09 51 3.979
1634904660 22.94 79.84 51 3.979
1634904720 22.93 80.01 51 3.979
1634904780 22.91 79.87 51 3.979
1634904840 22.94 79.78 57 3.979
1634904900 22.83 79.75 57 3.979
1634904960 22.83 79.85 57 3.979
1634905020 22.85 80.14 63 3.979
1634905080 22.88 80.48 63 3.979
1634905140 22.88 80.82 63 3.979
1634905200 22.94 80.89 69 3.979
1634905260 22.9 81.09 69 3.979
1634905320 22.93 81.02 69 3.979
1634905380 22.97 81.06 75 3.979
1634905440 22.99 80.9 75 3.974
1634905500 23.01 80.79 81 3.979
1634905560 23.05 80.58 81 3.979
1634905620 23.11 80.7 81 3.974
1634905680 23.08 80.81 81 3.979
1634905740 23.12 80.84 81 3.979
1634905800 23.17 80.73 81 3.974
1634905860 23.24 80.69 81 3.979
1634905920 23.24 80.39 81 3.979
1634905980 23.25 80.26 87 3.979
1634906040 23.33 80.36 87 3.979
1634906100 23.3 80.23 87 3.979
1634906160 23.33 80.19 93 3.979
1634906220 23.33 80.08 93 3.979
1634906280 23.35 80.39 93 3.979
1634906340 23.29 80.52 99 3.974
1634906400 23.26 80.59 99 3.979
1634906460 23.26 80.48 103 3.979
1634906520 23.18 80.5 103 3.979
1634906580 23.11 80.65 109 3.979
1634906640 23.04 80.73 109 3.985
1634906700 23.08 80.99 115 3.979
1634906760 23.12 80.72 121 3.985
1634906820 23.14 80.45 121 3.985
1634906880 23.11 80.37 134 3.979
1634906940 23.18 80.2 140 3.99
1634907000 23.26 79.87 140 3.985
1634907060 23.25 79.78 146 3.99
1634907120 23.29 79.92 152 3.99
1634907180 23.25 80.05 152 3.985
1634907240 23.21 80.13 152 3.985
1634907300 23.22 80.36 158 3.99
1634907360 23.18 80.13 162 3.99
1634907420 23.15 80.05 164 3.99
1634907480 23.28 80.12 174 3.99
1634907540 23.24 80.25 174 3.99
1634907600 23.33 80.16 180 3.99
1634907660 23.44 79.28 180 3.996
1634907720 23.63 78.98 186 3.996
1634907780 23.62 78.41 192 3.996
1634907840 23.65 78.37 198 3.996
1634907900 23.68 78.47 204 4.001
1634907960 23.84 77.78 210 4.001
1634908020 23.89 77.54 222 4.001
1634908080 23.97 77.32 228 4.006
1634908140 24.04 77.08 240 4.001
1634908200 24.17 76.44 252 4.006
1634908260 24.13 76.12 269 4.006
1634908320 24.21 76.11 283 4.012
1634908380 24.28 75.23 287 4.012
1634908440 24.31 75.36 301 4.017
1634908500 24.38 74.77 311 4.017
1634908560 24.41 74.38 311 4.017
1634908620 24.48 74.16 311 4.022
1634908680 24.61 73.13 301 4.022
1634908740 24.82 72.88 289 4.022
1634908800 25.08 72.83 271 4.022
1634908860 25.15 71.78 265 4.022
1634908920 25.36 71.15 265 4.017
1634908980 25.56 71.26 271 4.022
1634909040 25.67 70.21 277 4.017
1634909100 25.86 69.95 283 4.022
1634909160 25.97 69.95 289 4.028
1634909220 25.94 69.83 295 4.028
1634909280 26.01 69.54 301 4.028
1634909340 26.1 69.21 313 4.033
1634909400 26.31 69.14 331 4.033
1634909460 26.42 68.23 463 4.049
1634909520 26.63 67.29 409 4.044
1634909580 26.9 67.07 349 4.044
1634909640 26.9 65.71 350 4.044
1634909700 27.05 66.14 379 4.044
1634909760 27.29 65.85 602 4.065
1634909820 27.64 64.56 658 4.076
1634909880 27.91 63.22 611 4.082
1634909940 28.18 61.99 629 4.082
1634910000 28.14 62.15 649 4.087
1634910060 28.41 61.75 630 4.092
1634910120 28.69 61.71 650 4.098
1634910180 28.62 61.47 650 4.098
1634910240 28.65 61.23 662 4.103
1634910300 29.25 59.63 700 4.114
1634910360 29.63 58.92 701 4.114
1634910420 29.95 58.04 664 4.114
1634910480 30.16 56.97 635 4.114
1634910540 30.25 56.63 481 4.103
1634910600 29.79 56.47 379 4.098
1634910660 29.38 56.41 355 4.092
1634910720 29.34 57.7 353 4.092
1634910780 29.02 58.24 403 4.098
1634910840 28.63 59.95 579 4.108
1634910900 28.99 58.24 549 4.114
1634910960 29.23 57.98 525 4.119
1634911020 29.23 58.12 665 4.082
1634911080 29.25 57.65 706 4.076
1634911140 29.47 57.07 700 4.071
1634911200 29.63 57.03 700 4.071
1634911260 29.33 57.41 680 4.071
1634911320 29.37 57.53 704 4.071
1634911380 29.86 56.66 686 4.065
1634911440 29.84 56.99 698 4.065
1634911500 30.12 56.47 692 4.065
1634911560 30.26 55.74 709 4.06
1634911620 30.47 55.24 698 4.06
1634911680 30.65 54.61 650 4.06
1634911740 30.33 55.57 656 4.103
1634911800 30.27 55.53 633 4.114
1634911860 30.09 55.64 617 4.119
1634911920 29.96 55.74 593 4.119
1634911980 30.01 56.07 617 4.125
1634912040 30.02 55.85 618 4.087
1634912100 30.39 55.62 581 4.082
1634912160 29.94 55.24 551 4.076
1634912220 29.67 56.28 490 4.076
1634912280 29.74 56.2 442 4.076
1634912340 29.88 55.64 484 4.071
1634912400 30.04 54.99 519 4.071
1634912460 30.25 54.77 519 4.071
1634912520 30.45 54.09 531 4.071
1634912580 30.62 52.85 519 4.071
1634912640 30.73 52.05 512 4.098
1634912700 30.62 51.56 451 4.103
1634912760 30.04 53.04 361 4.103
1634912820 29.85 53.42 343 4.098
1634912880 29.74 54.02 331 4.098
1634912940 29.47 55.41 337 4.098
1634913000 29.41 55.6 343 4.103
1634913060 29.23 56.39 355 4.103
1634913120 29.3 56.56 385 4.108
1634913180 29.25 55.81 411 4.114
1634913240 29.28 55.69 411 4.114
1634913300 29.28 56.21 429 4.119
1634913360 29.38 56.19 411 4.125
1634913420 29.18 56.76 436 4.125
1634913480 28.93 57.1 424 4.125
1634912640 30.73 52.05 512 4.098
1634912700 30.62 51.56 451 4.103
1634912760 30.04 53.04 361 4.103
1634912820 29.85 53.42 343 4.098
1634912880 29.74 54.02 331 4.098
1634912940 29.47 55.41 337 4.098
1634913000 29.41 55.6 343 4.103
1634913060 29.23 56.39 355 4.103
1634913120 29.3 56.56 385 4.108
1634913180 29.25 55.81 411 4.114
1634913240 29.28 55.69 411 4.114
1634913300 29.28 56.21 429 4.119
1634913360 29.38 56.19 411 4.125
1634913420 29.18 56.76 436 4.125
1634913480 28.93 57.1 424 4.125
1634913540 29.06 57.38 405 4.114
1634913600 28.96 56.75 380 4.119
1634913660 29.03 57.3 362 4.125
1634913720 29.09 56.72 350 4.125
1634913780 29.02 56.5 362 4.125
1634913840 29.16 56.48 409 4.108
1634913900 29.14 56.64 451 4.103
1634913960 29.2 56.54 469 4.103
1634914020 29.25 55.95 475 4.098
1634914080 29.23 55.92 542 4.098
1634914140 28.96 55.87 590 4.098
1634914200 28.94 56.5 578 4.098
1634914260 29.1 55.97 570 4.092
1634914320 29.45 55.11 570 4.092
1634914380 29.38 54.97 576 4.092
1634914440 29.41 54.73 576 4.087
1634914500 29.68 54.39 582 4.087
1634914560 29.74 53.95 582 4.087
1634914620 29.91 54.1 576 4.087
1634914680 30.16 53.99 432 4.087
1634914740 30.35 53.13 521 4.087
1634914800 30.5 53.1 527 4.082
1634914860 30.49 51.26 533 4.082
1634914920 30.47 50.92 534 4.082
1634914980 30.59 51.36 533 4.082
1634915040 30.36 50.1 472 4.082
1634915100 30.63 49.33 502 4.082
1634915160 30.47 50.78 521 4.082
1634915220 30.6 50.45 490 4.082
1634915280 30.59 50.36 466 4.082
1634915340 30.57 50.15 519 4.114
1634915400 30.4 50.18 551 4.125
1634915460 30.52 51.09 588 4.092
1634915520 30.14 51.48 612 4.092
1634915580 30.12 52.37 679 4.087
1634915640 30.16 52.86 701 4.087
1634915700 30.3 52.68 768 4.087
1634915760 30.43 52.49 731 4.087
1634915820 30.69 52.28 786 4.082
1634915880 30.87 51.52 840 4.082
1634915940 30.91 51.86 846 4.087
1634916000 30.59 53.69 792 4.082
1634916060 30.97 52.69 822 4.082
1634916120 30.74 52.81 822 4.082
1634916180 30.97 52.61 804 4.082
1634916240 31.14 51.09 748 4.076
1634916300 31.67 49.74 796 4.076
1634916360 31.73 48.46 874 4.076
1634916420 31.57 48.89 832 4.076
1634916480 31.67 48.54 820 4.082
1634916540 31.98 47.99 814 4.076
1634916600 32.16 48.27 796 4.076
1634916660 32.24 48.48 808 4.076
1634916720 32.23 49.16 748 4.076
1634916780 31.93 50.42 730 4.076
1634916840 31.52 51.45 664 4.076
1634916900 31.47 52.19 724 4.071
1634916960 31.51 52.78 807 4.071
1634917020 31.27 52.03 814 4.071
1634917080 31.51 51.4 862 4.071
1634917140 31.79 50.58 879 4.13
1634917200 32.12 50.08 915 4.151
1634917260 32.23 49.85 829 4.157
1634917320 32.23 48.98 897 4.119
1634917380 32.22 48.58 905 4.108
1634917440 32.13 47.88 953 4.103
1634917500 32.36 46.89 959 4.098
1634917560 32.42 46.59 915 4.098
1634917620 32.81 45.6 867 4.098
1634917680 32.83 46.46 885 4.098
1634917740 33.01 46.45 799 4.092
1634917800 32.7 47.29 914 4.092
1634917860 32.73 47.49 932 4.092
1634917920 32.77 46.92 944 4.092
1634917980 32.63 47.34 787 4.092
1634918040 32.7 46.95 810 4.087
1634918100 32.66 47.11 840 4.087
1634918160 32.54 47.03 918 4.087
1634918220 32.6 47.5 960 4.087
1634918280 32.51 47.66 972 4.087
1634918340 32.53 47.47 978 4.087
1634918400 32.73 47.39 978 4.087
1634918460 32.85 46.89 977 4.087
1634918520 33.05 46.89 978 4.087
1634918580 33.11 46.84 977 4.087
1634918640 33.36 45.5 977 4.082
1634918700 33.41 45.11 978 4.082
1634918760 33.49 45.68 978 4.087
1634918820 33.69 44.21 977 4.082
1634918880 34.23 44.34 983 4.082
1634918940 34.13 43.83 986 4.146
1634919000 34.29 42.7 984 4.162
1634919060 34.51 42.87 987 4.178
1634919120 34.75 41.65 989 4.189
1634919180 34.37 41.3 995 4.157
1634919240 34.53 41.81 998 4.194
1634919300 34.42 41.36 996 4.162
1634919360 34.47 41.28 998 4.167
1634919420 34.27 40.6 992 4.173
1634919480 34.71 40.79 993 4.151
1634919540 34.54 41.1 992 4.146
1634919600 34.09 41.33 992 4.141
1634919660 34.32 41.4 992 4.141
1634919720 34.78 41.26 1002 4.135
1634919780 34.84 40.68 1007 4.13
1634919840 34.84 40.25 1007 4.13
1634919900 35.14 40.04 995 4.125
1634919960 34.57 40.83 969 4.13
1634920020 34.05 40.77 975 4.125
1634920080 34.39 40.26 939 4.125
1634920140 34.53 40.25 951 4.125
1634920200 34.91 39.66 945 4.125
1634920260 35.29 38.74 962 4.125
1634920320 35.45 38.29 938 4.119
1634920380 35.25 38.42 956 4.119
1634920440 34.75 39.53 974 4.119
1634920500 34.5 39.86 986 4.119
1634920560 34.88 39.76 1004 4.119
1634920620 34.97 39.17 1004 4.119
1634920680 34.63 39.84 1002 4.119
1634920740 34.46 39.84 1007 4.114
1634920800 34.56 39.63 1002 4.114
1634920860 34.42 39.92 1001 4.114
1634920920 34.73 39.61 1002 4.108
1634920980 34.71 39.56 996 4.114
1634921040 35.01 39.19 1008 4.108
1634921100 35.18 38.81 1013 4.108
1634921160 35.21 39.37 1013 4.108
1634921220 35.49 38.69 1007 4.108
1634921280 35.38 38.61 1001 4.108
1634921340 35.55 38.48 1007 4.108
1634921400 36.09 38.54 1013 4.108
1634921460 36.48 36.91 1013 4.103
1634921520 36.34 36.88 1007 4.108
1634921580 36.39 37.56 1007 4.103
1634921640 36.81 37.35 984 4.162
1634921700 36.87 37.16 1002 4.189
1634921760 36.36 37.99 998 4.2
1634921820 35.44 38.84 966 4.141
1634921880 35.23 38.95 1002 4.135
1634921940 35.46 39.84 1008 4.13
1634922000 34.98 38.27 1013 4.13
1634922060 35.01 39.36 1007 4.13
1634922120 35.34 39.48 975 4.13
1634922180 35.27 38.92 1017 4.125
1634922240 35.24 38.75 1017 4.125
1634922300 35.58 38.48 1017 4.125
1634922360 36.15 37.86 998 4.125
1634922420 36.27 36.36 1010 4.119
1634922480 36.31 37.6 1016 4.119
1634922540 36.47 36.97 1022 4.114
1634922600 36.63 36.1 1021 4.119
1634922660 36.7 35.88 1016 4.114
1634922720 36.8 35.52 1016 4.119
1634922780 36.8 35.57 1021 4.119
1634922840 37.11 36.04 1027 4.114
1634922900 37.36 34.82 996 4.114
1634922960 37.53 34.31 990 4.114
1634923020 37.65 33.64 1002 4.114
1634923080 37.87 34 966 4.114
1634923140 37.48 33.76 1008 4.108
1634923200 37.63 33.9 1014 4.114
1634923260 37.08 33.41 1034 4.108
1634923320 36.39 34.77 1033 4.108
1634923380 36.47 35.13 1039 4.108
1634923440 37.02 34.99 1046 4.167
1634923500 37.08 35.64 1040 4.189
1634923560 37.14 35.76 1028 4.2
1634923620 37 34.19 1011 4.151
1634923680 36.48 35.46 974 4.146
1634923740 36.26 35.07 1004 4.141
1634923800 36.78 34.87 1008 4.141
1634923860 37.19 34.75 1008 4.135
1634923920 36.92 34.57 1033 4.135
1634923980 36.68 34.3 1051 4.13
1634924040 36.82 35.38 1049 4.13
1634924100 37.02 34.19 1031 4.13
1634924160 37.17 34.68 1013 4.13
1634924220 37.05 35.03 1085 4.13
1634924280 37.08 34.64 1091 4.125
1634924340 37.12 33.98 1091 4.125
1634924400 36.92 34.48 1054 4.125
1634924460 36.98 34.85 974 4.125
1634924520 37.11 34.32 891 4.125
1634924580 37.36 34.3 823 4.125
1634924640 37.31 33.59 847 4.119
1634924700 37.15 34.52 817 4.125
1634924760 37.22 34.77 755 4.119
1634924820 36.94 33.31 768 4.119
1634924880 36.92 34.44 749 4.119
1634924940 37.02 33.87 786 4.119
1634925000 36.85 34.34 847 4.119
1634925060 37.05 33.72 841 4.119
1634925120 36.54 33.72 768 4.119
1634925180 36.27 34.86 447 4.114
1634925240 35.66 40.71 682 4.114
1634925300 34.58 44.7 676 4.108
1634925360 34.13 46.37 667 4.108
1634925420 34.29 46.75 621 4.114
1634925480 34.46 46.94 409 4.108
1634925540 34.15 47.67 664 4.108
1634925600 33.52 49.62 784 4.114
1634925660 33.18 50.87 403 4.108
1634925720 32.98 51.41 646 4.108
1634925780 32.51 52.12 409 4.103
1634925840 32.75 52.3 361 4.103
1634925900 32.81 51.86 391 4.108
1634925960 32.94 51.85 879 4.103
1634926020 32.77 51.98 752 4.103
1634926080 32.74 52.1 626 4.103
1634926140 32.96 52.1 855 4.098
1634926200 32.6 52.55 849 4.103
1634926260 32.96 51.71 873 4.103
1634926320 32.96 51.6 861 4.098
1634926380 32.8 51.91 867 4.098
1634926440 32.7 52.3 861 4.098
1634926500 32.96 51.61 849 4.098
1634926560 32.8 52.18 855 4.098
1634926620 32.98 51.79 807 4.098
1634926680 33.22 51.65 763 4.098
1634926740 33.11 51.14 746 4.098
1634926800 32.83 52.32 698 4.098
1634926860 32.84 52.35 673 4.098
1634926920 32.08 53.48 697 4.098
1634926980 32.18 54.28 679 4.098
1634927040 32.3 53.98 594 4.098
1634927100 32 53.93 727 4.092
1634927160 31.86 54.81 283 4.098
1634927220 31.92 55.2 263 4.092
1634927280 31.65 55.12 329 4.092
1634927340 31.2 56.71 426 4.092
1634927400 31.1 57.54 329 4.092
1634927460 31.28 57.08 371 4.092
1634927520 31.02 57.78 456 4.092
1634927580 30.77 58.47 426 4.092
1634927640 30.49 58.56 420 4.087
1634927700 30.5 59.26 516 4.092
1634927760 30.55 59.31 924 4.092
1634927820 30.84 58.57 743 4.087
1634927880 31.14 57.97 774 4.087
1634927940 31.42 57.3 716 4.098
1634928000 31.42 56.23 950 4.092
1634928060 31.81 56.32 1010 4.092
1634928120 31.68 56.34 1008 4.092
1634928180 31.99 56.13 1040 4.087
1634928240 32 55.33 1034 4.087
1634928300 32.03 54.74 1002 4.087
1634928360 31.99 55.62 936 4.087
1634928420 32.54 54.56 798 4.092
1634928480 32.67 53.55 966 4.087
1634928540 32.74 53.26 900 4.087
1634928600 33.01 52.71 564 4.087
1634928660 33 52.51 329 4.087
1634928720 32.87 52.66 323 4.087
1634928780 32.6 53.29 317 4.082
1634928840 32.1 53.79 319 4.103
1634928900 31.92 54.93 319 4.103
1634928960 31.9 54.61 313 4.103
1634929020 31.49 56.13 307 4.108
1634929080 31.53 56.14 307 4.114
1634929140 31.47 56.22 313 4.108
1634929200 31.3 56.73 319 4.114
1634929260 31.3 56.73 320 4.119
1634929320 31.11 56.97 320 4.119
1634929380 30.7 58.31 326 4.125
1634929440 30.86 57.67 332 4.125
1634929500 30.66 57.78 350 4.125
1634929560 30.7 57.72 561 4.114
1634929620 30.87 57.63 512 4.108
1634929680 30.8 57.26 941 4.108
1634929740 31.01 57.08 427 4.098
1634929800 31.32 56.42 807 4.098
1634929860 31.28 55.93 686 4.098
1634929920 31.57 55.63 819 4.098
1634929980 31.95 54.56 373 4.103
1634930040 32.03 53.96 530 4.098
1634930100 31.82 54.16 313 4.098
1634930160 31.35 55.81 536 4.098
1634930220 31.18 55.63 451 4.098
1634930280 31.24 56.31 578 4.098
1634930340 31.25 56.03 903 4.098
1634930400 31.32 56.41 301 4.098
1634930460 31.52 55.86 289 4.098
1634930520 30.96 56.89 301 4.098
1634930580 31.06 56.93 311 4.092
1634930640 31.02 57.14 331 4.103
1634930700 30.81 57.36 313 4.098
1634930760 30.94 57.44 379 4.098
1634930820 31.11 56.97 269 4.098
1634930880 31.17 56.6 275 4.092
1634930940 30.86 56.93 263 4.092
1634931000 30.59 57.59 564 4.092
1634931060 29.71 59.38 829 4.092
1634931120 29.68 60.44 275 4.092
1634931180 29.85 59.8 317 4.092
1634931240 29.58 60.81 263 4.092
1634931300 29.63 59.94 365 4.092
1634931360 29.58 60.08 365 4.092
1634931420 29.48 60.61 624 4.092
1634931480 29.37 60.86 733 4.087
1634931540 29.4 61.02 405 4.114
1634931600 29.44 61.1 745 4.092
1634931660 29.84 60.43 793 4.092
1634931720 29.88 59.8 775 4.087
1634931780 30.49 58.26 780 4.087
1634931840 30.78 57.09 780 4.087
1634931900 31.01 56.67 816 4.087
1634931960 31.04 56.5 757 4.087
1634932020 31.1 56.12 755 4.087
1634932080 31.07 55.57 257 4.087
1634932140 31.21 55.53 257 4.087
1634932200 31.21 55.44 251 4.087
1634932260 31.27 55.49 251 4.087
1634932320 31.28 55.69 287 4.087
1634932380 31.28 55.33 251 4.087
1634932440 31 55.79 263 4.092
1634932500 30.29 56.95 271 4.098
1634932560 29.96 58.09 246 4.098
1634932620 29.67 58.93 222 4.098
1634932680 29.63 59.9 240 4.103
1634932740 29.64 59.31 228 4.103
1634932800 29.72 59.5 228 4.103
1634932860 29.71 59.36 240 4.108
1634932920 29.53 59.86 246 4.108
1634932980 29.35 60.88 234 4.108
1634933040 29.51 60.48 234 4.108
1634933100 29.34 60.79 609 4.108
1634933160 29.33 60.66 465 4.114
1634933220 29.5 60.15 271 4.114
1634933280 29.57 59.32 724 4.103
1634933340 29.63 58.94 694 4.108
1634933400 29.98 58.54 246 4.108
1634933460 30.05 58.22 222 4.114
1634933520 30.2 57.78 228 4.114
1634933580 30.01 58.04 374 4.119
1634933640 29.44 59.98 591 4.114
1634933700 29.61 59.98 325 4.103
1634933760 29.75 59.13 295 4.103
1634933820 29.78 59.56 313 4.103
1634933880 30.05 58.99 331 4.103
1634933940 30.39 58.45 313 4.103
1634934000 30.49 58.09 295 4.098
1634934060 30.18 58.16 295 4.103
1634934120 30.26 57.35 289 4.098
1634934180 30.27 56.96 331 4.098
1634934240 30.35 57.25 301 4.108
1634934300 30.33 57.09 289 4.114
1634934360 30.42 57.43 272 4.119
1634934420 30.4 57.44 278 4.119
1634934480 30.4 56.99 284 4.125
1634934540 30.15 57.96 265 4.108
1634934600 30.2 57.69 240 4.108
1634934660 30.2 58.19 216 4.103
1634934720 29.71 58.95 216 4.103
1634934780 29.54 59.28 228 4.103
1634934840 29.38 59.51 228 4.103
1634934900 29.3 60.01 216 4.103
1634934960 29.35 59.75 216 4.103
1634935020 29.27 59.91 222 4.103
1634935080 29.25 60.08 228 4.098
1634935140 29.33 60.09 246 4.108
1634935200 29.33 60.21 234 4.114
1634935260 29.54 59.99 246 4.119
1634935320 29.57 59.63 271 4.119
1634935380 29.57 59.36 240 4.119
1634935440 29.5 59.76 234 4.119
1634935500 29.48 60.32 198 4.119
1634935560 29.44 60.75 186 4.119
1634935620 29.54 60.43 186 4.119
1634935680 29.55 60.12 210 4.119
1634935740 29.35 60.27 230 4.125
1634935800 29.51 60.36 242 4.125
1634935860 29.34 59.13 248 4.125
1634935920 29.38 60.29 248 4.125
1634935980 29.54 59.99 248 4.13
1634936040 29.61 59.35 236 4.125
1634936100 29.6 59.19 224 4.13
1634936160 29.58 59.64 206 4.13
1634936220 29.18 60.75 188 4.13
1634936280 29.16 61.71 162 4.13
1634936340 29.25 61.31 144 4.125
1634936400 29.27 61.2 138 4.13
1634936460 29.21 60.42 156 4.13
1634936520 29.2 60.49 168 4.125
1634936580 29 60.69 200 4.13
1634936640 28.99 61.52 200 4.13
1634936700 29.04 60.79 194 4.135
1634936760 29.04 60.64 194 4.13
1634936820 29.03 60.95 188 4.135
1634936880 28.79 61.79 188 4.135
1634936940 28.56 62.68 188 4.13
1634937000 28.49 63.43 174 4.13
1634937060 28.26 64.37 150 4.13
1634937120 28.12 64.94 156 4.13
1634937180 28.14 64.95 144 4.13
1634937240 27.97 65.26 138 4.13
1634937300 28.01 65.42 138 4.13
1634937360 28.16 64.57 144 4.13
1634937420 28.23 63.83 156 4.13
1634937480 28.15 63.96 168 4.135
1634937540 28.1 63.83 168 4.135
1634937600 27.91 64.35 182 4.135
1634937660 27.9 64.91 182 4.135
1634937720 28.04 64.49 170 4.135
1634937780 28.12 63.63 150 4.135
1634937840 27.88 64.68 144 4.13
1634937900 27.97 64.91 138 4.13
1634937960 27.95 64.42 150 4.13
1634938020 27.67 65.47 144 4.13
1634938080 27.76 65.75 144 4.13
1634938140 27.95 65.28 138 4.13
1634938200 28.02 64.95 132 4.13
1634938260 28.02 65.45 108 4.13
1634938320 28.08 65 96 4.13
1634938380 28.15 64.65 84 4.13
1634938440 28.02 65.29 78 4.125
1634938500 28.04 65.68 78 4.125
1634938560 27.68 66.53 84 4.125
1634938620 27.49 67.4 84 4.125
1634938680 27.32 68.11 84 4.13
1634938740 27.27 68.08 78 4.119
1634938800 27.27 68.56 72 4.119
1634938860 27.17 68.74 66 4.119
1634938920 27.14 68.78 72 4.119
1634938980 26.96 69.28 90 4.119
1634939040 26.93 69.48 102 4.119
1634939100 26.79 69.95 96 4.119
1634939160 26.74 70.37 90 4.125
1634939220 26.81 70.22 90 4.119
1634939280 26.93 69.97 84 4.119
1634939340 26.93 69.76 72 4.119
1634939400 26.79 70.3 66 4.119
1634939460 26.72 70.55 72 4.119
1634939520 26.74 70.83 78 4.119
1634939580 26.79 70.7 78 4.119
1634939640 26.86 70.56 72 4.114
1634939700 26.79 70.54 72 4.114
1634939760 26.83 70.37 66 4.114
1634939820 26.83 70.56 60 4.114
1634939880 26.88 70.69 48 4.114
1634939940 26.89 70.4 42 4.114
1634940000 26.95 70.54 42 4.114
1634940060 26.89 70.18 42 4.114
1634940120 26.81 70.53 36 4.114
1634940180 26.78 70.69 36 4.114
1634940240 26.69 70.96 24 4.114
1634940300 26.68 71.15 24 4.114
1634940360 26.71 71.1 24 4.114
1634940420 26.69 70.93 24 4.114
1634940480 26.56 70.95 24 4.114
1634940540 26.48 71.33 24 4.108
1634940600 26.38 71.42 24 4.108
1634940660 26.31 71.68 24 4.108
1634940720 26.2 72.05 24 4.108
1634940780 26.31 72.05 18 4.108
1634940840 26.21 72.1 18 4.108
1634940900 26.14 72.54 18 4.108
1634940960 26.1 72.78 18 4.108
1634941020 26.04 72.68 18 4.108
1634941080 26.01 73.02 18 4.108
1634941140 26.08 73.1 12 4.108
1634941200 26.1 72.99 12 4.108
1634941260 26.14 73 12 4.108
1634941320 26.17 73.15 6 4.108
1634941380 26.2 72.72 6 4.103
1634941440 26.08 72.6 6 4.098
1634941500 26.07 72.77 0 4.103
1634941560 26.08 72.86 0 4.103
1634941620 26.13 72.74 0 4.103
1634941680 26.11 72.47 0 4.103
1634941740 26.14 72.76 0 4.103
1634941800 26.15 72.43 0 4.103
1634941860 26.04 72.75 0 4.103
1634941920 26.1 72.97 0 4.103
1634941980 26.13 72.97 0 4.103
1634942040 26.1 73.21 0 4.103
1634942100 25.94 73.42 0 4.103
1634942160 25.87 73.66 0 4.103
1634942220 25.79 73.1 0 4.103
1634942280 25.73 73.45 0 4.103
1634942340 25.7 73.18 0 4.092
1634942400 25.63 73.44 0 4.098
1634942460 25.54 73.53 0 4.098
1634942520 25.56 73.73 0 4.098
1634942580 25.53 73.68 0 4.098
1634942640 25.52 73.72 0 4.098
1634942700 25.42 73.95 0 4.098
1634942760 25.34 74.5 0 4.098
1634942820 25.32 74.63 0 4.098
1634942880 25.39 74.56 0 4.098
1634942940 25.43 74.48 0 4.098
1634943000 25.46 74.33 0 4.098
1634943060 25.49 74.14 0 4.098
1634943120 25.52 74.02 0 4.098
1634943180 25.5 74.06 0 4.098
1634943240 25.5 73.94 0 4.092
1634943300 25.5 74.02 0 4.092
1634943360 25.37 74.66 0 4.092
1634943420 25.39 74.82 0 4.092
1634943480 25.34 75.19 0 4.092
1634943540 25.33 75.34 0 4.092
1634943600 25.42 75.38 0 4.092
1634943660 25.36 75.07 0 4.092
1634943720 25.37 75.43 0 4.092
1634943780 25.39 75.38 0 4.092
1634943840 25.4 75.46 0 4.092
1634943900 25.42 75.39 0 4.092
1634943960 25.39 75.45 0 4.092
1634944020 25.23 76.1 0 4.092
1634944080 25.3 76.09 0 4.092
1634944140 25.32 76.15 0 4.087
1634944200 25.32 76.19 0 4.087
1634944260 25.3 76.39 0 4.092
1634944320 25.25 76.33 0 4.092
1634944380 25.21 76.62 0 4.092
1634944440 25.21 76.76 0 4.092
1634944500 25.23 76.7 0 4.092
1634944560 25.22 76.54 0 4.087
1634944620 25.13 76.97 0 4.092
1634944680 25.11 77.05 0 4.087
1634944740 25.04 77.27 0 4.087
1634944800 25.06 77.32 0 4.087
1634944860 25.09 77.22 0 4.087
1634944920 25.11 77.32 0 4.087
1634944980 25.08 77.47 0 4.087
1634945040 25.04 77.4 0 4.082
1634945100 25.05 77.43 0 4.082
1634945160 25.06 77.35 0 4.082
1634945220 25.02 77.59 0 4.087
1634945280 24.99 77.62 0 4.087
1634945340 24.99 77.56 0 4.087
1634945400 24.99 77.6 0 4.087
1634945460 24.96 77.69 0 4.087
1634945520 24.93 77.84 0 4.087
1634945580 24.96 77.87 0 4.087
1634945640 24.88 78.08 0 4.087
1634945700 24.86 78.23 0 4.087
1634945760 24.83 78.4 0 4.087
1634945820 24.85 78.34 0 4.087
1634945880 24.85 78.6 0 4.082
1634945940 24.89 78.35 0 4.082
1634946000 24.88 78.14 0 4.082
1634946060 24.89 78.31 0 4.082
1634946120 24.89 78.1 0 4.082
1634946180 24.92 78.28 0 4.082
1634946240 24.92 78.19 0 4.082
1634946300 24.93 78.31 0 4.082
1634946360 24.91 78.32 0 4.087
1634946420 24.92 78.4 0 4.082
1634946480 24.91 78.39 0 4.082
1634946540 24.89 78.62 0 4.082
1634946600 24.85 78.69 0 4.082
1634946660 24.86 78.75 0 4.082
1634946720 24.86 78.79 0 4.082
1634946780 24.85 78.8 0 4.082
1634946840 24.79 79.03 0 4.076
1634946900 24.77 79.13 0 4.082
1634946960 24.78 79.13 0 4.082
1634947020 24.81 79.18 0 4.076
1634947080 24.81 79.25 0 4.076
1634947140 24.79 79.04 0 4.082
1634947200 24.79 79.18 0 4.076
1634947260 24.79 79.24 0 4.082
1634947320 24.77 79.21 0 4.076
1634947380 24.78 79.49 0 4.076
1634947440 24.78 79.42 0 4.082
1634947500 24.82 79.35 0 4.082
1634947560 24.78 79.59 0 4.082
1634947620 24.77 79.57 0 4.082
1634947680 24.78 79.54 0 4.076
1634947740 24.77 79.69 0 4.076
1634947800 24.74 79.88 0 4.071
1634947860 24.7 80.07 0 4.076
1634947920 24.65 80.23 0 4.076
1634947980 24.65 80.1 0 4.076
1634948040 24.65 80.22 0 4.076
1634948100 24.67 80.21 0 4.076
1634948160 24.68 80.07 0 4.076
1634948220 24.67 80.17 0 4.076
1634948280 24.68 80.07 0 4.076
1634948340 24.68 80.09 0 4.076
1634948400 24.6 80.49 0 4.076
1634948460 24.64 80.59 0 4.076
1634948520 24.67 80.43 0 4.076
1634948580 24.61 80.34 0 4.076
1634948640 24.61 80.4 0 4.071
1634948700 24.64 80.44 0 4.071
1634948760 24.64 80.38 0 4.071
1634948820 24.65 80.43 0 4.071
1634948880 24.7 80.28 0 4.071
1634948940 24.71 80.24 0 4.071
1634949000 24.72 80.21 0 4.071
1634949060 24.75 80.06 0 4.071
1634949120 24.68 79.98 0 4.071
1634949180 24.64 80.14 0 4.071
1634949240 24.67 80.14 0 4.071
1634949300 24.61 80 0 4.076
1634949360 24.64 79.91 0 4.071
1634949420 24.71 79.81 0 4.071
1634949480 24.74 79.73 0 4.071
1634949540 24.74 79.36 0 4.071
1634949600 24.74 79.44 0 4.065
1634949660 24.74 79.24 0 4.071
1634949720 24.75 79.23 0 4.071
1634949780 24.72 79.06 0 4.071
1634949840 24.75 79.18 0 4.071
1634949900 24.7 79.21 0 4.071
1634949960 24.71 79.15 0 4.071
1634950020 24.71 79.27 0 4.071
1634950080 24.68 79.24 0 4.071
1634950140 24.68 79.43 0 4.071
1634950200 24.65 79.21 0 4.071
1634950260 24.64 79.38 0 4.071
1634950320 24.55 79.49 0 4.065
1634950380 24.55 79.48 0 4.071
1634950440 24.57 79.52 0 4.065
1634950500 24.57 79.5 0 4.065
1634950560 24.53 79.32 0 4.065
1634950620 24.55 79.45 0 4.071
1634950680 24.6 79.19 0 4.065
1634950740 24.57 79.24 0 4.065
1634950800 24.57 79.27 0 4.065
1634950860 24.6 79.18 0 4.065
1634950920 24.64 79.27 0 4.071
1634950980 24.6 79.19 0 4.065
1634951040 24.58 79.32 0 4.065
1634951100 24.46 79.82 0 4.065
1634951160 24.5 79.91 0 4.065
1634951220 24.44 79.86 0 4.071
1634951280 24.44 79.86 0 4.065
1634951340 24.44 79.93 0 4.06
1634951400 24.44 79.84 0 4.065
1634951460 24.44 79.95 0 4.065
1634951520 24.46 79.89 0 4.065
1634951580 24.5 79.75 0 4.065
1634951640 24.48 79.67 0 4.065
1634951700 24.46 79.7 0 4.065
1634951760 24.42 79.56 0 4.065
1634951820 24.44 79.71 0 4.065
1634951880 24.41 79.79 0 4.065
1634951940 24.44 79.88 0 4.065
1634952000 24.41 79.85 0 4.065
1634952060 24.4 79.89 0 4.065
1634952120 24.37 80.05 0 4.065
1634952180 24.35 80.15 0 4.065
1634952240 24.31 80.32 0 4.06
1634952300 24.3 80.6 0 4.06
1634952360 24.3 80.5 0 4.06
1634952420 24.34 80.63 0 4.06
1634952480 24.34 80.63 0 4.06
1634952540 24.35 80.74 0 4.06
1634952600 24.37 80.67 0 4.06
1634952660 24.32 80.76 0 4.06
1634952720 24.34 80.61 0 4.06
1634952780 24.37 80.7 0 4.06
1634952840 24.37 80.65 0 4.06
1634952900 24.35 80.49 0 4.065
1634952960 24.34 80.51 0 4.065
1634953020 24.34 80.42 0 4.06
1634953080 24.26 80.63 0 4.06
1634953140 24.27 80.64 0 4.055
1634953200 24.27 80.71 0 4.06
1634953260 24.31 80.6 0 4.06
1634953320 24.28 80.75 0 4.06
1634953380 24.21 80.83 0 4.06
1634953440 24.23 81.14 0 4.06
1634953500 24.21 81.01 0 4.055
1634953560 24.2 80.84 0 4.06
1634953620 24.23 80.92 0 4.06
1634953680 24.2 80.91 0 4.06
1634953740 24.17 81.12 0 4.06
1634953800 24.14 81.06 0 4.06
1634953860 24.04 81.14 0 4.06
1634953920 24.1 81.42 0 4.06
1634953980 24.09 81.44 0 4.06
1634954040 24.07 81.32 0 4.055
1634954100 24.1 81.47 0 4.06
1634954160 24.17 81.32 0 4.06
1634954220 24.16 81.12 0 4.06
1634954280 24.14 80.97 0 4.055
1634954340 24.14 80.98 0 4.06
1634954400 24.16 81.12 0 4.055
1634954460 24.11 81.1 0 4.06
1634954520 24.1 81.3 0 4.055
1634954580 24.09 81.52 0 4.055
1634954640 24.06 81.57 0 4.055
1634954700 24.03 81.52 0 4.055
1634954760 24.03 81.62 0 4.055
1634954820 24 81.67 0 4.055
1634954880 24 81.91 0 4.06
1634954940 23.96 81.96 0 4.049
1634955000 23.95 81.84 0 4.049
1634955060 23.96 82.09 0 4.055
1634955120 23.97 82.21 0 4.055
1634955180 23.9 82.04 0 4.055
1634955240 23.87 82.29 0 4.055
1634955300 23.84 82.43 0 4.055
1634955360 23.8 82.42 0 4.055
1634955420 23.81 82.47 0 4.055
1634955480 23.79 82.31 0 4.055
1634955540 23.79 82.71 0 4.055
1634955600 23.75 82.7 0 4.055
1634955660 23.79 82.91 0 4.055
1634955720 23.77 82.85 0 4.055
1634955780 23.73 82.9 0 4.055
1634955840 23.7 83.02 0 4.049
1634955900 23.69 82.96 0 4.049
1634955960 23.69 83.01 0 4.049
1634956020 23.68 83.16 0 4.049
1634956080 23.68 83.21 0 4.055
1634956140 23.66 83.31 0 4.049
1634956200 23.6 83.17 0 4.049
1634956260 23.62 83.43 0 4.055
1634956320 23.62 83.52 0 4.055
1634956380 23.62 83.64 0 4.049
1634956440 23.59 83.75 0 4.055
1634956500 23.6 83.49 0 4.055
1634956560 23.55 83.82 0 4.049
1634956620 23.59 84.07 0 4.055
1634956680 23.62 84.24 0 4.055
1634956740 23.63 84.06 0 4.044
1634956800 23.63 84.06 0 4.049
1634956860 23.62 84.05 0 4.049
1634956920 23.59 84.14 0 4.049
1634956980 23.59 84.03 0 4.049
1634957040 23.6 83.86 0 4.049
1634957100 23.55 83.72 0 4.049
1634957160 23.56 83.92 0 4.049
1634957220 23.58 83.89 0 4.049
1634957280 23.55 83.92 0 4.049
1634957340 23.53 83.65 0 4.049
1634957400 23.56 83.45 0 4.049
1634957460 23.53 82.9 0 4.049
1634957520 23.6 83.13 0 4.049
1634957580 23.62 82.93 0 4.049
1634957640 23.62 82.87 0 4.044
1634957700 23.6 82.76 0 4.049
1634957760 23.62 82.3 0 4.049
1634957820 23.63 82.14 0 4.044
1634957880 23.62 81.52 0 4.049
1634957940 23.68 81.46 0 4.049
1634958000 23.63 81.53 0 4.044
1634958060 23.65 81.61 0 4.044
1634958120 23.69 81.62 0 4.049
1634958180 23.69 81.14 0 4.049
1634958240 23.68 80.76 0 4.049
1634958300 23.7 80.76 0 4.044
1634958360 23.72 80.71 0 4.049
1634958420 23.69 80.4 0 4.044
1634958480 23.63 80.35 0 4.044
1634958540 23.63 80.45 0 4.044
1634958600 23.63 80.48 0 4.044
1634958660 23.65 80.32 0 4.044
1634958720 23.69 80.28 0 4.044
1634958780 23.73 80.16 0 4.044
1634958840 23.72 80.16 0 4.044
1634958900 23.69 80.39 0 4.044
1634958960 23.68 80.36 0 4.044
1634959020 23.68 80.66 0 4.044
1634959080 23.66 80.78 0 4.044
1634959140 23.65 80.86 0 4.044
1634959200 23.65 80.96 0 4.044
1634959260 23.65 81.04 0 4.044
1634959320 23.65 81.06 0 4.044
1634959380 23.65 80.9 0 4.044
1634959440 23.62 80.85 0 4.044
1634959500 23.6 80.8 0 4.044
1634959560 23.6 81.14 0 4.044
1634959620 23.62 81.54 0 4.044
1634959680 23.59 81.82 0 4.044
1634959740 23.6 81.86 0 4.044
1634959800 23.59 82.27 0 4.039
1634959860 23.59 82.73 0 4.044
1634959920 23.55 82.73 0 4.044
1634959980 23.53 82.84 0 4.044
1634960040 23.55 83.06 0 4.039
1634960100 23.53 83.25 0 4.039
1634960160 23.56 83.38 0 4.044
1634960220 23.53 83.36 0 4.044
1634960280 23.55 83.23 0 4.044
1634960340 23.52 83.15 0 4.039
1634960400 23.5 82.96 0 4.039
1634960460 23.52 82.75 0 4.039
1634960520 23.52 81.54 0 4.039
1634960580 23.56 81.35 0 4.039
1634960640 23.62 79.99 0 4.039
1634960700 23.62 79.06 0 4.039
1634960760 23.63 78.96 0 4.044
1634960820 23.62 78.97 0 4.039
1634960880 23.6 79.28 0 4.039
1634960940 23.6 79.3 0 4.039
1634961000 23.6 79.29 0 4.039
1634961060 23.58 79.34 0 4.039
1634961120 23.6 79.59 0 4.039
1634961180 23.63 79.49 0 4.039
1634961240 23.65 79.72 0 4.039
1634961300 23.59 79.83 0 4.039
1634961360 23.62 80.32 0 4.039
1634961420 23.56 80.48 0 4.039
1634961480 23.55 80.38 0 4.039
1634961540 23.55 80.23 0 4.039
1634961600 23.55 80.2 0 4.039
1634961660 23.52 79.89 0 4.039
1634961720 23.58 79.69 0 4.039
1634961780 23.53 79.47 0 4.039
1634961840 23.55 79.51 0 4.039
1634961900 23.49 79.28 0 4.039
1634961960 23.5 79.19 0 4.039
1634962020 23.52 79.06 0 4.039
1634962080 23.52 78.34 0 4.039
1634962140 23.55 77.95 0 4.033
1634962200 23.55 77.61 0 4.033
1634962260 23.58 77.47 0 4.033
1634962320 23.55 76.47 0 4.033
1634962380 23.53 76.21 0 4.039
1634962440 23.55 76.15 0 4.039
1634962500 23.53 76.19 0 4.039
1634962560 23.53 76.26 0 4.039
1634962620 23.56 76.24 0 4.039
1634962680 23.55 75.65 0 4.033
1634962740 23.56 75.39 0 4.033
1634962800 23.6 75.13 0 4.039
1634962860 23.58 74.76 0 4.039
1634962920 23.62 74.5 0 4.039
1634962980 23.65 74.3 0 4.039
1634963040 23.62 74.56 0 4.033
1634963100 23.65 74.7 0 4.033
1634963160 23.63 74.57 0 4.033
1634963220 23.65 74.83 0 4.039
1634963280 23.68 75.08 0 4.033
1634963340 23.66 75.29 0 4.033
1634963400 23.72 75.77 0 4.039
1634963460 23.69 76 0 4.039
1634963520 23.69 76.16 0 4.033
1634963580 23.68 76.3 0 4.033
1634963640 23.69 76.49 0 4.033
1634963700 23.77 76.59 0 4.033
1634963760 23.76 76.57 0 4.033
1634963820 23.76 76.75 0 4.033
1634963880 23.77 76.76 0 4.033
1634963940 23.76 76.72 0 4.033
1634964000 23.76 76.69 0 4.033
1634964060 23.75 76.8 0 4.033
1634964120 23.76 77.15 0 4.033
1634964180 23.75 77.49 0 4.033
1634964240 23.76 77.74 0 4.033
1634964300 23.73 77.94 0 4.033
1634964360 23.73 78.03 0 4.033
1634964420 23.7 77.96 0 4.033
1634964480 23.7 78.21 0 4.033
1634964540 23.69 78.72 0 4.033
1634964600 23.62 78.37 0 4.033
1634964660 23.62 78.48 0 4.033
1634964720 23.65 78.63 0 4.033
1634964780 23.63 78.51 0 4.033
1634964840 23.63 78.56 0 4.028
1634964900 23.62 78.61 0 4.033
1634964960 23.62 78.84 0 4.028
1634965020 23.66 78.94 0 4.028
1634965080 23.68 78.68 0 4.033
1634965140 23.72 78.61 0 4.033
