1634878800 20.65 94.95 0 4.044
1634878860 20.54 94.86 0 4.044
1634878920 20.57 94.89 0 4.044
1634878980 20.59 95.11 0 4.039
1634879040 20.62 95.19 0 4.044
1634879100 20.66 95.55 0 4.044
1634879160 20.63 95.05 0 4.044
1634879220 20.67 95.37 0 4.044
1634879280 20.69 95.23 0 4.044
1634879340 20.69 95.3 0 4.044
1634879400 20.71 95.43 0 4.044
1634879460 20.69 95.42 0 4.044
1634879520 20.7 95.52 0 4.044
1634879580 20.67 95.59 0 4.044
1634879640 20.66 95.68 0 4.044
1634879700 20.63 95.74 0 4.044
1634879760 20.65 95.82 0 4.044
1634879820 20.62 95.83 0 4.044
1634879880 20.6 95.69 0 4.044
1634879940 20.57 95.75 0 4.044
1634880000 20.53 95.5 0 4.044
1634880060 20.53 95.34 0 4.044
1634880120 20.56 95.28 0 4.044
1634880180 20.56 95.23 0 4.044
1634880240 20.57 95.22 0 4.044
1634880300 20.54 95.17 0 4.044
1634880360 20.54 95.23 0 4.039
1634880420 20.56 95.04 0 4.044
1634880480 20.6 95.27 0 4.044
1634880540 20.62 95.16 0 4.044
1634880600 20.57 94.85 0 4.044
1634880660 20.59 95.05 0 4.044
1634880720 20.59 95.1 0 4.039
1634880780 20.57 95.12 0 4.044
1634880840 20.56 95.34 0 4.044
1634880900 20.57 95.23 0 4.044
1634880960 20.54 95.12 0 4.044
1634881020 20.57 95.48 0 4.044
1634881080 20.54 95.37 0 4.044
1634881140 20.5 95.12 0 4.039
1634881200 20.49 94.93 0 4.044
1634881260 20.5 95.08 0 4.039
1634881320 20.5 95.09 0 4.039
1634881380 20.49 95.01 0 4.044
1634881440 20.5 95.14 0 4.044
1634881500 20.47 95 0 4.044
1634881560 20.43 94.73 0 4.044
1634881620 20.39 94.69 0 4.044
1634881680 20.42 95.21 0 4.044
1634881740 20.43 95.02 0 4.039
1634881800 20.39 95.14 0 4.044
1634881860 20.42 95.17 0 4.044
1634881920 20.43 95.31 0 4.044
1634881980 20.47 95.18 0 4.044
1634882040 20.39 94.74 0 4.044
1634882100 20.4 94.72 0 4.044
1634882160 20.39 94.9 0 4.039
1634882220 20.44 95.08 0 4.044
1634882280 20.4 94.96 0 4.044
1634882340 20.44 95.37 0 4.044
1634882400 20.47 95.32 0 4.044
1634882460 20.44 95.3 0 4.039
1634882520 20.49 95.54 0 4.044
1634882580 20.46 95.42 0 4.044
1634882640 20.47 95.43 0 4.044
1634882700 20.42 95.42 0 4.039
1634882760 20.44 95.63 0 4.039
1634882820 20.39 95.56 0 4.044
1634882880 20.35 95.75 0 4.039
1634882940 20.35 95.7 0 4.044
1634883000 20.29 95.67 0 4.044
1634883060 20.29 95.77 0 4.044
1634883120 20.28 95.96 0 4.039
1634883180 20.26 96.03 0 4.039
1634883240 20.25 96.05 0 4.039
1634883300 20.29 96.12 0 4.044
1634883360 20.21 96.13 0 4.039
1634883420 20.21 96.04 0 4.039
1634883480 20.16 96.04 0 4.044
1634883540 20.16 95.97 0 4.039
1634883600 20.19 96.03 0 4.044
1634883660 20.19 95.96 0 4.044
1634883720 20.21 96.03 0 4.039
1634883780 20.23 95.89 0 4.039
1634883840 20.18 95.53 0 4.039
1634883900 20.16 95.54 0 4.044
1634883960 20.15 95.73 0 4.039
1634884020 20.14 95.62 0 4.044
1634884080 20.14 95.72 0 4.039
1634884140 20.15 95.83 0 4.039
1634884200 20.15 95.76 0 4.044
1634884260 20.18 95.75 0 4.044
1634884320 20.15 95.69 0 4.044
1634884380 20.14 95.81 0 4.039
1634884440 20.11 95.92 0 4.044
1634884500 20.14 96.23 0 4.039
1634884560 20.12 96.06 0 4.039
1634884620 20.14 96.35 0 4.039
1634884680 20.14 96.34 0 4.039
1634884740 20.11 96.29 0 4.044
1634884800 20.09 96.38 0 4.039
1634884860 20.11 96.45 0 4.044
1634884920 20.08 96.31 0 4.039
1634884980 20.12 96.46 0 4.039
1634885040 20.12 96.27 0 4.039
1634885100 20.11 96.11 0 4.039
1634885160 20.08 96.19 0 4.039
1634885220 20.09 96.28 0 4.039
1634885280 20.09 96.23 0 4.039
1634885340 20.11 96.23 0 4.039
1634885400 20.07 96.19 0 4.044
1634885460 20.01 96.04 0 4.039
1634885520 19.99 96.24 0 4.044
1634885580 19.99 96.38 0 4.044
1634885640 19.95 96.33 0 4.044
1634885700 19.94 96.38 0 4.044
1634885760 19.95 96.51 0 4.039
1634885820 19.95 96.52 0 4.039
1634885880 19.91 96.42 0 4.039
1634885940 20.04 96.83 0 4.039
1634886000 20.01 96.4 0 4.039
1634886060 19.99 96.36 0 4.039
1634886120 19.99 96.38 0 4.044
1634886180 19.96 96.43 0 4.039
1634886240 19.96 96.5 0 4.039
1634886300 19.95 96.54 0 4.039
1634886360 19.92 96.51 0 4.039
1634886420 19.89 96.59 0 4.044
1634886480 19.87 96.63 0 4.044
1634886540 19.84 96.6 0 4.039
1634886600 19.89 96.83 0 4.044
1634886660 19.88 96.69 0 4.039
1634886720 19.82 96.66 0 4.039
1634886780 19.81 96.62 0 4.039
1634886840 19.85 96.79 0 4.039
1634886900 19.81 96.53 0 4.039
1634886960 19.78 96.58 0 4.039
1634887020 19.82 96.75 0 4.039
1634887080 19.8 96.68 0 4.039
1634887140 19.81 96.83 0 4.039
1634887200 19.84 96.83 0 4.039
1634887260 19.82 96.79 0 4.039
1634887320 19.8 96.74 0 4.033
1634887380 19.81 96.79 0 4.039
1634887440 19.81 96.76 0 4.039
1634887500 19.78 96.65 0 4.039
1634887560 19.77 96.57 0 4.039
1634887620 19.74 96.44 0 4.039
1634887680 19.77 96.56 0 4.039
1634887740 19.74 96.53 0 4.039
1634887800 19.73 96.58 0 4.039
1634887860 19.71 96.55 0 4.039
1634887920 19.67 96.58 0 4.039
1634887980 19.68 96.63 0 4.039
1634888040 19.73 96.84 0 4.039
1634888100 19.77 96.93 0 4.039
1634888160 19.68 96.65 0 4.039
1634888220 19.7 96.62 0 4.039
1634888280 19.68 96.78 0 4.039
1634888340 19.7 96.74 0 4.039
1634888400 19.68 96.78 0 4.039
1634888460 19.7 96.72 0 4.039
1634888520 19.7 96.73 0 4.039
1634888580 19.7 96.85 0 4.039
1634888640 19.68 96.57 0 4.039
1634888700 19.71 96.71 0 4.039
1634888760 19.73 96.62 0 4.039
1634888820 19.71 96.58 0 4.039
1634888880 19.73 96.62 0 4.039
1634888940 19.73 96.57 0 4.039
1634889000 19.75 96.61 0 4.039
1634889060 19.78 96.64 0 4.039
1634889120 19.74 96.61 0 4.039
1634889180 19.73 96.62 0 4.039
1634889240 19.74 96.7 0 4.039
1634889300 19.74 96.66 0 4.039
1634889360 19.7 96.68 0 4.039
1634889420 19.67 96.65 0 4.039
1634889480 19.67 96.71 0 4.039
1634889540 19.65 96.77 0 4.039
1634889600 19.63 96.78 0 4.039
1634889660 19.71 97.05 0 4.039
1634889720 19.7 96.94 0 4.039
1634889780 19.7 96.76 0 4.039
1634889840 19.65 96.74 0 4.039
1634889900 19.71 96.91 0 4.039
1634889960 19.7 96.99 0 4.039
1634890020 19.63 96.76 0 4.039
1634890080 19.6 96.76 0 4.039
1634890140 19.54 96.56 0 4.039
1634890200 19.56 96.86 0 4.039
1634890260 19.53 96.78 0 4.039
1634890320 19.54 96.74 0 4.039
1634890380 19.5 96.75 0 4.039
1634890440 19.52 96.91 0 4.039
1634890500 19.49 96.83 0 4.039
1634890560 19.5 96.87 0 4.039
1634890620 19.5 96.86 0 4.039
1634890680 19.47 96.85 0 4.039
1634890740 19.46 96.86 0 4.039
1634890800 19.46 96.92 0 4.039
1634890860 19.49 97.18 0 4.039
1634890920 19.5 97.06 0 4.039
1634890980 19.46 96.99 0 4.039
1634891040 19.49 97.04 0 4.039
1634891100 19.49 97.14 0 4.039
1634891160 19.43 97.08 0 4.039
1634891220 19.41 97.04 0 4.039
1634891280 19.38 96.99 0 4.039
1634891340 19.4 97.11 0 4.039
1634891400 19.4 97.07 0 4.039
1634891460 19.37 97.04 0 4.039
1634891520 19.36 97.12 0 4.039
1634891580 19.34 97.24 0 4.039
1634891640 19.38 97.24 0 4.039
1634891700 19.38 97.26 0 4.039
1634891760 19.34 97.34 0 4.039
1634891820 19.37 97.33 0 4.039
1634891880 19.41 97.48 0 4.039
1634891940 19.4 97.48 0 4.039
1634892000 19.37 97.45 0 4.039
1634892060 19.4 97.52 0 4.039
1634892120 19.38 97.53 0 4.033
1634892180 19.37 97.5 0 4.039
1634892240 19.37 97.56 0 4.039
1634892300 19.33 97.53 0 4.039
1634892360 19.34 97.5 0 4.039
1634892420 19.44 97.82 0 4.039
1634892480 19.43 97.52 0 4.039
1634892540 19.38 97.47 0 4.039
1634892600 19.36 97.44 0 4.039
1634892660 19.36 97.5 0 4.039
1634892720 19.34 97.4 0 4.039
1634892780 19.32 97.37 0 4.039
1634892840 19.33 97.31 0 4.039
1634892900 19.34 97.42 0 4.039
1634892960 19.36 97.45 0 4.033
1634893020 19.37 97.4 0 4.039
1634893080 19.37 97.27 0 4.039
1634893140 19.37 97.21 0 4.039
1634893200 19.41 97.16 0 4.039
1634893260 19.34 97.1 0 4.039
1634893320 19.36 97.02 0 4.039
1634893380 19.3 96.99 0 4.033
1634893440 19.26 97.07 0 4.039
1634893500 19.15 96.83 0 4.039
1634893560 19.09 96.94 0 4.039
1634893620 19.07 97.1 0 4.039
1634893680 19.09 97.39 0 4.039
1634893740 19.09 97.26 0 4.039
1634893800 19.12 97.56 0 4.039
1634893860 19.1 97.25 0 4.033
1634893920 19.01 96.62 0 4.039
1634893980 18.98 96.85 0 4.033
1634894040 18.95 96.5 0 4.039
1634894100 18.98 96.65 0 4.033
1634894160 18.98 96.47 0 4.039
1634894220 19.02 96.64 0 4.039
1634894280 19.02 96.62 0 4.033
1634894340 19.01 96.68 0 4.033
1634894400 18.99 96.69 0 4.039
1634894460 18.99 96.71 0 4.033
1634894520 18.96 96.72 0 4.039
1634894580 18.99 97.11 0 4.039
1634894640 19.02 97.18 0 4.039
1634894700 19.06 97.2 0 4.039
1634894760 19.06 97.18 0 4.033
1634894820 19.07 97.2 0 4.033
1634894880 19.17 97.19 0 4.033
1634894940 19.13 96.94 0 4.033
1634895000 19.1 96.72 0 4.039
1634895060 19.02 96.63 0 4.039
1634895120 18.96 96.57 0 4.039
1634895180 18.92 96.44 0 4.039
1634895240 18.86 96.25 0 4.033
1634895300 18.88 96.14 0 4.039
1634895360 18.88 96.06 0 4.039
1634895420 18.85 95.73 0 4.039
1634895480 18.89 95.81 0 4.039
1634895540 18.89 95.81 0 4.033
1634895600 18.88 95.76 0 4.033
1634895660 18.88 95.82 0 4.039
1634895720 18.88 95.88 0 4.033
1634895780 18.88 95.88 0 4.039
1634895840 18.91 96.17 0 4.039
1634895900 18.91 96.19 0 4.039
1634895960 18.89 96.16 0 4.033
1634896020 18.85 96.15 0 4.039
1634896080 18.86 96.32 0 4.039
1634896140 18.88 96.57 0 4.033
1634896200 18.89 96.65 0 4.033
1634896260 18.95 96.74 0 4.033
1634896320 18.92 96.78 0 4.039
1634896380 18.94 96.86 0 4.033
1634896440 18.95 96.74 0 4.039
1634896500 18.86 96.26 0 4.033
1634896560 18.85 96.13 0 4.033
1634896620 18.85 96.16 0 4.033
1634896680 18.79 96.2 0 4.033
1634896740 18.75 96.08 0 4.039
1634896800 18.76 96.23 0 4.039
1634896860 18.85 96.43 0 4.039
1634896920 18.89 96.34 0 4.039
1634896980 18.91 96.25 0 4.033
1634897040 18.89 96.16 0 4.039
1634897100 18.89 96.17 0 4.039
1634897160 18.92 96.19 0 4.033
1634897220 18.98 96.24 0 4.039
1634897280 19.03 96.38 0 4.039
1634897340 19.02 96.39 0 4.033
1634897400 19.05 96.47 0 4.039
1634897460 19.07 96.25 0 4.039
1634897520 19.07 96.14 0 4.033
1634897580 19.12 96.03 0 4.033
1634897640 19.12 96.06 0 4.033
1634897700 19.13 96.13 0 4.033
1634897760 19.15 96.21 0 4.033
1634897820 19.13 96.19 0 4.039
1634897880 19.17 96.24 0 4.039
1634897940 19.19 96.19 0 4.033
1634898000 19.23 96.13 0 4.033
1634898060 19.25 95.95 0 4.033
1634898120 19.33 95.66 0 4.033
1634898180 19.44 95.18 0 4.039
1634898240 19.43 94.87 0 4.033
1634898300 19.4 94.75 0 4.039
1634898360 19.41 95.08 0 4.033
1634898420 19.41 94.36 0 4.033
1634898480 19.36 93.92 0 4.033
1634898540 19.36 94.03 0 4.033
1634898600 19.41 94.12 0 4.033
1634898660 19.46 94.8 0 4.039
1634898720 19.4 95.06 0 4.033
1634898780 19.36 95.27 0 4.039
1634898840 19.36 95.57 0 4.033
1634898900 19.3 95.59 0 4.039
1634898960 19.29 95.84 0 4.033
1634899020 19.23 95.92 0 4.033
1634899080 19.2 95.97 0 4.033
1634899140 19.19 96.13 0 4.033
1634899200 19.2 96.39 0 4.033
1634899260 19.17 96.24 0 4.033
1634899320 19.15 96.42 0 4.033
1634899380 19.12 96.35 0 4.033
1634899440 19.13 96.53 0 4.033
1634899500 19.09 96.55 0 4.039
1634899560 19.07 96.53 0 4.033
1634899620 19.06 96.65 0 4.033
1634899680 19.06 96.8 0 4.033
1634899740 19.01 96.71 0 4.033
1634899800 19.03 96.85 0 4.033
1634899860 19.05 96.93 4 4.039
1634899920 19.02 96.74 4 4.033
1634899980 18.98 96.78 10 4.033
1634900040 18.98 96.78 10 4.039
1634900100 18.95 96.78 4 4.033
1634900160 18.96 96.97 4 4.033
1634900220 18.94 96.89 4 4.033
1634900280 18.95 96.87 4 4.033
1634900340 18.96 97.08 4 4.033
1634900400 19.02 97.05 4 4.033
1634900460 19.01 96.93 10 4.033
1634900520 18.98 96.92 16 4.033
1634900580 18.96 96.98 28 4.033
1634900640 19.02 97.1 34 4.033
1634900700 19.06 97.22 40 4.033
1634900760 19.09 97.05 40 4.033
1634900820 19.17 97.03 46 4.033
1634900880 19.23 96.82 46 4.033
1634900940 19.22 96.66 52 4.033
1634901000 19.25 96.58 46 4.039
1634901060 19.37 96.74 46 4.033
1634901120 19.36 96.4 46 4.033
1634901180 19.37 96.3 40 4.033
1634901240 19.47 96.33 40 4.033
1634901300 19.53 96.37 40 4.033
1634901360 19.54 96.04 40 4.033
1634901420 19.54 95.66 40 4.033
1634901480 19.56 95.35 40 4.033
1634901540 19.64 95.53 40 4.039
1634901600 19.67 95.65 40 4.033
1634901660 19.68 95.65 40 4.033
1634901720 19.73 95.67 34 4.033
1634901780 19.7 95.55 34 4.033
1634901840 19.71 95.57 34 4.033
1634901900 19.67 95.3 40 4.033
1634901960 19.63 95.38 40 4.033
1634902020 19.6 95.03 34 4.033
1634902080 19.57 95.14 34 4.033
1634902140 19.56 94.37 34 4.033
1634902200 19.56 94.48 40 4.033
1634902260 19.6 94.43 40 4.033
1634902320 19.57 94 46 4.033
1634902380 19.64 94.22 46 4.033
1634902440 19.65 94.37 52 4.033
1634902500 19.68 93.89 52 4.033
1634902560 19.74 94.06 58 4.033
1634902620 19.75 93.92 58 4.033
1634902680 19.81 93.53 52 4.033
1634902740 19.84 93.42 52 4.033
1634902800 19.87 93.29 52 4.033
1634902860 19.94 93.35 52 4.033
1634902920 19.95 92.78 52 4.033
1634902980 20.04 93.03 46 4.033
1634903040 20.05 91.57 46 4.033
1634903100 20.12 91.61 46 4.033
1634903160 20.15 91.56 40 4.033
1634903220 20.18 90.87 40 4.033
1634903280 20.19 90.36 40 4.033
1634903340 20.25 89.74 34 4.033
1634903400 20.25 89.83 34 4.033
1634903460 20.23 89.46 34 4.033
1634903520 20.28 89.4 34 4.033
1634903580 20.28 89.35 34 4.033
1634903640 20.25 89.23 40 4.033
1634903700 20.28 89.21 40 4.033
1634903760 20.29 88.88 46 4.033
1634903820 20.33 89.25 46 4.033
1634903880 20.33 89.07 46 4.033
1634903940 20.36 88.91 52 4.033
1634904000 20.35 88.99 52 4.028
1634904060 20.35 89 52 4.033
1634904120 20.33 88.89 52 4.028
1634904180 20.33 89.25 52 4.033
1634904240 20.38 89.23 52 4.033
1634904300 20.36 88.93 52 4.033
1634904360 20.4 89.58 52 4.033
1634904420 20.43 89.96 52 4.033
1634904480 20.47 89.92 52 4.033
1634904540 20.49 89.93 52 4.033
1634904600 20.6 90.71 58 4.028
1634904660 20.56 90.69 58 4.028
1634904720 20.52 91.48 58 4.033
1634904780 20.52 92.14 58 4.033
1634904840 20.47 92.31 58 4.033
1634904900 20.47 92.62 58 4.028
1634904960 20.42 92.72 58 4.033
1634905020 20.33 93.02 58 4.028
1634905080 20.31 93.21 58 4.028
1634905140 20.32 93.42 58 4.033
1634905200 20.28 93.41 58 4.033
1634905260 20.21 93.1 58 4.033
1634905320 20.18 92.91 58 4.033
1634905380 20.23 93.31 58 4.028
1634905440 20.23 93.06 58 4.028
1634905500 20.23 92.8 58 4.033
1634905560 20.26 92.8 58 4.033
1634905620 20.25 92.74 58 4.028
1634905680 20.25 92.59 58 4.028
1634905740 20.25 92.68 58 4.033
1634905800 20.25 92.65 58 4.033
1634905860 20.31 92.57 58 4.033
1634905920 20.33 92.37 64 4.033
1634905980 20.38 92.63 64 4.033
1634906040 20.4 93.22 70 4.033
1634906100 20.43 93.89 70 4.033
1634906160 20.31 93.39 70 4.033
1634906220 20.25 93.67 70 4.033
1634906280 20.22 93.26 70 4.033
1634906340 20.22 93.1 70 4.033
1634906400 20.26 93.38 70 4.033
1634906460 20.33 93.01 70 4.028
1634906520 20.36 92.59 70 4.028
1634906580 20.42 92.74 76 4.033
1634906640 20.46 92.05 82 4.028
1634906700 20.44 91.18 88 4.033
1634906760 20.52 90.9 94 4.033
1634906820 20.59 90.51 99 4.033
1634906880 20.69 90.16 105 4.033
1634906940 20.74 90.25 105 4.033
1634907000 20.81 89.37 105 4.033
1634907060 20.93 90.27 105 4.033
1634907120 20.89 90.25 105 4.033
1634907180 20.84 90.47 105 4.033
1634907240 20.9 91.32 105 4.033
1634907300 20.95 91.23 105 4.033
1634907360 20.98 91.78 105 4.033
1634907420 21 91.25 105 4.033
1634907480 20.98 91.13 111 4.033
1634907540 20.93 91.11 117 4.033
1634907600 20.93 91.19 123 4.033
1634907660 20.81 90.41 129 4.033
1634907720 20.86 91.16 135 4.033
1634907780 20.9 90.86 141 4.039
1634907840 20.98 91.02 147 4.033
1634907900 21.08 91.29 153 4.033
1634907960 21.14 90.99 159 4.039
1634908020 21.11 90 159 4.039
1634908080 21.15 90.42 159 4.039
1634908140 21.25 90.38 159 4.039
1634908200 21.28 90.22 159 4.033
1634908260 21.34 90.51 165 4.033
1634908320 21.39 89.69 165 4.033
1634908380 21.37 87.91 171 4.039
1634908440 21.38 88.14 177 4.039
1634908500 21.39 87.28 183 4.039
1634908560 21.44 86.47 183 4.039
1634908620 21.39 86.01 189 4.039
1634908680 21.5 86.77 195 4.039
1634908740 21.6 87.28 195 4.039
1634908800 21.63 86.15 201 4.039
1634908860 21.66 85.44 201 4.039
1634908920 21.75 86.38 195 4.039
1634908980 21.8 86.5 195 4.039
1634909040 21.86 86.43 195 4.039
1634909100 21.85 86.32 201 4.039
1634909160 21.9 86.7 207 4.039
1634909220 21.97 86.12 212 4.039
1634909280 22 86.52 225 4.039
1634909340 22 86.28 242 4.044
1634909400 22.03 85.57 260 4.044
1634909460 22.1 85.09 278 4.049
1634909520 22.1 83.69 290 4.044
1634909580 22.14 84.06 302 4.049
1634909640 22.3 84.38 296 4.049
1634909700 22.3 84.89 290 4.049
1634909760 22.41 83.55 290 4.049
1634909820 22.57 83.29 290 4.049
1634909880 22.52 82.69 290 4.049
1634909940 22.52 83.09 296 4.049
1634910000 22.84 84.18 302 4.049
1634910060 23.01 83.65 308 4.049
1634910120 23.13 83.01 314 4.049
1634910180 23.27 82.03 325 4.039
1634910240 23.39 81.99 331 4.039
1634910300 23.49 81.18 349 4.039
1634910360 23.54 81 355 4.039
1634910420 23.65 79.78 367 4.033
1634910480 23.72 79.23 379 4.033
1634910540 23.85 80 390 4.033
1634910600 23.85 79.71 396 4.033
1634910660 23.91 79.83 396 4.033
1634910720 24.01 78.58 396 4.033
1634910780 24.11 78.14 390 4.039
1634910840 24.19 79.2 390 4.039
1634910900 24.33 76.87 385 4.039
1634910960 24.15 75.25 380 4.049
1634911020 24.3 75.5 387 4.049
1634911080 24.22 75.77 391 4.049
1634911140 24.07 77.35 397 4.055
1634911200 24.29 75.99 405 4.055
1634911260 24.33 76.6 417 4.055
1634911320 24.39 75.6 417 4.055
1634911380 24.48 74.76 417 4.06
1634911440 24.63 74.46 417 4.055
1634911500 24.59 72.87 417 4.06
1634911560 24.7 73.89 417 4.055
1634911620 24.74 72.6 417 4.06
1634911680 24.73 72.42 417 4.06
1634911740 24.78 72.56 423 4.06
1634911800 24.98 73.09 423 4.06
1634911860 25.08 73.18 435 4.055
1634911920 25.25 72 441 4.06
1634911980 25.38 71.89 447 4.06
1634912040 25.56 71.59 441 4.06
1634912100 25.48 70.79 441 4.06
1634912160 25.53 70.28 447 4.06
1634912220 25.55 69.43 471 4.065
1634912280 25.55 69.88 507 4.065
1634912340 25.45 70.28 447 4.065
1634912400 25.66 70.99 441 4.065
1634912460 25.82 69.44 441 4.065
1634912520 25.62 69.14 435 4.065
1634912580 25.51 69.27 423 4.065
1634912640 25.64 68.83 423 4.06
1634912700 25.68 69.19 646 4.076
1634912760 25.87 67.82 816 4.087
1634912820 26.26 67.24 822 4.087
1634912880 26.55 67.29 761 4.087
1634912940 26.92 67.28 743 4.082
1634913000 27.2 66.64 731 4.082
1634913060 27.03 63.64 701 4.082
1634913120 26.99 63.64 695 4.082
1634913180 26.98 64.28 725 4.087
1634913240 27.33 65.95 713 4.087
1634913300 27.53 61.96 695 4.087
1634913360 27.6 59.29 713 4.087
1634913420 27.68 61.53 787 4.092
1634913480 28.04 61.48 805 4.092
1634913540 27.76 61.07 757 4.092
1634913600 27.02 61.92 691 4.087
1634913660 26.88 63.59 618 4.087
1634913720 26.99 63 679 4.087
1634913780 27.22 63.14 594 4.087
1634913840 27.26 60.99 715 4.092
1634913900 26.83 63.87 733 4.092
1634913960 26.88 64.15 799 4.065
1634914020 27.19 62.29 783 4.065
1634914080 27.5 62.62 775 4.06
1634914140 27.67 61.26 752 4.06
1634914200 28.01 58.97 709 4.06
1634914260 28.2 59.57 630 4.06
1634914320 28.08 60.12 721 4.06
1634914380 28.28 57.78 805 4.06
1634914440 28.74 56.83 733 4.06
1634914500 28.56 57.74 757 4.06
1634914560 28.28 60.83 775 4.06
1634914620 28.12 59.78 768 4.06
1634914680 27.76 60.59 828 4.055
1634914740 27.89 60.31 810 4.055
1634914800 27.85 59.98 715 4.055
1634914860 27.78 61.01 691 4.055
1634914920 27.76 62.07 709 4.055
1634914980 27.39 61.96 715 4.055
1634915040 27.5 62.51 739 4.055
1634915100 27.78 60.68 761 4.055
1634915160 27.67 62.54 780 4.055
1634915220 27.89 60.47 733 4.055
1634915280 27.84 59.7 715 4.055
1634915340 27.25 60.16 673 4.055
1634915400 26.98 62.28 588 4.055
1634915460 27.16 63.1 512 4.055
1634915520 27.56 60.25 518 4.055
1634915580 27.53 61.94 499 4.055
1634915640 27.65 58.78 499 4.055
1634915700 27.49 58.81 493 4.055
1634915760 27.49 59.69 505 4.055
1634915820 27.44 59.44 524 4.055
1634915880 27.61 58.12 542 4.055
1634915940 27.71 59.37 548 4.055
1634916000 27.51 58.87 536 4.049
1634916060 27.25 59.59 548 4.055
1634916120 27.29 61.53 552 4.055
1634916180 27.54 60.75 554 4.055
1634916240 27.83 59.15 518 4.049
1634916300 27.83 58.84 493 4.049
1634916360 27.98 58.26 493 4.055
1634916420 28.19 58.77 528 4.055
1634916480 28.49 57.32 518 4.049
1634916540 28.47 56.65 558 4.049
1634916600 28.67 57.29 606 4.055
1634916660 28.57 58.59 647 4.049
1634916720 28.5 59.01 725 4.055
1634916780 28.55 58.16 721 4.055
1634916840 28.7 58.6 719 4.049
1634916900 28.81 57.59 721 4.049
1634916960 28.86 57.7 749 4.049
1634917020 28.8 58.47 784 4.049
1634917080 28.87 57.38 852 4.049
1634917140 29.11 57.73 820 4.049
1634917200 29.07 56.64 808 4.049
1634917260 29.26 57.14 768 4.049
1634917320 29.29 56.51 737 4.049
1634917380 29.18 55.54 695 4.049
1634917440 29.18 56.25 624 4.049
1634917500 28.89 57.56 600 4.049
1634917560 28.89 55.79 671 4.049
1634917620 28.86 55.73 724 4.049
1634917680 28.89 55.78 774 4.049
1634917740 28.98 55.73 796 4.049
1634917800 28.92 55.53 778 4.049
1634917860 29.04 54.4 707 4.049
1634917920 28.98 52.42 707 4.049
1634917980 28.67 52.82 737 4.049
1634918040 28.9 52.52 784 4.049
1634918100 28.92 51.72 796 4.049
1634918160 28.5 51.15 862 4.049
1634918220 28.57 51.68 915 4.049
1634918280 29.31 50.83 892 4.049
1634918340 29.42 50.47 892 4.049
1634918400 28.92 52.71 927 4.049
1634918460 29.05 53.55 921 4.049
1634918520 29.39 52.21 945 4.049
1634918580 29.86 50.47 986 4.049
1634918640 30.21 49.63 1040 4.049
1634918700 30.2 50.7 1040 4.044
1634918760 30.28 50.84 1017 4.049
1634918820 30.34 49.97 1030 4.049
1634918880 30.55 48.89 938 4.049
1634918940 30.71 47.66 945 4.044
1634919000 30.99 46.53 974 4.044
1634919060 30.78 47.72 969 4.044
1634919120 30.9 48.79 927 4.049
1634919180 30.72 47.57 968 4.044
1634919240 30.5 47.51 962 4.049
1634919300 30.03 48.35 999 4.049
1634919360 30.17 48.92 1058 4.049
1634919420 30.5 46.57 1094 4.044
1634919480 30.6 46.8 1075 4.044
1634919540 29.93 48.19 1075 4.044
1634919600 30.51 49.43 1028 4.049
1634919660 30.77 48.49 1040 4.044
1634919720 31.19 45.67 1124 4.049
1634919780 31.16 45.44 1087 4.049
1634919840 31.74 45.82 1111 4.044
1634919900 31.73 46.09 1123 4.044
1634919960 31.97 44.06 1135 4.087
1634920020 32.1 44.63 1130 4.092
1634920080 32.03 43.85 1130 4.092
1634920140 31.84 46.03 1130 4.098
1634920200 31.83 46.53 1132 4.098
1634920260 31.51 47.19 1102 4.098
1634920320 30.88 50.48 1096 4.098
1634920380 31.46 48.87 1005 4.098
1634920440 31.68 46.61 951 4.098
1634920500 31.25 46.23 999 4.098
1634920560 31.46 45.71 935 4.098
1634920620 31.67 47.06 957 4.103
1634920680 31.12 44.18 837 4.098
1634920740 30.09 46.12 807 4.098
1634920800 30.06 48.05 877 4.071
1634920860 29.52 47.04 896 4.065
1634920920 29.25 50.21 960 4.065
1634920980 29.51 48.87 1037 4.065
1634921040 29.96 46.56 1067 4.06
1634921100 30.34 45 1037 4.06
1634921160 30.34 47.01 978 4.06
1634921220 29.84 48.21 829 4.065
1634921280 29.76 48.62 864 4.06
1634921340 30.27 48.46 763 4.06
1634921400 30.82 47.49 852 4.06
1634921460 30.51 46.83 924 4.06
1634921520 30.74 47.57 858 4.06
1634921580 30.58 47.46 942 4.06
1634921640 30.82 46.21 972 4.06
1634921700 31.05 46.2 936 4.06
1634921760 30.98 44.96 1025 4.06
1634921820 30.96 44.83 1014 4.06
1634921880 30.78 44.04 1091 4.06
1634921940 30.79 46.02 1097 4.06
1634922000 30.99 42.77 1097 4.06
1634922060 30.99 41.74 1097 4.06
1634922120 31.13 43.31 1103 4.06
1634922180 31.02 43.33 1102 4.06
1634922240 30.99 43.32 1097 4.055
1634922300 31.2 42.07 1096 4.06
1634922360 31.18 42.48 1096 4.055
1634922420 31.47 42.11 1097 4.06
1634922480 31.71 41.65 1097 4.055
1634922540 31.81 40.37 1097 4.055
1634922600 32.32 40.65 1103 4.06
1634922660 32.83 38.58 1091 4.06
1634922720 32.51 40.28 1091 4.055
1634922780 31.64 37.15 1084 4.055
1634922840 31.44 37.69 1078 4.055
1634922900 31.94 37.58 1037 4.055
1634922960 32.45 36.94 1007 4.06
1634923020 32.29 37.28 1042 4.055
1634923080 31.61 39.9 1090 4.055
1634923140 32.25 40.51 1108 4.055
1634923200 32.51 39.93 1108 4.06
1634923260 32.43 38.8 1108 4.055
1634923320 32.76 36.92 1115 4.055
1634923380 32.89 36.34 1115 4.055
1634923440 33.1 36.15 1114 4.055
1634923500 33.57 35.08 1114 4.06
1634923560 33.72 34.02 1114 4.055
1634923620 33.32 35.06 1096 4.06
1634923680 33.14 36.12 1084 4.055
1634923740 33.4 35.08 1084 4.055
1634923800 33.51 35.32 1096 4.055
1634923860 33.51 35.85 1090 4.055
1634923920 32.84 38.48 1090 4.049
1634923980 32.73 38.61 1096 4.055
1634924040 32.28 38.97 1078 4.055
1634924100 32.22 40.27 1072 4.055
1634924160 32.61 39.71 1066 4.055
1634924220 32.1 40.64 1078 4.055
1634924280 31.66 41.63 1096 4.055
1634924340 31.76 41.69 1102 4.055
1634924400 31.4 42.66 1090 4.055
1634924460 30.75 43.68 1048 4.055
1634924520 31.16 43.63 1025 4.055
1634924580 31.46 41.83 1019 4.055
1634924640 32.03 41.1 1019 4.055
1634924700 32.36 42.98 1096 4.055
1634924760 32.76 41.15 1130 4.049
1634924820 32.8 41.02 1138 4.055
1634924880 33.03 41.92 1144 4.055
1634924940 33.24 40.91 1142 4.055
1634925000 33.49 40.83 1150 4.049
1634925060 33.72 41.16 1144 4.055
1634925120 33.07 43.49 1144 4.055
1634925180 33.01 40.19 1144 4.055
1634925240 32.97 40.45 1149 4.055
1634925300 31.98 42.21 1167 4.049
1634925360 31.23 46.29 1191 4.055
1634925420 31.22 44.67 1195 4.055
1634925480 31.76 44.99 1060 4.055
1634925540 32.34 42.65 1060 4.055
1634925600 32.32 43.87 876 4.055
1634925660 32.63 43.27 941 4.055
1634925720 32.74 43.65 1219 4.049
1634925780 32.93 42.63 1167 4.055
1634925840 32.52 44.1 1171 4.055
1634925900 32.52 44.54 274 4.055
1634925960 32.49 43.06 284 4.049
1634926020 31.76 45.18 332 4.049
1634926080 31.32 45.86 481 4.055
1634926140 30.71 47.08 284 4.055
1634926200 30.99 46.74 314 4.055
1634926260 31.09 46.09 314 4.049
1634926320 31.2 46.31 278 4.049
1634926380 31.13 46.42 272 4.049
1634926440 31.09 47.69 272 4.055
1634926500 30.64 44.07 274 4.055
1634926560 30.79 45.51 278 4.049
1634926620 30.27 44.91 290 4.049
1634926680 30.11 45.75 320 4.055
1634926740 30.09 46.54 338 4.055
1634926800 30.19 47.08 338 4.049
1634926860 30.45 46.95 332 4.055
1634926920 30.57 48.55 320 4.049
1634926980 30.65 46.08 326 4.055
1634927040 30.75 44.35 493 4.049
1634927100 30.82 45.45 368 4.055
1634927160 30.99 45.05 403 4.049
1634927220 31.08 46.04 959 4.055
1634927280 30.78 45.19 1046 4.049
1634927340 31.39 43.36 1070 4.049
1634927400 31.36 40.89 993 4.049
1634927460 30.85 42.57 1011 4.049
1634927520 30.84 42.07 981 4.049
1634927580 30.96 43.27 915 4.055
1634927640 31.48 43.13 975 4.049
1634927700 31.94 40.8 957 4.049
1634927760 31.83 40.62 939 4.055
1634927820 32.1 40.46 921 4.049
1634927880 31.92 41.12 886 4.049
1634927940 31.87 41.09 899 4.055
1634928000 32.18 39.36 850 4.049
1634928060 32.15 39.67 905 4.049
1634928120 32.07 38.77 921 4.049
1634928180 32.12 39.57 987 4.049
1634928240 31.87 40.42 993 4.049
1634928300 32.21 40.34 1017 4.049
1634928360 32.36 41.24 993 4.055
1634928420 31.7 48.8 1030 4.049
1634928480 30.93 52.85 1046 4.049
1634928540 31.5 52.54 1046 4.049
1634928600 31.9 51.99 1070 4.049
1634928660 31.95 52.76 1076 4.049
1634928720 32.05 53.27 1106 4.049
1634928780 31.63 53.91 1118 4.049
1634928840 31.48 54.85 1112 4.049
1634928900 31.51 56.05 1118 4.049
1634928960 31.76 54.31 1130 4.044
1634929020 31.87 53.56 1142 4.049
1634929080 32.24 53.11 1149 4.049
1634929140 32.32 53.51 1142 4.049
1634929200 31.97 52.7 1112 4.049
1634929260 31.33 54.77 1034 4.049
1634929320 30.9 55.05 1011 4.049
1634929380 30.44 56.48 963 4.049
1634929440 30.42 58.74 993 4.049
1634929500 30.24 58.45 981 4.049
1634929560 30.21 57.46 945 4.049
1634929620 30.54 57.24 927 4.049
1634929680 30.04 57.46 927 4.044
1634929740 30.26 58.78 927 4.049
1634929800 30.88 59.22 945 4.049
1634929860 31.18 56.4 938 4.044
1634929920 31.32 54.79 951 4.049
1634929980 31.15 55.79 986 4.049
1634930040 31.15 56.38 993 4.044
1634930100 31.09 56.11 987 4.044
1634930160 31.59 54.7 975 4.049
1634930220 30.84 55.84 951 4.049
1634930280 30.96 57.11 927 4.049
1634930340 30.62 56.34 950 4.049
1634930400 30.79 57.9 945 4.044
1634930460 30.61 56.76 892 4.049
1634930520 30.5 57.53 874 4.049
1634930580 30.07 58.12 933 4.049
1634930640 30.42 60.7 933 4.049
1634930700 30.19 56.75 962 4.049
1634930760 29.62 59.6 963 4.044
1634930820 29.77 58.95 980 4.049
1634930880 30.2 60.43 986 4.044
1634930940 30.81 56.82 993 4.049
1634931000 30.37 57.95 999 4.049
1634931060 30.74 57.74 1010 4.049
1634931120 31.02 55.8 1017 4.049
1634931180 31.15 55.45 1022 4.049
1634931240 31.15 56.14 1022 4.049
1634931300 31.44 55.31 1011 4.044
1634931360 31.59 54.49 1030 4.044
1634931420 31.87 54.3 1046 4.044
1634931480 32.26 53.61 1040 4.044
1634931540 31.8 53.43 1036 4.044
1634931600 32.04 53.06 1030 4.049
1634931660 31.39 55.5 1016 4.044
1634931720 31.03 55.62 1011 4.044
1634931780 30.61 57.09 998 4.044
1634931840 30.55 58.87 951 4.049
1634931900 30.96 55.63 968 4.044
1634931960 31.23 55.82 968 4.049
1634932020 30.82 56.35 968 4.044
1634932080 31.19 56.95 968 4.049
1634932140 31.29 54.6 968 4.044
1634932200 30.95 56.01 956 4.044
1634932260 31.03 55.39 957 4.044
1634932320 30.61 56.72 962 4.044
1634932380 30.55 57.38 956 4.049
1634932440 30 58.32 951 4.049
1634932500 29.69 59.53 944 4.044
1634932560 29.8 59.09 944 4.044
1634932620 29.71 60.16 933 4.044
1634932680 29.22 60.43 927 4.044
1634932740 29.11 61.18 927 4.044
1634932800 29.56 60.55 921 4.044
1634932860 29.8 59.02 915 4.044
1634932920 29.61 59.72 915 4.044
1634932980 29.44 59.57 909 4.049
1634933040 29.95 57.94 903 4.044
1634933100 29.93 57.94 903 4.044
1634933160 29.83 57.66 897 4.044
1634933220 29.39 59.33 849 4.044
1634933280 29.59 59.34 831 4.044
1634933340 29.59 59.07 861 4.044
1634933400 29.89 59.21 867 4.044
1634933460 29.68 59.91 879 4.044
1634933520 29.82 59.89 730 4.044
1634933580 29.52 61.13 712 4.044
1634933640 29.62 61.47 814 4.044
1634933700 29.75 61.07 755 4.044
1634933760 29.38 61.04 766 4.044
1634933820 29.41 61.21 772 4.044
1634933880 29.96 59.85 748 4.044
1634933940 30.67 58.83 748 4.044
1634934000 30.95 55.35 742 4.044
1634934060 30.93 55.25 742 4.044
1634934120 30.95 56.49 754 4.044
1634934180 31.4 54.41 730 4.044
1634934240 31.06 55.24 748 4.044
1634934300 30.74 56.02 760 4.044
1634934360 30.24 57.35 760 4.044
1634934420 30.14 57.89 748 4.044
1634934480 30.02 58.21 742 4.044
1634934540 29.01 60.73 730 4.044
1634934600 29.34 60.42 730 4.044
1634934660 29.72 59.67 718 4.044
1634934720 29.76 60.04 718 4.044
1634934780 30.2 58.71 713 4.044
1634934840 30.1 56.92 706 4.044
1634934900 30.19 58.36 701 4.044
1634934960 29.73 59.1 695 4.044
1634935020 29.35 58.36 677 4.044
1634935080 28.96 59.69 689 4.044
1634935140 28.47 62.08 706 4.044
1634935200 28.25 62.99 706 4.044
1634935260 28.39 63.57 695 4.039
1634935320 28.34 62.25 683 4.044
1634935380 28.16 62.67 677 4.044
1634935440 28.02 64.51 671 4.044
1634935500 28.89 61.71 677 4.044
1634935560 29.32 60.78 677 4.044
1634935620 29.39 60.17 683 4.044
1634935680 29.68 59.29 695 4.044
1634935740 29.79 56.83 706 4.044
1634935800 29.8 57 712 4.044
1634935860 29.83 58.1 712 4.044
1634935920 30.04 56.45 718 4.044
1634935980 29.53 57.28 730 4.044
1634936040 29.51 58.39 736 4.044
1634936100 29.95 56.07 748 4.044
1634936160 29.75 56.85 748 4.044
1634936220 29.47 57.16 754 4.039
1634936280 29.51 57.92 742 4.044
1634936340 30.07 56.57 576 4.044
1634936400 30.44 55.75 742 4.044
1634936460 30.64 55.22 736 4.044
1634936520 30.78 54.51 736 4.044
1634936580 30.19 54.61 730 4.044
1634936640 30.27 55.26 718 4.044
1634936700 30.11 55.77 706 4.044
1634936760 30.28 54.95 701 4.044
1634936820 30.34 55.5 689 4.044
1634936880 30.07 55.52 671 4.039
1634936940 30.27 55.02 670 4.044
1634937000 30.19 55.53 659 4.044
1634937060 30.26 54.61 624 4.055
1634937120 30.51 54.23 530 4.055
1634937180 30.24 54.66 391 4.044
1634937240 29.79 56.15 361 4.044
1634937300 28.81 58.47 468 4.044
1634937360 28.96 59 498 4.039
1634937420 29.21 57.78 451 4.044
1634937480 29.29 57.91 445 4.044
1634937540 29.11 57.49 492 4.044
1634937600 28.49 59.16 516 4.044
1634937660 28.12 60.31 510 4.044
1634937720 28.31 60.72 492 4.039
1634937780 27.83 61.19 486 4.044
1634937840 27.5 62.21 433 4.039
1634937900 27.57 62.07 224 4.044
1634937960 27.46 62.9 296 4.049
1634938020 27.61 62.52 481 4.049
1634938080 27.57 61.82 499 4.055
1634938140 27.54 61.79 481 4.055
1634938200 27.56 62.65 457 4.049
1634938260 28.09 61.63 445 4.055
1634938320 28.22 61.4 429 4.049
1634938380 28.14 60.9 399 4.055
1634938440 28.12 60.88 380 4.049
1634938500 28.08 61.13 374 4.055
1634938560 27.95 62.27 368 4.049
1634938620 28.31 60.88 380 4.055
1634938680 28.55 61.25 374 4.049
1634938740 28.5 59.92 368 4.055
1634938800 28.45 59.57 362 4.049
1634938860 28.01 60.82 350 4.049
1634938920 27.59 62.21 320 4.049
1634938980 27.6 62.57 296 4.049
1634939040 27.76 62.24 332 4.055
1634939100 28.11 61.68 344 4.049
1634939160 28.38 61.23 350 4.055
1634939220 28.5 59.67 344 4.049
1634939280 27.7 60.94 338 4.055
1634939340 27.4 61.96 338 4.049
1634939400 27.19 62.54 314 4.055
1634939460 27.01 63.63 314 4.049
1634939520 26.79 64.63 302 4.055
1634939580 26.59 66.07 308 4.049
1634939640 26.3 67.94 112 4.049
1634939700 25.93 69.71 118 4.049
1634939760 25.64 71.02 129 4.049
1634939820 25.61 71.36 302 4.049
1634939880 25.59 71.63 326 4.055
1634939940 25.73 71.34 266 4.049
1634940000 25.79 71.47 272 4.049
1634940060 25.66 71.84 284 4.049
1634940120 25.55 72.06 266 4.049
1634940180 25.55 72.36 237 4.049
1634940240 25.51 72.6 249 4.049
1634940300 25.45 72.45 260 4.055
1634940360 25.39 72.96 106 4.049
1634940420 25.29 72.97 106 4.049
1634940480 25.18 73.78 189 4.049
1634940540 25.22 73.31 225 4.049
1634940600 25.21 73.12 213 4.049
1634940660 25.22 73.3 147 4.049
1634940720 25.2 73.28 124 4.049
1634940780 25.15 73.59 118 4.049
1634940840 25.24 73.4 129 4.049
1634940900 25.21 73.76 153 4.049
1634940960 25.22 73.7 165 4.044
1634941020 25.2 73.42 183 4.049
1634941080 25.24 73.65 189 4.049
1634941140 25.29 73.19 165 4.049
1634941200 25.14 73.45 141 4.049
1634941260 25.18 73.58 124 4.049
1634941320 25.2 73.32 124 4.049
1634941380 25.13 73.39 112 4.044
1634941440 25.13 73.61 94 4.049
1634941500 25.11 73.75 94 4.049
1634941560 25.03 74.15 70 4.049
1634941620 25.03 74.43 46 4.049
1634941680 25 74.51 40 4.049
1634941740 24.88 74.61 34 4.049
1634941800 24.74 75.1 52 4.049
1634941860 24.76 75.31 52 4.049
1634941920 24.7 75.34 52 4.049
1634941980 24.69 75.67 40 4.044
1634942040 24.65 75.75 40 4.049
1634942100 24.65 75.68 28 4.044
1634942160 24.62 75.8 28 4.049
1634942220 24.59 75.97 28 4.049
1634942280 24.55 75.72 28 4.049
1634942340 24.49 76.23 28 4.049
1634942400 24.53 76.24 28 4.049
1634942460 24.49 76.16 22 4.044
1634942520 24.56 76.24 22 4.044
1634942580 24.55 76.28 16 4.049
1634942640 24.55 76.51 16 4.049
1634942700 24.55 76.29 10 4.049
1634942760 24.46 76.35 10 4.044
1634942820 24.42 76.64 4 4.049
1634942880 24.43 76.86 4 4.049
1634942940 24.46 76.49 4 4.049
1634943000 24.39 76.64 4 4.049
1634943060 24.33 76.84 4 4.049
1634943120 24.36 76.93 4 4.049
1634943180 24.3 77.02 4 4.049
1634943240 24.33 77.01 0 4.049
1634943300 24.33 76.83 0 4.049
1634943360 24.28 76.9 0 4.044
1634943420 24.32 77.1 0 4.044
1634943480 24.3 77.1 0 4.049
1634943540 24.28 77 0 4.049
1634943600 24.28 77.13 0 4.049
1634943660 24.28 77.18 0 4.044
1634943720 24.28 77.21 0 4.049
1634943780 24.28 77.18 0 4.049
1634943840 24.26 77.31 0 4.044
1634943900 24.22 77.32 0 4.049
1634943960 24.18 77.59 0 4.049
1634944020 24.18 77.78 0 4.049
1634944080 24.14 77.61 0 4.049
1634944140 24.09 78.16 0 4.049
1634944200 24.11 77.8 0 4.049
1634944260 24.08 77.6 0 4.044
1634944320 24.05 77.93 0 4.044
1634944380 24.04 77.79 0 4.044
1634944440 24.08 77.67 0 4.049
1634944500 23.98 77.92 0 4.044
1634944560 24 77.81 0 4.049
1634944620 24.02 78.16 0 4.049
1634944680 24.01 77.79 0 4.044
1634944740 24.01 78 0 4.044
1634944800 24.01 78 0 4.049
1634944860 24.04 77.83 0 4.044
1634944920 24.02 77.95 0 4.049
1634944980 24.08 77.84 0 4.049
1634945040 24.11 77.72 0 4.044
1634945100 24.11 77.79 0 4.044
1634945160 24.14 77.99 0 4.044
1634945220 24.09 77.77 0 4.044
1634945280 24.05 78.21 0 4.044
1634945340 24.05 78.07 0 4.044
1634945400 24.07 78.01 0 4.049
1634945460 24.02 78.13 0 4.044
1634945520 24.02 78.31 0 4.044
1634945580 24.01 78.82 0 4.044
1634945640 24.01 78.43 0 4.049
1634945700 23.98 78.67 0 4.044
1634945760 24.01 78.96 0 4.044
1634945820 23.97 78.99 0 4.049
1634945880 23.97 78.95 0 4.049
1634945940 23.98 78.97 0 4.044
1634946000 23.92 79.07 0 4.044
1634946060 23.89 79.31 0 4.044
1634946120 23.91 79.11 0 4.044
1634946180 23.91 79.12 0 4.044
1634946240 23.92 79.4 0 4.044
1634946300 23.95 79.05 0 4.044
1634946360 23.89 79.18 0 4.044
1634946420 23.94 79.24 0 4.044
1634946480 23.89 79.37 0 4.044
1634946540 23.87 79.24 0 4.044
1634946600 23.85 79.43 0 4.044
1634946660 23.87 79.46 0 4.044
1634946720 23.87 79.4 0 4.044
1634946780 23.89 79.14 0 4.044
1634946840 23.91 79.03 0 4.044
1634946900 23.95 79.47 0 4.049
1634946960 23.98 79.11 0 4.044
1634947020 24 78.95 0 4.044
1634947080 24.04 78.77 0 4.044
1634947140 24.05 78.71 0 4.044
1634947200 24.07 78.8 0 4.044
1634947260 24.12 78.27 0 4.044
1634947320 24.08 78.32 0 4.044
1634947380 24.11 78.35 0 4.044
1634947440 24.15 78.24 0 4.044
1634947500 24.14 78.46 0 4.044
1634947560 24.05 77.75 0 4.044
1634947620 24.01 78.13 0 4.044
1634947680 23.98 78.19 0 4.044
1634947740 23.87 78.41 0 4.049
1634947800 23.87 78.69 0 4.044
1634947860 23.84 78.63 0 4.044
1634947920 23.89 78.7 0 4.044
1634947980 23.95 78.91 0 4.044
1634948040 23.88 78.31 0 4.044
1634948100 23.84 78.76 0 4.044
1634948160 23.78 79.07 0 4.044
1634948220 23.8 79.27 0 4.044
1634948280 23.89 79.2 0 4.044
1634948340 23.91 78.81 0 4.044
1634948400 23.91 78.49 0 4.044
1634948460 23.92 78.52 0 4.044
1634948520 23.92 78.48 0 4.044
1634948580 23.94 78.66 0 4.044
1634948640 23.92 78.61 0 4.044
1634948700 23.97 78.63 0 4.044
1634948760 24.02 78.31 0 4.044
1634948820 24.01 78.38 0 4.044
1634948880 24.01 78.52 0 4.044
1634948940 24 78.47 0 4.044
1634949000 23.92 78.73 0 4.044
1634949060 23.92 78.72 0 4.044
1634949120 23.91 78.84 0 4.044
1634949180 23.88 78.85 0 4.044
1634949240 23.88 79.05 0 4.044
1634949300 23.92 78.99 0 4.044
1634949360 23.89 78.8 0 4.044
1634949420 23.98 79 0 4.044
1634949480 23.95 79.14 0 4.044
1634949540 23.92 79.09 0 4.044
1634949600 23.95 78.96 0 4.044
1634949660 23.94 79.07 0 4.044
1634949720 23.95 80.91 0 4.044
1634949780 23.81 81.43 0 4.044
1634949840 23.77 81.89 0 4.044
1634949900 23.75 82.59 0 4.044
1634949960 23.68 82.9 0 4.044
1634950020 23.61 82.75 0 4.044
1634950080 23.61 84.21 0 4.044
1634950140 23.53 84.59 0 4.044
1634950200 23.44 84.33 0 4.049
1634950260 23.4 84.31 0 4.044
1634950320 23.32 83.55 0 4.044
1634950380 23.32 83.69 0 4.049
1634950440 23.23 85.06 0 4.044
1634950500 23.26 86.02 0 4.044
1634950560 23.19 86.29 0 4.044
1634950620 23.16 87.23 0 4.044
1634950680 23.14 86.97 0 4.044
1634950740 23.12 86.5 0 4.044
1634950800 23.1 86.42 0 4.044
1634950860 23.09 85.25 0 4.044
1634950920 23.09 85.75 0 4.044
1634950980 23.13 86.17 0 4.044
1634951040 23.09 86.74 0 4.044
1634951100 23.06 86.21 0 4.044
1634951160 23.05 86.58 0 4.044
1634951220 23.02 85.9 0 4.044
1634951280 23.01 86.43 0 4.044
1634951340 23.01 87.22 0 4.044
1634951400 22.98 87.25 0 4.044
1634951460 22.91 87.47 0 4.044
1634951520 22.92 86.86 0 4.044
1634951580 22.86 87.11 0 4.044
1634951640 22.88 87.88 0 4.044
1634951700 22.76 86.95 0 4.044
1634951760 22.72 87.66 0 4.044
1634951820 22.61 88.28 0 4.044
1634951880 22.54 88.51 0 4.044
1634951940 22.41 88.69 0 4.044
1634952000 22.28 88.97 0 4.044
1634952060 22.17 89.83 0 4.044
1634952120 22.07 90.45 0 4.044
1634952180 22 91 0 4.044
1634952240 22 91.74 0 4.044
1634952300 21.96 92.27 0 4.044
1634952360 21.87 92.02 0 4.044
1634952420 21.92 92.26 0 4.044
1634952480 21.95 92.6 0 4.044
1634952540 21.89 92.95 0 4.044
1634952600 21.85 93.14 0 4.044
1634952660 21.85 93.62 0 4.044
1634952720 21.89 94.41 0 4.044
1634952780 21.85 94.28 0 4.044
1634952840 21.86 94.11 0 4.044
1634952900 21.76 94.1 0 4.044
1634952960 21.8 94.48 0 4.044
1634953020 21.83 94.7 0 4.044
1634953080 21.85 94.84 0 4.044
1634953140 21.93 94.9 0 4.044
1634953200 21.9 94.89 0 4.044
1634953260 21.97 95.17 0 4.044
1634953320 21.92 94.85 0 4.044
1634953380 22.01 95.56 0 4.044
1634953440 22 94.94 0 4.044
1634953500 21.92 94.48 0 4.039
1634953560 21.92 94.48 0 4.044
1634953620 21.92 94.21 0 4.039
1634953680 21.93 94.32 0 4.044
1634953740 21.96 94.29 0 4.044
1634953800 21.99 93.97 0 4.044
1634953860 21.97 94.1 0 4.044
1634953920 22.01 93.98 0 4.044
1634953980 22.04 93.7 0 4.044
1634954040 22.07 93.74 0 4.044
1634954100 22.08 93.66 0 4.044
1634954160 22.1 93.88 0 4.044
1634954220 22.1 93.95 0 4.044
1634954280 22.08 93.64 0 4.044
1634954340 22.08 93.79 0 4.044
1634954400 22.11 93.28 0 4.044
1634954460 22.11 93.63 0 4.044
1634954520 22.13 93.82 0 4.044
1634954580 22.13 93.89 0 4.044
1634954640 22.11 93.45 0 4.044
1634954700 22.1 92.7 0 4.039
1634954760 22.28 93.58 0 4.044
1634954820 22.28 93.79 0 4.044
1634954880 22.26 93.86 0 4.039
1634954940 22.27 94.12 0 4.039
1634955000 22.23 94.28 0 4.044
1634955060 22.24 94.44 0 4.039
1634955120 22.18 94.57 0 4.039
1634955180 22.1 94.47 0 4.039
1634955240 22.06 94.74 0 4.044
1634955300 22.13 94.93 0 4.039
1634955360 22.13 95.12 0 4.044
1634955420 22.1 95.09 0 4.039
1634955480 22.07 94.94 0 4.039
1634955540 22.04 94.92 0 4.044
1634955600 21.97 94.65 0 4.044
1634955660 21.96 94.83 0 4.044
1634955720 21.96 94.71 0 4.044
1634955780 21.99 95 0 4.039
1634955840 21.95 94.72 0 4.039
1634955900 21.96 94.89 0 4.039
1634955960 21.97 95.05 0 4.039
1634956020 22 95.21 0 4.039
1634956080 22.06 95.19 0 4.044
1634956140 22.01 94.5 0 4.039
1634956200 22.03 95.15 0 4.039
1634956260 22.03 94.85 0 4.044
1634956320 22.01 94.69 0 4.044
1634956380 21.99 94.76 0 4.039
1634956440 21.97 94.63 0 4.039
1634956500 21.99 94.73 0 4.039
1634956560 22.03 95.01 0 4.044
1634956620 22.07 95.21 0 4.039
1634956680 22.1 95.05 0 4.039
1634956740 22.11 95.24 0 4.039
1634956800 22.11 95.26 0 4.039
1634956860 22.01 94.84 0 4.039
1634956920 22.07 95.36 0 4.039
1634956980 21.99 94.74 0 4.039
1634957040 21.99 94.94 0 4.039
1634957100 22 95.07 0 4.039
1634957160 22.01 95.28 0 4.044
1634957220 22.04 95.42 0 4.039
1634957280 22.08 95.63 0 4.044
1634957340 22 95.48 0 4.039
1634957400 22 95.66 0 4.039
1634957460 22 95.86 0 4.039
1634957520 21.96 95.89 0 4.044
1634957580 21.95 95.94 0 4.039
1634957640 21.96 96.02 0 4.039
1634957700 21.95 95.94 0 4.044
1634957760 21.95 96.09 0 4.039
1634957820 21.96 96.12 0 4.039
1634957880 21.99 96.26 0 4.039
1634957940 21.89 95.88 0 4.039
1634958000 21.92 96.19 0 4.039
1634958060 21.9 95.97 0 4.039
1634958120 21.89 95.85 0 4.039
1634958180 21.87 95.68 0 4.039
1634958240 21.85 95.74 0 4.044
1634958300 21.83 95.69 0 4.039
1634958360 21.83 95.81 0 4.033
1634958420 21.76 95.33 0 4.044
1634958480 21.72 95.3 0 4.039
1634958540 21.79 95.52 0 4.039
1634958600 21.79 95.57 0 4.039
1634958660 21.75 95.35 0 4.044
1634958720 21.75 95.47 0 4.039
1634958780 21.72 95.58 0 4.039
1634958840 21.69 95.69 0 4.039
1634958900 21.69 95.94 0 4.039
1634958960 21.68 96.13 0 4.039
1634959020 21.65 96.03 0 4.039
1634959080 21.6 96 0 4.039
1634959140 21.63 95.99 0 4.039
1634959200 21.62 96.04 0 4.039
1634959260 21.6 96 0 4.039
1634959320 21.56 95.83 0 4.039
1634959380 21.63 95.72 0 4.039
1634959440 21.66 95.75 0 4.039
1634959500 21.62 95.32 0 4.039
1634959560 21.63 95.64 0 4.039
1634959620 21.65 95.02 0 4.039
1634959680 21.62 94.4 0 4.039
1634959740 21.65 94.07 0 4.039
1634959800 21.66 93.65 0 4.039
1634959860 21.68 93.77 0 4.039
1634959920 21.68 93.76 0 4.039
1634959980 21.68 94 0 4.039
1634960040 21.72 94.35 0 4.039
1634960100 21.76 94.99 0 4.039
1634960160 21.76 95.13 0 4.039
1634960220 21.71 95.35 0 4.044
1634960280 21.68 95.43 0 4.039
1634960340 21.69 95.68 0 4.039
1634960400 21.66 95.83 0 4.039
1634960460 21.55 95.12 0 4.039
1634960520 21.39 94.56 0 4.039
1634960580 21.37 94.03 0 4.039
1634960640 21.37 93.77 0 4.039
1634960700 21.38 93.95 0 4.039
1634960760 21.38 93.6 0 4.039
1634960820 21.38 93.95 0 4.039
1634960880 21.32 93.28 0 4.039
1634960940 21.28 92.23 0 4.039
1634961000 21.27 91.8 0 4.039
1634961060 21.31 91.9 0 4.039
1634961120 21.35 92.24 0 4.039
1634961180 21.39 92.72 0 4.039
1634961240 21.31 91.45 0 4.039
1634961300 21.35 91.69 0 4.039
1634961360 21.31 90.97 0 4.039
1634961420 21.32 91.52 0 4.039
1634961480 21.25 91.25 0 4.039
1634961540 21.2 91.99 0 4.039
1634961600 21.15 92.46 0 4.039
1634961660 21.07 92.54 0 4.039
1634961720 21.04 92.99 0 4.039
1634961780 21.05 93.44 0 4.039
1634961840 20.95 92.28 0 4.039
1634961900 20.91 90.5 0 4.039
1634961960 21.02 91.06 0 4.039
1634962020 21.02 90.1 0 4.039
1634962080 21.01 89.01 0 4.039
1634962140 21.08 90.43 0 4.039
1634962200 21.08 89.78 0 4.039
1634962260 20.98 88.05 0 4.039
1634962320 21.02 87.58 0 4.039
1634962380 21.01 86.86 0 4.039
1634962440 21.01 88.03 0 4.039
1634962500 21.01 89.46 0 4.039
1634962560 20.98 90.35 0 4.039
1634962620 21.01 90.21 0 4.039
1634962680 20.89 89.16 0 4.039
1634962740 20.87 89.12 0 4.039
1634962800 20.89 86.97 0 4.039
1634962860 20.94 85.64 0 4.039
1634962920 21.05 85.29 0 4.039
1634962980 21.05 84.91 0 4.039
1634963040 21.1 84.86 0 4.039
1634963100 21.07 84.59 0 4.039
1634963160 21.07 85.84 0 4.033
1634963220 21.07 86.6 0 4.039
1634963280 21.01 86.66 0 4.039
1634963340 20.95 88.29 0 4.039
1634963400 20.9 88.6 0 4.039
1634963460 20.89 89.15 0 4.039
1634963520 20.86 89.41 0 4.039
1634963580 20.83 89.38 0 4.039
1634963640 20.79 89.27 0 4.039
1634963700 20.73 89.22 0 4.039
1634963760 20.76 89.99 0 4.039
1634963820 20.76 90.92 0 4.039
1634963880 20.71 89.61 0 4.039
1634963940 20.73 88.47 0 4.039
1634964000 20.84 87.76 0 4.039
1634964060 20.84 86.7 0 4.039
1634964120 20.84 86.22 0 4.039
1634964180 20.79 87.12 0 4.039
1634964240 20.74 87.12 0 4.039
1634964300 20.73 86.93 0 4.039
1634964360 20.76 87.25 0 4.039
1634964420 20.74 87.37 0 4.033
1634964480 20.74 87.7 0 4.039
1634964540 20.76 88.23 0 4.039
1634964600 20.73 87.95 0 4.039
1634964660 20.73 88.45 0 4.039
1634964720 20.71 89.25 0 4.039
1634964780 20.69 89.28 0 4.039
1634964840 20.65 88.4 0 4.039
1634964900 20.7 88.58 0 4.039
1634964960 20.69 88.12 0 4.039
1634965020 20.67 86.93 0 4.033
1634965080 20.76 87.44 0 4.039
1634965140 20.79 87.51 0 4.039
