1645765200 23.68 75.64 0 4.108
1645765260 23.71 75.66 0 4.103
1645765320 23.71 75.73 0 4.108
1645765380 23.71 75.79 0 4.103
1645765440 23.71 75.88 0 4.103
1645765500 23.68 75.97 0 4.108
1645765560 23.68 76.01 0 4.103
1645765620 23.68 76.1 0 4.108
1645765680 23.68 76.23 0 4.108
1645765740 23.68 76.3 0 4.108
1645765800 23.68 76.44 0 4.103
1645765860 23.65 76.51 0 4.103
1645765920 23.65 76.62 0 4.103
1645765980 23.65 76.73 0 4.103
1645766040 23.64 76.83 0 4.103
1645766100 23.63 76.97 0 4.103
1645766160 23.64 77.06 0 4.103
1645766220 23.63 77.18 0 4.103
1645766280 23.63 77.3 0 4.103
1645766340 23.59 77.4 0 4.108
1645766400 23.57 77.49 0 4.103
1645766460 23.6 77.62 0 4.103
1645766520 23.57 77.7 0 4.103
1645766580 23.54 77.79 0 4.103
1645766640 23.56 77.82 0 4.103
1645766700 23.57 77.86 0 4.103
1645766760 23.57 77.9 0 4.103
1645766820 23.59 77.92 0 4.108
1645766880 23.63 78 0 4.103
1645766940 23.6 78.09 0 4.103
1645767000 23.6 78.13 0 4.103
1645767060 23.57 78.14 0 4.108
1645767120 23.57 78.19 0 4.103
1645767180 23.57 78.25 0 4.103
1645767240 23.6 78.26 0 4.103
1645767300 23.56 78.28 0 4.103
1645767360 23.53 78.22 0 4.103
1645767420 23.59 78.2 0 4.108
1645767480 23.59 78.17 0 4.103
1645767540 23.61 78.18 0 4.103
1645767600 23.61 78.13 0 4.103
1645767660 23.63 78.09 0 4.103
1645767720 23.61 78.08 0 4.103
1645767780 23.61 78.05 0 4.103
1645767840 23.61 78.03 0 4.103
1645767900 23.63 78.01 0 4.103
1645767960 23.61 77.98 0 4.103
1645768020 23.61 77.94 0 4.103
1645768080 23.61 77.91 0 4.103
1645768140 23.61 77.92 0 4.103
1645768200 23.65 77.88 0 4.103
1645768260 23.63 77.86 0 4.103
1645768320 23.64 77.84 0 4.103
1645768380 23.61 77.83 0 4.103
1645768440 23.65 77.82 0 4.103
1645768500 23.64 77.76 0 4.103
1645768560 23.63 77.81 0 4.103
1645768620 23.61 77.71 0 4.103
1645768680 23.64 77.72 0 4.103
1645768740 23.65 77.69 0 4.103
1645768800 23.65 77.66 0 4.103
1645768860 23.67 77.7 0 4.103
1645768920 23.65 77.65 0 4.103
1645768980 23.67 77.66 0 4.103
1645769040 23.65 77.62 0 4.108
1645769100 23.67 77.59 0 4.108
1645769160 23.65 77.57 0 4.103
1645769220 23.64 77.54 0 4.103
1645769280 23.67 77.5 0 4.103
1645769340 23.67 77.48 0 4.103
1645769400 23.67 77.43 0 4.103
1645769460 23.68 77.4 0 4.103
1645769520 23.67 77.36 0 4.103
1645769580 23.68 77.35 0 4.103
1645769640 23.67 77.31 0 4.103
1645769700 23.64 77.26 0 4.103
1645769760 23.65 77.24 0 4.103
1645769820 23.63 77.22 0 4.103
1645769880 23.64 77.17 0 4.103
1645769940 23.61 77.17 0 4.103
1645770000 23.61 77.14 0 4.103
1645770060 23.6 77.09 0 4.103
1645770120 23.61 77.1 0 4.103
1645770180 23.59 77.03 0 4.103
1645770240 23.57 77 0 4.103
1645770300 23.54 76.98 0 4.098
1645770360 23.54 76.92 0 4.103
1645770420 23.56 76.9 0 4.103
1645770480 23.54 76.9 0 4.103
1645770540 23.54 76.8 0 4.103
1645770600 23.51 76.8 0 4.103
1645770660 23.57 76.76 0 4.103
1645770720 23.59 76.74 0 4.098
1645770780 23.57 76.69 0 4.103
1645770840 23.57 76.66 0 4.103
1645770900 23.57 76.68 0 4.098
1645770960 23.57 76.62 0 4.103
1645771020 23.59 76.58 0 4.103
1645771080 23.6 76.66 0 4.103
1645771140 23.59 76.74 0 4.103
1645771200 23.56 76.75 0 4.103
1645771260 23.53 76.82 0 4.103
1645771320 23.5 76.9 0 4.103
1645771380 23.49 76.94 0 4.098
1645771440 23.46 77.05 0 4.103
1645771500 23.46 77.16 0 4.103
1645771560 23.44 77.24 0 4.103
1645771620 23.43 77.31 0 4.098
1645771680 23.43 77.38 0 4.103
1645771740 23.43 77.44 0 4.103
1645771800 23.41 77.56 0 4.103
1645771860 23.39 77.66 0 4.103
1645771920 23.34 77.75 0 4.103
1645771980 23.36 77.81 0 4.103
1645772040 23.33 77.91 0 4.103
1645772100 23.31 77.99 0 4.098
1645772160 23.3 78.12 0 4.098
1645772220 23.27 78.19 0 4.103
1645772280 23.24 78.31 0 4.103
1645772340 23.24 78.43 0 4.103
1645772400 23.21 78.52 0 4.103
1645772460 23.2 78.63 0 4.098
1645772520 23.2 78.71 0 4.103
1645772580 23.17 78.82 0 4.103
1645772640 23.19 78.91 0 4.103
1645772700 23.17 78.98 0 4.098
1645772760 23.16 79.08 0 4.103
1645772820 23.14 79.16 0 4.103
1645772880 23.17 79.29 0 4.103
1645772940 23.16 79.36 0 4.103
1645773000 23.14 79.43 0 4.103
1645773060 23.14 79.49 0 4.103
1645773120 23.13 79.56 0 4.103
1645773180 23.12 79.57 0 4.103
1645773240 23.13 79.62 0 4.103
1645773300 23.12 79.68 0 4.103
1645773360 23.12 79.72 0 4.098
1645773420 23.07 79.8 0 4.103
1645773480 23.09 79.86 0 4.103
1645773540 23.09 79.95 0 4.103
1645773600 23.07 79.95 0 4.103
1645773660 23.06 80.04 0 4.098
1645773720 23.06 80.08 0 4.103
1645773780 23.05 80.15 0 4.098
1645773840 23.02 80.24 0 4.103
1645773900 23.03 80.28 0 4.098
1645773960 23.03 80.35 0 4.098
1645774020 23.03 80.41 0 4.098
1645774080 23 80.43 0 4.103
1645774140 23.03 80.51 0 4.103
1645774200 23.02 80.57 0 4.098
1645774260 23.02 80.64 0 4.103
1645774320 23.03 80.66 0 4.098
1645774380 23.02 80.67 0 4.103
1645774440 23.05 80.68 0 4.098
1645774500 23.03 80.69 0 4.103
1645774560 23.02 80.7 0 4.103
1645774620 23.02 80.73 0 4.098
1645774680 22.99 80.74 0 4.103
1645774740 23.02 80.76 0 4.098
1645774800 22.96 80.74 0 4.098
1645774860 22.96 80.75 0 4.098
1645774920 22.96 80.74 0 4.103
1645774980 22.93 80.7 0 4.103
1645775040 22.92 80.72 0 4.098
1645775100 22.93 80.71 0 4.098
1645775160 22.93 80.71 0 4.098
1645775220 22.9 80.75 0 4.098
1645775280 22.9 80.77 0 4.098
1645775340 22.88 80.78 0 4.098
1645775400 22.85 80.81 0 4.098
1645775460 22.85 80.86 0 4.103
1645775520 22.83 80.86 0 4.103
1645775580 22.8 80.9 0 4.098
1645775640 22.78 80.91 0 4.098
1645775700 22.79 80.91 0 4.098
1645775760 22.76 80.93 0 4.098
1645775820 22.78 80.99 0 4.098
1645775880 22.76 81.02 0 4.098
1645775940 22.76 81.05 0 4.098
1645776000 22.78 81.07 0 4.103
1645776060 22.76 81.12 0 4.098
1645776120 22.78 81.16 0 4.098
1645776180 22.76 81.22 0 4.098
1645776240 22.78 81.26 0 4.098
1645776300 22.73 81.27 0 4.098
1645776360 22.73 81.37 0 4.098
1645776420 22.76 81.38 0 4.098
1645776480 22.73 81.45 0 4.098
1645776540 22.73 81.48 0 4.098
1645776600 22.76 81.52 0 4.098
1645776660 22.8 81.57 0 4.103
1645776720 22.78 81.58 0 4.098
1645776780 22.8 81.61 0 4.098
1645776840 22.79 81.6 0 4.098
1645776900 22.8 81.61 0 4.098
1645776960 22.83 81.6 0 4.103
1645777020 22.82 81.59 0 4.103
1645777080 22.86 81.6 0 4.098
1645777140 22.85 81.56 0 4.098
1645777200 22.86 81.56 0 4.098
1645777260 22.86 81.5 0 4.103
1645777320 22.88 81.52 0 4.098
1645777380 22.92 81.49 0 4.098
1645777440 22.92 81.47 0 4.103
1645777500 22.9 81.42 0 4.087
1645777560 22.92 81.37 0 4.098
1645777620 22.93 81.37 0 4.098
1645777680 22.93 81.31 0 4.098
1645777740 22.93 81.29 0 4.098
1645777800 22.95 81.26 0 4.098
1645777860 22.96 81.23 0 4.098
1645777920 22.93 81.19 0 4.098
1645777980 22.95 81.19 0 4.098
1645778040 22.96 81.15 0 4.098
1645778100 22.95 81.1 0 4.098
1645778160 22.92 81.06 0 4.098
1645778220 22.92 81.06 0 4.098
1645778280 22.95 80.99 0 4.098
1645778340 22.95 80.95 0 4.098
1645778400 22.93 80.9 0 4.092
1645778460 22.95 80.86 0 4.098
1645778520 22.95 80.82 0 4.098
1645778580 22.92 80.71 0 4.098
1645778640 22.95 80.6 0 4.098
1645778700 22.99 80.5 0 4.098
1645778760 23.07 80.36 0 4.098
1645778820 23.09 80.22 0 4.098
1645778880 23.13 80.07 0 4.098
1645778940 23.16 79.95 0 4.098
1645779000 23.16 79.79 0 4.098
1645779060 23.14 79.71 0 4.098
1645779120 23.12 79.57 0 4.098
1645779180 23.14 79.52 0 4.098
1645779240 23.06 79.38 0 4.092
1645779300 23.06 79.36 0 4.098
1645779360 23.05 79.21 0 4.098
1645779420 23.02 79.19 0 4.098
1645779480 23 79.14 0 4.098
1645779540 22.97 79.08 0 4.092
1645779600 22.97 79.06 0 4.098
1645779660 22.95 79.07 0 4.098
1645779720 22.95 79.07 0 4.098
1645779780 22.89 79.08 0 4.092
1645779840 22.89 79.09 0 4.098
1645779900 22.88 79.13 0 4.098
1645779960 22.86 79.15 0 4.098
1645780020 22.83 79.14 0 4.098
1645780080 22.85 79.24 0 4.098
1645780140 22.88 79.27 0 4.098
1645780200 22.88 79.31 0 4.098
1645780260 22.88 79.39 0 4.092
1645780320 22.88 79.44 0 4.098
1645780380 22.86 79.51 0 4.098
1645780440 22.85 79.63 0 4.092
1645780500 22.83 79.66 0 4.098
1645780560 22.8 79.75 0 4.092
1645780620 22.78 79.83 0 4.098
1645780680 22.76 79.87 0 4.092
1645780740 22.78 79.94 0 4.098
1645780800 22.79 79.94 0 4.092
1645780860 22.8 80 0 4.098
1645780920 22.83 80.11 0 4.098
1645780980 22.76 80.16 0 4.098
1645781040 22.75 80.19 0 4.092
1645781100 22.75 80.22 0 4.092
1645781160 22.75 80.29 0 4.098
1645781220 22.73 80.34 0 4.098
1645781280 22.72 80.38 0 4.092
1645781340 22.73 80.45 0 4.098
1645781400 22.72 80.5 0 4.092
1645781460 22.7 80.5 0 4.098
1645781520 22.69 80.53 0 4.098
1645781580 22.68 80.51 0 4.098
1645781640 22.69 80.49 0 4.098
1645781700 22.72 80.51 0 4.098
1645781760 22.72 80.49 0 4.092
1645781820 22.7 80.49 0 4.098
1645781880 22.7 80.45 0 4.098
1645781940 22.7 80.48 0 4.092
1645782000 22.72 80.49 0 4.092
1645782060 22.73 80.46 0 4.092
1645782120 22.69 80.48 0 4.098
1645782180 22.69 80.5 0 4.092
1645782240 22.7 80.5 0 4.098
1645782300 22.7 80.54 0 4.098
1645782360 22.7 80.56 0 4.092
1645782420 22.69 80.6 0 4.098
1645782480 22.7 80.62 0 4.098
1645782540 22.69 80.64 0 4.092
1645782600 22.7 80.73 0 4.098
1645782660 22.7 80.75 0 4.092
1645782720 22.69 80.79 0 4.098
1645782780 22.7 80.8 0 4.098
1645782840 22.68 80.86 0 4.092
1645782900 22.69 80.88 0 4.092
1645782960 22.65 80.94 0 4.092
1645783020 22.65 80.97 0 4.092
1645783080 22.65 81.02 0 4.092
1645783140 22.63 81.07 0 4.098
1645783200 22.65 81.09 0 4.092
1645783260 22.62 81.16 0 4.092
1645783320 22.63 81.2 0 4.092
1645783380 22.63 81.25 0 4.098
1645783440 22.61 81.3 0 4.092
1645783500 22.59 81.31 0 4.092
1645783560 22.58 81.35 0 4.092
1645783620 22.59 81.42 0 4.092
1645783680 22.61 81.46 0 4.092
1645783740 22.61 81.47 0 4.092
1645783800 22.62 81.53 0 4.092
1645783860 22.63 81.57 0 4.092
1645783920 22.61 81.6 0 4.092
1645783980 22.61 81.65 0 4.092
1645784040 22.61 81.66 0 4.092
1645784100 22.59 81.69 0 4.092
1645784160 22.62 81.74 0 4.092
1645784220 22.59 81.81 0 4.092
1645784280 22.59 81.87 0 4.092
1645784340 22.58 81.89 0 4.092
1645784400 22.56 81.96 0 4.092
1645784460 22.58 82.02 0 4.098
1645784520 22.58 82.08 0 4.092
1645784580 22.58 82.16 0 4.092
1645784640 22.58 82.2 0 4.092
1645784700 22.55 82.28 0 4.092
1645784760 22.58 82.35 0 4.092
1645784820 22.56 82.42 0 4.092
1645784880 22.54 82.5 0 4.092
1645784940 22.52 82.55 0 4.092
1645785000 22.49 82.66 0 4.092
1645785060 22.49 82.73 0 4.092
1645785120 22.49 82.82 0 4.092
1645785180 22.48 82.87 0 4.092
1645785240 22.46 82.94 0 4.092
1645785300 22.19 84.23 0 4.092
1645785360 22.16 84.32 0 4.098
1645785420 22.12 84.37 0 4.092
1645785480 22.15 84.43 0 4.092
1645785540 22.12 84.51 0 4.092
1645785600 22.14 84.57 0 4.092
1645785660 22.14 84.68 0 4.092
1645785720 22.12 84.77 0 4.092
1645785780 22.1 84.83 0 4.092
1645785840 22.1 84.91 0 4.092
1645785900 22.05 84.98 0 4.092
1645785960 22.05 85.03 0 4.092
1645786020 22.04 85.1 0 4.092
1645786080 22.04 85.18 0 4.092
1645786140 22.03 85.22 0 4.092
1645786200 22.07 85.27 0 4.092
1645786260 22.1 85.33 0 4.092
1645786320 22.1 85.4 0 4.092
1645786380 22.11 85.47 0 4.092
1645786440 22.1 85.52 0 4.092
1645786500 22.07 85.56 0 4.092
1645786560 22.07 85.58 0 4.092
1645786620 22.07 85.62 0 4.092
1645786680 22.08 85.67 0 4.092
1645786740 22.07 85.71 0 4.092
1645786800 22.05 85.78 0 4.092
1645786860 22.07 85.81 0 4.092
1645786920 22.07 85.8 0 4.092
1645786980 22.11 85.88 0 4.092
1645787040 22.08 85.87 0 4.092
1645787100 22.11 85.9 0 4.092
1645787160 22.11 85.91 0 4.092
1645787220 22.12 85.96 0 4.087
1645787280 22.11 85.98 0 4.092
1645787340 22.12 86 0 4.092
1645787400 22.12 86.02 0 4.087
1645787460 22.11 86.09 0 4.092
1645787520 22.1 86.11 0 4.092
1645787580 22.11 86.13 0 4.092
1645787640 22.07 86.17 0 4.092
1645787700 22.07 86.18 0 4.092
1645787760 22.04 86.22 0 4.092
1645787820 22.05 86.26 0 4.092
1645787880 22.03 86.36 0 4.087
1645787940 22 86.35 0 4.092
1645788000 21.98 86.38 0 4.087
1645788060 21.95 86.44 0 4.092
1645788120 21.94 86.45 0 4.092
1645788180 21.95 86.45 0 4.092
1645788240 21.94 86.48 0 4.092
1645788300 22 86.48 0 4.092
1645788360 22 86.47 0 4.087
1645788420 21.97 86.48 0 4.087
1645788480 21.97 86.46 0 4.092
1645788540 21.97 86.44 0 4.087
1645788600 21.95 86.46 0 4.092
1645788660 22 86.45 0 4.092
1645788720 22.03 86.41 0 4.092
1645788780 22.03 86.42 0 4.092
1645788840 22.04 86.38 0 4.092
1645788900 22.07 86.35 0 4.092
1645788960 22.05 86.33 0 4.087
1645789020 22.07 86.32 0 4.092
1645789080 22.05 86.29 0 4.092
1645789140 22.04 86.23 0 4.092
1645789200 22.08 86.23 0 4.087
1645789260 22.1 86.17 0 4.092
1645789320 22.1 86.17 0 4.087
1645789380 22.07 86.12 0 4.087
1645789440 22.05 86.07 0 4.087
1645789500 22.04 86.01 0 4.087
1645789560 22.07 85.99 0 4.087
1645789620 22.07 85.99 0 4.092
1645789680 22.05 85.96 0 4.087
1645789740 22.03 85.94 0 4.092
1645789800 22.01 85.86 4 4.092
1645789860 22 85.83 0 4.087
1645789920 22 85.85 0 4.087
1645789980 21.98 85.79 0 4.092
1645790040 21.97 85.79 0 4.087
1645790100 21.94 85.78 4 4.087
1645790160 21.91 85.77 4 4.087
1645790220 21.93 85.8 4 4.087
1645790280 21.88 85.79 4 4.092
1645790340 21.85 85.78 4 4.087
1645790400 21.84 85.78 4 4.092
1645790460 21.83 85.82 4 4.087
1645790520 21.79 85.8 10 4.087
1645790580 21.79 85.86 10 4.087
1645790640 21.77 85.9 10 4.087
1645790700 21.74 85.88 10 4.092
1645790760 21.73 85.89 10 4.087
1645790820 21.71 85.93 10 4.087
1645790880 21.73 85.98 10 4.087
1645790940 21.7 85.98 10 4.087
1645791000 21.71 85.99 10 4.087
1645791060 21.71 86 10 4.087
1645791120 21.71 86.02 16 4.087
1645791180 21.73 86.03 16 4.087
1645791240 21.79 86.05 16 4.087
1645791300 21.79 86.07 16 4.092
1645791360 21.83 86.07 16 4.092
1645791420 21.83 86.1 16 4.087
1645791480 21.81 86.13 22 4.087
1645791540 21.8 86.11 22 4.087
1645791600 21.8 86.11 22 4.087
1645791660 21.81 86.12 22 4.087
1645791720 21.83 86.14 22 4.087
1645791780 21.84 86.1 22 4.087
1645791840 21.83 86.12 22 4.092
1645791900 21.81 86.13 28 4.087
1645791960 21.81 86.15 22 4.087
1645792020 21.81 86.19 28 4.087
1645792080 21.81 86.19 28 4.087
1645792140 21.79 86.22 28 4.087
1645792200 21.79 86.23 28 4.087
1645792260 21.76 86.28 28 4.087
1645792320 21.77 86.29 28 4.087
1645792380 21.74 86.28 34 4.087
1645792440 21.76 86.3 34 4.087
1645792500 21.8 86.35 34 4.087
1645792560 21.8 86.39 34 4.087
1645792620 21.79 86.44 34 4.087
1645792680 21.8 86.43 34 4.087
1645792740 21.8 86.49 34 4.092
1645792800 21.81 86.54 40 4.087
1645792860 21.81 86.57 34 4.087
1645792920 21.8 86.63 34 4.087
1645792980 21.8 86.67 34 4.087
1645793040 21.8 86.71 34 4.087
1645793100 21.81 86.79 34 4.087
1645793160 21.81 86.8 34 4.087
1645793220 21.85 86.88 34 4.087
1645793280 21.81 86.92 34 4.092
1645793340 21.8 86.98 34 4.087
1645793400 21.79 87.04 34 4.092
1645793460 21.76 87.07 34 4.087
1645793520 21.74 87.14 40 4.087
1645793580 21.79 87.24 40 4.087
1645793640 21.79 87.24 40 4.087
1645793700 21.79 87.34 40 4.087
1645793760 21.8 87.37 46 4.087
1645793820 21.81 87.41 46 4.092
1645793880 21.81 87.5 46 4.087
1645793940 21.83 87.5 46 4.087
1645794000 21.84 87.58 52 4.087
1645794060 21.84 87.6 58 4.087
1645794120 21.84 87.64 58 4.087
1645794180 21.85 87.63 58 4.087
1645794240 21.93 87.66 58 4.087
1645794300 21.97 87.73 76 4.087
1645794360 21.98 87.71 76 4.087
1645794420 22.03 87.75 76 4.087
1645794480 22.05 87.75 82 4.087
1645794540 22.12 87.77 82 4.087
1645794600 22.18 87.75 82 4.087
1645794660 22.21 87.75 82 4.087
1645794720 22.28 87.77 82 4.087
1645794780 22.32 87.77 82 4.087
1645794840 22.36 87.77 82 4.087
1645794900 22.39 87.71 82 4.087
1645794960 22.42 87.65 82 4.087
1645795020 22.48 87.66 82 4.087
1645795080 22.51 87.57 88 4.087
1645795140 22.54 87.53 88 4.087
1645795200 22.52 87.49 88 4.087
1645795260 22.55 87.4 88 4.087
1645795320 22.62 87.34 88 4.087
1645795380 22.59 87.27 82 4.087
1645795440 22.62 87.17 82 4.087
1645795500 22.72 87.1 88 4.087
1645795560 22.76 86.97 88 4.087
1645795620 22.76 86.86 88 4.087
1645795680 22.83 86.74 88 4.087
1645795740 22.89 86.61 94 4.087
1645795800 22.9 86.47 100 4.087
1645795860 22.96 86.37 94 4.087
1645795920 22.97 86.25 100 4.087
1645795980 22.96 86.13 100 4.087
1645796040 23.02 85.97 100 4.087
1645795200 22.52 87.49 88 4.087
1645795260 22.55 87.4 88 4.087
1645795320 22.62 87.34 88 4.087
1645795380 22.59 87.27 82 4.087
1645795440 22.62 87.17 82 4.087
1645795500 22.72 87.1 88 4.087
1645795560 22.76 86.97 88 4.087
1645795620 22.76 86.86 88 4.087
1645795680 22.83 86.74 88 4.087
1645795740 22.89 86.61 94 4.087
1645795800 22.9 86.47 100 4.087
1645795860 22.96 86.37 94 4.087
1645795920 22.97 86.25 100 4.087
1645795980 22.96 86.13 100 4.087
1645796040 23.02 85.97 100 4.087
1645796100 23.03 85.83 100 4.087
1645796160 23.07 85.7 100 4.087
1645796220 23.09 85.51 100 4.087
1645796280 23.2 85.36 100 4.087
1645796340 23.3 85.22 106 4.087
1645796400 23.37 85.09 106 4.082
1645796460 23.4 84.92 106 4.087
1645796520 23.44 84.74 106 4.087
1645796580 23.47 84.58 106 4.087
1645796640 23.53 84.42 106 4.087
1645796700 23.6 84.26 112 4.087
1645796760 23.61 84.1 112 4.087
1645796820 23.68 83.93 112 4.087
1645796880 23.71 83.79 118 4.087
1645796940 23.74 83.59 118 4.087
1645797000 23.77 83.41 118 4.087
1645797060 23.78 83.27 118 4.087
1645797120 23.87 83.11 118 4.087
1645797180 23.94 82.93 118 4.087
1645797240 23.97 82.77 118 4.087
1645797300 24.02 82.63 118 4.087
1645797360 24.11 82.47 118 4.087
1645797420 24.11 82.33 118 4.087
1645797480 24.11 82.14 124 4.087
1645797540 24.15 81.98 131 4.087
1645797600 24.19 81.81 131 4.087
1645797660 24.18 81.61 131 4.087
1645797720 24.25 81.49 131 4.087
1645797780 24.22 81.27 131 4.087
1645797840 24.25 81.13 131 4.087
1645797900 24.25 80.88 131 4.087
1645797960 24.29 80.68 131 4.087
1645798020 24.25 80.48 131 4.087
1645798080 24.32 80.3 131 4.087
1645798140 24.36 80.13 131 4.087
1645798200 24.42 79.96 131 4.087
1645798260 24.45 79.81 131 4.087
1645798320 24.45 79.67 131 4.087
1645798380 24.53 79.48 137 4.087
1645798440 24.62 79.33 137 4.087
1645798500 24.69 79.18 137 4.087
1645798560 24.73 79.01 137 4.087
1645798620 24.65 78.8 137 4.087
1645798680 24.63 78.62 137 4.087
1645798740 24.67 78.48 143 4.087
1645798800 24.72 78.3 143 4.087
1645798860 24.72 78.17 143 4.087
1645798920 24.75 77.99 143 4.087
1645798980 24.8 77.87 143 4.092
1645799040 24.86 77.74 149 4.087
1645799100 24.91 77.57 149 4.087
1645799160 24.91 77.4 155 4.087
1645799220 24.93 77.23 155 4.087
1645799280 25.02 77.1 155 4.087
1645799340 25.13 76.96 155 4.087
1645799400 25.17 76.82 155 4.087
1645799460 25.26 76.69 155 4.087
1645799520 25.3 76.54 155 4.092
1645799580 25.34 76.35 155 4.087
1645799640 25.4 76.18 155 4.087
1645799700 25.42 75.99 155 4.087
1645799760 25.48 75.78 161 4.092
1645799820 25.58 75.58 161 4.087
1645799880 25.6 75.41 167 4.092
1645799940 25.64 75.19 161 4.087
1645800000 25.56 75.03 161 4.092
1645800060 25.58 74.84 161 4.087
1645800120 25.61 74.6 161 4.087
1645800180 25.77 74.45 161 4.087
1645800240 25.84 74.27 179 4.092
1645800300 25.74 74.02 179 4.087
1645800360 25.69 73.82 179 4.087
1645800420 25.68 73.63 179 4.092
1645800480 25.78 73.46 167 4.092
1645800540 25.89 73.29 167 4.087
1645800600 26.03 73.16 167 4.092
1645800660 26.06 73.03 173 4.087
1645800720 26.05 72.79 173 4.092
1645800780 26.09 72.6 173 4.087
1645800840 26.08 72.48 179 4.087
1645800900 26.15 72.28 179 4.087
1645800960 26.21 72.09 197 4.087
1645801020 26.19 71.89 257 4.087
1645801080 26.23 71.71 474 4.087
1645801140 26.32 71.61 257 4.092
1645801200 26.3 71.42 468 4.092
1645801260 26.38 71.34 546 4.092
1645801320 26.52 71.25 474 4.087
1645801380 26.66 71.04 371 4.087
1645801440 26.8 70.94 263 4.087
1645801500 26.97 70.83 215 4.087
1645801560 27 70.6 203 4.092
1645801620 26.94 70.41 185 4.087
1645801680 26.72 70.2 179 4.092
1645801740 26.7 69.95 185 4.087
1645801800 26.54 69.81 215 4.092
1645801860 26.54 69.57 197 4.092
1645801920 26.57 69.43 179 4.092
1645801980 26.67 69.23 179 4.087
1645802040 26.8 69.07 179 4.092
1645802100 26.96 68.93 179 4.092
1645802160 27.08 68.76 179 4.092
1645802220 27.14 68.62 179 4.092
1645802280 27.1 68.47 185 4.092
1645802340 27.2 68.35 185 4.087
1645802400 27.18 68.2 185 4.087
1645802460 27.15 67.99 185 4.087
1645802520 27.07 67.8 185 4.087
1645802580 27.17 67.63 197 4.092
1645802640 27.25 67.49 197 4.092
1645802700 27.11 67.29 197 4.092
1645802760 27.13 67.14 197 4.092
1645802820 27.21 66.98 203 4.092
1645802880 27.17 66.83 209 4.092
1645802940 27.17 66.65 209 4.092
1645803000 27.23 66.51 209 4.092
1645803060 27.35 66.37 209 4.092
1645803120 27.43 66.32 203 4.092
1645803180 27.35 66.18 203 4.092
1645803240 27.35 66.08 203 4.092
1645803300 27.45 65.99 209 4.092
1645803360 27.52 65.91 209 4.092
1645803420 27.52 65.82 221 4.092
1645803480 27.49 65.74 227 4.092
1645803540 27.45 65.71 215 4.092
1645803600 27.44 65.58 215 4.087
1645803660 27.45 65.54 215 4.092
1645803720 27.43 65.45 221 4.092
1645803780 27.41 65.38 221 4.092
1645803840 27.45 65.32 221 4.092
1645803900 27.48 65.27 191 4.092
1645803960 27.56 65.19 167 4.092
1645804020 27.62 65.08 155 4.092
1645804080 27.68 64.96 173 4.092
1645804140 27.66 64.83 155 4.092
1645804200 27.51 64.68 269 4.092
1645804260 27.38 64.51 257 4.092
1645804320 27.37 64.37 161 4.092
1645804380 27.4 64.25 155 4.092
1645804440 27.37 64.08 155 4.087
1645804500 27.37 63.98 143 4.092
1645804560 27.33 63.83 137 4.087
1645804620 27.27 63.65 137 4.087
1645804680 27.23 63.54 137 4.092
1645804740 27.15 63.37 149 4.087
1645804800 27.07 63.21 167 4.092
1645804860 27.08 63.09 245 4.092
1645804920 27.08 62.97 347 4.092
1645804980 27.15 62.89 390 4.092
1645805040 27.25 62.86 371 4.098
1645805100 27.23 62.71 257 4.092
1645805160 27.27 62.61 239 4.098
1645805220 27.51 62.54 233 4.092
1645805280 27.69 62.45 343 4.092
1645805340 27.75 62.33 462 4.092
1645805400 27.82 62.22 564 4.092
1645805460 27.92 62.07 552 4.092
1645805520 28.09 61.98 271 4.098
1645805580 28.27 61.79 265 4.098
1645805640 28.4 61.71 259 4.098
1645805700 28.54 61.55 216 4.092
1645805760 28.7 61.4 198 4.098
1645805820 28.71 61.27 209 4.092
1645805880 28.36 61.12 227 4.098
1645805940 28.06 60.97 257 4.092
1645806000 27.85 60.86 269 4.092
1645806060 27.78 60.77 319 4.098
1645806120 27.85 60.68 216 4.092
1645806180 27.94 60.51 216 4.092
1645806240 28 60.44 227 4.092
1645806300 28 60.35 233 4.092
1645806360 28 60.22 281 4.098
1645806420 28.05 60.09 251 4.092
1645806480 28.15 59.94 204 4.092
1645806540 28.23 59.83 227 4.092
1645806600 28.08 59.68 307 4.092
1645806660 28.13 59.55 259 4.098
1645806720 28.37 59.43 233 4.098
1645806780 28.46 59.24 210 4.098
1645806840 28.36 59.03 259 4.098
1645806900 28.42 58.88 191 4.098
1645806960 28.66 58.75 168 4.098
1645807020 28.78 58.61 174 4.092
1645807080 28.54 58.5 246 4.092
1645807140 28.53 58.47 271 4.098
1645807200 28.66 58.39 259 4.098
1645807260 28.7 58.25 277 4.098
1645807320 28.69 58.05 343 4.098
1645807380 28.69 57.92 487 4.098
1645807440 28.71 57.73 451 4.098
1645807500 28.91 57.63 391 4.098
1645807560 29.15 57.48 317 4.098
1645807620 29.32 57.32 301 4.098
1645807680 29.55 57.07 289 4.098
1645807740 29.66 56.85 271 4.098
1645807800 29.86 56.56 265 4.098
1645807860 29.93 56.32 252 4.098
1645807920 29.77 56.05 240 4.098
1645807980 29.56 55.73 240 4.098
1645808040 29.73 55.53 240 4.098
1645808100 29.68 55.37 246 4.098
1645808160 29.89 55.16 283 4.098
1645808220 29.92 54.9 277 4.098
1645808280 29.9 54.75 271 4.103
1645808340 30 54.6 319 4.098
1645808400 30.09 54.48 469 4.098
1645808460 30.12 54.36 632 4.098
1645808520 30.07 54.23 427 4.103
1645808580 30.05 54.15 469 4.103
1645808640 30.1 54.01 433 4.103
1645808700 30.1 53.83 493 4.103
1645808760 30.24 53.79 301 4.103
1645808820 30.38 53.7 289 4.103
1645808880 30.51 53.7 283 4.103
1645808940 30.68 53.62 265 4.103
1645809000 30.66 53.49 403 4.103
1645809060 30.71 53.45 499 4.103
1645809120 30.77 53.36 602 4.103
1645809180 30.73 53.23 1164 4.103
1645809240 30.81 53.13 640 4.103
1645809300 30.71 53.04 1164 4.108
1645809360 30.82 52.92 1183 4.103
1645809420 30.84 52.84 1182 4.108
1645809480 31.02 52.78 1079 4.103
1645809540 31.29 52.74 228 4.103
1645809600 31.32 52.6 210 4.103
1645809660 31.38 52.5 204 4.103
1645809720 31.19 52.37 469 4.108
1645809780 31.07 52.31 439 4.108
1645809840 30.81 52.2 680 4.103
1645809900 30.74 52.18 1031 4.103
1645809960 30.92 52.1 1188 4.103
1645810020 31.17 52.1 1237 4.103
1645810080 31.28 52.08 1249 4.108
1645810140 31.45 52.04 1019 4.108
1645810200 31.62 51.97 1243 4.108
1645810260 31.79 51.89 385 4.108
1645810320 31.89 51.75 337 4.103
1645810380 31.7 51.54 1385 4.098
1645810440 31.38 51.35 1391 4.098
1645810500 31.25 51.12 1397 4.098
1645810560 31.24 50.92 325 4.108
1645810620 31.11 50.72 331 4.108
1645810680 31.15 50.62 1042 4.098
1645810740 31.26 50.6 289 4.103
1645810800 31.29 50.51 240 4.103
1645810860 31.15 50.53 265 4.103
1645810920 30.92 50.49 246 4.103
1645810980 30.73 50.51 259 4.108
1645811040 30.48 50.59 252 4.108
1645811100 30.31 50.71 283 4.108
1645811160 30.23 50.84 421 4.108
1645811220 30.07 50.99 1337 4.098
1645811280 29.98 51.2 1325 4.098
1645811340 30.15 51.39 1337 4.098
1645811400 30.56 51.6 493 4.098
1645811460 30.71 51.77 259 4.103
1645811520 30.74 51.91 234 4.103
1645811580 30.78 52.03 234 4.103
1645811640 30.79 52.15 252 4.103
1645811700 30.67 52.33 277 4.103
1645811760 30.47 52.45 1367 4.098
1645811820 30.26 52.54 813 4.098
1645811880 30.19 52.59 1144 4.098
1645811940 30.38 52.77 301 4.108
1645812000 30.34 52.92 307 4.108
1645812060 30.4 53.04 319 4.103
1645812120 30.46 53.19 439 4.098
1645812180 30.41 53.34 475 4.098
1645812240 30.43 53.41 1234 4.098
1645812300 30.33 53.39 1409 4.098
1645812360 30.58 53.52 1355 4.098
1645812420 30.79 53.57 1343 4.098
1645812480 30.85 53.56 1301 4.098
1645812540 31.04 53.53 1317 4.098
1645812600 31.25 53.46 1328 4.125
1645812660 31.53 53.5 1346 4.13
1645812720 31.77 53.43 1359 4.13
1645812780 32.07 53.24 1353 4.13
1645812840 32 53.04 1341 4.13
1645812900 31.99 52.72 585 4.103
1645812960 31.97 52.49 1296 4.103
1645813020 31.83 52.22 1314 4.103
1645813080 32.09 52.01 1313 4.098
1645813140 31.96 51.8 1210 4.103
1645813200 31.68 51.64 1296 4.098
1645813260 31.48 51.48 1284 4.098
1645813320 31.62 51.48 1290 4.098
1645813380 31.63 51.47 1308 4.098
1645813440 31.96 51.54 1331 4.098
1645813500 32.23 51.47 1340 4.125
1645813560 32.24 51.46 1322 4.13
1645813620 32.23 51.37 1329 4.13
1645813680 32.23 51.33 1347 4.13
1645813740 32.57 51.34 1377 4.13
1645813800 32.68 51.3 295 4.114
1645813860 32.84 51.29 295 4.108
1645813920 32.85 51.14 819 4.103
1645813980 32.3 51.05 548 4.103
1645814040 32.23 51.08 1368 4.103
1645814100 32.06 51.09 1356 4.103
1645814160 31.92 51.18 271 4.108
1645814220 32.23 51.25 265 4.108
1645814280 31.99 51.23 1350 4.103
1645814340 31.76 51.18 1194 4.103
1645814400 31.62 51.23 1377 4.13
1645814460 31.75 51.39 536 4.103
1645814520 31.7 51.4 1302 4.103
1645814580 31.7 51.42 1308 4.103
1645814640 31.77 51.43 1314 4.103
1645814700 32.1 51.53 662 4.103
1645814760 32.14 51.47 433 4.098
1645814820 32 51.41 1332 4.103
1645814880 31.87 51.41 1332 4.103
1645814940 32.03 51.5 795 4.103
1645815000 32.14 51.45 1380 4.103
1645815060 31.93 51.42 1374 4.103
1645815120 32.04 51.47 1308 4.103
1645815180 32.16 51.46 1356 4.103
1645815240 32.44 51.5 1326 4.103
1645815300 32.44 51.41 1316 4.125
1645815360 32.49 51.35 295 4.108
1645815420 32.49 51.25 499 4.103
1645815480 32.31 51.13 1248 4.103
1645815540 32.26 51.03 1296 4.103
1645815600 32.17 50.98 1338 4.103
1645815660 32.03 50.88 313 4.108
1645815720 32.03 50.86 1164 4.103
1645815780 32 50.8 289 4.108
1645815840 31.89 50.76 271 4.108
1645815900 31.69 50.76 289 4.108
1645815960 31.25 50.72 469 4.103
1645816020 30.94 50.8 1308 4.103
1645816080 31.08 50.89 337 4.103
1645816140 31.33 51.03 246 4.108
1645816200 31.24 51.11 210 4.103
1645816260 30.92 51.16 198 4.108
1645816320 30.67 51.26 222 4.108
1645816380 30.37 51.36 1037 4.103
1645816440 30.23 51.56 1266 4.108
1645816500 30.34 51.81 1266 4.103
1645816560 30.78 52.11 379 4.103
1645816620 30.97 52.39 989 4.103
1645816680 30.99 52.53 295 4.103
1645816740 30.92 52.63 283 4.108
1645816800 30.51 52.66 1236 4.103
1645816860 30.44 52.81 1248 4.103
1645816920 30.27 52.9 1254 4.103
1645816980 30.38 53.1 1115 4.103
1645817040 30.47 53.2 295 4.103
1645817100 30.61 53.34 1194 4.103
1645817160 30.68 53.41 1224 4.103
1645817220 30.61 53.43 1234 4.103
1645817280 30.79 53.51 1222 4.103
1645817340 30.89 53.58 1236 4.103
1645817400 30.99 53.62 1200 4.103
1645817460 31.22 53.64 1176 4.103
1645817520 31.51 53.66 1176 4.098
1645817580 31.79 53.64 1170 4.103
1645817640 31.63 53.46 1176 4.103
1645817700 31.53 53.34 1182 4.098
1645817760 31.84 53.22 1192 4.103
1645817820 31.96 53 1168 4.103
1645817880 32.02 52.82 265 4.103
1645817940 31.97 52.62 259 4.103
1645818000 31.87 52.38 349 4.108
1645818060 31.8 52.14 259 4.108
1645818120 31.39 52.01 1236 4.103
1645818180 31.29 51.91 1158 4.103
1645818240 31.14 51.85 1176 4.103
1645818300 31.24 51.76 686 4.103
1645818360 31.21 51.73 1194 4.103
1645818420 31.26 51.66 1206 4.103
1645818480 31.42 51.54 277 4.108
1645818540 31.69 51.47 216 4.103
1645818600 31.77 51.43 204 4.108
1645818660 31.73 51.29 1152 4.103
1645818720 31.55 51.04 1139 4.103
1645818780 31.51 50.99 1109 4.103
1645818840 31.52 50.88 222 4.103
1645818900 31.42 50.87 740 4.103
1645818960 31.12 50.8 1186 4.103
1645819020 31.02 50.73 1164 4.098
1645819080 30.94 50.61 234 4.108
1645819140 30.95 50.54 1043 4.103
1645819200 31.01 50.58 1145 4.098
1645819260 31.24 50.55 337 4.108
1645819320 31.46 50.66 307 4.098
1645819380 31.56 50.68 1097 4.103
1645819440 31.43 50.7 1084 4.098
1645819500 31.61 50.7 1078 4.098
1645819560 31.66 50.73 1109 4.103
1645819620 31.56 50.75 192 4.103
1645819680 31.41 50.8 228 4.108
1645819740 31.09 50.88 1133 4.098
1645819800 30.84 50.94 566 4.103
1645819860 30.81 50.92 1005 4.098
1645819920 30.81 50.91 1120 4.098
1645819980 30.74 51.05 548 4.098
1645820040 30.82 51.08 252 4.103
1645820100 30.71 51.08 867 4.103
1645820160 30.56 51.09 246 4.108
1645820220 30.38 51.14 1079 4.103
1645820280 30.36 51.31 1036 4.098
1645820340 30.43 51.45 1037 4.098
1645820400 30.24 51.57 1037 4.103
1645820460 30.31 51.69 1036 4.098
1645820520 30.57 51.87 228 4.108
1645820580 30.64 52.04 379 4.108
1645820640 30.67 52.13 983 4.114
1645820700 30.85 52.34 989 4.108
1645820760 31.01 52.43 995 4.108
1645820820 31.11 52.52 880 4.114
1645820880 31.29 52.6 463 4.108
1645820940 31.43 52.6 415 4.108
1645821000 31.56 52.57 1021 4.108
1645821060 31.61 52.51 990 4.114
1645821120 31.41 52.47 972 4.114
1645821180 31.42 52.43 966 4.114
1645821240 31.28 52.39 978 4.114
1645821300 31.26 52.37 972 4.114
1645821360 31.45 52.33 972 4.114
1645821420 31.31 52.28 966 4.114
1645821480 31.46 52.27 210 4.108
1645821540 31.43 52.19 198 4.108
1645821600 31.25 52.1 198 4.108
1645821660 30.87 52.03 174 4.108
1645821720 30.34 52.01 174 4.108
1645821780 30.34 52.06 192 4.108
1645821840 30.16 52.19 174 4.108
1645821900 29.96 52.3 168 4.108
1645821960 29.77 52.44 876 4.114
1645822020 29.86 52.67 876 4.119
1645822080 29.98 52.85 864 4.114
1645822140 29.96 52.99 852 4.119
1645822200 30.05 53.1 834 4.114
1645822260 30.26 53.27 852 4.114
1645822320 30.44 53.32 865 4.119
1645822380 30.5 53.37 871 4.119
1645822440 30.77 53.46 252 4.114
1645822500 30.92 53.53 289 4.108
1645822560 30.67 53.46 846 4.114
1645822620 30.48 53.4 828 4.114
1645822680 30.41 53.41 823 4.119
1645822740 30.37 53.44 804 4.119
1645822800 30.5 53.47 792 4.114
1645822860 30.51 53.45 798 4.119
1645822920 30.73 53.37 798 4.119
1645822980 30.78 53.31 798 4.119
1645823040 31.11 53.32 798 4.119
1645823100 31.29 53.24 786 4.119
1645823160 31.51 53.15 755 4.119
1645823220 31.65 53.01 768 4.119
1645823280 31.63 52.87 768 4.119
1645823340 31.66 52.7 768 4.119
1645823400 31.31 52.53 755 4.119
1645823460 31.22 52.39 755 4.119
1645823520 31.22 52.34 768 4.119
1645823580 31.04 52.31 786 4.119
1645823640 31.12 52.27 787 4.119
1645823700 30.95 52.22 792 4.125
1645823760 30.92 52.18 793 4.125
1645823820 30.88 52.25 781 4.119
1645823880 30.98 52.28 763 4.125
1645823940 31.09 52.33 755 4.119
1645824000 31.08 52.31 745 4.119
1645824060 31.24 52.34 725 4.119
1645824120 31.38 52.37 697 4.125
1645824180 31.33 52.45 695 4.125
1645824240 31.08 52.34 695 4.125
1645824300 30.99 52.39 683 4.119
1645824360 30.97 52.42 683 4.119
1645824420 30.88 52.44 677 4.119
1645824480 30.88 52.38 689 4.125
1645824540 30.73 52.43 691 4.119
1645824600 30.57 52.45 671 4.125
1645824660 30.2 52.45 685 4.125
1645824720 30.13 52.58 252 4.119
1645824780 30 52.68 661 4.119
1645824840 29.96 52.82 667 4.125
1645824960 30 52.93 691 4.125
1645825020 30 53.01 679 4.125
1645825080 30.22 53.12 667 4.125
1645825140 30.1 53.22 649 4.125
1645825200 30.1 53.28 629 4.125
1645825260 30.23 53.35 611 4.119
1645825320 30.05 53.41 641 4.125
1645825380 29.86 53.57 635 4.125
1645825440 29.76 53.67 623 4.125
1645825500 29.72 53.77 611 4.119
1645825560 29.95 53.91 617 4.125
1645825620 29.98 54.04 611 4.125
1645825680 30.23 54.21 477 4.125
1645825740 30.56 54.31 393 4.125
1645825800 30.57 54.33 284 4.119
1645825860 30.53 54.32 265 4.119
1645825920 30.56 54.39 272 4.119
1645825980 30.41 54.39 228 4.119
1645826040 30.22 54.4 290 4.125
1645826100 29.85 54.41 260 4.119
1645826160 29.75 54.46 326 4.119
1645826220 29.83 54.53 265 4.119
1645826280 29.89 54.71 210 4.119
1645826340 29.76 54.71 192 4.119
1645826400 29.55 54.76 180 4.119
1645826460 29.45 54.86 180 4.119
1645826520 29.31 54.94 186 4.119
1645826580 29.35 55.05 192 4.125
1645826640 29.34 55.14 168 4.119
1645826700 29.29 55.27 174 4.119
1645826760 29.12 55.39 204 4.119
1645826820 29.01 55.51 192 4.119
1645826880 29 55.63 174 4.119
1645826940 28.91 55.8 180 4.119
1645827000 28.87 55.98 186 4.119
1645827060 28.89 56.09 162 4.108
1645827120 28.8 56.44 156 4.119
1645827180 28.77 56.48 144 4.119
1645827240 28.63 56.62 144 4.119
1645827300 28.57 56.73 168 4.119
1645827360 28.61 56.89 168 4.114
1645827420 28.67 57.03 168 4.119
1645827480 28.6 57.1 174 4.119
1645827540 28.59 57.25 174 4.119
1645827600 28.57 57.34 174 4.119
1645827660 28.46 57.43 168 4.119
1645827720 28.45 57.57 156 4.119
1645827780 28.5 57.71 150 4.119
1645827840 28.59 57.86 144 4.119
1645827900 28.63 57.97 138 4.119
1645827960 28.63 58.11 126 4.114
1645828020 28.56 58.22 114 4.119
1645828080 28.43 58.33 120 4.114
1645828140 28.39 58.39 108 4.119
1645828200 28.32 58.47 102 4.119
1645828260 28.26 58.55 102 4.119
1645828320 28.18 58.66 102 4.119
1645828380 28.09 58.76 108 4.119
1645828440 28.13 58.85 108 4.119
1645828500 28.16 58.95 108 4.119
1645828560 28.16 59.07 102 4.119
1645828620 28.16 59.15 102 4.114
1645828680 28.12 59.26 108 4.119
1645828740 28.02 59.29 108 4.119
1645828800 28 59.41 114 4.119
1645828860 27.91 59.47 108 4.114
1645828920 27.92 59.58 96 4.114
1645828980 27.91 59.59 90 4.119
1645829040 27.86 59.71 90 4.119
1645829100 27.88 59.75 90 4.119
1645829160 27.89 59.84 90 4.119
1645829220 27.76 59.95 90 4.119
1645829280 27.76 60.02 90 4.119
1645829340 27.73 60.17 90 4.119
1645829400 27.72 60.27 90 4.119
1645829460 27.72 60.31 96 4.119
1645829520 27.72 60.41 90 4.114
1645829580 27.69 60.49 96 4.119
1645829640 27.65 60.61 96 4.119
1645829700 27.66 60.68 96 4.119
1645829760 27.71 60.74 102 4.114
1645829820 27.75 60.81 102 4.114
1645829880 27.75 60.9 96 4.114
1645829940 27.71 60.93 102 4.119
1645830000 27.71 61.01 96 4.119
1645830060 27.69 61.07 90 4.114
1645830120 27.66 61.14 90 4.114
1645830180 27.65 61.21 78 4.119
1645830240 27.61 61.26 78 4.114
1645830300 27.61 61.33 72 4.119
1645830360 27.54 61.38 66 4.114
1645830420 27.44 61.39 66 4.114
1645830480 27.43 61.45 66 4.119
1645830540 27.38 61.55 72 4.119
1645830600 27.34 61.59 72 4.114
1645830660 27.28 61.64 66 4.114
1645830720 27.31 61.67 66 4.114
1645830780 27.3 61.69 66 4.114
1645830840 27.3 61.76 60 4.114
1645830900 27.31 61.78 54 4.114
1645830960 27.25 61.86 48 4.114
1645831020 27.24 61.93 48 4.114
1645831080 27.24 61.96 48 4.119
1645831140 27.2 62.01 42 4.114
1645831200 27.17 62.06 48 4.114
1645831260 27.13 62.07 42 4.119
1645831320 27.11 62.13 36 4.119
1645831380 27.1 62.2 36 4.114
1645831440 27.13 62.29 36 4.114
1645831500 27.07 62.36 36 4.114
1645831560 27.04 62.43 30 4.114
1645831620 26.98 62.51 36 4.114
1645831680 26.97 62.57 30 4.114
1645831740 26.93 62.67 30 4.114
1645831800 26.87 62.75 24 4.114
1645831860 26.86 62.82 24 4.114
1645831920 26.79 62.87 18 4.119
1645831980 26.74 62.94 18 4.119
1645832040 26.73 63 12 4.114
1645832100 26.72 63.09 12 4.114
1645832160 26.72 63.17 12 4.114
1645832220 26.7 63.25 12 4.114
1645832280 26.69 63.33 12 4.114
1645832340 26.69 63.4 6 4.114
1645832400 26.66 63.47 6 4.114
1645832460 26.66 63.55 6 4.108
1645832520 26.64 63.6 6 4.108
1645832580 26.64 63.67 6 4.114
1645832640 26.6 63.77 6 4.114
1645832700 26.62 63.79 6 4.114
1645832760 26.57 63.88 6 4.114
1645832820 26.54 63.97 0 4.114
1645832880 26.52 64.06 0 4.114
1645832940 26.52 64.13 0 4.114
1645833000 26.52 64.21 0 4.114
1645833060 26.56 64.28 0 4.114
1645833120 26.53 64.37 0 4.114
1645833180 26.54 64.41 0 4.114
1645833240 26.52 64.48 0 4.114
1645833300 26.42 64.55 0 4.114
1645833360 26.36 64.62 0 4.114
1645833420 26.33 64.66 0 4.114
1645833480 26.29 64.7 0 4.114
1645833540 26.23 64.78 0 4.114
1645833600 26.21 64.87 0 4.114
1645833660 26.22 64.9 0 4.114
1645833720 26.18 64.94 0 4.114
1645833780 26.12 65.03 0 4.114
1645833840 26.15 65.11 0 4.114
1645833900 26.14 65.2 0 4.114
1645833960 26.09 65.26 0 4.114
1645834020 26.09 65.39 0 4.114
1645834080 26.08 65.45 0 4.114
1645834140 26.03 65.55 0 4.114
1645834200 26.05 65.6 0 4.114
1645834260 26.05 65.72 0 4.108
1645834320 25.98 65.8 0 4.114
1645834380 25.96 65.9 0 4.114
1645834440 25.96 66 0 4.114
1645834500 25.95 66.09 0 4.114
1645834560 25.91 66.15 0 4.114
1645834620 25.89 66.25 0 4.114
1645834680 25.87 66.32 0 4.114
1645834740 25.85 66.43 0 4.114
1645834800 25.82 66.55 0 4.114
1645834860 25.84 66.66 0 4.114
1645834920 25.82 66.74 0 4.114
1645834980 25.81 66.78 0 4.108
1645835040 25.78 66.91 0 4.114
1645835100 25.77 67.01 0 4.114
1645835160 25.71 67.09 0 4.114
1645835220 25.69 67.19 0 4.114
1645835280 25.71 67.3 0 4.114
1645835340 25.67 67.33 0 4.114
1645835400 25.63 67.44 0 4.114
1645835460 25.61 67.54 0 4.114
1645835520 25.6 67.6 0 4.114
1645835580 25.6 67.74 0 4.114
1645835640 25.54 67.84 0 4.114
1645835700 25.49 67.95 0 4.114
1645835760 25.45 68.07 0 4.114
1645835820 25.41 68.1 0 4.108
1645835880 25.42 68.23 0 4.114
1645835940 25.4 68.32 0 4.108
1645836000 25.41 68.43 0 4.114
1645836060 25.38 68.5 0 4.108
1645836120 25.36 68.57 0 4.114
1645836180 25.36 68.64 0 4.108
1645836240 25.37 68.74 0 4.108
1645836300 25.33 68.82 0 4.114
1645836360 25.28 68.93 0 4.114
1645836420 25.28 69 0 4.114
1645836480 25.27 69.06 0 4.114
1645836540 25.26 69.17 0 4.114
1645836600 25.21 69.24 0 4.108
1645836660 25.21 69.35 0 4.114
1645836720 25.2 69.46 0 4.114
1645836780 25.16 69.51 0 4.114
1645836840 25.13 69.62 0 4.114
1645836900 25.12 69.68 0 4.114
1645836960 25.09 69.71 0 4.114
1645837020 25.07 69.84 0 4.114
1645837080 25.06 69.89 0 4.114
1645837140 25.03 69.97 0 4.114
1645837200 24.98 70.09 0 4.108
1645837260 24.96 70.13 0 4.114
1645837320 24.97 70.23 0 4.108
1645837380 24.96 70.32 0 4.108
1645837440 24.96 70.41 0 4.114
1645837500 24.98 70.45 0 4.108
1645837560 24.96 70.58 0 4.114
1645837620 24.93 70.62 0 4.114
1645837680 24.93 70.7 0 4.114
1645837740 24.91 70.79 0 4.108
1645837800 24.91 70.89 0 4.114
1645837860 24.91 70.95 0 4.108
1645837920 24.91 71.09 0 4.108
1645837980 24.91 71.17 0 4.114
1645838040 24.9 71.26 0 4.108
1645838100 24.86 71.37 0 4.114
1645838160 24.83 71.45 0 4.108
1645838220 24.83 71.56 0 4.114
1645838280 24.77 71.64 0 4.108
1645838340 24.73 71.77 0 4.114
1645838400 24.72 71.88 0 4.114
1645838460 24.67 71.98 0 4.108
1645838520 24.66 72.11 0 4.108
1645838580 24.65 72.19 0 4.108
1645838640 24.63 72.33 0 4.114
1645838700 24.61 72.43 0 4.108
1645838760 24.62 72.57 0 4.108
1645838820 24.61 72.65 0 4.108
1645838880 24.58 72.78 0 4.114
1645838940 24.61 72.85 0 4.108
1645839000 24.56 72.99 0 4.108
1645839060 24.56 73.06 0 4.108
1645839120 24.56 73.19 0 4.114
1645839180 24.55 73.28 0 4.108
1645839240 24.53 73.41 0 4.108
1645839300 24.53 73.52 0 4.108
1645839360 24.51 73.64 0 4.108
1645839420 24.51 73.76 0 4.108
1645839480 24.49 73.84 0 4.108
1645839540 24.46 73.93 0 4.108
1645839600 24.42 74.02 0 4.108
1645839660 24.42 74.16 0 4.108
1645839720 24.4 74.23 0 4.108
1645839780 24.39 74.32 0 4.108
1645839840 24.38 74.43 0 4.114
1645839900 24.39 74.48 0 4.108
1645839960 24.39 74.6 0 4.108
1645840020 24.42 74.75 0 4.114
1645840080 24.42 74.8 0 4.114
1645840140 24.42 74.91 0 4.108
1645840200 24.4 74.95 0 4.108
1645840260 24.42 75.04 0 4.108
1645840320 24.4 75.07 0 4.108
1645840380 24.39 75.15 0 4.108
1645840440 24.38 75.24 0 4.108
1645840500 24.4 75.31 0 4.108
1645840560 24.36 75.4 0 4.108
1645840620 24.32 75.42 0 4.108
1645840680 24.33 75.52 0 4.114
1645840740 24.35 75.55 0 4.108
1645840800 24.36 75.62 0 4.108
1645840860 24.35 75.66 0 4.108
1645840920 24.36 75.71 0 4.108
1645840980 24.33 75.77 0 4.108
1645841040 24.32 75.79 0 4.108
1645841100 24.33 75.81 0 4.108
1645841160 24.33 75.88 0 4.108
1645841220 24.33 75.91 0 4.108
1645841280 24.31 75.96 0 4.108
1645841340 24.32 75.99 0 4.108
1645841400 24.32 76 0 4.114
1645841460 24.32 76.03 0 4.108
1645841520 24.31 76.07 0 4.108
1645841580 24.31 76.12 0 4.108
1645841640 24.31 76.14 0 4.108
1645841700 24.29 76.19 0 4.108
1645841760 24.28 76.2 0 4.108
1645841820 24.26 76.23 0 4.108
1645841880 24.25 76.28 0 4.114
1645841940 24.23 76.33 0 4.108
1645842000 24.23 76.35 0 4.108
1645842060 24.21 76.41 0 4.114
1645842120 24.19 76.48 0 4.114
1645842180 24.16 76.5 0 4.108
1645842240 24.14 76.56 0 4.108
1645842300 24.15 76.62 0 4.108
1645842360 24.12 76.68 0 4.108
1645842420 24.11 76.67 0 4.108
1645842480 24.11 76.74 0 4.108
1645842540 24.1 76.77 0 4.108
1645842600 24.08 76.8 0 4.108
1645842660 24.08 76.85 0 4.108
1645842720 24.05 76.88 0 4.108
1645842780 24.02 76.91 0 4.108
1645842840 24.05 76.96 0 4.108
1645842900 24.02 77 0 4.108
1645842960 24 77.07 0 4.108
1645843020 24.02 77.08 0 4.108
1645843080 23.98 77.12 0 4.108
1645843140 23.95 77.13 0 4.108
1645843200 23.92 77.15 0 4.108
1645843260 23.92 77.17 0 4.108
1645843320 23.94 77.21 0 4.108
1645843380 23.94 77.27 0 4.108
1645843440 23.91 77.32 0 4.108
1645843500 23.91 77.32 0 4.108
1645843560 23.89 77.34 0 4.108
1645843620 23.94 77.39 0 4.108
1645843680 23.94 77.42 0 4.108
1645843740 24 77.42 0 4.108
1645843800 23.97 77.46 0 4.108
1645843860 23.94 77.46 0 4.108
1645843920 23.91 77.49 0 4.108
1645843980 23.94 77.52 0 4.108
1645844040 23.94 77.48 0 4.108
1645844100 23.94 77.57 0 4.108
1645844160 23.92 77.56 0 4.108
1645844220 23.94 77.6 0 4.108
1645844280 23.91 77.61 0 4.108
1645844340 23.91 77.59 0 4.108
1645844400 23.91 77.65 0 4.108
1645844460 23.92 77.65 0 4.108
1645844520 23.92 77.7 0 4.108
1645844580 23.89 77.71 0 4.108
1645844640 23.88 77.72 0 4.108
1645844700 23.88 77.7 0 4.108
1645844760 23.85 77.73 0 4.108
1645844820 23.85 77.78 0 4.108
1645844880 23.87 77.77 0 4.108
1645844940 23.84 77.82 0 4.108
1645845000 23.82 77.83 0 4.108
1645845060 23.78 77.89 0 4.103
1645845120 23.75 77.94 0 4.108
1645845180 23.72 77.97 0 4.108
1645845240 23.68 78.03 0 4.108
1645845300 23.7 78.09 0 4.108
1645845360 23.65 78.12 0 4.108
1645845420 23.67 78.19 0 4.108
1645845480 23.64 78.22 0 4.108
1645845540 23.64 78.26 0 4.108
1645845600 23.61 78.29 0 4.108
1645845660 23.57 78.35 0 4.108
1645845720 23.6 78.4 0 4.108
1645845780 23.57 78.44 0 4.108
1645845840 23.57 78.49 0 4.108
1645845900 23.59 78.5 0 4.108
1645845960 23.59 78.53 0 4.108
1645846020 23.56 78.57 0 4.103
1645846080 23.56 78.57 0 4.103
1645846140 23.57 78.61 0 4.108
1645846200 23.56 78.63 0 4.108
1645846260 23.57 78.61 0 4.103
1645846320 23.59 78.66 0 4.108
1645846380 23.59 78.71 0 4.108
1645846440 23.6 78.69 0 4.108
1645846500 23.61 78.72 0 4.103
1645846560 23.63 78.74 0 4.108
1645846620 23.63 78.77 0 4.108
1645846680 23.63 78.76 0 4.108
1645846740 23.63 78.77 0 4.108
1645846800 23.67 78.79 0 4.108
1645846860 23.64 78.8 0 4.103
1645846920 23.65 78.79 0 4.108
1645846980 23.63 78.81 0 4.108
1645847040 23.65 78.83 0 4.108
1645847100 23.64 78.83 0 4.108
1645847160 23.61 78.82 0 4.108
1645847220 23.64 78.86 0 4.108
1645847280 23.61 78.88 0 4.108
1645847340 23.6 78.91 0 4.108
1645847400 23.64 78.95 0 4.103
1645847460 23.64 78.94 0 4.108
1645847520 23.6 78.97 0 4.108
1645847580 23.63 79 0 4.108
1645847640 23.65 79.01 0 4.108
1645847700 23.63 79.03 0 4.108
1645847760 23.61 79.03 0 4.103
1645847820 23.67 79.07 0 4.108
1645847880 23.67 79.08 0 4.103
1645847940 23.65 79.12 0 4.108
1645848000 23.61 79.11 0 4.108
1645848060 23.61 79.1 0 4.103
1645848120 23.59 79.14 0 4.108
1645848180 23.6 79.12 0 4.108
1645848240 23.6 79.16 0 4.103
1645848300 23.6 79.19 0 4.108
1645848360 23.57 79.16 0 4.103
1645848420 23.54 79.2 0 4.108
1645848480 23.51 79.18 0 4.108
1645848540 23.54 79.24 0 4.103
1645848600 23.49 79.18 0 4.108
1645848660 23.47 79.19 0 4.108
1645848720 23.44 79.19 0 4.108
1645848780 23.46 79.21 0 4.103
1645848840 23.43 79.18 0 4.108
1645848900 23.46 79.22 0 4.108
1645848960 23.44 79.21 0 4.108
1645849020 23.39 79.18 0 4.108
1645849080 23.37 79.18 0 4.103
1645849140 23.39 79.17 0 4.103
1645849200 23.37 79.18 0 4.103
1645849260 23.37 79.18 0 4.103
1645849320 23.37 79.22 0 4.108
1645849380 23.34 79.19 0 4.108
1645849440 23.34 79.22 0 4.103
1645849500 23.34 79.22 0 4.103
1645849560 23.33 79.23 0 4.103
1645849620 23.3 79.24 0 4.103
1645849680 23.3 79.25 0 4.108
1645849740 23.3 79.25 0 4.103
1645849800 23.3 79.25 0 4.103
1645849860 23.34 79.34 0 4.103
1645849920 23.36 79.3 0 4.108
1645849980 23.34 79.32 0 4.103
1645850040 23.34 79.34 0 4.108
1645850100 23.3 79.34 0 4.108
1645850160 23.3 79.36 0 4.103
1645850220 23.3 79.37 0 4.103
1645850280 23.33 79.38 0 4.103
1645850340 23.31 79.43 0 4.108
1645850400 23.31 79.41 0 4.103
1645850460 23.31 79.42 0 4.103
1645850520 23.34 79.48 0 4.108
1645850580 23.34 79.46 0 4.103
1645850640 23.36 79.48 0 4.108
1645850700 23.37 79.51 0 4.103
1645850760 23.37 79.52 0 4.103
1645850820 23.4 79.54 0 4.103
1645850880 23.41 79.58 0 4.103
1645850940 23.41 79.58 0 4.103
1645851000 23.4 79.62 0 4.108
1645851060 23.39 79.61 0 4.108
1645851120 23.41 79.67 0 4.108
1645851180 23.4 79.67 0 4.108
1645851240 23.41 79.66 0 4.103
1645851300 23.4 79.7 0 4.108
1645851360 23.4 79.71 0 4.103
1645851420 23.4 79.74 0 4.103
1645851480 23.4 79.78 0 4.103
1645851540 23.39 79.75 0 4.103
