1635742800 20.96 85.48 0 4.13
1635742860 20.95 85.45 0 4.13
1635742920 20.93 85.39 0 4.13
1635742980 20.92 85.34 0 4.125
1635743040 20.9 85.26 0 4.125
1635743100 20.9 85.21 0 4.13
1635743160 20.86 85.15 0 4.13
1635743220 20.83 85.03 0 4.125
1635743280 20.83 85.02 0 4.13
1635743340 20.82 84.94 0 4.125
1635743400 20.81 84.9 0 4.125
1635743460 20.79 84.84 0 4.125
1635743520 20.83 84.67 0 4.13
1635743580 20.88 84.55 0 4.125
1635743640 20.9 84.46 0 4.125
1635743700 20.92 84.43 0 4.125
1635743760 20.89 84.45 0 4.125
1635743820 20.89 84.43 0 4.13
1635743880 20.86 84.41 0 4.125
1635743940 20.86 84.41 0 4.13
1635744000 20.82 84.43 0 4.125
1635744060 20.81 84.42 0 4.125
1635744120 20.77 84.4 0 4.125
1635744180 20.78 84.4 0 4.13
1635744240 20.77 84.37 0 4.125
1635744300 20.72 84.47 0 4.125
1635744360 20.68 84.46 0 4.125
1635744420 20.67 84.44 0 4.125
1635744480 20.65 84.44 0 4.13
1635744540 20.64 84.43 0 4.125
1635744600 20.61 84.47 0 4.125
1635744660 20.61 84.48 0 4.13
1635744720 20.61 84.47 0 4.125
1635744780 20.59 84.55 0 4.13
1635744840 20.61 84.61 0 4.13
1635744900 20.59 84.64 0 4.13
1635744960 20.61 84.74 0 4.13
1635745020 20.55 84.76 0 4.125
1635745080 20.56 84.77 0 4.125
1635745140 20.56 84.8 0 4.125
1635745200 20.58 84.81 0 4.125
1635745260 20.52 84.82 0 4.125
1635745320 20.55 84.82 0 4.125
1635745380 20.55 84.88 0 4.125
1635745440 20.54 84.87 0 4.125
1635745500 20.56 84.83 0 4.125
1635745560 20.54 84.81 0 4.125
1635745620 20.58 84.87 0 4.125
1635745680 20.61 84.9 0 4.13
1635745740 20.67 84.91 0 4.125
1635745800 20.71 84.91 0 4.125
1635745860 20.71 84.97 0 4.125
1635745920 20.71 85 0 4.125
1635745980 20.75 84.96 0 4.125
1635746040 20.79 85 0 4.125
1635746100 20.82 84.99 0 4.125
1635746160 20.81 84.97 0 4.125
1635746220 20.82 84.92 0 4.125
1635746280 20.85 84.93 0 4.125
1635746340 20.88 84.95 0 4.125
1635746400 20.9 84.94 0 4.125
1635746460 20.9 84.92 0 4.125
1635746520 20.92 84.9 0 4.125
1635746580 20.93 84.85 0 4.125
1635746640 20.93 84.8 0 4.125
1635746700 20.93 84.78 0 4.125
1635746760 20.96 84.71 0 4.13
1635746820 20.96 84.72 0 4.125
1635746880 20.99 84.7 0 4.125
1635746940 20.98 84.7 0 4.125
1635747000 20.95 84.66 0 4.125
1635747060 20.93 84.63 0 4.125
1635747120 20.96 84.66 0 4.125
1635747180 20.93 84.66 0 4.125
1635747240 20.93 84.71 0 4.125
1635747300 20.92 84.72 0 4.125
1635747360 20.9 84.77 0 4.125
1635747420 20.9 84.81 0 4.125
1635747480 20.88 84.85 0 4.125
1635747540 20.85 84.88 0 4.125
1635747600 20.83 84.92 0 4.125
1635747660 20.81 84.88 0 4.125
1635747720 20.79 84.92 0 4.125
1635747780 20.79 84.93 0 4.125
1635747840 20.79 84.96 0 4.114
1635747900 20.72 84.91 0 4.125
1635747960 20.72 84.91 0 4.125
1635748020 20.71 84.83 0 4.125
1635748080 20.69 84.73 0 4.125
1635748140 20.69 84.62 0 4.125
1635748200 20.68 84.49 0 4.125
1635748260 20.69 84.37 0 4.125
1635748320 20.72 84.26 0 4.125
1635748380 20.74 84.2 0 4.125
1635748440 20.71 84.17 0 4.125
1635748500 20.69 84.02 0 4.125
1635748560 20.72 83.94 0 4.125
1635748620 20.71 83.83 0 4.125
1635748680 20.71 83.73 0 4.125
1635748740 20.72 83.69 0 4.125
1635748800 20.71 83.63 0 4.125
1635748860 20.69 83.55 0 4.119
1635748920 20.68 83.51 0 4.125
1635748980 20.68 83.46 0 4.125
1635749040 20.65 83.45 0 4.125
1635749100 20.64 83.43 0 4.125
1635749160 20.59 83.49 0 4.125
1635749220 20.58 83.48 0 4.125
1635749280 20.55 83.49 0 4.125
1635749340 20.55 83.45 0 4.125
1635749400 20.55 83.5 0 4.125
1635749460 20.56 83.57 0 4.125
1635749520 20.49 83.73 0 4.125
1635749580 20.49 83.77 0 4.125
1635749640 20.48 83.93 0 4.125
1635749700 20.44 84.07 0 4.125
1635749760 20.45 84.28 0 4.125
1635749820 20.42 84.42 0 4.125
1635749880 20.44 84.56 0 4.125
1635749940 20.52 84.89 0 4.125
1635750000 20.49 85.11 0 4.125
1635750060 20.49 85.34 0 4.125
1635750120 20.52 85.63 0 4.125
1635750180 20.52 85.88 0 4.125
1635750240 20.54 86.2 0 4.125
1635750300 20.54 86.48 0 4.125
1635750360 20.54 86.67 0 4.125
1635750420 20.54 86.88 0 4.125
1635750480 20.52 87.12 0 4.125
1635750540 20.61 87.37 0 4.125
1635750600 20.54 87.59 0 4.125
1635750660 20.52 87.81 0 4.119
1635750720 20.59 88.05 0 4.125
1635750780 20.55 88.28 0 4.125
1635750840 20.54 88.5 0 4.125
1635750900 20.54 88.66 0 4.125
1635750960 20.58 88.91 0 4.125
1635751020 20.56 89.13 0 4.125
1635751080 20.56 89.36 0 4.125
1635751140 20.54 89.55 0 4.125
1635751200 20.54 89.76 0 4.125
1635751260 20.52 89.96 0 4.125
1635751320 20.48 90.09 0 4.125
1635751380 20.34 90.21 0 4.125
1635751440 20.32 90.36 0 4.125
1635751500 20.31 90.48 0 4.125
1635751560 20.28 90.48 0 4.119
1635751620 20.24 90.54 0 4.125
1635751680 20.24 90.55 0 4.125
1635751740 20.23 90.59 0 4.125
1635751800 20.23 90.55 0 4.119
1635751860 20.24 90.52 0 4.125
1635751920 20.27 90.52 0 4.125
1635751980 20.26 90.5 0 4.125
1635752040 20.23 90.46 0 4.125
1635752100 20.23 90.39 0 4.125
1635752160 20.23 90.44 0 4.125
1635752220 20.2 90.38 0 4.125
1635752280 20.21 90.37 0 4.125
1635752340 20.18 90.34 0 4.119
1635752400 20.18 90.3 0 4.119
1635752460 20.21 90.32 0 4.125
1635752520 20.18 90.29 0 4.119
1635752580 20.17 90.24 0 4.119
1635752640 20.17 90.17 0 4.119
1635752700 20.2 90.06 0 4.119
1635752760 20.21 90.04 0 4.125
1635752820 20.23 89.91 0 4.125
1635752880 20.27 89.84 0 4.119
1635752940 20.28 89.76 0 4.119
1635753000 20.31 89.68 0 4.125
1635753060 20.3 89.59 0 4.125
1635753120 20.3 89.5 0 4.119
1635753180 20.3 89.39 0 4.125
1635753240 20.34 89.3 0 4.114
1635753300 20.34 89.22 0 4.119
1635753360 20.34 89.15 0 4.119
1635753420 20.32 89.1 0 4.125
1635753480 20.32 89 0 4.119
1635753540 20.34 88.91 0 4.119
1635753600 20.35 88.89 0 4.119
1635753660 20.39 88.86 0 4.119
1635753720 20.37 88.81 0 4.119
1635753780 20.35 88.79 0 4.119
1635753840 20.35 88.73 0 4.119
1635753900 20.35 88.71 0 4.119
1635753960 20.37 88.69 0 4.119
1635754020 20.42 88.7 0 4.119
1635754080 20.41 88.65 0 4.119
1635754140 20.47 88.71 0 4.119
1635754200 20.52 88.8 0 4.119
1635754260 20.51 88.85 0 4.119
1635754320 20.45 88.93 0 4.119
1635754380 20.44 88.95 0 4.119
1635754440 20.45 88.92 0 4.119
1635754500 20.45 88.95 0 4.119
1635754560 20.51 89.03 0 4.119
1635754620 20.49 89.06 0 4.119
1635754680 20.52 89.11 0 4.125
1635754740 20.51 89.14 0 4.119
1635754800 20.54 89.21 0 4.119
1635754860 20.54 89.25 0 4.119
1635754920 20.52 89.33 0 4.119
1635754980 20.51 89.35 0 4.119
1635755040 20.51 89.38 0 4.119
1635755100 20.51 89.4 0 4.119
1635755160 20.49 89.48 0 4.119
1635755220 20.48 89.51 0 4.119
1635755280 20.49 89.57 0 4.119
1635755340 20.52 89.56 0 4.125
1635755400 20.52 89.62 0 4.125
1635755460 20.48 89.63 0 4.119
1635755520 20.49 89.66 0 4.119
1635755580 20.47 89.67 0 4.125
1635755640 20.47 89.67 0 4.119
1635755700 20.45 89.63 0 4.119
1635755760 20.47 89.64 0 4.119
1635755820 20.45 89.62 0 4.119
1635755880 20.45 89.66 0 4.119
1635755940 20.45 89.6 0 4.108
1635756000 20.45 89.59 0 4.114
1635756060 20.41 89.53 0 4.114
1635756120 20.42 89.48 0 4.119
1635756180 20.42 89.4 0 4.119
1635756240 20.41 89.28 0 4.119
1635756300 20.42 89.15 0 4.119
1635756360 20.44 89.05 0 4.119
1635756420 20.45 88.99 0 4.119
1635756480 20.51 88.87 0 4.119
1635756540 20.52 88.78 0 4.119
1635756600 20.48 88.71 0 4.119
1635756660 20.51 88.64 0 4.119
1635756720 20.51 88.56 0 4.119
1635756780 20.51 88.46 0 4.119
1635756840 20.52 88.44 0 4.114
1635756900 20.54 88.37 0 4.119
1635756960 20.56 88.43 0 4.119
1635757020 20.52 88.48 0 4.119
1635757080 20.52 88.44 0 4.119
1635757140 20.54 88.43 0 4.119
1635757200 20.54 88.47 0 4.119
1635757260 20.54 88.45 0 4.119
1635757320 20.55 88.45 0 4.119
1635757380 20.55 88.44 0 4.119
1635757440 20.55 88.46 0 4.119
1635757500 20.55 88.4 0 4.119
1635757560 20.55 88.44 0 4.119
1635757620 20.59 88.43 0 4.119
1635757680 20.62 88.44 0 4.119
1635757740 20.64 88.43 0 4.119
1635757800 20.65 88.46 0 4.119
1635757860 20.62 88.48 0 4.119
1635757920 20.67 88.53 0 4.119
1635757980 20.64 88.56 0 4.119
1635758040 20.69 88.59 0 4.119
1635758100 20.69 88.66 0 4.119
1635758160 20.74 88.78 0 4.119
1635758220 20.72 88.85 0 4.119
1635758280 20.74 88.93 0 4.119
1635758340 20.74 88.94 0 4.119
1635758400 20.75 88.97 0 4.119
1635758460 20.79 89.04 0 4.119
1635758520 20.79 89.04 0 4.119
1635758580 20.81 89.1 0 4.119
1635758640 20.81 89.11 0 4.114
1635758700 20.79 89.08 0 4.119
1635758760 20.82 89.12 0 4.119
1635758820 20.79 89.18 0 4.119
1635758880 20.83 89.27 0 4.119
1635758940 20.83 89.35 0 4.114
1635759000 20.82 89.49 0 4.119
1635759060 20.83 89.66 0 4.119
1635759120 20.77 89.8 0 4.119
1635759180 20.77 89.94 0 4.119
1635759240 20.74 90.12 0 4.119
1635759300 20.72 90.24 0 4.119
1635759360 20.74 90.44 0 4.119
1635759420 20.72 90.6 0 4.119
1635759480 20.67 90.71 0 4.114
1635759540 20.62 90.85 0 4.114
1635759600 20.58 90.96 0 4.114
1635759660 20.59 91.13 0 4.114
1635759720 20.55 91.21 0 4.119
1635759780 20.55 91.34 0 4.119
1635759840 20.52 91.43 0 4.119
1635759900 20.52 91.59 0 4.119
1635759960 20.54 91.68 0 4.119
1635760020 20.48 91.82 0 4.119
1635760080 20.47 91.9 0 4.119
1635760140 20.45 91.99 0 4.119
1635760200 20.44 92.12 0 4.119
1635760260 20.41 92.22 0 4.114
1635760320 20.39 92.3 0 4.114
1635760380 20.39 92.41 0 4.119
1635760440 20.35 92.53 0 4.119
1635760500 20.34 92.62 0 4.114
1635760560 20.32 92.69 0 4.114
1635760620 20.3 92.77 0 4.119
1635760680 20.31 92.85 0 4.119
1635760740 20.27 92.94 0 4.119
1635760800 20.3 93.04 0 4.114
1635760860 20.3 93.1 0 4.119
1635760920 20.31 93.19 0 4.119
1635760980 20.28 93.22 0 4.119
1635761040 20.3 93.34 0 4.119
1635761100 20.31 93.36 0 4.119
1635761160 20.3 93.44 0 4.119
1635761220 20.34 93.52 0 4.119
1635761280 20.31 93.57 0 4.119
1635761340 20.31 93.64 0 4.119
1635761400 20.3 93.67 0 4.114
1635761460 20.3 93.76 0 4.119
1635761520 20.32 93.77 0 4.119
1635761580 20.32 93.84 0 4.119
1635761640 20.3 93.88 0 4.119
1635761700 20.31 93.92 0 4.114
1635761760 20.31 94 0 4.114
1635761820 20.27 93.99 0 4.114
1635761880 20.27 94.06 0 4.114
1635761940 20.3 94.1 0 4.114
1635762000 20.27 94.12 0 4.119
1635762060 20.26 94.18 0 4.119
1635762120 20.27 94.23 0 4.119
1635762180 20.23 94.25 0 4.119
1635762240 20.26 94.27 0 4.114
1635762300 20.24 94.3 0 4.114
1635762360 20.18 94.27 0 4.114
1635762420 20.21 94.32 0 4.114
1635762480 20.14 94.32 0 4.114
1635762540 20.18 94.33 0 4.114
1635762600 20.2 94.34 0 4.119
1635762660 20.2 94.29 0 4.114
1635762720 20.13 94.27 0 4.114
1635762780 20.13 94.19 0 4.114
1635762840 20.23 94.16 0 4.114
1635762900 20.26 94.12 0 4.114
1635762960 20.27 94.06 0 4.114
1635763020 20.26 94.04 0 4.114
1635763080 20.27 93.92 0 4.114
1635763140 20.3 93.9 0 4.114
1635763200 20.28 93.81 0 4.114
1635763260 20.28 93.77 0 4.114
1635763320 20.24 93.67 0 4.114
1635763380 20.24 93.6 0 4.114
1635763440 20.23 93.47 6 4.114
1635763500 20.26 93.4 6 4.114
1635763560 20.21 93.3 6 4.114
1635763620 20.24 93.15 6 4.119
1635763680 20.27 93.01 6 4.114
1635763740 20.35 92.92 6 4.114
1635763800 20.35 92.88 6 4.114
1635763860 20.3 92.77 6 4.119
1635763920 20.27 92.68 6 4.114
1635763980 20.31 92.61 6 4.114
1635764040 20.28 92.49 6 4.114
1635764100 20.27 92.4 6 4.114
1635764160 20.28 92.35 12 4.114
1635764220 20.31 92.21 6 4.114
1635764280 20.31 92.13 12 4.114
1635764340 20.34 92.06 12 4.114
1635764400 20.37 91.94 12 4.114
1635764460 20.37 91.91 12 4.119
1635764520 20.34 91.85 12 4.114
1635764580 20.38 91.8 12 4.114
1635764640 20.35 91.76 18 4.114
1635764700 20.35 91.67 18 4.114
1635764760 20.38 91.61 18 4.114
1635764820 20.41 91.56 18 4.114
1635764880 20.39 91.53 18 4.114
1635764940 20.41 91.44 24 4.114
1635765000 20.38 91.41 24 4.114
1635765060 20.42 91.37 24 4.114
1635765120 20.38 91.32 24 4.114
1635765180 20.42 91.27 24 4.114
1635765240 20.39 91.26 24 4.114
1635765300 20.39 91.2 30 4.114
1635765360 20.35 91.1 24 4.114
1635765420 20.39 91.05 30 4.114
1635765480 20.39 90.95 30 4.114
1635765540 20.42 90.87 30 4.114
1635765600 20.42 90.77 30 4.114
1635765660 20.45 90.63 36 4.114
1635765720 20.47 90.5 36 4.114
1635765780 20.52 90.39 36 4.114
1635765840 20.58 90.31 36 4.114
1635765900 20.65 90.3 42 4.114
1635765960 20.67 90.28 36 4.114
1635766020 20.67 90.21 42 4.114
1635766080 20.67 90.16 42 4.114
1635766140 20.68 90.07 42 4.119
1635766200 20.69 90.02 48 4.114
1635766260 20.74 89.95 48 4.114
1635766320 20.77 89.91 48 4.114
1635766380 20.82 89.91 48 4.114
1635766440 20.83 89.87 48 4.114
1635766500 20.83 89.87 54 4.119
1635766560 20.83 89.82 54 4.119
1635766620 20.86 89.74 54 4.114
1635766680 20.89 89.69 54 4.114
1635766740 20.95 89.66 54 4.114
1635766800 20.95 89.62 60 4.114
1635766860 20.96 89.56 54 4.114
1635766920 21.02 89.51 60 4.114
1635766980 21.03 89.45 60 4.119
1635767040 21.02 89.31 60 4.114
1635767100 21.06 89.19 60 4.119
1635767160 21.09 89.05 66 4.114
1635767220 21.16 88.89 66 4.114
1635767280 21.2 88.78 66 4.114
1635767340 21.25 88.67 66 4.114
1635767400 21.26 88.52 66 4.119
1635767460 21.32 88.48 66 4.119
1635767520 21.32 88.37 66 4.119
1635767580 21.37 88.27 66 4.114
1635767640 21.37 88.14 66 4.114
1635767700 21.4 88.07 66 4.114
1635767760 21.43 87.97 66 4.114
1635767820 21.49 87.96 66 4.114
1635767880 21.46 87.92 66 4.114
1635767940 21.47 87.76 72 4.114
1635768000 21.43 87.63 72 4.119
1635768060 21.52 87.54 72 4.114
1635768120 21.49 87.45 72 4.119
1635768180 21.52 87.37 72 4.114
1635768240 21.53 87.22 78 4.119
1635768300 21.57 87.12 78 4.119
1635768360 21.57 87.04 78 4.114
1635768420 21.61 86.88 78 4.119
1635768480 21.63 86.78 84 4.119
1635768540 21.73 86.72 84 4.119
1635768600 21.74 86.59 90 4.119
1635768660 21.77 86.56 90 4.119
1635768720 21.81 86.51 90 4.119
1635768780 21.81 86.45 90 4.119
1635768840 21.9 86.36 90 4.119
1635768900 21.94 86.29 84 4.119
1635768960 22 86.21 90 4.119
1635769020 22.04 86.08 78 4.114
1635769080 22.05 85.96 90 4.119
1635769140 22.11 85.86 102 4.119
1635769200 22.19 85.77 102 4.119
1635769260 22.18 85.57 108 4.119
1635769320 22.27 85.34 108 4.119
1635769380 22.35 85.09 102 4.125
1635769440 22.44 84.84 84 4.119
1635769500 22.49 84.63 96 4.119
1635769560 22.55 84.5 108 4.119
1635769620 22.65 84.26 114 4.119
1635769680 22.7 84.03 114 4.119
1635769740 22.78 83.83 114 4.119
1635769800 22.86 83.6 96 4.119
1635769860 22.9 83.4 102 4.119
1635769920 22.89 83.17 96 4.119
1635769980 22.92 82.88 114 4.119
1635770040 22.97 82.58 132 4.119
1635770100 23.06 82.22 132 4.119
1635770160 23.13 81.9 132 4.119
1635770220 23.23 81.6 120 4.119
1635770280 23.33 81.33 126 4.119
1635770340 23.46 81.09 138 4.119
1635770400 23.59 80.82 138 4.119
1635770460 23.68 80.57 144 4.119
1635770520 23.82 80.4 144 4.125
1635770580 23.87 80.23 138 4.125
1635770640 23.89 80.1 132 4.125
1635770700 24.02 79.97 120 4.119
1635770760 24.11 79.85 96 4.119
1635770820 24.07 79.48 90 4.119
1635770880 23.97 79.08 90 4.119
1635770940 24.04 78.84 90 4.119
1635771000 24.12 78.67 90 4.119
1635771060 24.11 78.65 90 4.119
1635771120 24.1 78.65 96 4.119
1635771180 24.02 78.63 96 4.119
1635771240 24.04 78.58 96 4.119
1635771300 23.98 78.53 96 4.119
1635771360 23.92 78.54 90 4.119
1635771420 23.85 78.68 90 4.119
1635771480 23.85 78.72 90 4.119
1635771540 23.85 78.79 84 4.119
1635771600 23.88 78.9 84 4.119
1635771660 23.87 79 84 4.119
1635771720 23.77 79.13 78 4.119
1635771780 23.74 79.27 78 4.119
1635771840 23.78 79.47 78 4.119
1635771900 23.82 79.6 78 4.119
1635771960 23.82 79.74 84 4.119
1635772020 23.78 79.82 90 4.119
1635772080 23.8 79.99 96 4.125
1635772140 23.81 80.21 102 4.119
1635772200 23.84 80.34 102 4.125
1635772260 23.8 80.44 108 4.119
1635772320 23.78 80.53 108 4.119
1635772380 23.75 80.59 114 4.119
1635772440 23.72 80.63 126 4.125
1635772500 23.74 80.72 126 4.125
1635772560 23.81 80.75 132 4.125
1635772620 23.85 80.81 138 4.125
1635772680 23.88 80.88 132 4.125
1635772740 23.97 80.95 126 4.125
1635772800 23.91 81.05 126 4.119
1635772860 23.91 81.17 132 4.125
1635772920 23.95 81.34 144 4.125
1635772980 23.91 81.44 156 4.125
1635773040 24.01 81.58 174 4.119
1635773100 24 81.65 180 4.125
1635773160 24.12 81.79 186 4.125
1635773220 24.19 81.86 186 4.125
1635773280 24.33 81.96 186 4.125
1635773340 24.42 81.94 186 4.125
1635773400 24.52 81.87 206 4.125
1635773460 24.51 81.87 204 4.125
1635773520 24.65 81.84 192 4.125
1635773580 24.76 81.76 180 4.13
1635773640 24.8 81.53 180 4.13
1635773700 24.87 81.5 180 4.125
1635773760 24.86 81.29 186 4.125
1635773820 24.85 81.21 188 4.13
1635773880 24.9 81.12 188 4.13
1635773940 24.89 81.06 192 4.114
1635774000 25.04 81 192 4.125
1635774060 25.07 80.98 200 4.125
1635774120 24.98 80.88 198 4.125
1635774180 25.14 80.85 206 4.125
1635774240 25.16 80.75 210 4.13
1635774300 25.17 80.66 224 4.125
1635774360 25.17 80.65 230 4.13
1635774420 25.09 80.57 242 4.13
1635774480 25.16 80.57 236 4.13
1635774540 25.2 80.46 254 4.13
1635774600 25.21 80.43 284 4.13
1635774660 25.33 80.4 302 4.13
1635774720 25.38 80.15 388 4.135
1635774780 25.48 80.07 362 4.13
1635774840 25.56 80 284 4.13
1635774900 25.58 79.87 320 4.13
1635774960 25.65 79.63 338 4.13
1635775020 25.78 79.42 260 4.13
1635775080 25.78 79.22 254 4.13
1635775140 25.87 79.03 242 4.13
1635775200 25.85 78.65 236 4.13
1635775260 25.96 78.41 242 4.13
1635775320 26.08 78.23 242 4.135
1635775380 25.98 77.88 248 4.135
1635775440 25.74 77.58 254 4.135
1635775500 25.78 77.57 260 4.135
1635775560 25.79 77.52 266 4.135
1635775620 25.74 77.39 278 4.135
1635775680 25.64 77.24 278 4.135
1635775740 25.65 77.25 278 4.135
1635775800 25.74 77.29 278 4.135
1635775860 25.82 77.27 272 4.135
1635775920 25.99 77.21 272 4.135
1635775980 26.06 77.11 266 4.135
1635776040 26.23 77.07 272 4.135
1635776100 26.12 76.71 278 4.135
1635776160 25.99 76.6 284 4.135
1635776220 26.11 76.48 298 4.141
1635776280 26.06 76.31 310 4.135
1635776340 26.19 76.34 310 4.135
1635776400 26.43 76.32 302 4.135
1635776460 26.6 76.2 304 4.135
1635776520 26.59 75.75 298 4.135
1635776580 26.69 75.42 298 4.141
1635776640 26.52 75.02 290 4.135
1635776700 26.38 74.8 298 4.141
1635776760 26.23 74.55 304 4.141
1635776820 26.11 74.32 316 4.141
1635776880 26.26 74.17 322 4.141
1635776940 26.4 73.89 340 4.141
1635777000 26.35 73.56 332 4.13
1635777060 26.33 73.26 326 4.13
1635777120 26.43 73.05 344 4.125
1635777180 26.42 72.75 399 4.13
1635777240 26.57 72.57 368 4.125
1635777300 26.59 72.32 575 4.125
1635777360 26.43 71.87 423 4.125
1635777420 26.8 71.63 344 4.125
1635777480 26.87 71.24 332 4.125
1635777540 27.07 70.99 334 4.141
1635777600 27.08 70.82 352 4.135
1635777660 27.15 70.4 328 4.141
1635777720 27.14 70.11 328 4.141
1635777780 27.31 69.83 352 4.141
1635777840 27.34 69.5 328 4.135
1635777900 27.51 69.25 328 4.13
1635777960 27.49 68.89 322 4.141
1635778020 27.4 68.49 334 4.146
1635778080 27.4 68.21 316 4.141
1635778140 27.3 67.91 322 4.141
1635778200 26.97 67.49 322 4.141
1635778260 26.98 67.25 328 4.141
1635778320 26.83 66.98 328 4.141
1635778380 26.93 66.78 334 4.141
1635778440 26.97 66.67 334 4.141
1635778500 27.07 66.59 340 4.141
1635778560 27.13 66.3 334 4.141
1635778620 27.28 66.28 346 4.146
1635778680 27.27 65.97 340 4.141
1635778740 27.18 65.65 346 4.146
1635778800 27.17 65.4 352 4.146
1635778860 27.27 65.28 334 4.146
1635778920 27.4 64.87 334 4.146
1635778980 27.48 64.52 316 4.146
1635779040 27.45 64.27 310 4.146
1635779100 27.49 64.12 298 4.146
1635779160 27.58 63.9 292 4.141
1635779220 27.78 63.75 286 4.146
1635779280 27.66 63.48 286 4.146
1635779340 27.44 63.22 280 4.141
1635779400 27.34 63.06 266 4.146
1635779460 27.23 62.96 286 4.146
1635779520 27.14 62.95 254 4.146
1635779580 27.3 62.96 328 4.146
1635779640 27.49 62.9 286 4.146
1635779700 27.72 62.77 286 4.146
1635779760 27.86 62.63 298 4.141
1635779820 28.02 62.42 298 4.146
1635779880 28.08 62.28 286 4.146
1635779940 28.08 62.11 266 4.146
1635780000 28.29 62.04 262 4.141
1635780060 28.33 61.92 194 4.141
1635780120 28.46 61.82 188 4.141
1635780180 28.29 61.58 176 4.141
1635780240 28.06 61.28 212 4.135
1635780300 28.12 61.16 254 4.141
1635780360 27.91 60.97 584 4.141
1635780420 27.98 60.88 346 4.141
1635780480 28.12 60.77 260 4.141
1635780540 28.12 60.64 328 4.146
1635780600 28 60.6 406 4.141
1635780660 27.99 60.63 870 4.146
1635780720 28.22 60.61 944 4.146
1635780780 28.32 60.71 1084 4.146
1635780840 28.66 60.87 1096 4.146
1635780900 28.96 60.85 554 4.146
1635780960 28.87 60.79 518 4.146
1635781020 29.04 60.88 224 4.141
1635781080 29 60.87 322 4.146
1635781140 28.9 60.94 462 4.146
1635781200 28.91 61.15 254 4.146
1635781260 29.01 61.27 242 4.146
1635781320 28.81 61.46 242 4.146
1635781380 28.86 61.75 230 4.146
1635781440 28.8 61.7 224 4.146
1635781500 28.7 61.87 212 4.146
1635781560 28.51 62.17 212 4.146
1635781620 28.23 62.38 212 4.146
1635781680 28.22 62.8 206 4.146
1635781740 28.06 63 206 4.146
1635781800 27.85 63.26 206 4.146
1635781860 27.54 63.48 206 4.146
1635781920 27.49 63.82 194 4.146
1635781980 27.41 64.08 200 4.146
1635782040 27.37 64.28 200 4.146
1635782100 27.21 64.62 268 4.146
1635782160 27.08 65.04 984 4.141
1635782220 27.1 65.21 826 4.135
1635782280 27.15 65.38 960 4.141
1635782340 27.47 65.39 1150 4.135
1635782400 27.51 65.34 1142 4.135
1635782460 27.71 65.2 1144 4.135
1635782520 28 65.06 1155 4.135
1635782580 28.33 64.84 868 4.141
1635782640 28.66 64.63 1027 4.135
1635782700 28.82 64.42 1142 4.135
1635782760 29.05 64.2 1167 4.135
1635782820 29.26 63.88 728 4.135
1635782880 29.29 63.4 1075 4.135
1635782940 29.22 63 1161 4.135
1635783000 29.31 62.79 1173 4.135
1635783060 29.45 62.51 1215 4.135
1635783120 29.49 62.04 1008 4.135
1635783180 29.66 61.61 236 4.135
1635783240 29.48 61.22 200 4.135
1635783300 29.32 60.98 206 4.135
1635783360 28.9 60.83 230 4.135
1635783420 28.61 60.74 364 4.135
1635783480 28.47 60.67 1209 4.13
1635783540 28.18 60.7 1225 4.135
1635783600 28.1 60.76 1233 4.135
1635783660 28.3 60.89 266 4.135
1635783720 28.32 60.82 284 4.135
1635783780 28.4 60.81 460 4.135
1635783840 28.36 60.87 224 4.135
1635783900 28.15 60.86 242 4.141
1635783960 27.98 61 880 4.135
1635784020 27.79 61.2 1111 4.135
1635784080 27.82 61.57 1349 4.135
1635784140 28.06 61.85 1287 4.135
1635784200 28.22 62.19 1251 4.135
1635784260 28.6 62.44 1221 4.135
1635784320 28.89 62.51 1215 4.135
1635784380 29.05 62.38 1197 4.135
1635784440 29.28 62.24 1167 4.135
1635784500 29.21 62.03 1149 4.13
1635784560 29.38 61.95 1118 4.135
1635784620 29.73 61.9 1117 4.13
1635784680 30.27 61.75 1123 4.13
1635784740 30.56 61.48 1117 4.135
1635784800 30.51 61.14 1118 4.13
1635784860 30.63 60.84 1099 4.135
1635784920 30.66 60.56 1105 4.13
1635784980 30.57 60.28 1123 4.13
1635785040 30.4 60.05 1129 4.13
1635785100 30.23 59.91 1136 4.135
1635785160 30.5 59.83 856 4.13
1635785220 30.5 59.62 308 4.13
1635785280 30.41 59.42 1273 4.13
1635785340 30.46 59.33 218 4.13
1635785400 30.38 59.15 170 4.13
1635785460 29.93 59.01 150 4.13
1635785520 29.59 58.89 1055 4.13
1635785580 29.47 58.93 1153 4.13
1635785640 29.34 58.99 1189 4.13
1635785700 29.41 59.1 224 4.13
1635785760 29.2 59.21 1203 4.13
1635785820 29.26 59.34 909 4.13
1635785880 29.2 59.47 442 4.13
1635785940 29.21 59.66 326 4.13
1635786000 29.05 59.69 1153 4.13
1635786060 28.87 59.72 1085 4.135
1635786120 29.26 59.8 1085 4.13
1635786180 29.07 59.64 1085 4.13
1635786240 29.2 59.52 1085 4.13
1635786300 29.32 59.31 1085 4.13
1635786360 29.58 59.31 1091 4.13
1635786420 29.53 59.17 1099 4.13
1635786480 29.56 58.9 1111 4.13
1635786540 29.73 58.86 1117 4.162
1635786600 29.76 58.72 1118 4.162
1635786660 29.93 58.58 1144 4.162
1635786720 29.87 58.33 1182 4.162
1635786780 30.06 58.21 1194 4.167
1635786840 30.22 58.02 242 4.135
1635786900 30.36 57.91 1227 4.135
1635786960 30.4 57.71 370 4.135
1635787020 30.06 57.48 424 4.135
1635787080 29.79 57.43 1099 4.135
1635787140 29.73 57.35 1141 4.135
1635787200 29.8 57.37 1149 4.135
1635787260 30.17 57.39 1161 4.13
1635787320 30.66 57.27 1149 4.135
1635787380 30.91 57.09 1142 4.13
1635787440 30.89 56.84 1135 4.13
1635787500 30.56 56.57 1123 4.135
1635787560 30.68 56.33 1118 4.13
1635787620 30.7 56.21 1123 4.13
1635787680 30.89 56.06 1135 4.13
1635787740 30.85 55.75 1123 4.13
1635787800 30.74 55.59 1105 4.13
1635787860 30.75 55.39 1091 4.13
1635787920 30.54 55.18 1069 4.13
1635787980 30.51 55.01 1055 4.135
1635788040 30.54 54.94 1055 4.13
1635788100 30.47 54.92 1055 4.13
1635788160 30.56 54.88 1055 4.13
1635788220 30.7 54.87 1055 4.13
1635788280 31.01 54.75 1061 4.13
1635788340 30.89 54.56 1060 4.13
1635788400 31.11 54.37 1054 4.13
1635788460 31.02 54.35 1067 4.135
1635788520 30.68 54.12 1079 4.13
1635788580 30.81 54.05 1091 4.13
1635788640 31.09 54.09 1091 4.13
1635788700 31.43 53.97 1085 4.13
1635788760 30.95 53.73 1073 4.13
1635788820 30.84 53.62 466 4.135
1635788880 30.94 53.61 825 4.13
1635788940 31.11 53.46 1079 4.13
1635789000 31.15 53.27 1043 4.13
1635789060 31.19 53.2 1025 4.13
1635789120 31.14 53.17 1025 4.13
1635789180 31.14 53.08 1025 4.13
1635789240 31.12 52.83 1040 4.119
1635789300 31.12 52.65 1036 4.13
1635789360 31.09 52.59 1025 4.13
1635789420 30.75 52.52 1024 4.125
1635789480 30.79 52.42 1019 4.13
1635789540 30.74 52.35 1007 4.13
1635789600 30.71 52.31 1007 4.13
1635789660 30.57 52.25 1001 4.13
1635789720 30.16 52.23 1001 4.125
1635789780 29.96 52.37 995 4.125
1635789840 30.24 52.65 993 4.13
1635789900 30.26 52.7 987 4.13
1635789960 30.1 52.88 987 4.125
1635790020 30.15 52.94 983 4.13
1635790080 30.34 52.97 975 4.13
1635790140 30.28 52.96 962 4.146
1635790200 30.07 53.01 968 4.146
1635790260 30.16 53.09 974 4.146
1635790320 30.22 53.18 969 4.151
1635790380 29.99 53.17 975 4.151
1635790440 30.41 53.2 969 4.151
1635790500 30.57 53.1 963 4.151
1635790560 30.46 52.97 951 4.151
1635790620 30.27 52.85 951 4.151
1635790680 30.27 52.73 957 4.151
1635790740 30.3 52.55 953 4.151
1635790800 30.48 52.52 953 4.151
1635790860 30.78 52.47 951 4.157
1635790920 30.63 52.33 951 4.151
1635790980 30.63 52.25 947 4.151
1635791040 30.95 52.15 941 4.141
1635791100 31.32 52.02 941 4.135
1635791160 31.58 51.74 930 4.135
1635791220 31.61 51.41 923 4.135
1635791280 31.73 51.25 923 4.135
1635791340 31.87 51.14 917 4.135
1635791400 31.72 50.92 917 4.13
1635791460 31.56 50.75 909 4.135
1635791520 31.56 50.75 911 4.135
1635791580 31.24 50.65 905 4.13
1635791640 31.41 50.71 899 4.135
1635791700 30.97 50.67 905 4.13
1635791760 30.68 50.53 905 4.13
1635791820 30.56 50.45 899 4.13
1635791880 30.36 50.38 905 4.13
1635791940 30.61 50.46 905 4.13
1635792000 30.73 50.47 905 4.13
1635792060 30.77 50.6 899 4.13
1635792120 30.84 50.65 891 4.135
1635792180 30.92 50.72 891 4.13
1635792240 30.84 50.8 885 4.13
1635792300 30.67 50.8 885 4.13
1635792360 30.51 50.79 885 4.135
1635792420 30.51 50.97 874 4.13
1635792480 30.4 51.01 880 4.13
1635792540 30.28 51.17 879 4.13
1635792600 30.22 51.33 879 4.13
1635792660 30.31 51.51 867 4.13
1635792720 30.26 51.61 862 4.135
1635792780 30.58 51.77 861 4.135
1635792840 30.79 51.8 852 4.141
1635792900 30.7 51.7 852 4.146
1635792960 30.91 51.75 846 4.141
1635793020 30.74 51.73 834 4.141
1635793080 30.94 51.79 834 4.141
1635793140 30.97 51.74 834 4.141
1635793200 31.15 51.61 834 4.141
1635793260 31.26 51.45 834 4.141
1635793320 31.36 51.55 826 4.141
1635793380 31.39 51.47 826 4.141
1635793440 31.45 51.4 820 4.141
1635793500 31.24 51.15 814 4.141
1635793560 31.25 51.06 808 4.141
1635793620 31.24 50.98 808 4.141
1635793680 31.02 50.84 808 4.141
1635793740 30.89 50.76 802 4.141
1635793800 30.87 50.83 608 4.141
1635793860 30.81 50.77 796 4.141
1635793920 30.94 50.89 784 4.141
1635793980 30.78 50.91 784 4.141
1635794040 30.94 50.98 778 4.141
1635794100 31.01 50.86 772 4.141
1635794160 30.95 50.71 766 4.141
1635794220 30.61 50.51 772 4.141
1635794280 30.44 50.49 760 4.141
1635794340 30.46 50.5 760 4.141
1635794400 30.5 50.57 760 4.141
1635794460 30.33 50.64 768 4.141
1635794520 30.05 50.62 766 4.146
1635794580 30.2 50.65 774 4.141
1635794640 30.38 50.75 778 4.146
1635794700 30.7 50.8 778 4.146
1635794760 30.75 50.73 772 4.146
1635794820 31.04 50.68 761 4.141
1635794880 31.07 50.55 749 4.141
1635794940 31.09 50.64 730 4.141
1635795000 31.14 50.63 742 4.141
1635795060 30.84 50.49 736 4.146
1635795120 30.75 50.46 748 4.146
1635795180 30.79 50.45 736 4.141
1635795240 30.58 50.31 724 4.146
1635795300 30.27 50.17 718 4.146
1635795360 30.28 50.2 706 4.146
1635795420 30.33 50.13 700 4.141
1635795480 30.23 50.13 694 4.141
1635795540 30.09 50.14 680 4.141
1635795600 30.12 50.06 668 4.141
1635795660 30.1 50.07 668 4.141
1635795720 29.82 50.13 664 4.141
1635795780 29.72 50.19 656 4.141
1635795840 29.72 50.24 656 4.146
1635795900 29.79 50.37 658 4.141
1635795960 29.95 50.4 664 4.146
1635796020 29.83 50.57 676 4.146
1635796080 30.07 50.78 680 4.146
1635796140 30.05 50.88 682 4.141
1635796200 29.73 51.07 670 4.146
1635796260 29.95 51.32 652 4.146
1635796320 30.1 51.53 646 4.146
1635796380 30.46 51.66 633 4.146
1635796440 30.03 51.7 633 4.146
1635796500 29.87 51.95 627 4.146
1635796560 29.95 52.17 627 4.146
1635796620 30.33 52.3 627 4.146
1635796680 30.54 52.37 620 4.146
1635796740 30.74 52.41 608 4.141
1635796800 30.57 52.41 608 4.146
1635796860 30.47 52.52 602 4.141
1635796920 30.33 52.56 590 4.146
1635796980 29.95 52.65 584 4.146
1635797040 30.09 52.65 584 4.146
1635797100 30.3 52.67 578 4.141
1635797160 30.61 52.65 572 4.146
1635797220 30.53 52.47 566 4.141
1635797280 30.36 52.47 560 4.146
1635797340 29.99 52.39 560 4.146
1635797400 29.87 52.44 554 4.146
1635797460 29.76 52.43 548 4.146
1635797520 29.58 52.45 542 4.146
1635797580 29.55 52.46 542 4.141
1635797640 29.72 52.51 536 4.146
1635797700 29.47 52.59 530 4.146
1635797760 29 52.62 530 4.146
1635797820 28.98 52.8 524 4.146
1635797880 29.31 52.9 518 4.146
1635797940 29.38 52.91 512 4.146
1635798000 29.35 52.91 512 4.146
1635798060 29.44 52.94 474 4.146
1635798120 29.41 52.94 346 4.146
1635798180 29.42 52.89 212 4.146
1635798240 29.26 52.84 102 4.141
1635798300 28.98 52.88 78 4.141
1635798360 28.86 53.03 102 4.141
1635798420 28.53 53.24 108 4.141
1635798480 28.42 53.48 72 4.141
1635798540 28.2 53.7 54 4.141
1635798600 28.29 53.97 54 4.146
1635798660 28.33 54.16 54 4.141
1635798720 28.27 54.38 54 4.146
1635798780 28.05 54.57 54 4.141
1635798840 27.95 54.79 54 4.146
1635798900 27.85 55.03 54 4.141
1635798960 27.68 55.23 54 4.141
1635799020 27.58 55.48 54 4.141
1635799080 27.54 55.74 48 4.141
1635799140 27.58 55.97 54 4.141
1635799200 27.51 56.24 54 4.141
1635799260 27.45 56.5 48 4.141
1635799320 27.47 56.73 48 4.141
1635799380 27.4 56.93 48 4.141
1635799440 27.49 57.2 48 4.141
1635799500 27.47 57.41 48 4.141
1635799560 27.45 57.56 48 4.146
1635799620 27.4 57.63 48 4.141
1635799680 27.41 57.8 48 4.141
1635799740 27.44 57.93 48 4.141
1635799800 27.41 57.95 48 4.141
1635799860 27.3 57.97 48 4.146
1635799920 27.3 58.08 48 4.141
1635799980 27.3 58.26 48 4.141
1635800040 27.24 58.38 48 4.141
1635800100 27.17 58.6 42 4.141
1635800160 27.14 58.68 42 4.141
1635800220 27.08 58.76 42 4.141
1635800280 27.07 58.76 42 4.141
1635800340 27.05 58.93 42 4.141
1635800400 27.03 59.03 42 4.141
1635800460 26.98 59.1 42 4.141
1635800520 26.9 59.18 42 4.141
1635800580 26.9 59.31 36 4.141
1635800640 26.87 59.39 42 4.141
1635800700 26.82 59.46 42 4.141
1635800760 26.79 59.59 36 4.141
1635800820 26.73 59.71 36 4.141
1635800880 26.69 59.83 36 4.141
1635800940 26.66 59.94 36 4.141
1635801000 26.63 60.06 36 4.141
1635801060 26.56 60.1 36 4.141
1635801120 26.5 60.2 36 4.141
1635801180 26.56 60.29 36 4.141
1635801240 26.53 60.45 36 4.141
1635801300 26.5 60.6 30 4.141
1635801360 26.54 60.63 30 4.141
1635801420 26.57 60.63 30 4.141
1635801480 26.59 60.66 30 4.141
1635801540 26.57 60.67 30 4.141
1635801600 26.57 60.69 30 4.141
1635801660 26.54 60.77 30 4.141
1635801720 26.5 60.77 24 4.141
1635801780 26.54 60.74 30 4.141
1635801840 26.5 60.82 24 4.135
1635801900 26.43 60.97 24 4.135
1635801960 26.39 61.06 24 4.141
1635802020 26.33 61.14 24 4.135
1635802080 26.3 61.29 24 4.141
1635802140 26.3 61.41 24 4.141
1635802200 26.26 61.49 24 4.141
1635802260 26.25 61.61 24 4.141
1635802320 26.19 61.65 24 4.141
1635802380 26.15 61.71 24 4.141
1635802440 26.14 61.8 24 4.141
1635802500 26.11 61.86 24 4.135
1635802560 26.15 61.91 24 4.141
1635802620 26.14 61.91 18 4.141
1635802680 26.11 61.98 18 4.135
1635802740 26.11 62.17 18 4.13
1635802800 26.09 62.24 18 4.135
1635802860 26.08 62.26 18 4.135
1635802920 26.06 62.36 18 4.141
1635802980 26.02 62.47 18 4.141
1635803040 26.03 62.52 18 4.135
1635803100 25.99 62.6 18 4.141
1635803160 25.95 62.64 18 4.135
1635803220 25.92 62.71 18 4.141
1635803280 25.88 62.77 18 4.135
1635803340 25.84 62.91 18 4.135
1635803400 25.85 62.96 18 4.135
1635803460 25.87 63.11 12 4.135
1635803520 25.82 63.22 18 4.141
1635803580 25.79 63.41 12 4.135
1635803640 25.75 63.46 12 4.125
1635803700 25.65 63.66 12 4.135
1635803760 25.63 63.69 12 4.135
1635803820 25.67 63.82 12 4.135
1635803880 25.67 63.94 6 4.135
1635803940 25.63 64.04 12 4.135
1635804000 25.6 64.13 12 4.135
1635804060 25.56 64.35 12 4.135
1635804120 25.45 64.53 6 4.135
1635804180 25.41 64.66 12 4.135
1635804240 25.38 64.8 12 4.135
1635804300 25.34 64.99 12 4.141
1635804360 25.31 65.13 12 4.135
1635804420 25.24 65.32 12 4.135
1635804480 25.21 65.54 12 4.135
1635804660 25.2 65.82 12 4.13
1635804720 25.16 65.99 12 4.135
1635804780 25.14 66.15 6 4.135
1635804840 25.12 66.36 6 4.135
1635804900 25.14 66.56 6 4.135
1635804960 25.09 66.76 6 4.135
1635805020 25.06 66.95 6 4.135
1635805080 25.02 67.11 6 4.135
1635805140 24.98 67.28 0 4.135
1635805200 24.96 67.39 6 4.135
1635805260 24.91 67.54 0 4.135
1635805320 24.89 67.7 0 4.135
1635805380 24.86 67.85 0 4.135
1635805440 24.83 67.99 0 4.135
1635805500 24.83 68.11 0 4.135
1635805560 24.75 68.33 0 4.13
1635805620 24.73 68.45 0 4.135
1635805680 24.69 68.58 0 4.135
1635805740 24.67 68.7 0 4.135
1635805800 24.63 68.76 0 4.135
1635805860 24.62 68.91 0 4.135
1635805920 24.63 69.03 0 4.135
1635805980 24.62 69.11 0 4.135
1635806040 24.65 69.2 0 4.135
1635806100 24.67 69.27 0 4.135
1635806160 24.69 69.45 0 4.135
1635806220 24.61 69.61 0 4.13
1635806280 24.56 69.74 0 4.135
1635806340 24.49 69.92 0 4.135
1635806400 24.51 70.14 0 4.135
1635806460 24.45 70.28 0 4.135
1635806520 24.39 70.36 0 4.135
1635806580 24.33 70.46 0 4.135
1635806640 24.31 70.58 0 4.135
1635806700 24.35 70.66 0 4.13
1635806760 24.35 70.67 0 4.135
1635806820 24.35 70.6 0 4.135
1635806880 24.35 70.74 0 4.135
1635806940 24.31 70.84 0 4.135
1635807000 24.28 70.93 0 4.13
1635807060 24.26 70.88 0 4.135
1635807120 24.35 70.72 0 4.135
1635807180 24.39 70.63 0 4.13
1635807240 24.4 70.6 0 4.135
1635807300 24.35 70.68 0 4.135
1635807360 24.33 70.74 0 4.13
1635807420 24.29 70.82 0 4.135
1635807480 24.25 70.85 0 4.135
1635807540 24.21 70.92 0 4.135
1635807600 24.16 70.99 0 4.135
1635807660 24.14 71.08 0 4.135
1635807720 24.11 71.14 0 4.135
1635807780 24.07 71.18 0 4.135
1635807840 24.05 71.24 0 4.135
1635807900 24.08 71.35 0 4.135
1635807960 24.05 71.48 0 4.135
1635808020 24.05 71.54 0 4.135
1635808080 24.07 71.54 0 4.135
1635808140 24.08 71.52 0 4.135
1635808200 24.11 71.44 0 4.135
1635808260 24.11 71.46 0 4.13
1635808320 24.11 71.53 0 4.13
1635808380 24.11 71.54 0 4.135
1635808440 24.11 71.61 0 4.135
1635808500 24.08 71.54 0 4.135
1635808560 24.1 71.53 0 4.13
1635808620 24.08 71.52 0 4.13
1635808680 24.08 71.55 0 4.135
1635808740 24.08 71.56 0 4.13
1635808800 24.1 71.54 0 4.13
1635808860 24.01 71.8 0 4.13
1635808920 23.95 71.92 0 4.135
1635808980 23.87 71.98 0 4.135
1635809040 23.85 72.04 0 4.135
1635809100 23.84 72.06 0 4.13
1635809160 23.88 71.97 0 4.13
1635809220 23.88 71.93 0 4.135
1635809280 23.89 71.87 0 4.13
1635809340 23.84 72.03 0 4.135
1635809400 23.78 72.17 0 4.13
1635809460 23.72 72.18 0 4.135
1635809520 23.68 72.31 0 4.135
1635809580 23.64 72.4 0 4.13
1635809640 23.61 72.53 0 4.135
1635809700 23.59 72.59 0 4.135
1635809760 23.63 72.5 0 4.135
1635809820 23.61 72.52 0 4.135
1635809880 23.59 72.64 0 4.13
1635809940 23.56 72.73 0 4.135
1635810000 23.54 72.67 0 4.135
1635810060 23.59 72.56 0 4.13
1635810120 23.63 72.62 0 4.13
1635810180 23.63 72.61 0 4.13
1635810240 23.64 72.54 0 4.13
1635810300 23.67 72.54 0 4.13
1635810360 23.65 72.44 0 4.13
1635810420 23.65 72.49 0 4.135
1635810480 23.64 72.54 0 4.13
1635810540 23.61 72.53 0 4.13
1635810600 23.61 72.61 0 4.135
1635810660 23.63 72.47 0 4.13
1635810720 23.64 72.35 0 4.13
1635810780 23.67 72.32 0 4.135
1635810840 23.68 72.21 0 4.13
1635810900 23.7 72.29 0 4.13
1635810960 23.71 72.35 0 4.13
1635811020 23.7 72.34 0 4.13
1635811080 23.7 72.29 0 4.13
1635811140 23.68 72.17 0 4.13
1635811200 23.72 72.07 0 4.135
1635811260 23.72 72.03 0 4.135
1635811320 23.72 71.89 0 4.13
1635811380 23.75 71.77 0 4.13
1635811440 23.77 71.78 0 4.13
1635811500 23.77 71.94 0 4.13
1635811560 23.71 72.01 0 4.135
1635811620 23.64 71.98 0 4.135
1635811680 23.68 71.82 0 4.13
1635811740 23.71 71.68 0 4.135
1635811800 23.71 71.62 0 4.13
1635811860 23.74 71.64 0 4.13
1635811920 23.68 71.69 0 4.135
1635811980 23.63 71.76 0 4.13
1635812040 23.57 71.81 0 4.13
1635812100 23.59 71.82 0 4.13
1635812160 23.61 71.73 0 4.13
1635812220 23.61 71.73 0 4.135
1635812280 23.57 71.79 0 4.135
1635812340 23.56 71.85 0 4.135
1635812400 23.51 71.9 0 4.13
1635812460 23.49 71.93 0 4.135
1635812520 23.44 72 0 4.13
1635812580 23.41 72.05 0 4.13
1635812640 23.4 72.16 0 4.13
1635812700 23.41 72.28 0 4.135
1635812760 23.37 72.35 0 4.13
1635812820 23.37 72.49 0 4.13
1635812880 23.36 72.59 0 4.13
1635812940 23.34 72.71 0 4.13
1635813000 23.37 72.76 0 4.13
1635813060 23.37 72.72 0 4.13
1635813120 23.39 72.76 0 4.13
1635813180 23.41 72.8 0 4.135
1635813240 23.41 72.83 0 4.13
1635813300 23.41 72.85 0 4.13
1635813360 23.41 72.93 0 4.13
1635813420 23.37 72.9 0 4.13
1635813480 23.36 72.89 0 4.135
1635813540 23.37 72.93 0 4.13
1635813600 23.34 72.92 0 4.13
1635813660 23.33 73 0 4.13
1635813720 23.33 72.97 0 4.13
1635813780 23.31 72.99 0 4.135
1635813840 23.33 73 0 4.13
1635813900 23.34 72.97 0 4.135
1635813960 23.36 72.97 0 4.13
1635814020 23.34 73 0 4.13
1635814080 23.37 73 0 4.13
1635814140 23.3 73.01 0 4.13
1635814200 23.31 73.02 0 4.13
1635814260 23.3 73.04 0 4.13
1635814320 23.33 73.13 0 4.13
1635814380 23.33 73.09 0 4.135
1635814440 23.33 73.14 0 4.13
1635814500 23.33 73.24 0 4.13
1635814560 23.31 73.29 0 4.13
1635814620 23.36 73.37 0 4.13
1635814680 23.33 73.43 0 4.13
1635814740 23.31 73.5 0 4.13
1635814800 23.34 73.55 0 4.13
1635814860 23.34 73.63 0 4.13
1635814920 23.33 73.75 0 4.13
1635814980 23.33 73.84 0 4.13
1635815040 23.34 73.91 0 4.13
1635815100 23.36 73.98 0 4.13
1635815160 23.36 74.06 0 4.13
1635815220 23.34 74.2 0 4.13
1635815280 23.31 74.29 0 4.13
1635815340 23.31 74.47 0 4.13
1635815400 23.29 74.61 0 4.13
1635815460 23.31 74.72 0 4.13
1635815520 23.29 74.92 0 4.13
1635815580 23.29 75.06 0 4.13
1635815640 23.24 75.21 0 4.13
1635815700 23.21 75.36 0 4.13
1635815760 23.21 75.48 0 4.13
1635815820 23.2 75.6 0 4.13
1635815880 23.23 75.78 0 4.13
1635815940 23.2 75.85 0 4.13
1635816000 23.2 75.97 0 4.13
1635816060 23.2 76.04 0 4.13
1635816120 23.19 76.13 0 4.13
1635816180 23.19 76.27 0 4.13
1635816240 23.14 76.25 0 4.13
1635816300 23.17 76.23 0 4.13
1635816360 23.16 76.24 0 4.13
1635816420 23.2 76.3 0 4.13
1635816480 23.17 76.27 0 4.13
1635816540 23.17 76.11 0 4.13
1635816600 23.21 75.96 0 4.13
1635816660 23.19 75.86 0 4.13
1635816720 23.2 75.81 0 4.13
1635816780 23.21 75.77 0 4.13
1635816840 23.2 75.78 0 4.13
1635816900 23.17 75.82 0 4.13
1635816960 23.14 75.83 0 4.13
1635817020 23.13 75.81 0 4.13
1635817080 23.12 75.86 0 4.13
1635817140 23.1 75.9 0 4.13
1635817200 23.07 75.94 0 4.13
1635817260 23.02 75.97 0 4.13
1635817320 23.02 76.01 0 4.13
1635817380 23 76.12 0 4.13
1635817440 23 76.19 0 4.13
1635817500 22.93 76.28 0 4.13
1635817560 22.93 76.34 0 4.13
1635817620 22.88 76.35 0 4.13
1635817680 22.85 76.4 0 4.13
1635817740 22.85 76.47 0 4.13
1635817800 22.85 76.52 0 4.13
1635817860 22.85 76.6 0 4.13
1635817920 22.83 76.72 0 4.13
1635817980 22.8 76.82 0 4.135
1635818040 22.78 76.87 0 4.13
1635818100 22.79 76.89 0 4.13
1635818160 22.79 76.97 0 4.125
1635818220 22.8 77.09 0 4.13
1635818280 22.75 77.21 0 4.13
1635818340 22.75 77.23 0 4.13
1635818400 22.75 77.31 0 4.13
1635818460 22.72 77.3 0 4.13
1635818520 22.69 77.38 0 4.13
1635818580 22.69 77.5 0 4.13
1635818640 22.63 77.49 0 4.13
1635818700 22.63 77.57 0 4.13
1635818760 22.65 77.64 0 4.13
1635818820 22.62 77.75 0 4.13
1635818880 22.65 77.8 0 4.13
1635818940 22.61 77.86 0 4.13
1635819000 22.59 77.97 0 4.13
1635819060 22.58 78.05 0 4.13
1635819120 22.59 78.1 0 4.125
1635819180 22.62 78.22 0 4.13
1635819240 22.59 78.3 0 4.13
1635819300 22.61 78.36 0 4.13
1635819360 22.61 78.44 0 4.13
1635819420 22.59 78.5 0 4.13
1635819480 22.59 78.57 0 4.13
1635819540 22.56 78.62 0 4.13
1635819600 22.56 78.69 0 4.13
1635819660 22.54 78.77 0 4.13
1635819720 22.54 78.89 0 4.13
1635819780 22.52 78.9 0 4.125
1635819840 22.52 78.99 0 4.13
1635819900 22.49 79.07 0 4.125
1635819960 22.49 79.12 0 4.13
1635820020 22.46 79.21 0 4.125
1635820080 22.41 79.18 0 4.13
1635820140 22.39 79.29 0 4.13
1635820200 22.36 79.34 0 4.13
1635820260 22.36 79.4 0 4.13
1635820320 22.35 79.38 0 4.13
1635820380 22.31 79.43 0 4.125
1635820440 22.31 79.49 0 4.125
1635820500 22.3 79.58 0 4.125
1635820560 22.28 79.57 0 4.13
1635820620 22.28 79.64 0 4.13
1635820680 22.25 79.66 0 4.13
1635820740 22.21 79.7 0 4.13
1635820800 22.19 79.72 0 4.13
1635820860 22.18 79.79 0 4.125
1635820920 22.14 79.81 0 4.13
1635820980 22.14 79.9 0 4.125
1635821040 22.12 79.9 0 4.125
1635821100 22.1 79.95 0 4.13
1635821160 22.08 79.99 0 4.13
1635821220 22.1 80.07 0 4.13
1635821280 22.04 80.11 0 4.13
1635821340 22.05 80.2 0 4.13
1635821400 22.04 80.23 0 4.125
1635821460 22.05 80.26 0 4.13
1635821520 22.07 80.32 0 4.125
1635821580 22.07 80.38 0 4.13
1635821640 22.05 80.37 0 4.13
1635821700 22.05 80.38 0 4.13
1635821760 22.03 80.37 0 4.125
1635821820 22.01 80.37 0 4.125
1635821880 22.01 80.35 0 4.125
1635821940 21.97 80.4 0 4.125
1635822000 21.95 80.41 0 4.13
1635822060 21.94 80.46 0 4.13
1635822120 21.94 80.45 0 4.125
1635822180 21.91 80.46 0 4.13
1635822240 21.93 80.5 0 4.13
1635822300 21.93 80.54 0 4.125
1635822360 21.93 80.57 0 4.125
1635822420 21.9 80.62 0 4.125
1635822480 21.9 80.73 0 4.13
1635822540 21.9 80.81 0 4.125
1635822600 21.94 80.94 0 4.125
1635822660 21.91 80.96 0 4.13
1635822720 21.91 81.04 0 4.13
1635822780 21.94 81.14 0 4.13
1635822840 21.88 81.2 0 4.13
1635822900 21.91 81.26 0 4.13
1635822960 21.91 81.3 0 4.125
1635823020 21.88 81.45 0 4.125
1635823080 21.88 81.43 0 4.125
1635823140 21.85 81.4 0 4.13
1635823200 21.9 81.42 0 4.13
1635823260 21.88 81.39 0 4.125
1635823320 21.88 81.41 0 4.125
1635823380 21.87 81.37 0 4.125
1635823440 21.88 81.4 0 4.125
1635823500 21.87 81.39 0 4.13
1635823560 21.88 81.4 0 4.125
1635823620 21.88 81.43 0 4.125
1635823680 21.84 81.3 0 4.125
1635823740 21.81 81.25 0 4.125
1635823800 21.81 81.2 0 4.125
1635823860 21.83 81.15 0 4.125
1635823920 21.83 81.1 0 4.13
1635823980 21.84 81.09 0 4.13
1635824040 21.85 81.06 0 4.125
1635824100 21.83 81.08 0 4.13
1635824160 21.81 81.08 0 4.125
1635824220 21.81 80.96 0 4.125
1635824280 21.83 80.94 0 4.125
1635824340 21.81 80.91 0 4.125
1635824400 21.81 80.91 0 4.125
1635824460 21.8 80.93 0 4.125
1635824520 21.79 80.86 0 4.125
1635824580 21.76 80.82 0 4.125
1635824640 21.79 80.79 0 4.125
1635824700 21.8 80.8 0 4.125
1635824760 21.77 80.78 0 4.125
1635824820 21.76 80.78 0 4.125
1635824880 21.76 80.84 0 4.125
1635824940 21.74 80.83 0 4.125
1635825000 21.74 80.8 0 4.125
1635825060 21.73 80.84 0 4.13
1635825120 21.7 80.82 0 4.125
1635825180 21.7 80.85 0 4.125
1635825240 21.71 80.85 0 4.125
1635825300 21.71 80.87 0 4.125
1635825360 21.7 80.91 0 4.125
1635825420 21.68 80.86 0 4.125
1635825480 21.67 80.83 0 4.125
1635825540 21.64 80.83 0 4.125
1635825600 21.61 80.8 0 4.125
1635825660 21.57 80.77 0 4.13
1635825720 21.57 80.8 0 4.125
1635825780 21.54 80.77 0 4.125
1635825840 21.53 80.7 0 4.125
1635825900 21.5 80.7 0 4.125
1635825960 21.5 80.67 0 4.125
1635826020 21.47 80.66 0 4.125
1635826080 21.44 80.7 0 4.125
1635826140 21.44 80.69 0 4.125
1635826200 21.43 80.66 0 4.125
1635826260 21.4 80.66 0 4.125
1635826320 21.34 80.66 0 4.125
1635826380 21.37 80.68 0 4.125
1635826440 21.36 80.72 0 4.125
1635826500 21.33 80.79 0 4.125
1635826560 21.29 80.88 0 4.125
1635826620 21.28 80.91 0 4.125
1635826680 21.25 80.95 0 4.125
1635826740 21.2 80.96 0 4.125
1635826800 21.18 81.02 0 4.125
1635826860 21.16 81.05 0 4.125
1635826920 21.16 81.15 0 4.125
1635826980 21.1 81.22 0 4.125
1635827040 21.07 81.23 0 4.125
1635827100 21.06 81.27 0 4.125
1635827160 21.05 81.37 0 4.125
1635827220 21 81.47 0 4.125
1635827280 20.98 81.65 0 4.125
1635827340 20.98 81.78 0 4.125
1635827400 20.93 81.95 0 4.125
1635827460 20.88 82.03 0 4.125
1635827520 20.92 82.18 0 4.125
1635827580 20.86 82.24 0 4.125
1635827640 20.85 82.32 0 4.125
1635827700 20.83 82.32 0 4.125
1635827760 20.82 82.31 0 4.125
1635827820 20.81 82.22 0 4.125
1635827880 20.82 82.17 0 4.125
1635827940 20.79 82.12 0 4.125
1635828000 20.81 82.08 0 4.125
1635828060 20.85 82.01 0 4.125
1635828120 20.83 81.94 0 4.125
1635828180 20.82 81.91 0 4.125
1635828240 20.81 81.79 0 4.125
1635828300 20.81 81.66 0 4.125
1635828360 20.83 81.57 0 4.125
1635828420 20.82 81.47 0 4.125
1635828480 20.85 81.38 0 4.125
1635828540 20.86 81.34 0 4.125
1635828600 20.85 81.26 0 4.125
1635828660 20.9 81.21 0 4.125
1635828720 20.9 81.1 0 4.125
1635828780 20.92 80.98 0 4.125
1635828840 20.93 80.89 0 4.125
1635828900 20.93 80.76 0 4.125
1635828960 20.96 80.65 0 4.125
1635829020 20.98 80.55 0 4.125
1635829080 20.98 80.41 0 4.125
1635829140 20.98 80.41 0 4.125
