1633842000 26.78 67.86 3532 4.012
1633842060 26.85 68.19 2831 4.012
1633842120 26.81 67.77 3734 4.012
1633842180 26.78 67.93 2867 4.012
1633842240 26.8 68.09 3227 4.012
1633842300 26.78 67.97 3147 4.012
1633842360 26.77 68.16 3663 4.012
1633842420 26.74 68.07 2849 4.012
1633842480 26.8 68.2 3050 4.012
1633842540 26.74 68.43 3249 4.012
1633842600 26.73 68.02 3686 4.012
1633842660 26.74 68.09 3704 4.012
1633842720 26.77 68.07 3532 4.017
1633842780 26.83 67.85 3285 4.012
1633842000 25.27 71.7 0 4.044
1633842060 25.31 71.61 0 4.049
1633842120 25.25 71.77 0 4.049
1633842180 25.34 71.77 0 4.049
1633842240 25.39 71.69 0 4.049
1633842300 25.38 71.88 0 4.049
1633842360 25.32 72.07 0 4.049
1633842420 25.24 72.73 0 4.049
1633842480 25.08 72.83 0 4.049
1633842540 24.88 73.74 0 4.049
1633842600 24.97 73.9 0 4.049
1633842660 25.04 73.72 0 4.049
1633842720 25.06 73.59 0 4.049
1633842780 24.97 73.95 0 4.049
1633842840 24.98 74.37 0 4.049
1633842840 26.78 68.05 3692 4.012
1633842900 26.78 67.93 3456 4.012
1633842960 26.7 68.06 3740 4.012
1633843020 26.77 68.11 3439 4.012
1633843080 26.74 67.91 3633 4.012
1633843140 26.75 67.81 3657 4.012
1633843200 26.78 67.8 3575 4.012
1633843260 26.8 67.71 3315 4.006
1633843320 26.8 67.72 3504 4.012
1633843380 26.8 67.74 3102 4.012
1633843440 26.85 67.5 3237 4.012
1633843500 26.9 67.6 3043 4.012
1633843560 26.93 68.01 3309 4.012
1633843620 26.97 67.2 3746 4.012
1633843680 26.98 67.11 3504 4.012
1633842900 25.01 74.15 0 4.049
1633842960 25.03 74.18 0 4.044
1633843020 25.03 74.17 0 4.049
1633843080 25.04 74.16 0 4.049
1633843140 24.73 74.25 0 4.044
1633843200 24.48 76 0 4.049
1633843260 24.22 76.03 0 4.049
1633843320 24.23 76.66 0 4.049
1633843380 24.14 76.84 0 4.049
1633843440 24.22 77.6 0 4.049
1633843500 24.32 77.1 0 4.049
1633843560 24.19 76.32 0 4.049
1633843620 24.15 77.52 0 4.049
1633843680 24.3 77.49 0 4.049
1633843740 24.42 77.18 0 4.049
1633843740 27.02 67.19 2907 4.012
1633843800 26.98 66.78 3492 4.012
1633843860 27.06 66.98 3020 4.012
1633843920 27.02 66.67 2883 4.006
1633843980 26.91 66.84 3049 4.012
1633844040 26.97 66.7 3114 4.012
1633844100 26.97 66.66 3475 4.012
1633844160 26.97 66.47 2960 4.012
1633844220 26.94 66.68 2980 4.012
1633844280 26.88 66.69 3326 4.012
1633844340 26.9 66.73 3297 4.012
1633844400 26.9 66.83 3091 4.012
1633844460 26.9 66.84 3510 4.012
1633844520 26.85 66.84 2784 4.012
1633844580 26.88 66.92 3534 4.006
1633843800 24.46 76.89 0 4.044
1633843860 24.55 76.84 0 4.049
1633843920 24.62 76.13 0 4.049
1633843980 24.59 75.76 0 4.049
1633844040 24.44 76.2 0 4.044
1633844100 24.44 76.81 0 4.044
1633844160 24.44 76.74 0 4.044
1633844220 24.39 77.11 0 4.049
1633844280 24.29 77.78 0 4.044
1633844340 24.28 78.19 0 4.044
1633844400 24.19 78.61 0 4.049
1633844460 24.22 78.38 0 4.044
1633844520 24.18 78.42 0 4.044
1633844580 24.12 78.93 0 4.049
1633844640 24.02 79.12 0 4.049
1633844700 24.02 79.65 0 4.044
1633844760 23.94 80.22 0 4.049
1633844820 24.18 79.19 0 4.049
1633844880 24.08 79.8 0 4.049
1633844940 23.88 80.88 0 4.049
1633845000 23.77 80.03 0 4.049
1633845060 23.8 81 0 4.049
1633845120 23.98 79.78 0 4.049
1633845180 24.04 79.59 0 4.049
1633845240 23.89 80.7 0 4.049
1633845300 23.94 80.13 0 4.044
1633845360 23.85 80.37 0 4.049
1633845420 23.77 80.41 0 4.044
1633845480 23.82 80.66 0 4.049
1633845540 23.95 80.34 0 4.049
1633845600 24.01 79.84 0 4.044
1633845660 23.85 80.22 0 4.049
1633845720 23.94 80.41 0 4.044
1633845780 24.08 79.48 0 4.049
1633845840 24.12 79.7 0 4.049
1633845900 24.19 78.93 0 4.044
1633845960 23.95 79.35 0 4.044
1633846020 24 79.55 0 4.044
1633846080 23.89 80.24 0 4.044
1633846140 23.89 80 0 4.044
1633846200 23.88 80.06 0 4.044
1633846260 23.74 80.86 0 4.044
1633846320 23.89 80.68 0 4.049
1633846380 23.98 80.2 0 4.049
1633846440 23.98 80.33 0 4.044
1633846500 24 80.06 0 4.044
1633846560 23.97 79.88 0 4.044
1633846620 23.87 80.19 0 4.049
1633846680 23.71 80.86 0 4.044
1633846740 23.59 80.74 0 4.044
1633846800 23.57 81.7 0 4.044
1633846860 23.51 81.02 0 4.049
1633846920 23.67 81.57 0 4.044
1633846980 23.81 80.39 0 4.044
1633847040 23.67 80.94 0 4.049
1633847100 23.72 81.22 0 4.044
1633847160 23.8 80.81 0 4.044
1633847220 23.64 80.3 0 4.044
1633847280 23.44 81.2 0 4.044
1633847340 23.23 81.95 0 4.044
1633847400 23.12 82.69 0 4.044
1633847460 23.02 82.87 0 4.049
1633847520 22.95 83.16 0 4.044
1633847580 22.82 83.56 0 4.044
1633847640 22.75 84 0 4.044
1633847700 22.62 84.54 0 4.044
1633847760 22.57 84.99 0 4.044
1633847820 22.51 85.07 0 4.044
1633847880 22.44 85.48 0 4.044
1633847940 22.37 85.81 0 4.044
1633848000 22.34 86.06 0 4.044
1633848060 22.3 86.26 0 4.049
1633848120 22.24 86.41 0 4.049
1633848180 22.17 86.57 0 4.044
1633848240 22.16 86.91 0 4.044
1633848300 22.1 86.94 0 4.044
1633848360 22.13 87.22 0 4.049
1633848420 22.13 86.93 0 4.044
1633848480 22.11 87.03 0 4.044
1633848540 22.1 87.24 0 4.044
1633848600 22.08 87.24 0 4.049
1633848660 22.08 87.52 0 4.044
1633848720 22.13 87.7 0 4.044
1633848780 22.11 87.57 0 4.049
1633848840 22.14 87.42 0 4.044
1633848900 22.1 87.56 0 4.044
1633848960 22.16 87.72 0 4.044
1633849020 22.14 87.58 0 4.044
1633849080 22.16 87.58 0 4.044
1633849140 22.13 87.44 0 4.044
1633849200 22.1 87.51 0 4.044
1633849260 22.11 87.51 0 4.044
1633849320 22.08 87.53 0 4.044
1633849380 22.08 87.53 0 4.044
1633849440 22.04 87.67 0 4.044
1633849500 22.04 87.7 0 4.044
1633849560 22.07 87.79 0 4.044
1633849620 22.07 87.93 0 4.049
1633849680 22.06 87.56 0 4.044
1633849740 22.07 87.1 0 4.049
1633849800 22.03 86.94 0 4.044
1633849860 22.04 86.8 0 4.044
1633849920 22.08 87.13 0 4.044
1633849980 22.08 87.15 0 4.044
1633850040 22.13 87.26 0 4.049
1633850100 22.14 87.21 0 4.044
1633850160 22.14 87.21 0 4.044
1633850220 22.16 87.14 0 4.044
1633850280 22.17 87.07 0 4.044
1633850340 22.18 87.19 0 4.044
1633850400 22.23 87.15 0 4.044
1633850460 22.21 87.14 0 4.044
1633850520 22.2 87.23 0 4.044
1633850580 22.21 87.02 0 4.044
1633850640 22.21 87.08 0 4.044
1633850700 22.21 86.92 0 4.044
1633850760 22.24 87 0 4.044
1633850820 22.21 86.8 0 4.044
1633850880 22.21 86.97 0 4.044
1633850940 22.23 86.95 0 4.044
1633851000 22.23 86.96 0 4.044
1633851060 22.23 87.12 0 4.044
1633851120 22.23 86.75 0 4.044
1633851180 22.26 87.1 0 4.044
1633851240 22.27 87.25 0 4.044
1633851300 22.27 87.31 0 4.044
1633851360 22.24 87.3 0 4.044
1633851420 22.2 87.41 0 4.044
1633851480 22.23 87.6 0 4.044
1633851540 22.2 87.44 0 4.044
1633851600 22.18 87.22 0 4.044
1633851660 22.14 87.17 0 4.044
1633851720 22.16 87.12 0 4.044
1633851780 22.13 86.64 0 4.044
1633851840 22.11 86.59 0 4.044
1633851900 22.11 86.37 0 4.044
1633851960 22.11 85.82 0 4.044
1633852020 22.11 86.05 0 4.044
1633852080 22.2 87.5 0 4.044
1633852140 22.21 88.07 0 4.044
1633852200 22.18 88.28 0 4.044
1633852260 22.16 88.27 0 4.039
1633852320 22.17 88.4 0 4.044
1633852380 22.16 88.02 0 4.044
1633852440 22.16 87.96 0 4.049
1633852500 22.16 87.89 0 4.044
1633852560 22.17 88.13 0 4.044
1633852620 22.14 88.18 0 4.044
1633852680 22.08 88.02 0 4.044
1633852740 22.07 88.29 0 4.044
1633852800 21.99 88.05 0 4.044
1633852860 21.96 88.39 0 4.044
1633852920 21.99 88.91 0 4.044
1633852980 21.95 88.89 0 4.044
1633853040 21.95 88.66 0 4.044
1633853100 21.92 88.47 0 4.044
1633853160 21.93 89.04 0 4.044
1633853220 21.9 89.08 0 4.044
1633853280 21.93 89.36 0 4.044
1633853340 21.93 89.1 0 4.044
1633853400 21.9 88.8 0 4.044
1633853460 21.9 88.91 0 4.044
1633853520 21.87 88.85 0 4.044
1633853580 21.85 88.95 0 4.044
1633853640 21.87 89.27 0 4.044
1633853700 21.82 89.06 0 4.039
1633853760 21.82 89.24 0 4.039
1633853820 21.79 89.19 0 4.039
1633853880 21.79 89.49 0 4.044
1633853940 21.79 89.43 0 4.044
1633854000 21.8 89.76 0 4.044
1633854060 21.76 89.33 0 4.044
1633854120 21.71 89.58 0 4.044
1633854180 21.72 89.75 0 4.044
1633854240 21.72 90.03 0 4.044
1633854300 21.71 90.04 0 4.044
1633854360 21.68 90.18 0 4.044
1633854420 21.65 89.92 0 4.044
1633854480 21.62 89.95 0 4.044
1633854540 21.65 89.89 0 4.044
1633854600 21.63 89.91 0 4.044
1633854660 21.58 89.74 0 4.044
1633854720 21.56 89.81 0 4.044
1633854780 21.55 89.83 0 4.044
1633854840 21.49 89.49 0 4.044
1633854900 21.46 89.68 0 4.044
1633854960 21.49 89.99 0 4.044
1633855020 21.46 89.74 0 4.044
1633855080 21.42 89.62 0 4.044
1633855140 21.45 89.97 0 4.039
1633855200 21.44 89.94 0 4.044
1633855260 21.44 90.01 0 4.044
1633855320 21.45 90.03 0 4.044
1633855380 21.42 89.96 0 4.044
1633855440 21.44 90.16 0 4.039
1633855500 21.44 90.09 0 4.044
1633855560 21.45 90.22 0 4.044
1633855620 21.45 90.33 0 4.039
1633855680 21.42 90.37 0 4.039
1633855740 21.41 90.28 0 4.039
1633855800 21.42 90.51 0 4.044
1633855860 21.38 90.54 0 4.044
1633855920 21.39 90.47 0 4.044
1633855980 21.39 90.51 0 4.044
1633856040 21.38 90.49 0 4.044
1633856100 21.38 90.79 0 4.044
1633856160 21.34 90.6 0 4.039
1633856220 21.35 90.89 0 4.044
1633856280 21.34 91.06 0 4.039
1633856340 21.34 90.98 0 4.039
1633856400 21.34 90.84 0 4.044
1633856460 21.34 90.95 0 4.044
1633856520 21.32 90.98 0 4.044
1633856580 21.31 90.88 0 4.044
1633856640 21.31 90.81 0 4.044
1633856700 21.32 91.02 0 4.044
1633856760 21.34 90.93 0 4.039
1633856820 21.35 91.13 0 4.039
1633856880 21.34 91.09 0 4.039
1633856940 21.37 91.16 0 4.044
1633857000 21.38 91.08 0 4.039
1633857060 21.38 91.24 0 4.039
1633857120 21.38 91.32 0 4.044
1633857180 21.39 91.24 0 4.039
1633857240 21.37 91.19 0 4.044
1633857300 21.37 91.22 0 4.039
1633857360 21.39 91.33 0 4.039
1633857420 21.31 91.23 0 4.039
1633857480 21.35 91.34 0 4.044
1633857540 21.34 91.21 0 4.039
1633857600 21.31 91.39 0 4.039
1633857660 21.31 91.14 0 4.044
1633857720 21.28 91.01 0 4.044
1633857780 21.25 90.95 0 4.039
1633857840 21.22 90.52 0 4.039
1633857900 21.27 90.68 0 4.044
1633857960 21.29 90.95 0 4.044
1633858020 21.31 90.81 0 4.039
1633858080 21.32 90.78 0 4.039
1633858140 21.31 90.91 0 4.044
1633858200 21.29 90.39 0 4.044
1633858260 21.29 90.53 0 4.039
1633858320 21.28 90.32 0 4.039
1633858380 21.29 90.18 0 4.039
1633858440 21.28 90.32 0 4.039
1633858500 21.27 90.32 0 4.039
1633858560 21.24 90.34 0 4.039
1633858620 21.25 90.75 0 4.039
1633858680 21.28 90.87 0 4.044
1633858740 21.25 90.59 0 4.044
1633858800 21.25 90.86 0 4.039
1633858860 21.31 91.32 0 4.039
1633858920 21.34 91.43 0 4.044
1633858980 21.29 91.45 0 4.044
1633859040 21.29 91.39 0 4.039
1633859100 21.31 91.44 0 4.039
1633859160 21.31 91.46 0 4.039
1633859220 21.31 91.4 0 4.039
1633859280 21.27 91.3 0 4.039
1633859340 21.29 91.28 0 4.039
1633859400 21.29 91.23 0 4.039
1633859460 21.31 91.13 0 4.039
1633859520 21.35 91.15 0 4.044
1633859580 21.35 91.03 0 4.044
1633859640 21.37 90.99 0 4.039
1633859700 21.39 90.89 0 4.039
1633859760 21.35 90.86 0 4.039
1633859820 21.35 90.8 0 4.039
1633859880 21.34 90.89 0 4.039
1633859940 21.31 91.09 0 4.039
1633860000 21.29 90.94 0 4.039
1633860060 21.29 90.98 0 4.039
1633860120 21.31 91.15 0 4.039
1633860180 21.29 91.01 0 4.039
1633860240 21.32 91.24 0 4.039
1633860300 21.31 91.05 0 4.039
1633860360 21.34 91.04 0 4.039
1633860420 21.31 90.87 0 4.039
1633860480 21.31 90.82 0 4.039
1633860540 21.34 90.65 0 4.044
1633860600 21.32 90.56 0 4.039
1633860660 21.35 90.6 0 4.039
1633860720 21.38 90.65 0 4.039
1633860780 21.37 90.73 0 4.044
1633860840 21.34 90.51 0 4.039
1633860900 21.34 90.42 0 4.039
1633860960 21.31 90.47 0 4.039
1633861020 21.31 90.55 0 4.039
1633861080 21.32 90.52 0 4.039
1633861140 21.31 90.73 0 4.039
1633861200 21.29 90.49 0 4.039
1633861260 21.29 90.41 0 4.039
1633861320 21.31 90.64 0 4.039
1633861380 21.34 90.76 0 4.039
1633861440 21.31 90.74 0 4.039
1633861500 21.29 90.76 0 4.039
1633861560 21.32 90.87 0 4.039
1633861620 21.31 90.97 0 4.039
1633861680 21.32 91.06 0 4.039
1633861740 21.32 90.98 0 4.044
1633861800 21.31 91.16 0 4.039
1633861860 21.32 91.2 0 4.039
1633861920 21.31 91.32 0 4.039
1633861980 21.31 91.35 0 4.039
1633862040 21.29 91.3 0 4.039
1633862100 21.25 91.28 0 4.039
1633862160 21.28 91.35 0 4.033
1633862220 21.27 91.25 0 4.039
1633862280 21.28 91.24 0 4.039
1633862340 21.31 91.29 0 4.039
1633862400 21.32 91.26 0 4.039
1633862460 21.31 91.27 0 4.039
1633862520 21.29 91.27 0 4.039
1633862580 21.29 91.08 0 4.039
1633862640 21.31 91.03 0 4.039
1633862700 21.29 91.04 0 4.039
1633862760 21.34 91 4 4.039
1633862820 21.31 90.81 4 4.039
1633862880 21.34 90.88 4 4.039
1633862940 21.34 90.71 4 4.039
1633863000 21.32 90.74 4 4.039
1633863060 21.29 90.94 4 4.039
1633863120 21.28 91.08 4 4.039
1633863180 21.27 90.87 10 4.039
1633863240 21.25 91.02 10 4.039
1633863300 21.25 90.95 10 4.039
1633863360 21.2 90.83 10 4.039
1633863420 21.2 90.91 10 4.039
1633863480 21.22 91.01 10 4.039
1633863540 21.21 90.99 10 4.039
1633863600 21.21 90.95 10 4.033
1633863660 21.21 91.01 10 4.039
1633863720 21.22 91.12 10 4.039
1633863780 21.22 91.12 10 4.039
1633863840 21.25 91.25 10 4.039
1633863900 21.22 91.38 10 4.039
1633863960 21.22 91.4 10 4.039
1633864020 21.24 91.62 10 4.039
1633864080 21.25 91.7 10 4.039
1633864140 21.22 91.85 10 4.039
1633864200 21.2 91.78 10 4.039
1633864260 21.17 91.75 10 4.033
1633864320 21.17 91.79 10 4.039
1633864380 21.18 91.89 10 4.039
1633864440 21.18 91.76 10 4.039
1633864500 21.15 91.68 10 4.039
1633864560 21.18 91.75 16 4.039
1633864620 21.18 91.75 16 4.039
1633864680 21.18 91.71 16 4.039
1633864740 21.22 91.76 16 4.039
1633864800 21.22 91.76 16 4.039
1633864860 21.22 91.68 16 4.039
1633864920 21.24 91.8 16 4.039
1633864980 21.22 91.72 22 4.039
1633865040 21.24 91.69 22 4.039
1633865100 21.25 91.55 22 4.039
1633865160 21.27 91.42 22 4.039
1633865220 21.24 91.06 22 4.039
1633865280 21.27 91.33 22 4.039
1633865340 21.31 91.04 28 4.039
1633865400 21.32 90.88 28 4.039
1633865460 21.35 90.85 28 4.039
1633865520 21.37 90.63 28 4.039
1633865580 21.35 90.73 28 4.039
1633865640 21.42 90.59 34 4.039
1633865700 21.45 90.49 34 4.039
1633865760 21.5 90.39 34 4.039
1633865820 21.52 90.4 34 4.033
1633865880 21.55 90.29 34 4.039
1633865940 21.59 90.47 40 4.039
1633866000 21.6 90.25 40 4.039
1633866060 21.65 90.18 40 4.039
1633866120 21.65 90.12 46 4.039
1633866180 21.69 90.06 46 4.039
1633866240 21.72 89.97 46 4.039
1633866300 21.76 89.94 46 4.039
1633866360 21.77 89.8 46 4.039
1633866420 21.77 89.34 52 4.033
1633866480 21.8 89.32 52 4.033
1633866540 21.8 89.28 52 4.039
1633866600 21.85 89.19 52 4.039
1633866660 21.83 88.96 52 4.033
1633866720 21.85 89.06 52 4.039
1633866780 21.87 89.14 58 4.039
1633866840 21.92 88.93 58 4.039
1633866900 21.95 88.87 58 4.039
1633866960 21.96 88.71 58 4.039
1633867020 22.03 88.71 64 4.033
1633867080 22.08 88.34 64 4.039
1633867140 22.06 87.83 64 4.033
1633867200 22.08 87.58 70 4.039
1633867260 22.16 87.37 70 4.039
1633867320 22.21 87.16 76 4.039
1633867380 22.2 86.86 82 4.039
1633867440 22.21 86.95 88 4.039
1633867500 22.27 86.71 94 4.039
1633867560 22.33 86.74 100 4.039
1633867620 22.37 86.57 105 4.039
1633867680 22.43 86.37 111 4.039
1633867740 22.44 85.95 112 4.039
1633867800 22.45 86.2 117 4.044
1633867860 22.45 85.86 117 4.039
1633867920 22.48 86.4 117 4.044
1633867980 22.61 86.74 123 4.039
1633868040 22.71 86.88 129 4.044
1633868100 22.78 86.52 135 4.039
1633868160 22.84 85.97 141 4.039
1633868220 22.91 85.4 147 4.044
1633868280 22.99 84.98 153 4.044
1633868340 23.09 84.48 159 4.044
1633868400 23.16 83.9 159 4.039
1633868460 23.19 83.53 165 4.044
1633868520 23.24 83.61 165 4.044
1633868580 23.33 83.85 159 4.044
1633868640 23.42 83.39 159 4.044
1633868700 23.5 83.03 159 4.044
1633868760 23.59 82.74 159 4.044
1633868820 23.71 82.64 159 4.044
1633868880 23.8 81.98 159 4.044
1633868940 23.87 81.9 159 4.044
1633869000 23.95 81.72 159 4.044
1633869060 23.95 81.48 165 4.044
1633869120 23.98 80.62 165 4.044
1633869180 24.08 80.3 165 4.044
1633869240 24.15 79.69 165 4.044
1633869300 24.18 80.22 159 4.044
1633869360 24.18 79.99 159 4.044
1633869420 24.25 79.6 153 4.044
1633869480 24.23 80.16 147 4.044
1633869540 24.26 80.15 147 4.044
1633869600 24.25 80.42 141 4.044
1633869660 24.3 80.42 141 4.044
1633869720 24.39 80.46 141 4.044
1633869780 24.35 80.15 135 4.044
1633869840 24.38 79.83 141 4.044
1633869900 24.33 79.85 141 4.044
1633869960 24.36 79.78 141 4.044
1633870020 24.3 78.85 147 4.044
1633870080 24.29 79.05 153 4.044
1633870140 24.3 79.36 159 4.044
1633870200 24.35 79.68 165 4.049
1633870260 24.36 79.56 165 4.044
1633870320 24.4 79.99 171 4.049
1633870380 24.4 79.39 171 4.049
1633870440 24.49 79.65 177 4.044
1633870500 24.43 79.62 177 4.044
1633870560 24.35 79.75 189 4.049
1633870620 24.38 79.49 195 4.049
1633870680 24.44 79.39 201 4.049
1633870740 24.43 78.56 213 4.049
1633870800 24.59 78.61 248 4.049
1633870860 24.62 78.49 260 4.049
1633870920 24.59 79.13 249 4.049
1633870980 24.69 78.72 284 4.049
1633871040 24.7 78.63 249 4.049
1633871100 24.66 78.46 225 4.049
1633871160 24.77 78.96 225 4.049
1633871220 24.88 78.88 231 4.049
1633871280 24.9 78.63 225 4.049
1633871340 24.88 78.76 219 4.049
1633871400 24.97 78.36 213 4.049
1633871460 25.01 78.57 213 4.055
1633871520 25.04 77.97 213 4.055
1633871580 24.98 77.83 213 4.049
1633871640 25.06 78.32 219 4.055
1633871700 25.14 77.7 219 4.055
1633871760 25.11 77.29 219 4.055
1633871820 25.13 76.84 225 4.055
1633871880 25.24 76.91 231 4.055
1633871940 25.27 76.21 237 4.055
1633872000 25.28 77.06 237 4.055
1633872060 25.21 77.61 237 4.055
1633872120 25.24 78.26 237 4.055
1633872180 25.11 77.67 243 4.055
1633872240 25.2 78.4 243 4.055
1633872300 25.24 78.89 243 4.055
1633872360 25.17 80.23 249 4.055
1633872420 24.98 78.33 262 4.055
1633872480 25.08 78.02 280 4.06
1633872540 25.11 79.26 302 4.06
1633872600 25.01 79.19 367 4.044
1633872660 25.18 78.53 379 4.044
1633872720 25.31 78.38 391 4.044
1633872780 25.31 77.55 421 4.044
1633872840 25.52 76.38 474 4.044
1633872900 25.64 76.21 492 4.044
1633872960 25.68 75.89 480 4.044
1633873020 25.76 75.51 539 4.044
1633873080 25.92 74.68 516 4.044
1633873140 26.02 74.87 593 4.044
1633873200 26.26 73.81 522 4.044
1633873260 26.35 72.66 480 4.044
1633873320 26.47 73.07 510 4.044
1633873380 26.82 71.84 439 4.039
1633873440 26.85 71.47 641 4.039
1633873500 26.77 71.09 724 4.039
1633873560 26.88 71.49 777 4.039
1633873620 27.28 71.06 819 4.044
1633873680 27.54 69.24 871 4.039
1633873740 27.61 68.7 790 4.044
1633873800 27.67 68.87 474 4.039
1633873860 27.95 67.9 468 4.044
1633873920 28.12 67.35 457 4.044
1633873980 27.85 67.56 474 4.039
1633874040 27.56 68.17 837 4.039
1633874100 28.04 67.02 528 4.039
1633874160 28.22 65.26 415 4.044
1633874220 28.29 64.54 426 4.039
1633874280 27.91 66.33 373 4.039
1633874340 27.99 66.91 361 4.039
1633874400 28.12 65.68 356 4.049
1633874460 28.09 66.79 350 4.049
1633874520 28.16 66.87 350 4.055
1633874580 28.07 66.49 344 4.055
1633874640 27.92 66.83 344 4.055
1633874700 27.98 66.98 344 4.055
1633874760 27.92 66.83 344 4.055
1633874820 27.92 67.23 344 4.055
1633874880 27.7 67.26 344 4.06
1633874940 27.64 67.71 344 4.055
1633875000 27.71 68.2 344 4.06
1633875060 27.78 67.48 350 4.06
1633875120 27.68 67.52 350 4.055
1633875180 27.56 67.48 350 4.06
1633875240 27.77 66.95 356 4.06
1633875300 27.33 67.93 356 4.06
1633875360 27.53 67.87 350 4.055
1633875420 27.68 67.83 350 4.06
1633875480 27.64 66.91 350 4.06
1633875540 27.57 67.7 350 4.06
1633875600 27.77 67.4 350 4.06
1633875660 27.71 67.47 350 4.065
1633875720 27.76 66.37 352 4.065
1633875780 27.7 66.81 350 4.065
1633875840 27.63 66.47 352 4.06
1633875900 27.84 66.45 358 4.06
1633875960 27.71 67.05 358 4.06
1633876020 27.81 66.36 364 4.06
1633876080 28.02 66.18 364 4.065
1633876140 27.95 65.65 370 4.065
1633876200 27.98 65.63 376 4.065
1633876260 28.18 64.93 376 4.065
1633876320 28.01 65.39 382 4.071
1633876380 27.87 65.67 382 4.065
1633876440 27.8 65.36 388 4.071
1633876500 27.83 65.58 406 4.071
1633876560 27.67 65.57 399 4.071
1633876620 27.81 65.31 400 4.071
1633876680 27.97 65.11 405 4.071
1633876740 28.07 65.38 400 4.071
1633876800 28.01 65.38 406 4.071
1633876860 28.32 65.08 412 4.071
1633876920 28.11 64.77 418 4.071
1633876980 28.25 65.14 424 4.076
1633877040 28.22 64.87 430 4.076
1633877100 28.02 65.62 436 4.076
1633877160 28.23 65.03 448 4.076
1633877220 28.39 64.63 454 4.076
1633877280 28.35 64.3 472 4.082
1633877340 28.38 64.59 496 4.082
1633877400 28.59 64.24 563 4.087
1633877460 28.67 64.12 745 4.092
1633877520 28.66 63.19 877 4.065
1633877580 28.8 62.93 656 4.06
1633877640 28.83 62.49 626 4.06
1633877700 28.83 62.58 572 4.06
1633877760 29.07 62.06 596 4.06
1633877820 28.96 61.97 584 4.06
1633877880 29.1 61.69 608 4.06
1633877940 29.2 62.28 703 4.06
1633877100 28.02 65.62 436 4.076
1633877160 28.23 65.03 448 4.076
1633877220 28.39 64.63 454 4.076
1633877280 28.35 64.3 472 4.082
1633877340 28.38 64.59 496 4.082
1633877400 28.59 64.24 563 4.087
1633877460 28.67 64.12 745 4.092
1633877520 28.66 63.19 877 4.065
1633877580 28.8 62.93 656 4.06
1633877640 28.83 62.49 626 4.06
1633877700 28.83 62.58 572 4.06
1633877760 29.07 62.06 596 4.06
1633877820 28.96 61.97 584 4.06
1633877880 29.1 61.69 608 4.06
1633877940 29.2 62.28 703 4.06
1633878000 29.45 60.13 956 4.092
1633878060 29.72 58.84 847 4.092
1633878120 29.92 59.76 777 4.06
1633878180 30.06 59.56 787 4.06
1633878240 30.27 59.03 918 4.06
1633878300 30.17 58.16 799 4.06
1633878360 30.35 57.92 858 4.055
1633878420 30.55 56.92 876 4.055
1633878480 30.74 56.78 917 4.055
1633878540 31.16 54.97 929 4.055
1633878600 31.59 54.59 840 4.055
1633878660 31.92 53.18 721 4.055
1633878720 31.83 53.52 655 4.055
1633878780 31.73 53.18 749 4.055
1633878840 31.66 51.01 852 4.055
1633878900 31.78 52.86 768 4.055
1633878960 31.99 52.18 679 4.055
1633879020 32.19 51.43 780 4.055
1633879080 32.04 50.7 864 4.055
1633879140 31.77 50.95 572 4.055
1633879200 31.9 50.99 393 4.055
1633879260 31.7 51.25 810 4.055
1633879320 32.04 50.91 399 4.055
1633879380 31.95 51.8 983 4.055
1633879440 31.6 51.93 1054 4.055
1633879500 31.5 52.43 1263 4.055
1633879560 31.5 51.57 995 4.055
1633879620 31.4 52.13 1221 4.055
1633879680 31.22 52.77 1215 4.049
1633879740 31.64 51.57 1197 4.055
1633879800 31.48 50.61 1180 4.103
1633879860 31.36 52.01 1176 4.108
1633879920 31.56 51.18 1177 4.103
1633879980 31.78 49.96 1195 4.108
1633880040 32.05 49.94 1177 4.114
1633880100 32.41 49.26 1171 4.114
1633880160 32.58 48.03 1179 4.114
1633880220 32.86 47.56 1124 4.114
1633880280 32.82 47.14 892 4.108
1633880340 32.77 47.96 777 4.103
1633880400 32.35 49.1 1258 4.119
1633880460 32.07 49.52 918 4.114
1633880520 32.12 49.05 502 4.076
1633880580 32.18 49.27 615 4.071
1633880640 32.01 49.85 489 4.071
1633880700 31.91 50.4 453 4.071
1633880760 31.7 50.08 376 4.071
1633880820 31.43 50.94 740 4.065
1633880880 31.48 50.28 793 4.071
1633880940 31.66 50.02 621 4.071
1633881000 32.05 49.12 358 4.071
1633881060 32.05 49.36 740 4.071
1633881120 31.94 48.87 789 4.065
1633881180 31.63 48.15 855 4.071
1633881240 31.44 49.76 644 4.071
1633881300 31.59 48.67 891 4.065
1633881360 31.56 48.82 1045 4.065
1633881420 31.71 49.5 1105 4.065
1633881480 31.9 49.59 1087 4.065
1633881540 32.18 48.39 1129 4.065
1633881600 32.48 47.18 1105 4.108
1633881660 32.55 47.51 1093 4.108
1633881720 32.55 48.58 1082 4.114
1633881780 32.46 48.16 1076 4.119
1633881840 32.28 48.56 1064 4.119
1633881900 32.36 48.48 1034 4.119
1633881960 32.03 49.1 1064 4.125
1633882020 32.03 49.72 1085 4.125
1633882080 32.26 49.19 1091 4.125
1633882140 32.19 48.52 1097 4.125
1633882200 31.94 48.37 989 4.082
1633882260 31.9 49.34 1085 4.082
1633882320 31.68 48.54 1091 4.082
1633882380 31.78 49.65 1102 4.076
1633882440 31.5 49.62 1114 4.076
1633882500 31.43 50.21 1106 4.076
1633882560 31.54 50.55 1060 4.076
1633882620 31.73 49.8 1076 4.076
1633882680 31.68 51.09 1084 4.076
1633882740 31.61 51.21 1078 4.076
1633882800 31.73 51.42 1042 4.076
1633882860 31.47 51.29 1030 4.076
1633882920 31.37 51.95 1030 4.076
1633882980 31.8 50.62 1030 4.076
1633883040 31.83 50.97 1030 4.076
1633883100 31.8 50.14 1036 4.076
1633883160 31.94 50.39 1030 4.071
1633883220 32.07 50.29 1030 4.076
1633883280 32.03 49.72 1034 4.071
1633883340 32.25 48.54 1028 4.076
1633883400 32.14 49.18 1027 4.114
1633883460 31.88 49.79 1028 4.114
1633883520 31.95 50.01 1034 4.119
1633883580 31.78 49.91 1058 4.125
1633883640 31.88 50.77 1066 4.125
1633883700 31.63 50.33 245 4.087
1633883760 31.43 51.68 227 4.082
1633883820 30.93 52.75 959 4.082
1633883880 30.67 53.96 1079 4.082
1633883940 30.68 53.92 1049 4.076
1633884000 30.88 53.93 1054 4.076
1633884060 30.96 54.11 755 4.076
1633884120 30.99 54.27 838 4.082
1633884180 31.23 53.56 1150 4.082
1633884240 31.26 53.4 1145 4.082
1633884300 31.3 52.71 816 4.082
1633884360 31.26 53.47 533 4.076
1633884420 30.99 54.64 1174 4.076
1633884480 31.08 54.11 1120 4.082
1633884540 31.05 54.65 1096 4.076
1633884600 30.89 54.69 1096 4.076
1633884660 30.77 54.46 1084 4.076
1633884720 30.68 54.74 1084 4.076
1633884780 30.77 54.01 1084 4.076
1633884840 30.81 54.33 1084 4.076
1633884900 30.77 53.58 1090 4.076
1633884960 30.53 54.7 1085 4.076
1633885020 30.68 54.77 1084 4.076
1633885080 30.62 54.69 1090 4.076
1633885140 30.71 54.21 1096 4.076
1633885200 31.02 53.15 1126 4.076
1633885260 31.29 54.24 1192 4.076
1633885320 31.37 54.15 1084 4.076
1633885380 31.32 54.04 406 4.076
1633885440 31.35 53.87 502 4.076
1633885500 31.26 54.52 899 4.076
1633885560 31.2 54.52 1335 4.076
1633885620 31.16 54.88 1299 4.076
1633885680 31.41 53.47 490 4.076
1633885740 31.36 53.32 400 4.076
1633885800 31.08 54.46 436 4.076
1633885860 30.96 54.34 545 4.076
1633885920 30.88 54.72 1281 4.071
1633885980 30.61 55.84 933 4.076
1633886040 30.71 55.22 1162 4.076
1633886100 30.61 55.39 1054 4.082
1633886160 30.57 54.83 1186 4.076
1633886220 30.71 54.78 1102 4.082
1633886280 30.79 54.37 1341 4.076
1633886340 31.16 53.17 406 4.076
1633886400 31.32 53.73 340 4.076
1633886460 31.3 53.31 400 4.076
1633886520 31.16 52.89 1227 4.076
1633886580 31.19 54.27 1192 4.076
1633886640 31.53 52.91 1168 4.076
1633886700 31.48 52.71 899 4.076
1633886760 31.44 52.75 1096 4.076
1633886820 31.47 53.42 1144 4.076
1633886880 31.84 51.61 1156 4.076
1633886940 32.03 51.37 1192 4.076
1633887000 32.36 51.16 664 4.076
1633887060 32.21 50.72 1066 4.076
1633887120 31.95 51.63 1042 4.076
1633887180 32.11 50.88 1078 4.076
1633887240 31.97 50.85 1078 4.076
1633887300 32.14 51.02 1076 4.076
1633887360 32.18 51.33 1120 4.076
1633887420 32.16 50.68 1144 4.076
1633887480 32.22 50.27 1168 4.076
1633887540 32.24 50.21 1168 4.071
1633887600 32.53 49.87 1191 4.076
1633887660 32.28 50.06 1210 4.071
1633887720 32.08 51.11 1243 4.076
1633887780 31.98 51.38 1257 4.071
1633887840 32.04 51.37 1255 4.071
1633887900 32.41 50.75 1225 4.076
1633887960 32.04 51.31 1204 4.076
1633888020 32.14 50.91 1185 4.071
1633888080 32.12 50.98 1173 4.071
1633888140 32.21 50.82 1112 4.071
1633888200 32.05 51.34 1102 4.071
1633888260 32.19 51.37 1094 4.071
1633888320 32.22 50.35 1082 4.071
1633888380 32.35 50.32 1064 4.071
1633888440 32.28 50.57 837 4.071
1633888500 32.24 50.33 992 4.071
1633888560 32.34 50.51 1094 4.071
1633888620 31.99 51.21 1106 4.071
1633888680 32.01 51.55 1132 4.071
1633888740 32.24 50.94 1112 4.071
1633888800 32.43 50.24 1093 4.108
1633888860 31.8 51.74 1064 4.114
1633888920 31.91 51.62 1046 4.119
1633888980 31.99 51.11 1028 4.119
1633889040 31.95 50.64 1073 4.119
1633889100 31.63 51.61 1091 4.125
1633889160 31.6 51.14 1042 4.125
1633889220 31.68 51.46 987 4.125
1633889280 31.57 51.47 926 4.13
1633889340 31.85 51.26 939 4.125
1633889400 31.7 51.07 921 4.125
1633889460 31.61 51.33 945 4.125
1633889520 31.56 51.57 983 4.13
1633889580 31.63 51.77 950 4.092
1633889640 31.61 51.66 281 4.092
1633889700 31.53 51.92 822 4.092
1633889760 31.46 52.56 990 4.087
1633889820 31.51 52.2 852 4.087
1633889880 31.78 52.22 924 4.087
1633889940 31.95 51.19 1034 4.087
1633890000 31.92 51.01 882 4.087
1633890060 31.85 51.35 888 4.087
1633890120 31.59 51.19 876 4.087
1633890180 31.53 51.88 942 4.087
1633890240 31.74 51.68 948 4.087
1633890300 31.61 52.2 960 4.087
1633890360 31.76 51.52 960 4.087
1633890420 31.59 51.58 1019 4.082
1633890480 31.68 51.27 1021 4.087
1633890540 31.56 51.59 1025 4.087
1633890600 31.64 51.66 1034 4.119
1633890660 31.63 51.41 987 4.125
1633890720 31.56 51.05 486 4.092
1633890780 31.25 51.77 299 4.087
1633890840 31.09 52.09 287 4.092
1633890900 30.82 52.83 353 4.087
1633890960 30.61 52.7 317 4.087
1633891020 30.58 52.97 287 4.087
1633891080 30.45 53.62 299 4.087
1633891140 29.98 54.8 335 4.087
1633891200 29.99 54.7 432 4.087
1633891260 30 55.04 323 4.087
1633891320 29.84 55.61 341 4.087
1633891380 29.8 55.76 402 4.087
1633891440 29.82 55.59 612 4.087
1633891500 29.75 55.74 1075 4.087
1633891560 30.23 54.95 450 4.082
1633891620 30.53 54.04 371 4.087
1633891680 30.28 53.94 353 4.087
1633891740 30.31 53.13 480 4.082
1633891800 30.11 53.04 570 4.087
1633891860 30.13 53.39 414 4.087
1633891920 30.17 53.42 468 4.087
1633891980 30.09 53.37 390 4.082
1633892040 29.92 53.85 414 4.087
1633892100 29.83 54.4 359 4.087
1633892160 30.04 54.07 293 4.082
1633892220 30.1 54.92 293 4.087
1633892280 29.99 54.52 365 4.087
1633892340 29.96 54.24 335 4.087
1633892400 30 54.71 472 4.087
1633892460 30.1 54.27 257 4.087
1633892520 30 54.19 227 4.087
1633892580 30.03 54.41 215 4.087
1633892640 29.87 54.35 203 4.087
1633892700 29.87 54.51 179 4.082
1633892760 29.89 55 161 4.087
1633892820 29.69 54.7 149 4.082
1633892880 29.45 55.35 155 4.087
1633892940 29.44 55.59 161 4.087
1633893000 29.22 55.51 173 4.087
1633893060 28.94 56.16 191 4.082
1633893120 28.66 56.91 203 4.087
1633893180 28.42 57.91 209 4.082
1633893240 28.59 57.92 215 4.087
1633893300 28.41 58.09 227 4.092
1633893360 28.31 58.27 209 4.092
1633893420 28.43 58.62 197 4.092
1633893480 28.55 58.16 203 4.092
1633893540 28.63 57.21 215 4.092
1633893600 28.29 57.54 239 4.092
1633893660 28.19 57.89 275 4.092
1633893720 28.19 58.37 301 4.098
1633893780 28.32 58.31 281 4.087
1633893840 28.38 58.45 257 4.087
1633893900 28.5 57.96 221 4.087
1633893960 28.69 58.16 203 4.087
1633894020 28.71 57.24 197 4.087
1633894080 28.53 57.45 191 4.087
1633894140 28.53 58.18 191 4.087
1633894200 28.62 58.16 203 4.087
1633894260 28.76 57.53 221 4.092
1633894320 28.74 57.19 239 4.092
1633894380 28.69 56.89 251 4.087
1633894440 28.42 57.51 245 4.092
1633894500 28.15 58.84 251 4.092
1633894560 28.16 58.79 275 4.098
1633894620 28.19 59.02 311 4.087
1633894680 28.22 59.27 761 4.087
1633894740 28.38 58.88 679 4.087
1633894800 28.65 57.94 761 4.087
1633894860 28.8 57.67 743 4.087
1633894920 29.14 57.16 731 4.087
1633894980 29.32 56.24 673 4.082
1633895040 29.42 56.37 420 4.087
1633895100 29.58 55.7 521 4.087
1633895160 29.68 55.42 653 4.087
1633895220 29.92 54.51 408 4.087
1633895280 30.04 54 448 4.082
1633895340 29.73 54.18 719 4.087
1633895400 29.9 53.66 707 4.087
1633895460 30.03 53.49 701 4.082
1633895520 30.31 52.89 701 4.087
1633895580 30.31 52.5 683 4.082
1633895640 30.23 52.48 432 4.087
1633895700 30.45 52.37 508 4.087
1633895760 30.5 52.36 576 4.082
1633895820 30.48 52.33 533 4.082
1633895880 30.58 51.9 472 4.082
1633895940 30.53 52.08 442 4.082
1633896000 30.45 52.11 426 4.082
1633896060 30.26 52.92 420 4.082
1633896120 30.27 52.84 426 4.082
1633896180 30.14 53.09 484 4.087
1633896240 30.02 53.72 539 4.082
1633896300 30.14 53.18 551 4.082
1633896360 30.09 54.24 569 4.082
1633896420 30.26 53.16 557 4.082
1633896480 30.26 52.53 557 4.082
1633896540 30.28 53.08 563 4.082
1633896600 30.48 52.51 587 4.082
1633896660 30.4 51.9 599 4.082
1633896720 30.32 51.68 593 4.082
1633896780 30.23 52.5 575 4.082
1633896840 30.13 52.51 575 4.082
1633896900 30.21 51.96 640 4.082
1633896960 30.19 52.39 605 4.082
1633897020 30.45 52.32 635 4.082
1633897080 30.54 51.98 581 4.082
1633897140 30.67 51.73 599 4.082
1633897200 30.82 51.25 143 4.082
1633897260 30.86 51.03 617 4.082
1633897320 30.82 51.42 635 4.082
1633897380 30.86 51.14 646 4.082
1633897440 31.09 51.14 647 4.082
1633897500 31.08 50.66 615 4.082
1633897560 31.13 50.14 617 4.082
1633897620 31.09 50.43 647 4.082
1633897680 31.06 50.7 599 4.076
1633897740 31.19 50.57 689 4.082
1633897800 31.22 49.86 683 4.076
1633897860 30.92 50.49 671 4.076
1633897920 30.98 50.67 653 4.082
1633897980 31.16 51.01 647 4.082
1633898040 31.09 50.26 647 4.076
1633898100 30.95 51.22 615 4.082
1633898160 31.06 50.45 605 4.082
1633898220 30.82 51.65 587 4.082
1633898280 30.82 51.25 569 4.082
1633898340 30.5 51.37 557 4.082
1633898400 30.44 52.4 563 4.082
1633898460 30.53 52.11 508 4.082
1633898520 30.54 52.57 341 4.082
1633898580 30.55 52.2 251 4.082
1633898640 30.47 52.09 221 4.082
1633898700 30.35 52.53 233 4.082
1633898760 30.37 52.62 221 4.082
1633898820 30.2 52.6 233 4.076
1633898880 30 53.45 209 4.082
1633898940 29.92 53.5 197 4.082
1633899000 29.92 53.91 185 4.076
1633899060 29.82 54.08 185 4.082
1633899120 29.95 54.18 173 4.082
1633899180 29.95 54.06 161 4.082
1633899240 29.87 53.91 143 4.082
1633899300 29.93 54.18 149 4.082
1633899360 30 54.08 149 4.076
1633899420 30.03 54.39 137 4.082
1633899480 30.03 54.56 112 4.082
1633899540 29.89 54.07 112 4.082
1633899600 29.55 55.59 112 4.082
1633899660 29.39 55.54 106 4.082
1633899720 29.25 56.67 112 4.082
1633899780 29.18 56.35 106 4.082
1633899840 28.93 56.84 112 4.082
1633899900 28.76 57.63 112 4.082
1633899960 28.66 57.3 106 4.082
1633900020 28.67 57.4 100 4.082
1633900080 28.43 58.25 94 4.082
1633900140 28.52 58.41 94 4.082
1633900200 28.59 57.86 88 4.082
1633900260 28.63 58.29 88 4.082
1633900320 28.73 57.89 82 4.082
1633900380 28.69 57.88 88 4.082
1633900440 28.73 57.99 88 4.082
1633900500 28.8 57.97 88 4.082
1633900560 28.81 57.6 82 4.076
1633900620 28.47 57.53 82 4.082
1633900680 28.19 58.78 76 4.082
1633900740 28.16 59.06 76 4.082
1633900800 28.14 59.51 76 4.082
1633900860 28.2 59.77 76 4.082
1633900920 28.25 59.51 76 4.082
1633900980 28.29 59.32 70 4.082
1633901040 28.34 59.41 76 4.082
1633901100 28.22 59.16 76 4.082
1633901160 28.16 59.33 70 4.082
1633901220 28.04 59.69 70 4.082
1633901280 27.87 59.42 70 4.082
1633901340 27.76 59.6 70 4.082
1633901400 27.63 60.03 70 4.082
1633901460 27.61 60.32 70 4.082
1633901520 27.6 60.31 70 4.082
1633901580 27.59 60.42 70 4.076
1633901640 27.47 60.95 70 4.082
1633901700 27.54 60.91 76 4.082
1633901760 27.44 61.15 76 4.082
1633901820 27.43 61.55 76 4.082
1633901880 27.57 61.21 82 4.082
1633901940 27.67 61.1 76 4.082
1633902000 27.81 60.91 76 4.082
1633902060 27.91 60.72 76 4.082
1633902120 28.04 60.53 76 4.082
1633902180 28.12 60.19 76 4.082
1633902240 28.22 59.88 76 4.082
1633902300 28.29 59.79 70 4.076
1633902360 28.14 59.42 76 4.082
1633902420 28.11 60.45 82 4.082
1633902480 28.14 60.14 88 4.082
1633902540 28.09 59.76 88 4.082
1633902600 27.95 60.55 88 4.082
1633902660 27.88 60.63 94 4.076
1633902720 27.81 61.17 100 4.082
1633902780 27.92 60.81 106 4.082
1633902840 28.05 60.79 106 4.082
1633902900 28.09 60.42 106 4.082
1633902960 28.16 60.41 100 4.082
1633903020 28.18 60.31 94 4.076
1633903080 28.2 60.03 88 4.082
1633903140 28.16 60.28 88 4.082
1633903200 28.23 60.38 82 4.076
1633903260 28.12 60.41 76 4.076
1633903320 28.15 60.67 70 4.082
1633903380 28.07 60.91 70 4.082
1633903440 28.15 60.5 70 4.076
1633903500 28.14 60.54 64 4.076
1633903560 28.08 60.47 58 4.082
1633903620 28.01 60.94 58 4.076
1633903680 28.02 60.89 52 4.082
1633903740 27.95 60.92 40 4.082
1633903800 27.95 60.89 40 4.076
1633903860 27.89 61.39 40 4.076
1633903920 27.89 61.25 40 4.076
1633903980 27.88 61.37 40 4.082
1633904040 27.87 61.42 40 4.082
1633904100 27.77 61.84 34 4.076
1633904160 27.8 61.87 28 4.076
1633904220 27.78 61.88 28 4.082
1633904280 27.74 61.97 22 4.082
1633904340 27.74 61.97 22 4.082
1633904400 27.67 62.2 16 4.082
1633904460 27.65 62.39 16 4.082
1633904520 27.51 62.43 10 4.076
1633904580 27.41 62.78 10 4.076
1633904640 27.36 63.34 10 4.082
1633904700 27.34 63.47 10 4.076
1633904760 27.33 63.43 10 4.082
1633904820 27.26 63.53 10 4.082
1633904880 27.09 64.14 4 4.082
1633904940 26.95 64.64 4 4.082
1633905000 26.93 64.9 4 4.076
1633905060 26.95 64.88 4 4.076
1633905120 26.98 64.93 4 4.082
1633905180 26.92 64.94 4 4.082
1633905240 26.83 65.23 4 4.082
1633905300 26.86 65.31 4 4.082
1633905360 26.72 65.6 0 4.082
1633905420 26.59 66.25 0 4.082
1633905480 26.67 66.15 0 4.082
1633905540 26.67 66.19 0 4.076
1633905600 26.65 66 0 4.076
1633905660 26.57 66.14 0 4.076
1633905720 26.54 66.33 0 4.082
1633905780 26.51 66.34 0 4.082
1633905840 26.52 66.44 0 4.082
1633905900 26.45 66.57 0 4.082
1633905960 26.31 67.09 0 4.082
1633906020 26.34 66.96 0 4.082
1633906080 26.37 67.03 0 4.076
1633906140 26.19 67.21 0 4.082
1633906200 26.2 67.6 0 4.076
1633906260 26.14 67.13 0 4.082
1633906320 25.99 68.2 0 4.076
1633906380 26.06 67.98 0 4.076
1633906440 26.08 67.74 0 4.076
1633906500 26.1 67.6 0 4.082
1633906560 26.08 67.82 0 4.082
1633906620 25.9 68.09 0 4.076
1633906680 25.99 68.13 0 4.076
1633906740 25.96 68.13 0 4.076
1633906800 25.92 68.45 0 4.076
1633906860 25.94 68.34 0 4.076
1633906920 26 68.34 0 4.076
1633906980 26.04 68.38 0 4.076
1633907040 26.03 68.05 0 4.082
1633907100 26.1 68.03 0 4.082
1633907160 26.14 67.83 0 4.076
1633907220 26.17 67.66 0 4.076
1633907280 26.1 67.99 0 4.076
1633907340 25.96 68.4 0 4.076
1633907400 26.03 68.26 0 4.082
1633907460 26 68.31 0 4.076
1633907520 26.13 67.94 0 4.076
1633907580 26.14 67.9 0 4.076
1633907640 26.08 68.15 0 4.076
1633907700 25.94 68.7 0 4.076
1633907760 25.94 68.8 0 4.076
1633907820 26.03 68.52 0 4.082
1633907880 26 68.74 0 4.082
1633907940 25.86 69.36 0 4.076
1633908000 25.94 69.27 0 4.076
1633908060 25.94 69.27 0 4.076
1633908120 25.99 69.25 0 4.076
1633908180 26.02 69.27 0 4.082
1633908240 25.89 69.71 0 4.076
1633908300 25.94 69.75 0 4.076
1633908360 25.96 69.78 0 4.076
1633908420 25.96 69.88 0 4.076
1633908480 26.02 69.82 0 4.076
1633908540 25.99 69.75 0 4.076
1633908600 25.97 69.98 0 4.076
1633908660 25.94 70.04 0 4.076
1633908720 25.97 70.07 0 4.076
1633908780 25.96 70.08 0 4.076
1633908840 25.9 70.44 0 4.076
1633908900 25.93 70.11 0 4.076
1633908960 25.94 70.47 0 4.076
1633909020 25.93 70.46 0 4.076
1633909080 25.96 70.62 0 4.076
1633909140 26.02 70.4 0 4.076
1633909200 25.97 70.47 0 4.076
1633909260 25.93 70.78 0 4.076
1633909320 25.85 71.07 0 4.076
1633909380 25.79 71.5 0 4.076
1633909440 25.73 71.74 0 4.076
1633909500 25.77 71.59 0 4.076
1633909560 25.59 72.48 0 4.076
1633909620 25.51 72.73 0 4.076
1633909680 25.59 72.54 0 4.076
1633909740 25.64 72.46 0 4.076
1633909800 25.66 72.39 0 4.076
1633909860 25.69 72.26 0 4.076
1633909920 25.71 72.36 0 4.076
1633909980 25.71 72.37 0 4.076
1633910040 25.71 72.4 0 4.076
1633910100 25.72 72.54 0 4.076
1633910160 25.75 72.36 0 4.076
1633910220 25.77 72.29 0 4.076
1633910280 25.71 72.62 0 4.076
1633910340 25.55 73.03 0 4.076
1633910400 25.58 73.08 0 4.076
1633910460 25.55 73.38 0 4.076
1633910520 25.62 73.16 0 4.076
1633910580 25.59 73.35 0 4.076
1633910640 25.65 73.15 0 4.076
1633910700 25.27 74.27 0 4.076
1633910760 25.08 75.11 0 4.076
1633910820 25.29 74.63 0 4.076
1633910880 25.25 74.48 0 4.076
1633910940 25.21 74.62 0 4.076
1633911000 25.25 74.69 0 4.076
1633911060 25.27 74.8 0 4.076
1633911120 25.27 74.53 0 4.076
1633911180 25.24 74.92 0 4.076
1633911240 25.25 74.78 0 4.076
1633911300 25.31 74.46 0 4.076
1633911360 25.31 74.72 0 4.076
1633911420 25.21 74.96 0 4.076
1633911480 25.24 75.06 0 4.076
1633911540 25.22 74.89 0 4.076
1633911600 25.34 74.69 0 4.076
1633911660 25.35 74.68 0 4.076
1633911720 25.25 74.99 0 4.076
1633911780 25.31 74.9 0 4.076
1633911840 25.25 74.92 0 4.076
1633911900 25.18 74.88 0 4.076
1633911960 25.14 75.39 0 4.076
1633912020 25.2 75.36 0 4.076
1633912080 25.2 75.11 0 4.076
1633912140 25.21 75.22 0 4.076
1633912200 25.32 74.87 0 4.076
1633912260 25.29 74.85 0 4.076
1633912320 25.24 74.72 0 4.076
1633912380 25.17 75.34 0 4.076
1633912440 25.27 74.99 0 4.076
1633912500 25.29 74.75 0 4.076
1633912560 25.34 74.67 0 4.076
1633912620 25.31 75 0 4.076
1633912680 25.32 74.77 0 4.076
1633912740 25.34 74.74 0 4.076
1633912800 25.38 74.64 0 4.076
1633912860 25.42 74.48 0 4.076
1633912920 25.39 74.65 0 4.076
1633912980 25.48 74.33 0 4.076
1633913040 25.49 74.35 0 4.076
1633913100 25.44 74.73 0 4.071
1633913160 25.48 74.51 0 4.076
1633913220 25.48 74.6 0 4.076
1633913280 25.45 74.62 0 4.076
1633913340 25.51 74.44 0 4.076
1633913400 25.53 74.48 0 4.076
1633913460 25.49 74.57 0 4.076
1633913520 25.48 74.42 0 4.071
1633913580 25.45 74.79 0 4.076
1633913640 25.52 74.58 0 4.071
1633913700 25.44 74.66 0 4.076
1633913760 25.36 75.23 0 4.076
1633913820 25.41 74.86 0 4.076
1633913880 25.34 75.27 0 4.076
1633913940 25.38 75.12 0 4.076
1633914000 25.39 75.01 0 4.071
1633914060 25.36 75.09 0 4.071
1633914120 25.45 74.88 0 4.076
1633914180 25.45 75.11 0 4.071
1633914240 25.45 74.89 0 4.071
1633914300 25.44 75.18 0 4.076
1633914360 25.42 75.19 0 4.076
1633914420 25.42 75.23 0 4.071
1633914480 25.27 75.87 0 4.076
1633914540 25.08 76.48 0 4.076
1633914600 24.97 77 0 4.076
1633914660 25.01 76.91 0 4.076
1633914720 25.11 76.67 0 4.071
1633914780 25.08 76.64 0 4.076
1633914840 25 76.99 0 4.076
1633914900 25.01 77.09 0 4.076
1633914960 25.01 77.17 0 4.071
1633915020 25.03 77.15 0 4.071
1633915080 25 77.08 0 4.071
1633915140 25.07 76.89 0 4.076
1633915200 25.06 77.08 0 4.071
1633915260 25.08 77.19 0 4.071
1633915320 25.03 77.33 0 4.071
1633915380 24.97 77.59 0 4.071
1633915440 24.95 77.55 0 4.076
1633915500 25.06 77.31 0 4.076
1633915560 25.07 77.24 0 4.071
1633915620 25.06 77.41 0 4.076
1633915680 25.03 77.75 0 4.076
1633915740 25.11 77.43 0 4.076
1633915800 25.08 77.23 0 4.071
1633915860 25.1 77.31 0 4.071
1633915920 25.15 77.18 0 4.076
1633915980 25.2 77.01 0 4.071
1633916040 25.15 77.19 0 4.071
1633916100 25.07 77.48 0 4.071
1633916160 25.14 77.17 0 4.071
1633916220 25.2 77.07 0 4.071
1633916280 25 77.59 0 4.076
1633916340 25 77.75 0 4.076
1633916400 25.08 77.32 0 4.071
1633916460 24.95 77.67 0 4.071
1633916520 24.91 77.6 0 4.076
1633916580 24.87 77.98 0 4.076
1633916640 24.9 77.85 0 4.071
1633916700 24.95 77.54 0 4.071
1633916760 24.97 77.43 0 4.071
1633916820 25.04 77.08 0 4.071
1633916880 24.98 77.53 0 4.071
1633916940 24.78 78.15 0 4.071
1633917000 24.86 78 0 4.071
1633917060 24.78 78.18 0 4.071
1633917120 24.73 78.52 0 4.071
1633917180 24.7 79 0 4.071
1633917240 24.78 78.26 0 4.071
1633917300 24.8 78.58 0 4.071
1633917360 24.81 78.42 0 4.071
1633917420 24.78 78.38 0 4.071
1633917480 24.81 78.36 0 4.076
1633917540 24.87 78.42 0 4.076
1633917600 24.93 78.31 0 4.071
1633917660 25 77.61 0 4.071
1633917720 25.08 77.51 0 4.071
1633917780 24.91 77.67 0 4.076
1633917840 24.77 78.74 0 4.071
1633917900 24.86 78.15 0 4.071
1633917960 24.9 78.33 0 4.076
1633918020 24.84 78.45 0 4.076
1633918080 24.93 77.88 0 4.071
1633918140 24.87 78.38 0 4.071
1633918200 24.84 78.37 0 4.071
1633918260 24.76 78.82 0 4.071
1633918320 24.73 79.13 0 4.071
1633918380 24.73 78.93 0 4.071
1633918440 24.83 78.77 0 4.071
1633918500 24.76 78.51 0 4.071
1633918560 24.71 78.84 0 4.071
1633918620 24.69 79.07 0 4.071
1633918680 24.48 79.77 0 4.071
1633918740 24.43 80.05 0 4.071
1633918800 24.43 79.92 0 4.071
1633918860 24.44 80.16 0 4.071
1633918920 24.39 80.13 0 4.071
1633918980 24.25 80.66 0 4.071
1633919040 24.18 80.97 0 4.071
1633919100 24.19 80.86 0 4.071
1633919160 24.21 80.86 0 4.071
1633919220 24.21 81.22 0 4.071
1633919280 24.22 80.74 0 4.071
1633919340 24.18 81.15 0 4.071
1633919400 24.15 81.19 0 4.071
1633919460 24.16 80.99 0 4.071
1633919520 24.14 81.18 0 4.071
1633919580 24.08 81.5 0 4.071
1633919640 24.09 81.32 0 4.071
1633919700 24.08 81.53 0 4.071
1633919760 24.05 81.5 0 4.071
1633919820 24.01 81.81 0 4.071
1633919880 24.02 81.84 0 4.071
1633919940 24.01 82.84 0 4.071
1633920000 24 81.9 0 4.071
1633920060 23.98 81.69 0 4.071
1633920120 24 82.38 0 4.071
1633920180 24.05 81.85 0 4.071
1633920240 24.09 81.45 0 4.071
1633920300 24.16 81.4 0 4.071
1633920360 24.23 81.7 0 4.071
1633920420 24.3 80.96 0 4.071
1633920480 24.29 81.3 0 4.071
1633920540 24.35 80.65 0 4.071
1633920600 24.35 80.3 0 4.071
1633920660 24.46 81.04 0 4.071
1633920720 24.38 80.56 0 4.076
1633920780 24.39 81.09 0 4.071
1633920840 24.48 80.18 0 4.071
1633920900 24.6 80.34 0 4.071
1633920960 24.74 79.67 0 4.071
1633921020 24.73 78.84 0 4.071
1633921080 24.73 79.46 0 4.071
1633921140 24.8 79.45 0 4.071
1633921200 24.74 79.11 0 4.071
1633921260 24.7 79.28 0 4.071
1633921320 24.65 79.83 0 4.071
1633921380 24.52 80.12 0 4.071
1633921440 24.55 80.43 0 4.071
1633921500 24.53 80 0 4.071
1633921560 24.52 80.58 0 4.071
1633921620 24.48 80.13 0 4.071
1633921680 24.39 80.54 0 4.071
1633921740 24.38 80.89 0 4.071
1633921800 24.55 80.45 0 4.071
1633921860 24.63 79.8 0 4.071
1633921920 24.67 79.69 0 4.071
1633921980 24.74 79.22 0 4.071
1633922040 24.7 79.12 0 4.071
1633922100 24.62 79.41 0 4.065
1633922160 24.56 79.98 0 4.071
1633922220 24.48 79.92 0 4.071
1633922280 24.55 80.07 0 4.071
1633922340 24.56 79.63 0 4.071
1633922400 24.52 79.79 0 4.071
1633922460 24.43 80.16 0 4.071
1633922520 24.39 80.16 0 4.071
1633922580 24.29 80.56 0 4.071
1633922640 24.29 80.65 0 4.071
1633922700 24.33 81.21 0 4.071
1633922760 24.36 80.28 0 4.071
1633922820 24.39 80.41 0 4.071
1633922880 24.38 80.15 0 4.071
1633922940 24.29 80.47 0 4.071
1633923000 24.32 81.13 0 4.071
1633923060 24.26 80.36 0 4.071
1633923120 24.15 80.84 0 4.065
1633923180 24.07 80.73 0 4.071
1633923240 23.97 81.29 0 4.071
1633923300 23.89 81.55 0 4.071
1633923360 23.85 81.77 0 4.071
1633923420 23.81 82.01 0 4.071
1633923480 23.77 81.88 0 4.071
1633923540 23.82 82.59 0 4.071
1633923600 23.88 81.8 0 4.071
1633923660 23.89 81.51 0 4.071
1633923720 23.85 81.62 0 4.071
1633923780 23.77 82.07 0 4.071
1633923840 23.81 82.15 0 4.071
1633923900 23.87 82.42 0 4.071
1633923960 24.01 82 0 4.071
1633924020 24.21 80.43 0 4.071
1633924080 24.18 80.33 0 4.071
1633924140 24.26 80.78 0 4.065
1633924200 24.52 79.68 0 4.071
1633924260 24.53 79.09 0 4.071
1633924320 24.53 79.09 0 4.071
1633924380 24.59 78.75 0 4.071
1633924440 24.53 78.97 0 4.065
1633924500 24.59 78.86 0 4.071
1633924560 24.49 79.27 0 4.071
1633924620 24.57 78.9 0 4.071
1633924680 24.56 78.85 0 4.071
1633924740 24.56 78.56 0 4.071
1633924800 24.49 79.16 0 4.071
1633924860 24.39 79.39 0 4.071
1633924920 24.3 79.88 0 4.065
1633924980 24.22 80.27 0 4.071
1633925040 24.19 80.52 0 4.071
1633925100 24.14 80.87 0 4.071
1633925160 24.08 81.08 0 4.065
1633925220 24 81.33 0 4.071
1633925280 23.92 81.49 0 4.071
1633925340 23.87 81.74 0 4.071
1633925400 23.85 82.05 0 4.071
1633925460 23.77 82.2 0 4.071
1633925520 23.71 82.31 0 4.071
1633925580 23.67 82.08 0 4.071
1633925640 23.63 82.46 0 4.071
1633925700 23.61 82.65 0 4.071
1633925760 23.59 82.74 0 4.065
1633925820 23.56 82.97 0 4.071
1633925880 23.59 82.91 0 4.071
1633925940 23.57 82.78 0 4.071
1633926000 23.57 82.58 0 4.071
1633926060 23.6 82.71 0 4.071
1633926120 23.56 82.65 0 4.065
1633926180 23.56 82.57 0 4.071
1633926240 23.56 82.71 0 4.071
1633926300 23.56 82.61 0 4.071
1633926360 23.56 82.6 0 4.071
1633926420 23.53 82.55 0 4.065
1633926480 23.5 82.58 0 4.071
1633926540 23.53 82.62 0 4.065
1633926600 23.53 82.64 0 4.065
1633926660 23.51 82.63 0 4.071
1633926720 23.51 82.77 0 4.065
1633926780 23.5 82.87 0 4.071
1633926840 23.53 82.58 0 4.065
1633926900 23.51 82.46 0 4.065
1633926960 23.53 82.39 0 4.065
1633927020 23.49 82.09 0 4.071
1633927080 23.49 82.04 0 4.071
1633927140 23.47 82.19 0 4.071
1633927200 23.44 82.32 0 4.065
1633927260 23.43 82.36 0 4.065
1633927320 23.44 82.55 0 4.071
1633927380 23.44 82.45 0 4.065
1633927440 23.42 82.71 0 4.065
1633927500 23.42 82.94 0 4.071
1633927560 23.42 83.28 0 4.065
1633927620 23.34 83.55 0 4.071
1633927680 23.33 83.72 0 4.071
1633927740 23.27 84.21 0 4.065
1633927800 23.24 84.31 0 4.065
1633927860 23.16 84.59 0 4.065
1633927920 23.14 84.64 0 4.065
1633927980 23.08 84.83 0 4.065
1633928040 23.06 85.04 0 4.071
1633928100 23.01 85.38 0 4.065
1633928160 22.99 85.45 0 4.065
1633928220 22.96 85.47 0 4.065
1633928280 22.93 85.58 0 4.065
1633928340 22.96 85.6 0 4.065
