1637902800 21.82 92.72 0 4.044
1637902860 21.83 92.84 0 4.039
1637902920 21.79 92.81 0 4.039
1637902980 21.77 92.87 0 4.039
1637903040 21.77 92.94 0 4.039
1637903100 21.76 92.99 0 4.044
1637903160 21.73 92.9 0 4.044
1637903220 21.71 92.97 0 4.039
1637903280 21.72 93.04 0 4.044
1637903340 21.71 92.81 0 4.044
1637903400 21.69 92.82 0 4.039
1637903460 21.69 92.8 0 4.039
1637903520 21.65 92.78 0 4.039
1637903580 21.66 92.82 0 4.044
1637903640 21.66 93.17 0 4.044
1637903700 21.71 93.23 0 4.039
1637903760 21.73 93.12 0 4.044
1637903820 21.72 93.02 0 4.039
1637903880 21.73 93 0 4.039
1637903940 21.73 93.16 0 4.039
1637904000 21.72 93.14 0 4.044
1637904060 21.72 93.17 0 4.039
1637904120 21.69 93.11 0 4.039
1637904180 21.71 93.18 0 4.039
1637904240 21.71 92.93 0 4.039
1637904300 21.71 93.13 0 4.039
1637904360 21.75 93.04 0 4.039
1637904420 21.73 93.05 0 4.039
1637904480 21.73 93.36 0 4.044
1637904540 21.71 93.26 0 4.039
1637904600 21.68 93.5 0 4.039
1637904660 21.69 93.49 0 4.039
1637904720 21.65 93.63 0 4.044
1637904780 21.62 93.71 0 4.044
1637904840 21.65 93.82 0 4.039
1637904900 21.62 93.76 0 4.044
1637904960 21.6 93.92 0 4.039
1637905020 21.59 93.9 0 4.039
1637905080 21.56 93.86 0 4.039
1637905140 21.58 93.88 0 4.039
1637905200 21.58 93.74 0 4.039
1637905260 21.59 93.84 0 4.039
1637905320 21.6 93.76 0 4.044
1637905380 21.58 93.72 0 4.039
1637905440 21.59 93.69 0 4.039
1637905500 21.56 93.57 0 4.039
1637905560 21.59 93.47 0 4.039
1637905620 21.59 93.3 0 4.039
1637905680 21.59 93.35 0 4.039
1637905740 21.62 93.39 0 4.039
1637905800 21.62 93.4 0 4.039
1637905860 21.6 93.36 0 4.039
1637905920 21.62 93.45 0 4.044
1637905980 21.59 93.52 0 4.039
1637906040 21.58 93.46 0 4.039
1637906100 21.56 93.61 0 4.039
1637906160 21.56 93.74 0 4.039
1637906220 21.53 93.73 0 4.039
1637906280 21.55 93.9 0 4.039
1637906340 21.53 93.99 0 4.039
1637906400 21.52 93.95 0 4.044
1637906460 21.52 94.03 0 4.044
1637906520 21.49 94.09 0 4.039
1637906580 21.5 94.31 0 4.039
1637906640 21.52 94.31 0 4.039
1637906700 21.49 94.22 0 4.039
1637906760 21.45 94.23 0 4.039
1637906820 21.45 94.34 0 4.039
1637906880 21.42 94.42 0 4.039
1637906940 21.42 94.51 0 4.039
1637907000 21.44 94.51 0 4.039
1637907060 21.39 94.51 0 4.039
1637907120 21.37 94.52 0 4.039
1637907180 21.38 94.68 0 4.039
1637907240 21.35 94.66 0 4.039
1637907300 21.35 94.74 0 4.039
1637907360 21.35 94.84 0 4.039
1637907420 21.35 94.81 0 4.039
1637907480 21.34 94.79 0 4.039
1637907540 21.32 94.83 0 4.044
1637907600 21.31 94.79 0 4.039
1637907660 21.31 94.79 0 4.039
1637907720 21.32 94.83 0 4.039
1637907780 21.31 94.69 0 4.039
1637907840 21.27 94.79 0 4.039
1637907900 21.25 94.73 0 4.039
1637907960 21.22 94.7 0 4.039
1637908020 21.2 94.72 0 4.039
1637908080 21.21 94.95 0 4.039
1637908140 21.22 94.9 0 4.039
1637908200 21.22 95.02 0 4.039
1637908260 21.17 94.75 0 4.039
1637908320 21.14 94.83 0 4.039
1637908380 21.1 95.02 0 4.039
1637908440 21.1 95.05 0 4.039
1637908500 21.1 95.37 0 4.039
1637908560 21.05 94.76 0 4.039
1637908620 21.01 94.73 0 4.039
1637908680 21.04 94.64 0 4.039
1637908740 21.04 94.23 0 4.039
1637908800 21.04 93.6 0 4.039
1637908860 21.08 93.03 0 4.039
1637908920 21.2 92.66 0 4.039
1637908980 21.25 92.31 0 4.039
1637909040 21.34 91.93 0 4.039
1637909100 21.39 91.49 0 4.039
1637909160 21.42 91.81 0 4.039
1637909220 21.35 92.02 0 4.039
1637909280 21.38 92.67 0 4.039
1637909340 21.39 92.94 0 4.039
1637909400 21.34 93.06 0 4.039
1637909460 21.25 93.16 0 4.039
1637909520 21.22 92.96 0 4.039
1637909580 21.15 91.38 0 4.039
1637909640 21.2 90.56 0 4.039
1637909700 21.29 89.7 0 4.039
1637909760 21.37 88.99 0 4.039
1637909820 21.44 88.53 0 4.039
1637909880 21.44 88.65 0 4.039
1637909940 21.46 88.4 0 4.033
1637910000 21.48 88.18 0 4.039
1637910060 21.45 87.59 0 4.039
1637910120 21.49 87.61 0 4.039
1637910180 21.49 88.02 0 4.039
1637910240 21.48 88.02 0 4.039
1637910300 21.46 87.86 0 4.039
1637910360 21.46 87.97 0 4.039
1637910420 21.42 88.25 0 4.039
1637910480 21.42 88.42 0 4.039
1637910540 21.39 88.66 0 4.039
1637910600 21.38 88.82 0 4.039
1637910660 21.37 88.83 0 4.039
1637910720 21.32 88.72 0 4.039
1637910780 21.35 88.83 0 4.039
1637910840 21.38 88.77 0 4.039
1637910900 21.35 88.73 0 4.039
1637910960 21.35 88.88 0 4.039
1637911020 21.31 88.99 0 4.039
1637911080 21.31 88.89 0 4.039
1637911140 21.31 89 0 4.039
1637911200 21.31 88.99 0 4.039
1637911260 21.35 89.26 0 4.039
1637911320 21.32 89.1 0 4.039
1637911380 21.31 89.21 0 4.039
1637911440 21.31 89.71 0 4.039
1637911500 21.29 89.69 0 4.039
1637911560 21.28 89.76 0 4.039
1637911620 21.27 89.7 0 4.033
1637911680 21.28 89.94 0 4.039
1637911740 21.24 89.88 0 4.039
1637911800 21.22 89.92 0 4.039
1637911860 21.22 90.21 0 4.039
1637911920 21.18 90.28 0 4.033
1637911980 21.2 90.69 0 4.039
1637912040 21.18 90.6 0 4.039
1637912100 21.17 90.75 0 4.039
1637912160 21.15 90.61 0 4.039
1637912220 21.14 90.86 0 4.039
1637912280 21.11 90.92 0 4.039
1637912340 21.14 91.13 0 4.039
1637912400 21.11 90.91 0 4.033
1637912460 21.1 91.08 0 4.039
1637912520 21.08 91.16 0 4.039
1637912580 21.1 91.39 0 4.033
1637912640 21.1 91.97 0 4.039
1637912700 21.05 92.43 0 4.033
1637912760 21.04 93.04 0 4.033
1637912820 21.04 93.35 0 4.039
1637912880 21.01 93.73 0 4.033
1637912940 20.97 93.94 0 4.033
1637913000 20.97 94.23 0 4.039
1637913060 20.97 94.37 0 4.039
1637913120 20.97 94.57 0 4.039
1637913180 20.94 94.66 0 4.039
1637913240 20.93 94.81 0 4.039
1637913300 20.9 94.83 0 4.033
1637913360 20.87 94.99 0 4.033
1637913420 20.84 95.02 0 4.033
1637913480 20.81 95.11 0 4.039
1637913540 20.81 95.17 0 4.039
1637913600 20.8 95.3 0 4.033
1637913660 20.81 95.48 0 4.039
1637913720 20.83 95.48 0 4.039
1637913780 20.83 95.56 0 4.039
1637913840 20.8 95.64 0 4.039
1637913900 20.83 95.71 0 4.039
1637913960 20.8 95.74 0 4.039
1637914020 20.77 95.78 0 4.039
1637914080 20.8 95.87 0 4.039
1637914140 20.8 95.76 0 4.039
1637914200 20.79 95.81 0 4.039
1637914260 20.83 95.8 0 4.033
1637914320 20.8 95.78 0 4.033
1637914380 20.83 95.88 0 4.039
1637914440 20.86 95.95 0 4.033
1637914500 20.89 95.84 0 4.033
1637914560 20.87 95.8 0 4.039
1637914620 20.93 95.69 0 4.039
1637914680 20.93 95.53 0 4.033
1637914740 20.91 95.47 0 4.039
1637914800 20.94 95.38 0 4.033
1637914860 20.94 95.38 0 4.039
1637914920 20.94 95.29 0 4.033
1637914980 20.93 95.26 0 4.033
1637915040 20.9 95.39 0 4.039
1637915100 20.87 95.34 0 4.033
1637915160 20.84 95.26 0 4.039
1637915220 20.84 95.15 0 4.033
1637915280 20.86 94.82 0 4.039
1637915340 20.83 94.76 0 4.033
1637915400 20.89 94.71 0 4.033
1637915460 20.9 94.57 0 4.033
1637915520 20.91 94.61 0 4.039
1637915580 20.93 94.61 0 4.033
1637915640 20.93 94.72 0 4.033
1637915700 20.93 94.69 0 4.033
1637915760 20.9 94.68 0 4.033
1637915820 20.89 94.68 0 4.039
1637915880 20.84 94.82 0 4.033
1637915940 20.86 94.73 0 4.033
1637916000 20.84 94.84 0 4.033
1637916060 20.84 94.82 0 4.033
1637916120 20.81 94.83 0 4.033
1637916180 20.77 94.83 0 4.039
1637916240 20.79 94.86 0 4.033
1637916300 20.83 94.95 0 4.033
1637916360 20.79 94.68 0 4.033
1637916420 20.76 94.58 0 4.033
1637916480 20.73 94.63 0 4.033
1637916540 20.7 94.5 0 4.033
1637916600 20.69 94.31 0 4.033
1637916660 20.66 93.98 0 4.033
1637916720 20.65 93.89 0 4.033
1637916780 20.67 93.76 0 4.033
1637916840 20.65 93.8 0 4.033
1637916900 20.65 93.81 0 4.033
1637916960 20.67 94.17 0 4.033
1637917020 20.73 94.41 0 4.033
1637917080 20.74 94.57 0 4.033
1637917140 20.71 94.63 0 4.039
1637917200 20.66 94.61 0 4.033
1637917260 20.63 94.68 0 4.033
1637917320 20.59 94.81 0 4.039
1637917380 20.59 94.91 0 4.033
1637917440 20.59 94.95 0 4.033
1637917500 20.59 95.06 0 4.033
1637917560 20.56 95.1 0 4.033
1637917620 20.59 95.26 0 4.033
1637917680 20.62 95.33 0 4.033
1637917740 20.57 95.38 0 4.033
1637917800 20.57 95.49 0 4.033
1637917860 20.53 95.51 0 4.033
1637917920 20.54 95.62 0 4.033
1637917980 20.56 95.76 0 4.033
1637918040 20.57 95.82 0 4.033
1637918100 20.6 95.75 0 4.039
1637918160 20.57 95.63 0 4.033
1637918220 20.6 95.76 0 4.033
1637918280 20.59 95.71 0 4.033
1637918340 20.54 95.58 0 4.033
1637918400 20.54 95.62 0 4.033
1637918460 20.53 95.62 0 4.033
1637918520 20.57 95.66 0 4.033
1637918580 20.54 95.65 0 4.033
1637918640 20.57 95.65 0 4.033
1637918700 20.54 95.61 0 4.033
1637918760 20.56 95.67 0 4.033
1637918820 20.56 95.7 0 4.033
1637918880 20.54 95.64 0 4.033
1637918940 20.52 95.58 0 4.033
1637919000 20.5 95.5 0 4.039
1637919060 20.53 95.4 0 4.033
1637919120 20.53 95.21 0 4.033
1637919180 20.52 95.15 0 4.033
1637919240 20.53 94.91 0 4.033
1637919300 20.52 94.87 0 4.033
1637919360 20.49 94.47 0 4.033
1637919420 20.52 94.71 0 4.033
1637919480 20.54 94.85 0 4.033
1637919540 20.57 94.77 0 4.033
1637919600 20.54 94.72 0 4.033
1637919660 20.52 94.67 0 4.033
1637919720 20.57 94.93 0 4.033
1637919780 20.54 94.95 0 4.033
1637919840 20.59 95.18 0 4.033
1637919900 20.65 95.47 0 4.033
1637919960 20.67 95.52 0 4.033
1637920020 20.63 95.39 0 4.033
1637920080 20.63 95.41 0 4.033
1637920140 20.59 95.46 0 4.033
1637920200 20.59 95.49 0 4.033
1637920260 20.54 95.51 0 4.033
1637920320 20.57 95.62 0 4.033
1637920380 20.57 95.67 0 4.033
1637920440 20.56 95.75 0 4.033
1637920500 20.57 95.84 0 4.033
1637920560 20.59 95.93 0 4.033
1637920620 20.57 95.91 0 4.033
1637920680 20.56 96.02 0 4.033
1637920740 20.57 96.05 0 4.033
1637920800 20.56 96.09 0 4.033
1637920860 20.53 96.14 0 4.033
1637920920 20.54 96.2 0 4.033
1637920980 20.54 96.16 0 4.033
1637921040 20.53 96.11 0 4.033
1637921100 20.52 96.05 0 4.033
1637921160 20.46 95.85 0 4.033
1637921220 20.39 95.69 0 4.033
1637921280 20.39 95.75 0 4.033
1637921340 20.39 95.72 0 4.039
1637921400 20.42 95.9 0 4.033
1637921460 20.4 95.84 0 4.033
1637921520 20.39 95.75 0 4.033
1637921580 20.38 95.69 0 4.033
1637921640 20.38 95.66 0 4.033
1637921700 20.36 95.65 0 4.033
1637921760 20.33 95.7 0 4.033
1637921820 20.32 95.6 0 4.033
1637921880 20.32 95.58 0 4.033
1637921940 20.32 95.6 0 4.033
1637922000 20.32 95.57 0 4.033
1637922060 20.32 95.54 0 4.033
1637922120 20.32 95.5 0 4.033
1637922180 20.33 95.52 0 4.033
1637922240 20.33 95.52 0 4.033
1637922300 20.35 95.62 0 4.033
1637922360 20.33 95.6 0 4.033
1637922420 20.38 95.72 0 4.033
1637922480 20.35 95.74 0 4.033
1637922540 20.39 95.78 0 4.033
1637922600 20.36 95.71 0 4.028
1637922660 20.36 95.75 0 4.033
1637922720 20.36 95.71 0 4.033
1637922780 20.38 95.73 0 4.033
1637922840 20.38 95.8 0 4.033
1637922900 20.46 96.02 0 4.033
1637922960 20.46 95.58 0 4.033
1637923020 20.43 95.4 0 4.033
1637923080 20.42 94.9 0 4.033
1637923140 20.43 94.75 0 4.033
1637923200 20.46 94.72 0 4.033
1637923260 20.47 94.71 0 4.033
1637923320 20.57 95.11 0 4.033
1637923380 20.65 95.17 0 4.033
1637923440 20.63 95.14 0 4.033
1637923500 20.63 95.26 0 4.033
1637923560 20.63 95.34 0 4.033
1637923620 20.6 95.44 0 4.033
1637923680 20.6 95.52 0 4.028
1637923740 20.59 95.54 0 4.033
1637923800 20.6 95.54 0 4.033
1637923860 20.57 95.59 0 4.033
1637923920 20.59 95.63 0 4.033
1637923980 20.59 95.66 0 4.033
1637924040 20.59 95.71 0 4.033
1637924100 20.49 95.09 0 4.033
1637924160 20.44 95.2 0 4.033
1637924220 20.46 95.14 0 4.033
1637924280 20.46 94.87 0 4.033
1637924340 20.46 94.72 0 4.033
1637924400 20.47 94.57 0 4.033
1637924460 20.5 94.24 0 4.033
1637924520 20.53 93.98 0 4.033
1637924580 20.54 93.95 0 4.033
1637924640 20.54 93.79 0 4.033
1637924700 20.57 93.66 0 4.033
1637924760 20.63 93.88 0 4.033
1637924820 20.65 93.66 0 4.033
1637924880 20.63 93.62 0 4.033
1637924940 20.65 93.6 0 4.033
1637925000 20.65 93.67 0 4.033
1637925060 20.66 93.79 0 4.033
1637925120 20.66 93.78 0 4.033
1637925180 20.67 93.69 0 4.033
1637925240 20.67 93.87 0 4.028
1637925300 20.65 93.66 0 4.033
1637925360 20.6 93.88 0 4.033
1637925420 20.59 94.07 0 4.033
1637925480 20.59 94.19 0 4.033
1637925540 20.59 94.07 0 4.033
1637925600 20.57 94.11 0 4.033
1637925660 20.54 93.77 0 4.033
1637925720 20.54 93.74 0 4.033
1637925780 20.54 93.75 0 4.033
1637925840 20.57 94.04 0 4.033
1637925900 20.59 94 0 4.028
1637925960 20.6 94.06 0 4.028
1637926020 20.62 94.14 0 4.028
1637926080 20.57 93.97 0 4.033
1637926140 20.57 93.97 0 4.033
1637926200 20.57 93.92 0 4.033
1637926260 20.6 94 0 4.033
1637926320 20.59 93.63 0 4.028
1637926380 20.59 93.57 0 4.028
1637926440 20.62 93.5 0 4.028
1637926500 20.66 93.66 0 4.033
1637926560 20.65 93.53 0 4.033
1637926620 20.66 93.65 0 4.033
1637926680 20.7 93.79 0 4.033
1637926740 20.66 93.63 0 4.033
1637926800 20.65 93.6 0 4.028
1637926860 20.65 93.64 0 4.028
1637926920 20.66 93.54 0 4.033
1637926980 20.65 93.62 0 4.028
1637927040 20.65 93.49 0 4.028
1637927100 20.66 93.47 0 4.028
1637927160 20.65 93.5 0 4.033
1637927220 20.67 93.34 0 4.033
1637927280 20.67 92.81 0 4.028
1637927340 20.66 92.53 0 4.028
1637927400 20.69 92.41 0 4.028
1637927460 20.71 92.28 0 4.028
1637927520 20.7 92.01 0 4.028
1637927580 20.71 92.13 0 4.033
1637927640 20.77 92.42 0 4.028
1637927700 20.73 92.01 0 4.028
1637927760 20.74 92.33 0 4.028
1637927820 20.73 92.29 0 4.028
1637927880 20.76 92.41 0 4.028
1637927940 20.71 92.59 0 4.028
1637928000 20.73 92.67 0 4.028
1637928060 20.76 92.81 0 4.033
1637928120 20.7 92.19 0 4.033
1637928180 20.67 92 0 4.028
1637928240 20.73 92.06 0 4.028
1637928300 20.77 92.23 0 4.033
1637928360 20.8 92.73 0 4.028
1637928420 20.8 92.87 0 4.028
1637928480 20.76 93.12 0 4.033
1637928540 20.79 93.37 4 4.028
1637928600 20.8 93.64 4 4.028
1637928660 20.79 93.82 4 4.028
1637928720 20.71 93.6 4 4.033
1637928780 20.7 93.75 4 4.028
1637928840 20.69 93.72 4 4.028
1637928900 20.7 93.93 4 4.028
1637928960 20.66 93.89 4 4.033
1637929020 20.69 94.2 4 4.028
1637929080 20.67 94.2 10 4.028
1637929140 20.67 94.18 10 4.033
1637929200 20.65 94.25 10 4.028
1637929260 20.62 94.27 10 4.028
1637929320 20.62 94.32 10 4.028
1637929380 20.57 94.39 10 4.028
1637929440 20.56 94.48 10 4.033
1637929500 20.54 94.38 10 4.028
1637929560 20.53 94.33 10 4.028
1637929620 20.5 94.1 10 4.028
1637929680 20.5 94.11 16 4.028
1637929740 20.53 94.15 16 4.033
1637929800 20.54 94.23 16 4.028
1637929860 20.56 94.42 16 4.028
1637929920 20.59 94.46 16 4.028
1637929980 20.56 94.45 16 4.028
1637930040 20.57 94.48 16 4.028
1637930100 20.56 94.62 16 4.028
1637930160 20.57 94.82 16 4.028
1637930220 20.57 94.83 16 4.028
1637930280 20.54 94.86 16 4.028
1637930340 20.56 94.79 16 4.028
1637930400 20.56 94.87 16 4.028
1637930460 20.54 94.82 16 4.028
1637930520 20.54 94.73 16 4.028
1637930580 20.56 94.84 16 4.028
1637930640 20.52 94.84 16 4.028
1637930700 20.54 95.03 16 4.028
1637930760 20.52 94.81 16 4.028
1637930820 20.52 94.95 16 4.028
1637930880 20.53 94.69 16 4.028
1637930940 20.53 94.79 16 4.028
1637931000 20.5 94.65 16 4.028
1637931060 20.5 94.63 16 4.028
1637931120 20.47 94.55 16 4.028
1637931180 20.44 94.49 16 4.028
1637931240 20.43 94.35 16 4.028
1637931300 20.42 94.16 16 4.028
1637931360 20.38 94.29 16 4.028
1637931420 20.39 94.29 16 4.028
1637931480 20.4 94.5 16 4.028
1637931540 20.4 94.61 16 4.028
1637931600 20.38 94.43 22 4.028
1637931660 20.36 94.53 22 4.028
1637931720 20.33 94.48 22 4.028
1637931780 20.35 94.67 22 4.028
1637931840 20.33 94.52 22 4.028
1637931900 20.28 94.47 22 4.028
1637931960 20.28 94.55 22 4.028
1637932020 20.31 94.71 22 4.028
1637932080 20.19 94.5 22 4.028
1637932140 20.19 94.83 22 4.028
1637932200 20.16 94.9 16 4.028
1637932260 20.18 95.18 16 4.028
1637932320 20.11 94.68 16 4.028
1637932380 20.14 94.9 16 4.028
1637932440 20.12 94.9 16 4.028
1637932500 20.09 95.1 16 4.028
1637932560 20.09 95.13 16 4.028
1637932620 20.08 95.39 22 4.028
1637932680 20.07 95.45 22 4.028
1637932740 19.99 95.55 28 4.028
1637932800 19.99 95.55 28 4.028
1637932860 19.99 95.94 28 4.028
1637932920 19.99 96.02 28 4.028
1637932980 19.96 96.04 34 4.028
1637933040 19.95 96.14 28 4.028
1637933100 19.91 96.26 34 4.028
1637933160 19.92 96.47 34 4.028
1637933220 19.8 96.38 34 4.028
1637933280 19.71 96.53 34 4.028
1637933340 19.71 96.91 34 4.028
1637933400 19.67 97.07 34 4.028
1637933460 19.58 97.21 34 4.028
1637933520 19.58 97.39 34 4.028
1637933580 19.61 97.62 40 4.028
1637933640 19.64 97.73 40 4.028
1637933700 19.64 97.74 40 4.028
1637933760 19.64 97.73 46 4.028
1637933820 19.61 97.76 46 4.028
1637933880 19.56 97.68 46 4.028
1637933940 19.58 97.87 46 4.028
1637934000 19.56 97.92 46 4.022
1637934060 19.57 97.99 46 4.028
1637934120 19.58 98 46 4.028
1637934180 19.52 97.94 46 4.022
1637934240 19.53 97.95 46 4.028
1637934300 19.52 98.1 46 4.028
1637934360 19.57 98.1 46 4.022
1637934420 19.56 98.09 46 4.028
1637934480 19.53 98.14 52 4.028
1637934540 19.53 98.1 52 4.028
1637934600 19.54 98.2 52 4.028
1637934660 19.57 98.25 52 4.028
1637934720 19.56 98.23 46 4.028
1637934780 19.54 98.16 46 4.028
1637934840 19.54 98.3 46 4.028
1637934900 19.56 98.17 46 4.028
1637934960 19.53 98.13 40 4.028
1637935020 19.53 98.14 40 4.028
1637935080 19.52 98.2 40 4.022
1637935140 19.53 98.25 40 4.022
1637935200 19.5 98.21 40 4.028
1637935260 19.56 98.33 40 4.028
1637935320 19.52 98.32 34 4.028
1637935380 19.57 98.36 34 4.028
1637935440 19.44 98.18 34 4.028
1637935500 19.41 98.15 34 4.028
1637935560 19.43 98.25 34 4.028
1637935620 19.37 98.12 34 4.028
1637935680 19.36 98.06 34 4.028
1637935740 19.36 98.18 34 4.022
1637935800 19.33 98.12 34 4.028
1637935860 19.37 98.22 40 4.028
1637935920 19.34 98.13 40 4.028
1637935980 19.37 98.22 46 4.022
1637936040 19.41 98.35 46 4.028
1637936100 19.41 98.33 52 4.028
1637936160 19.33 98.11 52 4.028
1637936220 19.3 98.07 58 4.028
1637936280 19.32 98.19 58 4.028
1637936340 19.3 98.15 64 4.028
1637936400 19.33 98.17 64 4.028
1637936460 19.3 98.17 70 4.028
1637936520 19.36 98.19 70 4.028
1637936580 19.33 98.13 76 4.028
1637936640 19.36 98.26 82 4.028
1637936700 19.38 98.33 88 4.028
1637936760 19.46 98.37 93 4.028
1637936820 19.49 98.42 93 4.028
1637936880 19.54 98.49 99 4.028
1637936940 19.56 98.43 105 4.028
1637937000 19.57 98.48 111 4.028
1637937060 19.57 98.41 117 4.028
1637937120 19.57 98.47 123 4.028
1637937180 19.61 98.49 123 4.028
1637937240 19.64 98.53 129 4.028
1637937300 19.65 98.32 129 4.028
1637937360 19.61 98.31 129 4.028
1637937420 19.63 98.36 135 4.033
1637937480 19.68 98.49 135 4.033
1637937540 19.77 98.48 129 4.033
1637937600 19.81 98.48 129 4.033
1637937660 19.81 98.51 129 4.028
1637937720 19.84 98.46 129 4.028
1637937780 19.77 98.42 135 4.028
1637937840 19.8 98.43 141 4.033
1637937900 19.84 98.43 153 4.028
1637937960 19.85 98.47 159 4.028
1637938020 19.89 98.52 165 4.033
1637938080 19.89 98.49 171 4.033
1637938140 19.91 98.51 171 4.033
1637938200 19.92 98.45 171 4.033
1637938260 19.96 98.51 177 4.033
1637938320 19.96 98.42 171 4.033
1637938380 19.95 98.46 165 4.033
1637938440 19.99 98.53 159 4.033
1637938500 19.99 98.45 159 4.033
1637938560 20.09 98.6 153 4.033
1637938620 20.08 98.5 153 4.033
1637938680 20.01 98.46 147 4.033
1637938740 20.12 98.58 147 4.033
1637938800 20.09 98.5 147 4.033
1637938860 20.09 98.53 141 4.028
1637938920 20.09 98.48 135 4.033
1637938980 20.12 98.51 135 4.033
1637939040 20.16 98.54 135 4.033
1637939100 20.16 98.51 135 4.033
1637939160 20.15 98.46 135 4.033
1637939220 20.07 98.37 141 4.033
1637939280 20.07 98.45 141 4.033
1637939340 20.15 98.49 141 4.033
1637939400 20.15 98.46 147 4.033
1637939460 20.15 98.45 147 4.033
1637939520 20.18 98.51 153 4.033
1637939580 20.04 98.33 153 4.033
1637939640 20.12 98.49 153 4.033
1637939700 20.12 98.43 153 4.033
1637939760 20.01 98.06 159 4.033
1637939820 20.08 98.17 159 4.033
1637939880 20.21 98.48 159 4.033
1637939940 20.19 98.27 159 4.033
1637940000 20.25 98.4 159 4.033
1637940060 20.33 98.51 159 4.033
1637940120 20.21 98.03 159 4.033
1637940180 20.26 98.25 153 4.033
1637940240 20.33 98.35 141 4.033
1637940300 20.38 98.37 135 4.033
1637940360 20.42 98.42 129 4.033
1637940420 20.43 98.37 123 4.033
1637940480 20.36 98.24 123 4.033
1637940540 20.33 98.23 123 4.033
1637940600 20.31 98.25 129 4.033
1637940660 20.32 98.3 135 4.033
1637940720 20.32 98.33 147 4.033
1637940780 20.32 98.27 159 4.033
1637940840 20.26 98.24 171 4.033
1637940900 20.25 98.23 183 4.033
1637940960 20.28 98.31 189 4.033
1637941020 20.25 98.22 195 4.039
1637941080 20.28 98.27 201 4.039
1637941140 20.31 98.35 212 4.039
1637941200 20.28 98.27 218 4.039
1637941260 20.33 98.34 224 4.039
1637941320 20.39 98.35 230 4.039
1637941380 20.43 98.36 236 4.039
1637941440 20.49 98.38 236 4.039
1637941500 20.4 98.23 236 4.039
1637941560 20.4 98.24 224 4.039
1637941620 20.43 98.25 207 4.039
1637941680 20.42 98.18 189 4.039
1637941740 20.38 98.14 171 4.039
1637941800 20.42 98.19 153 4.039
1637941860 20.44 98.32 147 4.039
1637941920 20.43 98.23 141 4.039
1637941980 20.38 98.18 135 4.033
1637942040 20.32 98.1 141 4.033
1637942100 20.23 98.08 141 4.033
1637942160 20.23 98.15 153 4.033
1637942220 20.14 98.06 171 4.033
1637942280 20.11 98.15 201 4.039
1637942340 20.22 98.31 236 4.039
1637942400 20.32 98.41 278 4.044
1637942460 20.28 98.19 320 4.044
1637942520 20.23 98.02 355 4.033
1637942580 20.46 98.26 385 4.033
1637942640 20.54 98.32 414 4.033
1637942700 20.67 98.26 444 4.033
1637942760 20.74 98.24 484 4.033
1637942820 20.86 98.3 515 4.028
1637942880 20.86 97.88 545 4.033
1637942940 21.04 98.1 508 4.033
1637943000 21.22 98.1 490 4.033
1637943060 21.42 98.35 478 4.028
1637943120 21.41 97.94 454 4.028
1637943180 21.34 97.5 448 4.028
1637943240 21.25 97.38 448 4.033
1637943300 21.28 97.14 460 4.028
1637943360 21.14 96.84 478 4.028
1637943420 21.17 96.8 496 4.028
1637943480 21.41 97.39 515 4.028
1637943540 21.56 97.27 515 4.028
1637943600 21.48 96.71 496 4.028
1637943660 21.27 95.22 478 4.028
1637943720 21.25 95.75 454 4.028
1637943780 21.53 96.38 438 4.028
1637943840 21.45 95.81 408 4.028
1637943900 21.39 95.73 385 4.039
1637943960 21.38 95.96 373 4.039
1637944020 21.41 96.39 373 4.039
1637944080 21.39 96.43 409 4.044
1637944140 21.37 96.25 462 4.033
1637944200 21.52 96.57 527 4.033
1637944260 21.53 96 615 4.028
1637944320 21.46 95.57 626 4.028
1637944380 21.62 95.9 650 4.028
1637944440 21.77 95.67 733 4.028
1637944500 21.82 94.57 935 4.028
1637944560 22.06 94.92 710 4.028
1637944620 22.38 95.49 567 4.028
1637944680 22.4 94.09 472 4.028
1637944740 22.37 93.69 444 4.028
1637944800 22.34 93.3 432 4.039
1637944860 22.35 93.84 421 4.039
1637944920 22.44 93.8 415 4.044
1637944980 22.1 92.46 409 4.044
1637945040 22.1 93.01 397 4.044
1637945100 22.16 93.52 385 4.044
1637945160 22.07 92.69 367 4.044
1637945220 22.04 93.11 367 4.044
1637945280 21.96 92.29 344 4.039
1637945340 21.96 92.16 314 4.039
1637945400 21.9 91.6 296 4.039
1637945460 21.82 91.19 296 4.039
1637945520 21.89 91.5 290 4.039
1637945580 21.93 91.81 284 4.044
1637945640 21.96 91.45 272 4.039
1637945700 22 91.35 254 4.039
1637945760 22.03 91.49 248 4.039
1637945820 21.96 91.58 248 4.039
1637945880 21.96 91.31 254 4.039
1637945940 22.11 92.5 272 4.039
1637946000 21.97 91.02 296 4.039
1637946060 21.93 91.52 325 4.039
1637946120 22.07 91.61 350 4.044
1637946180 22.07 90.59 343 4.044
1637946240 22.13 91.31 338 4.044
1637946300 22.14 90.71 326 4.044
1637946360 22.1 90.27 326 4.044
1637946420 22.04 90.11 338 4.044
1637946480 21.99 90.26 361 4.044
1637946540 21.89 90.05 374 4.044
1637946600 21.86 90.17 367 4.044
1637946660 22 90.41 367 4.049
1637946720 22.11 90.45 374 4.044
1637946780 22.07 89.11 391 4.049
1637946840 22.23 89.87 421 4.049
1637946900 22.4 88.92 468 4.039
1637946960 22.59 89.6 504 4.033
1637947020 22.76 88.79 563 4.039
1637947080 22.75 86.22 633 4.033
1637947140 22.88 87.8 771 4.033
1637947200 22.89 86.21 1310 4.033
1637947260 23.23 87.08 1356 4.033
1637947320 23.77 86.45 894 4.033
1637947380 24.18 85.09 817 4.033
1637947440 24.08 81.53 971 4.033
1637947500 24.29 82.07 615 4.033
1637947560 24.26 78.66 597 4.033
1637947620 24.44 80.98 627 4.033
1637947680 24.5 77.57 771 4.033
1637947740 24.55 80.21 692 4.033
1637947800 24.48 78.42 646 4.033
1637947860 24.55 81.08 621 4.028
1637947920 24.38 78.16 627 4.028
1637947980 24.49 77.18 527 4.033
1637948040 24.48 76.02 1037 4.033
1637948100 24.32 74.18 597 4.033
1637948160 24.48 75.72 545 4.033
1637948220 24.44 73.85 543 4.028
1637948280 24.4 72.84 876 4.033
1637948340 24.3 72.28 771 4.033
1637948400 24.36 73.79 632 4.028
1637948460 24.46 72.55 662 4.028
1637948520 24.77 76.44 545 4.033
1637948580 24.91 77.25 484 4.033
1637948640 24.86 78.08 484 4.033
1637948700 24.77 76.61 533 4.033
1637948760 24.7 76.6 603 4.033
1637948820 24.77 77.73 668 4.033
1637948880 24.91 76.18 575 4.033
1637948940 24.65 76.35 585 4.028
1637949000 24.76 76.96 537 4.033
1637949060 24.95 76.44 569 4.033
1637949120 25.18 75.43 543 4.028
1637949180 25.31 74.79 692 4.028
1637949240 25.48 73.87 585 4.028
1637949300 25.62 73.01 585 4.028
1637949360 25.87 73.59 579 4.028
1637949420 25.8 72.88 579 4.028
1637949480 25.79 71.64 585 4.033
1637949540 25.92 72.52 591 4.028
1637949600 26.07 71.47 721 4.033
1637949660 26.03 70.44 527 4.028
1637949720 26.07 72.16 515 4.028
1637949780 26.16 72.4 1118 4.028
1637949840 26.19 71.6 454 4.028
1637949900 25.51 71.15 408 4.028
1637949960 25.2 73.33 402 4.028
1637950020 25.14 74.01 390 4.028
1637950080 25.22 74.09 377 4.028
1637950140 24.74 74.4 384 4.028
1637950200 24.12 75 391 4.039
1637950260 23.82 77.81 444 4.028
1637950320 23.64 78.96 561 4.028
1637950380 23.7 77.87 420 4.028
1637950440 23.85 78.73 438 4.033
1637950500 24.18 80 537 4.028
1637950560 24.38 77.63 591 4.028
1637950620 24.71 78.11 621 4.028
1637950680 24.5 74.87 733 4.028
1637950740 24.48 75.82 739 4.028
1637950800 24.5 75.66 799 4.028
1637950860 24.56 76.05 585 4.028
1637950920 24.65 74.54 603 4.028
1637950980 24.57 76.48 698 4.028
1637951040 24.57 77.46 496 4.028
1637951100 24.36 75.52 510 4.044
1637951160 24.42 77.44 546 4.044
1637951220 24.43 76.47 534 4.044
1637951280 24.33 76.67 938 4.065
1637951340 24.36 75.59 763 4.055
1637951400 24.52 75.93 703 4.055
1637951460 24.73 75.64 1040 4.071
1637951520 25.11 74.7 1130 4.071
1637951580 25.42 73.64 1168 4.076
1637951640 25.45 73.32 1126 4.076
1637951700 25.71 76.41 674 4.06
1637951760 25.46 70.81 734 4.065
1637951820 25.38 74.8 1017 4.076
1637951880 25.55 72.52 873 4.071
1637951940 25.69 71.92 799 4.071
1637952000 26.04 71 921 4.076
1637952060 26.47 71.67 1073 4.076
1637952120 26.85 69.18 1139 4.082
1637952180 27.22 66.93 783 4.071
1637952240 27.3 67.7 746 4.071
1637952300 27.33 64.49 987 4.076
1637952360 27.53 64.96 1177 4.087
1637952420 27.78 64.18 1049 4.087
1637952480 27.17 63.49 844 4.076
1637952540 26.71 66.22 868 4.076
1637952600 27.01 64.58 1129 4.087
1637952660 26.71 66.92 820 4.076
1637952720 26.52 67.57 814 4.076
1637952780 26.88 68.13 766 4.076
1637952840 27.26 66.66 718 4.076
1637952900 27.46 66.21 591 4.071
1637952960 27.03 65.85 573 4.071
1637953020 26.77 66.18 561 4.071
1637953080 26.89 65.67 567 4.065
1637953140 27.01 64.62 597 4.071
1637953200 26.89 65.07 1100 4.087
1637953260 26.77 64.45 917 4.082
1637953320 27.06 66.9 567 4.071
1637953380 26.99 65.62 748 4.076
1637953440 26.7 66.84 730 4.082
1637953500 26.59 67.06 755 4.076
1637953560 26.59 67.26 804 4.082
1637953620 26.61 66.68 611 4.076
1637953680 26.82 68.24 581 4.076
1637953740 27.17 67.11 557 4.071
1637953800 27.1 67.34 537 4.071
1637953860 27.08 68.83 501 4.071
1637953920 26.99 67.81 489 4.071
1637953980 26.88 65.18 484 4.071
1637954040 26.75 67.22 484 4.071
1637954100 26.45 66.84 478 4.071
1637954160 26.5 69.13 484 4.071
1637954220 26.45 67.42 484 4.071
1637954280 25.97 69.02 507 4.071
1637954340 25.75 70.22 537 4.076
1637954400 25.72 70.44 786 4.082
1637954460 25.8 70.53 894 4.082
1637954520 25.89 72.01 864 4.087
1637954580 26.03 69.12 761 4.087
1637954640 26.04 68.19 563 4.082
1637954700 25.96 71.84 508 4.076
1637954760 26.07 71.57 472 4.076
1637954820 26.08 69.09 448 4.076
1637954880 25.9 69.21 399 4.06
1637954940 25.96 69.93 405 4.06
1637955000 25.77 71.28 405 4.06
1637955060 25.65 70.45 399 4.065
1637955120 25.49 71.26 387 4.06
1637955180 25.64 70.56 393 4.06
1637955240 25.64 72.31 393 4.06
1637955300 25.77 70.32 393 4.055
1637955360 25.75 70.31 387 4.06
1637955420 25.61 70.48 393 4.06
1637955480 25.58 72.49 405 4.06
1637955540 25.38 72.01 417 4.06
1637955600 25.34 72.42 429 4.06
1637955660 25.56 73.9 435 4.06
1637955720 25.52 71.8 429 4.06
1637955780 25.42 70.89 429 4.06
1637955840 25.42 71.49 429 4.055
1637955900 25.31 72.48 435 4.06
1637955960 25.38 72.72 435 4.055
1637956020 25.49 71.68 441 4.055
1637956080 25.51 71.5 463 4.055
1637956140 25.53 72.43 481 4.055
1637956200 25.38 72.73 493 4.055
1637956260 25.42 73 505 4.055
1637956320 25.25 72.54 524 4.06
1637956380 25.31 72.65 542 4.055
1637956440 25.08 71.78 566 4.06
1637956500 25.06 73.72 630 4.055
1637956560 25.29 72.24 733 4.055
1637956620 25.59 73.66 1102 4.055
1637956680 25.96 72.33 1031 4.055
1637956740 26.14 70.85 1060 4.055
1637956800 26.44 71.08 1102 4.055
1637956860 26.51 68.06 1186 4.055
1637956920 26.54 68.48 905 4.055
1637956980 26.67 69.43 882 4.055
1637957040 26.86 67.6 1186 4.055
1637957100 27.01 66.04 774 4.055
1637957160 26.93 65.78 784 4.049
1637957220 26.67 66.3 935 4.055
1637957280 27.01 67.63 959 4.055
1637957340 27.03 65.95 959 4.055
1637957400 26.55 66.27 761 4.049
1637957460 26.4 67.5 1255 4.049
1637957520 26.68 68.58 862 4.049
1637957580 27.08 67.7 743 4.055
1637957640 27.06 66.41 715 4.055
1637957700 26.96 66.42 1463 4.055
1637957760 27.05 66.76 1457 4.055
1637957820 27.51 66.77 737 4.055
1637957880 27.53 63.76 808 4.055
1637957940 27.54 66.39 1412 4.055
1637958000 27.67 64.72 1405 4.049
1637958060 27.97 65.4 1380 4.049
1637958120 28.22 65.22 1340 4.049
1637958180 28.49 62.86 995 4.049
1637958240 28.66 61.44 588 4.049
1637958300 28.67 60.14 591 4.065
1637958360 28.62 61.38 596 4.065
1637958420 28.62 61.72 567 4.065
1637958480 28.52 61.67 561 4.065
1637958540 28.62 61.77 1017 4.076
1637958600 28.39 61.22 1273 4.087
1637958660 27.92 61.6 484 4.065
1637958720 27.68 63.13 633 4.071
1637958780 27.47 65.05 1079 4.087
1637958840 27.5 65.37 447 4.06
1637958900 27.51 63.51 435 4.055
1637958960 27.08 63.84 429 4.06
1637959020 26.43 66.31 477 4.06
1637959080 26.12 68.11 451 4.06
1637959140 26.27 68.31 435 4.06
1637959200 26.27 68.36 405 4.055
1637959260 26.28 67.71 393 4.055
1637959320 26.37 68.28 405 4.055
1637959380 26.35 68.46 441 4.055
1637959440 26.34 67.94 387 4.055
1637959500 26.33 67.32 356 4.06
1637959560 26.31 66.97 350 4.055
1637959620 25.97 67.54 344 4.055
1637959680 25.99 68.38 350 4.055
1637959740 26.08 68.62 356 4.055
1637959800 26.08 68.41 368 4.055
1637959860 25.96 68.21 380 4.055
1637959920 25.93 68.22 411 4.055
1637959980 25.97 70.02 405 4.055
1637960040 26.08 68.31 423 4.055
1637960100 26.08 67.4 792 4.055
1637960160 26.1 67.55 786 4.055
1637960220 26.03 65.44 780 4.055
1637960280 26.26 66.18 899 4.055
1637960340 26.43 65.92 655 4.055
1637960400 26.26 64.98 655 4.055
1637960460 26.44 65 606 4.055
1637960520 26.51 64.55 560 4.055
1637960580 26.47 65.46 435 4.055
1637960640 26.67 64.81 356 4.055
1637960700 26.5 64.51 350 4.055
1637960760 26.58 65.67 338 4.055
1637960820 26.45 64.42 344 4.049
1637960880 26.37 66.2 362 4.055
1637960940 26.31 65.41 374 4.055
1637961000 26.33 65.34 374 4.06
1637961060 26.37 65.65 393 4.06
1637961120 26.58 65.97 804 4.055
1637961180 26.54 65.27 909 4.055
1637961240 27.14 64.7 1001 4.055
1637961300 27.4 64.03 995 4.055
1637961360 27.98 59.72 921 4.049
1637961420 28.22 60.35 792 4.055
1637961480 28.77 57.91 774 4.055
1637961540 29.05 58.48 768 4.055
1637961600 28.89 59.16 755 4.049
1637961660 28.9 60.89 778 4.055
1637961720 28.83 56.88 707 4.049
1637961780 28.76 58.17 570 4.055
1637961840 28.96 58.86 505 4.049
1637961900 28.8 57.11 435 4.065
1637961960 28.47 57.81 411 4.06
1637962020 28.45 58.69 417 4.065
1637962080 28.32 58.9 489 4.06
1637962140 28.2 58.46 459 4.06
1637962200 28.07 60.21 429 4.06
1637962260 27.89 60.45 362 4.06
1637962320 27.59 60.01 429 4.065
1637962380 27.46 60.63 441 4.06
1637962440 27.3 62.11 555 4.065
1637962500 27.32 61.58 555 4.065
1637962560 27.54 62.29 555 4.065
1637962620 27.76 61.46 555 4.065
1637962680 27.76 60.98 543 4.065
1637962740 28.01 61.04 507 4.065
1637962800 28.09 61.09 495 4.065
1637962860 27.95 61.35 507 4.065
1637962920 27.97 60.51 507 4.065
1637962980 27.87 59.89 537 4.071
1637963040 27.74 61.07 561 4.071
1637963100 28.07 62.1 573 4.065
1637963160 27.91 60.53 567 4.071
1637963220 27.33 62.78 573 4.071
1637963280 27.16 61.27 585 4.071
1637963340 27.13 62.95 609 4.071
1637963400 27.1 62.07 603 4.071
1637963460 26.91 62.16 599 4.076
1637963520 26.75 63.49 650 4.06
1637963580 26.98 64.84 703 4.06
1637963640 27.32 63.36 733 4.06
1637963700 27.64 62.72 745 4.055
1637963760 27.7 62.36 749 4.055
1637963820 27.89 62.38 743 4.055
1637963880 28.28 61.92 727 4.055
1637963940 28.16 60.57 721 4.06
1637964000 28.09 61.77 715 4.055
1637964060 27.4 62.54 703 4.055
1637964120 26.86 64.83 703 4.055
1637964180 26.35 66.33 709 4.055
1637964240 26.33 66.17 697 4.055
1637964300 26.31 67.22 685 4.055
1637964360 26.47 66.42 679 4.055
1637964420 26.27 67.18 673 4.055
1637964480 26.28 66.82 667 4.06
1637964540 26.14 67.07 661 4.055
1637964600 26.23 68.14 661 4.055
1637964660 26.24 67.71 655 4.055
1637964720 26.41 66.87 661 4.055
1637964780 26.62 68.43 661 4.055
1637964840 26.47 66.94 667 4.055
1637964900 26.48 66.3 673 4.06
1637964960 26.22 67.84 667 4.055
1637965020 26.23 68.46 618 4.055
1637965080 26.24 67.59 655 4.055
1637965140 26.58 69.42 655 4.055
1637965200 26.51 68.94 643 4.055
1637965260 26.44 67.21 643 4.055
1637965320 26.34 67.21 643 4.055
1637965380 26.5 66.95 630 4.055
1637965440 26.14 67.26 618 4.055
1637965500 26.24 69 612 4.055
1637965560 26.22 67.24 612 4.055
1637965620 26 68.29 600 4.055
1637965680 25.87 68.68 505 4.055
1637965740 26.08 68.47 475 4.055
1637965800 25.99 68.67 566 4.055
1637965860 25.83 68.66 524 4.055
1637965920 25.89 69.34 314 4.055
1637965980 25.85 69.6 332 4.055
1637966040 25.59 69.29 332 4.055
1637966100 25.51 69.42 332 4.055
1637966160 25.51 70.79 338 4.049
1637966220 25.38 70.22 243 4.055
1637966280 25.39 70.79 380 4.055
1637966340 25.41 70.22 195 4.055
1637966400 25.35 69.79 380 4.055
1637966460 25.39 70.77 483 4.065
1637966520 25.35 69.86 453 4.06
1637966580 25.29 70 459 4.065
1637966640 25.28 69.97 459 4.06
1637966700 25.36 70.22 429 4.06
1637966760 25.42 69.87 292 4.06
1637966820 25.45 69.96 268 4.055
1637966880 25.53 70.55 350 4.06
1637966940 25.65 69.02 286 4.06
1637967000 25.61 69.54 177 4.055
1637967060 25.48 69.64 149 4.06
1637967120 25.45 70.39 155 4.06
1637967180 25.36 70.46 155 4.055
1637967240 25.2 70.2 147 4.06
1637967300 25.18 71.48 131 4.06
1637967360 25.25 70.85 124 4.055
1637967420 25.1 70.88 124 4.055
1637967480 24.9 71.21 124 4.055
1637967540 24.91 71.64 124 4.055
1637967600 24.88 71.54 124 4.055
1637967660 24.83 71.76 124 4.055
1637967720 24.78 71.9 131 4.06
1637967780 24.81 72.75 167 4.055
1637967840 24.81 71.89 137 4.06
1637967900 24.77 71.77 159 4.06
1637967960 24.7 71.27 118 4.055
1637968020 24.74 72.5 131 4.055
1637968080 24.76 72.02 201 4.055
1637968140 24.76 72.06 219 4.06
1637968200 24.73 71.56 213 4.055
1637968260 24.74 71.87 189 4.055
1637968320 24.69 71.98 159 4.055
1637968380 24.74 72.07 153 4.055
1637968440 24.78 73.12 207 4.06
1637968500 24.66 71.94 207 4.055
1637968560 24.6 72.41 195 4.055
1637968620 24.62 73.25 183 4.055
1637968680 24.59 72.07 171 4.055
1637968740 24.56 72.41 171 4.055
1637968800 24.59 72.53 165 4.06
1637968860 24.56 73.08 165 4.055
1637968920 24.53 72.78 159 4.055
1637968980 24.53 72.78 147 4.06
1637969040 24.42 73.16 124 4.055
1637969100 24.4 73.69 70 4.055
1637969160 24.35 73.42 46 4.055
1637969220 24.25 74.04 40 4.055
1637969280 24.22 73.7 40 4.055
1637969340 24.12 74.23 34 4.055
1637969400 24.09 74.54 22 4.055
1637969460 24.05 75.22 22 4.055
1637969520 24 75.26 16 4.06
1637969580 24 75.59 16 4.055
1637969640 23.92 75.83 16 4.055
1637969700 23.84 75.68 16 4.055
1637969760 23.82 76.76 10 4.055
1637969820 23.78 76.12 10 4.055
1637969880 23.72 76.93 10 4.055
1637969940 23.68 76.67 10 4.055
1637970000 23.63 76.73 10 4.055
1637970060 23.6 76.66 10 4.055
1637970120 23.59 77.02 10 4.055
1637970180 23.57 77.36 10 4.055
1637970240 23.57 77.55 4 4.06
1637970300 23.5 77.8 4 4.055
1637970360 23.47 77.76 4 4.055
1637970420 23.47 77.56 4 4.055
1637970480 23.42 77.67 4 4.06
1637970540 23.39 77.52 4 4.055
1637970600 23.34 78.08 4 4.055
1637970660 23.32 77.89 4 4.055
1637970720 23.29 78.71 0 4.055
1637970780 23.27 78.54 0 4.06
1637970840 23.2 78.84 0 4.06
1637970900 23.19 79.14 0 4.055
1637970960 23.17 78.82 0 4.055
1637971020 23.13 79.45 0 4.055
1637971080 23.08 79.55 0 4.055
1637971140 23.09 79.65 0 4.055
1637971200 23.09 79.98 0 4.055
1637971260 23.06 80.31 0 4.055
1637971320 23.03 80.66 0 4.055
1637971380 23.02 80.65 0 4.06
1637971440 23.03 80.21 0 4.055
1637971500 23.03 80.98 0 4.055
1637971560 22.99 80.96 0 4.055
1637971620 22.98 80.91 0 4.055
1637971680 22.93 80.69 0 4.055
1637971740 22.95 81.25 0 4.055
1637971800 22.95 81.46 0 4.055
1637971860 22.92 81.1 0 4.055
1637971920 22.92 81.54 0 4.055
1637971980 22.91 81.64 0 4.055
1637972040 22.89 81.63 0 4.055
1637972100 22.88 81.83 0 4.055
1637972160 22.84 81.95 0 4.055
1637972220 22.79 81.8 0 4.055
1637972280 22.81 82.16 0 4.055
1637972340 22.78 81.72 0 4.055
1637972400 22.78 81.47 0 4.055
1637972460 22.81 82.1 0 4.055
1637972520 22.74 81.78 0 4.06
1637972580 22.72 81.53 0 4.055
1637972640 22.72 80.85 0 4.055
1637972700 22.74 81.3 0 4.055
1637972760 22.74 81.38 0 4.055
1637972820 22.71 80.7 0 4.055
1637972880 22.71 80.87 0 4.055
1637972940 22.71 81.23 0 4.055
1637973000 22.68 81.31 0 4.055
1637973060 22.62 79.88 0 4.055
1637973120 22.62 80.32 0 4.055
1637973180 22.61 80 0 4.055
1637973240 22.64 80.4 0 4.055
1637973300 22.59 80.3 0 4.055
1637973360 22.57 80.05 0 4.055
1637973420 22.54 79.69 0 4.055
1637973480 22.57 80.53 0 4.055
1637973540 22.54 80.21 0 4.055
1637973600 22.54 80.17 0 4.049
1637973660 22.5 79.87 0 4.049
1637973720 22.5 79.81 0 4.049
1637973780 22.52 80.48 0 4.055
1637973840 22.45 79.92 0 4.055
1637973900 22.43 79.98 0 4.055
1637973960 22.4 79.85 0 4.055
1637974020 22.43 80.46 0 4.055
1637974080 22.4 79.74 0 4.055
1637974140 22.4 80.17 0 4.055
1637974200 22.38 80.56 0 4.055
1637974260 22.35 79.86 0 4.055
1637974320 22.34 80.03 0 4.055
1637974380 22.34 80.2 0 4.055
1637974440 22.34 80.13 0 4.055
1637974500 22.34 80.34 0 4.049
1637974560 22.3 80.46 0 4.049
1637974620 22.3 80.46 0 4.055
1637974680 22.28 80.67 0 4.049
1637974740 22.28 79.61 0 4.055
1637974800 22.33 79.65 0 4.055
1637974860 22.34 80.43 0 4.055
1637974920 22.28 79.59 0 4.055
1637974980 22.33 79.88 0 4.055
1637975040 22.34 79.98 0 4.055
1637975100 22.33 80.63 0 4.055
1637975160 22.3 80.24 0 4.055
1637975220 22.33 80.93 0 4.055
1637975280 22.33 80.98 0 4.055
1637975340 22.3 80.81 0 4.055
1637975400 22.28 81.15 0 4.049
1637975460 22.26 80.96 0 4.055
1637975520 22.27 81.22 0 4.055
1637975580 22.24 81.39 0 4.055
1637975640 22.26 80.9 0 4.055
1637975700 22.26 81.14 0 4.055
1637975760 22.26 81.12 0 4.049
1637975820 22.27 81.63 0 4.049
1637975880 22.27 81.24 0 4.055
1637975940 22.27 81.4 0 4.055
1637976000 22.24 81.55 0 4.055
1637976060 22.26 81.48 0 4.049
1637976120 22.23 81.41 0 4.055
1637976180 22.21 81.29 0 4.055
1637976240 22.23 80.97 0 4.049
1637976300 22.23 80.16 0 4.049
1637976360 22.24 80.54 0 4.049
1637976420 22.24 80.52 0 4.049
1637976480 22.23 79.43 0 4.055
1637976540 22.21 79.81 0 4.049
1637976600 22.23 79.84 0 4.049
1637976660 22.21 80.09 0 4.055
1637976720 22.18 79.95 0 4.049
1637976780 22.18 79.36 0 4.055
1637976840 22.17 79.25 0 4.055
1637976900 22.2 79.5 0 4.049
1637976960 22.2 78.96 0 4.055
1637977020 22.2 79.12 0 4.049
1637977080 22.21 78.47 0 4.049
1637977140 22.24 78.98 0 4.055
1637977200 22.24 79.45 0 4.049
1637977260 22.3 79.83 0 4.049
1637977320 22.27 79.68 0 4.055
1637977380 22.27 81.07 0 4.055
1637977440 22.26 80.73 0 4.055
1637977500 22.24 81.08 0 4.049
1637977560 22.24 81.24 0 4.049
1637977620 22.21 81.07 0 4.055
1637977680 22.26 81.3 0 4.049
1637977740 22.26 81.25 0 4.049
1637977800 22.23 80.81 0 4.049
1637977860 22.21 81.33 0 4.055
1637977920 22.18 81.04 0 4.049
1637977980 22.23 81.13 0 4.049
1637978040 22.24 81.13 0 4.049
1637978100 22.2 81.19 0 4.049
1637978160 22.17 81.37 0 4.049
1637978220 22.13 81.11 0 4.049
1637978280 22.16 81.6 0 4.049
1637978340 22.14 81.3 0 4.049
1637978400 22.1 81.37 0 4.049
1637978460 22.1 81.71 0 4.049
1637978520 22.11 82.12 0 4.049
1637978580 22.06 81.6 0 4.049
1637978640 22.06 81.96 0 4.049
1637978700 22.06 81.86 0 4.049
1637978760 22.03 81.86 0 4.049
1637978820 21.99 82.11 0 4.049
1637978880 21.99 82.31 0 4.049
1637978940 21.96 82.11 0 4.049
1637979000 21.97 82.33 0 4.049
1637979060 21.99 82.74 0 4.049
1637979120 21.96 82.69 0 4.049
1637979180 21.96 82.44 0 4.049
1637979240 21.95 82.25 0 4.049
1637979300 21.95 81.78 0 4.049
1637979360 21.99 81.42 0 4.049
1637979420 22.03 81.77 0 4.049
1637979480 22.01 82 0 4.049
1637979540 21.97 82.15 0 4.049
1637979600 21.95 82.25 0 4.049
1637979660 21.96 82.52 0 4.049
1637979720 21.95 82.38 0 4.049
1637979780 21.96 82.57 0 4.049
1637979840 21.95 83.18 0 4.049
1637979900 21.93 82.89 0 4.049
1637979960 21.92 83.17 0 4.049
1637980020 21.9 83.06 0 4.049
1637980080 21.89 83.26 0 4.049
1637980140 21.9 83.29 0 4.049
1637980200 21.89 83.24 0 4.049
1637980260 21.9 83.41 0 4.049
1637980320 21.89 83.03 0 4.049
1637980380 21.89 83.17 0 4.055
1637980440 21.92 83.59 0 4.049
1637980500 21.89 83.48 0 4.049
1637980560 21.9 83.23 0 4.049
1637980620 21.87 83.06 0 4.049
1637980680 21.89 83.13 0 4.049
1637980740 21.9 83.23 0 4.049
1637980800 21.89 83.41 0 4.049
1637980860 21.9 83 0 4.049
1637980920 21.92 82.65 0 4.049
1637980980 21.92 82.82 0 4.049
1637981040 21.93 81.84 0 4.049
1637981100 21.95 81.55 0 4.049
1637981160 21.99 81.8 0 4.049
1637981220 21.97 81.54 0 4.049
1637981280 21.96 81.32 0 4.055
1637981340 22 81.4 0 4.049
1637981400 22 80.85 0 4.049
1637981460 22.03 81.08 0 4.049
1637981520 22.04 81.62 0 4.049
1637981580 22 81.99 0 4.049
1637981640 22 82.34 0 4.049
1637981700 21.97 82.58 0 4.049
1637981760 21.96 82.71 0 4.049
1637981820 21.97 83.1 0 4.049
1637981880 21.9 83.3 0 4.049
1637981940 21.89 83.5 0 4.049
1637982000 21.89 83.71 0 4.049
1637982060 21.87 83.7 0 4.049
1637982120 21.82 82.8 0 4.049
1637982180 21.85 82.91 0 4.049
1637982240 21.83 83.14 0 4.049
1637982300 21.79 83.31 0 4.049
1637982360 21.82 83.36 0 4.049
1637982420 21.79 83.37 0 4.049
1637982480 21.79 83.51 0 4.049
1637982540 21.79 83.34 0 4.049
1637982600 21.79 83.46 0 4.049
1637982660 21.79 83.6 0 4.049
1637982720 21.79 83.51 0 4.049
1637982780 21.79 83.66 0 4.049
1637982840 21.77 83.55 0 4.049
1637982900 21.77 83.41 0 4.049
1637982960 21.75 83.47 0 4.049
1637983020 21.77 83.08 0 4.049
1637983080 21.79 83.94 0 4.049
1637983140 21.77 84.05 0 4.049
1637983200 21.72 83.46 0 4.049
1637983260 21.73 84.02 0 4.049
1637983320 21.75 84.37 0 4.049
1637983380 21.71 84.46 0 4.049
1637983440 21.71 84.38 0 4.049
1637983500 21.72 84.82 0 4.044
1637983560 21.71 85.23 0 4.049
1637983620 21.72 85.41 0 4.049
1637983680 21.66 84.61 0 4.049
1637983740 21.63 84.37 0 4.049
1637983800 21.66 84.41 0 4.049
1637983860 21.66 83.93 0 4.049
1637983920 21.69 84.28 0 4.049
1637983980 21.69 84.65 0 4.049
1637984040 21.66 84.76 0 4.049
1637984100 21.71 85.35 0 4.044
1637984160 21.69 85.56 0 4.049
1637984220 21.65 85.5 0 4.049
1637984280 21.62 85.63 0 4.049
1637984340 21.63 85.94 0 4.049
1637984400 21.59 85.74 0 4.044
1637984460 21.58 84.95 0 4.049
1637984520 21.6 85.34 0 4.049
1637984580 21.56 85.25 0 4.049
1637984640 21.59 85.56 0 4.049
1637984700 21.58 85.61 0 4.049
1637984760 21.55 85.56 0 4.049
1637984820 21.58 85.6 0 4.044
1637984880 21.55 85.41 0 4.049
1637984940 21.58 85.54 0 4.049
1637985000 21.56 85.74 0 4.049
1637985060 21.53 85.59 0 4.049
1637985120 21.58 86.1 0 4.049
1637985180 21.59 86.34 0 4.049
1637985240 21.56 86.02 0 4.049
1637985300 21.53 85.69 0 4.049
1637985360 21.58 85.99 0 4.044
1637985420 21.56 86.3 0 4.044
1637985480 21.59 86.27 0 4.044
1637985540 21.55 86.22 0 4.049
1637985600 21.56 86.19 0 4.049
1637985660 21.55 86.32 0 4.049
1637985720 21.58 86.01 0 4.049
1637985780 21.56 85.48 0 4.049
1637985840 21.58 85.67 0 4.044
1637985900 21.58 86.43 0 4.049
1637985960 21.56 86.7 0 4.044
1637986020 21.52 87.14 0 4.044
1637986080 21.5 87.64 0 4.049
1637986140 21.42 87.59 0 4.049
1637986200 21.37 87.73 0 4.044
1637986260 21.35 87.13 0 4.044
1637986320 21.34 87.12 0 4.049
1637986380 21.31 86.66 0 4.049
1637986440 21.32 86.62 0 4.044
1637986500 21.35 86.57 0 4.049
1637986560 21.38 86.53 0 4.044
1637986620 21.39 86.59 0 4.049
1637986680 21.44 86.71 0 4.049
1637986740 21.41 86.48 0 4.049
1637986800 21.39 86.04 0 4.044
1637986860 21.42 85.82 0 4.049
1637986920 21.49 86.02 0 4.049
1637986980 21.52 86.28 0 4.044
1637987040 21.5 85.69 0 4.044
1637987100 21.52 86.05 0 4.044
1637987160 21.49 85.53 0 4.044
1637987220 21.52 85.92 0 4.049
1637987280 21.52 85.96 0 4.044
1637987340 21.5 85.76 0 4.049
1637987400 21.48 85.87 0 4.044
1637987460 21.46 85.66 0 4.044
1637987520 21.48 85.81 0 4.049
1637987580 21.46 86.17 0 4.044
1637987640 21.46 86.21 0 4.044
1637987700 21.48 86.6 0 4.049
1637987760 21.46 86.28 0 4.044
1637987820 21.44 85.77 0 4.044
1637987880 21.45 86.32 0 4.049
1637987940 21.46 86.72 0 4.044
1637988000 21.39 85.87 0 4.044
1637988060 21.39 85.91 0 4.044
1637988120 21.41 86.8 0 4.044
1637988180 21.35 85.61 0 4.044
1637988240 21.35 85.53 0 4.044
1637988300 21.38 86.01 0 4.049
1637988360 21.37 85.95 0 4.044
1637988420 21.37 85.95 0 4.049
1637988480 21.37 86.08 0 4.044
1637988540 21.38 86.27 0 4.044
1637988600 21.39 86.49 0 4.049
1637988660 21.38 86.93 0 4.044
1637988720 21.37 86.72 0 4.044
1637988780 21.38 86.74 0 4.049
1637988840 21.37 86.47 0 4.049
1637988900 21.37 86.43 0 4.044
1637988960 21.38 86.65 0 4.044
1637989020 21.37 86.73 0 4.044
1637989080 21.34 86.4 0 4.044
1637989140 21.32 85.72 0 4.044
