1637902800 22.66 89.12 0 4.071
1637902860 22.69 89.13 0 4.071
1637902920 22.69 89.14 0 4.071
1637902980 22.69 89.17 0 4.071
1637903040 22.69 89.21 0 4.071
1637903100 22.7 89.2 0 4.071
1637903160 22.68 89.21 0 4.071
1637903220 22.69 89.17 0 4.076
1637903280 22.7 89.2 0 4.071
1637903340 22.72 89.22 0 4.071
1637903400 22.73 89.21 0 4.071
1637903460 22.72 89.19 0 4.071
1637903520 22.73 89.16 0 4.071
1637903580 22.73 89.19 0 4.076
1637903640 22.73 89.22 0 4.071
1637903700 22.73 89.24 0 4.071
1637903760 22.73 89.2 0 4.071
1637903820 22.72 89.25 0 4.076
1637903880 22.7 89.24 0 4.076
1637903940 22.72 89.3 0 4.071
1637904000 22.66 89.32 0 4.071
1637904060 22.65 89.37 0 4.071
1637904120 22.61 89.42 0 4.076
1637904180 22.58 89.5 0 4.071
1637904240 22.56 89.57 0 4.071
1637904300 22.54 89.65 0 4.071
1637904360 22.52 89.75 0 4.076
1637904420 22.48 89.87 0 4.076
1637904480 22.44 89.94 0 4.076
1637904540 22.39 90.01 0 4.071
1637904600 22.38 90.12 0 4.071
1637904660 22.38 90.29 0 4.071
1637904720 22.31 90.33 0 4.071
1637904780 22.28 90.43 0 4.071
1637904840 22.28 90.58 0 4.071
1637904900 22.27 90.71 0 4.071
1637904960 22.24 90.76 0 4.071
1637905020 22.24 90.88 0 4.071
1637905080 22.22 90.93 0 4.071
1637905140 22.24 91.04 0 4.071
1637905200 22.19 91.14 0 4.071
1637905260 22.21 91.24 0 4.071
1637905320 22.19 91.32 0 4.071
1637905380 22.15 91.41 0 4.071
1637905440 22.16 91.47 0 4.071
1637905500 22.14 91.54 0 4.071
1637905560 22.14 91.65 0 4.071
1637905620 22.16 91.7 0 4.071
1637905680 22.16 91.79 0 4.071
1637905740 22.18 91.91 0 4.071
1637905800 22.14 91.99 0 4.071
1637905860 22.12 92.04 0 4.071
1637905920 22.05 92.14 0 4.071
1637905980 22.01 92.2 0 4.071
1637906040 21.95 92.25 0 4.071
1637906100 22 92.33 0 4.065
1637906160 22.01 92.36 0 4.071
1637906220 21.97 92.43 0 4.071
1637906280 21.98 92.47 0 4.071
1637906340 22.03 92.55 0 4.071
1637906400 22.04 92.61 0 4.071
1637906460 22.05 92.68 0 4.071
1637906520 22.03 92.69 0 4.071
1637906580 22.01 92.7 0 4.071
1637906640 22.04 92.76 0 4.071
1637906700 22.08 92.78 0 4.071
1637906760 22.01 92.8 0 4.071
1637906820 22.05 92.8 0 4.071
1637906880 22.05 92.79 0 4.071
1637906940 22 92.79 0 4.071
1637907000 22.04 92.81 0 4.071
1637907060 22.04 92.78 0 4.071
1637907120 22.03 92.8 0 4.071
1637907180 22 92.81 0 4.071
1637907240 22 92.8 0 4.071
1637907300 22.03 92.77 0 4.071
1637907360 22.01 92.76 0 4.071
1637907420 22 92.82 0 4.071
1637907480 21.93 92.79 0 4.071
1637907540 21.94 92.77 0 4.071
1637907600 21.95 92.79 0 4.071
1637907660 21.91 92.75 0 4.071
1637907720 21.93 92.73 0 4.071
1637907780 21.94 92.74 0 4.071
1637907840 21.94 92.73 0 4.071
1637907900 21.95 92.68 0 4.065
1637907960 21.95 92.74 0 4.071
1637908020 21.95 92.66 0 4.071
1637908080 21.95 92.69 0 4.065
1637908140 21.93 92.68 0 4.071
1637908200 21.9 92.69 0 4.065
1637908260 21.91 92.67 0 4.071
1637908320 21.9 92.69 0 4.071
1637908380 21.91 92.67 0 4.071
1637908440 21.91 92.67 0 4.071
1637908500 21.88 92.65 0 4.071
1637908560 21.85 92.64 0 4.071
1637908620 21.85 92.66 0 4.071
1637908680 21.85 92.61 0 4.071
1637908740 21.84 92.65 0 4.071
1637908800 21.8 92.63 0 4.065
1637908860 21.77 92.63 0 4.065
1637908920 21.76 92.64 0 4.071
1637908980 21.8 92.69 0 4.065
1637909040 21.73 92.68 0 4.071
1637909100 21.67 92.74 0 4.071
1637909160 21.58 92.76 0 4.071
1637909220 21.54 92.78 0 4.071
1637909280 21.53 92.86 0 4.071
1637909340 21.52 92.92 0 4.071
1637909400 21.52 92.99 0 4.071
1637909460 21.49 93.04 0 4.071
1637909520 21.46 93.11 0 4.071
1637909580 21.46 93.2 0 4.071
1637909640 21.47 93.19 0 4.065
1637909700 21.43 93.3 0 4.065
1637909760 21.37 93.35 0 4.071
1637909820 21.4 93.41 0 4.065
1637909880 21.39 93.47 0 4.065
1637909940 21.34 93.53 0 4.065
1637910000 21.33 93.55 0 4.071
1637910060 21.33 93.61 0 4.065
1637910120 21.33 93.67 0 4.071
1637910180 21.29 93.7 0 4.065
1637910240 21.33 93.78 0 4.071
1637910300 21.33 93.77 0 4.071
1637910360 21.34 93.86 0 4.071
1637910420 21.32 93.88 0 4.071
1637910480 21.37 93.92 0 4.065
1637910540 21.36 94.01 0 4.071
1637910600 21.3 94.01 0 4.065
1637910660 21.3 94.06 0 4.065
1637910720 21.3 94.13 0 4.065
1637910780 21.28 94.17 0 4.065
1637910840 21.26 94.16 0 4.071
1637910900 21.32 94.2 0 4.065
1637910960 21.3 94.23 0 4.071
1637911020 21.28 94.23 0 4.065
1637911080 21.3 94.26 0 4.065
1637911140 21.34 94.25 0 4.065
1637911200 21.4 94.23 0 4.071
1637911260 21.44 94.29 0 4.065
1637911320 21.39 94.27 0 4.065
1637911380 21.43 94.29 0 4.065
1637911440 21.43 94.3 0 4.065
1637911500 21.43 94.29 0 4.065
1637911560 21.44 94.33 0 4.065
1637911620 21.43 94.36 0 4.065
1637911680 21.44 94.33 0 4.065
1637911740 21.46 94.36 0 4.065
1637911800 21.52 94.4 0 4.071
1637911860 21.53 94.39 0 4.065
1637911920 21.53 94.39 0 4.071
1637911980 21.54 94.41 0 4.065
1637912040 21.53 94.48 0 4.065
1637912100 21.49 94.45 0 4.071
1637912160 21.53 94.47 0 4.065
1637912220 21.54 94.52 0 4.071
1637912280 21.53 94.51 0 4.065
1637912340 21.53 94.58 0 4.071
1637912400 21.46 94.63 0 4.065
1637912460 21.42 94.62 0 4.065
1637912520 21.42 94.61 0 4.065
1637912580 21.44 94.66 0 4.065
1637912640 21.42 94.66 0 4.065
1637912700 21.43 94.72 0 4.065
1637912760 21.39 94.7 0 4.065
1637912820 21.34 94.71 0 4.065
1637912880 21.33 94.76 0 4.071
1637912940 21.22 94.76 0 4.065
1637913000 21.16 94.77 0 4.065
1637913060 21.2 94.78 0 4.065
1637913120 21.22 94.76 0 4.065
1637913180 21.23 94.79 0 4.065
1637913240 21.28 94.81 0 4.065
1637913300 21.3 94.79 0 4.065
1637913360 21.28 94.83 0 4.065
1637913420 21.28 94.85 0 4.065
1637913480 21.28 94.83 0 4.065
1637913540 21.3 94.85 0 4.065
1637913600 21.29 94.89 0 4.065
1637913660 21.28 94.87 0 4.065
1637913720 21.2 94.86 0 4.071
1637913780 21.14 94.88 0 4.065
1637913840 21.13 94.86 0 4.065
1637913900 21.2 94.88 0 4.065
1637913960 21.22 94.93 0 4.065
1637914020 21.2 94.88 0 4.065
1637914080 21.19 94.88 0 4.065
1637914140 21.16 94.92 0 4.065
1637914200 21.18 94.93 0 4.065
1637914260 21.14 94.95 0 4.065
1637914320 21.12 94.95 0 4.065
1637914380 21.13 94.95 0 4.065
1637914440 21.13 94.96 0 4.065
1637914500 21.12 94.95 0 4.065
1637914560 21.1 94.96 0 4.065
1637914620 21.07 94.95 0 4.065
1637914680 21.13 95.01 0 4.065
1637914740 21.18 95 0 4.065
1637914800 21.14 95.01 0 4.065
1637914860 21.12 94.99 0 4.065
1637914920 21.09 95.04 0 4.065
1637914980 21.09 95.08 0 4.071
1637915040 21.05 95.05 0 4.065
1637915100 21.03 95.03 0 4.065
1637915160 20.99 95.02 0 4.065
1637915220 20.99 95.04 0 4.065
1637915280 20.96 95.03 0 4.071
1637915340 20.95 95.02 0 4.065
1637915400 20.96 95.03 0 4.065
1637915460 20.98 95.04 0 4.065
1637915520 20.95 95 0 4.065
1637915580 20.99 95.03 0 4.065
1637915640 21.03 95.01 0 4.065
1637915700 21.05 95.01 0 4.065
1637915760 21.1 95.03 0 4.065
1637915820 21.1 95.04 0 4.065
1637915880 21.02 95.06 0 4.065
1637915940 20.98 95.06 0 4.071
1637916000 21 95.05 0 4.065
1637916060 21 95.06 0 4.065
1637916120 21 95.07 0 4.065
1637916180 21.03 95.06 0 4.065
1637916240 21.03 95.06 0 4.065
1637916300 21.02 95.07 0 4.065
1637916360 21.03 95.08 0 4.065
1637916420 21.06 95.08 0 4.065
1637916480 21.05 95.11 0 4.065
1637916540 21.02 95.1 0 4.065
1637916600 20.99 95.1 0 4.065
1637916660 21.02 95.12 0 4.065
1637916720 21.05 95.11 0 4.065
1637916780 21.03 95.1 0 4.065
1637916840 21.06 95.12 0 4.065
1637916900 21.06 95.15 0 4.065
1637916960 21.06 95.12 0 4.065
1637917020 21.06 95.19 0 4.065
1637917080 21.05 95.16 0 4.06
1637917140 21.05 95.16 0 4.065
1637917200 21.02 95.14 0 4.065
1637917260 21.03 95.15 0 4.065
1637917320 21.05 95.18 0 4.065
1637917380 21.06 95.21 0 4.06
1637917440 21.05 95.21 0 4.065
1637916600 20.99 95.1 0 4.065
1637916660 21.02 95.12 0 4.065
1637916720 21.05 95.11 0 4.065
1637916780 21.03 95.1 0 4.065
1637916840 21.06 95.12 0 4.065
1637916900 21.06 95.15 0 4.065
1637916960 21.06 95.12 0 4.065
1637917020 21.06 95.19 0 4.065
1637917080 21.05 95.16 0 4.06
1637917140 21.05 95.16 0 4.065
1637917200 21.02 95.14 0 4.065
1637917260 21.03 95.15 0 4.065
1637917320 21.05 95.18 0 4.065
1637917380 21.06 95.21 0 4.06
1637917440 21.05 95.21 0 4.065
1637917500 21.07 95.26 0 4.071
1637917560 21.09 95.26 0 4.065
1637917620 21.07 95.27 0 4.065
1637917680 21.06 95.3 0 4.065
1637917740 20.95 95.28 0 4.065
1637917800 20.88 95.28 0 4.065
1637917860 20.92 95.32 0 4.065
1637917920 20.92 95.33 0 4.065
1637917980 20.98 95.33 0 4.065
1637918040 20.95 95.37 0 4.065
1637918100 20.98 95.4 0 4.065
1637918160 20.93 95.35 0 4.065
1637918220 20.93 95.39 0 4.065
1637918280 20.93 95.41 0 4.065
1637918340 20.95 95.43 0 4.065
1637918400 20.89 95.46 0 4.065
1637918460 20.86 95.44 0 4.065
1637918520 20.88 95.43 0 4.065
1637918580 20.85 95.49 0 4.065
1637918640 20.82 95.46 0 4.065
1637918700 20.86 95.47 0 4.065
1637918760 20.86 95.46 0 4.065
1637918820 20.85 95.48 0 4.065
1637918880 20.82 95.47 0 4.065
1637918940 20.85 95.5 0 4.065
1637919000 20.88 95.52 0 4.065
1637919060 20.89 95.49 0 4.065
1637919120 20.9 95.52 0 4.065
1637919180 20.9 95.51 0 4.065
1637919240 20.9 95.52 0 4.065
1637919300 20.88 95.52 0 4.065
1637919360 20.86 95.54 0 4.065
1637919420 20.93 95.58 0 4.06
1637919480 20.9 95.55 0 4.065
1637919540 20.92 95.57 0 4.065
1637919600 20.9 95.53 0 4.06
1637919660 20.9 95.57 0 4.065
1637919720 20.86 95.58 0 4.065
1637919780 20.88 95.6 0 4.065
1637919840 20.83 95.59 0 4.065
1637919900 20.81 95.58 0 4.065
1637919960 20.78 95.59 0 4.065
1637920020 20.78 95.6 0 4.065
1637920080 20.77 95.6 0 4.065
1637920140 20.78 95.58 0 4.065
1637920200 20.77 95.6 0 4.065
1637920260 20.74 95.61 0 4.065
1637920320 20.78 95.6 0 4.065
1637920380 20.75 95.57 0 4.065
1637920440 20.77 95.6 0 4.065
1637920500 20.82 95.61 0 4.06
1637920560 20.81 95.61 0 4.06
1637920620 20.81 95.6 0 4.065
1637920680 20.78 95.59 0 4.06
1637920740 20.79 95.64 0 4.065
1637920800 20.77 95.64 0 4.065
1637920860 20.77 95.6 0 4.065
1637920920 20.78 95.62 0 4.065
1637920980 20.78 95.68 0 4.065
1637921040 20.78 95.67 0 4.06
1637921100 20.74 95.62 0 4.06
1637921160 20.74 95.64 0 4.06
1637921220 20.74 95.64 0 4.06
1637921280 20.72 95.66 0 4.06
1637921340 20.75 95.65 0 4.065
1637921400 20.78 95.69 0 4.06
1637921460 20.75 95.68 0 4.06
1637921520 20.72 95.67 0 4.065
1637921580 20.75 95.69 0 4.06
1637921640 20.81 95.65 0 4.06
1637921700 20.77 95.64 0 4.065
1637921760 20.79 95.63 0 4.065
1637921820 20.77 95.62 0 4.065
1637921880 20.79 95.64 0 4.065
1637921940 20.81 95.63 0 4.065
1637922000 20.75 95.6 0 4.065
1637922060 20.74 95.59 0 4.065
1637922120 20.79 95.6 0 4.06
1637922180 20.81 95.59 0 4.065
1637922240 20.78 95.57 0 4.065
1637922300 20.78 95.54 0 4.06
1637922360 20.77 95.55 0 4.06
1637922420 20.86 95.54 0 4.06
1637922480 20.89 95.55 0 4.06
1637922540 20.88 95.51 0 4.06
1637922600 20.86 95.47 0 4.06
1637922660 20.88 95.5 0 4.065
1637922720 20.9 95.47 0 4.065
1637922780 20.9 95.41 0 4.065
1637922840 20.9 95.41 0 4.065
1637922900 20.86 95.41 0 4.06
1637922960 20.83 95.37 0 4.06
1637923020 20.86 95.36 0 4.06
1637923080 20.89 95.33 0 4.065
1637923140 20.95 95.31 0 4.065
1637923200 20.98 95.33 0 4.06
1637923260 20.96 95.28 0 4.065
1637923320 20.99 95.28 0 4.065
1637923380 20.95 95.28 0 4.06
1637923440 20.96 95.27 0 4.06
1637923500 20.96 95.28 0 4.065
1637923560 20.96 95.27 0 4.065
1637923620 20.92 95.23 0 4.065
1637923680 20.98 95.25 0 4.06
1637923740 20.96 95.25 0 4.065
1637923800 20.95 95.23 0 4.065
1637923860 20.96 95.23 0 4.06
1637923920 20.95 95.21 0 4.065
1637923980 20.95 95.2 0 4.065
1637924040 20.98 95.2 0 4.06
1637924100 20.93 95.21 0 4.06
1637924160 20.9 95.21 0 4.065
1637924220 20.96 95.19 0 4.065
1637924280 20.93 95.19 0 4.06
1637924340 20.88 95.15 0 4.06
1637924400 20.92 95.17 0 4.06
1637924460 20.96 95.15 0 4.06
1637924520 20.92 95.12 0 4.06
1637924580 20.93 95.13 0 4.06
1637924640 20.9 95.14 0 4.065
1637924700 20.92 95.12 0 4.065
1637924760 20.93 95.1 0 4.06
1637924820 20.93 95.12 0 4.065
1637924880 20.96 95.11 0 4.06
1637924940 20.88 95.1 0 4.065
1637925000 20.88 95.08 0 4.06
1637925060 20.85 95.12 0 4.06
1637925120 20.85 95.1 0 4.06
1637925180 20.82 95.08 0 4.065
1637925240 20.83 95.1 0 4.065
1637925300 20.79 95.08 0 4.06
1637925360 20.77 95.07 0 4.06
1637925420 20.74 95.07 0 4.06
1637925480 20.74 95.04 0 4.06
1637925540 20.71 95.07 0 4.06
1637925600 20.71 95.05 0 4.065
1637925660 20.68 95.04 0 4.06
1637925720 20.69 95.04 0 4.06
1637925780 20.71 95.05 0 4.065
1637925840 20.75 95.09 0 4.06
1637925900 20.72 95.1 0 4.06
1637925960 20.71 95.08 0 4.06
1637926020 20.69 95.07 0 4.065
1637926080 20.69 95.1 0 4.06
1637926140 20.71 95.15 0 4.06
1637926200 20.72 95.13 0 4.06
1637926260 20.65 95.15 0 4.06
1637926320 20.62 95.15 0 4.06
1637926380 20.68 95.15 0 4.06
1637926440 20.61 95.2 0 4.06
1637926500 20.67 95.21 0 4.06
1637926560 20.67 95.21 0 4.06
1637926620 20.67 95.21 0 4.06
1637926680 20.65 95.21 0 4.06
1637926740 20.61 95.24 0 4.06
1637926800 20.58 95.27 4 4.06
1637926860 20.59 95.25 0 4.06
1637926920 20.58 95.28 0 4.06
1637926980 20.59 95.27 0 4.06
1637927040 20.61 95.32 4 4.06
1637927100 20.56 95.31 0 4.06
1637927160 20.54 95.31 4 4.06
1637927220 20.54 95.37 4 4.06
1637927280 20.51 95.35 4 4.06
1637927340 20.52 95.35 4 4.06
1637927400 20.51 95.38 10 4.06
1637927460 20.52 95.41 10 4.06
1637927520 20.54 95.41 10 4.06
1637927580 20.49 95.45 4 4.06
1637927640 20.41 95.46 4 4.06
1637927700 20.39 95.44 4 4.06
1637927760 20.37 95.5 10 4.06
1637927820 20.35 95.48 10 4.06
1637927880 20.31 95.55 10 4.06
1637927940 20.28 95.52 10 4.06
1637928000 20.28 95.57 10 4.06
1637928060 20.3 95.58 16 4.06
1637928120 20.28 95.58 16 4.06
1637928180 20.3 95.6 16 4.06
1637928240 20.31 95.65 10 4.06
1637928300 20.32 95.66 10 4.06
1637928360 20.31 95.69 10 4.06
1637928420 20.31 95.71 10 4.06
1637928480 20.32 95.72 10 4.06
1637928540 20.35 95.74 16 4.06
1637928600 20.31 95.8 16 4.06
1637928660 20.28 95.8 10 4.06
1637928720 20.3 95.84 10 4.06
1637928780 20.32 95.86 10 4.06
1637928840 20.35 95.93 10 4.06
1637928900 20.35 95.95 4 4.06
1637928960 20.32 95.93 4 4.06
1637929020 20.31 95.98 4 4.06
1637929080 20.37 96.02 4 4.06
1637929140 20.37 96.04 4 4.06
1637929200 20.35 96.08 4 4.06
1637929260 20.32 96.09 4 4.06
1637929320 20.32 96.1 4 4.06
1637929380 20.32 96.16 4 4.06
1637929440 20.3 96.19 4 4.06
1637929500 20.3 96.19 4 4.055
1637929560 20.32 96.2 10 4.06
1637929620 20.34 96.24 10 4.055
1637929680 20.37 96.26 10 4.06
1637929740 20.32 96.26 10 4.06
1637929800 20.31 96.32 10 4.06
1637929860 20.31 96.33 10 4.06
1637929920 20.3 96.37 10 4.06
1637929980 20.26 96.38 16 4.06
1637930040 20.28 96.41 10 4.06
1637930100 20.24 96.43 10 4.06
1637930160 20.28 96.45 10 4.06
1637930220 20.3 96.45 16 4.06
1637930280 20.32 96.51 10 4.06
1637930340 20.34 96.5 10 4.06
1637930400 20.32 96.54 10 4.06
1637930460 20.31 96.56 16 4.055
1637930520 20.27 96.56 10 4.06
1637930580 20.23 96.58 10 4.06
1637930640 20.24 96.64 10 4.06
1637930700 20.23 96.67 10 4.06
1637930760 20.2 96.67 10 4.06
1637930820 20.18 96.69 10 4.055
1637930880 20.14 96.71 10 4.06
1637930940 20.13 96.71 10 4.06
1637931000 20.13 96.75 10 4.06
1637931060 20.13 96.78 16 4.06
1637931120 20.03 96.81 10 4.06
1637931180 19.97 96.83 16 4.06
1637931240 19.96 96.82 16 4.06
1637931300 19.97 96.86 10 4.055
1637931360 19.97 96.83 10 4.055
1637931420 20.04 96.86 10 4.055
1637931480 20.01 96.9 10 4.06
1637931540 20 96.92 10 4.06
1637931600 19.98 96.89 10 4.06
1637931660 20.01 96.91 16 4.06
1637931720 20.01 96.97 16 4.06
1637931780 19.94 96.98 16 4.055
1637931840 19.91 96.94 10 4.06
1637931900 19.91 97 10 4.06
1637931960 20.04 97.05 10 4.06
1637932020 20 97.03 16 4.06
1637932080 20.03 97.06 16 4.06
1637932140 20.04 97.04 16 4.06
1637932200 20.03 97.07 16 4.055
1637932260 20.01 97.06 16 4.06
1637932320 19.98 97.12 16 4.055
1637932380 19.97 97.09 16 4.06
1637932440 20.03 97.14 16 4.06
1637932500 20.04 97.13 16 4.06
1637932560 20.06 97.15 16 4.06
1637932620 20.13 97.15 16 4.06
1637932680 20.06 97.2 16 4.06
1637932740 20.01 97.21 16 4.06
1637932800 20.03 97.21 22 4.06
1637932860 20.03 97.23 22 4.06
1637932920 20.01 97.19 22 4.055
1637932980 20.04 97.23 22 4.055
1637933040 20.06 97.25 28 4.055
1637933100 20.1 97.27 28 4.055
1637933160 20.1 97.23 28 4.06
1637933220 20.1 97.3 22 4.055
1637933280 20.08 97.27 22 4.06
1637933340 20.08 97.31 22 4.055
1637933400 20.14 97.31 22 4.06
1637933460 20.11 97.32 22 4.06
1637933520 20.13 97.34 22 4.055
1637933580 20.16 97.35 22 4.055
1637933640 20.2 97.39 22 4.06
1637933700 20.18 97.37 28 4.055
1637933760 20.17 97.4 28 4.055
1637933820 20.18 97.41 34 4.06
1637933880 20.18 97.41 40 4.055
1637933940 20.2 97.45 46 4.06
1637934000 20.2 97.45 46 4.055
1637934060 20.17 97.48 46 4.055
1637934120 20.17 97.46 52 4.06
1637934180 20.08 97.49 52 4.055
1637934240 20.07 97.46 52 4.055
1637934300 20.08 97.53 52 4.06
1637934360 20.11 97.51 52 4.055
1637934420 20.13 97.51 58 4.055
1637934480 20.17 97.52 58 4.055
1637934540 20.17 97.56 58 4.055
1637934600 20.2 97.53 58 4.055
1637934660 20.23 97.54 58 4.06
1637934720 20.24 97.59 64 4.055
1637934780 20.27 97.57 64 4.055
1637934840 20.28 97.59 58 4.06
1637934900 20.32 97.58 64 4.055
1637934960 20.31 97.62 58 4.055
1637935020 20.28 97.64 58 4.055
1637935080 20.34 97.62 58 4.06
1637935140 20.35 97.62 58 4.055
1637935200 20.31 97.66 58 4.055
1637935260 20.31 97.68 58 4.055
1637935320 20.3 97.7 58 4.055
1637935380 20.35 97.68 58 4.055
1637935440 20.34 97.7 58 4.055
1637935500 20.38 97.67 58 4.055
1637935560 20.37 97.71 64 4.06
1637935620 20.39 97.69 58 4.055
1637935680 20.37 97.76 58 4.055
1637935740 20.37 97.71 58 4.06
1637935800 20.32 97.74 64 4.055
1637935860 20.34 97.74 64 4.055
1637935920 20.31 97.75 64 4.055
1637935980 20.39 97.78 64 4.055
1637936040 20.41 97.79 64 4.055
1637936100 20.45 97.81 64 4.055
1637936160 20.51 97.8 64 4.055
1637936220 20.49 97.78 70 4.055
1637936280 20.44 97.81 64 4.055
1637936340 20.44 97.82 70 4.055
1637936400 20.49 97.85 70 4.055
1637936460 20.54 97.83 70 4.055
1637936520 20.52 97.87 64 4.055
1637936580 20.51 97.85 70 4.055
1637936640 20.42 97.86 70 4.055
1637936700 20.45 97.87 70 4.055
1637936760 20.47 97.88 70 4.055
1637936820 20.48 97.89 70 4.055
1637936880 20.47 97.87 70 4.055
1637936940 20.48 97.91 70 4.055
1637937000 20.49 97.92 76 4.055
1637937060 20.54 97.89 76 4.055
1637937120 20.59 97.91 82 4.055
1637937180 20.61 97.92 88 4.055
1637937240 20.61 97.89 94 4.055
1637937300 20.55 97.93 94 4.055
1637937360 20.37 97.92 106 4.06
1637937420 20.28 97.89 112 4.06
1637937480 20.32 97.9 118 4.06
1637937540 20.37 97.93 124 4.06
1637937600 20.41 97.92 137 4.06
1637937660 20.32 97.97 143 4.06
1637937720 20.3 97.95 155 4.06
1637937780 20.32 97.96 161 4.06
1637937840 20.31 97.97 167 4.06
1637937900 20.3 97.96 173 4.06
1637937960 20.31 97.98 177 4.065
1637938020 20.37 97.92 177 4.06
1637938080 20.44 97.97 185 4.06
1637938140 20.42 97.91 179 4.065
1637938200 20.45 97.94 171 4.06
1637938260 20.56 97.96 167 4.065
1637938320 20.69 97.97 149 4.06
1637938380 20.71 97.95 137 4.06
1637938440 20.74 97.95 137 4.06
1637938500 20.68 97.94 131 4.06
1637938560 20.69 97.98 124 4.06
1637938620 20.71 97.97 124 4.06
1637938680 20.74 97.97 124 4.06
1637938740 20.86 97.96 124 4.06
1637938800 20.89 97.92 131 4.06
1637938860 20.95 97.91 137 4.06
1637938920 20.96 97.99 137 4.06
1637938980 20.96 97.97 137 4.06
1637939040 20.88 97.96 137 4.06
1637939100 20.75 97.94 131 4.06
1637939160 20.81 97.95 118 4.06
1637939220 20.85 97.93 112 4.065
1637939280 20.88 97.92 118 4.06
1637939340 20.85 97.91 118 4.06
1637939400 20.82 97.91 106 4.06
1637939460 20.72 97.89 100 4.06
1637939520 20.67 97.87 100 4.06
1637939580 20.65 97.92 100 4.06
1637939640 20.55 97.89 100 4.06
1637939700 20.58 97.86 100 4.06
1637939760 20.67 97.87 94 4.06
1637939820 20.72 97.9 82 4.06
1637939880 20.72 97.9 88 4.055
1637939940 20.74 97.92 106 4.06
1637940000 20.68 97.88 124 4.06
1637940060 20.67 97.86 143 4.06
1637940120 20.74 97.88 155 4.06
1637940180 20.72 97.84 167 4.06
1637940240 20.72 97.84 167 4.065
1637940300 20.77 97.86 155 4.06
1637940360 20.78 97.84 143 4.06
1637940420 20.81 97.82 131 4.06
1637940480 20.82 97.86 118 4.06
1637940540 20.83 97.83 106 4.06
1637940600 20.85 97.82 106 4.055
1637940660 20.79 97.8 112 4.06
1637940720 20.83 97.83 131 4.06
1637940780 20.82 97.81 149 4.06
1637940840 20.83 97.81 149 4.06
1637940900 20.82 97.76 149 4.06
1637940960 20.82 97.76 155 4.06
1637941020 20.88 97.77 155 4.065
1637941080 20.92 97.75 149 4.065
1637941140 20.96 97.77 137 4.06
1637941200 20.98 97.75 124 4.06
1637941260 21.02 97.75 118 4.06
1637941320 21 97.75 118 4.06
1637941380 21 97.7 118 4.06
1637941440 20.92 97.73 124 4.06
1637941500 20.83 97.7 124 4.06
1637941560 20.83 97.76 131 4.06
1637941620 20.89 97.71 131 4.06
1637941680 20.88 97.68 143 4.06
1637941740 20.9 97.71 143 4.065
1637941800 21.02 97.7 149 4.06
1637941860 21.03 97.69 167 4.065
1637941920 21 97.66 167 4.065
1637941980 20.93 97.67 167 4.065
1637942040 20.96 97.66 167 4.065
1637942100 20.93 97.65 161 4.06
1637942160 20.96 97.61 171 4.06
1637942220 20.95 97.64 201 4.065
1637942280 21.05 97.65 231 4.065
1637942340 21.14 97.66 249 4.065
1637942400 21.28 97.66 268 4.071
1637942460 21.36 97.61 287 4.071
1637942520 21.49 97.65 298 4.071
1637942580 21.43 97.63 298 4.071
1637942640 21.34 97.6 298 4.071
1637942700 21.36 97.63 298 4.071
1637942760 21.29 97.61 305 4.076
1637942820 21.54 97.56 292 4.071
1637942880 21.58 97.59 281 4.071
1637942940 21.65 97.59 286 4.076
1637943000 21.67 97.55 334 4.065
1637943060 21.73 97.54 352 4.071
1637943120 21.67 97.51 364 4.076
1637943180 21.71 97.51 370 4.076
1637943240 21.88 97.5 346 4.076
1637943300 21.98 97.45 310 4.076
1637943360 21.98 97.47 293 4.071
1637943420 21.97 97.45 287 4.076
1637943480 21.94 97.36 287 4.076
1637943540 21.95 97.35 293 4.076
1637943600 21.87 97.29 316 4.076
1637943660 21.85 97.28 340 4.076
1637943720 21.9 97.22 340 4.076
1637943780 21.97 97.22 341 4.082
1637943840 21.95 97.18 353 4.076
1637943900 21.97 97.19 364 4.076
1637943960 22.05 97.15 359 4.082
1637944020 21.97 97.07 352 4.076
1637944080 22.21 97.09 359 4.082
1637944140 22.42 97.04 371 4.082
1637944200 22.48 96.98 384 4.082
1637944260 22.44 96.97 396 4.087
1637944320 22.32 96.85 426 4.082
1637944380 22.52 96.82 420 4.087
1637944440 22.48 96.76 396 4.082
1637944500 22.62 96.67 377 4.087
1637944560 22.56 96.61 402 4.082
1637944620 22.52 96.51 426 4.082
1637944680 22.58 96.43 402 4.087
1637944740 22.66 96.35 390 4.082
1637944800 22.76 96.25 377 4.082
1637944860 22.58 96.15 438 4.087
1637944920 22.65 95.99 432 4.087
1637944980 22.72 95.92 396 4.082
1637945040 22.92 95.87 396 4.087
1637945100 22.79 95.76 396 4.087
1637945160 22.96 95.69 377 4.087
1637945220 22.97 95.55 359 4.087
1637945280 23.09 95.43 347 4.087
1637945340 23.1 95.28 329 4.087
1637945400 23.07 95.16 323 4.087
1637945460 23.03 95.12 329 4.082
1637945520 22.83 95.01 329 4.082
1637945580 22.73 94.92 317 4.082
1637945640 22.7 94.8 299 4.087
1637945700 22.68 94.67 317 4.082
1637945760 22.7 94.61 323 4.082
1637945820 22.7 94.47 293 4.082
1637945880 22.76 94.36 281 4.082
1637945940 22.76 94.26 281 4.082
1637946000 22.82 94.18 293 4.087
1637946060 22.83 94.04 305 4.087
1637946120 22.88 93.92 353 4.087
1637946180 22.96 93.83 341 4.087
1637946240 22.97 93.76 390 4.092
1637946300 22.96 93.66 377 4.087
1637946360 22.95 93.57 371 4.092
1637946420 22.83 93.44 432 4.092
1637946480 22.76 93.37 481 4.098
1637946540 22.79 93.25 584 4.098
1637946600 22.88 93.2 584 4.098
1637946660 23.03 93.23 688 4.076
1637946720 23.06 93.17 694 4.076
1637946780 23.02 93.05 820 4.076
1637946840 23.03 92.85 498 4.092
1637946900 23.21 92.69 384 4.087
1637946960 23.29 92.52 353 4.087
1637947020 23.46 92.43 396 4.087
1637947080 23.51 92.2 371 4.087
1637947140 23.67 91.98 335 4.087
1637947200 23.74 91.81 347 4.087
1637947260 23.72 91.61 593 4.076
1637947320 23.59 91.45 305 4.092
1637947380 23.44 91.26 299 4.087
1637947440 23.36 91.14 341 4.087
1637947500 23.26 90.99 542 4.098
1637947560 23.24 90.9 724 4.076
1637947620 23.34 90.78 641 4.076
1637947680 23.49 90.5 593 4.076
1637947740 23.71 90.3 475 4.098
1637947800 23.85 90.21 263 4.087
1637947860 23.84 89.97 245 4.087
1637947920 23.77 89.73 251 4.087
1637947980 23.75 89.57 269 4.087
1637948040 23.75 89.5 329 4.087
1637948100 23.74 89.41 810 4.076
1637948160 23.81 89.32 939 4.076
1637948220 24.08 89.29 450 4.092
1637948280 24.31 89.18 933 4.076
1637948340 24.26 88.96 905 4.076
1637948400 24.29 88.9 420 4.092
1637948460 24.32 88.77 353 4.087
1637948520 24.31 88.6 287 4.087
1637948580 24.26 88.39 275 4.087
1637948640 24.23 88.32 263 4.087
1637948700 24.23 88.25 269 4.087
1637948760 24.11 88.23 287 4.087
1637948820 24.07 88.18 341 4.092
1637948880 23.95 88.03 876 4.082
1637948940 24.05 87.75 653 4.082
1637949000 24.22 87.53 921 4.076
1637949060 24.33 87.26 917 4.082
1637949120 24.61 87.17 945 4.076
1637949180 24.69 87.03 951 4.076
1637949240 24.94 86.98 874 4.103
1637949300 25.23 86.92 883 4.098
1637949360 25.36 86.66 861 4.076
1637949420 25.65 86.24 731 4.082
1637949480 25.79 85.82 396 4.092
1637949540 25.95 85.51 468 4.098
1637949600 25.91 85.02 390 4.092
1637949660 25.89 84.65 365 4.092
1637949720 25.82 84.35 311 4.087
1637949780 25.72 84.19 263 4.087
1637949840 25.52 83.99 275 4.087
1637949900 25.58 83.87 305 4.087
1637949960 25.63 83.77 323 4.087
1637950020 25.51 83.48 323 4.092
1637950080 25.44 83.17 341 4.092
1637950140 25.4 83.11 335 4.092
1637950200 25.27 82.79 347 4.092
1637950260 25.14 82.77 384 4.082
1637950320 25.07 82.81 353 4.087
1637950380 25.13 83.02 353 4.092
1637950440 25.06 83.1 335 4.092
1637950500 25.07 83.07 377 4.082
1637950560 25.13 83.1 329 4.092
1637950620 25.23 83.1 323 4.092
1637950680 25.21 83.25 331 4.092
1637950740 25.18 83.23 371 4.082
1637950800 25.24 83.19 390 4.092
1637950860 25.42 83.14 391 4.092
1637950920 25.72 83.24 421 4.092
1637950980 25.63 83.02 379 4.092
1637951040 25.81 82.94 347 4.092
1637951100 25.82 82.96 359 4.092
1637951160 25.69 82.77 367 4.098
1637951220 25.54 82.49 367 4.098
1637951280 25.54 82.25 371 4.082
1637951340 25.6 82.19 371 4.092
1637951400 25.58 82.06 371 4.087
1637951460 25.58 82.02 384 4.092
1637951520 25.58 82.01 402 4.098
1637951580 25.61 82.07 402 4.092
1637951640 25.49 81.97 408 4.098
1637951700 25.54 82.07 415 4.092
1637951760 25.68 82.17 486 4.082
1637951820 25.78 82.24 379 4.092
1637951880 25.79 82.16 396 4.082
1637951940 25.74 82.01 466 4.082
1637952000 25.56 81.86 572 4.098
1637952060 25.68 81.79 965 4.082
1637952120 25.85 81.64 390 4.092
1637952180 25.91 81.19 377 4.092
1637952240 26.11 80.91 427 4.098
1637952300 26.19 80.68 563 4.087
1637952360 26.25 80.42 912 4.082
1637952420 26.25 80.12 911 4.082
1637952480 26.46 79.71 456 4.092
1637952540 26.56 79.38 499 4.098
1637952600 26.7 79.1 816 4.082
1637952660 26.77 78.77 905 4.082
1637952720 26.72 78.47 983 4.082
1637952780 26.77 78.21 953 4.082
1637952840 26.97 77.84 737 4.082
1637952900 27.08 77.56 1017 4.082
1637952960 27.18 77.21 1025 4.082
1637953020 27.52 76.87 983 4.103
1637953080 27.98 76.97 963 4.098
1637953140 28.26 76.85 1025 4.103
1637953200 28.42 76.5 758 4.098
1637953260 28.54 76.18 686 4.103
1637953320 28.71 75.81 804 4.087
1637953380 28.87 75.43 921 4.098
1637953440 29.17 75.23 834 4.082
1637953500 28.91 74.73 840 4.098
1637953560 28.71 74.3 686 4.098
1637953620 28.36 73.76 822 4.082
1637953680 28.2 73.29 905 4.082
1637953740 28.2 72.79 444 4.092
1637953800 28.03 72.39 384 4.087
1637953860 27.99 71.95 335 4.092
1637953920 27.89 71.65 305 4.087
1637953980 27.71 71.41 293 4.092
1637954040 27.59 71.4 287 4.092
1637954100 27.65 71.42 275 4.092
1637954160 27.59 71.22 299 4.092
1637954220 27.37 71.1 396 4.092
1637954280 27.37 71.17 329 4.092
1637954340 27.44 71.17 299 4.092
1637954400 27.33 71.25 269 4.092
1637954460 27.08 71.01 257 4.087
1637954520 26.83 70.93 259 4.092
1637954580 26.72 70.84 269 4.092
1637954640 26.73 70.73 287 4.092
1637954700 26.73 70.68 287 4.092
1637954760 26.69 70.65 281 4.092
1637954820 26.59 70.82 281 4.092
1637954880 26.54 70.68 293 4.092
1637954940 26.56 70.6 313 4.092
1637955000 26.47 70.53 384 4.087
1637955060 26.46 70.48 353 4.087
1637955120 26.44 70.51 414 4.082
1637955180 26.46 70.66 341 4.092
1637955240 26.53 70.83 323 4.092
1637955300 26.49 71.03 317 4.092
1637955360 26.49 70.92 317 4.092
1637955420 26.57 70.89 347 4.098
1637955480 26.53 70.81 439 4.098
1637955540 26.52 70.62 377 4.087
1637955600 26.53 70.49 367 4.098
1637955660 26.52 70.63 355 4.098
1637955720 26.54 70.73 349 4.098
1637955780 26.59 70.82 343 4.098
1637955840 26.72 70.82 367 4.098
1637955900 26.7 70.68 396 4.087
1637955960 26.67 70.84 432 4.087
1637956020 26.7 71.04 438 4.087
1637956080 26.79 71.25 462 4.087
1637956140 26.9 71.06 468 4.087
1637956200 27.03 70.92 605 4.082
1637956260 26.97 70.76 390 4.092
1637956320 27 70.76 385 4.098
1637956380 26.87 70.72 420 4.087
1637956440 26.91 70.71 996 4.087
1637956500 27.13 70.62 996 4.082
1637956560 27.37 70.61 1007 4.087
1637956620 27.44 70.23 1069 4.082
1637956680 27.48 69.86 1049 4.087
1637956740 27.76 69.53 1067 4.082
1637956800 28.03 69.27 1075 4.087
1637956860 27.98 68.82 1079 4.082
1637956920 28.26 68.35 1105 4.087
1637956980 28.3 67.85 965 4.082
1637957040 28.26 67.51 530 4.092
1637957100 28.19 67.26 469 4.092
1637957160 28.13 66.89 367 4.098
1637957220 28.22 66.62 463 4.098
1637957280 28.24 66.5 792 4.087
1637957340 28.47 66.3 570 4.098
1637957400 28.67 66.21 715 4.098
1637957460 28.81 66.05 493 4.098
1637957520 28.77 65.69 558 4.098
1637957580 28.82 65.4 912 4.087
1637957640 28.96 65.12 906 4.087
1637957700 29.01 64.93 861 4.098
1637957760 29.08 64.6 861 4.098
1637957820 29.01 64.23 713 4.087
1637957880 29.05 63.94 630 4.092
1637957940 29.05 63.7 709 4.098
1637958000 29.02 63.5 698 4.092
1637958060 29.01 63.27 709 4.098
1637958120 29.29 63.24 716 4.098
1637958180 29.24 62.95 715 4.098
1637958240 29.22 62.67 572 4.098
1637958300 29.2 62.54 757 4.098
1637958360 29.02 62.44 594 4.098
1637958420 29.04 62.44 548 4.092
1637958480 28.97 62.26 438 4.092
1637958540 29 62.09 638 4.098
1637958600 28.77 61.9 456 4.098
1637958660 28.69 61.87 493 4.092
1637958720 28.75 61.82 367 4.092
1637958780 28.71 61.86 379 4.092
1637958840 28.56 61.73 420 4.098
1637958900 28.42 61.69 353 4.092
1637958960 28.33 61.74 444 4.092
1637959020 28.12 61.95 402 4.098
1637959080 27.88 62.18 456 4.092
1637959140 27.81 62.37 305 4.092
1637959200 27.89 62.56 269 4.092
1637959260 27.88 62.71 281 4.092
1637959320 27.89 62.8 313 4.092
1637959380 27.72 62.83 341 4.092
1637959440 27.66 62.89 341 4.092
1637959500 27.43 63.11 317 4.092
1637959560 27.43 63.32 305 4.098
1637959620 27.27 63.46 301 4.092
1637959680 27.24 63.55 281 4.092
1637959740 27.3 63.74 301 4.092
1637959800 27.15 63.95 269 4.092
1637959860 27.18 64.21 277 4.092
1637959920 27.2 64.59 277 4.092
1637959980 27.14 64.88 301 4.098
1637960040 27.11 65.19 289 4.092
1637960100 27.2 65.36 287 4.098
1637960160 27.11 65.29 245 4.092
1637960220 27.2 65.42 252 4.098
1637960280 27.11 65.6 245 4.098
1637960340 27.11 65.86 245 4.098
1637960400 26.98 66.13 257 4.092
1637960460 26.84 66.22 269 4.098
1637960520 26.72 66.39 227 4.092
1637960580 26.67 66.58 215 4.092
1637960640 26.53 66.65 204 4.098
1637960700 26.49 66.81 198 4.092
1637960760 26.5 66.86 198 4.092
1637960820 26.56 67.08 192 4.098
1637960880 26.42 67.21 180 4.092
1637960940 26.3 67.31 180 4.098
1637961000 26.19 67.53 173 4.092
1637961060 26.02 67.79 167 4.098
1637961120 25.89 67.98 167 4.092
1637961180 25.82 68.29 168 4.092
1637961240 25.77 68.62 167 4.092
1637961300 25.67 68.94 173 4.092
1637961360 25.61 69.16 173 4.092
1637961420 25.67 69.45 197 4.098
1637961480 25.67 69.68 216 4.098
1637961540 25.78 69.88 198 4.098
1637961600 25.78 70.19 186 4.098
1637961660 25.79 70.42 180 4.098
1637961720 25.84 70.65 173 4.098
1637961780 25.85 70.69 180 4.098
1637961840 25.82 70.75 167 4.092
1637961900 25.87 70.83 161 4.092
1637961960 25.88 70.97 155 4.092
1637962020 25.81 71.03 155 4.098
1637962080 25.84 71.05 149 4.092
1637962140 25.85 71.11 161 4.092
1637962200 25.89 71.15 161 4.092
1637962260 25.91 71.24 174 4.092
1637962320 25.95 71.14 167 4.092
1637962380 26.02 71.11 161 4.092
1637962440 25.99 71.18 155 4.098
1637962500 26.02 71.22 168 4.098
1637962560 26.02 71.16 162 4.092
1637962620 25.98 71.34 192 4.098
1637962680 25.99 71.51 174 4.098
1637962740 26.06 71.58 168 4.098
1637962800 25.99 71.68 168 4.098
1637962860 25.99 71.62 162 4.092
1637962920 25.91 71.6 161 4.098
1637962980 25.82 71.57 186 4.098
1637963040 25.85 71.51 174 4.098
1637963100 25.88 71.65 161 4.098
1637963160 25.85 71.86 168 4.092
1637963220 25.84 71.94 186 4.098
1637963280 25.89 71.92 192 4.098
1637963340 25.95 71.79 198 4.098
1637963400 26.01 71.68 204 4.098
1637963460 26.06 71.44 180 4.098
1637963520 26.06 71.34 168 4.098
1637963580 26.05 71.22 162 4.098
1637963640 26.03 71.2 156 4.098
1637963700 26.05 71.02 149 4.092
1637963760 26.05 70.93 143 4.092
1637963820 26.05 70.83 143 4.098
1637963880 25.99 70.72 143 4.092
1637963940 25.96 70.68 150 4.092
1637964000 25.92 70.72 149 4.092
1637964060 25.89 70.65 143 4.098
1637964120 25.89 70.65 131 4.092
1637964180 25.82 70.59 126 4.092
1637964240 25.78 70.6 118 4.098
1637964300 25.81 70.61 112 4.092
1637964360 25.75 70.7 106 4.092
1637964420 25.78 70.75 106 4.092
1637964480 25.75 70.84 118 4.092
1637964540 25.75 70.77 124 4.092
1637964600 25.69 70.8 124 4.092
1637964660 25.71 70.73 124 4.092
1637964720 25.74 70.69 131 4.092
1637964780 25.75 70.64 132 4.092
1637964840 25.78 70.65 124 4.092
1637964900 25.82 70.63 131 4.092
1637964960 25.81 70.69 118 4.092
1637965020 25.82 70.68 118 4.092
1637965080 25.84 70.64 106 4.092
1637965140 25.82 70.6 100 4.092
1637965200 25.87 70.65 94 4.092
1637965260 25.82 70.59 88 4.092
1637965320 25.79 70.6 94 4.092
1637965380 25.75 70.61 94 4.092
1637965440 25.72 70.68 90 4.092
1637965500 25.65 70.74 88 4.092
1637965560 25.6 70.74 82 4.092
1637965620 25.61 70.79 82 4.092
1637965680 25.58 70.89 76 4.092
1637965740 25.52 71.1 76 4.092
1637965800 25.58 71.32 76 4.092
1637965860 25.47 71.41 76 4.087
1637965920 25.45 71.63 70 4.087
1637965980 25.38 71.69 70 4.092
1637966040 25.42 71.72 64 4.092
1637966100 25.37 71.76 64 4.092
1637966160 25.37 71.83 64 4.092
1637966220 25.41 71.9 70 4.092
1637966280 25.34 72.17 70 4.092
1637966340 25.27 72.31 70 4.092
1637966400 25.26 72.5 58 4.087
1637966460 25.26 72.73 46 4.092
1637966520 25.18 72.92 40 4.092
1637966580 25.16 73.1 34 4.092
1637966640 25.16 73.25 28 4.092
1637966700 25.06 73.27 34 4.092
1637966760 25.09 73.26 34 4.092
1637966820 25.12 73.33 34 4.092
1637966880 25.04 73.46 34 4.092
1637966940 25.02 73.51 34 4.087
1637967000 24.98 73.48 28 4.092
1637967060 25.02 73.55 28 4.092
1637967120 25.03 73.65 28 4.087
1637967180 24.93 73.67 22 4.092
1637967240 24.96 73.64 22 4.087
1637967300 24.89 73.64 16 4.092
1637967360 24.93 73.64 10 4.087
1637967420 24.86 73.74 10 4.087
1637967480 24.8 73.83 10 4.092
1637967540 24.7 73.92 10 4.087
1637967600 24.65 74.04 10 4.092
1637967660 24.62 74.23 10 4.092
1637967720 24.55 74.38 10 4.092
1637967780 24.49 74.54 10 4.092
1637967840 24.45 74.72 10 4.087
1637967900 24.38 74.92 4 4.092
1637967960 24.33 75.11 4 4.092
1637968020 24.33 75.27 4 4.087
1637968080 24.28 75.45 4 4.092
1637968140 24.22 75.59 4 4.092
1637968200 24.22 75.83 4 4.087
1637968260 24.16 76.01 4 4.092
1637968320 24.14 76.21 4 4.092
1637968380 24.11 76.41 4 4.092
1637968440 24.08 76.56 4 4.092
1637968500 24.07 76.74 4 4.092
1637968560 24.02 76.87 4 4.087
1637968620 23.98 77.05 0 4.087
1637968680 23.97 77.15 0 4.092
1637968740 23.98 77.28 4 4.092
1637968800 23.95 77.44 0 4.092
1637968860 23.91 77.55 0 4.087
1637968920 23.87 77.63 4 4.092
1637968980 23.88 77.75 0 4.092
1637969040 23.85 77.82 0 4.092
1637969100 23.82 77.91 0 4.087
1637969160 23.78 77.9 0 4.092
1637969220 23.74 77.93 0 4.087
1637969280 23.74 78.06 0 4.087
1637969340 23.72 78.08 0 4.087
1637969400 23.68 78.11 0 4.092
1637969460 23.68 78.15 0 4.087
1637969520 23.65 78.19 0 4.092
1637969580 23.64 78.29 0 4.087
1637969640 23.61 78.29 0 4.087
1637969700 23.56 78.35 0 4.092
1637969760 23.53 78.33 0 4.092
1637969820 23.51 78.35 0 4.087
1637969880 23.5 78.34 0 4.092
1637969940 23.47 78.36 0 4.092
1637970000 23.47 78.36 0 4.087
1637970060 23.43 78.32 0 4.087
1637970120 23.43 78.34 0 4.087
1637970180 23.43 78.31 0 4.087
1637970240 23.41 78.3 0 4.087
1637970300 23.37 78.29 0 4.087
1637970360 23.39 78.25 0 4.087
1637970420 23.36 78.23 0 4.092
1637970480 23.36 78.27 0 4.087
1637970540 23.33 78.26 0 4.087
1637970600 23.31 78.28 0 4.087
1637970660 23.29 78.27 0 4.087
1637970720 23.27 78.31 0 4.087
1637970780 23.27 78.4 0 4.087
1637970840 23.26 78.46 0 4.087
1637970900 23.27 78.51 0 4.087
1637970960 23.24 78.56 0 4.092
1637971020 23.24 78.68 0 4.087
1637971080 23.24 78.78 0 4.087
1637971140 23.21 78.88 0 4.092
1637971200 23.2 79.01 0 4.087
1637971260 23.21 79.11 0 4.087
1637971320 23.21 79.19 0 4.087
1637971380 23.19 79.31 0 4.087
1637971440 23.17 79.39 0 4.087
1637971500 23.16 79.49 0 4.087
1637971560 23.14 79.57 0 4.087
1637971620 23.13 79.68 0 4.092
1637971680 23.12 79.76 0 4.087
1637971740 23.12 79.83 0 4.087
1637971800 23.09 79.89 0 4.087
1637971860 23.12 80 0 4.087
1637971920 23.09 80.23 0 4.087
1637971980 23.02 80.38 0 4.087
1637972040 23.03 80.52 0 4.087
1637972100 22.99 80.61 0 4.087
1637972160 22.95 80.74 0 4.087
1637972220 22.93 80.89 0 4.087
1637972280 22.92 81.01 0 4.087
1637972340 22.89 81.15 0 4.087
1637972400 22.9 81.29 0 4.087
1637972460 22.9 81.38 0 4.092
1637972520 22.88 81.45 0 4.087
1637972580 22.88 81.5 0 4.087
1637972640 22.89 81.55 0 4.087
1637972700 22.88 81.62 0 4.087
1637972760 22.88 81.59 0 4.087
1637972820 22.88 81.64 0 4.087
1637972880 22.88 81.55 0 4.087
1637972940 22.93 81.43 0 4.087
1637973000 22.93 81.35 0 4.087
1637973060 22.95 81.33 0 4.087
1637973120 22.93 81.33 0 4.087
1637973180 22.93 81.25 0 4.087
1637973240 22.92 81.18 0 4.087
1637973300 22.89 81.09 0 4.087
1637973360 22.96 80.77 0 4.087
1637973420 22.97 80.52 0 4.087
1637973480 23.02 80.31 0 4.087
1637973540 23.03 80.14 0 4.087
1637973600 23.05 79.92 0 4.087
1637973660 23.07 79.82 0 4.087
1637973720 23.03 79.77 0 4.087
1637973780 23.02 79.7 0 4.082
1637973840 23 79.62 0 4.087
1637973900 22.97 79.57 0 4.087
1637973960 22.93 79.51 0 4.087
1637974020 22.97 79.49 0 4.087
1637974080 22.97 79.56 0 4.087
1637974140 22.96 79.56 0 4.087
1637974200 22.95 79.55 0 4.087
1637974260 22.93 79.47 0 4.087
1637974320 22.92 79.57 0 4.087
1637974380 22.96 79.66 0 4.087
1637974440 22.97 79.77 0 4.087
1637974500 22.99 79.87 0 4.087
1637974560 22.96 79.99 0 4.082
1637974620 22.97 80.08 0 4.087
1637974680 22.99 80.16 0 4.087
1637974740 22.96 80.21 0 4.087
1637974800 22.99 80.33 0 4.087
1637974860 22.99 80.45 0 4.087
1637974920 22.95 80.59 0 4.087
1637974980 22.96 80.71 0 4.087
1637975040 22.93 80.8 0 4.087
1637975100 22.93 80.9 0 4.087
1637975160 22.93 80.95 0 4.087
1637975220 22.93 81 0 4.087
1637975280 22.95 81.07 0 4.082
1637975340 22.92 81.09 0 4.087
1637975400 22.93 81.11 0 4.082
1637975460 22.95 81.18 0 4.087
1637975520 22.95 81.17 0 4.087
1637975580 22.95 81.19 0 4.087
1637975640 22.95 81.17 0 4.082
1637975700 22.93 81.18 0 4.082
1637975760 22.93 81.16 0 4.087
1637975820 22.92 81.18 0 4.082
1637975880 22.92 81.19 0 4.087
1637975940 22.92 81.21 0 4.082
1637976000 22.9 81.23 0 4.087
1637976060 22.92 81.28 0 4.082
1637976120 22.9 81.28 0 4.082
1637976180 22.9 81.3 0 4.087
1637976240 22.93 81.28 0 4.087
1637976300 22.92 81.33 0 4.082
1637976360 22.93 81.28 0 4.082
1637976420 22.9 81.27 0 4.082
1637976480 22.89 81.32 0 4.087
1637976540 22.9 81.32 0 4.082
1637976600 22.92 81.35 0 4.087
1637976660 22.89 81.36 0 4.082
1637976720 22.89 81.42 0 4.082
1637976780 22.9 81.51 0 4.087
1637976840 22.89 81.55 0 4.082
1637976900 22.89 81.55 0 4.082
1637976960 22.88 81.62 0 4.087
1637977020 22.86 81.57 0 4.087
1637977080 22.88 81.57 0 4.082
1637977140 22.88 81.6 10 4.082
1637977200 22.92 81.64 0 4.076
1637977260 22.86 81.76 0 4.082
1637977320 22.83 81.92 0 4.082
1637977380 22.8 81.86 0 4.082
1637977440 22.83 81.84 0 4.082
1637977500 22.82 81.9 0 4.082
1637977560 22.85 81.93 0 4.082
1637977620 22.8 82.02 0 4.082
1637977680 22.85 82.22 0 4.087
1637977740 22.78 82.31 0 4.082
1637977800 22.73 82.4 0 4.082
1637977860 22.69 82.44 0 4.082
1637977920 22.7 82.39 0 4.082
1637977980 22.72 82.4 0 4.082
1637978040 22.73 82.31 0 4.082
1637978100 22.72 82.22 0 4.082
1637978160 22.75 82.2 0 4.082
1637978220 22.73 82.21 0 4.082
1637978280 22.76 82.24 0 4.082
1637978340 22.72 82.23 0 4.082
1637978400 22.72 82.25 0 4.082
1637978460 22.7 82.2 0 4.082
1637978520 22.72 82.18 0 4.082
1637978580 22.72 82.27 0 4.082
1637978640 22.69 82.27 0 4.082
1637978700 22.69 82.16 0 4.082
1637978760 22.75 82.23 0 4.087
1637978820 22.7 82.29 0 4.082
1637978880 22.7 82.35 0 4.082
1637978940 22.68 82.42 0 4.082
1637979000 22.65 82.42 0 4.082
1637979060 22.63 82.48 0 4.082
1637979120 22.61 82.52 0 4.082
1637979180 22.59 82.61 0 4.082
1637979240 22.58 82.67 0 4.082
1637979300 22.52 82.69 0 4.082
1637979360 22.54 82.72 0 4.082
1637979420 22.54 82.69 0 4.082
1637979480 22.46 82.65 0 4.082
1637979540 22.49 82.61 0 4.082
1637979600 22.48 82.66 0 4.082
1637979660 22.48 82.62 0 4.082
1637979720 22.46 82.63 0 4.082
1637979780 22.45 82.63 0 4.082
1637979840 22.44 82.62 0 4.082
1637979900 22.44 82.61 0 4.076
1637979960 22.45 82.7 0 4.082
1637980020 22.41 82.69 0 4.076
1637980080 22.42 82.72 0 4.076
1637980140 22.39 82.81 0 4.082
1637980200 22.41 82.87 0 4.082
1637980260 22.35 82.86 0 4.082
1637980320 22.32 82.8 0 4.082
1637980380 22.35 82.8 0 4.082
1637980440 22.36 82.83 0 4.082
1637980500 22.32 82.86 0 4.082
1637980560 22.3 82.87 0 4.082
1637980620 22.34 82.84 0 4.076
1637980680 22.31 82.9 0 4.082
1637980740 22.28 82.91 0 4.082
1637980800 22.25 82.95 0 4.076
1637980860 22.27 82.95 0 4.082
1637980920 22.22 82.92 0 4.082
1637980980 22.24 82.91 0 4.082
1637981040 22.21 82.95 0 4.082
1637981100 22.22 82.99 0 4.082
1637981160 22.19 82.96 0 4.082
1637981220 22.22 82.93 0 4.082
1637981280 22.24 82.89 0 4.076
1637981340 22.25 82.84 0 4.082
1637981400 22.27 82.88 0 4.082
1637981460 22.3 82.98 0 4.082
1637981520 22.24 83.04 0 4.082
1637981580 22.22 83.04 0 4.082
1637981640 22.25 82.99 0 4.082
1637981700 22.22 83.01 0 4.076
1637981760 22.24 82.98 0 4.082
1637981820 22.24 82.97 0 4.082
1637981880 22.22 82.95 0 4.082
1637981940 22.18 82.86 0 4.076
1637982000 22.22 82.89 0 4.082
1637982060 22.21 82.85 0 4.076
1637982120 22.21 82.85 0 4.082
1637982180 22.22 82.81 0 4.082
1637982240 22.24 82.74 0 4.082
1637982300 22.25 82.75 0 4.082
1637982360 22.3 82.73 0 4.082
1637982420 22.28 82.76 0 4.082
1637982480 22.3 82.72 0 4.082
1637982540 22.27 82.68 0 4.082
1637982600 22.25 82.66 0 4.082
1637982660 22.28 82.66 0 4.076
1637982720 22.3 82.67 0 4.076
1637982780 22.28 82.62 0 4.082
1637982840 22.28 82.61 0 4.082
1637982900 22.24 82.58 0 4.076
1637982960 22.27 82.58 0 4.076
1637983020 22.3 82.65 0 4.082
1637983080 22.27 82.63 0 4.082
1637983140 22.28 82.64 0 4.082
1637983200 22.28 82.59 0 4.082
1637983260 22.25 82.56 0 4.082
1637983320 22.24 82.52 0 4.082
1637983380 22.28 82.55 0 4.076
1637983440 22.27 82.58 0 4.082
1637983500 22.24 82.64 0 4.076
1637983560 22.24 82.64 0 4.076
1637983620 22.24 82.64 0 4.076
1637983680 22.25 82.67 0 4.076
1637983740 22.22 82.71 0 4.076
1637983800 22.24 82.75 0 4.076
1637983860 22.22 82.76 0 4.076
1637983920 22.22 82.76 0 4.076
1637983980 22.21 82.75 0 4.076
1637984040 22.21 82.82 0 4.076
1637984100 22.21 82.82 0 4.076
1637984160 22.22 82.87 0 4.076
1637984220 22.18 82.9 0 4.076
1637984280 22.16 82.88 0 4.076
1637984340 22.24 82.93 0 4.076
1637984400 22.18 82.88 0 4.076
1637984460 22.21 82.94 0 4.076
1637984520 22.21 82.98 0 4.076
1637984580 22.19 83 0 4.076
1637984640 22.18 83.04 0 4.076
1637984700 22.19 83.05 0 4.076
1637984760 22.19 83.05 0 4.076
1637984820 22.18 83.04 0 4.076
1637984880 22.18 83.02 0 4.082
1637984940 22.21 82.98 0 4.082
1637985000 22.19 83 0 4.082
1637985060 22.18 82.98 0 4.082
1637985120 22.19 82.93 0 4.082
1637985180 22.16 82.94 0 4.076
1637985240 22.15 82.94 0 4.076
1637985300 22.14 82.94 0 4.076
1637985360 22.15 82.92 0 4.076
1637985420 22.14 82.94 0 4.076
1637985480 22.14 82.96 0 4.076
1637985540 22.15 82.97 0 4.076
1637985600 22.12 82.99 0 4.076
1637985660 22.1 83.01 0 4.076
1637985720 22.11 83.03 0 4.076
1637985780 22.08 83.06 0 4.082
1637985840 22.08 83.03 0 4.076
1637985900 22.08 83.12 0 4.076
1637985960 22.1 83.14 0 4.076
1637986020 22.1 83.18 0 4.076
1637986080 22.1 83.27 0 4.076
1637986140 22.11 83.33 0 4.082
1637986200 22.1 83.37 0 4.076
1637986260 22.1 83.46 0 4.076
1637986320 22.1 83.5 0 4.076
1637986380 22.11 83.59 0 4.076
1637986440 22.12 83.7 0 4.076
1637986500 22.11 83.75 0 4.076
1637986560 22.1 83.82 0 4.076
1637986620 22.12 83.87 0 4.076
1637986680 22.1 83.93 0 4.076
1637986740 22.1 83.99 0 4.076
1637986800 22.14 84.03 0 4.076
1637986860 22.14 84.15 0 4.076
1637986920 22.08 84.24 0 4.076
1637986980 22.08 84.3 0 4.076
1637987040 22.08 84.34 0 4.076
1637987100 22.08 84.45 0 4.076
1637987160 22.1 84.57 0 4.071
1637987220 22.07 84.65 0 4.076
1637987280 22.07 84.7 0 4.076
1637987340 22.05 84.75 0 4.076
1637987400 22.07 84.83 0 4.076
1637987460 22.01 84.91 0 4.076
1637987520 21.98 84.94 0 4.076
1637987580 22.01 85.08 0 4.076
1637987640 22.01 85.12 0 4.076
1637987700 22.01 85.21 0 4.076
1637987760 22 85.28 0 4.076
1637987820 21.97 85.34 0 4.076
1637987880 21.95 85.33 0 4.076
1637987940 21.95 85.33 0 4.076
1637988000 21.97 85.34 0 4.076
1637988060 21.97 85.42 0 4.071
1637988120 21.98 85.41 0 4.076
1637988180 21.93 85.42 0 4.076
1637988240 21.95 85.48 0 4.076
1637988300 21.93 85.51 0 4.076
1637988360 21.95 85.57 0 4.076
1637988420 21.95 85.63 0 4.076
1637988480 21.93 85.72 0 4.076
1637988540 21.95 85.78 0 4.076
1637988600 21.94 85.77 0 4.076
1637988660 21.93 85.83 0 4.076
1637988720 21.94 85.88 0 4.076
1637988780 21.94 85.96 0 4.076
1637988840 21.94 85.97 0 4.071
1637988900 21.95 86.05 0 4.071
1637988960 21.91 86.07 0 4.076
1637989020 21.91 86.15 0 4.076
1637989080 21.91 86.17 0 4.076
1637989140 21.88 86.23 0 4.076
