1643691600 22.25 78.86 0 4.082
1643691660 22.22 78.82 0 4.082
1643691720 22.25 78.81 0 4.076
1643691780 22.27 78.81 0 4.076
1643691840 22.27 78.81 0 4.076
1643691900 22.24 78.75 0 4.076
1643691960 22.27 78.77 0 4.076
1643692020 22.27 78.71 0 4.076
1643692080 22.27 78.69 0 4.082
1643692140 22.28 78.69 0 4.076
1643692200 22.28 78.63 0 4.082
1643692260 22.28 78.62 0 4.076
1643692320 22.27 78.61 0 4.082
1643692380 22.28 78.58 0 4.076
1643692440 22.25 78.55 0 4.076
1643692500 22.27 78.59 0 4.082
1643692560 22.27 78.61 0 4.076
1643692620 22.27 78.62 0 4.082
1643692680 22.24 78.62 0 4.076
1643692740 22.24 78.6 0 4.076
1643692800 22.24 78.6 0 4.076
1643692860 22.24 78.6 0 4.082
1643692920 22.21 78.61 0 4.076
1643692980 22.19 78.61 0 4.076
1643693040 22.19 78.63 0 4.076
1643693100 22.16 78.58 0 4.076
1643693160 22.19 78.58 0 4.076
1643693220 22.21 78.54 0 4.076
1643693280 22.21 78.51 0 4.076
1643693340 22.22 78.51 0 4.076
1643693400 22.24 78.49 0 4.076
1643693460 22.22 78.48 0 4.076
1643693520 22.19 78.47 0 4.076
1643693580 22.18 78.45 0 4.076
1643693640 22.15 78.44 0 4.076
1643693700 22.15 78.37 0 4.076
1643693760 22.16 78.31 0 4.076
1643693820 22.16 78.25 0 4.082
1643693880 22.16 78.21 0 4.076
1643693940 22.14 78.19 0 4.076
1643694000 22.16 78.16 0 4.076
1643694060 22.14 78.14 0 4.076
1643694120 22.11 78.1 0 4.076
1643694180 22.1 78.06 0 4.082
1643694240 22.05 78.03 0 4.076
1643694300 22.07 77.95 0 4.076
1643694360 22.05 77.87 0 4.076
1643694420 22.04 77.77 0 4.082
1643694480 22.05 77.68 0 4.076
1643694540 22.07 77.62 0 4.076
1643694600 22.07 77.53 0 4.076
1643694660 22.05 77.49 0 4.076
1643694720 22.01 77.39 0 4.076
1643694780 21.97 77.34 0 4.076
1643694840 22 77.26 0 4.076
1643694900 21.97 77.23 0 4.082
1643694960 21.97 77.16 0 4.076
1643695020 21.95 77.12 0 4.076
1643695080 21.91 77.04 0 4.076
1643695140 21.9 77 0 4.076
1643695200 21.87 77 0 4.076
1643695260 21.85 76.96 0 4.076
1643695320 21.87 76.95 0 4.076
1643695380 21.84 76.92 0 4.065
1643695440 21.81 76.86 0 4.071
1643695500 21.83 76.89 0 4.076
1643695560 21.79 76.87 0 4.076
1643695620 21.77 76.86 0 4.076
1643695680 21.77 76.87 0 4.076
1643695740 21.74 76.85 0 4.076
1643695800 21.71 76.83 0 4.076
1643695860 21.7 76.86 0 4.076
1643695920 21.67 76.84 0 4.076
1643695980 21.64 76.82 0 4.076
1643696040 21.67 76.88 0 4.076
1643696100 21.63 76.88 0 4.076
1643696160 21.61 76.85 0 4.076
1643696220 21.6 76.9 0 4.076
1643696280 21.61 76.88 0 4.076
1643696340 21.57 76.89 0 4.076
1643696400 21.54 76.92 0 4.076
1643696460 21.56 76.91 0 4.076
1643696520 21.56 76.9 0 4.076
1643696580 21.57 76.91 0 4.076
1643696640 21.56 76.92 0 4.076
1643696700 21.53 76.93 0 4.076
1643696760 21.5 76.94 0 4.076
1643696820 21.49 76.93 0 4.076
1643696880 21.49 76.96 0 4.076
1643696940 21.5 76.96 0 4.076
1643697000 21.47 76.99 0 4.076
1643697060 21.44 77.02 0 4.076
1643697120 21.44 77.04 0 4.076
1643697180 21.4 77 0 4.076
1643697240 21.43 77.04 0 4.076
1643697300 21.42 77.04 0 4.076
1643697360 21.4 77.02 0 4.076
1643697420 21.4 77.04 0 4.076
1643697480 21.39 77.07 0 4.076
1643697540 21.4 77.08 0 4.076
1643697600 21.39 77.13 0 4.076
1643697660 21.4 77.11 0 4.076
1643697720 21.4 77.2 0 4.076
1643697780 21.36 77.18 0 4.076
1643697840 21.34 77.24 0 4.076
1643697900 21.33 77.27 0 4.076
1643697960 21.26 77.31 0 4.076
1643698020 21.26 77.33 0 4.076
1643698080 21.23 77.34 0 4.071
1643698140 21.23 77.34 0 4.076
1643698200 21.22 77.43 0 4.076
1643698260 21.2 77.42 0 4.076
1643698320 21.19 77.42 0 4.076
1643698380 21.18 77.48 0 4.076
1643698440 21.16 77.44 0 4.076
1643698500 21.16 77.44 0 4.076
1643698560 21.14 77.48 0 4.076
1643698620 21.14 77.48 0 4.076
1643698680 21.14 77.49 0 4.076
1643698740 21.16 77.49 0 4.076
1643698800 21.14 77.46 0 4.071
1643698860 21.1 77.48 0 4.076
1643698920 21.09 77.48 0 4.076
1643698980 21.05 77.49 0 4.076
1643699040 21.05 77.54 0 4.076
1643699100 21.07 77.51 0 4.076
1643699160 21.03 77.56 0 4.076
1643699220 21 77.59 0 4.076
1643699280 20.99 77.6 0 4.076
1643699340 20.96 77.62 0 4.076
1643699400 20.93 77.69 0 4.076
1643699460 20.89 77.72 0 4.076
1643699520 20.85 77.77 0 4.076
1643699580 20.82 77.84 0 4.076
1643699640 20.83 77.94 0 4.076
1643699700 20.83 77.94 0 4.076
1643699760 20.82 78.03 0 4.076
1643699820 20.79 78.13 0 4.076
1643699880 20.78 78.21 0 4.076
1643699940 20.75 78.27 0 4.076
1643700000 20.74 78.36 0 4.076
1643700060 20.71 78.4 0 4.071
1643700120 20.68 78.5 0 4.076
1643700180 20.64 78.57 0 4.076
1643700240 20.61 78.68 0 4.076
1643700300 20.59 78.75 0 4.076
1643700360 20.54 78.82 0 4.076
1643700420 20.55 78.91 0 4.076
1643700480 20.59 78.94 0 4.076
1643700540 20.65 78.96 0 4.076
1643700600 20.68 78.98 0 4.076
1643700660 20.71 79.01 0 4.076
1643700720 20.74 78.96 0 4.071
1643700780 20.75 78.96 0 4.071
1643700840 20.79 78.95 0 4.076
1643700900 20.83 78.89 0 4.076
1643700960 20.89 78.84 0 4.076
1643701020 20.92 78.79 0 4.076
1643701080 20.92 78.75 0 4.071
1643701140 20.95 78.7 0 4.071
1643701200 20.95 78.6 0 4.076
1643701260 20.93 78.48 0 4.076
1643701320 20.95 78.4 0 4.076
1643701380 20.96 78.32 0 4.076
1643701440 20.95 78.23 0 4.071
1643701500 20.92 78.14 0 4.076
1643701560 20.89 78.02 0 4.076
1643701620 20.92 77.9 0 4.071
1643701680 20.9 77.84 0 4.071
1643701740 20.88 77.75 0 4.071
1643701800 20.86 77.63 0 4.071
1643701860 20.9 77.55 0 4.076
1643701920 20.86 77.47 0 4.071
1643701980 20.81 77.46 0 4.076
1643702040 20.78 77.39 0 4.076
1643702100 20.74 77.33 0 4.071
1643702160 20.71 77.34 0 4.071
1643702220 20.67 77.31 0 4.076
1643702280 20.64 77.32 0 4.071
1643702340 20.58 77.36 0 4.076
1643702400 20.54 77.42 0 4.076
1643702460 20.51 77.47 0 4.071
1643702520 20.44 77.54 0 4.076
1643702580 20.39 77.63 0 4.071
1643702640 20.38 77.72 0 4.071
1643702700 20.34 77.81 0 4.071
1643702760 20.31 77.95 0 4.071
1643702820 20.27 78.08 0 4.071
1643702880 20.26 78.18 0 4.071
1643702940 20.24 78.29 0 4.076
1643703000 20.21 78.46 0 4.076
1643703060 20.18 78.66 0 4.076
1643703120 20.14 78.84 0 4.071
1643703180 20.1 78.95 0 4.071
1643703240 20.07 79.1 0 4.071
1643703300 20.08 79.29 0 4.076
1643703360 20.08 79.47 0 4.076
1643703420 20.07 79.65 0 4.071
1643703480 20.03 79.78 0 4.071
1643703540 19.98 79.92 0 4.076
1643703600 20.06 80 0 4.071
1643703660 20.1 80.09 0 4.071
1643703720 20.07 80.25 0 4.071
1643703780 20.1 80.4 0 4.071
1643703840 20.03 80.52 0 4.071
1643703900 20.03 80.67 0 4.071
1643703960 20.03 80.8 0 4.071
1643704020 20 80.94 0 4.071
1643704080 19.96 81.06 0 4.076
1643704140 19.9 81.17 0 4.071
1643704200 19.9 81.29 0 4.076
1643704260 19.86 81.35 0 4.071
1643704320 19.86 81.44 0 4.071
1643704380 19.8 81.48 0 4.071
1643704440 19.8 81.62 0 4.071
1643704500 19.77 81.68 0 4.071
1643704560 19.73 81.78 0 4.071
1643704620 19.72 81.86 0 4.071
1643704680 19.74 81.89 0 4.071
1643704740 19.74 82.02 0 4.076
1643704800 19.7 82.09 0 4.076
1643704860 19.69 82.17 0 4.071
1643704920 19.69 82.27 0 4.076
1643704980 19.72 82.27 0 4.071
1643705040 19.76 82.38 0 4.071
1643705100 19.76 82.52 0 4.071
1643705160 19.74 82.64 0 4.071
1643705220 19.7 82.73 0 4.071
1643705280 19.69 82.86 0 4.071
1643705340 19.67 82.97 0 4.071
1643705400 19.67 83.11 0 4.071
1643705460 19.62 83.18 0 4.071
1643705520 19.57 83.3 0 4.071
1643705580 19.59 83.44 0 4.071
1643705640 19.59 83.55 0 4.071
1643705700 19.57 83.65 0 4.071
1643705760 19.59 83.77 0 4.071
1643705820 19.56 83.85 0 4.071
1643705880 19.55 84.01 0 4.071
1643705940 19.53 84.11 0 4.071
1643706000 19.55 84.21 0 4.071
1643706060 19.59 84.32 0 4.071
1643706120 19.57 84.42 0 4.071
1643706180 19.59 84.52 0 4.071
1643706240 19.62 84.62 0 4.071
1643706300 19.63 84.74 0 4.071
1643706360 19.67 84.8 0 4.071
1643706420 19.66 84.86 0 4.071
1643706480 19.73 84.93 0 4.076
1643706540 19.76 84.93 0 4.071
1643706600 19.77 85 0 4.071
1643706660 19.81 85 0 4.071
1643706720 19.84 85.04 0 4.071
1643706780 19.86 85.05 0 4.071
1643706840 19.88 85.04 0 4.071
1643706900 19.9 85.03 0 4.071
1643706960 19.94 85 0 4.071
1643707020 19.96 84.98 0 4.071
1643707080 19.97 84.97 0 4.071
1643707140 19.97 84.92 0 4.071
1643707200 20 84.9 0 4.071
1643707260 20.03 84.88 0 4.071
1643707320 20.03 84.86 0 4.071
1643707380 20.04 84.81 0 4.071
1643707440 20.06 84.78 0 4.071
1643707500 20.04 84.75 0 4.071
1643707560 20.04 84.68 0 4.071
1643707620 20.06 84.6 0 4.071
1643707680 20.08 84.6 0 4.071
1643707740 20.1 84.52 0 4.071
1643707800 20.08 84.46 0 4.071
1643707860 20.13 84.41 0 4.071
1643707920 20.13 84.39 0 4.071
1643707980 20.14 84.35 0 4.065
1643708040 20.13 84.31 0 4.071
1643708100 20.14 84.28 0 4.071
1643708160 20.13 84.22 0 4.071
1643708220 20.16 84.19 0 4.071
1643708280 20.16 84.12 0 4.071
1643708340 20.16 84.09 0 4.071
1643708400 20.17 84.04 0 4.071
1643708460 20.24 83.99 0 4.071
1643708520 20.17 83.9 0 4.071
1643708580 20.23 83.79 0 4.071
1643708640 20.23 83.67 0 4.071
1643708700 20.3 83.52 0 4.071
1643708760 20.31 83.39 0 4.071
1643708820 20.32 83.27 0 4.071
1643708880 20.32 83.12 0 4.071
1643708940 20.38 83 0 4.071
1643709000 20.42 82.96 0 4.071
1643709060 20.39 82.81 0 4.071
1643709120 20.44 82.77 0 4.071
1643709180 20.38 82.68 0 4.071
1643709240 20.42 82.61 0 4.071
1643709300 20.39 82.49 0 4.071
1643709360 20.37 82.44 0 4.071
1643709420 20.37 82.32 0 4.071
1643709480 20.38 82.26 0 4.071
1643709540 20.39 82.17 0 4.071
1643709600 20.38 82.16 0 4.071
1643709660 20.38 82.07 0 4.071
1643709720 20.41 82.02 0 4.071
1643709780 20.41 81.99 0 4.065
1643709840 20.39 81.94 0 4.065
1643709900 20.37 81.92 0 4.071
1643709960 20.38 81.86 0 4.071
1643710020 20.37 81.82 0 4.065
1643710080 20.38 81.72 0 4.071
1643710140 20.42 81.66 0 4.071
1643710200 20.44 81.61 0 4.071
1643710260 20.39 81.57 0 4.071
1643710320 20.41 81.54 0 4.071
1643710380 20.41 81.49 0 4.071
1643710440 20.41 81.43 0 4.071
1643710500 20.42 81.42 0 4.071
1643710560 20.44 81.43 0 4.071
1643710620 20.41 81.37 0 4.065
1643710680 20.39 81.35 0 4.071
1643710740 20.39 81.33 0 4.071
1643710800 20.42 81.34 0 4.071
1643710860 20.39 81.33 0 4.065
1643710920 20.39 81.33 0 4.065
1643710980 20.38 81.31 0 4.065
1643711040 20.38 81.33 0 4.065
1643711100 20.39 81.35 0 4.071
1643711160 20.38 81.35 0 4.071
1643711220 20.39 81.37 0 4.071
1643711280 20.41 81.37 0 4.071
1643711340 20.41 81.42 0 4.071
1643711400 20.41 81.43 0 4.071
1643711460 20.38 81.43 0 4.071
1643711520 20.38 81.46 0 4.071
1643711580 20.37 81.49 0 4.065
1643711640 20.37 81.51 0 4.065
1643711700 20.38 81.57 0 4.071
1643711760 20.39 81.58 0 4.071
1643711820 20.39 81.57 0 4.065
1643711880 20.39 81.56 0 4.071
1643711940 20.39 81.63 0 4.071
1643712000 20.44 81.66 0 4.071
1643712060 20.42 81.65 0 4.071
1643712120 20.45 81.74 0 4.071
1643712180 20.42 81.75 0 4.071
1643712240 20.42 81.76 0 4.071
1643712300 20.41 81.77 0 4.071
1643712360 20.45 81.83 0 4.071
1643712420 20.44 81.89 0 4.071
1643712480 20.45 81.95 0 4.065
1643712540 20.44 82.07 0 4.071
1643712600 20.42 82.1 0 4.071
1643712660 20.42 82.18 0 4.065
1643712720 20.42 82.29 0 4.071
1643712780 20.42 82.34 0 4.071
1643712840 20.42 82.41 0 4.071
1643712900 20.41 82.5 0 4.071
1643712960 20.42 82.61 0 4.071
1643713020 20.42 82.66 0 4.071
1643713080 20.41 82.82 0 4.065
1643713140 20.39 82.9 0 4.071
1643713200 20.38 82.99 0 4.071
1643713260 20.39 83.08 0 4.071
1643713320 20.39 83.15 0 4.071
1643713380 20.39 83.27 0 4.065
1643713440 20.39 83.37 0 4.071
1643713500 20.39 83.42 0 4.071
1643713560 20.37 83.52 0 4.071
1643713620 20.35 83.6 0 4.065
1643713680 20.35 83.74 0 4.071
1643713740 20.34 83.8 0 4.065
1643713800 20.34 83.89 0 4.065
1643713860 20.31 83.98 0 4.065
1643713920 20.31 84.08 0 4.071
1643713980 20.32 84.25 0 4.071
1643714040 20.32 84.34 0 4.065
1643714100 20.34 84.43 0 4.071
1643714160 20.34 84.57 0 4.071
1643714220 20.3 84.7 0 4.065
1643714280 20.31 84.78 0 4.065
1643714340 20.31 84.96 0 4.065
1643714400 20.31 84.98 0 4.071
1643714460 20.3 85.12 0 4.065
1643714520 20.31 85.24 0 4.065
1643714580 20.31 85.3 0 4.071
1643714640 20.31 85.42 0 4.071
1643714700 20.3 85.51 0 4.065
1643714760 20.3 85.59 0 4.071
1643714820 20.31 85.71 0 4.065
1643714880 20.32 85.76 0 4.071
1643714940 20.31 85.87 0 4.065
1643715000 20.32 85.92 0 4.071
1643715060 20.28 86 0 4.071
1643715120 20.3 86.07 0 4.065
1643715180 20.27 86.15 0 4.06
1643715240 20.24 86.21 0 4.071
1643715300 20.26 86.27 0 4.071
1643715360 20.23 86.35 0 4.065
1643715420 20.23 86.38 0 4.065
1643715480 20.21 86.46 0 4.065
1643715540 20.24 86.54 0 4.065
1643715600 20.21 86.6 0 4.071
1643715660 20.24 86.65 0 4.065
1643715720 20.21 86.71 0 4.065
1643715780 20.23 86.77 0 4.071
1643715840 20.23 86.78 4 4.065
1643715900 20.23 86.87 4 4.065
1643715960 20.27 86.89 4 4.065
1643716020 20.28 86.97 4 4.065
1643716080 20.26 87.05 4 4.065
1643716140 20.24 87.1 4 4.065
1643716200 20.26 87.16 4 4.065
1643716260 20.26 87.18 4 4.065
1643716320 20.23 87.2 4 4.065
1643716380 20.24 87.27 4 4.065
1643716440 20.26 87.29 10 4.071
1643716500 20.27 87.35 10 4.065
1643716560 20.28 87.35 10 4.065
1643716620 20.3 87.37 10 4.065
1643716680 20.28 87.4 10 4.065
1643716740 20.31 87.42 10 4.065
1643716800 20.34 87.42 10 4.065
1643716860 20.3 87.42 10 4.065
1643716920 20.32 87.42 16 4.065
1643716980 20.32 87.46 16 4.065
1643717040 20.3 87.45 16 4.065
1643717100 20.32 87.46 16 4.065
1643717160 20.35 87.48 16 4.065
1643717220 20.35 87.47 22 4.065
1643717280 20.28 87.49 22 4.065
1643717340 20.32 87.47 22 4.071
1643717400 20.32 87.47 22 4.065
1643717460 20.34 87.46 28 4.065
1643717520 20.38 87.42 28 4.065
1643717580 20.39 87.45 28 4.065
1643717640 20.39 87.46 28 4.065
1643717700 20.41 87.4 28 4.065
1643717760 20.42 87.39 34 4.065
1643717820 20.44 87.41 28 4.065
1643717880 20.47 87.39 34 4.065
1643717940 20.48 87.37 34 4.065
1643718000 20.51 87.36 34 4.06
1643718060 20.52 87.35 34 4.06
1643718120 20.59 87.33 40 4.06
1643718180 20.59 87.28 40 4.065
1643718240 20.64 87.27 40 4.065
1643718300 20.67 87.25 40 4.071
1643718360 20.69 87.23 40 4.071
1643718420 20.74 87.19 40 4.065
1643718480 20.71 87.18 46 4.065
1643718540 20.72 87.14 46 4.065
1643718600 20.77 87.12 46 4.065
1643718660 20.78 87.07 40 4.065
1643718720 20.78 87.07 46 4.065
1643718780 20.79 86.96 46 4.06
1643718840 20.82 86.95 46 4.065
1643718900 20.81 86.91 46 4.065
1643718960 20.81 86.86 46 4.065
1643719020 20.82 86.81 52 4.065
1643719080 20.82 86.81 46 4.065
1643719140 20.86 86.78 52 4.065
1643719200 20.86 86.7 52 4.065
1643719260 20.89 86.71 52 4.065
1643719320 20.92 86.64 52 4.065
1643719380 20.95 86.58 52 4.065
1643719440 21 86.53 58 4.065
1643719500 20.96 86.46 58 4.065
1643719560 20.98 86.45 58 4.065
1643719620 20.98 86.35 64 4.065
1643719680 20.99 86.31 58 4.065
1643719740 21.03 86.26 64 4.06
1643719800 21.02 86.2 64 4.065
1643719860 21.07 86.17 64 4.065
1643719920 21.09 86.11 70 4.06
1643719980 21.1 86.05 70 4.065
1643720040 21.14 86.04 70 4.065
1643720100 21.14 85.96 70 4.065
1643720160 21.14 85.92 76 4.065
1643720220 21.18 85.88 76 4.065
1643720280 21.18 85.81 76 4.065
1643720340 21.2 85.78 76 4.065
1643720400 21.22 85.74 76 4.065
1643720460 21.28 85.69 82 4.065
1643720520 21.32 85.65 82 4.065
1643720580 21.36 85.56 82 4.06
1643720640 21.42 85.5 82 4.065
1643720700 21.42 85.47 88 4.06
1643720760 21.46 85.39 88 4.065
1643720820 21.46 85.33 88 4.065
1643720880 21.53 85.28 88 4.065
1643720940 21.53 85.19 88 4.065
1643721000 21.53 85.08 88 4.065
1643721060 21.6 85.03 88 4.065
1643721120 21.67 84.98 94 4.065
1643721180 21.7 84.9 100 4.065
1643721240 21.7 84.79 100 4.065
1643721300 21.73 84.74 106 4.065
1643721360 21.67 84.71 100 4.065
1643721420 21.7 84.63 100 4.065
1643721480 21.77 84.59 94 4.06
1643721540 21.8 84.5 94 4.065
1643721600 21.81 84.47 94 4.065
1643721660 21.81 84.35 100 4.065
1643721720 21.83 84.25 106 4.065
1643721780 21.85 84.22 106 4.065
1643721840 21.93 84.13 106 4.065
1643721900 22.04 84.16 112 4.065
1643721960 22.01 84.07 112 4.065
1643722020 22.04 83.99 112 4.065
1643722200 22.01 83.95 112 4.065
1643722260 22.05 83.83 112 4.065
1643722320 22.08 83.74 112 4.065
1643722380 22.18 83.65 118 4.065
1643722440 22.19 83.57 118 4.065
1643722500 22.18 83.48 118 4.055
1643722560 22.25 83.29 112 4.06
1643722620 22.34 83.28 106 4.06
1643722680 22.25 83.17 100 4.065
1643722740 22.22 83.1 100 4.065
1643722800 22.22 82.98 100 4.06
1643722860 22.28 82.92 100 4.065
1643722920 22.31 82.8 106 4.06
1643722980 22.35 82.72 106 4.065
1643723040 22.38 82.61 112 4.065
1643723100 22.44 82.55 112 4.065
1643723160 22.42 82.43 112 4.065
1643723220 22.39 82.3 118 4.065
1643723280 22.34 82.14 118 4.065
1643723340 22.28 82.04 124 4.065
1643723400 22.22 81.92 137 4.049
1643723460 22.21 81.74 131 4.06
1643723520 22.19 81.75 131 4.065
1643723580 22.22 81.69 131 4.06
1643723640 22.27 81.62 137 4.065
1643723700 22.32 81.55 131 4.065
1643723760 22.38 81.5 131 4.065
1643723820 22.42 81.49 131 4.065
1643723880 22.45 81.42 131 4.065
1643723940 22.42 81.41 137 4.065
1643724000 22.49 81.38 137 4.065
1643724060 22.51 81.36 137 4.06
1643724120 22.41 81.25 137 4.065
1643724180 22.45 81.22 143 4.065
1643724240 22.48 81.24 143 4.065
1643724300 22.48 81.21 149 4.065
1643724360 22.46 81.2 149 4.065
1643724420 22.45 81.16 149 4.065
1643724480 22.46 81.21 143 4.065
1643724540 22.48 81.16 131 4.065
1643724600 22.46 81.19 118 4.065
1643724660 22.48 81.16 112 4.06
1643724720 22.56 81.19 112 4.065
1643724780 22.66 81.15 112 4.06
1643724840 22.55 81.11 124 4.065
1643724900 22.59 81.11 149 4.065
1643724960 22.65 81.13 143 4.065
1643725020 22.78 81.11 143 4.065
1643725080 22.89 81.1 143 4.065
1643725140 22.99 81.09 143 4.065
1643725200 23.12 81.11 143 4.065
1643725260 23.12 81.05 143 4.065
1643725320 23.12 80.97 143 4.065
1643725380 23.17 80.87 143 4.065
1643725440 23.16 80.79 143 4.065
1643725500 23.26 80.69 149 4.065
1643725560 23.36 80.65 149 4.065
1643725620 23.44 80.58 149 4.071
1643725680 23.47 80.47 149 4.065
1643725740 23.5 80.37 149 4.065
1643725800 23.49 80.26 149 4.065
1643725860 23.57 80.18 155 4.071
1643725920 23.54 80.06 161 4.065
1643725980 23.43 79.9 161 4.065
1643726040 23.34 79.74 167 4.065
1643726100 23.26 79.59 167 4.065
1643726160 23.29 79.49 167 4.065
1643726220 23.31 79.34 179 4.065
1643726280 23.24 79.18 185 4.065
1643726340 23.27 79.06 197 4.065
1643726400 23.39 78.93 215 4.071
1643726460 23.57 78.82 215 4.071
1643726520 23.7 78.71 233 4.071
1643726580 23.77 78.59 249 4.071
1643726640 23.91 78.48 256 4.071
1643726700 23.92 78.3 310 4.071
1643726760 23.91 78.12 370 4.076
1643726820 23.94 78 346 4.076
1643726880 24.11 77.88 322 4.076
1643726940 24.19 77.7 364 4.076
1643727000 24.16 77.54 370 4.071
1643727060 24.25 77.34 370 4.071
1643727120 24.32 77.19 448 4.071
1643727180 24.42 76.96 460 4.071
1643727240 24.61 76.82 436 4.076
1643727300 24.73 76.63 400 4.071
1643727360 24.8 76.4 376 4.071
1643727420 24.76 76.24 304 4.071
1643727480 24.55 76.04 382 4.076
1643727540 24.73 75.91 460 4.076
1643727600 24.8 75.75 376 4.076
1643727660 24.77 75.58 233 4.076
1643727720 24.8 75.43 209 4.071
1643727780 24.85 75.28 203 4.076
1643727840 24.91 75.17 197 4.071
1643727900 24.87 75 185 4.076
1643727960 25.02 74.9 185 4.071
1643728020 25.13 74.82 173 4.071
1643728080 25.06 74.66 167 4.071
1643728140 25.02 74.47 161 4.071
1643728200 24.91 74.34 155 4.071
1643728260 24.86 74.2 155 4.071
1643728320 24.76 74.02 221 4.071
1643728380 24.79 73.94 179 4.071
1643728440 24.69 73.79 155 4.071
1643728500 24.67 73.66 155 4.071
1643728560 24.55 73.55 161 4.071
1643728620 24.46 73.43 167 4.071
1643728680 24.29 73.35 149 4.071
1643728740 24.23 73.26 155 4.071
1643728800 24.25 73.15 173 4.071
1643728860 24.29 73.09 191 4.071
1643728920 24.42 73.06 227 4.071
1643728980 24.43 73 334 4.076
1643729040 24.45 72.95 263 4.076
1643729100 24.48 72.93 406 4.076
1643729160 24.56 72.84 730 4.076
1643729220 24.79 72.79 808 4.076
1643729280 25.03 72.74 899 4.082
1643729340 25.23 72.66 864 4.076
1643729400 25.44 72.62 653 4.082
1643729460 25.63 72.5 412 4.076
1643729520 25.87 72.38 371 4.082
1643729580 25.91 72.15 402 4.076
1643729640 25.98 71.94 432 4.082
1643729700 26.21 71.77 402 4.082
1643729760 26.32 71.56 478 4.082
1643729820 26.25 71.29 371 4.082
1643729880 26.36 71.13 347 4.082
1643729940 26.28 70.87 263 4.076
1643730000 26.22 70.65 251 4.076
1643730060 26.3 70.39 251 4.076
1643730120 26.44 70.18 239 4.082
1643730180 26.38 69.94 227 4.076
1643730240 26.15 69.69 203 4.076
1643730300 26.12 69.53 185 4.076
1643730360 25.99 69.36 179 4.076
1643730420 25.69 69.19 167 4.071
1643730480 25.68 69.09 167 4.071
1643730540 25.63 69.06 173 4.071
1643730600 25.54 69.04 173 4.071
1643730660 25.14 68.92 167 4.076
1643730720 25 68.93 161 4.076
1643730780 24.87 69.03 155 4.071
1643730840 24.87 69.11 161 4.076
1643730900 24.72 69.18 161 4.076
1643730960 24.66 69.31 155 4.076
1643731020 24.55 69.41 167 4.076
1643731080 24.45 69.54 173 4.076
1643731140 24.48 69.7 179 4.076
1643731200 24.48 69.86 179 4.076
1643731260 24.51 70.04 197 4.076
1643731320 24.51 70.17 203 4.076
1643731380 24.43 70.36 215 4.082
1643731440 24.46 70.52 227 4.076
1643731500 24.52 70.7 311 4.076
1643731560 24.61 70.87 376 4.082
1643731620 24.62 70.98 293 4.076
1643731680 24.66 71.11 299 4.082
1643731740 24.83 71.21 305 4.076
1643731800 24.93 71.27 281 4.082
1643731860 25.17 71.4 245 4.082
1643731920 25.18 71.44 251 4.076
1643731980 25.2 71.47 269 4.076
1643732040 25.2 71.44 287 4.076
1643732100 25.2 71.46 275 4.082
1643732160 25.27 71.5 299 4.087
1643732220 25.36 71.45 293 4.087
1643732280 25.28 71.42 287 4.082
1643732340 25.21 71.34 281 4.082
1643732400 25.28 71.3 269 4.082
1643732460 25.26 71.22 269 4.082
1643732520 25.23 71.13 269 4.082
1643732580 25.31 71.1 287 4.082
1643732640 25.36 71.08 281 4.082
1643732700 25.38 70.96 287 4.082
1643732760 25.41 70.88 329 4.082
1643732820 25.49 70.83 426 4.082
1643732880 25.47 70.71 221 4.082
1643732940 25.45 70.67 275 4.082
1643733000 25.49 70.56 408 4.082
1643733060 25.68 70.55 444 4.082
1643733120 25.64 70.44 251 4.082
1643733180 25.63 70.37 251 4.082
1643733240 25.65 70.28 317 4.087
1643733300 25.65 70.19 371 4.087
1643733360 25.56 70.09 466 4.087
1643733420 25.54 70.02 630 4.087
1643733480 25.72 69.93 786 4.087
1643733540 25.91 69.89 1036 4.076
1643733600 26.14 69.82 911 4.071
1643733660 26.33 69.76 918 4.087
1643733720 26.6 69.64 846 4.087
1643733780 26.67 69.5 846 4.092
1643733840 26.87 69.33 588 4.087
1643733900 26.8 69.11 822 4.087
1643733960 26.79 68.92 492 4.087
1643734020 26.53 68.7 618 4.092
1643734080 26.63 68.52 743 4.087
1643734140 26.87 68.35 701 4.087
1643734200 26.96 68.22 564 4.087
1643734260 27.05 67.98 587 4.076
1643734320 26.84 67.7 778 4.076
1643734380 26.82 67.46 911 4.076
1643734440 26.9 67.25 850 4.076
1643734500 27 67.08 908 4.092
1643734560 27.18 66.91 932 4.098
1643734620 27.48 66.75 682 4.076
1643734680 27.58 66.56 353 4.087
1643734740 27.35 66.34 299 4.087
1643734800 27.49 66.18 263 4.082
1643734860 27.55 66 257 4.087
1643734920 27.49 65.76 269 4.087
1643734980 27.3 65.58 281 4.082
1643735040 27.21 65.34 281 4.087
1643735100 27.07 65.24 432 4.087
1643735160 27.08 65.12 889 4.098
1643735220 27 64.97 742 4.082
1643735280 26.76 64.86 820 4.082
1643735340 26.9 64.8 627 4.082
1643735400 27.03 64.71 492 4.092
1643735460 27.11 64.65 540 4.092
1643735520 27.18 64.52 522 4.092
1643735580 27.33 64.49 414 4.092
1643735640 27.34 64.35 384 4.092
1643735700 27.24 64.23 281 4.087
1643735760 27.2 64.12 275 4.087
1643735820 27 63.97 275 4.087
1643735880 26.9 63.91 353 4.087
1643735940 26.86 63.79 353 4.087
1643736000 26.82 63.75 299 4.087
1643736060 26.76 63.71 293 4.087
1643736120 26.53 63.65 323 4.087
1643736180 26.22 63.56 677 4.082
1643736240 26.35 63.59 1049 4.082
1643736300 26.56 63.58 329 4.092
1643736360 26.57 63.62 323 4.092
1643736420 26.59 63.6 365 4.092
1643736480 26.73 63.61 390 4.092
1643736540 26.77 63.59 391 4.092
1643736600 26.94 63.61 365 4.092
1643736660 27 63.61 329 4.092
1643736720 26.9 63.55 329 4.092
1643736780 26.93 63.51 323 4.092
1643736840 27.1 63.5 323 4.092
1643736900 27.24 63.54 359 4.092
1643736960 27.21 63.44 361 4.092
1643737020 27.24 63.41 384 4.092
1643737080 27.2 63.37 472 4.082
1643737140 27.08 63.34 671 4.082
1643737200 27.07 63.31 426 4.092
1643737260 27.03 63.26 377 4.092
1643737320 27.01 63.22 353 4.092
1643737380 27.05 63.2 365 4.098
1643737440 27.14 63.2 377 4.092
1643737500 27.11 63.21 433 4.098
1643737560 27.07 63.13 456 4.082
1643737620 27.01 63.12 439 4.098
1643737680 27.07 63.21 427 4.092
1643737740 27.08 63.21 408 4.087
1643737800 26.91 63.18 408 4.098
1643737860 27 63.21 377 4.092
1643737920 27.15 63.26 341 4.092
1643737980 27.27 63.32 341 4.092
1643738040 27.07 63.29 287 4.092
1643738100 26.86 63.32 287 4.092
1643738160 26.84 63.32 317 4.092
1643738220 26.74 63.39 355 4.092
1643738280 26.66 63.48 385 4.098
1643738340 26.7 63.5 414 4.082
1643738400 26.6 63.57 617 4.087
1643738460 26.6 63.65 468 4.087
1643738520 26.5 63.75 444 4.087
1643738580 26.4 63.83 432 4.082
1643738640 26.4 63.9 432 4.098
1643738700 26.44 64.03 415 4.092
1643738760 26.59 64.14 433 4.098
1643738820 26.62 64.24 472 4.082
1643738880 26.52 64.34 466 4.082
1643738940 26.59 64.44 486 4.087
1643739000 26.49 64.56 655 4.082
1643739060 26.52 64.7 1158 4.082
1643739120 26.76 64.84 611 4.082
1643739180 26.98 64.95 475 4.098
1643739240 27.21 65.05 558 4.087
1643739300 27.33 65.11 512 4.098
1643739360 27.54 65.12 539 4.082
1643739420 27.49 65.1 635 4.082
1643739480 27.61 65.1 575 4.098
1643739540 27.79 65.08 530 4.098
1643739600 27.82 65.03 504 4.087
1643739660 27.72 64.96 502 4.087
1643739720 27.59 64.89 527 4.098
1643739780 27.56 64.83 557 4.082
1643739840 27.58 64.73 605 4.082
1643739900 27.58 64.63 493 4.098
1643739960 27.62 64.57 499 4.098
1643740020 27.56 64.5 953 4.082
1643740080 27.37 64.41 593 4.082
1643740140 27.3 64.32 581 4.082
1643740200 27.25 64.24 623 4.082
1643740260 27.34 64.2 493 4.098
1643740320 27.61 64.12 487 4.098
1643740380 27.65 64.02 569 4.087
1643740440 27.84 63.91 643 4.082
1643740500 27.65 63.83 620 4.098
1643740560 27.92 63.76 572 4.098
1643740620 28.19 63.77 1397 4.082
1643740680 28.37 63.61 917 4.087
1643740740 28.49 63.47 1278 4.082
1643740800 28.64 63.29 1049 4.087
1643740860 28.84 63.13 1260 4.082
1643740920 29.15 62.96 1361 4.082
1643740980 29.34 62.75 1361 4.082
1643741040 29.75 62.54 1322 4.082
1643741100 29.96 62.3 1319 4.082
1643741160 29.92 61.93 1355 4.082
1643741220 30.02 61.66 1409 4.082
1643741280 30.33 61.32 546 4.098
1643741340 30.1 60.93 518 4.098
1643741400 29.82 60.52 524 4.098
1643741460 29.48 60.18 722 4.098
1643741520 29.29 59.94 768 4.087
1643741580 29.24 59.68 1337 4.087
1643741640 29.24 59.43 804 4.098
1643741700 29.1 59.13 572 4.098
1643741760 29.28 59.01 840 4.087
1643741820 29.28 58.8 1242 4.082
1643741880 29.31 58.67 564 4.087
1643741940 29.29 58.53 995 4.103
1643742000 29.69 58.46 1194 4.082
1643742060 29.65 58.34 572 4.098
1643742120 29.75 58.22 1286 4.087
1643742180 30.03 58.08 995 4.087
1643742240 29.75 57.91 548 4.098
1643742300 29.72 57.78 554 4.103
1643742360 29.55 57.62 882 4.082
1643742420 29.52 57.41 596 4.098
1643742480 29.39 57.25 661 4.098
1643742540 29.11 57.07 1280 4.082
1643742600 28.82 56.87 480 4.098
1643742660 28.91 56.76 463 4.098
1643742720 28.94 56.65 463 4.098
1643742780 28.73 56.55 1364 4.087
1643742840 28.64 56.49 755 4.087
1643742900 28.69 56.46 353 4.092
1643742960 28.69 56.56 353 4.092
1643743020 28.73 56.54 371 4.092
1643743080 28.57 56.56 1111 4.087
1643743140 28.57 56.63 480 4.098
1643743200 28.86 56.71 457 4.098
1643743260 28.73 56.7 1033 4.087
1643743320 28.86 56.82 1027 4.087
1643743380 29.11 56.89 1182 4.082
1643743440 29.14 56.91 486 4.087
1643743500 29.39 57 1231 4.082
1643743560 29.48 56.98 1201 4.087
1643743620 29.51 57.01 1207 4.087
1643743680 29.95 57.01 1218 4.087
1643743740 30.05 56.95 1242 4.082
1643743800 30 56.82 1230 4.082
1643743860 30.27 56.73 1230 4.087
1643743920 30.56 56.68 1224 4.082
1643743980 30.84 56.5 945 4.098
1643744040 30.95 56.3 969 4.098
1643744100 30.61 56.04 1177 4.082
1643744160 30.6 55.85 1170 4.087
1643744220 30.48 55.62 1158 4.082
1643744280 30 55.38 1147 4.082
1643744340 29.92 55.2 1085 4.082
1643744400 29.86 55.15 1117 4.082
1643744460 29.99 55.02 1085 4.082
1643744520 30.28 54.97 1036 4.098
1643744580 30.46 54.9 1037 4.082
1643744640 30.38 54.8 1030 4.098
1643744700 30.78 54.72 1036 4.098
1643744760 30.77 54.57 1033 4.082
1643744820 30.75 54.46 1008 4.082
1643744880 30.53 54.24 998 4.092
1643744940 30.54 54.2 999 4.098
1643745000 30.68 54.13 983 4.087
1643745060 30.91 54.06 987 4.098
1643745120 30.94 53.97 944 4.092
1643745180 30.84 53.86 951 4.098
1643745240 30.4 53.79 932 4.098
1643745300 30.47 53.74 927 4.092
1643745360 30.66 53.76 912 4.087
1643745420 30.48 53.61 882 4.087
1643745480 30.34 53.48 880 4.087
1643745540 30.33 53.41 733 4.092
1643745600 30.53 53.44 853 4.098
1643745660 30.73 53.36 323 4.092
1643745720 30.82 53.26 245 4.087
1643745780 30.58 53.12 245 4.087
1643745840 30.07 53.06 829 4.092
1643745900 29.87 53.03 787 4.092
1643745960 30 53.08 781 4.092
1643746020 29.63 53.13 787 4.092
1643746080 29.29 53.13 811 4.092
1643746140 29.32 53.27 805 4.098
1643746200 29.45 53.42 835 4.092
1643746260 29.49 53.46 859 4.092
1643746320 29.34 53.59 841 4.098
1643746380 29.51 53.73 847 4.098
1643746440 29.52 53.84 847 4.092
1643746500 29.51 53.89 831 4.092
1643746560 29.69 53.98 829 4.092
1643746620 29.63 54.08 841 4.092
1643746680 29.66 54.15 191 4.092
1643746740 29.71 54.27 203 4.092
1643746800 29.52 54.34 209 4.092
1643746860 29.31 54.39 877 4.092
1643746920 29.2 54.5 873 4.092
1643746980 29.14 54.65 867 4.092
1643747040 29.1 54.77 245 4.092
1643747100 29.24 54.83 215 4.092
1643747160 29.32 54.91 805 4.092
1643747220 29.15 55.07 570 4.098
1643747280 29.12 55.17 801 4.092
1643747340 29.29 55.27 819 4.098
1643747400 29.31 55.36 865 4.098
1643747460 29.39 55.44 853 4.092
1643747520 29.51 55.52 799 4.092
1643747580 29.42 55.59 781 4.098
1643747640 29.63 55.64 763 4.098
1643747700 29.86 55.73 745 4.092
1643747760 30.22 55.75 757 4.092
1643747820 29.96 55.71 757 4.092
1643747880 29.77 55.65 775 4.092
1643747940 30.02 55.62 781 4.098
1643748000 29.85 55.57 789 4.098
1643748060 29.72 55.48 721 4.098
1643748120 29.45 55.37 239 4.098
1643748180 29.07 55.38 245 4.098
1643748240 28.89 55.35 698 4.092
1643748300 28.94 55.38 703 4.092
1643748360 28.98 55.43 715 4.092
1643748420 28.98 55.51 209 4.092
1643748480 28.82 55.58 191 4.092
1643748540 28.89 55.65 739 4.098
1643748600 28.93 55.69 185 4.092
1643748660 28.77 55.79 167 4.092
1643748720 28.53 55.88 161 4.092
1643748780 28.43 56.02 161 4.092
1643748840 28.16 56.08 143 4.092
1643748900 27.98 56.23 137 4.087
1643748960 27.75 56.4 594 4.092
1643749020 27.47 56.48 673 4.098
1643749080 27.52 56.7 673 4.092
1643749140 27.58 56.93 667 4.092
1643749200 27.84 57.17 667 4.092
1643749260 27.92 57.37 655 4.092
1643749320 27.94 57.55 655 4.092
1643749380 28.24 57.74 644 4.092
1643749440 28.46 57.88 636 4.098
1643749500 28.74 58.02 643 4.092
1643749560 28.53 58.06 636 4.092
1643749620 28.82 58.13 618 4.098
1643749680 28.74 58.14 570 4.098
1643749740 28.49 58.16 265 4.092
1643749800 28.59 58.22 582 4.092
1643749860 28.53 58.28 572 4.098
1643749920 28.64 58.28 558 4.098
1643749980 28.53 58.32 560 4.098
1643750040 28.35 58.35 554 4.098
1643750100 28.32 58.38 524 4.098
1643750160 28.45 58.42 426 4.092
1643750220 28.57 58.48 281 4.092
1643750280 28.59 58.53 239 4.098
1643750340 28.33 58.56 227 4.092
1643750400 28.1 58.59 221 4.092
1643750460 27.95 58.67 216 4.098
1643750520 27.76 58.73 233 4.092
1643750580 27.69 58.85 240 4.098
1643750640 27.68 59 209 4.092
1643750700 27.56 59.11 192 4.092
1643750760 27.48 59.27 185 4.092
1643750820 27.25 59.4 179 4.092
1643750880 27.04 59.56 168 4.092
1643750940 27.04 59.68 161 4.098
1643751000 27.03 59.88 161 4.092
1643751060 26.87 60.02 156 4.092
1643751120 26.89 60.2 149 4.092
1643751180 26.94 60.42 155 4.092
1643751240 26.97 60.63 167 4.092
1643751300 27 60.77 179 4.092
1643751360 26.98 60.95 155 4.092
1643751420 26.93 61.07 149 4.092
1643751480 26.9 61.25 149 4.092
1643751540 26.91 61.38 156 4.092
1643751600 26.87 61.54 149 4.092
1643751660 26.86 61.71 150 4.092
1643751720 26.72 61.82 155 4.092
1643751780 26.73 61.9 162 4.092
1643751840 26.73 62.11 167 4.092
1643751900 26.77 62.22 173 4.092
1643751960 26.82 62.34 186 4.092
1643752020 26.89 62.46 191 4.098
1643752080 26.86 62.55 197 4.098
1643752140 26.84 62.64 192 4.098
1643752200 26.87 62.79 192 4.092
1643752260 26.83 62.87 185 4.092
1643752320 26.77 62.95 185 4.098
1643752380 26.64 62.99 180 4.092
1643752440 26.72 63.1 185 4.092
1643752500 26.77 63.18 186 4.098
1643752560 26.8 63.27 179 4.098
1643752620 26.84 63.35 191 4.092
1643752680 26.77 63.44 186 4.098
1643752740 26.73 63.52 179 4.092
1643752800 26.69 63.61 173 4.092
1643752860 26.7 63.71 173 4.092
1643752920 26.67 63.8 168 4.092
1643752980 26.72 63.95 156 4.092
1643753040 26.7 64.02 143 4.092
1643753100 26.67 64.14 137 4.092
1643753160 26.69 64.24 131 4.092
1643753220 26.69 64.31 118 4.092
1643753280 26.77 64.41 118 4.092
1643753340 26.74 64.46 112 4.092
1643753400 26.79 64.49 118 4.092
1643753460 26.73 64.61 112 4.092
1643753520 26.63 64.67 124 4.092
1643753580 26.54 64.73 112 4.092
1643753640 26.49 64.82 118 4.092
1643753700 26.49 64.86 131 4.092
1643753760 26.42 64.91 143 4.092
1643753820 26.39 65 149 4.092
1643753880 26.38 65.03 143 4.092
1643753940 26.38 65.09 131 4.092
1643754000 26.33 65.17 124 4.092
1643754060 26.33 65.25 118 4.092
1643754120 26.29 65.25 118 4.092
1643754180 26.25 65.31 118 4.098
1643754240 26.32 65.42 118 4.092
1643754300 26.33 65.43 112 4.092
1643754360 26.32 65.51 112 4.092
1643754420 26.33 65.55 100 4.092
1643754480 26.28 65.61 88 4.092
1643754540 26.21 65.68 76 4.092
1643754600 26.22 65.74 70 4.092
1643754660 26.22 65.82 76 4.092
1643754720 26.23 65.88 88 4.092
1643754780 26.15 65.94 94 4.092
1643754840 26.11 65.99 100 4.092
1643754900 26.03 66.03 88 4.076
1643754960 26.01 66.09 88 4.092
1643755020 25.98 66.13 82 4.092
1643755080 25.96 66.2 76 4.087
1643755140 25.98 66.29 70 4.087
1643755200 25.93 66.35 64 4.087
1643755260 25.93 66.42 64 4.092
1643755320 25.88 66.44 64 4.087
1643755380 25.88 66.47 58 4.087
1643755440 25.77 66.49 64 4.087
1643755500 25.79 66.47 64 4.087
1643755560 25.79 66.49 58 4.092
1643755620 25.72 66.45 58 4.092
1643755680 25.67 66.44 52 4.092
1643755740 25.67 66.47 52 4.092
1643755800 25.65 66.5 58 4.087
1643755860 25.69 66.5 58 4.087
1643755920 25.67 66.55 58 4.092
1643755980 25.63 66.58 58 4.087
1643756040 25.58 66.64 58 4.087
1643756100 25.57 66.7 58 4.087
1643756160 25.57 66.75 52 4.087
1643756220 25.54 66.76 52 4.092
1643756280 25.54 66.84 52 4.087
1643756340 25.56 66.92 46 4.092
1643756520 25.56 67 52 4.087
1643756580 25.54 67.03 52 4.092
1643756640 25.52 67.13 46 4.087
1643756700 25.52 67.15 46 4.092
1643756760 25.56 67.23 46 4.087
1643756820 25.54 67.31 40 4.082
1643756880 25.44 67.45 40 4.087
1643756940 25.42 67.49 34 4.087
1643757000 25.4 67.54 28 4.087
1643757060 25.41 67.67 28 4.087
1643757120 25.4 67.73 28 4.087
1643757180 25.38 67.82 28 4.087
1643757240 25.33 67.88 22 4.087
1643757300 25.34 67.98 22 4.087
1643757360 25.31 68.06 22 4.087
1643757420 25.28 68.13 16 4.087
1643757480 25.24 68.23 16 4.087
1643757540 25.18 68.28 16 4.092
1643757600 25.16 68.38 16 4.087
1643757660 25.13 68.45 10 4.087
1643757720 25.14 68.55 10 4.076
1643757780 25.02 68.74 10 4.087
1643757840 25.03 68.8 10 4.082
1643757900 24.94 68.86 10 4.087
1643757960 24.91 68.95 4 4.087
1643758020 24.87 69 4 4.087
1643758080 24.83 69.13 4 4.087
1643758140 24.8 69.2 4 4.087
1643758200 24.82 69.27 4 4.087
1643758260 24.8 69.39 4 4.087
1643758320 24.8 69.5 4 4.087
1643758380 24.8 69.64 4 4.087
1643758440 24.77 69.71 4 4.087
1643758500 24.79 69.82 4 4.087
1643758560 24.77 69.89 4 4.087
1643758620 24.73 70 4 4.082
1643758680 24.72 70.07 4 4.087
1643758740 24.67 70.17 4 4.082
1643758800 24.67 70.24 0 4.087
1643758860 24.67 70.3 0 4.087
1643758920 24.63 70.41 0 4.087
1643758980 24.61 70.47 0 4.087
1643759040 24.63 70.56 0 4.087
1643759100 24.58 70.64 0 4.087
1643759160 24.55 70.67 0 4.087
1643759220 24.55 70.76 0 4.082
1643759280 24.58 70.87 0 4.087
1643759340 24.56 70.93 0 4.087
1643759400 24.53 71.01 0 4.082
1643759460 24.52 71.1 0 4.087
1643759520 24.51 71.21 0 4.087
1643759580 24.53 71.28 0 4.087
1643759640 24.55 71.34 0 4.087
1643759700 24.56 71.37 0 4.087
1643759760 24.58 71.42 0 4.087
1643759820 24.59 71.42 0 4.087
1643759880 24.58 71.49 0 4.087
1643759940 24.59 71.5 0 4.087
1643760000 24.58 71.53 0 4.087
1643760060 24.61 71.59 0 4.087
1643760120 24.59 71.58 0 4.087
1643760180 24.58 71.58 0 4.087
1643760240 24.56 71.62 0 4.087
1643760300 24.56 71.62 0 4.087
1643760360 24.53 71.67 0 4.082
1643760420 24.53 71.68 0 4.082
1643760480 24.52 71.68 0 4.087
1643760540 24.49 71.72 0 4.087
1643760600 24.48 71.75 0 4.087
1643760660 24.45 71.82 0 4.087
1643760720 24.43 71.86 0 4.082
1643760780 24.42 71.9 0 4.087
1643760840 24.39 71.99 0 4.087
1643760900 24.39 72.02 0 4.087
1643760960 24.36 72.11 0 4.087
1643761020 24.35 72.19 0 4.087
1643761080 24.35 72.28 0 4.087
1643761140 24.33 72.34 0 4.087
1643761200 24.32 72.4 0 4.087
1643761260 24.29 72.46 0 4.087
1643761320 24.31 72.54 0 4.087
1643761380 24.33 72.63 0 4.087
1643761440 24.29 72.68 0 4.082
1643761500 24.26 72.73 0 4.082
1643761560 24.26 72.82 0 4.082
1643761620 24.28 72.87 0 4.087
1643761680 24.26 72.97 0 4.087
1643761740 24.26 73.01 0 4.082
1643761800 24.25 73.09 0 4.087
1643761860 24.25 73.16 0 4.087
1643761920 24.23 73.2 0 4.087
1643761980 24.25 73.23 0 4.082
1643762040 24.25 73.32 0 4.087
1643762100 24.26 73.34 0 4.082
1643762160 24.29 73.37 0 4.082
1643762220 24.28 73.43 0 4.082
1643762280 24.26 73.46 0 4.082
1643762340 24.29 73.48 0 4.082
1643762400 24.29 73.51 0 4.082
1643762460 24.28 73.49 0 4.082
1643762520 24.28 73.52 0 4.082
1643762580 24.28 73.51 0 4.082
1643762640 24.26 73.53 0 4.082
1643762700 24.31 73.5 0 4.082
1643762760 24.28 73.56 0 4.082
1643762820 24.31 73.51 0 4.087
1643762880 24.31 73.5 0 4.087
1643762940 24.29 73.49 0 4.087
1643763000 24.28 73.47 0 4.082
1643763060 24.31 73.44 0 4.082
1643763120 24.29 73.41 0 4.082
1643763180 24.31 73.42 0 4.082
1643763240 24.29 73.37 0 4.087
1643763300 24.31 73.37 0 4.082
1643763360 24.32 73.35 0 4.087
1643763420 24.33 73.35 0 4.082
1643763480 24.31 73.25 0 4.087
1643763540 24.31 73.21 0 4.082
1643763600 24.31 73.2 0 4.087
1643763660 24.32 73.15 0 4.082
1643763720 24.29 73.07 0 4.082
1643763780 24.31 73.04 0 4.082
1643763840 24.31 72.99 0 4.082
1643763900 24.33 72.95 0 4.082
1643763960 24.32 72.91 0 4.087
1643764020 24.33 72.85 0 4.082
1643764080 24.32 72.8 0 4.082
1643764140 24.28 72.75 0 4.082
1643764200 24.28 72.71 0 4.082
1643764260 24.26 72.7 0 4.082
1643764320 24.23 72.67 0 4.082
1643764380 24.19 72.63 0 4.082
1643764440 24.19 72.67 0 4.082
1643764500 24.14 72.67 0 4.082
1643764560 24.14 72.71 0 4.082
1643764620 24.1 72.68 0 4.082
1643764680 24.05 72.72 0 4.082
1643764740 24.05 72.74 0 4.082
1643764800 24.04 72.77 0 4.082
1643764860 24.02 72.83 0 4.082
1643764920 24 72.85 0 4.082
1643764980 23.98 72.9 0 4.082
1643765040 23.97 72.96 0 4.082
1643765100 23.95 72.95 0 4.082
1643765160 23.92 73.04 0 4.082
1643765220 23.89 73.11 0 4.082
1643765280 23.88 73.16 0 4.082
1643765340 23.88 73.18 0 4.082
1643765400 23.85 73.21 0 4.082
1643765460 23.85 73.2 0 4.082
1643765520 23.84 73.22 0 4.082
1643765580 23.82 73.18 0 4.082
1643765640 23.84 73.22 0 4.082
1643765700 23.85 73.17 0 4.082
1643765760 23.84 73.12 0 4.082
1643765820 23.82 73.05 0 4.082
1643765880 23.8 73.01 0 4.082
1643765940 23.81 72.95 0 4.082
1643766000 23.8 72.9 0 4.082
1643766060 23.77 72.82 0 4.082
1643766120 23.77 72.79 0 4.082
1643766180 23.8 72.72 0 4.082
1643766240 23.75 72.64 0 4.082
1643766300 23.72 72.57 0 4.082
1643766360 23.74 72.51 0 4.087
1643766420 23.7 72.49 0 4.082
1643766480 23.67 72.44 0 4.082
1643766540 23.65 72.37 0 4.082
1643766600 23.63 72.33 0 4.087
1643766660 23.6 72.33 0 4.082
1643766720 23.57 72.29 0 4.082
1643766780 23.54 72.3 0 4.082
1643766840 23.5 72.25 0 4.082
1643766900 23.47 72.27 0 4.082
1643766960 23.47 72.27 0 4.082
1643767020 23.41 72.23 0 4.082
1643767080 23.4 72.18 0 4.082
1643767140 23.4 72.26 0 4.082
1643767200 23.36 72.26 0 4.082
1643767260 23.36 72.25 0 4.082
1643767320 23.34 72.26 0 4.082
1643767380 23.36 72.28 0 4.082
1643767440 23.31 72.3 0 4.082
1643767500 23.33 72.3 0 4.082
1643767560 23.31 72.34 0 4.082
1643767620 23.27 72.35 0 4.082
1643767680 23.23 72.39 0 4.082
1643767740 23.23 72.44 0 4.082
1643767800 23.17 72.43 0 4.082
1643767860 23.12 72.49 0 4.082
1643767920 23.06 72.52 0 4.076
1643767980 23.03 72.56 0 4.082
1643768040 23.02 72.69 0 4.082
1643768100 23.02 72.68 0 4.082
1643768160 22.96 72.74 0 4.082
1643768220 22.99 72.78 0 4.082
1643768280 22.96 72.86 0 4.082
1643768340 22.97 72.91 0 4.082
1643768400 22.96 73 0 4.082
1643768460 22.96 73.08 0 4.082
1643768520 22.93 73.18 0 4.082
1643768580 22.95 73.26 0 4.082
1643768640 22.93 73.36 0 4.082
1643768700 22.9 73.44 0 4.082
1643768760 22.88 73.51 0 4.082
1643768820 22.88 73.62 0 4.082
1643768880 22.86 73.67 0 4.082
1643768940 22.83 73.78 0 4.082
1643769000 22.83 73.86 0 4.082
1643769060 22.82 73.96 0 4.082
1643769120 22.79 74.03 0 4.082
1643769180 22.76 74.09 0 4.082
1643769240 22.72 74.2 0 4.082
1643769300 22.69 74.28 0 4.082
1643769360 22.68 74.37 0 4.082
1643769420 22.66 74.43 0 4.082
1643769480 22.65 74.53 0 4.082
1643769540 22.65 74.58 0 4.082
1643769600 22.65 74.68 0 4.076
1643769660 22.62 74.73 0 4.082
1643769720 22.63 74.81 0 4.082
1643769780 22.62 74.86 0 4.082
1643769840 22.62 74.91 0 4.082
1643769900 22.61 74.98 0 4.082
1643769960 22.61 75.04 0 4.082
1643770020 22.61 75.11 0 4.082
1643770080 22.56 75.19 0 4.082
1643770140 22.55 75.21 0 4.082
1643770200 22.56 75.28 0 4.082
1643770260 22.56 75.39 0 4.082
1643770320 22.55 75.39 0 4.082
1643770380 22.56 75.44 0 4.076
1643770440 22.55 75.51 0 4.082
1643770500 22.58 75.57 0 4.082
1643770560 22.55 75.58 0 4.076
1643770620 22.58 75.67 0 4.082
1643770680 22.58 75.69 0 4.082
1643770740 22.58 75.73 0 4.082
1643770800 22.59 75.8 0 4.082
1643770860 22.58 75.82 0 4.082
1643770920 22.58 75.87 0 4.076
1643770980 22.58 75.93 0 4.082
1643771040 22.56 75.94 0 4.082
1643771100 22.55 75.98 0 4.082
1643771160 22.58 76.01 0 4.082
1643771220 22.59 76.01 0 4.082
1643771280 22.61 76.06 0 4.076
1643771340 22.61 76.08 0 4.082
1643771400 22.61 76.08 0 4.082
1643771460 22.62 76.07 0 4.076
1643771520 22.62 76.07 0 4.082
1643771580 22.65 76.07 0 4.076
1643771640 22.68 76.08 0 4.082
1643771700 22.68 76.02 0 4.082
1643771760 22.68 76 0 4.082
1643771820 22.69 75.96 0 4.076
1643771880 22.72 75.94 0 4.082
1643771940 22.69 75.92 0 4.076
1643772000 22.7 75.89 0 4.082
1643772060 22.69 75.9 0 4.082
1643772120 22.7 75.94 0 4.076
1643772180 22.72 75.9 0 4.082
1643772240 22.7 75.91 0 4.076
1643772300 22.68 75.9 0 4.076
1643772360 22.63 75.92 0 4.082
1643772420 22.59 75.98 0 4.082
1643772480 22.61 76.02 0 4.076
1643772540 22.58 76.02 0 4.076
1643772600 22.54 76.07 0 4.076
1643772660 22.48 76.13 0 4.082
1643772720 22.48 76.18 0 4.076
1643772780 22.44 76.2 0 4.082
1643772840 22.41 76.29 0 4.082
1643772900 22.36 76.34 0 4.076
1643772960 22.32 76.36 0 4.076
1643773020 22.3 76.46 0 4.076
1643773080 22.27 76.53 0 4.076
1643773140 22.25 76.62 0 4.076
1643773200 22.25 76.68 0 4.082
1643773260 22.22 76.78 0 4.076
1643773320 22.19 76.85 0 4.076
1643773380 22.21 76.94 0 4.076
1643773440 22.18 77 0 4.082
1643773500 22.15 77.08 0 4.082
1643773560 22.19 77.2 0 4.076
1643773620 22.16 77.23 0 4.076
1643773680 22.15 77.32 0 4.076
1643773740 22.14 77.35 0 4.082
1643773800 22.14 77.44 0 4.076
1643773860 22.1 77.47 0 4.076
1643773920 22.08 77.52 0 4.082
1643773980 22.04 77.58 0 4.076
1643774040 21.98 77.65 0 4.082
1643774100 22 77.69 0 4.076
1643774160 21.97 77.76 0 4.082
1643774220 21.95 77.79 0 4.076
1643774280 21.95 77.83 0 4.076
1643774340 21.93 77.9 0 4.082
1643774400 21.88 77.96 0 4.076
1643774460 21.88 77.99 0 4.076
1643774520 21.9 78.07 0 4.082
1643774580 21.87 78.16 0 4.082
1643774640 21.87 78.17 0 4.076
1643774700 21.83 78.21 0 4.076
1643774760 21.83 78.27 0 4.076
1643774820 21.81 78.32 0 4.076
1643774880 21.77 78.33 0 4.076
1643774940 21.76 78.4 0 4.076
1643775000 21.74 78.41 0 4.076
1643775060 21.74 78.47 0 4.082
1643775120 21.68 78.52 0 4.076
1643775180 21.7 78.57 0 4.076
1643775240 21.7 78.62 0 4.082
1643775300 21.7 78.66 0 4.076
1643775360 21.7 78.71 0 4.076
1643775420 21.68 78.79 0 4.076
1643775480 21.71 78.87 0 4.076
1643775540 21.68 78.93 0 4.082
1643775600 21.67 79.01 0 4.076
1643775660 21.67 79.05 0 4.076
1643775720 21.65 79.15 0 4.076
1643775780 21.65 79.2 0 4.076
1643775840 21.65 79.27 0 4.082
1643775900 21.65 79.36 0 4.076
1643775960 21.64 79.44 0 4.076
1643776020 21.63 79.46 0 4.076
1643776080 21.61 79.56 0 4.076
1643776140 21.61 79.62 0 4.076
1643776200 21.63 79.67 0 4.076
1643776260 21.61 79.75 0 4.076
1643776320 21.6 79.76 0 4.082
1643776380 21.6 79.8 0 4.076
1643776440 21.6 79.81 0 4.076
1643776500 21.6 79.87 0 4.076
1643776560 21.6 79.91 0 4.076
1643776620 21.61 79.94 0 4.076
1643776680 21.61 79.94 0 4.076
1643776740 21.61 79.94 0 4.076
1643776800 21.67 80.03 0 4.082
1643776860 21.61 80.03 0 4.076
1643776920 21.64 80.03 0 4.076
1643776980 21.63 80.08 0 4.076
1643777040 21.6 80.09 0 4.076
1643777100 21.58 80.11 0 4.076
1643777160 21.57 80.11 0 4.076
1643777220 21.6 80.15 0 4.076
1643777280 21.57 80.15 0 4.076
1643777340 21.56 80.22 0 4.076
1643777400 21.56 80.2 0 4.076
1643777460 21.53 80.26 0 4.076
1643777520 21.56 80.28 0 4.076
1643777580 21.54 80.3 0 4.076
1643777640 21.54 80.33 0 4.076
1643777700 21.5 80.33 0 4.076
1643777760 21.53 80.34 0 4.076
1643777820 21.53 80.32 0 4.076
1643777880 21.54 80.33 0 4.076
1643777940 21.53 80.34 0 4.076
