1640840400 21.06 92.62 0 4.071
1640840460 21.05 92.62 0 4.065
1640840520 21.03 92.62 0 4.071
1640840580 21 92.62 0 4.071
1640840640 21.03 92.64 0 4.071
1640840700 21 92.63 0 4.071
1640840760 21.03 92.61 0 4.071
1640840820 21.05 92.65 0 4.071
1640840880 21.06 92.61 0 4.071
1640840940 21.07 92.66 0 4.071
1640841000 21.09 92.66 0 4.071
1640841060 21.09 92.66 0 4.065
1640841120 21.07 92.63 0 4.071
1640841180 21.12 92.67 0 4.071
1640841240 21.1 92.65 0 4.071
1640841300 21.1 92.7 0 4.071
1640841360 21.12 92.71 0 4.071
1640841420 21.1 92.71 0 4.071
1640841480 21.12 92.72 0 4.071
1640841540 21.06 92.74 0 4.071
1640841600 21.09 92.73 0 4.071
1640841660 21.09 92.76 0 4.071
1640841720 21.07 92.74 0 4.065
1640841780 21.06 92.74 0 4.071
1640841840 21.05 92.74 0 4.065
1640841900 21.07 92.75 0 4.071
1640841960 21.05 92.74 0 4.065
1640842020 21.03 92.78 0 4.065
1640842080 21.05 92.77 0 4.071
1640842140 21.03 92.79 0 4.065
1640842200 21 92.77 0 4.065
1640842260 21.02 92.77 0 4.071
1640842320 21.02 92.81 0 4.071
1640842380 20.98 92.8 0 4.071
1640842440 20.99 92.73 0 4.071
1640842500 21 92.77 0 4.071
1640842560 20.99 92.78 0 4.071
1640842620 20.98 92.77 0 4.071
1640842680 20.98 92.76 0 4.071
1640842740 20.99 92.72 0 4.071
1640842800 20.99 92.73 0 4.071
1640842860 20.98 92.76 0 4.065
1640842920 20.98 92.73 0 4.065
1640842980 20.99 92.75 0 4.071
1640843040 21.02 92.69 0 4.071
1640843100 20.96 92.71 0 4.071
1640843160 20.9 92.66 0 4.071
1640843220 20.89 92.63 0 4.071
1640843280 20.92 92.66 0 4.065
1640843340 20.89 92.59 0 4.065
1640843400 20.89 92.57 0 4.065
1640843460 20.89 92.56 0 4.065
1640843520 20.88 92.53 0 4.071
1640843580 20.88 92.5 0 4.071
1640843640 20.88 92.52 0 4.071
1640843700 20.86 92.51 0 4.065
1640843760 20.86 92.47 0 4.065
1640843820 20.83 92.43 0 4.065
1640843880 20.83 92.45 0 4.071
1640843940 20.82 92.44 0 4.071
1640844000 20.79 92.42 0 4.065
1640844060 20.82 92.41 0 4.071
1640844120 20.79 92.42 0 4.071
1640844180 20.78 92.41 0 4.071
1640844240 20.78 92.44 0 4.065
1640844300 20.78 92.42 0 4.065
1640844360 20.77 92.46 0 4.071
1640844420 20.74 92.44 0 4.065
1640844480 20.74 92.45 0 4.071
1640844540 20.71 92.43 0 4.071
1640844600 20.71 92.46 0 4.071
1640844660 20.69 92.48 0 4.071
1640844720 20.69 92.49 0 4.071
1640844780 20.68 92.48 0 4.071
1640844840 20.64 92.5 0 4.065
1640844900 20.59 92.51 0 4.065
1640844960 20.58 92.49 0 4.065
1640845020 20.54 92.45 0 4.065
1640845080 20.55 92.46 0 4.071
1640845140 20.58 92.44 0 4.065
1640845200 20.61 92.4 0 4.065
1640845260 20.61 92.41 0 4.065
1640845320 20.64 92.37 0 4.065
1640845380 20.67 92.35 0 4.071
1640845440 20.75 92.31 0 4.065
1640845500 20.79 92.36 0 4.065
1640845560 20.77 92.33 0 4.065
1640845620 20.74 92.35 0 4.065
1640845680 20.71 92.32 0 4.065
1640845740 20.74 92.3 0 4.065
1640845800 20.69 92.32 0 4.065
1640845860 20.74 92.35 0 4.065
1640845920 20.72 92.31 0 4.065
1640845980 20.68 92.34 0 4.071
1640846040 20.64 92.34 0 4.065
1640846100 20.64 92.33 0 4.065
1640846160 20.64 92.37 0 4.065
1640846220 20.69 92.41 0 4.065
1640846280 20.62 92.43 0 4.065
1640846340 20.61 92.43 0 4.071
1640846400 20.55 92.46 0 4.065
1640846460 20.56 92.53 0 4.065
1640846520 20.54 92.56 0 4.065
1640846580 20.51 92.61 0 4.071
1640846640 20.51 92.67 0 4.065
1640846700 20.47 92.69 0 4.065
1640846760 20.45 92.73 0 4.065
1640846820 20.41 92.74 0 4.071
1640846880 20.38 92.81 0 4.065
1640846940 20.39 92.86 0 4.065
1640847000 20.38 92.89 0 4.065
1640847060 20.38 92.94 0 4.065
1640847120 20.38 92.97 0 4.065
1640847180 20.35 93.04 0 4.065
1640847240 20.34 93.06 0 4.065
1640847300 20.35 93.12 0 4.065
1640847360 20.34 93.16 0 4.065
1640847420 20.32 93.21 0 4.065
1640847480 20.32 93.22 0 4.065
1640847540 20.31 93.28 0 4.065
1640847600 20.27 93.32 0 4.065
1640847660 20.27 93.37 0 4.065
1640847720 20.3 93.4 0 4.065
1640847780 20.23 93.43 0 4.071
1640847840 20.21 93.42 0 4.065
1640847900 20.21 93.45 0 4.065
1640847960 20.23 93.49 0 4.071
1640848020 20.24 93.53 0 4.065
1640848080 20.23 93.53 0 4.065
1640848140 20.27 93.53 0 4.065
1640848200 20.24 93.55 0 4.065
1640848260 20.24 93.53 0 4.065
1640848320 20.24 93.54 0 4.065
1640848380 20.23 93.55 0 4.065
1640848440 20.23 93.58 0 4.065
1640848500 20.24 93.59 0 4.065
1640848560 20.21 93.61 0 4.065
1640848620 20.2 93.6 0 4.065
1640848680 20.16 93.6 0 4.065
1640848740 20.14 93.61 0 4.065
1640848800 20.13 93.63 0 4.065
1640848860 20.11 93.64 0 4.065
1640848920 20.16 93.69 0 4.065
1640848980 20.08 93.66 0 4.065
1640849040 20.11 93.67 0 4.065
1640849100 20.1 93.71 0 4.065
1640849160 20.08 93.63 0 4.065
1640849220 20.07 93.7 0 4.065
1640849280 20.04 93.66 0 4.065
1640849340 20.07 93.64 0 4.065
1640849400 20.04 93.58 0 4.065
1640849460 20.1 93.64 0 4.065
1640849520 20.04 93.59 0 4.065
1640849580 20.06 93.54 0 4.065
1640849640 20.1 93.52 0 4.065
1640849700 20.1 93.5 0 4.071
1640849760 20.11 93.44 0 4.065
1640849820 20.13 93.39 0 4.065
1640849880 20.13 93.38 0 4.065
1640849940 20.16 93.33 0 4.065
1640850000 20.18 93.26 0 4.065
1640850060 20.2 93.2 0 4.065
1640850120 20.2 93.18 0 4.065
1640850180 20.18 93.11 0 4.065
1640850240 20.17 93.04 0 4.065
1640850300 20.17 93 0 4.065
1640850360 20.16 92.99 0 4.065
1640850420 20.16 92.92 0 4.065
1640850480 20.18 92.88 0 4.065
1640850540 20.16 92.81 0 4.065
1640850600 20.17 92.77 0 4.065
1640850660 20.17 92.74 0 4.065
1640850720 20.14 92.69 0 4.065
1640850780 20.17 92.69 0 4.065
1640850840 20.21 92.64 0 4.065
1640850900 20.24 92.61 0 4.065
1640850960 20.24 92.56 0 4.065
1640851020 20.24 92.49 0 4.065
1640851080 20.24 92.48 0 4.065
1640851140 20.2 92.45 0 4.065
1640851200 20.18 92.44 0 4.065
1640851260 20.18 92.38 0 4.065
1640851320 20.17 92.34 0 4.065
1640851380 20.17 92.28 0 4.065
1640851440 20.16 92.26 0 4.065
1640851500 20.13 92.23 0 4.065
1640851560 20.17 92.23 0 4.065
1640851620 20.18 92.18 0 4.065
1640851680 20.2 92.2 0 4.065
1640851740 20.21 92.14 0 4.065
1640851800 20.21 92.14 0 4.065
1640851860 20.23 92.09 0 4.06
1640851920 20.23 92.08 0 4.065
1640851980 20.26 92.07 0 4.065
1640852040 20.18 92 0 4.065
1640852100 20.18 92.01 0 4.065
1640852160 20.16 91.97 0 4.065
1640852220 20.16 91.95 0 4.065
1640852280 20.14 91.93 0 4.065
1640852340 20.13 91.95 0 4.065
1640852400 20.1 91.91 0 4.065
1640852460 20.13 91.88 0 4.06
1640852520 20.1 91.88 0 4.065
1640852580 20.08 91.84 0 4.065
1640852640 20.08 91.83 0 4.065
1640852700 20.1 91.83 0 4.065
1640852760 20.08 91.83 0 4.065
1640852820 20.06 91.79 0 4.065
1640852880 20.04 91.78 0 4.065
1640852940 20.07 91.78 0 4.065
1640853000 20.04 91.74 0 4.065
1640853060 20.07 91.75 0 4.065
1640853120 20.08 91.71 0 4.065
1640853180 20.07 91.69 0 4.065
1640853240 20.07 91.65 0 4.065
1640853300 20.08 91.66 0 4.065
1640853360 20.13 91.61 0 4.065
1640853420 20.1 91.62 0 4.065
1640853480 20.08 91.57 0 4.06
1640853540 20.14 91.55 0 4.065
1640853600 20.16 91.5 0 4.065
1640853660 20.11 91.47 0 4.06
1640853720 20.16 91.45 0 4.065
1640853780 20.17 91.39 0 4.065
1640853840 20.17 91.38 0 4.06
1640853900 20.16 91.32 0 4.065
1640853960 20.2 91.3 0 4.065
1640854020 20.23 91.29 0 4.065
1640854080 20.21 91.23 0 4.065
1640854140 20.23 91.2 0 4.065
1640854200 20.23 91.19 0 4.065
1640854260 20.17 91.13 0 4.065
1640854320 20.17 91.14 0 4.06
1640854380 20.16 91.11 0 4.065
1640854440 20.18 91.09 0 4.065
1640854500 20.16 91.07 0 4.065
1640854560 20.17 91.09 0 4.06
1640854620 20.14 91.1 0 4.065
1640854680 20.13 91.07 0 4.065
1640854740 20.14 91.1 0 4.06
1640854800 20.11 91.08 0 4.06
1640854860 20.1 91.13 0 4.06
1640854920 20.1 91.12 0 4.065
1640854980 20.07 91.11 0 4.065
1640855040 20.07 91.09 0 4.06
1640855100 20.07 91.11 0 4.065
1640855160 20.07 91.07 0 4.06
1640855220 20.1 91.11 0 4.065
1640855280 20.14 91.12 0 4.065
1640855340 20.16 91.09 0 4.06
1640855400 20.14 91.13 0 4.065
1640855460 20.18 91.13 0 4.06
1640855520 20.18 91.17 0 4.06
1640855580 20.2 91.16 0 4.065
1640855640 20.18 91.17 0 4.06
1640855700 20.2 91.18 0 4.06
1640855760 20.21 91.23 0 4.065
1640855820 20.23 91.28 0 4.065
1640855880 20.2 91.31 0 4.065
1640855940 20.17 91.35 0 4.06
1640856000 20.2 91.38 0 4.06
1640856060 20.16 91.41 0 4.065
1640856120 20.17 91.45 0 4.065
1640856180 20.16 91.49 0 4.065
1640856240 20.14 91.55 0 4.06
1640856300 20.17 91.6 0 4.06
1640856360 20.17 91.61 0 4.06
1640856420 20.14 91.6 0 4.06
1640856480 20.14 91.7 0 4.06
1640856540 20.1 91.72 0 4.065
1640856600 20.08 91.69 0 4.06
1640856660 20.07 91.73 0 4.065
1640856720 20.08 91.78 0 4.06
1640856780 20.08 91.81 0 4.065
1640856840 20.04 91.83 0 4.065
1640856900 20.06 91.81 0 4.06
1640856960 20.07 91.87 0 4.065
1640857020 20.06 91.9 0 4.06
1640857080 20.07 91.87 0 4.065
1640857140 20.06 91.88 0 4.06
1640857200 20.06 91.92 0 4.06
1640857260 20.03 91.92 0 4.06
1640857320 20.04 91.91 0 4.06
1640857380 20.03 91.96 0 4.06
1640857440 20.04 91.97 0 4.065
1640857500 20.03 91.98 0 4.06
1640857560 20.01 92 0 4.065
1640857620 20.01 92 0 4.06
1640857680 20 91.98 0 4.06
1640857740 20.01 92.01 0 4.06
1640857800 20.04 92.05 0 4.06
1640857860 20.04 92.05 0 4.06
1640857920 20.04 92.05 0 4.06
1640857980 20.04 92.06 0 4.06
1640858040 20.04 92.08 0 4.065
1640858100 20.03 92.09 0 4.06
1640858160 20.04 92.1 0 4.06
1640858220 20.04 92.09 0 4.065
1640858280 20.04 92.09 0 4.06
1640858340 20.01 92.1 0 4.06
1640858400 20.06 92.11 0 4.06
1640858460 20.01 92.11 0 4.06
1640858520 20.03 92.13 0 4.06
1640858580 19.98 92.16 0 4.06
1640858640 20.03 92.16 0 4.06
1640858700 20.01 92.17 0 4.06
1640858760 20 92.17 0 4.06
1640858820 20 92.17 0 4.06
1640858880 20 92.17 0 4.06
1640858940 20 92.16 0 4.06
1640859000 19.98 92.2 0 4.06
1640859060 20.01 92.23 0 4.06
1640859120 19.98 92.19 0 4.06
1640859180 19.98 92.22 0 4.06
1640859240 19.97 92.22 0 4.06
1640859300 19.97 92.26 0 4.06
1640859360 20.03 92.24 0 4.06
1640859420 20.03 92.27 0 4.06
1640859480 20.03 92.28 0 4.06
1640859540 19.98 92.29 0 4.06
1640859600 20 92.32 0 4.06
1640859660 20 92.33 0 4.06
1640859720 20.01 92.33 0 4.06
1640859780 20 92.34 0 4.06
1640859840 19.98 92.33 0 4.06
1640859900 20 92.37 0 4.06
1640859960 20.01 92.42 0 4.06
1640860020 19.97 92.35 0 4.06
1640860080 19.98 92.41 0 4.06
1640860140 20 92.42 0 4.06
1640860200 19.97 92.42 0 4.06
1640860260 20 92.45 0 4.06
1640860320 19.98 92.42 0 4.06
1640860380 19.98 92.46 0 4.06
1640860440 20.01 92.46 0 4.06
1640860500 20.01 92.45 0 4.06
1640860560 20.01 92.41 0 4.06
1640860620 20.04 92.43 0 4.06
1640860680 20.03 92.42 0 4.06
1640860740 20.06 92.42 0 4.06
1640860800 20.06 92.41 0 4.06
1640860860 20.08 92.4 0 4.06
1640860920 20.07 92.4 0 4.06
1640860980 20.07 92.42 0 4.06
1640861040 20.08 92.34 0 4.06
1640861100 20.11 92.4 0 4.06
1640861160 20.14 92.32 0 4.06
1640861220 20.14 92.34 0 4.06
1640861280 20.16 92.31 0 4.06
1640861340 20.17 92.3 0 4.06
1640861400 20.18 92.31 0 4.06
1640861460 20.17 92.29 0 4.06
1640861520 20.18 92.28 0 4.06
1640861580 20.2 92.26 0 4.06
1640861640 20.18 92.22 0 4.06
1640861700 20.17 92.24 0 4.06
1640861760 20.2 92.17 0 4.06
1640861820 20.18 92.15 0 4.06
1640861880 20.21 92.15 0 4.06
1640861940 20.23 92.14 0 4.06
1640862000 20.21 92.06 0 4.055
1640862060 20.2 92.07 0 4.06
1640862120 20.23 92 0 4.06
1640862180 20.26 92 0 4.06
1640862240 20.26 91.95 0 4.06
1640862300 20.23 91.92 0 4.06
1640862360 20.27 91.92 0 4.06
1640862420 20.26 91.88 0 4.06
1640862480 20.27 91.86 0 4.06
1640862540 20.28 91.84 0 4.06
1640862600 20.27 91.81 4 4.06
1640862660 20.27 91.78 4 4.06
1640862720 20.26 91.75 4 4.06
1640862780 20.24 91.78 4 4.06
1640862840 20.24 91.77 4 4.06
1640862900 20.27 91.75 4 4.06
1640862960 20.24 91.69 4 4.06
1640863020 20.27 91.65 4 4.06
1640863080 20.26 91.65 10 4.06
1640863140 20.26 91.63 4 4.06
1640863200 20.27 91.64 10 4.06
1640863260 20.27 91.61 10 4.06
1640863320 20.27 91.56 10 4.06
1640863380 20.24 91.57 10 4.06
1640863440 20.23 91.56 10 4.06
1640863500 20.24 91.52 10 4.06
1640863560 20.26 91.55 10 4.06
1640863620 20.26 91.52 10 4.06
1640863680 20.27 91.53 16 4.06
1640863740 20.27 91.5 16 4.06
1640863800 20.27 91.46 16 4.06
1640863860 20.27 91.46 16 4.06
1640863920 20.3 91.4 16 4.06
1640863980 20.28 91.41 22 4.06
1640864040 20.3 91.36 16 4.06
1640864100 20.34 91.32 22 4.06
1640864160 20.31 91.31 16 4.06
1640864220 20.35 91.26 22 4.055
1640864280 20.35 91.25 22 4.06
1640864340 20.38 91.21 22 4.06
1640864400 20.41 91.19 28 4.06
1640864460 20.41 91.16 28 4.055
1640864520 20.42 91.16 28 4.055
1640864580 20.45 91.16 28 4.06
1640864640 20.47 91.09 28 4.06
1640864700 20.48 91.06 34 4.055
1640864760 20.54 91.03 28 4.06
1640864820 20.56 90.99 34 4.055
1640864880 20.58 90.95 34 4.06
1640864940 20.62 90.96 34 4.06
1640865000 20.62 90.88 34 4.06
1640865060 20.64 90.87 40 4.06
1640865120 20.65 90.85 40 4.055
1640865180 20.71 90.81 40 4.06
1640865240 20.71 90.76 40 4.06
1640865300 20.71 90.72 40 4.055
1640865360 20.74 90.67 40 4.06
1640865420 20.78 90.67 46 4.06
1640865480 20.79 90.58 46 4.055
1640865540 20.83 90.59 46 4.055
1640865600 20.82 90.52 46 4.055
1640865660 20.85 90.47 52 4.055
1640865720 20.86 90.45 52 4.06
1640865780 20.9 90.42 52 4.06
1640865840 20.89 90.4 58 4.055
1640865900 20.92 90.38 58 4.06
1640865960 20.95 90.35 58 4.06
1640866020 20.93 90.33 58 4.06
1640866080 20.99 90.28 64 4.06
1640866140 21.02 90.3 64 4.06
1640866200 21.03 90.3 64 4.06
1640866260 21.06 90.34 64 4.06
1640866320 21.07 90.35 64 4.06
1640866380 21.1 90.35 64 4.055
1640866440 21.1 90.35 70 4.06
1640866500 21.09 90.37 70 4.06
1640866560 21.1 90.36 70 4.06
1640866620 21.14 90.38 76 4.06
1640866680 21.1 90.36 70 4.06
1640866740 21.14 90.39 76 4.06
1640866800 21.14 90.37 76 4.055
1640866860 21.18 90.4 76 4.055
1640866920 21.2 90.45 76 4.06
1640866980 21.28 90.45 76 4.055
1640867040 21.26 90.48 76 4.06
1640867100 21.26 90.5 82 4.055
1640867160 21.26 90.51 82 4.055
1640867220 21.3 90.5 82 4.055
1640867280 21.33 90.48 88 4.055
1640867340 21.36 90.49 88 4.06
1640867400 21.39 90.5 88 4.06
1640867460 21.4 90.5 88 4.055
1640867520 21.43 90.46 88 4.06
1640867580 21.43 90.48 94 4.06
1640867640 21.44 90.46 94 4.06
1640867700 21.43 90.43 94 4.06
1640867760 21.44 90.45 94 4.055
1640867820 21.43 90.41 94 4.055
1640867880 21.46 90.39 94 4.06
1640867940 21.47 90.42 94 4.06
1640868000 21.5 90.38 94 4.06
1640868060 21.49 90.4 100 4.06
1640868120 21.49 90.38 100 4.06
1640868180 21.47 90.38 100 4.06
1640868240 21.46 90.32 106 4.06
1640868300 21.47 90.33 106 4.06
1640868360 21.44 90.3 106 4.06
1640868420 21.44 90.26 106 4.06
1640868480 21.46 90.23 106 4.06
1640868540 21.56 90.19 112 4.06
1640868600 21.54 90.16 112 4.06
1640868660 21.64 90.14 112 4.06
1640868720 21.73 90.13 112 4.06
1640868780 21.73 90.05 112 4.06
1640868840 21.79 89.92 118 4.06
1640868900 21.79 89.85 118 4.055
1640868960 21.83 89.67 118 4.055
1640869020 21.94 89.59 124 4.055
1640869080 22.01 89.41 124 4.06
1640869140 22.12 89.33 124 4.06
1640869200 22.19 89.26 124 4.06
1640869260 22.21 89.08 124 4.06
1640869320 22.25 88.95 131 4.06
1640869380 22.32 88.83 131 4.06
1640869440 22.3 88.66 131 4.06
1640869500 22.3 88.46 131 4.06
1640869560 22.31 88.23 124 4.06
1640869620 22.36 88.03 131 4.06
1640869680 22.42 87.85 131 4.06
1640869740 22.49 87.67 143 4.06
1640869800 22.62 87.45 137 4.06
1640869860 22.69 87.28 143 4.06
1640869920 22.75 87.04 131 4.055
1640869980 22.83 86.83 124 4.06
1640870040 22.8 86.61 124 4.06
1640870100 22.83 86.39 124 4.055
1640870160 22.88 86.18 118 4.06
1640870220 22.83 85.92 124 4.06
1640870280 22.76 85.77 118 4.06
1640870340 22.78 85.58 118 4.06
1640870400 22.88 85.43 112 4.06
1640870460 22.89 85.24 106 4.06
1640870520 22.92 85.08 118 4.06
1640870580 22.86 84.87 124 4.06
1640870640 22.89 84.76 118 4.06
1640870700 22.93 84.61 124 4.06
1640870760 22.95 84.42 118 4.055
1640870820 22.96 84.29 124 4.06
1640870880 23.03 84.18 124 4.06
1640870940 23.12 84.07 118 4.06
1640871000 23.1 83.92 112 4.06
1640871060 23.09 83.77 118 4.06
1640871120 23.13 83.63 137 4.06
1640871180 23.24 83.54 131 4.06
1640871240 23.36 83.47 137 4.06
1640871300 23.37 83.29 124 4.06
1640871360 23.36 83.18 124 4.055
1640871420 23.37 83.07 118 4.06
1640871480 23.34 82.91 118 4.055
1640871540 23.39 82.83 131 4.06
1640871600 23.43 82.7 137 4.06
1640871660 23.54 82.6 124 4.055
1640871720 23.61 82.47 131 4.055
1640871780 23.61 82.38 137 4.06
1640871840 23.61 82.22 131 4.06
1640871900 23.61 82.03 131 4.06
1640871960 23.68 81.87 131 4.06
1640872020 23.67 81.66 137 4.06
1640872080 23.75 81.37 137 4.06
1640872140 23.87 81.08 137 4.06
1640872200 23.91 80.78 143 4.06
1640872260 23.94 80.51 143 4.065
1640872320 24.04 80.25 143 4.06
1640872380 24.1 80.05 143 4.06
1640872440 24.07 79.84 143 4.06
1640872500 24.1 79.68 143 4.06
1640872560 24.1 79.49 143 4.06
1640872620 24.14 79.22 143 4.06
1640872680 24.23 79 149 4.06
1640872740 24.35 78.79 149 4.06
1640872800 24.48 78.66 143 4.06
1640872860 24.59 78.46 143 4.06
1640872920 24.61 78.36 149 4.06
1640872980 24.61 78.22 149 4.06
1640873040 24.65 78.08 149 4.06
1640873100 24.66 77.89 149 4.06
1640873160 24.62 77.74 149 4.06
1640873220 24.61 77.63 149 4.06
1640873280 24.63 77.51 149 4.06
1640873340 24.7 77.4 149 4.06
1640873400 24.7 77.28 149 4.06
1640873460 24.73 77.16 159 4.055
1640873520 24.83 77.08 177 4.06
1640873580 24.87 76.99 189 4.06
1640873640 24.8 76.84 167 4.055
1640873700 24.77 76.63 167 4.06
1640873760 24.9 76.52 161 4.06
1640873820 24.87 76.42 167 4.06
1640873880 24.9 76.3 171 4.06
1640873940 24.9 76.2 177 4.06
1640874000 25 76.1 183 4.06
1640874060 25.06 75.98 207 4.06
1640874120 25.03 75.88 256 4.06
1640874180 25.09 75.72 310 4.06
1640874240 25.09 75.63 350 4.065
1640874300 25.09 75.61 417 4.065
1640874360 25.1 75.56 423 4.06
1640874420 25.21 75.48 380 4.06
1640874480 25.3 75.4 362 4.06
1640874540 25.49 75.28 368 4.065
1640874600 25.69 75.16 338 4.065
1640874660 25.84 74.99 344 4.06
1640874720 25.85 74.85 334 4.065
1640874780 25.87 74.65 298 4.065
1640874840 25.87 74.5 280 4.06
1640874900 25.95 74.38 286 4.06
1640874960 26.02 74.16 286 4.065
1640875020 26.21 73.95 292 4.065
1640875080 26.22 73.67 298 4.06
1640875140 26.32 73.36 328 4.065
1640875200 26.46 73.14 352 4.065
1640875260 26.47 72.93 298 4.06
1640875320 26.54 72.74 322 4.065
1640875380 26.56 72.5 256 4.065
1640875440 26.47 72.17 256 4.065
1640875500 26.59 71.92 237 4.06
1640875560 26.44 71.61 237 4.065
1640875620 26.52 71.36 322 4.065
1640875680 26.53 71.17 405 4.065
1640875740 26.46 70.98 352 4.065
1640875800 26.4 70.8 334 4.065
1640875860 26.54 70.61 394 4.065
1640875920 26.6 70.42 471 4.065
1640875980 26.6 70.22 513 4.065
1640876040 26.66 70.09 477 4.065
1640876100 26.86 70 423 4.065
1640876160 27 69.82 399 4.06
1640876220 27 69.59 393 4.065
1640876280 27.04 69.33 358 4.065
1640876340 27.28 69.11 316 4.065
1640876400 27.2 68.9 322 4.065
1640876460 27.01 68.7 388 4.065
1640876520 27.13 68.56 370 4.065
1640876580 27.18 68.39 286 4.065
1640876640 27.21 68.17 286 4.065
1640876700 27.33 68.02 243 4.065
1640876760 27.44 67.94 243 4.065
1640876820 27.52 67.77 262 4.071
1640876880 27.45 67.63 286 4.065
1640876940 27.62 67.55 298 4.065
1640877000 27.68 67.41 292 4.065
1640877060 27.71 67.22 423 4.065
1640877120 27.75 67.17 596 4.06
1640877180 27.62 67.08 543 4.065
1640877240 27.66 67.02 441 4.065
1640877300 27.66 66.88 489 4.065
1640877360 27.78 66.74 567 4.065
1640877420 27.81 66.59 662 4.065
1640877480 27.94 66.5 638 4.065
1640877540 27.96 66.41 632 4.071
1640877600 27.94 66.24 591 4.065
1640877660 27.79 66.05 640 4.065
1640877720 27.64 65.82 633 4.065
1640877780 27.71 65.72 608 4.071
1640877840 27.58 65.6 513 4.065
1640877900 27.45 65.54 340 4.065
1640877960 27.43 65.5 310 4.065
1640878020 27.37 65.4 346 4.071
1640878080 27.52 65.37 382 4.065
1640878140 27.48 65.31 399 4.065
1640878200 27.4 65.26 334 4.071
1640878260 27.4 65.26 274 4.071
1640878320 27.54 65.23 249 4.071
1640878380 27.59 65.18 256 4.065
1640878440 27.58 65.21 256 4.065
1640878500 27.62 65.13 249 4.065
1640878560 27.75 65.08 249 4.071
1640878620 27.76 65.05 249 4.071
1640878680 27.91 65.04 249 4.065
1640878740 28.02 65 243 4.065
1640878800 28 64.92 243 4.065
1640878860 28.03 64.93 231 4.065
1640878920 28.06 64.81 243 4.065
1640878980 28.06 64.77 256 4.065
1640879040 28.1 64.69 249 4.065
1640879100 28.18 64.64 243 4.065
1640879160 28.19 64.56 243 4.071
1640879220 28.1 64.47 249 4.071
1640879280 28.06 64.37 262 4.071
1640879340 28.06 64.19 280 4.065
1640879400 27.99 64.05 292 4.065
1640879460 27.98 63.93 370 4.065
1640879520 27.94 63.83 531 4.071
1640879580 28.02 63.72 676 4.071
1640879640 28.18 63.61 734 4.071
1640879700 28.23 63.39 730 4.071
1640879760 28.36 63.3 662 4.071
1640879820 28.56 63.24 370 4.065
1640879880 28.71 63.11 310 4.071
1640879940 28.75 62.95 340 4.071
1640880000 28.7 62.78 501 4.071
1640880060 28.69 62.59 609 4.071
1640880120 28.63 62.41 813 4.071
1640880180 28.51 62.26 507 4.071
1640880240 28.53 62.08 531 4.071
1640880300 28.42 61.88 478 4.071
1640880360 28.33 61.72 352 4.076
1640880420 28.24 61.51 358 4.071
1640880480 28.32 61.37 358 4.071
1640880540 28.5 61.28 316 4.071
1640880600 28.37 61.04 286 4.071
1640880660 28.59 60.94 280 4.065
1640880720 28.59 60.82 418 4.071
1640880780 28.67 60.66 597 4.076
1640880840 28.75 60.51 561 4.071
1640880900 28.93 60.39 515 4.076
1640880960 28.96 60.19 593 4.076
1640881020 29.01 59.98 521 4.082
1640881080 29.14 59.8 539 4.082
1640881140 29.1 59.69 569 4.082
1640881200 29.24 59.57 768 4.082
1640881260 29.1 59.37 677 4.082
1640881320 29.01 59.22 515 4.082
1640881380 29.11 59.12 508 4.087
1640881440 29.36 59.08 576 4.087
1640881500 29.51 58.93 587 4.082
1640881560 29.52 58.69 730 4.076
1640881620 29.58 58.51 774 4.087
1640881680 29.69 58.37 847 4.092
1640881740 29.68 58.11 859 4.092
1640881800 29.62 57.88 835 4.092
1640881860 29.65 57.67 843 4.098
1640881920 29.86 57.49 883 4.098
1640881980 29.9 57.33 903 4.098
1640882040 30 57.03 911 4.082
1640882100 30.13 56.79 924 4.076
1640882160 30.22 56.59 938 4.082
1640882220 30.41 56.45 929 4.076
1640882280 30.47 56.32 939 4.082
1640882340 30.88 56.27 971 4.076
1640882400 30.81 56.06 968 4.098
1640882460 30.87 55.82 965 4.076
1640882520 30.58 55.54 977 4.087
1640882580 30.91 55.43 969 4.098
1640882640 30.82 55.13 969 4.076
1640882700 30.57 54.83 981 4.076
1640882760 30.54 54.63 989 4.076
1640882820 30.61 54.41 951 4.076
1640882880 30.75 54.29 959 4.092
1640882940 30.77 54.07 987 4.098
1640883000 30.78 53.84 981 4.076
1640883060 30.68 53.71 939 4.076
1640883120 30.63 53.54 933 4.076
1640883180 30.48 53.37 947 4.103
1640883240 30.77 53.38 963 4.076
1640883300 30.64 53.19 971 4.076
1640883360 30.66 53.06 977 4.076
1640883420 30.84 52.97 1017 4.076
1640883480 30.88 52.84 1013 4.082
1640883540 30.95 52.78 1061 4.076
1640883600 31.29 52.79 1049 4.076
1640883660 31.35 52.61 1030 4.103
1640883720 31.35 52.38 1037 4.082
1640883780 31.31 52.07 1067 4.076
1640883840 31.51 51.85 1055 4.082
1640883900 31.73 51.6 1061 4.082
1640883960 31.83 51.41 1088 4.114
1640884020 31.76 51.08 1082 4.114
1640884080 31.92 50.83 1082 4.114
1640884140 32.22 50.64 1090 4.114
1640884200 32.19 50.35 1084 4.114
1640884260 32.38 50.23 1067 4.103
1640884320 32.27 50.07 1039 4.103
1640884380 32.38 50 995 4.108
1640884440 32.33 49.79 960 4.087
1640884500 32.37 49.67 456 4.092
1640884560 32.57 49.61 783 4.103
1640884620 32.58 49.43 837 4.108
1640884680 32.35 49.29 1081 4.087
1640884740 32 49.22 1081 4.082
1640884800 32.04 49.26 1079 4.108
1640884860 31.9 49.26 1079 4.087
1640884920 31.76 49.3 1102 4.108
1640884980 31.66 49.42 1094 4.082
1640885040 31.59 49.49 1091 4.082
1640885100 31.61 49.64 1103 4.108
1640885160 31.56 49.76 1102 4.108
1640885220 31.58 49.98 1102 4.082
1640885280 31.72 50.19 1091 4.082
1640885340 31.86 50.24 1102 4.082
1640885400 31.94 50.39 1133 4.082
1640885460 32.07 50.5 1164 4.087
1640885520 32.1 50.61 1076 4.082
1640885580 32.02 50.62 486 4.092
1640885640 31.83 50.65 1121 4.082
1640885700 31.68 50.72 1127 4.108
1640885760 31.72 50.87 1121 4.103
1640885820 31.86 51.06 1112 4.103
1640885880 31.92 51.14 1067 4.082
1640885940 32.04 51.33 1067 4.103
1640886000 32.13 51.47 1097 4.082
1640886060 32 51.58 1103 4.082
1640886120 32.06 51.76 1097 4.082
1640886180 32.12 51.92 1114 4.103
1640886240 32.02 51.98 1121 4.087
1640886300 31.73 52.06 1093 4.108
1640886360 31.9 52.32 1111 4.103
1640886420 31.79 52.55 414 4.092
1640886480 31.56 52.68 1039 4.082
1640886540 31.55 52.83 1049 4.103
1640886600 31.55 53 1075 4.103
1640886660 31.18 53.21 1096 4.103
1640886720 31.43 53.44 1115 4.082
1640886780 31.58 53.69 323 4.092
1640886840 31.55 53.88 287 4.092
1640886900 31.43 53.99 341 4.092
1640886960 31.21 54.09 323 4.087
1640887020 31.05 54.21 335 4.087
1640887080 30.73 54.34 1103 4.082
1640887140 30.57 54.5 1170 4.087
1640887200 30.5 54.69 630 4.092
1640887260 30.5 54.96 299 4.087
1640887320 30.51 55.15 275 4.092
1640887380 30.47 55.35 281 4.087
1640887440 30.19 55.53 317 4.092
1640887500 30.06 55.83 1145 4.082
1640887560 29.87 56.02 1129 4.082
1640887620 29.85 56.35 1105 4.082
1640887680 29.9 56.63 1121 4.082
1640887740 30 56.83 1097 4.082
1640887800 30.1 57.04 1073 4.082
1640887860 30.17 57.24 1055 4.103
1640887920 30.41 57.46 1055 4.103
1640887980 30.74 57.61 1061 4.082
1640888040 30.95 57.72 1054 4.103
1640888100 31.05 57.67 1067 4.103
1640888160 31.25 57.69 1057 4.087
1640888220 31.51 57.72 1013 4.103
1640888280 31.65 57.71 987 4.098
1640888340 31.56 57.67 971 4.087
1640888400 31.51 57.68 975 4.098
1640888460 31.53 57.63 975 4.103
1640888520 31.48 57.59 963 4.098
1640888580 31.51 57.51 959 4.098
1640888640 31.58 57.49 954 4.087
1640888700 31.83 57.49 960 4.087
1640888760 31.92 57.37 932 4.103
1640888820 32.16 57.2 959 4.103
1640888880 32.2 57.17 978 4.087
1640888940 31.96 56.97 987 4.098
1640889000 32 56.82 995 4.082
1640889060 31.87 56.63 1002 4.087
1640889120 31.48 56.53 1001 4.098
1640889180 31.42 56.45 984 4.082
1640889240 31.09 56.32 995 4.087
1640889300 31.08 56.3 987 4.103
1640889360 31.31 56.37 971 4.098
1640889420 31.52 56.35 963 4.098
1640889480 31.29 56.33 947 4.082
1640889540 31.31 56.34 953 4.082
1640889600 31.17 56.35 953 4.082
1640889660 31.04 56.39 929 4.082
1640889720 31.01 56.37 915 4.098
1640889780 31.04 56.48 929 4.087
1640889840 30.99 56.56 929 4.082
1640889900 30.92 56.5 930 4.082
1640889960 31.02 56.56 929 4.092
1640890020 31.08 56.55 941 4.082
1640890080 31.11 56.65 945 4.098
1640890140 31.19 56.7 941 4.087
1640890200 31.24 56.69 947 4.087
1640890260 31.39 56.73 929 4.092
1640890320 31.15 56.63 912 4.082
1640890380 31.12 56.64 909 4.098
1640890440 31.01 56.6 911 4.082
1640890500 31.17 56.65 876 4.087
1640890560 31.17 56.6 861 4.098
1640890620 31.08 56.55 829 4.098
1640890680 31.24 56.55 783 4.098
1640890740 31.31 56.57 825 4.098
1640890800 31.32 56.54 822 4.082
1640890860 31.14 56.47 825 4.098
1640890920 31.22 56.5 834 4.087
1640890980 31.08 56.46 840 4.082
1640891040 31.18 56.49 828 4.087
1640891100 31.25 56.5 793 4.092
1640891160 31.17 56.48 787 4.098
1640891220 31.12 56.44 755 4.092
1640891280 30.95 56.41 239 4.087
1640891340 30.92 56.45 257 4.087
1640891400 30.71 56.46 251 4.087
1640891460 30.36 56.53 239 4.087
1640891520 29.98 56.67 793 4.092
1640891580 29.82 56.82 819 4.098
1640891640 29.71 57.03 816 4.087
1640891700 29.65 57.26 341 4.092
1640891760 29.53 57.39 275 4.092
1640891820 29.48 57.54 323 4.092
1640891880 29.31 57.76 161 4.087
1640891940 29.21 57.88 173 4.087
1640892000 29.1 58.07 365 4.092
1640892060 29.07 58.27 161 4.092
1640892120 29 58.52 161 4.087
1640892180 28.67 58.71 161 4.087
1640892240 28.42 59.05 179 4.087
1640892300 28.22 59.48 643 4.092
1640892360 28.19 59.81 721 4.092
1640892420 28.42 60.23 715 4.092
1640892480 28.53 60.55 721 4.092
1640892540 28.66 60.83 715 4.092
1640892600 28.91 61.08 691 4.098
1640892660 29.12 61.22 722 4.092
1640892720 29.12 61.3 715 4.092
1640892780 29.35 61.39 692 4.098
1640892840 29.41 61.39 703 4.092
1640892900 29.39 61.5 703 4.092
1640892960 29.42 61.52 661 4.092
1640893020 29.58 61.5 335 4.092
1640893080 29.49 61.49 733 4.098
1640893140 29.56 61.48 727 4.092
1640893200 29.58 61.43 661 4.092
1640893260 29.49 61.41 713 4.087
1640893320 29.68 61.4 709 4.092
1640893380 29.96 61.41 685 4.092
1640893440 30.07 61.4 680 4.092
1640893500 30.02 61.28 692 4.092
1640893560 29.79 61.18 673 4.092
1640893620 29.86 61.18 179 4.092
1640893680 29.98 61.1 173 4.092
1640893740 29.9 61.06 167 4.092
1640893800 29.8 61 149 4.092
1640893860 29.63 60.99 137 4.092
1640893920 29.32 60.96 124 4.092
1640893980 29.07 61.02 118 4.092
1640894040 28.93 61.13 124 4.092
1640894100 28.86 61.26 137 4.092
1640894160 28.66 61.33 281 4.087
1640894220 28.46 61.46 540 4.092
1640894280 28.42 61.59 546 4.092
1640894340 28.45 61.67 161 4.092
1640894400 28.46 61.8 143 4.092
1640894460 28.42 61.95 143 4.092
1640894520 28.42 61.98 173 4.092
1640894580 28.43 62.07 168 4.092
1640894640 28.46 62.06 161 4.092
1640894700 28.33 62.2 414 4.092
1640894760 28.27 62.3 534 4.092
1640894820 28.45 62.47 161 4.092
1640894880 28.47 62.51 227 4.092
1640894940 28.2 62.57 516 4.092
1640895000 28.23 62.64 504 4.092
1640895060 28.3 62.8 492 4.092
1640895120 28.42 62.93 480 4.092
1640895180 28.45 63.03 480 4.087
1640895240 28.63 63.11 462 4.092
1640895300 28.86 63.15 444 4.092
1640895360 28.77 62.99 438 4.092
1640895420 28.82 63.01 468 4.092
1640895480 28.78 63 486 4.092
1640895540 28.61 62.99 492 4.092
1640895600 28.53 62.95 486 4.092
1640895660 28.47 62.86 492 4.092
1640895720 28.66 62.78 498 4.092
1640895780 28.51 62.69 504 4.092
1640895840 28.67 62.68 510 4.092
1640895900 28.61 62.63 510 4.092
1640895960 28.67 62.61 504 4.092
1640896020 28.82 62.56 444 4.092
1640896080 28.71 62.53 498 4.092
1640896140 29 62.5 486 4.092
1640896200 29.04 62.39 468 4.092
1640896260 29.18 62.3 426 4.092
1640896320 28.98 62.21 317 4.092
1640896380 28.84 62.17 323 4.092
1640896440 28.82 62.1 263 4.092
1640896500 28.73 62.09 227 4.092
1640896560 28.6 62.07 179 4.092
1640896620 28.54 62.05 167 4.092
1640896680 28.43 62.07 167 4.092
1640896740 28.15 62.11 167 4.092
1640896800 28.15 62.18 173 4.092
1640896860 28.23 62.31 173 4.092
1640896920 28.33 62.32 167 4.087
1640896980 28.3 62.43 167 4.092
1640897040 28.24 62.52 161 4.092
1640897100 28.09 62.61 155 4.092
1640897160 28.02 62.74 143 4.092
1640897220 27.96 62.81 143 4.092
1640897280 28.02 62.92 137 4.092
1640897340 28.02 63.02 124 4.092
1640897400 28 63.19 131 4.092
1640897460 27.92 63.32 112 4.092
1640897520 27.86 63.49 124 4.092
1640897580 27.78 63.51 124 4.092
1640897640 27.66 63.66 124 4.087
1640897700 27.65 63.83 118 4.092
1640897760 27.59 63.89 118 4.087
1640897820 27.56 64.02 124 4.087
1640897880 27.56 64.15 131 4.092
1640897940 27.52 64.35 124 4.092
1640898000 27.49 64.53 124 4.092
1640898060 27.48 64.67 124 4.087
1640898120 27.47 64.83 124 4.087
1640898180 27.47 64.89 124 4.092
1640898240 27.48 65.01 124 4.092
1640898300 27.51 65.16 124 4.092
1640898360 27.51 65.32 124 4.092
1640898420 27.47 65.4 131 4.092
1640898480 27.41 65.49 124 4.087
1640898540 27.37 65.64 124 4.092
1640898600 27.38 65.73 118 4.087
1640898660 27.31 65.86 112 4.092
1640898720 27.35 65.96 106 4.092
1640898780 27.35 66.07 112 4.087
1640898840 27.3 66.16 112 4.087
1640898900 27.3 66.28 112 4.087
1640898960 27.28 66.37 118 4.092
1640899020 27.27 66.42 118 4.092
1640899080 27.27 66.47 124 4.092
1640899140 27.24 66.54 124 4.092
1640899200 27.24 66.67 124 4.092
1640899260 27.24 66.76 124 4.092
1640899320 27.23 66.79 118 4.092
1640899380 27.23 66.84 118 4.092
1640899440 27.27 66.86 118 4.087
1640899500 27.25 66.95 118 4.092
1640899560 27.2 67.02 124 4.087
1640899620 27.14 67.15 124 4.087
1640899680 27.13 67.28 131 4.092
1640899740 27.13 67.4 131 4.092
1640899800 27.17 67.54 131 4.092
1640899860 27.18 67.67 124 4.092
1640899920 27.15 67.73 124 4.092
1640899980 27.18 67.82 124 4.092
1640900040 27.25 67.93 131 4.092
1640900100 27.18 68.01 137 4.092
1640900160 27.14 68.1 137 4.092
1640900220 27.13 68.2 143 4.092
1640900280 27.14 68.27 137 4.092
1640900340 27.18 68.36 131 4.092
1640900400 27.21 68.4 124 4.092
1640900460 27.23 68.52 118 4.087
1640900520 27.24 68.58 124 4.092
1640900580 27.14 68.65 118 4.087
1640900640 27.08 68.67 118 4.087
1640900700 27.05 68.76 112 4.087
1640900760 26.97 68.81 112 4.087
1640900820 26.89 68.85 106 4.092
1640900880 26.84 68.97 106 4.092
1640900940 26.87 69.04 112 4.087
1640901000 26.89 69.14 106 4.087
1640901060 26.89 69.2 106 4.087
1640901120 26.83 69.28 106 4.092
1640901180 26.82 69.36 100 4.087
1640901240 26.74 69.41 94 4.092
1640901300 26.76 69.55 94 4.087
1640901360 26.7 69.63 94 4.087
1640901420 26.64 69.72 88 4.092
1640901480 26.66 69.8 88 4.087
1640901540 26.59 69.91 88 4.087
1640901600 26.53 69.96 82 4.087
1640901660 26.42 70.01 82 4.087
1640901720 26.35 70.07 82 4.087
1640901780 26.28 70.16 76 4.087
1640901840 26.3 70.28 76 4.092
1640901900 26.26 70.41 70 4.092
1640901960 26.26 70.49 70 4.087
1640902020 26.21 70.61 64 4.092
1640902080 26.25 70.72 70 4.087
1640902140 26.22 70.84 70 4.087
1640902200 26.22 70.88 70 4.087
1640902260 26.25 70.99 70 4.087
1640902320 26.26 71.1 70 4.087
1640902380 26.19 71.17 70 4.087
1640902440 26.23 71.18 64 4.087
1640902500 26.18 71.34 64 4.087
1640902560 26.18 71.34 58 4.087
1640902620 26.19 71.42 58 4.087
1640902680 26.18 71.49 58 4.087
1640902740 26.15 71.49 58 4.087
1640902800 26.09 71.58 52 4.087
1640902860 26.11 71.58 52 4.087
1640902920 26.03 71.63 46 4.087
1640902980 26.05 71.63 46 4.087
1640903040 26.03 71.66 40 4.087
1640903100 25.98 71.73 40 4.087
1640903160 25.95 71.77 34 4.087
1640903220 25.91 71.79 34 4.087
1640903280 25.87 71.77 28 4.087
1640903340 25.89 71.86 22 4.087
1640903400 25.81 71.86 22 4.087
1640903460 25.77 71.87 22 4.087
1640903520 25.79 71.88 16 4.087
1640903580 25.81 71.88 16 4.087
1640903640 25.82 71.86 16 4.087
1640903700 25.78 71.9 10 4.087
1640903760 25.74 71.93 16 4.087
1640903820 25.69 71.97 10 4.087
1640903880 25.65 72.02 10 4.087
1640903940 25.67 72.12 4 4.087
1640904000 25.64 72.19 4 4.087
1640904060 25.63 72.3 4 4.076
1640904120 25.6 72.44 4 4.087
1640904180 25.57 72.52 4 4.087
1640904240 25.58 72.63 0 4.087
1640904300 25.54 72.75 0 4.087
1640904360 25.54 72.84 0 4.082
1640904420 25.49 72.97 0 4.087
1640904480 25.48 73.09 0 4.087
1640904540 25.49 73.2 0 4.087
1640904600 25.48 73.41 0 4.087
1640904660 25.47 73.53 0 4.087
1640904720 25.45 73.68 0 4.087
1640904780 25.48 73.83 0 4.087
1640904840 25.45 73.95 0 4.087
1640904900 25.45 74.09 0 4.087
1640904960 25.42 74.19 0 4.087
1640905020 25.4 74.33 0 4.082
1640905080 25.4 74.43 0 4.082
1640905140 25.37 74.59 0 4.082
1640905200 25.37 74.69 0 4.087
1640905260 25.31 74.82 0 4.087
1640905320 25.28 74.88 0 4.087
1640905380 25.26 74.91 0 4.087
1640905440 25.26 74.93 0 4.087
1640905500 25.21 75.02 0 4.087
1640905560 25.17 75.06 0 4.087
1640905620 25.16 75.14 0 4.087
1640905680 25.13 75.22 0 4.087
1640905740 25.13 75.33 0 4.087
1640905800 25.06 75.34 0 4.087
1640905860 25 75.39 0 4.087
1640905920 25 75.42 0 4.087
1640905980 24.94 75.44 0 4.087
1640906040 24.97 75.41 0 4.082
1640906100 24.97 75.37 0 4.087
1640906160 24.93 75.35 0 4.082
1640906220 24.9 75.44 0 4.082
1640906280 24.9 75.4 0 4.087
1640906340 24.89 75.44 0 4.082
1640906400 24.85 75.39 0 4.087
1640906460 24.86 75.42 0 4.087
1640906520 24.82 75.42 0 4.087
1640906580 24.8 75.41 0 4.087
1640906640 24.77 75.41 0 4.087
1640906700 24.75 75.37 0 4.087
1640906760 24.76 75.34 0 4.082
1640906820 24.73 75.32 0 4.082
1640906880 24.72 75.29 0 4.082
1640906940 24.69 75.29 0 4.087
1640907000 24.63 75.29 0 4.087
1640907060 24.61 75.26 0 4.087
1640907120 24.62 75.3 0 4.082
1640907180 24.58 75.31 0 4.087
1640907240 24.56 75.33 0 4.082
1640907300 24.55 75.35 0 4.082
1640907360 24.55 75.38 0 4.082
1640907420 24.49 75.4 0 4.087
1640907480 24.51 75.42 0 4.082
1640907540 24.45 75.44 0 4.087
1640907600 24.42 75.51 0 4.087
1640907660 24.4 75.53 0 4.076
1640907720 24.35 75.58 0 4.082
1640907780 24.35 75.63 0 4.087
1640907840 24.31 75.67 0 4.082
1640907900 24.31 75.75 0 4.082
1640907960 24.29 75.82 0 4.082
1640908020 24.26 75.89 0 4.082
1640908080 24.26 75.96 0 4.082
1640908140 24.25 76.08 0 4.082
1640908200 24.26 76.28 0 4.082
1640908260 24.26 76.42 0 4.082
1640908320 24.23 76.54 0 4.082
1640908380 24.19 76.68 0 4.087
1640908440 24.19 76.86 0 4.087
1640908500 24.12 76.98 0 4.082
1640908560 24.1 76.95 0 4.082
1640908620 24.07 76.95 0 4.082
1640908680 24.05 76.94 0 4.082
1640908740 24.05 76.91 0 4.087
1640908800 24.01 76.94 0 4.082
1640908860 24.01 76.94 0 4.082
1640908920 24 76.99 0 4.082
1640908980 23.97 76.98 0 4.087
1640909040 23.92 76.97 0 4.082
1640909100 23.89 76.97 0 4.087
1640909160 23.87 76.99 0 4.082
1640909220 23.84 77.02 0 4.082
1640909280 23.8 77.03 0 4.082
1640909340 23.78 77.07 0 4.082
1640909400 23.77 77.09 0 4.082
1640909460 23.72 77.16 0 4.082
1640909520 23.67 77.16 0 4.082
1640909580 23.64 77.21 0 4.082
1640909640 23.63 77.28 0 4.082
1640909700 23.59 77.29 0 4.082
1640909760 23.57 77.39 0 4.082
1640909820 23.51 77.43 0 4.082
1640909880 23.49 77.47 0 4.082
1640909940 23.5 77.54 0 4.082
1640910000 23.46 77.57 0 4.087
1640910060 23.43 77.64 0 4.082
1640910120 23.43 77.69 0 4.082
1640910180 23.39 77.77 0 4.082
1640910240 23.37 77.81 0 4.087
1640910300 23.36 77.82 0 4.082
1640910360 23.34 77.83 0 4.071
1640910420 23.31 77.88 0 4.082
1640910480 23.33 77.88 0 4.082
1640910540 23.31 77.92 0 4.082
1640910600 23.29 77.94 0 4.082
1640910660 23.27 77.94 0 4.082
1640910720 23.27 77.96 0 4.082
1640910780 23.23 77.98 0 4.082
1640910840 23.21 78 0 4.082
1640910900 23.19 78.03 0 4.082
1640910960 23.17 78.05 0 4.082
1640911020 23.2 78.1 0 4.082
1640911080 23.14 78.09 0 4.082
1640911140 23.13 78.15 0 4.082
1640911200 23.12 78.15 0 4.082
1640911260 23.1 78.22 0 4.076
1640911320 23.07 78.24 0 4.076
1640911380 23.05 78.25 0 4.076
1640911440 23.05 78.3 0 4.082
1640911500 23.03 78.33 0 4.082
1640911560 23.02 78.33 0 4.082
1640911620 23 78.35 0 4.082
1640911680 23 78.37 0 4.082
1640911740 22.99 78.37 0 4.082
1640911800 22.99 78.42 0 4.082
1640911860 22.97 78.42 0 4.082
1640911920 23.02 78.44 0 4.082
1640911980 23.02 78.46 0 4.082
1640912040 23 78.47 0 4.082
1640912100 22.99 78.49 0 4.082
1640912160 22.99 78.49 0 4.076
1640912220 23.02 78.51 0 4.082
1640912280 23.03 78.44 0 4.082
1640912340 23.02 78.46 0 4.082
1640912400 23.03 78.46 0 4.082
1640912460 23.02 78.53 0 4.076
1640912520 23.02 78.51 0 4.082
1640912580 23.02 78.47 0 4.082
1640912640 22.99 78.48 0 4.082
1640912700 23 78.44 0 4.082
1640912760 22.99 78.43 0 4.082
1640912820 22.97 78.39 0 4.082
1640912880 22.99 78.42 0 4.082
1640912940 22.96 78.37 0 4.082
1640913000 22.96 78.36 0 4.076
1640913060 22.99 78.37 0 4.076
1640913120 22.99 78.37 0 4.076
1640913180 22.99 78.39 0 4.076
1640913240 22.96 78.41 0 4.082
1640913300 22.93 78.44 0 4.082
1640913360 22.95 78.49 0 4.082
1640913420 22.93 78.47 0 4.082
1640913480 22.93 78.48 0 4.082
1640913540 22.89 78.44 0 4.082
1640913600 22.89 78.38 0 4.076
1640913660 22.88 78.34 0 4.082
1640913720 22.88 78.36 0 4.082
1640913780 22.89 78.34 0 4.076
1640913840 22.86 78.32 0 4.076
1640913900 22.83 78.34 0 4.082
1640913960 22.82 78.36 0 4.076
1640914020 22.8 78.38 0 4.082
1640914080 22.79 78.39 0 4.076
1640914140 22.73 78.38 0 4.076
1640914200 22.75 78.41 0 4.082
1640914260 22.75 78.42 0 4.082
1640914320 22.75 78.45 0 4.082
1640914380 22.72 78.44 0 4.082
1640914440 22.73 78.49 0 4.082
1640914500 22.72 78.49 0 4.076
1640914560 22.7 78.56 0 4.082
1640914620 22.68 78.6 0 4.076
1640914680 22.69 78.6 0 4.082
1640914740 22.65 78.7 0 4.082
1640914800 22.63 78.69 0 4.082
1640914860 22.63 78.78 0 4.076
1640914920 22.63 78.83 0 4.076
1640914980 22.62 78.88 0 4.076
1640915040 22.61 78.91 0 4.082
1640915100 22.58 78.94 0 4.076
1640915160 22.56 79 0 4.082
1640915220 22.55 79.07 0 4.076
1640915280 22.56 79.1 0 4.082
1640915340 22.55 79.16 0 4.076
1640915400 22.52 79.22 0 4.082
1640915460 22.52 79.24 0 4.082
1640915520 22.52 79.31 0 4.076
1640915580 22.51 79.33 0 4.076
1640915640 22.54 79.39 0 4.082
1640915700 22.54 79.46 0 4.076
1640915760 22.55 79.47 0 4.076
1640915820 22.58 79.51 0 4.076
1640915880 22.58 79.52 0 4.076
1640915940 22.59 79.57 0 4.076
1640916000 22.55 79.63 0 4.082
1640916060 22.54 79.61 0 4.076
1640916120 22.51 79.62 0 4.076
1640916180 22.49 79.66 0 4.082
1640916240 22.49 79.7 0 4.076
1640916300 22.49 79.72 0 4.076
1640916360 22.48 79.75 0 4.076
1640916420 22.48 79.76 0 4.076
1640916480 22.48 79.78 0 4.082
1640916540 22.51 79.77 0 4.082
1640916600 22.51 79.77 0 4.082
1640916660 22.51 79.73 0 4.076
1640916720 22.54 79.73 0 4.076
1640916780 22.55 79.72 0 4.076
1640916840 22.58 79.72 0 4.076
1640916900 22.61 79.71 0 4.076
1640916960 22.61 79.69 0 4.076
1640917020 22.61 79.61 0 4.076
1640917080 22.62 79.6 0 4.076
1640917140 22.66 79.59 0 4.082
1640917200 22.62 79.52 0 4.076
1640917260 22.65 79.42 0 4.076
1640917320 22.62 79.44 0 4.076
1640917380 22.62 79.39 0 4.076
1640917440 22.59 79.38 0 4.082
1640917500 22.59 79.31 0 4.076
1640917560 22.59 79.29 0 4.076
1640917620 22.59 79.27 0 4.076
1640917680 22.58 79.21 0 4.076
1640917740 22.56 79.15 0 4.076
1640917800 22.55 79.12 0 4.076
1640917860 22.54 79.07 0 4.076
1640917920 22.49 79.04 0 4.082
1640917980 22.51 78.97 0 4.076
1640918040 22.49 78.95 0 4.076
1640918100 22.46 78.88 0 4.076
1640918160 22.48 78.88 0 4.076
1640918220 22.46 78.87 0 4.076
1640918280 22.46 78.86 0 4.076
1640918340 22.46 78.86 0 4.076
1640918400 22.45 78.84 0 4.076
1640918460 22.45 78.8 0 4.076
1640918520 22.44 78.78 0 4.076
1640918580 22.41 78.78 0 4.076
1640918640 22.41 78.78 0 4.076
1640918700 22.39 78.75 0 4.076
1640918760 22.39 78.78 0 4.076
1640918820 22.36 78.73 0 4.076
1640918880 22.38 78.75 0 4.076
1640918940 22.35 78.73 0 4.076
1640919000 22.36 78.73 0 4.076
1640919060 22.34 78.68 0 4.076
1640919120 22.32 78.67 0 4.076
1640919180 22.31 78.7 0 4.076
1640919240 22.3 78.7 0 4.076
1640919300 22.27 78.69 0 4.076
1640919360 22.24 78.72 0 4.071
1640919420 22.24 78.75 0 4.076
1640919480 22.19 78.76 0 4.076
1640919540 22.18 78.78 0 4.076
1640919600 22.18 78.85 0 4.076
1640919660 22.18 78.92 0 4.076
1640919720 22.15 78.94 0 4.076
1640919780 22.18 78.99 0 4.076
1640919840 22.15 79 0 4.076
1640919900 22.15 78.98 0 4.076
1640919960 22.14 79.04 0 4.076
1640920020 22.12 79.04 0 4.076
1640920080 22.15 79.07 0 4.076
1640920140 22.14 79.07 0 4.076
1640920200 22.14 79.06 0 4.076
1640920260 22.15 79.02 0 4.071
1640920320 22.15 79.06 0 4.071
1640920380 22.16 79.05 0 4.076
1640920440 22.15 79.05 0 4.076
1640920500 22.16 79.06 0 4.076
1640920560 22.16 79.09 0 4.076
1640920620 22.19 79.08 0 4.076
1640920680 22.15 79.06 0 4.076
1640920740 22.18 79.05 0 4.076
1640920800 22.15 79.05 0 4.071
1640920860 22.15 79.01 0 4.076
1640920920 22.15 78.96 0 4.076
1640920980 22.16 78.98 0 4.076
1640921040 22.16 78.95 0 4.076
1640921100 22.15 78.91 0 4.076
1640921160 22.18 78.9 0 4.071
1640921220 22.18 78.87 0 4.076
1640921280 22.16 78.83 0 4.071
1640921340 22.15 78.84 0 4.071
1640921400 22.16 78.83 0 4.076
1640921460 22.14 78.84 0 4.076
1640921520 22.14 78.8 0 4.076
1640921580 22.14 78.81 0 4.076
1640921640 22.11 78.78 0 4.076
1640921700 22.12 78.8 0 4.076
1640921760 22.12 78.73 0 4.071
1640921820 22.11 78.75 0 4.071
1640921880 22.11 78.71 0 4.076
1640921940 22.08 78.67 0 4.076
1640922000 22.1 78.69 0 4.076
1640922060 22.05 78.69 0 4.071
1640922120 22.04 78.61 0 4.071
1640922180 22.05 78.58 0 4.076
1640922240 22.05 78.54 0 4.071
1640922300 22.08 78.49 0 4.071
1640922360 22.04 78.47 0 4.076
1640922420 22.01 78.43 0 4.076
1640922480 22.04 78.39 0 4.071
1640922540 22.01 78.35 0 4.076
1640922600 22.01 78.29 0 4.071
1640922660 21.98 78.26 0 4.076
1640922720 22.01 78.28 0 4.071
1640922780 22.01 78.3 0 4.076
1640922840 22 78.29 0 4.076
1640922900 22 78.31 0 4.071
1640922960 21.98 78.29 0 4.071
1640923020 21.97 78.28 0 4.071
1640923080 21.97 78.29 0 4.071
1640923140 21.95 78.3 0 4.071
1640923200 21.93 78.34 0 4.076
1640923260 21.97 78.39 0 4.076
1640923320 21.94 78.44 0 4.071
1640923380 21.94 78.5 0 4.076
1640923440 21.93 78.54 0 4.071
1640923500 21.9 78.56 0 4.076
1640923560 21.94 78.62 0 4.071
1640923620 21.95 78.6 0 4.076
1640923680 21.97 78.53 0 4.071
1640923740 21.93 78.44 0 4.076
1640923800 21.97 78.4 0 4.076
1640923860 21.98 78.38 0 4.065
1640923920 21.98 78.36 0 4.071
1640923980 21.97 78.37 0 4.071
1640924040 22.03 78.36 0 4.071
1640924100 22.01 78.29 0 4.071
1640924160 22.04 78.27 0 4.071
1640924220 22.04 78.23 0 4.071
1640924280 22.05 78.21 0 4.071
1640924340 22.1 78.19 0 4.071
1640924400 22.1 78.19 0 4.071
1640924460 22.1 78.22 0 4.071
1640924520 22.1 78.16 0 4.071
1640924580 22.07 78.11 0 4.071
1640924640 22.07 78.1 0 4.071
1640924700 22.07 78.06 0 4.071
1640924760 22.04 78.08 0 4.071
1640924820 22.04 78.05 0 4.071
1640924880 22.01 78.01 0 4.071
1640924940 22 78.02 0 4.071
1640925000 22 77.94 0 4.071
1640925060 22.01 77.94 0 4.071
1640925120 22.03 77.9 0 4.071
1640925180 22 77.89 0 4.071
1640925240 21.98 77.84 0 4.071
1640925300 21.97 77.79 0 4.071
1640925360 22 77.79 0 4.071
1640925420 21.97 77.79 0 4.071
1640925480 21.98 77.73 0 4.071
1640925540 21.95 77.7 0 4.071
1640925600 21.97 77.68 0 4.071
1640925660 21.97 77.64 0 4.071
1640925720 21.94 77.66 0 4.071
1640925780 21.98 77.64 0 4.071
1640925840 21.95 77.58 0 4.071
1640925900 22.01 77.56 0 4.071
1640925960 21.98 77.55 0 4.071
1640926020 21.97 77.5 0 4.071
1640926080 21.98 77.54 0 4.071
1640926140 22.01 77.52 0 4.071
1640926200 22 77.46 0 4.071
1640926260 21.97 77.45 0 4.071
1640926320 21.97 77.45 0 4.071
1640926380 21.97 77.43 0 4.071
1640926440 21.97 77.42 0 4.071
1640926500 21.98 77.41 0 4.071
1640926560 21.95 77.4 0 4.065
1640926620 21.97 77.48 0 4.071
1640926680 21.9 77.48 0 4.071
1640926740 21.93 77.56 0 4.071
