1637643600 21.12 87.81 0 4.082
1637643660 21.06 87.97 0 4.082
1637643720 21.02 88.12 0 4.082
1637643780 20.96 88.31 0 4.082
1637643840 20.9 88.44 0 4.082
1637643900 20.82 88.59 0 4.082
1637643960 20.82 88.75 0 4.082
1637644020 20.79 88.87 0 4.082
1637644080 20.75 88.99 0 4.082
1637644140 20.74 89.09 0 4.082
1637644200 20.71 89.12 0 4.082
1637644260 20.75 89.24 0 4.082
1637644320 20.75 89.24 0 4.082
1637644380 20.78 89.27 0 4.082
1637644440 20.79 89.29 0 4.082
1637644500 20.83 89.38 0 4.082
1637644560 20.83 89.46 0 4.082
1637644620 20.78 89.55 0 4.082
1637644680 20.81 89.76 0 4.076
1637644740 20.74 89.86 0 4.082
1637644800 20.67 89.95 0 4.082
1637644860 20.62 90.02 0 4.082
1637644920 20.67 90.09 0 4.082
1637644980 20.65 90.22 0 4.082
1637645040 20.62 90.25 0 4.076
1637645100 20.65 90.38 0 4.082
1637645160 20.67 90.48 0 4.082
1637645220 20.67 90.56 0 4.082
1637645280 20.62 90.66 0 4.082
1637645340 20.72 90.79 0 4.082
1637645400 20.71 90.87 0 4.082
1637645460 20.74 91.02 0 4.082
1637645520 20.69 91.11 0 4.082
1637645580 20.68 91.22 0 4.082
1637645640 20.72 91.38 0 4.082
1637645700 20.68 91.48 0 4.082
1637645760 20.65 91.53 0 4.082
1637645820 20.61 91.63 0 4.082
1637645880 20.59 91.74 0 4.076
1637645940 20.65 91.81 0 4.082
1637646000 20.65 91.92 0 4.082
1637646060 20.62 92 0 4.082
1637646120 20.62 92.07 0 4.082
1637646180 20.62 92.19 0 4.082
1637646240 20.61 92.28 0 4.082
1637646300 20.58 92.34 0 4.082
1637646360 20.59 92.45 0 4.082
1637646420 20.56 92.5 0 4.082
1637646480 20.56 92.57 0 4.082
1637646540 20.54 92.61 0 4.082
1637646600 20.55 92.66 0 4.082
1637646660 20.51 92.71 0 4.082
1637646720 20.45 92.78 0 4.082
1637646780 20.51 92.8 0 4.076
1637646840 20.55 92.85 0 4.082
1637646900 20.54 92.88 0 4.082
1637646960 20.55 92.93 0 4.082
1637647020 20.56 92.99 0 4.082
1637647080 20.48 92.99 0 4.082
1637647140 20.52 93.01 0 4.076
1637647200 20.52 93.06 0 4.082
1637647260 20.59 93.04 0 4.082
1637647320 20.64 93.1 0 4.082
1637647380 20.68 93.1 0 4.082
1637647440 20.68 93.13 0 4.082
1637647500 20.68 93.14 0 4.082
1637647560 20.65 93.21 0 4.082
1637647620 20.61 93.18 0 4.082
1637647680 20.61 93.22 0 4.076
1637647740 20.58 93.24 0 4.076
1637647800 20.59 93.22 0 4.082
1637647860 20.58 93.27 0 4.076
1637647920 20.58 93.28 0 4.082
1637647980 20.61 93.3 0 4.076
1637648040 20.72 93.32 0 4.076
1637648100 20.75 93.38 0 4.082
1637648160 20.74 93.4 0 4.076
1637648220 20.72 93.47 0 4.082
1637648280 20.62 93.83 0 4.076
1637648340 20.59 93.87 0 4.076
1637648400 20.64 93.89 0 4.082
1637648460 20.52 93.9 0 4.082
1637648520 20.56 93.91 0 4.082
1637648580 20.54 93.96 0 4.076
1637648640 20.56 93.94 0 4.082
1637648700 20.59 93.93 0 4.076
1637648760 20.61 93.92 0 4.076
1637648820 20.61 93.96 0 4.076
1637648880 20.64 93.96 0 4.076
1637648940 20.64 93.98 0 4.082
1637649000 20.65 94.01 0 4.076
1637649060 20.65 93.99 0 4.082
1637649120 20.68 93.99 0 4.082
1637649180 20.71 94.04 0 4.076
1637649240 20.74 94.03 0 4.076
1637649300 20.75 94.07 0 4.076
1637649360 20.78 94.12 0 4.082
1637649420 20.79 94.14 0 4.082
1637649480 20.78 94.12 0 4.076
1637649540 20.82 94.21 0 4.076
1637649600 20.78 94.22 0 4.076
1637649660 20.82 94.32 0 4.076
1637649720 20.82 94.29 0 4.076
1637649780 20.86 94.32 0 4.076
1637649840 20.9 94.38 0 4.076
1637649900 20.88 94.42 0 4.082
1637649960 20.86 94.45 0 4.076
1637650020 20.88 94.48 0 4.076
1637650080 20.88 94.48 0 4.076
1637650140 20.88 94.55 0 4.082
1637650200 20.85 94.57 0 4.076
1637650260 20.89 94.63 0 4.076
1637650320 20.85 94.64 0 4.082
1637650380 20.83 94.68 0 4.076
1637650440 20.86 94.74 0 4.076
1637650500 20.85 94.75 0 4.076
1637650560 20.86 94.79 0 4.076
1637650620 20.83 94.79 0 4.076
1637650680 20.85 94.85 0 4.076
1637650740 20.83 94.86 0 4.076
1637650800 20.85 94.92 0 4.076
1637650860 20.82 94.89 0 4.076
1637650920 20.79 94.93 0 4.076
1637650980 20.83 94.96 0 4.082
1637651040 20.79 94.97 0 4.076
1637651100 20.77 95 0 4.076
1637651160 20.77 95.01 0 4.076
1637651220 20.72 95.05 0 4.076
1637651280 20.72 95.09 0 4.071
1637651340 20.75 95.11 0 4.076
1637651400 20.72 95.11 0 4.076
1637651460 20.68 95.09 0 4.076
1637651520 20.67 95.14 0 4.076
1637651580 20.61 95.15 0 4.076
1637651640 20.54 95.15 0 4.076
1637651700 20.56 95.17 0 4.076
1637651760 20.61 95.18 0 4.082
1637651820 20.55 95.2 0 4.076
1637651880 20.52 95.14 0 4.076
1637651940 20.61 95.21 0 4.076
1637652000 20.64 95.23 0 4.082
1637652060 20.64 95.19 0 4.076
1637652120 20.61 95.2 0 4.076
1637652180 20.59 95.18 0 4.076
1637652240 20.67 95.21 0 4.076
1637652300 20.75 95.22 0 4.076
1637652360 20.77 95.19 0 4.076
1637652420 20.79 95.21 0 4.076
1637652480 20.71 95.19 0 4.076
1637652540 20.74 95.25 0 4.076
1637652600 20.65 95.23 0 4.076
1637652660 20.56 95.2 0 4.076
1637652720 20.65 95.21 0 4.076
1637652780 20.64 95.22 0 4.076
1637652840 20.59 95.25 0 4.076
1637652900 20.55 95.23 0 4.076
1637652960 20.54 95.2 0 4.076
1637653020 20.58 95.21 0 4.076
1637653080 20.58 95.26 0 4.076
1637653140 20.54 95.22 0 4.076
1637653200 20.52 95.23 0 4.076
1637653260 20.49 95.23 0 4.076
1637653320 20.55 95.19 0 4.076
1637653380 20.52 95.23 0 4.076
1637653440 20.48 95.19 0 4.076
1637653500 20.54 95.17 0 4.076
1637653560 20.55 95.22 0 4.076
1637653620 20.58 95.19 0 4.076
1637653680 20.54 95.2 0 4.076
1637653740 20.54 95.22 0 4.076
1637653800 20.47 95.22 0 4.076
1637653860 20.48 95.19 0 4.076
1637653920 20.44 95.21 0 4.076
1637653980 20.42 95.2 0 4.076
1637654040 20.47 95.22 0 4.076
1637654100 20.47 95.22 0 4.076
1637654160 20.42 95.22 0 4.076
1637654220 20.45 95.2 0 4.076
1637654280 20.45 95.25 0 4.076
1637654340 20.47 95.21 0 4.076
1637654400 20.47 95.24 0 4.071
1637654460 20.48 95.24 0 4.076
1637654520 20.49 95.26 0 4.076
1637654580 20.48 95.27 0 4.076
1637654640 20.47 95.27 0 4.076
1637654700 20.48 95.26 0 4.076
1637654760 20.48 95.28 0 4.076
1637654820 20.51 95.26 0 4.076
1637654880 20.49 95.31 0 4.076
1637654940 20.51 95.33 0 4.076
1637655000 20.52 95.33 0 4.076
1637655060 20.55 95.34 0 4.076
1637655120 20.55 95.36 0 4.076
1637655180 20.45 95.36 0 4.076
1637655240 20.51 95.38 0 4.076
1637655300 20.49 95.38 0 4.076
1637655360 20.48 95.43 0 4.076
1637655420 20.45 95.46 0 4.076
1637655480 20.42 95.47 0 4.076
1637655540 20.45 95.45 0 4.076
1637655600 20.47 95.48 0 4.076
1637655660 20.48 95.5 0 4.076
1637655720 20.51 95.55 0 4.076
1637655780 20.54 95.57 0 4.076
1637655840 20.54 95.6 0 4.076
1637655900 20.49 95.58 0 4.076
1637655960 20.39 95.6 0 4.076
1637656020 20.35 95.62 0 4.076
1637656080 20.32 95.61 0 4.076
1637656140 20.37 95.67 0 4.076
1637656200 20.37 95.62 0 4.076
1637656260 20.37 95.67 0 4.076
1637656320 20.37 95.66 0 4.076
1637656380 20.32 95.69 0 4.076
1637656440 20.31 95.67 0 4.076
1637656500 20.3 95.68 0 4.071
1637656560 20.32 95.68 0 4.076
1637656620 20.32 95.71 0 4.076
1637656680 20.28 95.71 0 4.076
1637656740 20.26 95.74 0 4.076
1637656800 20.26 95.75 0 4.071
1637656860 20.28 95.77 0 4.076
1637656920 20.24 95.72 0 4.076
1637656980 20.24 95.78 0 4.076
1637657040 20.24 95.79 0 4.076
1637657100 20.28 95.8 0 4.076
1637657160 20.3 95.78 0 4.076
1637657220 20.35 95.8 0 4.076
1637657280 20.37 95.79 0 4.076
1637657340 20.32 95.8 0 4.076
1637657400 20.37 95.82 0 4.076
1637657460 20.38 95.86 0 4.076
1637657520 20.37 95.83 0 4.076
1637657580 20.39 95.9 0 4.071
1637657640 20.44 95.86 0 4.076
1637657700 20.42 95.86 0 4.076
1637657760 20.47 95.89 0 4.071
1637657820 20.42 95.92 0 4.076
1637657880 20.42 95.93 0 4.076
1637657940 20.45 95.91 0 4.076
1637658000 20.32 95.92 0 4.076
1637658060 20.27 95.94 0 4.076
1637658120 20.26 95.96 0 4.076
1637658180 20.24 95.92 0 4.071
1637658240 20.27 95.98 0 4.076
1637658300 20.28 96 0 4.071
1637658360 20.26 95.97 0 4.071
1637658420 20.24 95.98 0 4.071
1637658480 20.24 95.99 0 4.071
1637658540 20.21 95.98 0 4.071
1637658600 20.18 95.98 0 4.071
1637658660 20.17 96.04 0 4.076
1637658720 20.13 95.97 0 4.076
1637658780 20.11 96.02 0 4.076
1637658840 20.08 96.02 0 4.076
1637658900 20.06 96.05 0 4.076
1637658960 20.06 96.05 0 4.076
1637659020 20.04 96.04 0 4.071
1637659080 20.03 96.04 0 4.076
1637659140 20 96.07 0 4.071
1637659200 19.98 96.04 0 4.076
1637659260 20 96.06 0 4.071
1637659320 19.97 96.08 0 4.071
1637659380 19.98 96.07 0 4.076
1637659440 19.96 96.09 0 4.071
1637659500 19.98 96.08 0 4.076
1637659560 20.01 96.08 0 4.071
1637659620 20.01 96.13 0 4.076
1637659680 19.97 96.09 0 4.076
1637659740 19.88 96.14 0 4.071
1637659800 19.93 96.16 0 4.076
1637659860 19.93 96.17 0 4.076
1637659920 19.91 96.13 0 4.076
1637659980 19.93 96.17 0 4.076
1637660040 19.93 96.17 0 4.076
1637660100 19.87 96.21 0 4.076
1637660160 19.84 96.16 0 4.071
1637660220 19.76 96.19 0 4.076
1637660280 19.67 96.23 0 4.071
1637660340 19.66 96.25 0 4.076
1637660400 19.59 96.27 0 4.076
1637660460 19.6 96.24 0 4.076
1637660520 19.57 96.27 0 4.071
1637660580 19.55 96.24 0 4.076
1637660640 19.6 96.25 0 4.076
1637660700 19.62 96.24 0 4.071
1637660760 19.63 96.26 0 4.071
1637660820 19.62 96.24 0 4.071
1637660880 19.62 96.28 0 4.076
1637660940 19.69 96.29 0 4.076
1637661000 19.7 96.29 0 4.071
1637661060 19.72 96.31 0 4.071
1637661120 19.69 96.34 0 4.071
1637661180 19.69 96.35 0 4.071
1637661240 19.67 96.32 0 4.071
1637661300 19.7 96.34 0 4.071
1637661360 19.67 96.4 0 4.071
1637661420 19.69 96.39 0 4.071
1637661480 19.66 96.36 0 4.076
1637661540 19.64 96.41 0 4.071
1637661600 19.59 96.41 0 4.076
1637661660 19.63 96.44 0 4.071
1637661720 19.6 96.41 0 4.071
1637661780 19.63 96.47 0 4.076
1637661840 19.6 96.47 0 4.071
1637661900 19.6 96.45 0 4.071
1637661960 19.62 96.48 0 4.076
1637662020 19.6 96.47 0 4.071
1637662080 19.59 96.51 0 4.071
1637662140 19.57 96.51 0 4.071
1637662200 19.59 96.47 0 4.071
1637662260 19.59 96.49 0 4.071
1637662320 19.6 96.58 0 4.071
1637662380 19.62 96.52 0 4.071
1637662440 19.64 96.58 0 4.076
1637662500 19.66 96.56 0 4.071
1637662560 19.66 96.58 0 4.071
1637662620 19.63 96.59 0 4.071
1637662680 19.57 96.58 0 4.076
1637662740 19.59 96.62 0 4.071
1637662800 19.57 96.64 0 4.076
1637662860 19.6 96.63 0 4.071
1637662920 19.6 96.65 0 4.071
1637662980 19.66 96.69 0 4.071
1637663040 19.62 96.62 0 4.071
1637663100 19.6 96.66 0 4.071
1637663160 19.59 96.68 0 4.071
1637663220 19.55 96.68 0 4.071
1637663280 19.55 96.72 0 4.071
1637663340 19.53 96.72 0 4.071
1637663400 19.52 96.75 0 4.071
1637663460 19.53 96.74 0 4.071
1637663520 19.53 96.74 0 4.071
1637663580 19.53 96.79 0 4.071
1637663640 19.5 96.78 0 4.071
1637663700 19.52 96.8 0 4.071
1637663760 19.49 96.8 0 4.071
1637663820 19.5 96.86 0 4.071
1637663880 19.5 96.83 0 4.071
1637663940 19.5 96.84 0 4.071
1637664000 19.5 96.83 0 4.071
1637664060 19.5 96.87 0 4.071
1637664120 19.48 96.87 0 4.071
1637664180 19.43 96.84 0 4.071
1637664240 19.37 96.91 0 4.071
1637664300 19.36 96.89 0 4.071
1637664360 19.35 96.91 0 4.071
1637664420 19.32 96.9 0 4.071
1637664480 19.32 96.93 0 4.071
1637664540 19.33 96.97 0 4.071
1637664600 19.32 96.98 0 4.071
1637664660 19.33 96.96 0 4.071
1637664720 19.35 96.98 0 4.071
1637664780 19.42 96.99 0 4.071
1637664840 19.45 97.02 0 4.071
1637664900 19.45 97 0 4.071
1637664960 19.45 97 0 4.071
1637665020 19.45 97.03 0 4.071
1637665080 19.43 97 0 4.071
1637665140 19.46 97.08 0 4.071
1637665200 19.46 97.07 0 4.071
1637665260 19.48 97.07 0 4.071
1637665320 19.49 97.06 0 4.071
1637665380 19.56 97.08 0 4.071
1637665440 19.56 97.09 0 4.071
1637665500 19.53 97.1 0 4.071
1637665560 19.5 97.09 0 4.071
1637665620 19.49 97.1 0 4.071
1637665680 19.52 97.13 0 4.065
1637665740 19.5 97.16 0 4.071
1637665800 19.53 97.12 0 4.071
1637665860 19.53 97.14 4 4.071
1637665920 19.55 97.13 4 4.071
1637665980 19.53 97.16 4 4.071
1637666040 19.55 97.17 4 4.065
1637666100 19.53 97.17 4 4.071
1637666160 19.55 97.17 4 4.071
1637666220 19.55 97.2 4 4.071
1637666280 19.53 97.2 0 4.071
1637666340 19.55 97.25 4 4.071
1637666400 19.55 97.19 4 4.071
1637666460 19.5 97.26 4 4.071
1637666520 19.5 97.25 4 4.071
1637666580 19.5 97.28 4 4.071
1637666640 19.55 97.29 4 4.071
1637666700 19.55 97.28 4 4.071
1637666760 19.52 97.27 10 4.071
1637666820 19.53 97.29 4 4.071
1637666880 19.49 97.32 10 4.071
1637666940 19.53 97.32 10 4.071
1637667000 19.55 97.32 10 4.071
1637667060 19.56 97.29 10 4.071
1637667120 19.59 97.34 10 4.071
1637667180 19.59 97.33 10 4.071
1637667240 19.59 97.39 10 4.071
1637667300 19.59 97.36 10 4.071
1637667360 19.64 97.4 10 4.071
1637667420 19.67 97.39 16 4.071
1637667480 19.66 97.35 16 4.065
1637667540 19.69 97.43 16 4.065
1637667600 19.69 97.43 16 4.071
1637667660 19.7 97.41 16 4.071
1637667720 19.7 97.44 22 4.071
1637667780 19.72 97.44 22 4.071
1637667840 19.72 97.43 22 4.071
1637667900 19.73 97.45 22 4.071
1637667960 19.74 97.47 22 4.071
1637668020 19.74 97.46 22 4.065
1637668080 19.77 97.47 28 4.071
1637668140 19.77 97.51 28 4.071
1637668200 19.79 97.5 28 4.071
1637668260 19.76 97.5 28 4.071
1637668320 19.77 97.5 34 4.071
1637668380 19.76 97.52 34 4.071
1637668440 19.77 97.52 34 4.071
1637668500 19.77 97.55 34 4.071
1637668560 19.74 97.54 34 4.071
1637668620 19.77 97.55 40 4.071
1637668680 19.77 97.52 40 4.065
1637668740 19.8 97.59 40 4.071
1637668800 19.83 97.59 40 4.071
1637668860 19.87 97.59 46 4.071
1637668920 19.9 97.55 46 4.071
1637668980 19.91 97.57 46 4.071
1637669040 19.88 97.61 46 4.065
1637669100 19.9 97.58 46 4.065
1637669160 19.93 97.61 52 4.071
1637669220 19.93 97.59 52 4.071
1637669280 19.94 97.58 52 4.071
1637669340 19.98 97.61 58 4.065
1637669400 20.01 97.69 58 4.071
1637669460 20.06 97.62 58 4.071
1637669520 20.1 97.63 58 4.065
1637669580 20.13 97.6 58 4.071
1637669640 20.17 97.62 58 4.065
1637669700 20.1 97.65 64 4.071
1637669760 20.08 97.7 64 4.065
1637669820 20.06 97.69 64 4.071
1637668980 19.91 97.57 46 4.071
1637669040 19.88 97.61 46 4.065
1637669100 19.9 97.58 46 4.065
1637669160 19.93 97.61 52 4.071
1637669220 19.93 97.59 52 4.071
1637669280 19.94 97.58 52 4.071
1637669340 19.98 97.61 58 4.065
1637669400 20.01 97.69 58 4.071
1637669460 20.06 97.62 58 4.071
1637669520 20.1 97.63 58 4.065
1637669580 20.13 97.6 58 4.071
1637669640 20.17 97.62 58 4.065
1637669700 20.1 97.65 64 4.071
1637669760 20.08 97.7 64 4.065
1637669820 20.06 97.69 64 4.071
1637668980 20.03 97.67 58 4.071
1637669040 20.01 97.68 64 4.071
1637669100 20.07 97.68 64 4.071
1637669160 20.13 97.66 58 4.071
1637669220 20.16 97.68 64 4.071
1637669280 20.2 97.72 64 4.065
1637669340 20.23 97.71 58 4.071
1637669400 20.1 97.7 58 4.071
1637669460 20.08 97.7 58 4.071
1637669520 20.11 97.7 58 4.065
1637669580 20.11 97.71 58 4.071
1637669640 20.11 97.68 58 4.071
1637669700 20.17 97.71 58 4.071
1637669760 20.24 97.76 58 4.065
1637669820 20.31 97.71 58 4.065
1637669880 20.32 97.76 58 4.065
1637669940 20.32 97.73 58 4.071
1637670000 20.37 97.71 58 4.071
1637670060 20.41 97.68 58 4.065
1637670120 20.48 97.71 64 4.065
1637670180 20.54 97.67 64 4.071
1637670240 20.51 97.7 64 4.071
1637670300 20.49 97.74 70 4.065
1637670360 20.51 97.71 70 4.071
1637670420 20.52 97.68 70 4.065
1637670480 20.61 97.72 70 4.065
1637670540 20.59 97.69 70 4.071
1637670600 20.55 97.69 70 4.071
1637670660 20.59 97.7 76 4.065
1637670720 20.61 97.73 76 4.071
1637670780 20.55 97.66 82 4.065
1637670840 20.51 97.66 82 4.065
1637670900 20.54 97.7 82 4.071
1637670960 20.58 97.67 88 4.071
1637671020 20.61 97.64 88 4.071
1637671080 20.61 97.62 88 4.06
1637671140 20.67 97.66 94 4.065
1637671200 20.71 97.61 94 4.065
1637671260 20.77 97.62 94 4.065
1637671320 20.79 97.59 94 4.065
1637671380 20.89 97.54 100 4.065
1637671440 20.95 97.55 106 4.071
1637671500 21 97.58 106 4.071
1637671560 20.99 97.53 112 4.071
1637671620 21.03 97.54 112 4.071
1637671680 21.07 97.51 118 4.065
1637671740 21.1 97.45 118 4.071
1637671800 21.1 97.45 124 4.071
1637671860 21.25 97.41 124 4.071
1637671920 21.22 97.42 131 4.071
1637671980 21.28 97.36 131 4.071
1637672040 21.26 97.34 131 4.071
1637672100 21.39 97.29 137 4.071
1637672160 21.46 97.28 137 4.071
1637672220 21.4 97.24 137 4.071
1637672280 21.4 97.23 137 4.071
1637672340 21.5 97.16 137 4.071
1637672400 21.49 97.08 137 4.071
1637672460 21.53 97.06 137 4.071
1637672520 21.44 96.99 131 4.071
1637672640 21.57 96.91 131 4.071
1637672700 21.61 96.82 124 4.071
1637672760 21.65 96.72 124 4.071
1637672820 21.79 96.67 124 4.071
1637672880 21.77 96.63 124 4.071
1637672940 21.68 96.59 124 4.06
1637673000 21.65 96.48 124 4.065
1637673060 21.61 96.45 124 4.071
1637673120 21.67 96.44 131 4.071
1637673180 21.68 96.41 131 4.071
1637673240 21.63 96.37 131 4.071
1637673300 21.57 96.3 131 4.071
1637673360 21.63 96.24 137 4.071
1637673420 21.74 96.2 137 4.071
1637673480 21.8 96.1 137 4.071
1637673540 21.81 96.04 137 4.076
1637673600 21.85 95.94 143 4.071
1637673660 21.91 95.85 149 4.071
1637673720 21.9 95.76 149 4.071
1637673780 21.81 95.65 155 4.071
1637673840 21.91 95.54 161 4.071
1637673900 22.01 95.4 161 4.071
1637673960 22.12 95.34 167 4.071
1637674020 22.12 95.25 173 4.071
1637674080 22.12 95.21 173 4.076
1637674140 22.15 95.16 173 4.076
1637674200 22.05 95.09 179 4.076
1637674260 22.05 95.03 173 4.076
1637674320 21.88 94.88 179 4.071
1637674380 21.91 94.75 179 4.071
1637674440 22 94.63 179 4.076
1637674500 22.05 94.55 173 4.076
1637674560 22.05 94.48 167 4.076
1637674620 22.08 94.36 161 4.071
1637674680 22.18 94.15 161 4.071
1637674740 22.24 94.1 161 4.071
1637674800 22.25 94.01 155 4.071
1637674860 22.18 93.96 155 4.071
1637674920 22.14 93.83 155 4.076
1637674980 22.1 93.71 155 4.076
1637675040 22.19 93.57 155 4.076
1637675100 22.22 93.48 161 4.076
1637675160 22.28 93.34 161 4.076
1637675220 22.34 93.24 161 4.076
1637675280 22.32 93.14 167 4.076
1637675340 22.41 92.95 167 4.076
1637675400 22.45 92.81 173 4.076
1637675460 22.54 92.66 185 4.076
1637675520 22.56 92.53 191 4.076
1637675580 22.59 92.36 203 4.076
1637675640 22.68 92.14 221 4.071
1637675700 22.8 91.98 215 4.076
1637675760 22.89 91.83 197 4.076
1637675820 22.99 91.74 197 4.076
1637675880 23.12 91.69 215 4.076
1637675940 23.13 91.52 209 4.076
1637676000 23.19 91.42 203 4.076
1637676060 23.29 91.32 197 4.076
1637676120 23.3 91.32 191 4.076
1637676180 23.37 91.3 203 4.076
1637676240 23.34 91.12 197 4.076
1637676300 23.39 91.01 209 4.076
1637676360 23.4 90.86 227 4.076
1637676420 23.44 90.7 233 4.082
1637676480 23.5 90.6 197 4.076
1637676540 23.51 90.36 203 4.076
1637676600 23.51 90.26 197 4.076
1637676660 23.4 90 197 4.076
1637676720 23.41 89.89 191 4.076
1637676780 23.47 89.83 185 4.076
1637676840 23.46 89.69 179 4.076
1637676900 23.47 89.52 179 4.076
1637676960 23.44 89.4 185 4.076
1637677020 23.43 89.18 191 4.076
1637677080 23.44 88.97 191 4.076
1637677140 23.41 88.74 197 4.076
1637677200 23.4 88.59 203 4.076
1637677260 23.41 88.44 209 4.082
1637677320 23.46 88.42 215 4.076
1637677380 23.5 88.3 221 4.082
1637677440 23.49 88.15 233 4.076
1637677500 23.54 88.05 239 4.076
1637677560 23.72 87.93 257 4.076
1637677620 23.71 87.74 257 4.076
1637677680 23.71 87.52 263 4.082
1637677740 23.75 87.39 233 4.082
1637677800 23.74 87.15 245 4.082
1637677860 23.72 86.89 239 4.082
1637677920 23.82 86.66 257 4.082
1637677980 23.85 86.51 209 4.082
1637678040 23.92 86.36 209 4.076
1637678100 23.95 86.15 209 4.082
1637678160 23.88 86.01 215 4.076
1637678220 23.87 85.85 221 4.082
1637678280 23.89 85.66 227 4.082
1637678340 24 85.52 227 4.076
1637678400 23.97 85.38 227 4.082
1637678460 23.89 85.09 221 4.082
1637678520 23.97 84.89 221 4.082
1637678580 24.02 84.79 221 4.082
1637678640 24.04 84.59 221 4.082
1637678700 24.07 84.43 227 4.082
1637678760 24.12 84.22 227 4.082
1637678820 24.18 84.14 233 4.082
1637678880 24.19 84.09 233 4.082
1637678940 24.18 84.08 233 4.082
1637679000 24.15 83.9 227 4.082
1637679060 24.18 83.77 233 4.082
1637679120 24.23 83.72 233 4.082
1637679180 24.31 83.76 245 4.082
1637679240 24.42 83.77 251 4.082
1637679300 24.55 83.77 257 4.082
1637679360 24.56 83.67 263 4.087
1637679420 24.53 83.4 275 4.087
1637679480 24.61 83.22 281 4.087
1637679540 24.61 82.98 287 4.087
1637679600 24.67 82.85 299 4.087
1637679660 24.73 82.74 311 4.087
1637679720 24.77 82.56 323 4.087
1637679780 24.73 82.21 317 4.087
1637678940 24.67 81.98 317 4.092
1637679000 24.66 81.72 311 4.087
1637679060 24.62 81.48 305 4.087
1637679120 24.79 81.34 305 4.087
1637679180 24.73 81.27 305 4.087
1637679240 24.8 81.2 311 4.087
1637679300 24.75 80.94 317 4.087
1637679360 24.7 80.73 335 4.092
1637679420 24.8 80.52 365 4.087
1637679480 24.98 80.46 384 4.092
1637679540 25.18 80.33 371 4.092
1637679600 25.42 80.23 377 4.092
1637679660 25.51 80.14 385 4.092
1637679720 25.68 80.07 385 4.092
1637679780 25.85 79.82 365 4.098
1637679840 25.93 79.67 361 4.092
1637679900 25.99 79.43 365 4.098
1637679960 26.11 79.2 373 4.092
1637680020 26.03 78.89 396 4.098
1637680080 25.99 78.6 396 4.087
1637680140 25.92 78.3 371 4.092
1637680200 26.03 78.13 377 4.098
1637680260 26.14 78.03 371 4.098
1637680320 26.21 77.7 367 4.092
1637680380 26.18 77.37 367 4.098
1637680440 26.4 77.39 367 4.098
1637680500 26.29 77.01 359 4.098
1637680560 26.28 76.77 361 4.098
1637680620 25.98 76.56 367 4.098
1637680680 25.95 76.69 384 4.082
1637680740 26.02 76.64 402 4.092
1637680800 26.02 76.49 402 4.087
1637680860 25.98 76.2 402 4.082
1637680920 26.08 76.1 391 4.098
1637680980 26.08 75.82 367 4.092
1637681040 26.14 75.7 359 4.092
1637681100 26.15 75.47 353 4.098
1637681160 26.15 75.33 347 4.098
1637681220 26.09 75.23 349 4.098
1637681280 26.09 75.2 343 4.092
1637681340 26.11 75.17 337 4.092
1637681400 26.28 75.19 335 4.098
1637681460 26.23 75 343 4.098
1637681520 26.25 74.8 396 4.087
1637681580 26.3 74.64 373 4.092
1637680740 26.02 76.64 402 4.092
1637680800 26.02 76.49 402 4.087
1637680860 25.98 76.2 402 4.082
1637680920 26.08 76.1 391 4.098
1637680980 26.08 75.82 367 4.092
1637681040 26.14 75.7 359 4.092
1637681100 26.15 75.47 353 4.098
1637681160 26.15 75.33 347 4.098
1637681220 26.09 75.23 349 4.098
1637681280 26.09 75.2 343 4.092
1637681340 26.11 75.17 337 4.092
1637681400 26.28 75.19 335 4.098
1637681460 26.23 75 343 4.098
1637681520 26.25 74.8 396 4.087
1637681580 26.3 74.64 373 4.092
1637680740 26.44 74.66 347 4.092
1637680800 26.5 74.67 343 4.098
1637680860 26.5 74.45 341 4.098
1637680920 26.52 74.19 347 4.087
1637680980 26.5 74.14 353 4.087
1637681040 26.57 74.02 367 4.092
1637681100 26.72 73.9 391 4.098
1637681160 26.84 73.89 472 4.082
1637681220 27 73.62 474 4.082
1637681280 27.24 73.56 444 4.092
1637681340 27.21 73.37 402 4.087
1637681400 27.34 73.17 367 4.092
1637681460 27.35 72.86 384 4.087
1637681520 27.28 72.44 361 4.098
1637681580 27.38 72.14 361 4.098
1637681640 27.27 71.76 371 4.092
1637681700 26.98 71.48 391 4.098
1637681760 26.87 71.29 521 4.087
1637681820 26.77 71.08 396 4.092
1637681880 26.7 70.92 373 4.098
1637681940 23.34 91.12 197 4.076
1637682000 23.39 91.01 209 4.076
1637682060 23.4 90.86 227 4.076
1637682120 23.44 90.7 233 4.082
1637682180 23.5 90.6 197 4.076
1637682240 23.51 90.36 203 4.076
1637682300 23.51 90.26 197 4.076
1637682360 23.4 90 197 4.076
1637682420 23.41 89.89 191 4.076
1637682480 23.47 89.83 185 4.076
1637682540 27.14 69.02 466 4.082
1637682600 27.14 68.64 527 4.082
1637682660 27.4 68.41 701 4.082
1637682720 27.49 68.25 780 4.082
1637682780 27.55 67.93 798 4.082
1637682840 23.41 88.74 197 4.076
1637682900 23.4 88.59 203 4.076
1637682960 23.41 88.44 209 4.082
1637683020 23.46 88.42 215 4.076
1637683080 23.5 88.3 221 4.082
1637683140 23.49 88.15 233 4.076
1637683200 23.54 88.05 239 4.076
1637683260 23.72 87.93 257 4.076
1637683320 23.71 87.74 257 4.076
1637683380 23.71 87.52 263 4.082
1637683440 29.71 65.23 935 4.087
1637683500 29.87 64.8 1001 4.082
1637683560 30.07 64.51 1111 4.082
1637683620 29.86 64.03 1152 4.082
1637683680 30.03 63.8 1260 4.082
1637683740 23.92 86.36 209 4.076
1637683800 23.95 86.15 209 4.082
1637683860 23.88 86.01 215 4.076
1637683920 23.87 85.85 221 4.082
1637683980 23.89 85.66 227 4.082
1637684040 24 85.52 227 4.076
1637684100 23.97 85.38 227 4.082
1637684160 23.89 85.09 221 4.082
1637684220 23.97 84.89 221 4.082
1637684280 24.02 84.79 221 4.082
1637684340 28.6 61.69 149 4.087
1637684400 28.36 61.98 155 4.087
1637684460 28.22 62.23 149 4.092
1637684520 27.94 62.56 155 4.087
1637684580 27.69 63.01 155 4.087
1637684640 24.18 84.08 233 4.082
1637684700 24.15 83.9 227 4.082
1637684760 24.18 83.77 233 4.082
1637684820 24.23 83.72 233 4.082
1637684880 24.31 83.76 245 4.082
1637684940 24.42 83.77 251 4.082
1637685000 24.55 83.77 257 4.082
1637685060 24.56 83.67 263 4.087
1637685120 24.53 83.4 275 4.087
1637685180 24.61 83.22 281 4.087
1637685240 26.15 68.24 275 4.098
1637685300 26.15 68.76 301 4.098
1637685360 26.18 68.97 289 4.098
1637685420 26.15 69.21 265 4.098
1637685480 26.18 69.43 271 4.098
1637685540 24.67 81.98 317 4.092
1637685600 24.66 81.72 311 4.087
1637685660 24.62 81.48 305 4.087
1637685720 24.79 81.34 305 4.087
1637685780 24.73 81.27 305 4.087
1637685840 24.8 81.2 311 4.087
1637685900 24.75 80.94 317 4.087
1637685960 24.7 80.73 335 4.092
1637686020 24.8 80.52 365 4.087
1637686080 24.98 80.46 384 4.092
1637686140 26.7 70.96 695 4.087
1637686200 26.91 71.24 673 4.082
1637686260 26.98 71.26 707 4.082
1637686320 27.04 71.18 984 4.087
1637686380 27.17 71.17 522 4.087
1637686440 25.93 79.67 361 4.092
1637686500 25.99 79.43 365 4.098
1637686560 26.11 79.2 373 4.092
1637686620 26.03 78.89 396 4.098
1637686680 25.99 78.6 396 4.087
1637686740 25.92 78.3 371 4.092
1637686800 26.03 78.13 377 4.098
1637686860 26.14 78.03 371 4.098
1637686920 26.21 77.7 367 4.092
1637686980 26.18 77.37 367 4.098
1637687040 27.49 69.52 786 4.087
1637687100 27.48 69.48 484 4.087
1637687160 27.41 69.37 725 4.087
1637687220 27.38 69.33 1075 4.082
1637687280 27.61 69.25 749 4.087
1637687340 26.02 76.64 402 4.092
1637687400 26.02 76.49 402 4.087
1637687460 25.98 76.2 402 4.082
1637687520 26.08 76.1 391 4.098
1637687580 26.08 75.82 367 4.092
1637687640 26.14 75.7 359 4.092
1637687700 26.15 75.47 353 4.098
1637687760 26.15 75.33 347 4.098
1637687820 26.09 75.23 349 4.098
1637687880 26.09 75.2 343 4.092
1637687940 27.96 67.99 1123 4.087
1637688000 27.92 67.89 1129 4.087
1637688060 27.81 67.78 1177 4.087
1637688120 27.72 67.74 1145 4.087
1637688180 27.99 67.74 1207 4.082
1637688240 26.44 74.66 347 4.092
1637688300 26.5 74.67 343 4.098
1637688360 26.5 74.45 341 4.098
1637688420 26.52 74.19 347 4.087
1637688480 26.5 74.14 353 4.087
1637688540 26.57 74.02 367 4.092
1637688600 26.72 73.9 391 4.098
1637688660 26.84 73.89 472 4.082
1637688720 27 73.62 474 4.082
1637688780 27.24 73.56 444 4.092
1637688840 29.39 66.12 960 4.103
1637688900 29.39 65.81 758 4.103
1637688960 29.2 65.46 828 4.087
1637689020 29.04 65.24 638 4.098
1637689080 29.12 65.07 486 4.087
1637689140 27.27 71.76 371 4.092
1637689200 26.98 71.48 391 4.098
1637689260 26.87 71.29 521 4.087
1637689320 26.77 71.08 396 4.092
1637689380 26.7 70.92 373 4.098
1637689440 26.7 70.8 391 4.098
1637689500 26.7 70.51 365 4.098
1637689560 26.86 70.24 377 4.087
1637689620 26.9 70.03 379 4.098
1637689680 26.74 69.77 402 4.087
1637689740 28.4 64.15 972 4.087
1637689800 28.35 64.11 840 4.082
1637689860 28.42 64.08 768 4.087
1637689920 28.6 64.13 876 4.082
1637689980 28.73 64 935 4.087
1637690040 27.14 69.02 466 4.082
1637690100 27.14 68.64 527 4.082
1637690160 27.4 68.41 701 4.082
1637690220 27.49 68.25 780 4.082
1637690280 27.55 67.93 798 4.082
1637690340 27.81 67.66 822 4.082
1637690400 27.96 67.36 1019 4.087
1637690460 28.08 67.07 1073 4.082
1637690520 28.3 66.87 1133 4.082
1637690580 28.42 66.79 1164 4.082
1637690640 29.18 62.81 353 4.092
1637690700 29.2 62.82 323 4.092
1637690760 29.15 62.8 1039 4.087
1637690820 29 62.84 864 4.087
1637690880 28.82 62.82 1123 4.082
1637690940 29.71 65.23 935 4.087
1637691000 29.87 64.8 1001 4.082
1637691060 30.07 64.51 1111 4.082
1637691120 29.86 64.03 1152 4.082
1637691180 30.03 63.8 1260 4.082
1637691240 30.05 63.52 1189 4.108
1637691300 30.3 63.17 1124 4.114
1637691360 30.47 62.82 335 4.098
1637691420 30.41 62.39 257 4.092
1637691480 30.34 62.05 233 4.092
1637691540 29.85 62.15 923 4.087
1637691600 29.79 62 1085 4.082
1637691660 29.93 61.81 900 4.087
1637691720 30.16 61.68 1043 4.087
1637691780 29.99 61.37 1067 4.082
1637691840 28.6 61.69 149 4.087
1637691900 28.36 61.98 155 4.087
1637691960 28.22 62.23 149 4.092
1637692020 27.94 62.56 155 4.087
1637692080 27.69 63.01 155 4.087
1637692140 27.54 63.41 161 4.087
1637692200 27.3 63.9 173 4.087
1637692260 27.13 64.63 179 4.092
1637692320 26.97 65.39 179 4.092
1637692380 26.91 66 191 4.087
1637692440 26.15 68.24 275 4.098
1637692500 26.15 68.76 301 4.098
1637692560 26.18 68.97 289 4.098
1637692620 26.15 69.21 265 4.098
1637692680 26.18 69.43 271 4.098
1637692740 26.18 69.8 289 4.098
1637692800 26.18 70.15 331 4.098
1637692860 26.23 70.42 504 4.087
1637692920 26.28 70.64 426 4.087
1637692980 26.35 70.77 420 4.087
1637693040 26.46 70.81 390 4.087
1637693100 26.53 70.93 353 4.087
1637693160 26.67 71 343 4.098
1637693220 26.59 71.03 371 4.087
1637693280 26.67 70.99 462 4.082
1637693340 26.7 70.96 695 4.087
1637693400 26.91 71.24 673 4.082
1637693460 26.98 71.26 707 4.082
1637693520 27.04 71.18 984 4.087
1637693580 27.17 71.17 522 4.087
1637693640 27.33 71.13 649 4.087
1637693700 27.43 71.09 1177 4.087
1637693760 27.62 70.93 1171 4.082
1637693820 27.84 70.65 576 4.087
1637693880 27.94 70.45 737 4.087
1637693940 27.92 70.26 731 4.087
1637694000 27.82 70.08 510 4.098
1637694060 27.81 69.85 427 4.098
1637694120 27.59 69.69 420 4.098
1637694180 27.56 69.59 498 4.087
1637694240 27.49 69.52 786 4.087
1637694300 27.48 69.48 484 4.087
1637694360 27.41 69.37 725 4.087
1637694420 27.38 69.33 1075 4.082
1637694480 27.61 69.25 749 4.087
1637694540 27.54 69.07 755 4.082
1637694600 27.65 69.04 512 4.098
1637694660 27.79 68.93 677 4.082
1637694720 27.88 68.82 1033 4.087
1637694780 27.99 68.68 593 4.087
1637694840 27.94 68.5 719 4.087
1637694900 27.98 68.43 816 4.087
1637694960 27.86 68.32 379 4.098
1637695020 27.94 68.2 355 4.098
1637695080 28.03 68.05 486 4.087
1637695140 27.96 67.99 1123 4.087
1637695200 27.92 67.89 1129 4.087
1637695260 27.81 67.78 1177 4.087
1637695320 27.72 67.74 1145 4.087
1637695380 27.99 67.74 1207 4.082
1637695440 28.22 67.6 1230 4.082
1637695500 28.53 67.45 1218 4.082
1637695560 28.7 67.27 522 4.087
1637695620 28.67 67.07 582 4.087
1637695680 28.64 66.85 662 4.103
1637695740 28.77 66.68 719 4.082
1637695800 28.73 66.6 755 4.087
1637695860 28.82 66.57 1037 4.087
1637695920 29.07 66.52 1087 4.082
1637695980 29.22 66.35 1218 4.082
1637696040 29.39 66.12 960 4.103
1637696100 29.39 65.81 758 4.103
1637696160 29.2 65.46 828 4.087
1637696220 29.04 65.24 638 4.098
1637696280 29.12 65.07 486 4.087
1637696340 29.17 64.93 469 4.098
1637696400 29.1 64.79 463 4.098
1637696460 28.91 64.58 552 4.087
1637696520 28.84 64.41 530 4.098
1637696580 28.63 64.2 475 4.098
1637696640 28.61 64.15 463 4.098
1637696700 28.64 64.16 546 4.082
1637696760 28.47 64.1 786 4.087
1637696820 28.29 64.02 731 4.082
1637696880 28.24 64.01 515 4.087
1637696940 28.4 64.15 972 4.087
1637697000 28.35 64.11 840 4.082
1637697060 28.42 64.08 768 4.087
1637697120 28.6 64.13 876 4.082
1637697180 28.73 64 935 4.087
1637697240 28.74 63.89 966 4.087
1637697300 28.96 63.86 899 4.082
1637697360 29.1 63.69 761 4.087
1637697420 29.1 63.57 995 4.082
1637697480 29.18 63.42 1055 4.082
1637697540 29.28 63.25 463 4.098
1637697600 29.24 63.01 713 4.082
1637697660 29.01 62.88 1091 4.082
1637697720 29.05 62.83 1097 4.087
1637697780 29.07 62.78 840 4.087
1637697840 29.18 62.81 353 4.092
1637697900 29.2 62.82 323 4.092
1637697960 29.15 62.8 1039 4.087
1637698020 29 62.84 864 4.087
1637698080 28.82 62.82 1123 4.082
1637698140 28.9 62.83 1085 4.082
1637698200 29.01 62.93 1049 4.082
1637698260 29.02 62.9 966 4.087
1637698320 28.98 62.82 1043 4.087
1637698380 28.91 62.75 1049 4.082
1637698440 29.05 62.7 1061 4.082
1637698500 29.39 62.65 1031 4.082
1637698560 29.71 62.53 917 4.082
1637698620 29.83 62.4 1073 4.082
1637698680 29.73 62.21 1097 4.082
1637698740 29.85 62.15 923 4.087
1637698800 29.79 62 1085 4.082
1637698860 29.93 61.81 900 4.087
1637698920 30.16 61.68 1043 4.087
1637698980 29.99 61.37 1067 4.082
1637699040 30.03 61.09 905 4.087
1637699100 29.63 60.86 953 4.082
1637699160 29.38 60.71 941 4.082
1637699220 29.2 60.7 746 4.098
1637699280 28.86 60.68 725 4.087
1637699340 28.8 60.78 719 4.092
1637699400 28.94 60.88 293 4.092
1637699460 29.05 61.03 510 4.092
1637699520 29.18 61.23 275 4.092
1637699580 28.96 61.26 281 4.092
1637699640 27.61 64.07 325 4.098
1637699700 27.51 64.2 313 4.098
1637699760 27.55 64.39 295 4.098
1637699820 27.44 64.63 283 4.098
1637699880 27.45 64.99 245 4.092
1637699940 27.37 65.19 246 4.098
1637700000 27.24 65.34 275 4.092
1637700060 27.17 65.5 252 4.098
1637700120 27.15 65.84 313 4.098
1637700180 27.18 66.08 307 4.092
1637700240 27.24 66.36 295 4.098
1637700300 27.27 66.47 295 4.098
1637700360 27.23 66.59 283 4.098
1637700420 27.27 66.72 301 4.098
1637700480 27.35 66.79 277 4.098
1637700540 27.49 66.81 265 4.098
1637700600 27.51 66.84 259 4.098
1637700660 27.44 66.9 265 4.098
1637700720 27.37 67.09 289 4.098
1637700780 27.31 67.22 295 4.098
1637700840 27.24 67.21 343 4.098
1637700900 27.14 67.31 530 4.103
1637700960 27.11 67.28 433 4.098
1637701020 27.04 67.35 566 4.103
1637701080 27.15 67.57 704 4.092
1637701140 27.28 67.69 731 4.092
1637701200 27.35 67.7 709 4.092
1637701260 27.52 67.75 667 4.087
1637701320 27.64 67.64 667 4.092
1637701380 27.71 67.58 528 4.092
1637701440 27.91 67.44 325 4.103
1637701500 27.84 67.43 295 4.098
1637701560 27.65 67.35 283 4.098
1637701620 27.79 67.31 283 4.103
1637701680 27.69 67.21 301 4.098
1637701740 27.66 67.31 331 4.103
1637701800 27.68 67.32 325 4.103
1637701860 27.55 67.31 319 4.103
1637701920 27.38 67.21 331 4.103
1637701980 27.23 67.26 337 4.103
1637702040 27.14 67.26 349 4.103
1637702100 27.21 67.29 343 4.103
1637702160 27.05 67.31 325 4.108
1637702220 26.97 67.29 301 4.103
1637702280 27 67.26 271 4.103
1637702340 27.01 67.19 265 4.103
1637702400 26.98 67.13 271 4.103
1637702460 27.05 67.17 277 4.103
1637702520 27.04 67.28 391 4.103
1637702580 27.08 67.16 283 4.103
1637702640 27.08 67.12 337 4.103
1637702700 26.98 67.05 397 4.108
1637702760 27 67.07 252 4.103
1637702820 27.05 67.12 204 4.098
1637702880 26.96 67.06 180 4.103
1637702940 26.96 67.22 162 4.098
1637703000 27 67.36 132 4.098
1637703060 27.01 67.46 120 4.098
1637703120 27.03 67.66 112 4.098
1637703180 26.96 67.71 114 4.098
1637703240 26.87 67.82 112 4.092
1637703300 26.76 67.98 120 4.098
1637703360 26.64 67.94 138 4.098
1637703420 26.5 68.03 150 4.098
1637703480 26.47 68.16 156 4.098
1637703540 26.49 68.25 162 4.098
1637703600 26.46 68.35 162 4.098
1637703660 26.47 68.44 162 4.098
1637703720 26.36 68.53 156 4.098
1637703780 26.4 68.61 132 4.098
1637703840 26.44 68.68 126 4.098
1637703900 26.35 68.68 120 4.098
1637703960 26.25 68.8 132 4.098
1637704020 26.14 68.91 138 4.098
1637704080 26.08 69.03 144 4.098
1637704140 26.11 69.21 144 4.098
1637704200 26.09 69.33 144 4.098
1637704260 26.11 69.47 138 4.098
1637704320 26.11 69.57 144 4.098
1637704380 26.11 69.72 150 4.098
1637704440 26.09 69.87 150 4.092
1637704500 26.11 70.06 137 4.098
1637704560 26.09 70.12 132 4.098
1637704620 26.14 70.17 124 4.098
1637704680 26.22 70.15 132 4.098
1637704740 26.26 70.26 156 4.098
1637704800 26.28 70.42 168 4.098
1637704860 26.35 70.46 168 4.098
1637704920 26.29 70.45 168 4.103
1637704980 26.25 70.55 168 4.098
1637705040 26.36 70.56 174 4.098
1637705100 26.43 70.56 180 4.103
1637705160 26.4 70.63 186 4.103
1637705220 26.38 70.65 192 4.103
1637705280 26.38 70.7 186 4.098
1637705340 26.3 70.74 180 4.098
1637705400 26.36 70.77 168 4.103
1637705460 26.42 70.79 162 4.098
1637705520 26.49 70.73 156 4.098
1637705580 26.43 70.69 156 4.098
1637705640 26.43 70.79 150 4.098
1637705700 26.42 70.76 156 4.098
1637705760 26.4 70.83 162 4.098
1637705820 26.36 70.83 156 4.103
1637705880 26.4 70.89 150 4.098
1637705940 26.4 70.99 144 4.098
1637706000 26.46 71.02 132 4.098
1637706060 26.43 71.01 126 4.098
1637706120 26.4 71 126 4.098
1637706180 26.39 71.02 120 4.098
1637706240 26.3 71.02 106 4.087
1637706300 26.25 71.06 100 4.092
1637706360 26.22 71.05 90 4.092
1637706420 26.23 71.06 70 4.092
1637706480 26.21 71.01 64 4.092
1637706540 26.16 71.07 58 4.098
1637706600 26.14 71.11 58 4.098
1637706660 26.14 71.26 58 4.092
1637706720 26.12 71.29 52 4.098
1637706780 26.08 71.25 54 4.092
1637706840 26.02 71.21 52 4.092
1637706900 26.01 71.26 60 4.092
1637706960 25.99 71.33 54 4.092
1637707020 25.89 71.51 34 4.092
1637707080 25.81 71.58 28 4.098
1637707140 25.81 71.64 28 4.092
1637707200 25.81 71.66 22 4.092
1637707260 25.75 71.65 22 4.092
1637707320 25.72 71.67 22 4.098
1637707380 25.68 71.74 22 4.098
1637707440 25.68 71.85 22 4.092
1637707500 25.61 71.95 22 4.098
1637707560 25.52 72.1 22 4.092
1637707620 25.47 72.16 22 4.098
1637707680 25.42 72.25 22 4.092
1637707740 25.42 72.37 24 4.092
1637707800 25.33 72.48 22 4.092
1637707860 25.3 72.61 28 4.092
1637707920 25.27 72.71 28 4.098
1637707980 25.2 72.85 28 4.092
1637708040 25.1 73.02 28 4.092
1637708100 25.14 73.14 28 4.092
1637708160 25.1 73.22 34 4.092
1637708220 25.07 73.38 34 4.098
1637708280 25.07 73.5 34 4.092
1637708340 25.07 73.58 36 4.092
1637708400 25.09 73.68 40 4.092
1637708460 25.1 73.79 40 4.092
1637708520 25.09 73.89 40 4.092
1637708580 25.07 73.94 46 4.092
1637708640 25.1 74.01 46 4.092
1637708700 25.1 74.13 46 4.092
1637708760 25.13 74.22 40 4.092
1637708820 25.13 74.31 40 4.092
1637708880 25.13 74.34 40 4.092
1637708940 25.1 74.4 40 4.092
1637709000 25.09 74.46 34 4.092
1637709060 25.04 74.47 40 4.092
1637709120 25.03 74.48 40 4.092
1637709180 25 74.6 40 4.092
1637709240 24.98 74.65 40 4.092
1637709300 24.98 74.71 40 4.092
1637709360 24.94 74.73 40 4.092
1637709420 24.91 74.79 40 4.092
1637709480 24.87 74.85 40 4.092
1637709540 24.87 74.95 40 4.092
1637709600 24.89 75.01 34 4.092
1637709660 24.86 75.08 34 4.092
1637709720 24.85 75.22 34 4.092
1637709780 24.82 75.25 34 4.092
1637709840 24.77 75.32 28 4.082
1637709900 24.79 75.4 34 4.092
1637709960 24.79 75.48 28 4.092
1637710020 24.8 75.53 28 4.092
1637710080 24.76 75.6 28 4.092
1637710140 24.76 75.65 34 4.092
1637710200 24.73 75.73 34 4.092
1637710260 24.67 75.72 34 4.092
1637710320 24.69 75.72 34 4.092
1637710380 24.62 75.78 34 4.092
1637710440 24.67 75.87 34 4.092
1637710500 24.66 75.9 34 4.092
1637710560 24.67 75.93 34 4.092
1637710620 24.67 75.96 34 4.092
1637710680 24.7 76.03 40 4.092
1637710740 24.7 76.05 40 4.087
1637710800 24.72 76.09 34 4.092
1637710860 24.7 76.07 34 4.092
1637710920 24.73 76.07 34 4.092
1637710980 24.7 76.06 34 4.092
1637711040 24.66 76.09 40 4.087
1637711100 24.66 76.18 40 4.092
1637711160 24.65 76.24 40 4.092
1637711220 24.62 76.25 40 4.092
1637711280 24.59 76.28 34 4.092
1637711340 24.59 76.37 34 4.092
1637711400 24.55 76.42 28 4.092
1637711460 24.52 76.47 22 4.092
1637711520 24.52 76.6 16 4.092
1637711580 24.55 76.66 10 4.092
1637711640 24.51 76.77 10 4.087
1637711700 24.49 76.85 4 4.087
1637711760 24.42 76.91 4 4.092
1637711820 24.38 76.99 4 4.092
1637711880 24.35 77.07 4 4.092
1637711940 24.31 77.16 4 4.087
1637712000 24.29 77.3 0 4.092
1637712060 24.25 77.38 0 4.092
1637712120 24.21 77.44 0 4.087
1637712180 24.21 77.56 0 4.092
1637712240 24.16 77.67 0 4.092
1637712300 24.16 77.75 0 4.087
1637712360 24.16 77.86 0 4.092
1637712420 24.14 78 0 4.092
1637712480 24.18 78.11 0 4.092
1637712540 24.16 78.15 0 4.087
1637712600 24.14 78.21 0 4.087
1637712660 24.12 78.28 0 4.087
1637712720 24.12 78.32 0 4.087
1637712780 24.11 78.41 0 4.087
1637712840 24.07 78.45 0 4.087
1637712900 24.05 78.49 0 4.087
1637712960 24.01 78.53 0 4.087
1637713020 24.01 78.56 0 4.087
1637713080 24.01 78.63 0 4.092
1637713140 24 78.66 0 4.087
1637713200 23.98 78.77 0 4.092
1637713260 23.97 78.8 0 4.087
1637713320 23.94 78.9 0 4.087
1637713380 23.92 78.97 0 4.087
1637713440 23.88 79.03 0 4.082
1637713500 23.87 79.16 0 4.087
1637713560 23.81 79.21 0 4.087
1637713620 23.81 79.34 0 4.087
1637713680 23.8 79.39 0 4.087
1637713740 23.78 79.48 0 4.087
1637713800 23.8 79.64 0 4.092
1637713860 23.77 79.67 0 4.092
1637713920 23.77 79.77 0 4.087
1637713980 23.75 79.83 0 4.087
1637714040 23.74 79.92 0 4.087
1637714100 23.72 80 0 4.087
1637714160 23.71 80.05 0 4.092
1637714220 23.71 80.1 0 4.087
1637714280 23.72 80.19 0 4.087
1637714340 23.7 80.29 0 4.087
1637714400 23.67 80.32 0 4.087
1637714460 23.68 80.39 0 4.092
1637714520 23.67 80.47 0 4.087
1637714580 23.67 80.62 0 4.087
1637714640 23.65 80.68 0 4.087
1637714700 23.63 80.78 0 4.087
1637714760 23.61 80.84 0 4.087
1637714820 23.59 81 0 4.087
1637714880 23.6 81.08 0 4.087
1637714940 23.56 81.19 0 4.087
1637715000 23.56 81.3 0 4.087
1637715060 23.53 81.32 0 4.087
1637715120 23.54 81.42 0 4.087
1637715180 23.51 81.49 0 4.087
1637715240 23.51 81.64 0 4.082
1637715300 23.51 81.72 0 4.087
1637715360 23.49 81.78 0 4.087
1637715420 23.49 81.88 0 4.087
1637715480 23.49 81.99 0 4.087
1637715540 23.51 81.96 0 4.087
1637715600 23.53 81.99 0 4.087
1637715660 23.54 82 0 4.087
1637715720 23.54 81.98 0 4.087
1637715780 23.59 82 0 4.087
1637715840 23.59 81.99 0 4.087
1637715900 23.57 82.02 0 4.087
1637715960 23.54 81.99 0 4.087
1637716020 23.57 82.04 0 4.087
1637716080 23.59 82.07 0 4.087
1637716140 23.54 82.07 0 4.087
1637716200 23.54 82.12 0 4.087
1637716260 23.57 82.24 0 4.087
1637716320 23.54 82.29 0 4.087
1637716380 23.49 82.32 0 4.087
1637716440 23.47 82.42 0 4.087
1637716500 23.47 82.5 0 4.087
1637716560 23.49 82.6 0 4.087
1637716620 23.46 82.71 0 4.087
1637716680 23.44 82.69 0 4.087
1637716740 23.49 82.7 0 4.087
1637716800 23.47 82.75 0 4.087
1637716860 23.46 82.81 0 4.087
1637716920 23.47 82.86 0 4.087
1637716980 23.41 82.86 0 4.087
1637717040 23.46 82.92 0 4.082
1637717100 23.41 82.94 0 4.082
1637717160 23.39 83.03 0 4.087
1637717220 23.39 83.2 0 4.087
1637717280 23.3 83.4 0 4.087
1637717340 23.33 83.74 0 4.087
1637717400 23.19 83.97 0 4.087
1637717460 23.05 84.16 0 4.087
1637717520 23 84.35 0 4.082
1637717580 22.89 84.49 0 4.087
1637717640 22.83 84.72 0 4.087
1637717700 22.69 84.87 0 4.087
1637717760 22.66 85.12 0 4.087
1637717820 22.51 85.35 0 4.087
1637717880 22.44 85.51 0 4.087
1637717940 22.35 85.78 0 4.087
1637718000 22.25 86.07 0 4.082
1637718060 22.18 86.34 0 4.082
1637718120 22.12 86.62 0 4.087
1637718180 22.08 86.92 0 4.087
1637718240 22.05 87.27 0 4.082
1637718300 22.01 87.57 0 4.082
1637718360 22 87.86 0 4.082
1637718420 21.93 88.13 0 4.087
1637718480 21.94 88.43 0 4.087
1637718540 21.94 88.72 0 4.087
1637718600 21.93 89 0 4.087
1637718660 21.95 89.27 0 4.087
1637718720 21.93 89.53 0 4.082
1637718780 21.98 89.75 0 4.087
1637718840 21.95 89.95 0 4.082
1637718900 21.87 90.21 0 4.082
1637718960 21.85 90.36 0 4.087
1637719020 21.83 90.52 0 4.082
1637719080 21.81 90.72 0 4.087
1637719140 21.77 90.84 0 4.087
1637719200 21.71 90.99 0 4.087
1637719260 21.67 91.13 0 4.087
1637719320 21.63 91.29 0 4.082
1637719380 21.63 91.4 0 4.087
1637719440 21.58 91.51 0 4.087
1637719500 21.54 91.58 0 4.087
1637719560 21.58 91.73 0 4.087
1637719620 21.52 91.79 0 4.082
1637719680 21.53 91.92 0 4.082
1637719740 21.5 91.96 0 4.082
1637719800 21.52 92.06 0 4.082
1637719860 21.5 92.12 0 4.087
1637719920 21.47 92.21 0 4.082
1637719980 21.4 92.27 0 4.082
1637720040 21.37 92.32 0 4.082
1637720100 21.3 92.36 0 4.087
1637720160 21.3 92.42 0 4.082
1637720220 21.34 92.44 0 4.082
1637720280 21.37 92.45 0 4.087
1637720340 21.39 92.48 0 4.087
1637720400 21.39 92.53 0 4.082
1637720460 21.43 92.54 0 4.082
1637720520 21.4 92.58 0 4.087
1637720580 21.4 92.58 0 4.082
1637720640 21.36 92.61 0 4.082
1637720700 21.4 92.67 0 4.082
1637720760 21.42 92.71 0 4.082
1637720820 21.49 92.76 0 4.082
1637720880 21.42 92.84 0 4.082
1637720940 21.39 92.82 0 4.082
1637721000 21.4 92.9 0 4.082
1637721060 21.39 92.9 0 4.082
1637721120 21.42 92.94 0 4.082
1637721180 21.37 93.01 0 4.082
1637721240 21.43 93.05 0 4.082
1637721300 21.46 93.07 0 4.082
1637721360 21.52 93.1 0 4.082
1637721420 21.49 93.14 0 4.082
1637721480 21.37 93.17 0 4.082
1637721540 21.4 93.19 0 4.082
1637721600 21.42 93.24 0 4.082
1637721660 21.39 93.26 0 4.082
1637721720 21.37 93.28 0 4.082
1637721780 21.29 93.3 0 4.082
1637721840 21.26 93.33 0 4.082
1637721900 21.18 93.31 0 4.082
1637721960 21.25 93.36 0 4.082
1637722020 21.25 93.3 0 4.082
1637722080 21.2 93.31 0 4.082
1637722140 21.23 93.3 0 4.087
1637722200 21.28 93.35 0 4.082
1637722260 21.26 93.36 0 4.082
1637722320 21.28 93.35 0 4.087
1637722380 21.25 93.38 0 4.082
1637722440 21.23 93.4 0 4.082
1637722500 21.2 93.39 0 4.082
1637722560 21.2 93.43 0 4.082
1637722620 21.19 93.41 0 4.087
1637722680 21.16 93.4 0 4.087
1637722740 21.16 93.42 0 4.082
1637722800 21.22 93.4 0 4.082
1637722860 21.25 93.47 0 4.082
1637722920 21.26 93.47 0 4.082
1637722980 21.29 93.48 0 4.082
1637723040 21.28 93.52 0 4.082
1637723100 21.25 93.53 0 4.082
1637723160 21.25 93.58 0 4.082
1637723220 21.26 93.56 0 4.082
1637723280 21.2 93.6 0 4.082
1637723340 21.19 93.62 0 4.076
1637723400 21.14 93.62 0 4.082
1637723460 21.13 93.65 0 4.076
1637723520 21.1 93.64 0 4.082
1637723580 21.1 93.67 0 4.082
1637723640 21.07 93.7 0 4.082
1637723700 21.12 93.71 0 4.082
1637723760 21.14 93.7 0 4.082
1637723820 21.07 93.73 0 4.082
1637723880 21.12 93.75 0 4.082
1637723940 21.16 93.79 0 4.082
1637724000 21.14 93.77 0 4.082
1637724060 21.19 93.8 0 4.082
1637724120 21.26 93.84 0 4.082
1637724180 21.22 93.89 0 4.082
1637724240 21.19 93.91 0 4.076
1637724300 21.19 93.9 0 4.076
1637724360 21.12 93.94 0 4.082
1637724420 21.05 93.97 0 4.082
1637724480 21.02 93.98 0 4.082
1637724540 21.03 93.99 0 4.082
1637724600 21.05 94.02 0 4.082
1637724660 21.06 93.99 0 4.076
1637724720 21.03 94.05 0 4.082
1637724780 21.02 94.04 0 4.082
1637724840 20.98 94.08 0 4.082
1637724900 20.96 94.08 0 4.082
1637724960 20.98 94.12 0 4.082
1637725020 20.99 94.14 0 4.082
1637725080 20.99 94.16 0 4.082
1637725140 20.96 94.21 0 4.076
1637725200 20.96 94.2 0 4.076
1637725260 20.95 94.26 0 4.082
1637725320 20.98 94.24 0 4.076
1637725380 20.99 94.24 0 4.076
1637725440 20.96 94.29 0 4.076
1637725500 21.05 94.33 0 4.082
1637725560 21.05 94.32 0 4.082
1637725620 20.99 94.36 0 4.082
1637725680 20.96 94.4 0 4.076
1637725740 20.89 94.37 0 4.082
1637725800 20.89 94.4 0 4.082
1637725860 20.89 94.43 0 4.082
1637725920 20.9 94.44 0 4.082
1637725980 20.92 94.47 0 4.082
1637726040 20.93 94.42 0 4.076
1637726100 20.9 94.49 0 4.076
1637726160 20.95 94.5 0 4.076
1637726220 20.96 94.5 0 4.076
1637726280 20.9 94.52 0 4.076
1637726340 20.95 94.54 0 4.076
1637726400 20.92 94.56 0 4.082
1637726460 20.85 94.53 0 4.082
1637726520 20.88 94.56 0 4.082
1637726580 20.89 94.58 0 4.076
1637726640 20.88 94.59 0 4.082
1637726700 20.85 94.63 0 4.082
1637726760 20.82 94.64 0 4.082
1637726820 20.79 94.62 0 4.076
1637726880 20.82 94.62 0 4.076
1637726940 20.86 94.63 0 4.082
1637727000 20.83 94.67 0 4.076
1637727060 20.88 94.67 0 4.076
1637727120 20.88 94.63 0 4.082
1637727180 20.89 94.68 0 4.076
1637727240 20.9 94.68 0 4.076
1637727300 20.88 94.67 0 4.076
1637727360 20.86 94.74 0 4.076
1637727420 20.89 94.72 0 4.076
1637727480 20.86 94.72 0 4.082
1637727540 20.88 94.76 0 4.082
1637727600 20.92 94.77 0 4.076
1637727660 20.93 94.79 0 4.082
1637727720 20.96 94.8 0 4.082
1637727780 20.93 94.84 0 4.076
1637727840 20.96 94.85 0 4.071
1637727900 21 94.9 0 4.076
1637727960 21.02 94.89 0 4.076
1637728020 21 94.9 0 4.076
1637728080 21 94.9 0 4.076
1637728140 21.03 94.94 0 4.076
1637728200 21.05 94.95 0 4.076
1637728260 21.07 94.96 0 4.076
1637728320 21.07 95.01 0 4.082
1637728380 21.1 95.02 0 4.082
1637728440 21.1 95.06 0 4.076
1637728500 21.1 95.07 0 4.082
1637728560 21.13 95.09 0 4.076
1637728620 21.18 95.13 0 4.076
1637728680 21.19 95.14 0 4.076
1637728740 21.22 95.17 0 4.076
1637728800 21.22 95.2 0 4.076
1637728860 21.2 95.2 0 4.076
1637728920 21.19 95.23 0 4.076
1637728980 21.22 95.26 0 4.082
1637729040 21.23 95.27 0 4.076
1637729100 21.26 95.29 0 4.076
1637729160 21.25 95.33 0 4.076
1637729220 21.25 95.36 0 4.076
1637729280 21.25 95.36 0 4.076
1637729340 21.22 95.36 0 4.076
1637729400 21.22 95.41 0 4.076
1637729460 21.22 95.41 0 4.076
1637729520 21.22 95.42 0 4.076
1637729580 21.22 95.41 0 4.076
1637729640 21.26 95.46 0 4.076
1637729700 21.26 95.48 0 4.076
1637729760 21.29 95.52 0 4.076
1637729820 21.29 95.52 0 4.076
1637729880 21.26 95.53 0 4.076
1637729940 21.25 95.56 0 4.076
