1637643600 20.21 95.63 0 4.033
1637643660 20.22 95.8 0 4.033
1637643720 20.32 95.96 0 4.039
1637643780 20.38 95.81 0 4.033
1637643840 20.38 95.5 0 4.039
1637643900 20.44 95.58 0 4.039
1637643960 20.44 95.57 0 4.033
1637644020 20.42 95.81 0 4.033
1637644080 20.42 95.63 0 4.039
1637644140 20.42 95.71 0 4.033
1637644200 20.42 96.09 0 4.033
1637644260 20.46 96.25 0 4.033
1637644320 20.49 96.4 0 4.033
1637644380 20.49 96.43 0 4.033
1637644440 20.52 96.62 0 4.033
1637644500 20.5 96.7 0 4.033
1637644560 20.52 96.77 0 4.033
1637644620 20.49 96.74 0 4.033
1637644680 20.47 96.76 0 4.033
1637644740 20.43 96.84 0 4.033
1637644800 20.42 96.88 0 4.039
1637644860 20.38 96.91 0 4.033
1637644920 20.38 96.92 0 4.039
1637644980 20.38 97.04 0 4.033
1637645040 20.4 97.12 0 4.033
1637645100 20.38 97.12 0 4.033
1637645160 20.38 97.18 0 4.033
1637645220 20.31 96.98 0 4.033
1637645280 20.28 97.09 0 4.039
1637645340 20.25 96.98 0 4.033
1637645400 20.28 97.12 0 4.039
1637645460 20.28 97.14 0 4.033
1637645520 20.31 97.28 0 4.033
1637645580 20.28 97.04 0 4.033
1637645640 20.15 96.51 0 4.033
1637645700 20.12 96.55 0 4.033
1637645760 20.12 96.42 0 4.033
1637645820 20.08 96.4 0 4.033
1637645880 20.07 96.24 0 4.033
1637645940 20.07 96.29 0 4.033
1637646000 20.09 96.2 0 4.033
1637646060 20.14 96.41 0 4.033
1637646120 20.15 96.41 0 4.033
1637646180 20.26 96.82 0 4.033
1637646240 20.32 96.85 0 4.039
1637646300 20.29 96.73 0 4.033
1637646360 20.35 97.04 0 4.033
1637646420 20.36 96.89 0 4.033
1637646480 20.31 96.73 0 4.033
1637646540 20.39 97.07 0 4.033
1637646600 20.35 97.05 0 4.033
1637646660 20.39 97.13 0 4.033
1637646720 20.42 97.21 0 4.033
1637646780 20.46 97.29 0 4.033
1637646840 20.36 96.9 0 4.033
1637646900 20.4 97.27 0 4.033
1637646960 20.35 96.96 0 4.033
1637647020 20.35 97.17 0 4.033
1637647080 20.31 97.13 0 4.033
1637647140 20.29 96.92 0 4.033
1637647200 20.18 96.58 0 4.033
1637647260 20.16 96.77 0 4.033
1637647320 20.11 96.7 0 4.033
1637647380 20.09 96.8 0 4.033
1637647440 20.12 96.85 0 4.033
1637647500 20.09 96.83 0 4.033
1637647560 20.16 97.18 0 4.033
1637647620 20.23 97.2 0 4.033
1637647680 20.19 97.1 0 4.033
1637647740 20.32 97.58 0 4.033
1637647800 20.28 97.42 0 4.033
1637647860 20.28 97.33 0 4.033
1637647920 20.23 97.34 0 4.033
1637647980 20.21 97.38 0 4.033
1637648040 20.19 97.49 0 4.033
1637648100 20.19 97.53 0 4.033
1637648160 20.16 97.45 0 4.033
1637648220 20.14 97.61 0 4.033
1637648280 20.14 97.64 0 4.033
1637648340 20.16 97.72 0 4.033
1637648400 20.19 97.8 0 4.033
1637648460 20.21 97.88 0 4.033
1637648520 20.21 97.84 0 4.033
1637648580 20.21 97.86 0 4.033
1637648640 20.18 97.88 0 4.033
1637648700 20.18 97.89 0 4.033
1637648760 20.19 97.88 0 4.033
1637648820 20.22 98.05 0 4.033
1637648880 20.21 97.96 0 4.033
1637648940 20.22 98.04 0 4.033
1637649000 20.23 98.04 0 4.033
1637649060 20.22 97.98 0 4.033
1637649120 20.22 97.97 0 4.033
1637649180 20.22 98.07 0 4.033
1637649240 20.26 98.06 0 4.033
1637649300 20.23 98.04 0 4.033
1637649360 20.21 98.05 0 4.033
1637649420 20.21 98.13 0 4.033
1637649480 20.21 98.15 0 4.033
1637649540 20.21 98.12 0 4.033
1637649600 20.18 98.11 0 4.033
1637649660 20.04 97.85 0 4.033
1637649720 19.91 97.79 0 4.033
1637649780 19.94 97.96 0 4.033
1637649840 19.96 98.18 0 4.033
1637649900 19.99 98.2 0 4.033
1637649960 20.01 98.21 0 4.033
1637650020 19.89 97.86 0 4.033
1637650080 19.95 98.16 0 4.033
1637650140 19.87 97.96 0 4.033
1637650200 19.84 98 0 4.033
1637650260 19.85 98.1 0 4.033
1637650320 19.82 98.05 0 4.033
1637650380 19.68 97.74 0 4.033
1637650440 19.63 97.67 0 4.033
1637650500 19.63 97.8 0 4.033
1637650560 19.58 97.75 0 4.033
1637650620 19.57 97.7 0 4.033
1637650680 19.58 97.82 0 4.033
1637650740 19.58 97.86 0 4.033
1637650800 19.61 97.96 0 4.033
1637650860 19.61 97.94 0 4.033
1637650920 19.7 98.14 0 4.033
1637650980 19.75 98.18 0 4.033
1637651040 19.81 98.21 0 4.033
1637651100 19.81 98.2 0 4.033
1637651160 19.85 98.3 0 4.033
1637651220 19.88 98.29 0 4.033
1637651280 19.84 98.21 0 4.033
1637651340 19.81 98.26 0 4.033
1637651400 19.75 98.22 0 4.033
1637651460 19.78 98.3 0 4.033
1637651520 19.78 98.3 0 4.033
1637651580 19.78 98.35 0 4.033
1637651640 19.78 98.42 0 4.033
1637651700 19.8 98.35 0 4.033
1637651760 19.77 98.41 0 4.028
1637651820 19.75 98.34 0 4.028
1637651880 19.73 98.38 0 4.033
1637651940 19.71 98.36 0 4.033
1637652000 19.71 98.42 0 4.033
1637652060 19.74 98.52 0 4.033
1637652120 19.77 98.57 0 4.033
1637652180 19.75 98.53 0 4.033
1637652240 19.78 98.52 0 4.033
1637652300 19.8 98.54 0 4.033
1637652360 19.78 98.53 0 4.033
1637652420 19.8 98.58 0 4.033
1637652480 19.82 98.64 0 4.033
1637652540 19.82 98.59 0 4.033
1637652600 19.85 98.64 0 4.028
1637652660 19.87 98.64 0 4.033
1637652720 19.84 98.57 0 4.033
1637652780 19.82 98.58 0 4.033
1637652840 19.8 98.59 0 4.033
1637652900 19.87 98.67 0 4.028
1637652960 19.87 98.68 0 4.033
1637653020 19.87 98.66 0 4.033
1637653080 19.8 98.59 0 4.033
1637653140 19.73 98.54 0 4.028
1637653200 19.7 98.57 0 4.033
1637653260 19.7 98.6 0 4.033
1637653320 19.68 98.61 0 4.028
1637653380 19.71 98.67 0 4.028
1637653440 19.74 98.72 0 4.033
1637653500 19.77 98.74 0 4.033
1637653560 19.77 98.75 0 4.028
1637653620 19.84 98.84 0 4.033
1637653680 19.87 98.78 0 4.033
1637653740 19.88 98.79 0 4.033
1637653800 19.84 98.74 0 4.033
1637653860 19.78 98.66 0 4.033
1637653920 19.68 98.55 0 4.028
1637653980 19.68 98.6 0 4.028
1637654040 19.7 98.6 0 4.028
1637654100 19.6 98.45 0 4.028
1637654160 19.57 98.5 0 4.033
1637654220 19.58 98.5 0 4.033
1637654280 19.61 98.52 0 4.033
1637654340 19.6 98.59 0 4.028
1637654400 19.63 98.66 0 4.033
1637654460 19.68 98.7 0 4.033
1637654520 19.78 98.82 0 4.028
1637654580 19.82 98.79 0 4.033
1637654640 19.81 98.75 0 4.028
1637654700 19.84 98.81 0 4.028
1637654760 19.85 98.77 0 4.033
1637654820 19.89 98.82 0 4.028
1637654880 19.84 98.71 0 4.028
1637654940 19.77 98.64 0 4.033
1637655000 19.77 98.64 0 4.028
1637655060 19.71 98.62 0 4.028
1637655120 19.71 98.67 0 4.033
1637655180 19.7 98.64 0 4.028
1637655240 19.71 98.66 0 4.028
1637655300 19.67 98.62 0 4.028
1637655360 19.65 98.6 0 4.033
1637655420 19.63 98.62 0 4.033
1637655480 19.64 98.7 0 4.028
1637655540 19.64 98.68 0 4.028
1637655600 19.67 98.73 0 4.028
1637655660 19.65 98.7 0 4.033
1637655720 19.67 98.65 0 4.033
1637655780 19.68 98.72 0 4.028
1637655840 19.65 98.62 0 4.033
1637655900 19.64 98.66 0 4.028
1637655960 19.67 98.68 0 4.028
1637656020 19.67 98.59 0 4.028
1637656080 19.63 98.6 0 4.028
1637656140 19.67 98.75 0 4.033
1637656200 19.7 98.73 0 4.028
1637656260 19.68 98.69 0 4.033
1637656320 19.68 98.73 0 4.028
1637656380 19.7 98.75 0 4.033
1637656440 19.65 98.8 0 4.028
1637656500 19.64 98.78 0 4.033
1637656560 19.65 98.78 0 4.028
1637656620 19.65 98.8 0 4.028
1637656680 19.67 98.8 0 4.033
1637656740 19.74 98.94 0 4.028
1637656800 19.82 99 0 4.028
1637656860 19.81 98.95 0 4.028
1637656920 19.82 98.9 0 4.028
1637656980 19.81 98.89 0 4.033
1637657040 19.8 98.91 0 4.028
1637657100 19.81 98.9 0 4.028
1637657160 19.78 98.89 0 4.028
1637657220 19.78 98.92 0 4.028
1637657280 19.73 98.83 0 4.028
1637657340 19.65 98.76 0 4.028
1637657400 19.67 98.83 0 4.028
1637657460 19.65 98.82 0 4.028
1637657520 19.64 98.86 0 4.033
1637657580 19.68 98.87 0 4.028
1637657640 19.67 98.9 0 4.028
1637657700 19.65 98.85 0 4.028
1637657760 19.71 98.97 0 4.028
1637657820 19.68 98.94 0 4.028
1637657880 19.63 98.86 0 4.028
1637657940 19.63 98.84 0 4.028
1637658000 19.61 98.87 0 4.028
1637658060 19.64 98.89 0 4.028
1637658120 19.6 98.78 0 4.028
1637658180 19.6 98.84 0 4.028
1637658240 19.6 98.84 0 4.028
1637658300 19.6 98.85 0 4.028
1637658360 19.56 98.85 0 4.028
1637658420 19.58 98.91 0 4.028
1637658480 19.61 98.91 0 4.028
1637658540 19.57 98.94 0 4.028
1637658600 19.58 98.9 0 4.028
1637658660 19.57 98.86 0 4.028
1637658720 19.56 98.92 0 4.028
1637658780 19.57 98.94 0 4.028
1637658840 19.57 98.96 0 4.028
1637658900 19.58 98.93 0 4.028
1637658960 19.57 98.88 0 4.028
1637659020 19.57 98.92 0 4.028
1637659080 19.6 98.97 0 4.028
1637659140 19.63 99.01 0 4.028
1637659200 19.64 98.99 0 4.028
1637659260 19.6 98.96 0 4.028
1637659320 19.58 99.02 0 4.028
1637659380 19.6 99.03 0 4.028
1637659440 19.61 99.05 0 4.028
1637659500 19.68 98.92 0 4.028
1637659560 19.7 98.89 0 4.028
1637659620 19.63 98.68 0 4.028
1637659680 19.54 98.74 0 4.028
1637659740 19.6 98.78 0 4.028
1637659800 19.67 98.76 0 4.028
1637659860 19.73 98.63 0 4.028
1637659920 19.75 98.63 0 4.028
1637659980 19.77 98.65 0 4.028
1637660040 19.71 98.4 0 4.028
1637660100 19.68 98.27 0 4.028
1637660160 19.6 98.29 0 4.028
1637660220 19.61 98.23 0 4.028
1637660280 19.58 98.2 0 4.028
1637660340 19.57 98.3 0 4.028
1637660400 19.61 98.42 0 4.028
1637660460 19.44 98.16 0 4.022
1637660520 19.43 98.21 0 4.028
1637660580 19.37 98.31 0 4.028
1637660640 19.36 98.54 0 4.028
1637660700 19.3 98.37 0 4.028
1637660760 19.26 98.39 0 4.028
1637660820 19.26 98.41 0 4.028
1637660880 19.29 98.47 0 4.028
1637660940 19.27 98.52 0 4.028
1637661000 19.29 98.58 0 4.028
1637661060 19.3 98.77 0 4.022
1637661120 19.25 98.78 0 4.028
1637661180 19.33 98.84 0 4.028
1637661240 19.37 98.8 0 4.028
1637661300 19.41 98.8 0 4.028
1637661360 19.33 98.83 0 4.022
1637661420 19.41 98.83 0 4.022
1637661480 19.41 98.85 0 4.028
1637661540 19.3 98.91 0 4.028
1637661600 19.29 98.98 0 4.028
1637661660 19.29 99.02 0 4.028
1637661720 19.33 99.06 0 4.028
1637661780 19.3 99.1 0 4.028
1637661840 19.33 99.1 0 4.028
1637661900 19.36 99.05 0 4.028
1637661960 19.38 99.02 0 4.028
1637662020 19.43 98.96 0 4.028
1637662080 19.46 98.91 0 4.028
1637662140 19.46 98.93 0 4.028
1637662200 19.44 98.88 0 4.022
1637662260 19.37 99.02 0 4.028
1637662320 19.41 99.05 0 4.028
1637662380 19.38 99.11 0 4.028
1637662440 19.36 99.05 0 4.028
1637662500 19.37 99.11 0 4.028
1637662560 19.38 99.1 0 4.022
1637662620 19.4 99.05 0 4.028
1637662680 19.43 99.02 0 4.028
1637662740 19.43 98.95 0 4.028
1637662800 19.43 98.96 0 4.028
1637662860 19.43 98.92 0 4.028
1637662920 19.44 99.02 0 4.028
1637662980 19.5 99.04 0 4.028
1637663040 19.5 99.04 0 4.022
1637663100 19.44 99.13 0 4.022
1637663160 19.47 99.23 0 4.028
1637663220 19.44 99.27 0 4.028
1637663280 19.38 99.25 0 4.028
1637663340 19.43 99.23 0 4.022
1637663400 19.49 99.2 0 4.028
1637663460 19.5 99.14 0 4.022
1637663520 19.49 99 0 4.028
1637663580 19.46 99.03 0 4.028
1637663640 19.38 99.1 0 4.028
1637663700 19.37 99.14 0 4.022
1637663760 19.37 99.21 0 4.022
1637663820 19.38 99.22 0 4.022
1637663880 19.36 99.18 0 4.028
1637663940 19.44 99.2 0 4.022
1637664000 19.5 99.12 0 4.022
1637664060 19.53 99.1 0 4.028
1637664120 19.54 99.02 0 4.022
1637664180 19.52 98.96 0 4.028
1637664240 19.53 98.99 0 4.022
1637664300 19.5 99.01 0 4.028
1637664360 19.44 98.99 0 4.022
1637664420 19.44 99.11 0 4.028
1637664480 19.44 99.12 0 4.028
1637664540 19.43 99.17 0 4.028
1637664600 19.44 99.21 0 4.028
1637664660 19.49 99.25 0 4.022
1637664720 19.52 99.33 0 4.022
1637664780 19.53 99.33 0 4.028
1637664840 19.53 99.27 0 4.022
1637664900 19.54 99.28 0 4.022
1637664960 19.5 99.27 0 4.028
1637665020 19.49 99.27 0 4.022
1637665080 19.49 99.24 0 4.028
1637665140 19.52 99.24 0 4.022
1637665200 19.52 99.27 0 4.028
1637665260 19.53 99.33 0 4.022
1637665320 19.49 99.32 0 4.022
1637665380 19.47 99.35 0 4.022
1637665440 19.49 99.35 0 4.022
1637665500 19.47 99.33 0 4.022
1637665560 19.4 99.36 0 4.028
1637665620 19.43 99.38 0 4.028
1637665680 19.43 99.4 0 4.028
1637665740 19.4 99.43 0 4.028
1637665800 19.41 99.38 0 4.022
1637665860 19.38 99.39 0 4.022
1637665920 19.4 99.44 0 4.022
1637665980 19.38 99.41 0 4.022
1637666040 19.4 99.42 0 4.022
1637666100 19.43 99.43 0 4.022
1637666160 19.4 99.38 0 4.022
1637666220 19.37 99.35 0 4.022
1637666280 19.34 99.37 0 4.028
1637666340 19.34 99.41 0 4.028
1637666400 19.3 99.41 0 4.022
1637666460 19.32 99.42 0 4.022
1637666520 19.3 99.46 0 4.022
1637666580 19.32 99.44 0 4.022
1637666640 19.32 99.44 0 4.022
1637666700 19.34 99.43 0 4.022
1637666760 19.33 99.44 0 4.022
1637666820 19.3 99.43 0 4.022
1637666880 19.27 99.42 0 4.022
1637666940 19.27 99.46 0 4.022
1637667000 19.23 99.44 0 4.022
1637667060 19.2 99.44 0 4.028
1637667120 19.19 99.47 0 4.022
1637667180 19.17 99.44 0 4.022
1637667240 19.13 99.43 0 4.022
1637667300 19.13 99.44 0 4.022
1637667360 19.09 99.48 0 4.028
1637667420 19.07 99.48 0 4.028
1637667480 19.07 99.53 0 4.022
1637667540 19.07 99.49 0 4.022
1637667600 19.1 99.51 0 4.022
1637667660 19.07 99.55 0 4.022
1637667720 19.12 99.54 0 4.022
1637667780 19.13 99.53 0 4.028
1637667840 19.12 99.52 0 4.022
1637667900 19.19 99.56 0 4.022
1637667960 19.13 99.52 0 4.022
1637668020 19.13 99.55 0 4.022
1637668080 19.09 99.58 0 4.022
1637668140 19.07 99.57 0 4.022
1637668200 19.06 99.54 0 4.022
1637668260 19.06 99.58 0 4.022
1637668320 19.05 99.55 0 4.022
1637668380 19.01 99.58 4 4.022
1637668440 19.07 99.6 4 4.022
1637668500 19.06 99.6 4 4.022
1637668560 19.07 99.65 4 4.022
1637668620 19.09 99.61 4 4.022
1637668680 19.1 99.62 4 4.022
1637668740 19.1 99.63 4 4.022
1637668800 19.13 99.66 4 4.022
1637668860 19.17 99.65 4 4.022
1637668920 19.19 99.6 4 4.022
1637668980 19.19 99.61 4 4.022
1637669040 19.29 99.65 4 4.022
1637669100 19.33 99.65 4 4.022
1637669160 19.33 99.65 4 4.022
1637669220 19.37 99.67 10 4.022
1637669280 19.36 99.66 10 4.022
1637669340 19.33 99.64 10 4.022
1637669400 19.4 99.64 10 4.022
1637669460 19.37 99.66 16 4.022
1637669520 19.36 99.65 16 4.022
1637669580 19.33 99.63 16 4.022
1637669640 19.34 99.66 16 4.022
1637669700 19.34 99.62 22 4.022
1637669760 19.36 99.65 22 4.022
1637669820 19.34 99.63 22 4.022
1637669880 19.33 99.63 22 4.022
1637669940 19.36 99.65 22 4.022
1637670000 19.38 99.68 22 4.028
1637670060 19.37 99.68 28 4.022
1637670120 19.37 99.66 28 4.022
1637670180 19.37 99.65 34 4.022
1637670240 19.4 99.68 34 4.022
1637670300 19.41 99.63 34 4.022
1637670360 19.38 99.63 40 4.022
1637670420 19.4 99.66 40 4.022
1637670480 19.43 99.68 40 4.022
1637670540 19.4 99.68 46 4.022
1637670600 19.43 99.63 46 4.022
1637670660 19.47 99.67 52 4.022
1637670720 19.47 99.68 52 4.022
1637670780 19.49 99.64 58 4.022
1637670840 19.53 99.62 58 4.022
1637670900 19.56 99.64 58 4.022
1637670960 19.58 99.6 64 4.022
1637671020 19.58 99.63 64 4.022
1637671080 19.58 99.62 70 4.022
1637671140 19.61 99.67 70 4.022
1637671200 19.65 99.63 76 4.022
1637671260 19.68 99.61 76 4.022
1637671320 19.74 99.65 76 4.022
1637671380 19.78 99.63 76 4.022
1637671440 19.78 99.63 81 4.022
1637671500 19.71 99.61 81 4.022
1637671560 19.75 99.63 81 4.022
1637671620 19.81 99.62 87 4.022
1637671680 19.81 99.62 87 4.022
1637671740 19.87 99.62 87 4.022
1637671800 19.91 99.61 93 4.022
1637671860 19.92 99.61 93 4.022
1637671920 19.99 99.63 99 4.022
1637671980 20.02 99.62 99 4.022
1637672040 19.96 99.59 105 4.022
1637672100 19.92 99.58 105 4.022
1637672160 19.98 99.58 105 4.022
1637672220 19.99 99.59 111 4.022
1637672280 19.94 99.54 117 4.022
1637672340 19.95 99.53 117 4.022
1637672400 19.95 99.55 123 4.022
1637672460 19.91 99.55 123 4.022
1637672520 19.94 99.46 129 4.028
1637672580 19.92 99.49 129 4.022
1637672640 20.02 99.46 135 4.028
1637672700 20.12 99.57 141 4.022
1637672760 20.08 99.51 141 4.022
1637672820 20.08 99.5 141 4.022
1637672880 20.18 99.54 141 4.028
1637672940 20.19 99.5 147 4.028
1637673000 20.19 99.55 153 4.022
1637673060 20.22 99.45 159 4.022
1637673120 20.26 99.48 159 4.022
1637673180 20.36 99.46 159 4.022
1637673240 20.4 99.45 159 4.022
1637673300 20.43 99.4 159 4.022
1637673360 20.44 99.39 159 4.028
1637673420 20.43 99.29 159 4.028
1637673480 20.36 99.27 159 4.028
1637673540 20.25 99.15 159 4.022
1637673600 20.16 99.07 159 4.028
1637673660 20.21 99.18 159 4.028
1637673720 20.33 99.24 159 4.022
1637673780 20.42 99.23 159 4.028
1637673840 20.44 99.19 159 4.028
1637673900 20.47 99.11 159 4.028
1637673960 20.47 99.18 159 4.028
1637674020 20.49 99.04 159 4.022
1637674080 20.33 98.77 159 4.028
1637674140 20.39 98.94 159 4.028
1637674200 20.53 99.07 165 4.028
1637674260 20.65 99.15 164 4.022
1637674320 20.67 99 165 4.028
1637674380 20.76 99.03 171 4.028
1637674440 20.7 98.86 171 4.028
1637674500 20.57 98.69 177 4.028
1637674560 20.71 98.94 177 4.028
1637674620 20.65 98.82 177 4.028
1637674680 20.59 98.6 177 4.028
1637674740 20.56 98.49 171 4.028
1637674800 20.69 98.76 170 4.028
1637674860 20.73 98.78 170 4.028
1637674920 20.8 98.84 171 4.028
1637674980 20.87 98.89 171 4.028
1637675040 20.84 98.67 171 4.028
1637675100 20.93 98.81 171 4.028
1637675160 20.89 98.66 171 4.028
1637675220 21.04 98.76 171 4.022
1637675280 21.02 98.81 170 4.028
1637675340 20.95 98.62 171 4.028
1637675400 20.89 98.48 165 4.028
1637675460 20.98 98.62 165 4.028
1637675520 20.95 98.43 165 4.028
1637675580 20.67 98.15 171 4.028
1637675640 20.79 98.37 165 4.028
1637675700 20.56 97.18 165 4.028
1637675760 20.47 97.11 171 4.028
1637675820 20.65 98.29 170 4.028
1637675880 20.65 97.5 171 4.028
1637675940 20.62 97.82 171 4.028
1637676000 20.57 97.38 171 4.028
1637676060 20.71 97.99 177 4.028
1637676120 20.42 96.56 177 4.028
1637676180 20.21 96.36 177 4.028
1637676240 20.23 96.36 182 4.028
1637676300 20.4 96.54 182 4.028
1637676360 20.44 96.65 182 4.028
1637676420 20.53 97.27 182 4.028
1637676480 20.4 96.2 177 4.028
1637676540 20.26 95.59 177 4.028
1637676600 20.25 95.51 177 4.028
1637676660 20.5 96.45 177 4.028
1637676720 20.53 96.74 177 4.028
1637676780 20.63 96.92 182 4.028
1637676840 20.74 96.91 182 4.028
1637676900 20.76 97.05 188 4.033
1637676960 20.84 97.18 189 4.033
1637677020 20.84 96.95 194 4.033
1637677080 20.83 97.02 200 4.028
1637677140 20.81 96.71 206 4.028
1637677200 20.95 96.99 212 4.033
1637677260 20.84 96.5 218 4.033
1637677320 20.91 96.49 224 4.033
1637677380 21.01 96.43 230 4.033
1637677440 21.05 96.36 236 4.033
1637677500 21.14 96.6 242 4.028
1637677560 21.14 95.98 242 4.033
1637677620 21.02 95.48 248 4.033
1637677680 20.97 95.2 248 4.033
1637677740 21.12 95.76 254 4.033
1637677800 21.08 95.06 254 4.033
1637677860 21.08 95.37 260 4.033
1637677920 21.15 95.12 260 4.033
1637677980 21.2 95.15 260 4.033
1637678040 21.25 95.4 260 4.033
1637678100 21.28 95.3 266 4.033
1637678160 21.32 95.39 266 4.033
1637678220 21.44 95.74 272 4.039
1637678280 21.41 95.45 272 4.033
1637678340 21.41 95.18 278 4.033
1637678400 21.48 95.48 284 4.033
1637678460 21.5 95.28 289 4.039
1637678520 21.58 95.3 296 4.039
1637678580 21.58 95 301 4.039
1637678640 21.63 95.23 307 4.039
1637678700 21.75 95.35 319 4.039
1637678760 21.65 94.46 331 4.039
1637678820 21.82 95.07 337 4.039
1637678880 21.63 94.37 337 4.039
1637678940 21.55 93.57 343 4.039
1637679000 21.48 93.92 350 4.039
1637679060 21.53 94.29 355 4.044
1637679120 21.6 94.51 361 4.039
1637679180 21.63 94.34 367 4.039
1637679240 21.85 95.14 373 4.039
1637679300 21.85 94.13 379 4.044
1637679360 21.93 93.96 403 4.044
1637679420 21.96 94.22 414 4.033
1637679480 22.06 93.87 444 4.028
1637679540 21.9 93.19 432 4.028
1637679600 22.03 92.95 438 4.028
1637679660 22.14 92.68 418 4.028
1637679720 22.2 91.22 426 4.028
1637679780 22.21 91.74 438 4.028
1637679840 22.33 90.93 432 4.028
1637679900 22.35 90.46 426 4.028
1637679960 22.43 89.89 420 4.028
1637680020 22.57 89.54 414 4.028
1637680080 22.66 89.05 408 4.028
1637680140 22.74 89.14 402 4.028
1637680200 22.71 88.22 397 4.044
1637680260 22.81 88.02 403 4.039
1637680320 22.84 87.56 409 4.039
1637680380 22.85 87.25 420 4.028
1637680440 22.79 87.84 432 4.028
1637680500 22.88 87.29 438 4.028
1637680560 22.91 86.69 438 4.022
1637680620 23.01 86.53 444 4.028
1637680680 22.95 85.19 448 4.028
1637680740 23.02 86.97 460 4.028
1637680800 23.06 86.28 454 4.028
1637680860 22.98 85.82 460 4.028
1637680920 22.91 86.78 466 4.028
1637680980 22.86 85.88 484 4.028
1637681040 22.95 85.16 508 4.022
1637681100 23.09 86.15 528 4.044
1637681160 23.17 84.78 522 4.044
1637681220 23.34 85.78 522 4.044
1637681280 23.32 84.41 522 4.044
1637681340 23.22 84.12 522 4.049
1637681400 23.32 84.56 528 4.044
1637681460 23.3 82.73 534 4.049
1637681520 23.34 83.82 546 4.049
1637681580 23.47 82.62 552 4.049
1637681640 23.33 81.79 558 4.049
1637681700 23.47 82.66 572 4.049
1637681760 23.44 81.06 600 4.055
1637681820 23.5 81.76 630 4.055
1637681880 23.72 81.33 594 4.06
1637681940 23.89 80.51 578 4.055
1637682000 23.95 79.37 578 4.055
1637682060 24.19 79.81 578 4.055
1637682120 24.39 79.5 590 4.055
1637682180 24.28 77.16 594 4.06
1637682240 24.35 78.23 606 4.055
1637682300 24.38 76.99 624 4.06
1637682360 24.59 77.75 638 4.06
1637682420 24.6 77.95 656 4.06
1637682480 24.62 79.19 685 4.06
1637682540 24.67 77.51 710 4.065
1637682600 24.98 78.86 704 4.065
1637682660 25.1 77.55 698 4.065
1637682720 25.03 77.54 698 4.065
1637682780 25.08 77.68 704 4.065
1637682840 25.22 76.79 722 4.065
1637682900 25.39 75.77 879 4.071
1637682960 25.62 76.52 989 4.082
1637683020 25.76 76.76 921 4.076
1637683080 26.02 72.68 1103 4.082
1637683140 26.23 68.82 1209 4.087
1637683200 26.43 69.7 1395 4.06
1637683260 26.78 72.05 1398 4.049
1637683320 27.05 66.76 1302 4.049
1637683380 27.06 65.39 1337 4.044
1637683440 26.79 65.86 1004 4.044
1637683500 26.89 70.05 950 4.044
1637683560 27.14 66.4 831 4.044
1637683620 27.13 66.69 796 4.044
1637683680 26.96 66.29 671 4.044
1637683740 26.74 67.78 641 4.044
1637683800 26.72 67.83 635 4.039
1637683860 26.7 68.46 658 4.044
1637683920 26.79 69.02 677 4.039
1637683980 26.83 69.44 688 4.039
1637684040 26.89 70.39 701 4.039
1637684100 26.86 70.12 635 4.044
1637684160 26.95 66.86 617 4.044
1637684220 26.85 65.42 605 4.039
1637684280 26.85 66.79 593 4.039
1637684340 26.85 67.28 593 4.039
1637684400 26.91 66.37 611 4.039
1637684460 26.89 65.29 730 4.039
1637684520 26.89 64.46 700 4.039
1637684580 27.01 64.96 599 4.039
1637684640 27.3 64.58 563 4.039
1637684700 27.09 65.11 548 4.055
1637684760 26.89 65.17 542 4.055
1637684820 26.59 66.95 542 4.06
1637684880 26.5 68.47 542 4.055
1637684940 25.86 69.17 542 4.06
1637685000 25.55 70.88 554 4.06
1637685060 25.24 72.11 560 4.06
1637685120 25.32 73.07 560 4.06
1637685180 25.39 73.16 560 4.06
1637685240 25.29 72.63 579 4.06
1637685300 25.22 72.3 602 4.065
1637685360 25.34 72.5 620 4.065
1637685420 25.24 72.22 640 4.065
1637685480 25 73.72 650 4.071
1637685540 25 72.92 664 4.065
1637685600 25.17 74.41 662 4.065
1637685660 24.94 73.43 664 4.071
1637685720 24.94 74.23 670 4.071
1637685780 25.04 73.75 664 4.071
1637685840 24.9 73.97 652 4.071
1637685900 24.95 72.99 640 4.071
1637685960 24.9 72.62 621 4.071
1637686020 25.01 72.85 609 4.071
1637686080 25.18 72.25 597 4.071
1637686140 25.14 70.77 579 4.071
1637686200 25.28 71.85 573 4.071
1637686260 25.41 71.56 573 4.071
1637686320 25.46 70.77 573 4.071
1637686380 25.36 71.77 573 4.071
1637686440 25.35 73.22 579 4.071
1637686500 25.53 70.8 585 4.071
1637686560 25.62 71.24 597 4.071
1637686620 25.62 69.59 615 4.076
1637686680 25.45 68.51 633 4.076
1637686740 25.51 71.31 689 4.076
1637686800 25.59 70.45 688 4.082
1637686860 25.93 71.18 701 4.082
1637686920 26.14 68.67 664 4.082
1637686980 26.14 67.95 659 4.082
1637687040 26.2 67.63 683 4.082
1637687100 26.37 68.14 688 4.082
1637687160 26.5 67.45 755 4.087
1637687220 26.27 64.93 787 4.087
1637687280 26.38 65.33 761 4.087
1637687340 26.2 65.6 749 4.087
1637687400 26.24 66.31 743 4.087
1637687460 26.38 66.67 870 4.087
1637687520 26.26 65.51 731 4.087
1637687580 26.24 64.74 755 4.092
1637687640 26.57 64.91 683 4.087
1637687700 27.12 68.73 749 4.092
1637687760 27.34 69.26 731 4.092
1637687820 27.7 66.38 737 4.092
1637687880 27.74 65.61 769 4.092
1637687940 27.6 65.11 883 4.065
1637688000 27.81 66.36 835 4.065
1637688060 27.7 63.44 602 4.065
1637688120 27.32 66.03 847 4.065
1637688180 27.5 66.36 703 4.06
1637688240 27.61 65.48 829 4.065
1637688300 28.05 64.21 882 4.06
1637688360 28.07 64.09 996 4.06
1637688420 28.29 61.92 1014 4.06
1637688480 28.34 61.05 853 4.06
1637688540 28.56 62 757 4.06
1637688600 28.93 59.55 829 4.06
1637688660 29.04 58.41 1025 4.06
1637688720 29.22 59.16 1420 4.06
1637688780 29.34 58.06 1085 4.06
1637688840 29.31 57.9 1289 4.06
1637688900 29.32 58.39 1414 4.06
1637688960 29.45 56.87 930 4.06
1637689020 29.68 54.94 524 4.06
1637689080 29.66 55.65 1377 4.06
1637689140 29.41 56.28 536 4.06
1637689200 28.92 56.69 435 4.06
1637689260 28.77 56.6 990 4.06
1637689320 28.96 57.65 572 4.055
1637689380 28.83 56.35 811 4.06
1637689440 28.81 56.37 536 4.055
1637689500 28.65 55.26 1133 4.06
1637689560 28.74 55.77 465 4.055
1637689620 28.14 57.38 524 4.06
1637689680 28.09 57.66 572 4.06
1637689740 28.42 59.38 751 4.055
1637689800 28.77 57 1311 4.06
1637689860 28.26 55.59 1299 4.06
1637689920 27.92 56.5 1245 4.06
1637689980 28.01 57.36 1215 4.055
1637690040 28.46 55.99 1210 4.055
1637690100 28.65 58.68 1197 4.06
1637690160 29.17 53.9 1197 4.055
1637690220 29.15 52.47 1204 4.06
1637690280 29.26 54.73 1209 4.055
1637690340 29.08 55.1 1203 4.055
1637690400 29.42 56.4 1209 4.055
1637690460 29.71 53.62 1203 4.055
1637690520 29.84 52.67 1096 4.055
1637690580 30.1 53.73 1197 4.055
1637690640 30.02 52.76 1203 4.055
1637690700 30.2 52.33 1221 4.055
1637690760 30.62 50.87 1227 4.055
1637690820 30.35 52.57 1257 4.055
1637690880 30.35 55.13 1293 4.055
1637690940 30.99 51.49 1329 4.055
1637691000 31.15 49.1 1374 4.055
1637691060 31.37 50.4 1364 4.055
1637691120 31.51 51.09 1346 4.049
1637691180 31.03 49.74 1358 4.055
1637691240 29.68 54.06 1346 4.055
1637691300 29.18 57.43 429 4.055
1637691360 28.67 60.65 411 4.055
1637691420 28.94 60.9 393 4.055
1637691480 28.98 60.23 380 4.055
1637691540 28.57 60.27 374 4.055
1637691600 28.22 62.07 374 4.055
1637691660 27.64 65.43 393 4.055
1637691720 27.4 65.36 415 4.055
1637691780 27.37 66.18 429 4.055
1637691840 27.02 66.12 469 4.055
1637691900 26.77 67.63 499 4.049
1637691960 26.38 68.86 524 4.055
1637692020 26.7 69.71 548 4.055
1637692080 26.96 66.97 709 4.055
1637692140 27.06 67.59 1108 4.055
1637692200 27.32 65.49 707 4.055
1637692260 27.74 66.26 1156 4.055
1637692320 28.19 64.03 594 4.055
1637692380 28.25 63.59 1031 4.055
1637692440 28.02 62.34 1382 4.055
1637692500 27.49 64.7 1332 4.055
1637692560 27.26 65.11 1302 4.055
1637692620 27.65 64.26 1275 4.055
1637692680 28.05 62.95 1239 4.055
1637692740 27.71 64.1 1136 4.055
1637692800 27.54 65.84 1249 4.049
1637692860 28.07 63.81 1263 4.049
1637692920 28.34 62.29 1261 4.049
1637692980 28.67 62.79 1280 4.049
1637693040 29.2 62.03 1302 4.049
1637693100 29.41 58.06 1183 4.049
1637693160 29.08 59.97 1149 4.049
1637693220 28.46 61.22 1130 4.049
1637693280 28.66 60.64 1112 4.049
1637693340 28.74 60.87 1088 4.049
1637693400 28.97 60.39 1149 4.049
1637693460 28.74 59.03 1161 4.055
1637693520 28.94 61.22 1155 4.049
1637693580 29.32 58.96 1201 4.049
1637693640 29.59 59.33 1082 4.049
1637693700 29.13 60.57 445 4.049
1637693760 29.38 58.83 445 4.049
1637693820 28.65 62.12 558 4.049
1637693880 27.95 64.15 1118 4.049
1637693940 28.15 64.31 1130 4.049
1637694000 28.18 63.7 1076 4.049
1637694060 27.99 65.58 1189 4.049
1637694120 28.11 64 1189 4.049
1637694180 27.71 65.11 1130 4.049
1637694240 28.41 65.19 1094 4.049
1637694300 28.89 62.38 1082 4.049
1637694360 28.69 63.47 695 4.049
1637694420 27.94 64.06 1130 4.049
1637694480 27.77 64.44 1017 4.049
1637694540 28.43 62.43 1064 4.049
1637694600 28.6 62.98 1189 4.049
1637694660 28.38 63.33 1135 4.049
1637694720 28.89 61.16 1100 4.049
1637694780 29.14 60.35 963 4.049
1637694840 29.38 60.34 1088 4.049
1637694900 29.1 58.92 1017 4.049
1637694960 28.38 62.46 1070 4.049
1637695020 28.36 63.83 1142 4.049
1637695080 28.55 63.09 1183 4.049
1637695140 29.03 62.86 1261 4.049
1637695200 29.21 61.32 1286 4.049
1637695260 28.43 60.96 1243 4.049
1637695320 28.09 62.76 505 4.049
1637695380 28.46 63.47 518 4.049
1637695440 28.43 61.68 808 4.049
1637695500 28.18 62.44 899 4.049
1637695560 27.63 63.93 737 4.049
1637695620 27.61 64.25 671 4.044
1637695680 28.11 63.25 820 4.049
1637695740 27.94 63.47 1167 4.049
1637695800 28.43 62.31 1142 4.049
1637695860 28.5 62.35 1170 4.044
1637695920 28.81 61.57 1183 4.049
1637695980 28.81 60.76 1200 4.044
1637696040 28.32 60.55 1219 4.049
1637696100 28.05 62.75 1224 4.044
1637696160 27.99 61.68 1046 4.044
1637696220 27.92 63.19 944 4.044
1637696280 27.98 62.41 534 4.049
1637696340 27.98 62.86 671 4.049
1637696400 28.04 62.46 701 4.044
1637696460 27.71 63.78 599 4.049
1637696520 27.6 65.78 659 4.049
1637696580 27.56 63.72 737 4.049
1637696640 27.77 63.84 749 4.049
1637696700 27.44 63.8 725 4.049
1637696760 27.36 64.47 754 4.049
1637696820 27.1 63.72 742 4.044
1637696880 27.33 64.16 749 4.049
1637696940 27.67 62.96 683 4.044
1637697000 27.72 63.71 653 4.044
1637697060 27.84 62.39 647 4.049
1637697120 28.31 62.37 629 4.049
1637697180 28.22 61.46 587 4.044
1637697240 28.12 60.84 510 4.049
1637697300 28.23 61.48 481 4.055
1637697360 28.49 61.79 487 4.06
1637697420 28.32 61.48 518 4.06
1637697480 28.46 62.22 573 4.065
1637697540 28.77 59.84 591 4.065
1637697600 28.65 60.05 579 4.065
1637697660 28.16 61.01 561 4.065
1637697720 28.47 60.24 561 4.065
1637697780 28.07 61.29 525 4.065
1637697840 28.18 61.87 501 4.065
1637697900 28.18 62.27 477 4.06
1637697960 28.22 63.25 465 4.065
1637698020 28.41 61.27 453 4.065
1637698080 28.43 61.48 435 4.065
1637698140 28.29 61.66 417 4.055
1637698200 28.26 61.98 411 4.049
1637698260 28.15 61.88 403 4.049
1637698320 28.04 61.89 405 4.055
1637698380 27.78 63.01 405 4.049
1637698440 27.72 62.6 391 4.055
1637698500 27.8 63.05 380 4.049
1637698560 27.59 64.42 362 4.055
1637698620 27.46 62.94 356 4.055
1637698680 27.34 65.6 356 4.055
1637698740 27.28 66.1 350 4.049
1637698800 27.29 64.93 350 4.049
1637698860 27.25 65.45 344 4.055
1637698920 27.3 65.54 356 4.049
1637698980 26.93 65.71 421 4.049
1637699040 26.68 65.9 499 4.049
1637699100 26.51 66.71 445 4.049
1637699160 26.78 66.51 427 4.049
1637699220 26.72 66.58 374 4.049
1637699280 26.62 68.69 368 4.049
1637699340 26.48 67.57 374 4.049
1637699400 26.28 67.28 391 4.049
1637699460 26.31 68.59 463 4.049
1637699520 26.38 67.35 749 4.049
1637699580 26.27 68.61 659 4.049
1637699640 26.43 67.2 683 4.049
1637699700 26.37 67.44 558 4.049
1637699760 26.64 66 522 4.049
1637699820 26.67 66.83 499 4.049
1637699880 26.59 66.63 469 4.049
1637699940 26.78 66.93 439 4.049
1637700000 27.03 65.52 417 4.06
1637700060 26.58 66.14 399 4.06
1637700120 26.65 66.81 380 4.06
1637700180 26.88 66.74 368 4.06
1637700240 26.95 65.87 350 4.06
1637700300 27.16 64.8 350 4.055
1637700360 27.1 64.72 344 4.055
1637700420 27.06 65.17 338 4.065
1637700480 27.23 66.04 338 4.065
1637700540 27.28 64.03 338 4.06
1637700600 27.05 64.27 334 4.06
1637700660 26.89 65.62 310 4.06
1637700720 26.62 66.95 292 4.06
1637700780 26.41 67.46 286 4.06
1637700840 26.51 67.87 286 4.06
1637700900 26.54 67.88 292 4.055
1637700960 26.68 67.34 316 4.065
1637701020 26.82 66.33 328 4.06
1637701080 26.64 66.77 334 4.06
1637701140 26.34 67.62 328 4.06
1637701200 26.2 69.94 322 4.065
1637701260 26.17 68.49 328 4.065
1637701320 26.04 68.8 328 4.065
1637701380 26.16 69.41 328 4.06
1637701440 26.23 68.4 358 4.065
1637701500 26.33 68.09 382 4.065
1637701560 26.33 67.99 376 4.071
1637701620 26.57 68.18 382 4.065
1637701680 26.59 68.47 382 4.065
1637701740 26.71 66.32 382 4.065
1637701800 26.57 66.58 364 4.065
1637701860 26.35 67.48 376 4.065
1637701920 26.07 68.16 399 4.071
1637701980 26.24 67.94 423 4.06
1637702040 26.31 68.62 423 4.06
1637702100 26.54 67.04 423 4.055
1637702160 26.14 67.02 417 4.055
1637702220 25.92 67.74 423 4.055
1637702280 25.85 68.76 423 4.055
1637702340 25.9 68.4 417 4.055
1637702400 25.76 66.33 399 4.055
1637702460 25.44 68.03 374 4.055
1637702520 25.32 69.14 362 4.055
1637702580 25.35 69.42 338 4.055
1637702640 25.52 69.55 308 4.055
1637702700 25.58 68.84 286 4.06
1637702760 25.58 68.72 262 4.06
1637702820 25.53 68.61 243 4.06
1637702880 25.46 69.05 231 4.06
1637702940 25.44 69.02 225 4.06
1637703000 25.28 69.55 225 4.06
1637703060 25.48 69.88 219 4.06
1637703120 25.45 69.75 219 4.06
1637703180 25.32 70.2 231 4.06
1637703240 25.15 70.74 262 4.06
1637703300 25.13 71.06 280 4.06
1637703360 25.13 71.23 280 4.065
1637703420 25.13 71.39 280 4.065
1637703480 25.1 71.65 280 4.065
1637703540 25.17 71.24 292 4.071
1637703600 25.07 71.64 292 4.065
1637703660 25.13 71.98 298 4.065
1637703720 25.07 71.68 292 4.065
1637703780 25.01 72.26 286 4.065
1637703840 24.98 72.33 280 4.065
1637703900 25 72.33 274 4.065
1637703960 25.11 71.88 280 4.065
1637704020 25.15 71.95 286 4.065
1637704080 25.22 71.89 298 4.065
1637704140 25.34 71.55 310 4.065
1637704200 25.32 71.52 304 4.071
1637704260 25.2 71.4 298 4.065
1637704320 25.13 71.31 292 4.065
1637704380 25.07 71.36 286 4.071
1637704440 25.03 72.06 286 4.065
1637704500 25.03 72.37 286 4.065
1637704560 25.15 71.99 280 4.065
1637704620 25.13 71.3 274 4.071
1637704680 25.18 72.04 286 4.065
1637704740 25.21 71.31 292 4.065
1637704800 25.21 71.73 280 4.065
1637704860 25.2 71.75 268 4.071
1637704920 25.17 71.93 256 4.065
1637704980 25.24 72.08 268 4.071
1637705040 25.25 72.1 231 4.065
1637705100 25.28 72.18 201 4.065
1637705160 25.32 71.64 249 4.071
1637705220 25.31 71.42 179 4.065
1637705280 25.31 71.29 201 4.06
1637705340 25.38 71.09 185 4.065
1637705400 25.42 71.97 137 4.06
1637705460 25.49 71.08 124 4.06
1637705520 25.62 70.55 112 4.06
1637705580 25.59 70.45 100 4.06
1637705640 25.56 70.5 94 4.06
1637705700 25.55 70.95 88 4.06
1637705760 25.34 71.57 82 4.06
1637705820 25.18 71.14 76 4.06
1637705880 25.03 72.38 70 4.06
1637705940 24.98 72.63 70 4.06
1637706000 24.87 73.01 70 4.06
1637706060 24.81 73.11 64 4.06
1637706120 24.73 73.01 64 4.06
1637706180 24.67 73.02 58 4.06
1637706240 24.69 73.56 58 4.06
1637706300 24.78 73.38 58 4.06
1637706360 24.84 72.64 58 4.06
1637706420 24.84 72.9 52 4.06
1637706480 24.91 73.09 58 4.06
1637706540 24.94 72.79 52 4.06
1637706600 25 72.69 52 4.06
1637706660 24.93 72.35 58 4.06
1637706720 25 72.72 58 4.06
1637706780 25.03 72.93 58 4.06
1637706840 24.87 72.26 52 4.06
1637706900 24.84 72.36 52 4.06
1637706960 24.83 72.95 46 4.06
1637707020 24.86 72.77 46 4.06
1637707080 24.86 73.06 46 4.06
1637707140 24.88 72.42 46 4.06
1637707200 24.83 72.46 46 4.06
1637707260 24.88 72.58 46 4.06
1637707320 24.95 72.19 46 4.06
1637707380 24.91 72.17 46 4.06
1637707440 24.9 72.2 40 4.06
1637707500 24.9 73.05 40 4.055
1637707560 24.93 72.59 40 4.06
1637707620 24.81 73.11 40 4.06
1637707680 24.7 73.55 34 4.06
1637707740 24.6 74.16 34 4.06
1637707800 24.49 74.29 34 4.055
1637707860 24.42 73.98 34 4.06
1637707920 24.33 74.43 34 4.055
1637707980 24.25 74.87 34 4.06
1637708040 24.15 75.33 28 4.06
1637708100 24.18 75.57 28 4.06
1637708160 24.09 76.02 28 4.055
1637708220 24.09 75.91 28 4.06
1637708280 24.11 76.1 22 4.06
1637708340 24.14 75.98 22 4.06
1637708400 24.14 76.08 22 4.06
1637708460 24.08 76.18 22 4.06
1637708520 24.02 76.41 22 4.06
1637708580 23.91 76.76 28 4.06
1637708640 23.85 76.89 28 4.055
1637708700 23.87 77.64 28 4.06
1637708760 23.85 77.51 28 4.06
1637708820 23.8 77.41 28 4.06
1637708880 23.8 78.08 28 4.06
1637708940 23.82 77.94 28 4.06
1637709000 23.78 77.86 28 4.055
1637709060 23.75 78.16 28 4.055
1637709120 23.74 78.01 40 4.055
1637709180 23.77 77.92 46 4.06
1637709240 23.74 78.06 52 4.06
1637709300 23.71 78.17 46 4.055
1637709360 23.71 78.17 46 4.055
1637709420 23.7 78.34 76 4.055
1637709480 23.68 78.31 76 4.06
1637709540 23.64 78.12 46 4.06
1637709600 23.67 77.89 22 4.06
1637709660 23.67 78.46 22 4.06
1637709720 23.61 78.09 22 4.06
1637709780 23.53 78.4 22 4.055
1637709840 23.49 78.46 34 4.06
1637709900 23.49 78.55 58 4.06
1637709960 23.5 78.68 28 4.06
1637710020 23.53 78.63 28 4.06
1637710080 23.5 78.54 28 4.06
1637710140 23.47 78.6 22 4.06
1637710200 23.44 78.91 16 4.055
1637710260 23.47 79.19 16 4.055
1637710320 23.49 78.76 16 4.055
1637710380 23.44 78.78 10 4.06
1637710440 23.46 78.87 10 4.06
1637710500 23.43 78.69 10 4.06
1637710560 23.42 78.87 4 4.055
1637710620 23.42 78.97 4 4.06
1637710680 23.36 79.17 4 4.06
1637710740 23.34 79.01 4 4.06
1637710800 23.33 78.99 4 4.06
1637710860 23.36 79.07 4 4.055
1637710920 23.33 78.91 4 4.06
1637710980 23.33 79.01 4 4.06
1637711040 23.34 79.18 4 4.06
1637711100 23.34 78.95 0 4.055
1637711160 23.33 79.33 0 4.055
1637711220 23.27 79.41 0 4.055
1637711280 23.26 79.37 0 4.06
1637711340 23.19 80.14 0 4.06
1637711400 23.14 80.43 0 4.055
1637711460 23.12 80.84 0 4.06
1637711520 23.12 81.35 0 4.055
1637711580 23.06 80.88 0 4.055
1637711640 23.05 80.48 0 4.06
1637711700 23.05 80.61 0 4.06
1637711760 22.99 80.6 0 4.055
1637711820 22.96 80.83 0 4.055
1637711880 22.99 81.18 0 4.06
1637711940 22.96 81.35 0 4.055
1637712000 22.99 81.28 0 4.06
1637712060 22.98 80.68 0 4.055
1637712120 22.96 81.02 0 4.06
1637712180 22.95 80.96 0 4.055
1637712240 22.91 81.04 0 4.055
1637712300 22.91 81.82 0 4.06
1637712360 22.89 81.32 0 4.06
1637712420 22.85 81.92 0 4.055
1637712480 22.84 82.09 0 4.055
1637712540 22.81 82.22 0 4.055
1637712600 22.76 82.24 0 4.06
1637712660 22.76 82.66 0 4.055
1637712720 22.76 83.49 0 4.055
1637712780 22.65 83.05 0 4.055
1637712840 22.62 84.42 0 4.06
1637712900 22.58 83.5 0 4.06
1637712960 22.51 84.28 0 4.06
1637713020 22.47 84.33 0 4.055
1637713080 22.44 85.5 0 4.055
1637713140 22.38 84.82 0 4.055
1637713200 22.35 85.74 0 4.055
1637713260 22.31 86.1 0 4.055
1637713320 22.27 86.12 0 4.055
1637713380 22.24 85.55 0 4.055
1637713440 22.24 86.1 0 4.055
1637713500 22.18 85.76 0 4.055
1637713560 22.2 86.15 0 4.055
1637713620 22.21 85.87 0 4.06
1637713680 22.24 86.97 0 4.055
1637713740 22.21 86.95 0 4.055
1637713800 22.24 86.31 0 4.055
1637713860 22.24 86.24 0 4.055
1637713920 22.27 86.78 0 4.055
1637713980 22.23 86.18 0 4.055
1637714040 22.23 85.73 0 4.055
1637714100 22.21 86.11 0 4.055
1637714160 22.16 85.83 0 4.055
1637714220 22.18 86.3 0 4.055
1637714280 22.16 86.01 0 4.055
1637714340 22.13 86.61 0 4.055
1637714400 22.08 87.09 0 4.055
1637714460 22.03 86.51 0 4.055
1637714520 22.07 87.42 0 4.055
1637714580 22.06 87.51 0 4.055
1637714640 22.01 86.91 0 4.055
1637714700 22.03 86.65 0 4.055
1637714760 22.07 86.32 0 4.055
1637714820 22.06 86.42 0 4.055
1637714880 22.07 86.58 0 4.055
1637714940 22.04 86.62 0 4.055
1637715000 22.1 86.62 0 4.055
1637715060 22.11 86.88 0 4.06
1637715120 22.07 86.35 0 4.055
1637715180 22.07 87.04 0 4.055
1637715240 22.06 86.76 0 4.055
1637715300 22.06 87.18 0 4.055
1637715360 22.03 86.39 0 4.055
1637715420 22.04 86.82 0 4.055
1637715480 22.03 86.82 0 4.055
1637715540 22.04 86.83 0 4.055
1637715600 22.03 86.87 0 4.055
1637715660 22.03 86.72 0 4.055
1637715720 22.06 87.05 0 4.055
1637715780 22.03 86.37 0 4.055
1637715840 22.03 86.27 0 4.055
1637715900 22.08 85.92 0 4.055
1637715960 22.11 86.44 0 4.055
1637716020 22.11 86.78 0 4.055
1637716080 22.08 86.42 0 4.055
1637716140 22.1 85.97 0 4.06
1637716200 22.13 85.88 0 4.049
1637716260 22.14 85.34 0 4.055
1637716320 22.18 85.03 0 4.049
1637716380 22.23 84.98 0 4.055
1637716440 22.23 85.16 0 4.055
1637716500 22.23 85.08 0 4.055
1637716560 22.26 84.53 0 4.055
1637716620 22.28 84.23 0 4.055
1637716680 22.3 84.15 0 4.055
1637716740 22.31 84.79 0 4.055
1637716800 22.31 84.62 0 4.055
1637716860 22.27 84.79 0 4.055
1637716920 22.26 84.25 0 4.049
1637716980 22.27 84.65 0 4.055
1637717040 22.27 84.37 0 4.055
1637717100 22.3 84.91 0 4.055
1637717160 22.28 84.01 0 4.055
1637717220 22.28 83.78 0 4.055
1637717280 22.28 83.93 0 4.055
1637717340 22.28 84.34 0 4.055
1637717400 22.31 84.11 0 4.055
1637717460 22.3 83.8 0 4.055
1637717520 22.33 83.65 0 4.055
1637717580 22.33 83.65 0 4.049
1637717640 22.35 83.38 0 4.055
1637717700 22.35 83.64 0 4.055
1637717760 22.34 84.03 0 4.055
1637717820 22.3 83.61 0 4.055
1637717880 22.34 83.91 0 4.055
1637717940 22.31 82.71 0 4.055
1637718000 22.33 83.81 0 4.055
1637718060 22.28 83.09 0 4.055
1637718120 22.27 83.06 0 4.055
1637718180 22.28 83.34 0 4.055
1637718240 22.26 82.85 0 4.055
1637718300 22.26 83.17 0 4.055
1637718360 22.24 82.72 0 4.055
1637718420 22.27 83.3 0 4.055
1637718480 22.23 82.06 0 4.055
1637718540 22.3 81.2 0 4.049
1637718600 22.3 81.91 0 4.055
1637718660 22.33 81.94 0 4.055
1637718720 22.27 82.04 0 4.055
1637718780 22.28 82.35 0 4.055
1637718840 22.27 81.95 0 4.055
1637718900 22.31 81.42 0 4.055
1637718960 22.3 81.36 0 4.049
1637719020 22.31 81.09 0 4.049
1637719080 22.31 81.67 0 4.055
1637719140 22.28 81.73 0 4.055
1637719200 22.26 82.07 0 4.055
1637719260 22.17 82.62 0 4.055
1637719320 22.17 82.52 0 4.055
1637719380 22.13 82.12 0 4.055
1637719440 22.06 82.55 0 4.055
1637719500 22.06 83.08 0 4.055
1637719560 22 82.6 0 4.055
1637719620 21.97 82.54 0 4.049
1637719680 21.96 83.1 0 4.055
1637719740 21.93 83.33 0 4.055
1637719800 21.93 83.31 0 4.049
1637719860 21.9 84.01 0 4.055
1637719920 21.85 83.75 0 4.055
1637719980 21.8 84.33 0 4.055
1637720040 21.73 84.61 0 4.055
1637720100 21.72 85.06 0 4.049
1637720160 21.68 84.1 0 4.055
1637720220 21.68 84.64 0 4.055
1637720280 21.66 85.39 0 4.055
1637720340 21.63 85.38 0 4.055
1637720400 21.6 84.99 0 4.055
1637720460 21.6 85.48 0 4.049
1637720520 21.59 85.41 0 4.049
1637720580 21.6 85.47 0 4.055
1637720640 21.56 85.15 0 4.055
1637720700 21.58 85.44 0 4.049
1637720760 21.59 85.26 0 4.049
1637720820 21.58 85.18 0 4.049
1637720880 21.53 85.12 0 4.055
1637720940 21.55 85.42 0 4.049
1637721000 21.53 85.27 0 4.049
1637721060 21.52 84.67 0 4.049
1637721120 21.56 86.37 0 4.049
1637721180 21.49 85.91 0 4.055
1637721240 21.5 86.22 0 4.049
1637721300 21.48 86.27 0 4.049
1637721360 21.45 86.74 0 4.055
1637721420 21.45 87.08 0 4.049
1637721480 21.42 87.05 0 4.049
1637721540 21.37 87.31 0 4.049
1637721600 21.38 87.29 0 4.049
1637721660 21.31 86.68 0 4.049
1637721720 21.32 87.06 0 4.049
1637721780 21.34 87.68 0 4.055
1637721840 21.28 87.39 0 4.049
1637721900 21.29 86.93 0 4.055
1637721960 21.32 87.25 0 4.049
1637722020 21.32 88.15 0 4.049
1637722080 21.21 87.43 0 4.049
1637722140 21.24 88.04 0 4.049
1637722200 21.18 87.39 0 4.049
1637722260 21.22 88.09 0 4.049
1637722320 21.24 89.59 0 4.049
1637722380 21.24 89.75 0 4.049
1637722440 21.18 90.09 0 4.049
1637722500 21.18 90.53 0 4.049
1637722560 21.15 90.67 0 4.049
1637722620 21.08 90.49 0 4.049
1637722680 21.1 90.66 0 4.049
1637722740 21.1 90.66 0 4.049
1637722800 21.12 91.12 0 4.055
1637722860 21.1 90.55 0 4.049
1637722920 21.1 90 0 4.049
1637722980 21.12 89.68 0 4.049
1637723040 21.2 89.33 0 4.049
1637723100 21.24 88.58 0 4.049
1637723160 21.27 89.56 0 4.049
1637723220 21.34 90.33 0 4.049
1637723280 21.29 89.89 0 4.049
1637723340 21.29 89.59 0 4.049
1637723400 21.28 89.2 0 4.049
1637723460 21.22 88.88 0 4.049
1637723520 21.24 88.22 0 4.049
1637723580 21.18 87.57 0 4.049
1637723640 21.2 88.08 0 4.049
1637723700 21.17 87.84 0 4.049
1637723760 21.22 88.07 0 4.055
1637723820 21.22 87.45 0 4.049
1637723880 21.29 88.43 0 4.049
1637723940 21.25 88.23 0 4.049
1637724000 21.25 87.88 0 4.049
1637724060 21.21 88.13 0 4.049
1637724120 21.18 87.84 0 4.049
1637724180 21.15 88.22 0 4.049
1637724240 21.14 88.54 0 4.049
1637724300 21.11 88.89 0 4.049
1637724360 21.11 89.4 0 4.049
1637724420 21.1 89.28 0 4.049
1637724480 21.07 89.51 0 4.049
1637724540 21.07 89.62 0 4.049
1637724600 21.01 89.72 0 4.049
1637724660 21.04 89.76 0 4.049
1637724720 20.97 89.77 0 4.049
1637724780 20.95 89.86 0 4.049
1637724840 20.95 89.87 0 4.049
1637724900 20.93 90.24 0 4.049
1637724960 20.94 90.54 0 4.049
1637725020 20.93 90.87 0 4.049
1637725080 20.94 90.9 0 4.049
1637725140 20.94 90.59 0 4.049
1637725200 20.98 90.8 0 4.049
1637725260 20.97 89.99 0 4.049
1637725320 21 89.49 0 4.049
1637725380 21.02 88.38 0 4.049
1637725440 21.08 89.02 0 4.049
1637725500 21.11 89.84 0 4.049
1637725560 21.12 90.59 0 4.049
1637725620 21.14 90.78 0 4.049
1637725680 21.08 90.95 0 4.049
1637725740 21.05 90.73 0 4.049
1637725800 21.07 90.93 0 4.049
1637725860 21.01 90.67 0 4.049
1637725920 20.97 90.58 0 4.055
1637725980 20.97 90.64 0 4.049
1637726040 20.98 90.87 0 4.049
1637726100 21.02 90.7 0 4.049
1637726160 21.01 90.38 0 4.049
1637726220 21 88.85 0 4.049
1637726280 21.02 89.11 0 4.049
1637726340 21.05 88.77 0 4.049
1637726400 21 88.83 0 4.049
1637726460 20.98 89.17 0 4.049
1637726520 21 89.42 0 4.049
1637726580 20.98 89.29 0 4.049
1637726640 20.97 89.45 0 4.049
1637726700 21 89.07 0 4.049
1637726760 21 88.8 0 4.049
1637726820 21.02 89.09 0 4.049
1637726880 21.02 89.05 0 4.049
1637726940 21.08 89.16 0 4.049
1637727000 21.12 89.73 0 4.049
1637727060 21.05 88.71 0 4.049
1637727120 21.05 87.19 0 4.049
1637727180 21.15 87.16 0 4.049
1637727240 21.17 86.97 0 4.049
1637727300 21.17 86.33 0 4.049
1637727360 21.24 86.72 0 4.049
1637727420 21.28 86.98 0 4.049
1637727480 21.21 86.63 0 4.049
1637727540 21.25 86.91 0 4.049
1637727600 21.31 87.26 0 4.049
1637727660 21.29 86.42 0 4.049
1637727720 21.29 86.72 0 4.049
1637727780 21.31 87.25 0 4.049
1637727840 21.28 88.28 0 4.044
1637727900 21.21 88.89 0 4.049
1637727960 21.18 89.26 0 4.049
1637728020 21.12 89.4 0 4.044
1637728080 21.11 89.64 0 4.049
1637728140 21.07 89.68 0 4.049
1637728200 21.05 89.91 0 4.049
1637728260 21 90.01 0 4.044
1637728320 20.95 89.93 0 4.044
1637728380 20.95 89.85 0 4.049
1637728440 20.97 89.98 0 4.044
1637728500 20.98 90 0 4.049
1637728560 20.94 89.52 0 4.049
1637728620 20.98 89.51 0 4.049
1637728680 20.98 89.61 0 4.049
1637728740 20.98 89.73 0 4.049
1637728800 20.97 89.76 0 4.049
1637728860 21 89.4 0 4.049
1637728920 21.02 89.51 0 4.049
1637728980 21.05 89.81 0 4.044
1637729040 21.07 90.1 0 4.049
1637729100 21.08 90.42 0 4.049
1637729160 21.07 90.76 0 4.049
1637729220 21.04 90.81 0 4.049
1637729280 21.02 91.04 0 4.044
1637729340 21.02 91.08 0 4.049
1637729400 21.04 91.2 0 4.049
1637729460 21.07 91.15 0 4.049
1637729520 21.04 91.3 0 4.049
1637729580 21.04 91.37 0 4.044
1637729640 21.04 91.25 0 4.049
1637729700 21.01 91.11 0 4.044
1637729760 21.05 91.07 0 4.049
1637729820 21.04 90.71 0 4.044
1637729880 21.07 90.78 0 4.044
1637729940 21.07 90.91 0 4.044
