1634360400 20.66 91.76 0 4.082
1634360460 20.66 91.97 0 4.082
1634360520 20.66 91.59 0 4.082
1634360580 20.7 91.3 0 4.082
1634360640 20.7 90.95 0 4.082
1634360700 20.7 90.67 0 4.082
1634360760 20.7 90.58 0 4.082
1634360820 20.71 90.2 0 4.082
1634360880 20.71 90.06 0 4.082
1634360940 20.76 89.96 0 4.082
1634361000 20.81 90 0 4.082
1634361060 20.84 90.15 0 4.076
1634361120 20.86 89.81 0 4.076
1634361180 20.87 89.79 0 4.082
1634361240 20.87 89.81 0 4.082
1634361300 20.91 89.81 0 4.082
1634361360 20.93 89.73 0 4.082
1634361420 20.94 89.81 0 4.082
1634361480 20.94 89.74 0 4.082
1634361540 20.95 89.69 0 4.082
1634361600 20.95 89.96 0 4.082
1634361660 20.97 90.14 0 4.082
1634361720 20.98 90.22 0 4.082
1634361780 21.01 90.04 0 4.082
1634361840 21.02 90.1 0 4.076
1634361900 21.04 89.81 0 4.082
1634361960 21.07 89.94 0 4.076
1634362020 21.04 89.9 0 4.082
1634362080 21.07 89.7 0 4.082
1634362140 21.1 89.77 0 4.082
1634362200 21.1 90.05 0 4.082
1634362260 21.1 90.2 0 4.082
1634362320 21.11 90.6 0 4.082
1634362380 21.05 90.49 0 4.082
1634362440 21.07 90.46 0 4.076
1634362500 21.02 89.82 0 4.082
1634362560 21.02 89.75 0 4.082
1634362620 21.12 89.87 0 4.082
1634362680 21.12 89.47 0 4.076
1634362740 21.14 89.35 0 4.082
1634362800 21.12 89.12 0 4.082
1634362860 21.15 89.15 0 4.076
1634362920 21.17 88.76 0 4.076
1634362980 21.22 88.48 0 4.082
1634363040 21.24 88.43 0 4.082
1634363100 21.27 88.66 0 4.076
1634363160 21.21 88.98 0 4.082
1634363220 21.17 89.29 0 4.082
1634363280 21.1 89.58 0 4.076
1634363340 21.07 89.46 0 4.082
1634363400 21.02 89.53 0 4.082
1634363460 21.01 89.65 0 4.082
1634363520 21 89.85 0 4.082
1634363580 20.91 90.44 0 4.076
1634363640 20.84 90.79 0 4.082
1634363700 20.84 91.11 0 4.082
1634363760 20.8 91.34 0 4.082
1634363820 20.79 91.29 0 4.082
1634363880 20.74 91.48 0 4.076
1634363940 20.74 91.66 0 4.082
1634364000 20.74 91.76 0 4.076
1634364060 20.73 91.65 0 4.082
1634364120 20.76 91.66 0 4.082
1634364180 20.69 91.62 0 4.076
1634364240 20.7 91.66 0 4.076
1634364300 20.71 91.52 0 4.076
1634364360 20.66 91.61 0 4.076
1634364420 20.69 91.88 0 4.082
1634364480 20.74 92.02 0 4.076
1634364540 20.79 92.03 0 4.082
1634364600 20.8 91.94 0 4.076
1634364660 20.76 91.74 0 4.076
1634364720 20.71 91.89 0 4.082
1634364780 20.7 91.81 0 4.076
1634364840 20.74 91.95 0 4.076
1634364900 20.79 91.78 0 4.082
1634364960 20.74 91.83 0 4.082
1634365020 20.67 91.98 0 4.076
1634365080 20.66 91.99 0 4.076
1634365140 20.66 91.99 0 4.076
1634365200 20.66 92.19 0 4.076
1634365260 20.65 92.02 0 4.076
1634365320 20.63 91.99 0 4.076
1634365380 20.62 91.97 0 4.082
1634365440 20.6 91.79 0 4.082
1634365500 20.56 91.75 0 4.076
1634365560 20.53 91.71 0 4.076
1634365620 20.54 92.2 0 4.076
1634365680 20.52 92.03 0 4.076
1634365740 20.53 92.52 0 4.076
1634365800 20.46 92.58 0 4.076
1634365860 20.43 92.63 0 4.082
1634365920 20.44 92.66 0 4.076
1634365980 20.42 92.44 0 4.076
1634366040 20.42 92.47 0 4.076
1634366100 20.42 92.47 0 4.076
1634366160 20.43 92.54 0 4.076
1634366220 20.4 92.44 0 4.076
1634366280 20.43 92.9 0 4.082
1634366340 20.43 93.14 0 4.076
1634366400 20.4 92.94 0 4.076
1634366460 20.43 92.79 0 4.076
1634366520 20.42 92.75 0 4.076
1634366580 20.42 92.64 0 4.082
1634366640 20.39 92.33 0 4.076
1634366700 20.38 92.4 0 4.076
1634366760 20.32 92.35 0 4.082
1634366820 20.31 92.58 0 4.082
1634366880 20.25 92.65 0 4.076
1634366940 20.22 92.68 0 4.076
1634367000 20.19 92.79 0 4.076
1634367060 20.18 92.76 0 4.076
1634367120 20.15 92.71 0 4.076
1634367180 20.16 92.65 0 4.076
1634367240 20.12 92.84 0 4.076
1634367300 20.09 92.69 0 4.076
1634367360 20.05 92.73 0 4.076
1634367420 20.07 93.32 0 4.076
1634367480 20.04 93.11 0 4.076
1634367540 19.99 93.27 0 4.082
1634367600 19.98 93.4 0 4.076
1634367660 19.95 93.47 0 4.082
1634367720 19.91 93.44 0 4.076
1634367780 19.87 93.36 0 4.076
1634367840 19.87 93.65 0 4.076
1634367900 19.85 93.72 0 4.076
1634367960 19.84 93.86 0 4.076
1634368020 19.81 94.08 0 4.076
1634368080 19.81 94.02 0 4.076
1634368140 19.84 94.21 0 4.076
1634368200 19.82 94.16 0 4.076
1634368260 19.84 94.4 0 4.076
1634368320 19.81 94.1 0 4.076
1634368380 19.82 94.3 0 4.076
1634368440 19.78 94.56 0 4.082
1634368500 19.81 94.61 0 4.082
1634368560 19.73 94.04 0 4.076
1634368620 19.75 94.11 0 4.076
1634368680 19.75 93.91 0 4.082
1634368740 19.74 93.74 0 4.076
1634368800 19.77 93.64 0 4.076
1634368860 19.74 93.55 0 4.082
1634368920 19.74 93.57 0 4.076
1634368980 19.74 93.84 0 4.076
1634369040 19.74 93.86 0 4.076
1634369100 19.74 93.97 0 4.076
1634369160 19.74 94.28 0 4.076
1634369220 19.7 94.21 0 4.076
1634369280 19.68 94.54 0 4.076
1634369340 19.65 94.6 0 4.076
1634369400 19.7 94.55 0 4.082
1634369460 19.74 94.58 0 4.076
1634369520 19.75 94.39 0 4.076
1634369580 19.74 94.23 0 4.076
1634369640 19.7 94.2 0 4.076
1634369700 19.7 94.22 0 4.076
1634369760 19.75 94.41 0 4.076
1634369820 19.8 94.2 0 4.076
1634369880 19.77 94.05 0 4.076
1634369940 19.73 93.98 0 4.076
1634370000 19.74 94.02 0 4.076
1634370060 19.81 94.22 0 4.076
1634370120 19.82 94.14 0 4.076
1634370180 19.87 93.96 0 4.076
1634370240 19.92 93.53 0 4.076
1634370300 19.99 93.02 0 4.076
1634370360 20.05 92.63 0 4.076
1634370420 20.08 92.6 0 4.076
1634370480 20.09 92.25 0 4.076
1634370540 20.22 91.01 0 4.076
1634370600 20.33 89.94 0 4.076
1634370660 20.39 89.77 0 4.076
1634370720 20.35 89.55 0 4.076
1634370780 20.31 89.59 0 4.076
1634370840 20.28 89.66 0 4.076
1634370900 20.25 89.18 0 4.076
1634370960 20.26 87.42 0 4.076
1634371020 20.29 85.41 0 4.076
1634371080 20.4 84.67 0 4.076
1634371140 20.47 85.25 0 4.076
1634371200 20.47 85.36 0 4.076
1634371260 20.46 85.4 0 4.076
1634371320 20.44 85.05 0 4.076
1634371380 20.43 85.11 0 4.076
1634371440 20.39 84.92 0 4.076
1634371500 20.39 85.06 0 4.076
1634371560 20.36 84.91 0 4.076
1634371620 20.38 85.6 0 4.076
1634371680 20.39 86.45 0 4.076
1634371740 20.36 86.6 0 4.076
1634371800 20.35 86.66 0 4.076
1634371860 20.35 83.75 0 4.076
1634371920 20.44 83.07 0 4.076
1634371980 20.52 83.27 0 4.076
1634372040 20.56 83.55 0 4.076
1634372100 20.56 83.82 0 4.076
1634372160 20.56 83.64 0 4.076
1634372220 20.56 84.09 0 4.076
1634372280 20.54 84.23 0 4.076
1634372340 20.56 84.83 0 4.071
1634372400 20.53 85.26 0 4.076
1634372460 20.53 85.32 0 4.076
1634372520 20.47 84.76 0 4.076
1634372580 20.46 84.35 0 4.076
1634372640 20.49 84.12 0 4.076
1634372700 20.47 84.15 0 4.076
1634372760 20.49 84.8 0 4.076
1634372820 20.5 86.26 0 4.076
1634372880 20.47 86.76 0 4.076
1634372940 20.44 87.2 0 4.076
1634373000 20.42 87.61 0 4.076
1634373060 20.4 87.75 0 4.076
1634373120 20.38 87.77 0 4.076
1634373180 20.35 87.66 0 4.076
1634373240 20.31 87.19 0 4.076
1634373300 20.32 87.63 0 4.076
1634373360 20.35 87.96 0 4.076
1634373420 20.33 87.45 0 4.076
1634373480 20.29 86.5 0 4.076
1634373540 20.38 85.88 0 4.076
1634373600 20.46 85.82 0 4.071
1634373660 20.5 85.59 0 4.076
1634373720 20.54 85.49 0 4.076
1634373780 20.6 86.18 0 4.076
1634373840 20.59 87.14 0 4.076
1634373900 20.52 86.64 0 4.076
1634373960 20.39 87.56 0 4.076
1634374020 20.35 87.32 0 4.076
1634374080 20.28 87.79 0 4.076
1634374140 20.21 87.56 0 4.076
1634374200 20.15 88.03 0 4.076
1634374260 20.14 88.1 0 4.076
1634374320 20.16 88.11 0 4.076
1634374380 20.16 88.06 0 4.076
1634374440 20.19 88.54 0 4.076
1634374500 20.18 88.34 0 4.076
1634374560 20.21 88.2 0 4.071
1634374620 20.22 88.49 0 4.076
1634374680 20.22 88.23 0 4.076
1634374740 20.18 87.99 0 4.076
1634374800 20.19 87.88 0 4.076
1634374860 20.22 87.85 0 4.071
1634374920 20.22 87.77 0 4.076
1634374980 20.25 88.03 0 4.071
1634375040 20.23 88.19 0 4.071
1634375100 20.25 88.56 0 4.071
1634375160 20.25 88.76 0 4.076
1634375220 20.21 88.38 0 4.071
1634375280 20.18 88.26 0 4.076
1634375340 20.19 88.4 0 4.076
1634375400 20.22 88.52 0 4.076
1634375460 20.15 88.4 0 4.076
1634375520 20.19 89.15 0 4.076
1634375580 20.18 89.48 0 4.071
1634375640 20.21 89.57 0 4.071
1634375700 20.23 89.56 0 4.076
1634375760 20.26 89.52 0 4.076
1634375820 20.25 89.56 0 4.076
1634375880 20.23 89.62 0 4.071
1634375940 20.19 89.9 0 4.076
1634376000 20.14 89.77 0 4.076
1634376060 20.02 90.13 0 4.071
1634376120 19.99 90.56 0 4.071
1634376180 19.95 90.52 0 4.071
1634376240 19.95 90.24 0 4.071
1634376300 19.96 89.77 0 4.076
1634376360 20.01 89.75 0 4.071
1634376420 20.02 89.84 0 4.071
1634376480 19.98 89.88 0 4.076
1634376540 20.01 89.85 0 4.076
1634376600 19.99 89.77 0 4.071
1634376660 19.99 89.54 0 4.076
1634376720 20.04 89.64 0 4.071
1634376780 20.02 89.62 0 4.071
1634376840 20.07 89.65 0 4.071
1634376900 20.04 89.14 0 4.071
1634376960 20.04 88.81 0 4.076
1634377020 20.11 89.17 0 4.071
1634377080 20.09 88.8 0 4.076
1634377140 20.16 88.92 0 4.076
1634377200 20.21 89.2 0 4.076
1634377260 20.29 89.3 0 4.071
1634377320 20.29 89.36 0 4.071
1634377380 20.26 89.22 0 4.076
1634377440 20.23 88.83 0 4.071
1634377500 20.23 88.44 0 4.076
1634377560 20.23 88.42 0 4.076
1634377620 20.19 88.66 0 4.076
1634377680 20.19 88.14 0 4.071
1634377740 20.19 87.64 0 4.076
1634377800 20.26 87.64 0 4.071
1634377860 20.26 87.64 0 4.071
1634377920 20.23 87.72 0 4.076
1634377980 20.26 88.23 0 4.071
1634378040 20.23 88.8 0 4.071
1634378100 20.18 87.67 0 4.071
1634378160 20.25 86.2 0 4.071
1634378220 20.31 86.32 0 4.071
1634378280 20.33 85.83 0 4.076
1634378340 20.33 85.96 0 4.076
1634378400 20.36 85.28 0 4.071
1634378460 20.35 84.74 0 4.076
1634378520 20.36 85.11 0 4.071
1634378580 20.35 85.64 0 4.071
1634378640 20.38 88.09 0 4.071
1634378700 20.32 88.78 0 4.071
1634378760 20.23 88.7 0 4.076
1634378820 20.19 88.79 0 4.076
1634378880 20.18 88.85 0 4.071
1634378940 20.15 89.11 0 4.076
1634379000 20.16 89.54 0 4.071
1634379060 20.16 90 0 4.076
1634379120 20.15 90.08 0 4.071
1634379180 20.11 89.92 0 4.071
1634379240 20.11 89.96 0 4.071
1634379300 20.12 89.75 0 4.071
1634379360 20.09 89.67 0 4.076
1634379420 20.15 89.8 0 4.071
1634379480 20.12 90.28 0 4.071
1634379540 20.14 90.67 0 4.071
1634379600 20.11 90.65 0 4.071
1634379660 20.07 90.77 0 4.071
1634379720 20.05 90.7 0 4.071
1634379780 20.02 90.88 0 4.071
1634379840 20.02 90.91 0 4.071
1634379900 20.02 90.95 0 4.071
1634379960 20.01 91.31 0 4.071
1634380020 20.02 91.27 0 4.076
1634380080 19.99 91.36 0 4.071
1634380140 19.99 91.66 0 4.071
1634380200 19.96 92.01 0 4.071
1634380260 19.95 92.06 0 4.071
1634380320 19.95 92.36 0 4.071
1634380380 19.96 92.32 4 4.071
1634380440 19.94 92.28 4 4.071
1634380500 19.91 92.3 4 4.071
1634380560 19.88 92.3 4 4.071
1634380620 19.91 92.5 4 4.071
1634380680 19.91 92.48 4 4.071
1634380740 19.87 92.74 4 4.071
1634380800 19.87 92.77 4 4.071
1634380860 19.87 92.78 4 4.071
1634380920 19.85 93.03 4 4.071
1634380980 19.85 92.82 4 4.071
1634381040 19.85 92.55 4 4.071
1634381100 19.89 92.32 4 4.071
1634381160 19.92 92.27 4 4.071
1634381220 19.91 92.19 4 4.071
1634381280 19.91 92.01 10 4.071
1634381340 19.94 91.92 10 4.071
1634381400 19.94 91.47 10 4.071
1634381460 19.96 91.11 10 4.071
1634381520 19.99 90.94 10 4.071
1634381580 20.02 90.62 10 4.071
1634381640 20.08 91.49 16 4.071
1634381700 20.01 91.58 16 4.071
1634381760 19.98 91.47 16 4.071
1634381820 19.96 91.66 22 4.071
1634381880 19.99 91.78 22 4.071
1634381940 19.99 91.85 28 4.071
1634382000 20.02 91.96 28 4.071
1634382060 20.02 91.68 28 4.071
1634382120 20.02 91.69 28 4.071
1634382180 20.08 91.98 34 4.071
1634382240 20.11 91.84 34 4.071
1634382300 20.11 91.73 34 4.071
1634382360 20.18 91.76 34 4.071
1634382420 20.18 91.66 34 4.071
1634382480 20.21 91.55 34 4.071
1634382540 20.25 90.58 40 4.071
1634382600 20.29 90.07 40 4.071
1634382660 20.36 90.55 40 4.071
1634382720 20.4 90.47 46 4.071
1634382780 20.44 90.35 46 4.071
1634382840 20.46 89.87 46 4.071
1634382900 20.5 89.88 52 4.071
1634382960 20.52 89.32 52 4.071
1634383020 20.56 89.11 52 4.071
1634383080 20.62 89 52 4.071
1634383140 20.66 89.05 58 4.071
1634383200 20.7 89.13 58 4.071
1634383260 20.74 89.21 58 4.071
1634383320 20.69 88.88 64 4.071
1634383380 20.69 88.87 64 4.071
1634383440 20.7 88.59 70 4.071
1634383500 20.71 88.64 70 4.071
1634383560 20.67 87.37 64 4.071
1634383620 20.73 88.08 70 4.071
1634383680 20.8 88.61 88 4.071
1634383740 20.81 89.08 82 4.071
1634383800 20.77 88.84 76 4.065
1634383860 20.77 88.79 70 4.071
1634383920 20.84 88.73 76 4.071
1634383980 20.89 88.62 76 4.065
1634384040 20.91 88.28 82 4.071
1634384100 20.91 87.95 82 4.071
1634384160 20.91 87.66 88 4.071
1634384220 20.97 87.52 88 4.071
1634384280 20.97 87.51 88 4.076
1634384340 21.02 87.33 88 4.071
1634384400 21.04 86.91 94 4.071
1634384460 21.1 86.31 94 4.071
1634384520 21.15 86.31 94 4.071
1634384580 21.25 87.13 94 4.071
1634384640 21.31 87.54 94 4.071
1634384700 21.32 87.62 94 4.071
1634384760 21.31 87.34 94 4.071
1634384820 21.39 87.29 94 4.071
1634384880 21.42 86.13 94 4.071
1634384940 21.42 86.02 88 4.071
1634385000 21.42 86.37 88 4.071
1634385060 21.44 86.89 88 4.071
1634385120 21.48 86.66 88 4.071
1634385180 21.52 86.55 82 4.071
1634385240 21.5 86.46 82 4.071
1634385300 21.5 85.7 82 4.071
1634385360 21.53 86.23 82 4.071
1634385420 21.58 86.32 76 4.071
1634385480 21.62 85.98 76 4.071
1634385540 21.56 86.23 76 4.071
1634385600 21.59 86.48 76 4.071
1634385660 21.55 86.46 76 4.071
1634385720 21.48 86.34 76 4.071
1634385780 21.42 86.54 76 4.071
1634385840 21.38 86.94 76 4.071
1634385900 21.34 86.12 76 4.071
1634385960 21.32 84.91 76 4.071
1634386020 21.28 84.43 76 4.071
1634386080 21.25 84.28 76 4.071
1634386140 21.21 83.64 76 4.071
1634386200 21.22 84.54 76 4.071
1634386260 21.18 84.79 82 4.071
1634386320 21.25 85.03 82 4.071
1634386380 21.24 85.58 82 4.071
1634386440 21.25 85.74 82 4.071
1634386500 21.21 85.86 82 4.071
1634386560 21.24 86.16 88 4.071
1634386620 21.22 85.55 88 4.071
1634386680 21.21 84.51 100 4.071
1634386740 21.25 83.57 263 4.076
1634386800 21.38 82.82 299 4.082
1634386860 21.62 82.62 316 4.071
1634386920 21.79 81.43 316 4.071
1634386980 21.96 79.7 310 4.071
1634387040 22.1 79.29 310 4.071
1634387100 22.21 78.75 167 4.065
1634387160 22.3 79.1 209 4.065
1634387220 22.43 79.51 131 4.065
1634387280 22.5 79.08 112 4.071
1634387340 22.64 78.68 112 4.071
1634387400 22.57 78.55 106 4.065
1634387460 22.61 78.36 118 4.065
1634387520 22.71 77.58 225 4.065
1634387580 22.91 77.21 388 4.065
1634387640 23.27 77.5 400 4.065
1634387700 23.7 75.16 370 4.065
1634387760 24.07 75.25 411 4.065
1634387820 24.4 73.58 352 4.065
1634387880 24.11 73.1 201 4.065
1634387940 23.78 74.95 161 4.065
1634388000 23.74 75.52 131 4.065
1634388060 23.56 75.95 149 4.065
1634388120 23.43 76.19 262 4.065
1634388180 23.4 76.83 249 4.065
1634388240 23.36 76.61 268 4.065
1634388300 23.46 77.33 394 4.065
1634388360 23.7 76.36 453 4.065
1634388420 23.92 74.09 394 4.065
1634388480 24.22 75.22 243 4.065
1634388540 24.23 70.26 471 4.065
1634388600 24.28 70.33 483 4.065
1634388660 24.26 69.08 483 4.065
1634388720 24.43 70.51 495 4.065
1634388780 25.03 67.53 483 4.065
1634388840 25.42 66.9 358 4.065
1634388900 25.79 65.38 137 4.065
1634388960 25.99 64.83 131 4.065
1634389020 25.62 64.57 243 4.065
1634389080 25.51 65.31 292 4.065
1634389140 25.35 66.33 489 4.065
1634389200 25.34 67.16 501 4.06
1634389260 25.49 65.52 388 4.065
1634389320 25.75 64.92 495 4.065
1634389380 25.99 65.51 531 4.06
1634389440 26.2 64.27 542 4.065
1634389500 26.28 63.4 555 4.065
1634389560 26.47 62.86 543 4.065
1634389620 26.62 63.32 572 4.065
1634389680 26.7 62.45 620 4.065
1634389740 26.98 62.03 632 4.065
1634389800 27.41 61.22 638 4.065
1634389860 27.59 60.78 656 4.065
1634389920 27.5 60.74 662 4.06
1634389980 27.57 60.22 256 4.065
1634390040 27.43 60.38 368 4.065
1634390100 27.2 61.43 249 4.06
1634390160 26.78 61.82 243 4.06
1634390220 26.4 63.02 243 4.065
1634390280 26.31 63.81 243 4.06
1634390340 26.31 63.87 243 4.06
1634390400 26.1 64.07 243 4.065
1634390460 26.03 64.49 249 4.06
1634390520 25.86 64.5 256 4.065
1634390580 25.68 65.53 249 4.06
1634390640 25.61 65.84 243 4.055
1634390700 25.46 66.1 237 4.06
1634390760 25.45 67.17 243 4.06
1634390820 25.27 69.06 249 4.065
1634390880 25.36 69.61 256 4.065
1634390940 25.38 69.72 262 4.06
1634391000 25.18 69.84 268 4.065
1634391060 25.22 69.37 274 4.06
1634391120 25.07 69.82 280 4.065
1634391180 25.11 69.13 286 4.06
1634391240 25.21 69.04 292 4.06
1634391300 25.11 68.83 298 4.065
1634391360 25.15 68.76 298 4.06
1634391420 25.14 68.92 298 4.065
1634391480 25.32 68.03 304 4.06
1634391540 25.41 67.85 304 4.06
1634391600 25.32 68.64 298 4.065
1634391660 25.49 68.49 298 4.06
1634391720 25.14 69.41 298 4.06
1634391780 25.03 70.09 298 4.06
1634391840 24.9 71.19 304 4.06
1634391900 25.04 71.72 338 4.06
1634391960 25.03 70.53 769 4.065
1634392020 25.22 69.91 380 4.06
1634392080 25.34 70.5 811 4.06
1634392140 25.52 67.08 399 4.06
1634392200 25.76 67.02 518 4.06
1634392260 25.99 65.81 775 4.06
1634392320 25.87 65.56 763 4.06
1634392380 26.12 67.54 745 4.06
1634392440 26.82 66.02 745 4.06
1634392500 27.13 61.8 739 4.06
1634392560 26.7 62.75 739 4.06
1634392620 26.54 62.03 727 4.06
1634392680 26.89 61.47 727 4.06
1634392740 27.37 60.86 745 4.06
1634392800 27.76 59.69 435 4.06
1634392860 27.41 59.25 362 4.06
1634392920 27.44 57.43 316 4.06
1634392980 27.7 58.38 417 4.06
1634393040 27.77 59.04 548 4.055
1634393100 27.83 58.51 721 4.06
1634393160 27.94 61.34 793 4.06
1634393220 28.29 58.22 781 4.06
1634393280 28.47 59.29 787 4.06
1634393340 28.7 59.81 799 4.06
1634393400 29.34 54.07 811 4.06
1634393460 29.84 53.68 823 4.06
1634393520 29.83 54.08 823 4.06
1634393580 30.3 51.78 835 4.06
1634393640 29.99 51.31 471 4.055
1634393700 28.62 54.07 572 4.06
1634393760 29.2 53.91 262 4.06
1634393820 28.66 55.44 512 4.055
1634393880 28.23 58.01 840 4.055
1634393940 27.98 56.78 911 4.06
1634394000 27.63 57.36 636 4.06
1634394060 27.12 59.07 882 4.06
1634394120 27.14 59.42 590 4.055
1634394180 27.2 60.4 429 4.06
1634394240 27.05 60.3 906 4.06
1634394300 27.12 59.42 892 4.06
1634394360 27.22 59.91 912 4.06
1634394420 28.01 57.46 435 4.06
1634394480 28.32 56.95 356 4.06
1634394540 28.31 57.1 924 4.06
1634394600 28.77 54.92 858 4.06
1634394660 29.25 53.54 905 4.06
1634394720 29.55 53.07 888 4.055
1634394780 29.56 53.77 876 4.055
1634394840 29.56 53.29 870 4.06
1634394900 29.49 55.57 870 4.06
1634394960 29.63 53.81 864 4.055
1634395020 29.99 53.75 858 4.06
1634395080 30.3 50.55 852 4.06
1634395140 30.54 50.79 852 4.055
1634395200 30.61 50.81 870 4.055
1634395260 31.16 49.55 876 4.055
1634395320 31.46 48.82 894 4.06
1634395380 30.65 49.38 899 4.06
1634395440 29.44 52.01 918 4.055
1634395500 29.22 53.92 935 4.055
1634395560 30.21 53 953 4.06
1634395620 30.47 53.35 984 4.055
1634395680 30.84 49.9 917 4.055
1634395740 31.05 47.75 655 4.055
1634395800 31.53 48.7 584 4.055
1634395860 31.05 48.58 1072 4.055
1634395920 31.12 46.34 1108 4.055
1634395980 31.39 44.38 1132 4.055
1634396040 32.05 44.92 1132 4.055
1634396100 32.46 44.21 1097 4.06
1634396160 32.1 43.54 1114 4.06
1634396220 31.97 44.58 1114 4.055
1634396280 32.65 44.79 905 4.055
1634396340 33.13 43.11 578 4.055
1634396400 31.5 44.89 649 4.06
1634396460 31.08 46.84 590 4.055
1634396520 30.17 48.56 417 4.055
1634396580 29.56 50.89 387 4.06
1634396640 29.95 50.68 393 4.055
1634396700 30.13 50.31 429 4.055
1634396760 30.31 48.35 441 4.055
1634396820 30.44 47.65 356 4.06
1634396880 30.44 49.47 368 4.055
1634396940 30.19 51.57 411 4.055
1634397000 29.98 52.64 423 4.06
1634397060 29.87 52.44 499 4.055
1634397120 30.04 48.71 743 4.055
1634397180 30.11 49.22 441 4.06
1634397240 29.96 50.62 405 4.055
1634397300 30.09 49.77 411 4.055
1634397360 29.96 49.53 399 4.055
1634397420 30.03 50.37 435 4.055
1634397480 29.71 50.15 542 4.055
1634397540 30.07 49.5 1150 4.055
1634397600 29.53 51.06 1138 4.055
1634397660 29.24 52.53 828 4.055
1634397720 29.93 52.64 493 4.055
1634397780 29.95 52.14 429 4.055
1634397840 29.53 52.77 417 4.055
1634397900 29.47 53.85 362 4.055
1634397960 29.51 53.88 350 4.055
1634398020 29.28 54.18 380 4.055
1634398080 29.26 54.81 387 4.055
1634398140 28.94 55.6 524 4.055
1634398200 28.63 56.03 590 4.06
1634398260 28.55 55.32 709 4.055
1634398320 28.78 56.45 1162 4.06
1634398380 28.67 55.54 834 4.055
1634398440 29.34 56.42 487 4.055
1634398500 29.58 53.86 499 4.055
1634398560 29.42 55.82 469 4.055
1634398620 29.28 55.97 475 4.055
1634398680 29.03 55.29 481 4.055
1634398740 28.98 55.73 457 4.055
1634398800 28.89 57.14 630 4.055
1634398860 29.32 56.2 469 4.055
1634398920 29.66 54.33 451 4.055
1634398980 29.73 54.57 451 4.055
1634399040 29.69 53.87 435 4.055
1634399100 29.62 54.69 399 4.055
1634399160 29.44 55.17 374 4.055
1634399220 28.71 57.77 374 4.055
1634399280 28.86 57.27 374 4.055
1634399340 29.08 56.9 399 4.055
1634399400 29.2 56.5 624 4.055
1634399460 29.25 57.2 387 4.055
1634399520 29.05 56.6 387 4.055
1634399580 29.14 56.87 399 4.055
1634399640 28.47 57.09 399 4.055
1634399700 28.09 59.65 417 4.055
1634399760 28.16 59.78 429 4.055
1634399820 28.42 60.21 935 4.055
1634399880 28.71 59.12 469 4.055
1634399940 28.83 58.79 469 4.055
1634400000 28.67 59.07 481 4.055
1634400060 28.65 58.34 475 4.055
1634400120 28.76 59.11 505 4.055
1634400180 28.67 57.72 469 4.049
1634400240 28.46 59.19 463 4.055
1634400300 28.59 59.04 469 4.055
1634400360 28.26 61.28 630 4.055
1634400420 27.88 62.67 441 4.055
1634400480 27.5 64.45 439 4.055
1634400540 27.32 65.52 439 4.055
1634400600 26.85 65.78 429 4.055
1634400660 26.64 67.13 423 4.055
1634400720 26.64 66.68 435 4.055
1634400780 26.83 66.85 429 4.055
1634400840 26.64 66.71 405 4.055
1634400900 26.64 67.19 417 4.055
1634400960 26.64 66.58 1120 4.055
1634401020 26.72 65.88 755 4.055
1634400180 28.67 57.72 469 4.049
1634400240 28.46 59.19 463 4.055
1634400300 28.59 59.04 469 4.055
1634400360 28.26 61.28 630 4.055
1634400420 27.88 62.67 441 4.055
1634400480 27.5 64.45 439 4.055
1634400540 27.32 65.52 439 4.055
1634400600 26.85 65.78 429 4.055
1634400660 26.64 67.13 423 4.055
1634400720 26.64 66.68 435 4.055
1634400780 26.83 66.85 429 4.055
1634400840 26.64 66.71 405 4.055
1634400900 26.64 67.19 417 4.055
1634400960 26.64 66.58 1120 4.055
1634401020 26.72 65.88 755 4.055
1634401080 26.93 66.27 380 4.055
1634401140 27.2 64.8 1082 4.049
1634401200 27.43 64.78 947 4.055
1634401260 27.81 61.83 600 4.055
1634401320 27.44 62.51 572 4.049
1634401380 27.1 63.16 403 4.049
1634401440 27.12 64.6 387 4.055
1634401500 27.44 63.91 397 4.049
1634401560 27.32 64.2 649 4.055
1634401620 27.32 63.75 1156 4.049
1634401680 27.46 63.76 1191 4.055
1634401740 27.77 63.35 1225 4.049
1634401800 27.7 62.63 1299 4.049
1634401860 28.29 64.49 1317 4.055
1634401920 28.31 62.88 691 4.055
1634401980 28.25 60.79 819 4.044
1634402040 28.29 62.12 679 4.049
1634402100 28.31 59.67 784 4.049
1634402160 28.38 61.09 665 4.049
1634402220 28.45 60.09 612 4.055
1634402280 28.38 58.85 570 4.049
1634402340 28.01 59.73 677 4.049
1634402400 27.88 60.44 749 4.049
1634402460 27.7 61.05 874 4.049
1634402520 27.68 60.79 858 4.055
1634402580 28.05 61.16 1112 4.049
1634402640 28.26 61.56 1286 4.055
1634402700 28.41 60.19 802 4.055
1634402760 28.86 60 743 4.049
1634402820 28.76 58.91 570 4.049
1634402880 28.94 58.82 689 4.049
1634402940 29.29 57.76 499 4.049
1634403000 28.94 57.32 1231 4.049
1634403060 29.08 58.34 1237 4.049
1634403120 28.78 59.36 1207 4.055
1634403180 29.26 58.55 1130 4.049
1634403240 29.51 55.04 487 4.055
1634403300 29.32 56.97 1189 4.055
1634403360 29.51 56.51 1171 4.049
1634403420 29.63 54.87 1142 4.049
1634403480 30.26 54.23 802 4.055
1634403540 30.75 54.12 731 4.049
1634403600 30.45 52.95 588 4.049
1634403660 29.42 55.02 1149 4.049
1634403720 29.56 57.48 1171 4.049
1634403780 29.59 56.54 1189 4.049
1634403840 29.93 55.23 1167 4.049
1634403900 29.83 54.79 1167 4.055
1634403960 30.14 55.3 475 4.049
1634404020 30.17 54.36 1149 4.049
1634404080 30.27 56.71 1094 4.049
1634404140 30.81 53.57 784 4.049
1634404200 30.57 54.24 1189 4.049
1634404260 30.06 54.05 1225 4.049
1634404320 30.04 56.95 1236 4.049
1634404380 30.54 53.56 1201 4.049
1634404440 30.79 53.96 1207 4.049
1634404500 31.19 51.41 1040 4.049
1634404560 30.81 53.03 713 4.049
1634404620 30.84 52.98 618 4.049
1634404680 31.08 53.08 689 4.049
1634404740 31.16 52.61 643 4.049
1634404800 30.57 54.31 445 4.049
1634404860 30.31 55.71 427 4.049
1634404920 29.61 56.89 445 4.049
1634404980 29.52 56.91 534 4.049
1634405040 29.24 57.92 1017 4.049
1634405100 29.47 58.26 1332 4.049
1634405160 29.58 56.58 1313 4.049
1634405220 29.42 57.13 522 4.049
1634405280 29.14 58.53 1136 4.049
1634405340 29.68 58.53 695 4.049
1634405400 30.13 58.15 1292 4.049
1634405460 30.11 56.03 1314 4.049
1634405520 29.96 57.46 1082 4.049
1634405580 30.16 56.41 510 4.049
1634405640 28.89 59.08 748 4.049
1634405700 28.39 61.03 768 4.049
1634405760 28.34 61.77 749 4.044
1634405820 29.11 61.8 582 4.049
1634405880 29.83 58.1 522 4.049
1634405940 29.9 55.55 439 4.049
1634406000 29.29 59.08 493 4.049
1634406060 29.17 59.65 493 4.049
1634406120 29.21 58.28 1052 4.044
1634406180 29.62 56.24 439 4.049
1634406240 29.45 56.9 409 4.044
1634406300 28.39 59.76 368 4.049
1634406360 27.76 61.39 344 4.049
1634406420 27.76 61.91 320 4.049
1634406480 27.46 62.31 326 4.049
1634406540 27.19 62.46 302 4.049
1634406600 27.19 63.61 314 4.049
1634406660 27.3 63.47 314 4.049
1634406720 27.19 63.1 320 4.049
1634406780 27.06 64.26 326 4.049
1634406840 26.99 65.12 344 4.049
1634406900 27.02 64.92 355 4.049
1634406960 27.1 64.39 391 4.049
1634407020 27.17 64.81 380 4.049
1634407080 27.68 63.88 380 4.049
1634407140 27.78 62.84 397 4.049
1634407200 27.51 64.55 457 4.055
1634407260 27.6 64.13 498 4.049
1634407320 27.7 63.34 1183 4.049
1634407380 27.17 64.62 774 4.049
1634407440 27.37 65.16 594 4.044
1634407500 27.68 65.48 518 4.049
1634407560 27.8 64.08 861 4.044
1634407620 27.77 66.02 944 4.049
1634407680 28.2 64.25 1231 4.049
1634407740 28.86 64.71 570 4.044
1634407800 29.24 63.59 951 4.044
1634407860 29.44 60.34 1165 4.049
1634407920 30.02 59.01 1167 4.049
1634407980 30.34 59.2 1171 4.044
1634408040 30.45 57.52 1189 4.049
1634408100 30.79 55.01 1225 4.049
1634408160 30.53 56.59 768 4.049
1634408220 30.54 58.23 1046 4.044
1634408280 31.15 54.86 879 4.044
1634408340 30.85 54.38 736 4.049
1634408400 29.29 60.27 933 4.044
1634408460 28.41 62.84 1141 4.049
1634408520 28.2 63.32 1149 4.044
1634408580 28.34 62.11 1099 4.044
1634408640 27.95 63.52 1063 4.044
1634408700 27.81 63.86 1052 4.049
1634408760 27.65 64.28 1034 4.044
1634408820 27.95 64.86 1057 4.044
1634408880 27.95 63.82 1004 4.044
1634408940 27.67 65.85 1028 4.044
1634409000 27.54 64.68 802 4.044
1634409060 27.1 65.93 974 4.049
1634409120 27.2 66.05 981 4.049
1634409180 27.06 66.41 1010 4.044
1634409240 27.23 65.07 1022 4.044
1634409300 27.3 65.54 1022 4.044
1634409360 27.16 67.09 1028 4.044
1634409420 27.46 65.61 1034 4.049
1634409480 27.51 65.28 1040 4.044
1634409540 27.63 65.22 1028 4.044
1634409600 27.54 64.75 1016 4.049
1634409660 27.54 64.59 1010 4.044
1634409720 27.53 64.43 873 4.049
1634409780 27.22 65.23 1040 4.049
1634409840 27.54 65.51 1030 4.044
1634409900 27.81 66.16 1028 4.044
1634409960 27.85 65.76 1040 4.049
1634410020 28.11 63.43 546 4.044
1634410080 27.88 63.33 582 4.044
1634410140 27.72 64.07 403 4.044
1634410200 27.43 63.77 427 4.044
1634410260 27.2 65.72 582 4.049
1634410320 27.09 65.19 1147 4.044
1634410380 27.02 65.85 1117 4.044
1634410440 27.25 65.43 1129 4.044
1634410500 27.76 65.54 587 4.044
1634410560 28.07 62.74 719 4.044
1634410620 27.85 63.29 986 4.044
1634410680 27.89 63.13 474 4.044
1634410740 27.57 63.37 457 4.044
1634410800 27.2 64.87 445 4.044
1634410860 27.19 65.6 433 4.044
1634410920 27.09 65.15 439 4.044
1634410980 26.72 66.94 427 4.044
1634411040 26.78 66.67 427 4.049
1634411100 26.83 66.68 457 4.044
1634411160 26.95 66.75 1046 4.044
1634411220 27.13 66.25 975 4.044
1634411280 27.3 65.18 445 4.044
1634411340 27.19 64.96 457 4.044
1634411400 27.23 66.15 766 4.044
1634411460 27.34 64.93 1016 4.044
1634411520 27.67 64.79 516 4.044
1634411580 27.68 63.48 980 4.049
1634411640 27.74 61.92 582 4.044
1634411700 27.53 63.87 427 4.044
1634411760 27.4 63.16 480 4.044
1634411820 27.47 65.43 938 4.044
1634411880 27.6 63.11 956 4.044
1634411940 27.61 64.3 540 4.044
1634412000 27.8 61.57 968 4.044
1634412060 27.44 62.46 587 4.044
1634412120 27.6 62.62 950 4.044
1634412180 27.54 63.15 933 4.044
1634412240 27.64 63.25 927 4.044
1634412300 27.6 62.96 927 4.044
1634412360 27.74 63.21 921 4.044
1634412420 27.78 62.07 819 4.044
1634412480 27.91 61.08 701 4.044
1634412540 27.94 61.3 778 4.044
1634412600 27.59 60.36 855 4.044
1634412660 27.34 61.05 843 4.044
1634412720 27.4 60.24 837 4.044
1634412780 27.4 60.62 831 4.044
1634412840 27.51 60.32 819 4.044
1634412900 27.41 58.31 808 4.044
1634412960 27.47 60.36 825 4.044
1634413020 27.6 59.35 439 4.044
1634413080 27.46 59.44 403 4.044
1634413140 27.47 58.71 474 4.044
1634413200 27.37 59.76 350 4.039
1634413260 27.46 58.28 629 4.044
1634413320 27.41 60.23 730 4.044
1634413380 27.5 59.52 712 4.044
1634413440 27.72 59.21 689 4.044
1634413500 27.41 59.69 706 4.044
1634413560 27.3 61.61 659 4.044
1634413620 27.51 60.43 659 4.044
1634413680 27.65 59.1 635 4.044
1634413740 27.87 59.55 605 4.044
1634413800 27.72 58.5 593 4.044
1634413860 27.41 60 367 4.044
1634413920 27.5 60.09 415 4.044
1634413980 27.61 59.55 302 4.044
1634414040 27.29 60.13 266 4.044
1634414100 27.01 61.16 254 4.044
1634414160 26.88 61.19 254 4.039
1634414220 26.67 62.27 332 4.044
1634414280 26.52 62.29 533 4.044
1634414340 26.45 63.28 278 4.044
1634414400 26.52 63.27 290 4.044
1634414460 26.4 63.39 320 4.044
1634414520 26.48 63.4 540 4.044
1634414580 26.65 64.45 658 4.044
1634414640 27.13 62.24 373 4.039
1634414700 27.6 62.71 361 4.039
1634414760 27.88 62.05 451 4.044
1634414820 27.8 60.7 468 4.044
1634414880 27.98 58.98 629 4.039
1634414940 28.04 59.58 593 4.039
1634415000 27.99 58.65 510 4.044
1634415060 28.01 60.34 290 4.044
1634415120 28.25 59.99 302 4.044
1634415180 28.38 58.66 320 4.044
1634415240 27.92 59.27 272 4.044
1634415300 27.64 59.46 290 4.044
1634415360 27.61 60.56 284 4.044
1634415420 27.68 60.2 278 4.044
1634415480 27.72 60.68 278 4.049
1634415540 27.81 60.05 284 4.049
1634415600 27.6 60.16 290 4.049
1634415660 27.63 61.05 296 4.049
1634415720 27.6 60.31 558 4.044
1634415780 27.65 60.78 528 4.044
1634415840 27.89 59.53 409 4.044
1634415900 27.87 60.27 320 4.044
1634415960 27.95 59.48 385 4.044
1634416020 27.94 59.07 582 4.044
1634416080 28.12 60.02 557 4.039
1634416140 28.55 57.27 421 4.044
1634416200 28.11 59.14 468 4.044
1634416260 27.98 59.66 403 4.044
1634416320 28.05 59.36 534 4.044
1634416380 27.88 60.19 518 4.055
1634416440 28.25 59.31 308 4.044
1634416500 28.45 59.46 290 4.039
1634416560 28.5 58.28 278 4.044
1634416620 28.28 58.68 254 4.044
1634416680 27.94 59.06 248 4.044
1634416740 27.44 60.19 242 4.044
1634416800 27.43 61.67 236 4.039
1634416860 27.5 61.34 231 4.049
1634416920 27.34 60.94 225 4.049
1634416980 27.56 60.78 225 4.049
1634417040 27.68 61.27 231 4.049
1634417100 27.85 60.8 225 4.049
1634417160 27.88 61.25 225 4.049
1634417220 27.85 59.8 225 4.049
1634417280 27.7 61.19 231 4.049
1634417340 27.81 60.3 225 4.049
1634417400 27.59 59.25 219 4.049
1634417460 27.32 61.15 225 4.049
1634417520 27.43 61.28 219 4.049
1634417580 27.61 60.94 225 4.049
1634417640 27.78 60.48 237 4.049
1634417700 27.71 60.85 237 4.055
1634417760 27.83 60.61 231 4.049
1634417820 27.85 59.56 286 4.055
1634417880 27.78 58.86 272 4.055
1634417940 27.84 60.03 243 4.049
1634418000 27.67 59.48 231 4.049
1634418060 27.83 59.88 237 4.049
1634418120 27.88 59.13 356 4.055
1634418180 28.05 58.6 374 4.055
1634418240 28.18 58.14 368 4.055
1634418300 28.25 59.36 362 4.055
1634418360 28.18 59.25 368 4.055
1634418420 28.32 57.93 362 4.055
1634418480 28.23 58.35 350 4.055
1634418540 28.29 58.16 344 4.055
1634418600 28.2 59.34 338 4.055
1634418660 28.08 58.23 320 4.055
1634418720 27.76 59.15 308 4.055
1634418780 27.85 60.5 296 4.055
1634418840 27.85 58.79 286 4.055
1634418900 27.64 59.97 274 4.055
1634418960 27.41 60.3 268 4.055
1634419020 27.3 61.2 256 4.055
1634419080 27.32 61.47 243 4.049
1634419140 27.12 60.16 237 4.055
1634419200 26.95 61.78 225 4.055
1634419260 26.83 62.21 219 4.055
1634419320 26.86 62.14 213 4.049
1634419380 26.78 61.28 207 4.049
1634419440 26.75 61.48 171 4.049
1634419500 26.78 61.44 141 4.049
1634419560 26.7 62.57 147 4.049
1634419620 26.7 61.85 124 4.049
1634419680 26.54 61.95 112 4.049
1634419740 26.4 62.7 106 4.049
1634419800 26.27 62.86 94 4.049
1634419860 26.28 63.28 82 4.049
1634419920 26.4 63.82 76 4.049
1634419980 26.31 62.5 70 4.049
1634420040 26.13 63.46 70 4.049
1634420100 26.1 63.27 64 4.049
1634420160 26.02 62.98 58 4.049
1634420220 26.03 64.19 58 4.049
1634420280 26.04 63.56 52 4.049
1634420340 26.03 64.52 52 4.044
1634420400 26.06 63.7 46 4.049
1634420460 26.03 63.44 46 4.049
1634420520 25.92 64.01 46 4.049
1634420580 25.9 64.83 40 4.049
1634420640 25.93 63.8 40 4.049
1634420700 25.86 63.93 40 4.049
1634420760 25.82 63.77 34 4.044
1634420820 25.77 63.56 34 4.049
1634420880 25.76 64.36 34 4.049
1634420940 25.76 64.29 28 4.049
1634421000 25.76 64.45 28 4.049
1634421060 25.75 64.47 28 4.049
1634421120 25.73 64.49 28 4.049
1634421180 25.71 64.81 28 4.049
1634421240 25.68 63.76 22 4.049
1634421300 25.69 65.94 22 4.049
1634421360 25.65 69.21 16 4.049
1634421420 25.52 66.31 16 4.049
1634421480 25.31 68.33 16 4.044
1634421540 25.11 70.59 10 4.049
1634421600 24.95 75.26 10 4.049
1634421660 24.67 76.5 10 4.049
1634421720 24.48 75.66 10 4.049
1634421780 24.42 73.47 10 4.044
1634421840 24.26 77.24 10 4.049
1634421900 23.94 77.26 10 4.049
1634421960 23.74 79.06 4 4.049
1634422020 23.54 81.75 4 4.049
1634422080 23.39 83.3 4 4.049
1634422140 23.34 83.94 4 4.049
1634422200 23.29 84.2 4 4.049
1634422260 23.2 83.56 4 4.049
1634422320 23.24 84.07 4 4.049
1634422380 23.19 85.17 4 4.049
1634422440 23.12 85.87 4 4.049
1634422500 22.92 85.43 4 4.049
1634422560 22.86 85.97 4 4.049
1634422620 22.76 84.87 4 4.049
1634422680 22.66 84.74 4 4.044
1634422740 22.74 86.88 4 4.049
1634422800 22.65 87.9 4 4.049
1634422860 22.57 87.8 4 4.049
1634422920 22.59 88.26 4 4.044
1634422980 22.57 88.55 4 4.044
1634423040 22.57 88.02 4 4.049
1634423100 22.54 88.6 4 4.049
1634423160 22.5 88.47 4 4.049
1634423220 22.35 88.83 0 4.049
1634423280 22.28 90.32 0 4.049
1634423340 22.28 90.44 0 4.049
1634423400 22.23 90.65 0 4.049
1634423460 22.21 91.47 0 4.044
1634423520 22.13 91.42 0 4.044
1634423580 22.11 92.02 0 4.049
1634423640 22.04 92.19 0 4.049
1634423700 22.01 92.22 0 4.049
1634423760 21.95 92.47 0 4.049
1634423820 21.92 93.04 0 4.049
1634423880 21.9 93.42 0 4.044
1634423940 21.93 93.98 0 4.049
1634424000 21.83 93.61 0 4.049
1634424060 21.8 94.01 0 4.049
1634424120 21.71 94.17 0 4.049
1634424180 21.66 94.22 0 4.049
1634424240 21.71 94.39 0 4.049
1634424300 21.68 94.58 0 4.049
1634424360 21.79 94.69 0 4.049
1634424420 21.65 94.46 0 4.044
1634424480 21.63 94.58 0 4.044
1634424540 21.62 94.91 0 4.044
1634424600 21.71 95.05 0 4.049
1634424660 21.69 95.4 0 4.044
1634424720 21.68 95.5 0 4.049
1634424780 21.66 95.63 0 4.049
1634424840 21.58 95.5 0 4.044
1634424900 21.52 95.57 0 4.049
1634424960 21.53 95.88 0 4.049
1634425020 21.52 95.86 0 4.049
1634425080 21.41 95.24 0 4.049
1634425140 21.38 95.4 0 4.044
1634425200 21.41 95.7 0 4.049
1634425260 21.44 95.95 0 4.044
1634425320 21.42 96.11 0 4.049
1634425380 21.41 96.25 0 4.049
1634425440 21.39 96.36 0 4.044
1634425500 21.45 96.6 0 4.049
1634425560 21.39 96.41 0 4.044
1634425620 21.32 96.47 0 4.044
1634425680 21.42 96.94 0 4.049
1634425740 21.52 96.94 0 4.049
1634425800 21.45 96.57 0 4.049
1634425860 21.45 96.73 0 4.049
1634425920 21.45 96.62 0 4.044
1634425980 21.46 96.85 0 4.049
1634426040 21.55 97.02 0 4.049
1634426100 21.53 96.95 0 4.049
1634426160 21.46 96.77 0 4.049
1634426220 21.58 97.17 0 4.049
1634426280 21.62 97.21 0 4.044
1634426340 21.52 97 0 4.049
1634426400 21.52 97.03 0 4.044
1634426460 21.49 97.2 0 4.044
1634426520 21.53 97.38 0 4.044
1634426580 21.52 97.39 0 4.049
1634426640 21.46 97.3 0 4.044
1634426700 21.46 97.43 0 4.044
1634426760 21.5 97.51 0 4.049
1634426820 21.38 97.26 0 4.044
1634426880 21.34 97.31 0 4.049
1634426940 21.41 97.5 0 4.044
1634427000 21.38 97.53 0 4.044
1634427060 21.38 97.6 0 4.044
1634427120 21.37 97.49 0 4.049
1634427180 21.32 97.48 0 4.049
1634427240 21.39 97.64 0 4.044
1634427300 21.35 97.53 0 4.044
1634427360 21.28 97.37 0 4.044
1634427420 21.21 97.25 0 4.049
1634427480 21.25 97.5 0 4.049
1634427540 21.34 97.74 0 4.049
1634427600 21.41 97.81 0 4.044
1634427660 21.44 97.82 0 4.049
1634427720 21.38 97.69 0 4.044
1634427780 21.27 97.5 0 4.044
1634427840 21.29 97.65 0 4.044
1634427900 21.28 97.63 0 4.049
1634427960 21.31 97.79 0 4.049
1634428020 21.32 97.73 0 4.049
1634428080 21.38 97.94 0 4.044
1634428140 21.38 97.83 0 4.044
1634428200 21.34 97.82 0 4.044
1634428260 21.35 97.92 0 4.044
1634428320 21.32 97.9 0 4.044
1634428380 21.32 97.89 0 4.044
1634428440 21.38 97.94 0 4.044
1634428500 21.42 98.07 0 4.044
1634428560 21.46 98.06 0 4.044
1634428620 21.45 97.92 0 4.044
1634428680 21.38 97.86 0 4.044
1634428740 21.38 97.83 0 4.044
1634428800 21.15 96.96 0 4.044
1634428860 21 96.88 0 4.049
1634428920 21.05 97.09 0 4.044
1634428980 21.12 97.4 0 4.044
1634429040 21.21 97.49 0 4.044
1634429100 21.22 97.48 0 4.044
1634429160 21.17 97.22 0 4.044
1634429220 21.18 97.45 0 4.044
1634429280 21.22 97.53 0 4.044
1634429340 21.22 97.5 0 4.049
1634429400 21.25 97.61 0 4.049
1634429460 21.29 97.7 0 4.044
1634429520 21.34 97.67 0 4.044
1634429580 21.31 97.62 0 4.044
1634429640 21.24 97.51 0 4.044
1634429700 21.2 97.53 0 4.044
1634429760 21.25 97.66 0 4.044
1634429820 21.27 97.74 0 4.044
1634429880 21.37 97.82 0 4.044
1634429940 21.29 97.56 0 4.044
1634430000 21.2 97.37 0 4.049
1634430060 21.21 97.39 0 4.044
1634430120 21.12 97.34 0 4.044
1634430180 21.14 97.3 0 4.044
1634430240 21.18 97.43 0 4.044
1634430300 21.18 97.39 0 4.044
1634430360 21.21 97.52 0 4.044
1634430420 21.18 97.33 0 4.044
1634430480 21.27 97.63 0 4.044
1634430540 21.21 97.26 0 4.044
1634430600 21.22 97.35 0 4.044
1634430660 21.28 97.42 0 4.049
1634430720 21.35 97.52 0 4.044
1634430780 21.34 97.41 0 4.049
1634430840 21.35 97.43 0 4.044
1634430900 21.29 97.3 0 4.044
1634430960 21.31 97.22 0 4.044
1634431020 21.28 97.1 0 4.044
1634431080 21.31 97.07 0 4.044
1634431140 21.31 97.06 0 4.044
1634431200 21.32 97.18 0 4.044
1634431260 21.39 97.35 0 4.044
1634431320 21.35 97.37 0 4.044
1634431380 21.38 97.45 0 4.049
1634431440 21.38 97.54 0 4.044
1634431500 21.34 97.38 0 4.044
1634431560 21.25 96.96 0 4.044
1634431620 21.25 97.08 0 4.044
1634431680 21.28 97.16 0 4.044
1634431740 21.34 97.32 0 4.044
1634431800 21.29 97.12 0 4.044
1634431860 21.25 96.94 0 4.044
1634431920 21.2 96.84 0 4.044
1634431980 21.18 96.77 0 4.044
1634432040 21.2 96.8 0 4.044
1634432100 21.2 96.83 0 4.044
1634432160 21.15 96.65 0 4.044
1634432220 21.18 96.66 0 4.044
1634432280 21.12 96.22 0 4.044
1634432340 21.14 96.46 0 4.044
1634432400 21.08 95.87 0 4.044
1634432460 21.01 95.58 0 4.044
1634432520 21.08 95.92 0 4.044
1634432580 21 95.28 0 4.044
1634432640 21.01 95.45 0 4.044
1634432700 21.07 95.72 0 4.044
1634432760 21.14 96.16 0 4.039
1634432820 21.1 96.18 0 4.044
1634432880 21.12 96.39 0 4.044
1634432940 21.15 96.54 0 4.044
1634433000 21.01 95.98 0 4.044
1634433060 21.01 95.66 0 4.044
1634433120 21.01 95.13 0 4.044
1634433180 21.05 95.18 0 4.044
1634433240 21.07 94.62 0 4.044
1634433300 21.11 94.49 0 4.044
1634433360 21.11 94.53 0 4.044
1634433420 21.08 94.68 0 4.044
1634433480 21.1 95.09 0 4.044
1634433540 21.02 95.3 0 4.044
1634433600 20.97 95.46 0 4.044
1634433660 20.97 95.55 0 4.044
1634433720 20.91 95.46 0 4.044
1634433780 20.98 95.59 0 4.039
1634433840 20.95 94.87 0 4.044
1634433900 20.89 93.96 0 4.044
1634433960 20.91 93.42 0 4.044
1634434020 20.91 93.05 0 4.044
1634434080 20.94 92.91 0 4.044
1634434140 20.91 92.95 0 4.044
1634434200 20.89 93.11 0 4.044
1634434260 20.89 92.54 0 4.044
1634434320 20.98 92.87 0 4.044
1634434380 20.87 91.7 0 4.044
1634434440 20.98 90.9 0 4.044
1634434500 21.04 91.67 0 4.044
1634434560 20.95 92.45 0 4.044
1634434620 20.95 92.35 0 4.044
1634434680 20.9 91.92 0 4.044
1634434740 20.91 92.53 0 4.039
1634434800 20.94 92 0 4.044
1634434860 20.95 92.62 0 4.044
1634434920 20.9 92.49 0 4.044
1634434980 20.95 92.7 0 4.044
1634435040 20.89 92.93 0 4.044
1634435100 20.8 92.9 0 4.044
1634435160 20.83 93.01 0 4.044
1634435220 20.81 92.23 0 4.044
1634435280 20.86 91.86 0 4.039
1634435340 20.87 91.17 0 4.044
1634435400 20.97 90.02 0 4.044
1634435460 21.05 89.5 0 4.044
1634435520 21 90.55 0 4.044
1634435580 21.01 90.83 0 4.039
1634435640 20.94 90.31 0 4.044
1634435700 20.91 90.11 0 4.044
1634435760 20.94 90.19 0 4.044
1634435820 20.93 91.09 0 4.044
1634435880 20.86 91.28 0 4.039
1634435940 20.86 91.94 0 4.044
1634436000 20.87 92.17 0 4.044
1634436060 21.01 91.85 0 4.044
1634436120 21.07 91.23 0 4.044
1634436180 21.11 91.34 0 4.044
1634436240 21.07 92.03 0 4.039
1634436300 21 92.14 0 4.044
1634436360 21.01 92.58 0 4.044
1634436420 21 92.6 0 4.044
1634436480 21 92.89 0 4.044
1634436540 20.97 92.47 0 4.044
1634436600 20.95 92.93 0 4.039
1634436660 20.94 92.75 0 4.044
1634436720 20.94 93.01 0 4.044
1634436780 20.91 93.2 0 4.044
1634436840 20.84 93.24 0 4.044
1634436900 20.81 93.38 0 4.044
1634436960 20.77 93.36 0 4.044
1634437020 20.77 93.04 0 4.044
1634437080 20.79 93.12 0 4.039
1634437140 20.74 93.21 0 4.044
1634437200 20.74 93.04 0 4.039
1634437260 20.73 93.05 0 4.044
1634437320 20.73 93.2 0 4.044
1634437380 20.69 93.04 0 4.039
1634437440 20.76 92.92 0 4.039
1634437500 20.7 93.09 0 4.044
1634437560 20.73 93.55 0 4.044
1634437620 20.73 93.92 0 4.044
1634437680 20.69 94.07 0 4.044
1634437740 20.63 92.78 0 4.039
1634437800 20.7 92.37 0 4.039
1634437860 20.67 92.37 0 4.044
1634437920 20.74 91.96 0 4.039
1634437980 20.74 92.81 0 4.044
1634438040 20.71 92.13 0 4.039
1634438100 20.71 92.24 0 4.044
1634438160 20.71 92.24 0 4.039
1634438220 20.7 93.15 0 4.044
1634438280 20.63 93.59 0 4.044
1634438340 20.63 93.96 0 4.044
1634438400 20.57 94.2 0 4.039
1634438460 20.6 94.35 0 4.044
1634438520 20.65 94.7 0 4.039
1634438580 20.54 93.85 0 4.044
1634438640 20.53 94.03 0 4.039
1634438700 20.49 94.21 0 4.039
1634438760 20.5 94.56 0 4.039
1634438820 20.46 94.72 0 4.039
1634438880 20.46 95.11 0 4.039
1634438940 20.44 94.95 0 4.044
1634439000 20.39 94.89 0 4.044
1634439060 20.38 95.03 0 4.039
1634439120 20.43 95.26 0 4.044
1634439180 20.46 94.96 0 4.044
1634439240 20.43 95.06 0 4.044
1634439300 20.42 95.16 0 4.044
1634439360 20.42 95.42 0 4.039
1634439420 20.4 95.48 0 4.044
1634439480 20.39 95.76 0 4.039
1634439540 20.43 95.86 0 4.044
1634439600 20.36 95.61 0 4.039
1634439660 20.32 95.66 0 4.044
1634439720 20.35 95.92 0 4.039
1634439780 20.28 95.76 0 4.039
1634439840 20.28 95.98 0 4.039
1634439900 20.26 96.09 0 4.039
1634439960 20.25 96.06 0 4.039
1634440020 20.28 95.91 0 4.039
1634440080 20.29 95.75 0 4.039
1634440140 20.31 95.75 0 4.044
1634440200 20.28 95.87 0 4.044
1634440260 20.28 95.72 0 4.044
1634440320 20.28 95.79 0 4.039
1634440380 20.39 96.18 0 4.039
1634440440 20.33 95.62 0 4.039
1634440500 20.31 95.77 0 4.044
1634440560 20.32 96 0 4.039
1634440620 20.32 96.03 0 4.044
1634440680 20.26 96.11 0 4.039
1634440740 20.23 96.14 0 4.039
1634440800 20.21 96.14 0 4.039
1634440860 20.21 96.23 0 4.039
1634440920 20.21 96.13 0 4.039
1634440980 20.19 96.07 0 4.039
1634441040 20.21 96.04 0 4.039
1634441100 20.18 96.13 0 4.039
1634441160 20.14 96.14 0 4.039
1634441220 20.12 95.95 0 4.039
1634441280 20.09 96.07 0 4.039
1634441340 20.08 96.24 0 4.039
1634441400 20.08 96.01 0 4.039
1634441460 20.04 96.06 0 4.039
1634441520 20.11 96.08 0 4.044
1634441580 20.05 95.86 0 4.039
1634441640 20.07 95.77 0 4.039
1634441700 20.08 95.69 0 4.039
1634441760 20.09 95.58 0 4.039
1634441820 20.05 95.53 0 4.039
1634441880 20.05 95.61 0 4.039
1634441940 20.01 95.35 0 4.039
1634442000 19.98 95.12 0 4.039
1634442060 20.09 95.57 0 4.039
1634442120 20.07 95.48 0 4.044
1634442180 20.07 95.63 0 4.044
1634442240 20.07 95.71 0 4.044
1634442300 20.07 95.8 0 4.044
1634442360 20.05 95.89 0 4.039
1634442420 20.04 96.02 0 4.039
1634442480 20.04 96.19 0 4.039
1634442540 20.04 96.41 0 4.039
1634442600 19.99 96.18 0 4.039
1634442660 20.01 96.27 0 4.039
1634442720 19.96 96.25 0 4.039
1634442780 19.95 96.17 0 4.039
1634442840 19.91 96.18 0 4.039
1634442900 19.94 96.28 0 4.039
1634442960 19.98 96.34 0 4.039
1634443020 19.99 96.42 0 4.039
1634443080 20.02 96.51 0 4.039
1634443140 19.96 96.52 0 4.039
1634443200 19.96 96.41 0 4.039
1634443260 20.01 96.31 0 4.039
1634443320 20.02 96.1 0 4.039
1634443380 20.02 96.15 0 4.039
1634443440 20.04 96.24 0 4.039
1634443500 20.01 96.37 0 4.039
1634443560 19.99 96.13 0 4.039
1634443620 20.04 95.74 0 4.039
1634443680 20.09 95.75 0 4.039
1634443740 20.07 95.69 0 4.039
1634443800 20.05 95.79 0 4.039
1634443860 20.08 95.83 0 4.039
1634443920 20.07 95.8 0 4.039
1634443980 20.08 96.01 0 4.039
1634444040 20.08 96.22 0 4.039
1634444100 20.02 96.1 0 4.039
1634444160 20.04 96.24 0 4.039
1634444220 20.07 96.2 0 4.039
1634444280 20.09 95.92 0 4.039
1634444340 20.14 96.29 0 4.039
1634444400 20.15 96.1 0 4.039
1634444460 20.15 96.23 0 4.039
1634444520 20.18 95.96 0 4.039
1634444580 20.15 95.82 0 4.033
1634444640 20.08 95.23 0 4.039
1634444700 20.08 94.99 0 4.039
1634444760 20.18 95.05 0 4.039
1634444820 20.21 95.27 0 4.039
1634444880 20.15 95.21 0 4.039
1634444940 20.01 95.28 0 4.039
1634445000 19.92 95.39 0 4.039
1634445060 19.92 95.64 0 4.039
1634445120 19.87 95.53 0 4.039
1634445180 19.87 95.55 0 4.039
1634445240 19.84 95.72 0 4.039
1634445300 19.85 95.98 0 4.039
1634445360 19.84 95.97 0 4.039
1634445420 19.89 96.38 0 4.039
1634445480 19.88 96.29 0 4.039
1634445540 19.87 96.32 0 4.039
1634445600 19.81 96.2 0 4.039
1634445660 19.75 96.27 0 4.039
1634445720 19.75 96.35 0 4.039
1634445780 19.7 96.35 0 4.039
1634445840 19.7 96.5 0 4.039
1634445900 19.65 96.4 0 4.039
1634445960 19.61 96.72 0 4.039
1634446020 19.6 96.7 0 4.039
1634446080 19.65 97.02 0 4.039
1634446140 19.68 97.07 0 4.039
1634446200 19.73 97.24 0 4.039
1634446260 19.77 97.12 0 4.039
1634446320 19.78 96.95 0 4.039
1634446380 19.8 96.85 0 4.039
1634446440 19.74 96.6 0 4.039
1634446500 19.77 96.44 0 4.033
1634446560 19.78 96.42 0 4.039
1634446620 19.78 96.19 0 4.039
1634446680 19.71 95.98 0 4.039
1634446740 19.77 96.3 0 4.039
