1641618000 20.18 85.89 0 4.071
1641618060 20.16 85.96 0 4.071
1641618120 20.17 85.96 0 4.071
1641618180 20.17 86 0 4.071
1641618240 20.16 86.04 0 4.065
1641618300 20.13 86.09 0 4.065
1641618360 20.13 86.09 0 4.065
1641618420 20.14 86.14 0 4.065
1641618480 20.08 86.13 0 4.071
1641618540 20.14 86.07 0 4.065
1641618600 20.16 86.07 0 4.065
1641618660 20.18 86.09 0 4.065
1641618720 20.16 86.12 0 4.071
1641618780 20.17 86.11 0 4.065
1641618840 20.16 86.12 0 4.065
1641618900 20.2 86.09 0 4.065
1641618960 20.14 86.04 0 4.065
1641619020 20.14 85.97 0 4.065
1641619080 20.18 85.86 0 4.065
1641619140 20.17 85.77 0 4.065
1641619200 20.2 85.72 0 4.065
1641619260 20.21 85.66 0 4.071
1641619320 20.21 85.63 0 4.065
1641619380 20.2 85.64 0 4.065
1641619440 20.21 85.62 0 4.065
1641619500 20.17 85.63 0 4.065
1641619560 20.14 85.6 0 4.065
1641619620 20.16 85.63 0 4.065
1641619680 20.11 85.68 0 4.065
1641619740 20.06 85.64 0 4.065
1641619800 20.07 85.66 0 4.065
1641619860 20.06 85.68 0 4.065
1641619920 20.07 85.69 0 4.065
1641619980 20.03 85.69 0 4.065
1641620040 20.01 85.7 0 4.065
1641620100 20.04 85.71 0 4.065
1641620160 20.01 85.66 0 4.065
1641620220 20.03 85.63 0 4.065
1641620280 20.07 85.56 0 4.065
1641620340 20.07 85.48 0 4.065
1641620400 20.11 85.4 0 4.065
1641620460 20.13 85.29 0 4.065
1641620520 20.16 85.15 0 4.065
1641620580 20.2 85.06 0 4.065
1641620640 20.21 84.94 0 4.065
1641620700 20.24 84.83 0 4.065
1641620760 20.26 84.74 0 4.065
1641620820 20.31 84.67 0 4.065
1641620880 20.28 84.54 0 4.065
1641620940 20.34 84.49 0 4.065
1641621000 20.32 84.39 0 4.065
1641621060 20.37 84.37 0 4.065
1641621120 20.38 84.33 0 4.065
1641621180 20.37 84.27 0 4.065
1641621240 20.38 84.19 0 4.065
1641621300 20.39 84.12 0 4.065
1641621360 20.42 84.04 0 4.065
1641621420 20.47 83.98 0 4.065
1641621480 20.49 83.9 0 4.065
1641621540 20.49 83.82 0 4.071
1641621600 20.58 83.82 0 4.065
1641621660 20.56 83.72 0 4.065
1641621720 20.56 83.66 0 4.065
1641621780 20.55 83.6 0 4.065
1641621840 20.59 83.53 0 4.065
1641621900 20.61 83.49 0 4.065
1641621960 20.61 83.42 0 4.065
1641622020 20.61 83.36 0 4.065
1641622080 20.62 83.28 0 4.065
1641622140 20.64 83.16 0 4.065
1641622200 20.62 83.16 0 4.065
1641622260 20.62 83.05 0 4.065
1641622320 20.64 82.96 0 4.065
1641622380 20.64 82.87 0 4.065
1641622440 20.65 82.74 0 4.065
1641622500 20.71 82.64 0 4.065
1641622560 20.71 82.5 0 4.065
1641622620 20.71 82.41 0 4.065
1641622680 20.72 82.33 0 4.065
1641622740 20.75 82.21 0 4.065
1641622800 20.77 82.11 0 4.065
1641622860 20.77 82.02 0 4.065
1641622920 20.77 81.92 0 4.065
1641622980 20.78 81.82 0 4.065
1641623040 20.74 81.76 0 4.065
1641623100 20.75 81.65 0 4.065
1641623160 20.75 81.62 0 4.065
1641623220 20.74 81.6 0 4.065
1641623280 20.74 81.59 0 4.065
1641623340 20.74 81.55 0 4.065
1641623400 20.74 81.6 0 4.065
1641623460 20.68 81.64 0 4.065
1641623520 20.67 81.71 0 4.065
1641623580 20.61 81.75 0 4.065
1641623640 20.58 81.82 0 4.065
1641623700 20.55 81.88 0 4.065
1641623760 20.48 81.92 0 4.065
1641623820 20.51 81.98 0 4.065
1641623880 20.45 82.03 0 4.065
1641623940 20.42 82.12 0 4.065
1641624000 20.41 82.18 0 4.065
1641624060 20.38 82.24 0 4.065
1641624120 20.32 82.34 0 4.065
1641624180 20.32 82.4 0 4.06
1641624240 20.32 82.54 0 4.065
1641624300 20.27 82.65 0 4.065
1641624360 20.27 82.74 0 4.065
1641624420 20.24 82.89 0 4.065
1641624480 20.23 83.02 0 4.065
1641624540 20.21 83.16 0 4.065
1641624600 20.18 83.28 0 4.065
1641624660 20.14 83.4 0 4.06
1641624720 20.13 83.53 0 4.065
1641624780 20.08 83.66 0 4.06
1641624840 20.07 83.77 0 4.065
1641624900 20.01 83.84 0 4.065
1641624960 19.98 83.93 0 4.065
1641625020 19.97 84.06 0 4.065
1641625080 19.96 84.14 0 4.065
1641625140 19.96 84.23 0 4.065
1641625200 19.94 84.33 0 4.06
1641625260 19.94 84.41 0 4.065
1641625320 19.97 84.5 0 4.065
1641625380 19.94 84.61 0 4.065
1641625440 20 84.75 0 4.065
1641625500 19.94 84.87 0 4.06
1641625560 19.9 84.98 0 4.065
1641625620 19.88 85.01 0 4.065
1641625680 19.88 85.14 0 4.065
1641625740 19.87 85.24 0 4.065
1641625800 19.88 85.32 0 4.065
1641625860 19.9 85.48 0 4.065
1641625920 19.9 85.6 0 4.06
1641625980 19.88 85.7 0 4.065
1641626040 19.87 85.84 0 4.065
1641626100 19.83 85.97 0 4.06
1641626160 19.83 86.1 0 4.065
1641626220 19.8 86.2 0 4.065
1641626280 19.81 86.32 0 4.065
1641626340 19.76 86.38 0 4.065
1641626400 19.74 86.46 0 4.06
1641626460 19.73 86.54 0 4.06
1641626520 19.7 86.64 0 4.06
1641626580 19.67 86.75 0 4.06
1641626640 19.64 86.75 0 4.065
1641626700 19.64 86.87 0 4.065
1641626760 19.6 86.95 0 4.065
1641626820 19.59 87.04 0 4.065
1641626880 19.57 87.11 0 4.065
1641626940 19.53 87.15 0 4.06
1641627000 19.52 87.26 0 4.06
1641627060 19.52 87.36 0 4.06
1641627120 19.5 87.42 0 4.065
1641627180 19.49 87.5 0 4.06
1641627240 19.49 87.59 0 4.06
1641627300 19.5 87.7 0 4.06
1641627360 19.48 87.78 0 4.06
1641627420 19.48 87.84 0 4.065
1641627480 19.46 87.93 0 4.065
1641627540 19.45 88 0 4.06
1641627600 19.43 88.13 0 4.065
1641627660 19.42 88.17 0 4.065
1641627720 19.39 88.27 0 4.06
1641627780 19.36 88.37 0 4.065
1641627840 19.37 88.39 0 4.065
1641627900 19.36 88.47 0 4.065
1641627960 19.36 88.56 0 4.065
1641628020 19.37 88.64 0 4.065
1641628080 19.32 88.69 0 4.065
1641628140 19.3 88.73 0 4.065
1641628200 19.3 88.81 0 4.06
1641628260 19.28 88.88 0 4.06
1641628320 19.25 88.98 0 4.065
1641628380 19.25 89.01 0 4.06
1641628440 19.23 89.08 0 4.06
1641628500 19.23 89.14 0 4.065
1641628560 19.23 89.22 0 4.06
1641628620 19.21 89.26 0 4.06
1641628680 19.19 89.35 0 4.06
1641628740 19.15 89.32 0 4.06
1641628800 19.12 89.41 0 4.06
1641628860 19.12 89.44 0 4.06
1641628920 19.11 89.52 0 4.06
1641628980 19.12 89.54 0 4.06
1641629040 19.11 89.61 0 4.065
1641629100 19.09 89.61 0 4.06
1641629160 19.09 89.69 0 4.055
1641629220 19.08 89.7 0 4.06
1641629280 19.05 89.73 0 4.06
1641629340 19.11 89.78 0 4.06
1641629400 19.06 89.84 0 4.06
1641629460 19.03 89.84 0 4.06
1641629520 19.02 89.88 0 4.065
1641629580 19.03 89.92 0 4.06
1641629640 19.01 89.99 0 4.06
1641629700 19.02 89.99 0 4.06
1641629760 19.02 90.06 0 4.06
1641629820 19.03 90.08 0 4.065
1641629880 19.05 90.07 0 4.06
1641629940 19.05 90.11 0 4.065
1641630000 19.02 90.11 0 4.055
1641630060 19.02 90.13 0 4.06
1641630120 19.02 90.15 0 4.065
1641630180 19.02 90.15 0 4.06
1641630240 19.06 90.15 0 4.06
1641630300 19.05 90.17 0 4.065
1641630360 19.03 90.15 0 4.06
1641630420 19.06 90.18 0 4.065
1641630480 19.09 90.14 0 4.06
1641630540 19.11 90.16 0 4.06
1641630600 19.13 90.15 0 4.06
1641630660 19.11 90.1 0 4.06
1641630720 19.12 90.07 0 4.065
1641630780 19.11 90.04 0 4.06
1641630840 19.09 90.05 0 4.06
1641630900 19.09 90.05 0 4.055
1641630960 19.09 90 0 4.06
1641631020 19.08 90 0 4.06
1641631080 19.09 90.01 0 4.06
1641631140 19.02 89.96 0 4.06
1641631200 19.03 89.97 0 4.06
1641631260 19.03 89.97 0 4.06
1641631320 19.02 89.94 0 4.06
1641631380 19.02 89.96 0 4.065
1641631440 19.02 89.93 0 4.06
1641631500 19.05 89.95 0 4.06
1641631560 19.01 89.94 0 4.06
1641631620 18.99 89.93 0 4.06
1641631680 18.97 89.93 0 4.055
1641631740 18.94 89.89 0 4.06
1641631800 18.94 89.95 0 4.06
1641631860 18.94 89.96 0 4.06
1641631920 18.88 89.99 0 4.06
1641631980 18.91 89.95 0 4.06
1641632040 18.9 89.95 0 4.06
1641632100 18.88 89.98 0 4.06
1641632160 18.9 89.99 0 4.06
1641632220 18.85 89.98 0 4.06
1641632280 18.84 90 0 4.06
1641632340 18.82 90.03 0 4.06
1641632400 18.84 90.03 0 4.06
1641632460 18.81 90.01 0 4.06
1641632520 18.79 90.11 0 4.06
1641632580 18.77 90.11 0 4.06
1641632640 18.74 90.09 0 4.06
1641632700 18.75 90.13 0 4.055
1641632760 18.77 90.13 0 4.06
1641632820 18.81 90.13 0 4.055
1641632880 18.79 90.13 0 4.06
1641632940 18.78 90.12 0 4.06
1641633000 18.81 90.14 0 4.06
1641633060 18.82 90.14 0 4.06
1641633120 18.81 90.17 0 4.06
1641633180 18.82 90.15 0 4.06
1641633240 18.85 90.16 0 4.06
1641633300 18.82 90.1 0 4.06
1641633360 18.85 90.12 0 4.055
1641633420 18.85 90.06 0 4.06
1641633480 18.85 90.08 0 4.06
1641633540 18.88 90.04 0 4.06
1641633600 18.85 90.06 0 4.055
1641633660 18.9 89.99 0 4.06
1641633720 18.9 89.96 0 4.055
1641633780 18.88 89.94 0 4.06
1641633840 18.9 89.94 0 4.06
1641633900 18.87 89.87 0 4.06
1641633960 18.85 89.89 0 4.06
1641634020 18.84 89.86 0 4.06
1641634080 18.85 89.84 0 4.06
1641634140 18.87 89.81 0 4.06
1641634200 18.87 89.81 0 4.06
1641634260 18.85 89.83 0 4.06
1641634320 18.84 89.78 0 4.06
1641634380 18.81 89.78 0 4.06
1641634440 18.79 89.77 0 4.055
1641634500 18.78 89.76 0 4.055
1641634560 18.77 89.73 0 4.055
1641634620 18.77 89.68 0 4.055
1641634680 18.75 89.71 0 4.06
1641634740 18.75 89.69 0 4.06
1641634800 18.79 89.66 0 4.06
1641634860 18.81 89.63 0 4.06
1641634920 18.87 89.61 0 4.06
1641634980 18.87 89.55 0 4.055
1641635040 18.85 89.49 0 4.055
1641635100 18.91 89.46 0 4.06
1641635160 18.92 89.37 0 4.06
1641635220 18.91 89.33 0 4.06
1641635280 18.97 89.25 0 4.06
1641635340 18.95 89.21 0 4.06
1641635400 18.94 89.15 0 4.055
1641635460 18.92 89.02 0 4.06
1641635520 18.95 88.98 0 4.055
1641635580 18.94 88.88 0 4.055
1641635640 18.92 88.8 0 4.055
1641635700 18.94 88.72 0 4.06
1641635760 18.92 88.63 0 4.06
1641635820 18.92 88.53 0 4.06
1641635880 18.94 88.45 0 4.06
1641635940 18.9 88.32 0 4.055
1641636000 18.9 88.23 0 4.06
1641636060 18.9 88.13 0 4.06
1641636120 18.91 87.99 0 4.06
1641636180 18.95 87.89 0 4.06
1641636240 18.95 87.83 0 4.06
1641636300 18.94 87.75 0 4.06
1641636360 18.95 87.69 0 4.055
1641636420 18.94 87.58 0 4.055
1641636480 18.97 87.53 0 4.06
1641636540 18.97 87.43 0 4.06
1641636600 18.97 87.41 0 4.06
1641636660 18.97 87.38 0 4.06
1641636720 18.95 87.35 0 4.06
1641636780 19.01 87.28 0 4.06
1641636840 18.99 87.29 0 4.055
1641636900 18.97 87.21 0 4.06
1641636960 19.01 87.15 0 4.06
1641637020 19.02 87.14 0 4.055
1641637080 19.05 87.13 0 4.055
1641637140 19.09 87.14 0 4.055
1641637200 19.06 87.06 0 4.055
1641637260 19.09 87.11 0 4.055
1641637320 19.09 87.13 0 4.055
1641637380 19.08 87.14 0 4.055
1641637440 19.12 87.19 0 4.055
1641637500 19.15 87.26 0 4.055
1641637560 19.12 87.22 0 4.06
1641637620 19.15 87.3 0 4.055
1641637680 19.12 87.3 0 4.055
1641637740 19.12 87.37 0 4.055
1641637800 19.12 87.41 0 4.055
1641637860 19.11 87.43 0 4.055
1641637920 19.15 87.46 0 4.055
1641637980 19.15 87.51 0 4.06
1641638040 19.15 87.5 0 4.055
1641638100 19.16 87.54 0 4.055
1641638160 19.16 87.56 0 4.055
1641638220 19.16 87.58 0 4.055
1641638280 19.19 87.58 0 4.055
1641638340 19.22 87.59 0 4.055
1641638400 19.19 87.56 0 4.055
1641638460 19.23 87.57 0 4.055
1641638520 19.23 87.58 0 4.055
1641638580 19.25 87.58 0 4.055
1641638640 19.23 87.59 0 4.055
1641638700 19.23 87.59 0 4.055
1641638760 19.23 87.61 0 4.055
1641638820 19.25 87.61 0 4.055
1641638880 19.25 87.65 0 4.055
1641638940 19.25 87.66 0 4.055
1641639000 19.25 87.7 0 4.055
1641639060 19.25 87.73 0 4.055
1641639120 19.25 87.72 0 4.055
1641639180 19.25 87.69 0 4.055
1641639240 19.26 87.73 0 4.055
1641639300 19.26 87.73 0 4.055
1641639360 19.29 87.75 0 4.055
1641639420 19.28 87.75 0 4.055
1641639480 19.29 87.77 0 4.055
1641639540 19.33 87.77 0 4.055
1641639600 19.32 87.79 0 4.055
1641639660 19.35 87.79 0 4.055
1641639720 19.35 87.83 0 4.055
1641639780 19.37 87.82 0 4.055
1641639840 19.37 87.84 0 4.055
1641639900 19.39 87.86 0 4.055
1641639960 19.4 87.83 0 4.055
1641640020 19.42 87.82 0 4.055
1641640080 19.46 87.84 0 4.055
1641640140 19.43 87.81 0 4.055
1641640200 19.46 87.82 4 4.055
1641640260 19.48 87.8 0 4.055
1641640320 19.52 87.8 0 4.055
1641640380 19.5 87.76 4 4.055
1641640440 19.49 87.76 4 4.055
1641640500 19.52 87.78 4 4.055
1641640560 19.55 87.79 4 4.055
1641640620 19.53 87.77 4 4.055
1641640680 19.53 87.76 4 4.055
1641640740 19.55 87.82 4 4.055
1641640800 19.55 87.79 4 4.049
1641640860 19.56 87.81 4 4.055
1641640920 19.53 87.85 4 4.055
1641640980 19.56 87.84 4 4.055
1641641040 19.56 87.89 10 4.055
1641641100 19.56 87.9 10 4.055
1641641160 19.56 87.94 10 4.055
1641641220 19.55 87.94 10 4.055
1641641280 19.56 87.94 10 4.055
1641641340 19.56 87.94 10 4.055
1641641400 19.57 87.99 10 4.055
1641641460 19.56 87.97 10 4.055
1641641520 19.52 87.99 10 4.055
1641641580 19.55 87.96 10 4.055
1641641640 19.57 87.95 10 4.055
1641641700 19.59 87.89 10 4.049
1641641760 19.57 87.9 16 4.049
1641641820 19.6 87.86 16 4.055
1641641880 19.66 87.81 16 4.055
1641641940 19.66 87.8 16 4.055
1641642000 19.67 87.78 16 4.055
1641642060 19.67 87.77 16 4.049
1641642120 19.69 87.72 16 4.055
1641642180 19.72 87.69 16 4.049
1641642240 19.72 87.67 16 4.055
1641642300 19.73 87.64 16 4.055
1641642360 19.74 87.62 16 4.055
1641642420 19.74 87.65 22 4.055
1641642480 19.77 87.61 16 4.055
1641642540 19.77 87.6 16 4.055
1641642600 19.79 87.59 22 4.055
1641642660 19.77 87.62 22 4.055
1641642720 19.77 87.65 22 4.055
1641642780 19.8 87.62 22 4.055
1641642840 19.8 87.6 22 4.055
1641642900 19.81 87.61 22 4.055
1641642960 19.77 87.62 22 4.055
1641643020 19.79 87.63 28 4.055
1641643080 19.77 87.63 28 4.055
1641643140 19.8 87.67 28 4.049
1641643200 19.79 87.64 28 4.055
1641643260 19.8 87.68 28 4.055
1641643320 19.77 87.67 28 4.055
1641643380 19.79 87.72 28 4.055
1641643440 19.8 87.74 28 4.055
1641643500 19.77 87.74 28 4.049
1641643560 19.77 87.74 22 4.055
1641643620 19.76 87.74 22 4.055
1641643680 19.77 87.74 22 4.055
1641643740 19.8 87.78 22 4.055
1641643800 19.83 87.76 22 4.049
1641643860 19.83 87.77 28 4.049
1641643920 19.83 87.77 22 4.049
1641643980 19.83 87.8 22 4.055
1641644040 19.81 87.84 22 4.049
1641644100 19.8 87.88 28 4.049
1641644160 19.79 87.91 28 4.055
1641644220 19.76 87.97 22 4.055
1641644280 19.77 87.96 28 4.055
1641644340 19.76 87.98 22 4.049
1641644400 19.8 88 28 4.049
1641644460 19.76 88.04 28 4.055
1641644520 19.77 88.07 28 4.055
1641644580 19.76 88.08 28 4.055
1641644640 19.76 88.08 28 4.049
1641644700 19.76 88.14 28 4.055
1641644760 19.76 88.14 28 4.055
1641644820 19.77 88.19 28 4.055
1641644880 19.76 88.19 34 4.055
1641644940 19.79 88.26 34 4.055
1641645000 19.81 88.29 34 4.055
1641645060 19.84 88.3 34 4.055
1641645120 19.86 88.29 34 4.049
1641645180 19.88 88.29 34 4.049
1641645240 19.88 88.27 34 4.055
1641645300 19.91 88.29 40 4.055
1641645360 19.88 88.29 40 4.049
1641645420 19.94 88.32 52 4.049
1641645480 19.96 88.28 52 4.049
1641645540 19.94 88.29 58 4.055
1641645600 20.04 88.23 64 4.049
1641645660 20.04 88.22 76 4.049
1641645720 20.11 88.09 82 4.055
1641645780 20.17 88.04 82 4.055
1641645840 20.3 87.98 82 4.055
1641645900 20.35 87.89 82 4.055
1641645960 20.44 87.82 88 4.055
1641646020 20.54 87.76 88 4.055
1641646080 20.59 87.65 82 4.055
1641646140 20.62 87.56 82 4.055
1641646200 20.71 87.48 88 4.055
1641646260 20.75 87.36 88 4.055
1641646320 20.86 87.23 88 4.049
1641646380 20.95 87.08 94 4.055
1641646440 20.99 86.99 94 4.055
1641646500 21.07 86.86 94 4.055
1641646560 21.13 86.64 94 4.055
1641646620 21.25 86.51 94 4.055
1641646680 21.33 86.35 94 4.055
1641646740 21.33 86.12 100 4.055
1641646800 21.4 85.91 100 4.055
1641646860 21.52 85.74 100 4.055
1641646920 21.56 85.46 100 4.055
1641646980 21.64 85.27 100 4.055
1641647040 21.68 84.98 106 4.055
1641647100 21.81 84.76 106 4.055
1641647160 21.84 84.51 106 4.049
1641647220 21.85 84.26 106 4.055
1641647280 21.94 84.05 112 4.055
1641647340 22.03 83.86 112 4.055
1641647400 22 83.65 112 4.055
1641647460 22.03 83.4 118 4.055
1641647520 22.05 83.21 118 4.055
1641647580 22.04 83.01 131 4.055
1641647640 22.08 82.77 131 4.055
1641647700 22.19 82.64 124 4.055
1641647760 22.25 82.41 118 4.055
1641647820 22.32 82.23 112 4.055
1641647880 22.35 82.04 137 4.055
1641647940 22.44 81.87 143 4.055
1641648000 22.52 81.68 129 4.044
1641648060 22.56 81.41 124 4.055
1641648120 22.62 81.34 112 4.055
1641648180 22.61 81.17 112 4.049
1641648240 22.66 81.02 112 4.055
1641648300 22.69 80.92 112 4.055
1641648360 22.7 80.82 118 4.055
1641648420 22.76 80.73 118 4.055
1641648480 22.75 80.61 124 4.055
1641648540 22.66 80.47 137 4.055
1641648600 22.62 80.38 147 4.049
1641648660 22.65 80.31 159 4.055
1641648720 22.66 80.23 171 4.055
1641648780 22.82 80.23 153 4.055
1641648840 22.88 80.21 159 4.055
1641648900 22.86 80.13 165 4.055
1641648960 22.89 80.11 159 4.055
1641649020 22.92 80.05 159 4.055
1641649080 23 79.99 165 4.055
1641649140 22.96 79.92 171 4.055
1641649200 22.95 79.84 183 4.055
1641649260 23.05 79.79 189 4.06
1641649320 23.13 79.75 195 4.055
1641649380 23.16 79.66 195 4.06
1641649440 23.17 79.59 195 4.055
1641649500 23.21 79.43 195 4.06
1641649560 23.24 79.33 195 4.06
1641649620 23.21 79.18 201 4.06
1641649680 23.23 79.07 207 4.06
1641649740 23.34 78.91 207 4.06
1641649800 23.43 78.85 207 4.06
1641649860 23.44 78.75 201 4.06
1641649920 23.39 78.57 201 4.06
1641649980 23.4 78.46 195 4.06
1641650040 23.4 78.36 201 4.06
1641650100 23.47 78.24 201 4.06
1641650160 23.49 78.16 207 4.06
1641650220 23.6 78.1 213 4.06
1641650280 23.61 78 219 4.06
1641650340 23.56 77.89 225 4.06
1641650400 23.59 77.8 231 4.06
1641650460 23.63 77.73 231 4.065
1641650520 23.77 77.69 243 4.06
1641650580 23.84 77.63 243 4.065
1641650640 24 77.56 243 4.06
1641650700 24.1 77.45 243 4.06
1641650760 24.21 77.38 249 4.065
1641650820 24.19 77.21 249 4.065
1641650880 24.22 77.08 256 4.065
1641650940 24.29 76.97 249 4.065
1641651000 24.36 76.82 256 4.065
1641651060 24.48 76.72 256 4.065
1641651120 24.4 76.56 256 4.065
1641651180 24.46 76.39 262 4.065
1641651240 24.66 76.34 262 4.065
1641651300 24.56 76.15 262 4.065
1641651360 24.43 76.02 268 4.065
1641651420 24.4 75.9 268 4.065
1641651480 24.36 75.75 268 4.065
1641651540 24.35 75.63 274 4.071
1641651600 24.49 75.53 268 4.065
1641651660 24.58 75.49 274 4.065
1641651720 24.63 75.36 274 4.065
1641651780 24.59 75.28 274 4.065
1641651840 24.59 75.19 274 4.071
1641651900 24.66 75.08 274 4.065
1641651960 24.61 74.96 274 4.065
1641652020 24.55 74.86 280 4.065
1641652080 24.58 74.82 286 4.071
1641652140 24.55 74.72 286 4.071
1641652200 24.59 74.77 292 4.071
1641652260 24.55 74.67 298 4.071
1641652320 24.52 74.59 304 4.071
1641652380 24.56 74.49 328 4.071
1641652440 24.69 74.47 388 4.071
1641652500 24.82 74.44 400 4.071
1641652560 24.9 74.37 310 4.071
1641652620 24.96 74.3 310 4.071
1641652680 24.98 74.23 322 4.071
1641652740 25 74.18 430 4.076
1641652800 24.9 74.07 412 4.076
1641652860 25.03 74.03 346 4.071
1641652920 25.2 73.97 328 4.071
1641652980 25.34 73.86 334 4.071
1641653040 25.12 73.73 358 4.071
1641653100 25.02 73.57 352 4.071
1641653160 25.1 73.5 334 4.071
1641653220 25.13 73.4 334 4.071
1641653280 25.14 73.31 364 4.071
1641653340 25.13 73.22 328 4.071
1641653400 25.18 73.17 322 4.071
1641653460 25.21 73.06 316 4.071
1641653520 25.3 72.98 340 4.071
1641653580 25.44 72.8 334 4.071
1641653640 25.47 72.66 346 4.071
1641653700 25.57 72.53 527 4.076
1641653760 25.74 72.38 328 4.071
1641653820 25.72 72.23 322 4.076
1641653880 25.72 72.09 292 4.071
1641653940 25.6 71.9 268 4.071
1641654000 25.49 71.68 256 4.071
1641654060 25.37 71.47 243 4.071
1641654120 25.31 71.33 245 4.071
1641654180 25.27 71.1 249 4.076
1641654240 25.18 70.93 286 4.076
1641654300 25.28 70.8 280 4.071
1641654360 25.34 70.65 299 4.071
1641654420 25.47 70.54 322 4.076
1641654480 25.65 70.4 298 4.076
1641654540 25.67 70.21 334 4.076
1641654600 25.79 70.11 262 4.076
1641654660 25.82 69.98 268 4.076
1641654720 25.82 69.86 274 4.076
1641654780 25.98 69.77 364 4.071
1641654840 25.85 69.62 310 4.076
1641654900 25.79 69.45 305 4.076
1641654960 25.82 69.3 358 4.076
1641655020 25.96 69.27 299 4.076
1641655080 26.09 69.17 370 4.076
1641655140 26.09 68.99 268 4.071
1641655200 26.03 68.83 364 4.071
1641655260 26.08 68.72 346 4.071
1641655320 26.03 68.59 305 4.076
1641655380 26.09 68.47 286 4.076
1641655440 26.18 68.34 299 4.071
1641655500 26.06 68.13 322 4.076
1641655560 26.14 67.9 281 4.076
1641655620 26.18 67.73 281 4.076
1641655680 26.26 67.6 281 4.076
1641655740 26.09 67.41 310 4.076
1641655800 25.95 67.29 299 4.076
1641655860 25.95 67.11 305 4.076
1641655920 25.92 67.01 269 4.076
1641655980 25.98 66.85 251 4.076
1641656040 25.78 66.71 239 4.076
1641656100 25.82 66.62 239 4.076
1641656160 26.08 66.57 257 4.076
1641656220 26.16 66.47 281 4.076
1641656280 26.22 66.41 281 4.076
1641656340 26.44 66.37 287 4.076
1641656400 26.6 66.32 299 4.076
1641656460 26.63 66.21 346 4.076
1641656520 26.73 66.12 287 4.076
1641656580 26.66 65.98 293 4.076
1641656640 26.77 65.84 310 4.076
1641656700 26.83 65.69 442 4.076
1641656760 26.73 65.54 340 4.076
1641656820 26.63 65.34 328 4.082
1641656880 26.57 65.14 310 4.082
1641656940 26.73 65.07 341 4.076
1641657000 26.74 64.88 305 4.076
1641657060 26.83 64.67 310 4.076
1641657120 26.96 64.54 340 4.076
1641657180 27.23 64.4 442 4.076
1641657240 27.33 64.25 396 4.082
1641657300 27.37 64.03 384 4.082
1641657360 27.41 63.83 502 4.082
1641657420 27.3 63.59 384 4.082
1641657480 27.27 63.43 414 4.076
1641657540 27.2 63.19 371 4.082
1641657600 27.14 62.96 334 4.082
1641657660 27.23 62.77 365 4.082
1641657720 27.37 62.59 527 4.076
1641657780 27.4 62.42 971 4.082
1641657840 27.61 62.3 755 4.082
1641657900 27.76 62.12 792 4.076
1641657960 27.86 61.95 778 4.076
1641658020 27.92 61.71 1067 4.082
1641658080 28.06 61.49 1005 4.082
1641658140 28.33 61.3 623 4.082
1641658200 28.49 61.04 406 4.076
1641658260 28.6 60.73 460 4.082
1641658320 28.49 60.34 892 4.082
1641658380 28.5 60.01 384 4.082
1641658440 28.57 59.67 305 4.082
1641658500 28.43 59.35 305 4.082
1641658560 28.51 59.06 227 4.076
1641658620 28.4 58.78 227 4.082
1641658680 28.22 58.37 215 4.076
1641658740 28.08 58.16 215 4.076
1641658800 28.08 57.95 221 4.076
1641658860 28.18 57.71 227 4.076
1641658920 28.23 57.56 203 4.082
1641658980 28.19 57.31 197 4.076
1641659040 27.91 57.04 370 4.076
1641659100 27.86 56.85 640 4.076
1641659160 28 56.71 689 4.082
1641659220 28.19 56.59 867 4.071
1641659280 28.46 56.46 1016 4.071
1641659340 28.73 56.36 1076 4.071
1641659400 28.49 56.11 1076 4.092
1641659460 28.74 55.98 1078 4.076
1641659520 29.1 55.81 1082 4.092
1641659580 29.12 55.66 1088 4.076
1641659640 29.34 55.47 1090 4.071
1641659700 29.55 55.22 1084 4.076
1641659760 29.98 55.02 1076 4.098
1641659820 30.02 54.7 1067 4.098
1641659880 30.13 54.46 1060 4.076
1641659940 30.19 54.17 1055 4.076
1641660000 30.27 54 1078 4.087
1641660060 30.28 53.7 1060 4.076
1641660120 30.19 53.39 1072 4.076
1641660180 30.03 53.09 1063 4.076
1641660240 30.24 52.87 1063 4.082
1641660300 30.47 52.58 1072 4.076
1641660360 30.43 52.35 1078 4.103
1641660420 30.37 52.06 1082 4.103
1641660480 30.4 51.78 1093 4.103
1641660540 30.15 51.52 1079 4.076
1641660600 30.27 51.36 486 4.092
1641660660 30.37 51.22 1085 4.103
1641660720 30.27 51.05 1102 4.076
1641660780 30.16 50.88 1120 4.082
1641660840 30.24 50.78 1127 4.076
1641660900 30.24 50.61 1152 4.076
1641660960 30.41 50.54 1165 4.114
1641661020 30.54 50.48 1145 4.082
1641661080 30.64 50.35 251 4.082
1641661140 30.67 50.19 281 4.082
1641661200 30.61 50.03 275 4.087
1641661260 30.64 49.9 1150 4.076
1641661320 30.57 49.85 1139 4.076
1641661380 30.5 49.74 1142 4.114
1641661440 30.41 49.72 1164 4.082
1641661500 30.34 49.69 1165 4.108
1641661560 30.54 49.72 1028 4.087
1641661620 30.77 49.7 1159 4.087
1641661680 30.71 49.61 1161 4.119
1641661740 30.74 49.63 932 4.082
1641661800 30.64 49.58 1133 4.082
1641661860 30.89 49.66 1123 4.087
1641661920 31.09 49.73 1124 4.119
1641661980 31.19 49.77 1124 4.119
1641662040 31.25 49.74 1120 4.119
1641662100 31.52 49.71 1073 4.103
1641662160 31.72 49.67 1099 4.082
1641662220 31.66 49.56 1121 4.114
1641662280 31.52 49.48 978 4.108
1641662340 31.43 49.32 1149 4.114
1641662400 31.56 49.23 1055 4.103
1641662460 31.76 49.17 1081 4.108
1641662520 31.68 49.06 275 4.087
1641662580 31.45 49 251 4.087
1641662640 30.92 48.84 263 4.087
1641662700 30.7 48.86 572 4.098
1641662760 30.54 48.92 911 4.082
1641662820 30.51 49.02 257 4.087
1641662880 30.22 49.11 512 4.098
1641662940 30.15 49.21 1158 4.082
1641663000 30.22 49.4 1158 4.082
1641663060 30.36 49.61 1145 4.082
1641663120 30.38 49.79 1121 4.082
1641663180 30.28 49.98 1097 4.082
1641663240 30.43 50.15 1133 4.092
1641663300 30.71 50.38 1079 4.108
1641663360 30.77 50.58 1121 4.082
1641663420 30.77 50.73 1103 4.082
1641663480 30.84 50.89 1079 4.082
1641663540 31.08 51.05 1109 4.108
1641663600 31.05 51.23 1109 4.108
1641663660 31.09 51.41 1109 4.082
1641663720 30.89 51.49 1115 4.098
1641663780 31.01 51.56 1001 4.082
1641663840 30.97 51.59 275 4.087
1641663900 30.74 51.71 632 4.098
1641663960 30.74 51.78 1103 4.082
1641664020 30.57 51.9 1109 4.082
1641664080 30.54 52.03 1109 4.082
1641664140 30.57 52.09 1097 4.082
1641664200 30.41 52.29 1097 4.082
1641664260 30.31 52.45 1115 4.092
1641664320 30.2 52.57 1109 4.082
1641664380 30.03 52.67 1106 4.082
1641664440 30.12 52.82 1091 4.098
1641664500 30.07 52.89 1073 4.082
1641664560 30.26 52.98 936 4.087
1641664620 30.3 53.07 1031 4.103
1641664680 30.44 53.16 1103 4.082
1641664740 30.44 53.19 1037 4.103
1641664800 30.37 53.26 1037 4.103
1641664860 30.23 53.29 1073 4.108
1641664920 30.36 53.42 1103 4.103
1641664980 30.47 53.47 1123 4.103
1641665040 30.75 53.54 1103 4.082
1641665100 30.75 53.6 1127 4.082
1641665160 31.09 53.71 1139 4.082
1641665220 31.15 53.72 1135 4.087
1641665280 31.18 53.79 1135 4.087
1641665340 31.33 53.76 1141 4.087
1641665400 31.42 53.72 1153 4.087
1641665460 31.59 53.68 251 4.087
1641665520 31.36 53.54 1109 4.082
1641665580 31.01 53.45 1061 4.087
1641665640 30.79 53.42 1031 4.103
1641665700 30.66 53.44 995 4.082
1641665760 30.67 53.46 1001 4.087
1641665820 30.66 53.52 1014 4.082
1641665880 30.73 53.54 1007 4.103
1641665940 30.68 53.57 771 4.098
1641666000 30.57 53.53 512 4.092
1641666060 30.34 53.52 317 4.092
1641666120 30.19 53.52 281 4.087
1641666180 29.86 53.55 305 4.087
1641666240 29.56 53.63 329 4.092
1641666300 29.22 53.72 524 4.092
1641666360 29.2 53.86 713 4.082
1641666420 29.11 54.01 822 4.082
1641666480 29.2 54.21 947 4.082
1641666540 29.32 54.39 1025 4.082
1641666600 29.59 54.59 1043 4.082
1641666660 29.86 54.67 1061 4.082
1641666720 30.17 54.77 1061 4.082
1641666780 30.4 54.87 1061 4.082
1641666840 30.54 54.82 1055 4.082
1641666900 30.4 54.76 1055 4.098
1641666960 30.82 54.77 1054 4.098
1641667020 30.79 54.57 1042 4.098
1641667080 30.92 54.48 1031 4.082
1641667140 30.87 54.3 1033 4.087
1641667200 31.09 54.21 1030 4.098
1641667260 31.32 53.99 1030 4.098
1641667320 31.41 53.73 1019 4.098
1641667380 31.46 53.43 1019 4.082
1641667440 31.45 53.18 1014 4.098
1641667500 31.56 52.92 993 4.098
1641667560 31.32 52.63 993 4.098
1641667620 31.29 52.39 987 4.098
1641667680 31.26 52.19 975 4.098
1641667740 31.53 52.1 975 4.098
1641667800 31.43 51.76 972 4.087
1641667860 31.39 51.64 975 4.098
1641667920 31.52 51.45 963 4.098
1641667980 31.63 51.34 963 4.098
1641668040 31.7 51.18 965 4.082
1641668100 31.46 51.03 965 4.092
1641668160 31.62 50.93 969 4.098
1641668220 31.26 50.78 984 4.087
1641668280 31.28 50.74 1019 4.092
1641668340 31.33 50.71 685 4.092
1641668400 31.24 50.62 251 4.092
1641668460 31.08 50.54 227 4.092
1641668520 30.84 50.51 233 4.087
1641668580 30.51 50.5 917 4.087
1641668640 30.22 50.49 953 4.087
1641668700 30.1 50.54 951 4.092
1641668760 30.23 50.69 917 4.087
1641668820 30.44 50.74 191 4.092
1641668880 30.34 50.83 185 4.087
1641668940 30.13 50.86 185 4.087
1641669000 29.51 51 161 4.087
1641669060 29.41 51.19 155 4.087
1641669120 29.31 51.41 155 4.087
1641669180 29.21 51.65 155 4.087
1641669240 28.9 51.86 909 4.098
1641669300 28.78 52.18 905 4.087
1641669360 28.82 52.5 906 4.087
1641669420 29.04 52.76 905 4.087
1641669480 29.48 53.16 900 4.087
1641669540 29.69 53.37 886 4.087
1641669600 30 53.65 883 4.092
1641669660 30.03 53.82 865 4.092
1641669720 30.15 53.98 847 4.092
1641669780 30.09 54.07 853 4.092
1641669840 30.13 54.2 849 4.092
1641669900 30.05 54.25 841 4.098
1641669960 30.31 54.33 215 4.087
1641670020 30.07 54.32 173 4.092
1641670080 29.96 54.37 811 4.092
1641670140 29.82 54.33 829 4.098
1641670200 29.89 54.34 847 4.092
1641670260 29.83 54.34 853 4.092
1641670320 29.98 54.34 841 4.092
1641670380 30.09 54.28 831 4.098
1641670440 30.16 54.23 835 4.098
1641670500 30.38 54.18 829 4.092
1641670560 30.43 54.15 823 4.092
1641670620 30.34 54.08 811 4.092
1641670680 30.48 54.02 793 4.092
1641670740 30.41 53.94 793 4.092
1641670800 30.36 53.84 221 4.092
1641670860 30.31 53.78 775 4.092
1641670920 30.12 53.71 751 4.092
1641670980 30.03 53.67 775 4.092
1641671040 30.19 53.7 764 4.098
1641671100 30.17 53.65 771 4.092
1641671160 30.27 53.7 769 4.092
1641671220 30.4 53.69 763 4.092
1641671280 30.44 53.64 757 4.092
1641671340 30.36 53.56 703 4.092
1641671400 30.48 53.54 743 4.092
1641671460 30.43 53.47 739 4.087
1641671520 30.19 53.39 727 4.087
1641671580 30.09 53.36 721 4.092
1641671640 29.98 53.38 715 4.092
1641671700 29.98 53.31 707 4.087
1641671760 29.82 53.29 703 4.092
1641671820 29.73 53.27 697 4.092
1641671880 29.66 53.19 691 4.092
1641671940 29.62 53.18 685 4.092
1641672000 29.62 53.21 685 4.092
1641672060 29.76 53.21 695 4.092
1641672120 29.59 53.24 697 4.092
1641672180 29.83 53.29 691 4.092
1641672240 29.71 53.23 691 4.092
1641672300 29.56 53.2 683 4.092
1641672360 29.55 53.22 667 4.092
1641672420 29.52 53.24 384 4.087
1641672480 29.61 53.23 667 4.087
1641672540 29.62 53.27 655 4.087
1641672600 30.02 53.33 655 4.087
1641672660 30.1 53.3 649 4.092
1641672720 30.22 53.28 643 4.092
1641672780 30.31 53.29 630 4.092
1641672840 30.41 53.23 618 4.092
1641672900 30.36 53.15 618 4.087
1641672960 30.53 53.11 612 4.092
1641673020 30.68 53.07 612 4.087
1641673080 30.56 53.03 612 4.087
1641673140 30.5 52.99 606 4.092
1641673200 30.44 52.93 594 4.087
1641673260 30.33 52.83 594 4.092
1641673320 30.41 52.74 594 4.092
1641673380 30.5 52.71 594 4.092
1641673440 30.58 52.61 588 4.087
1641673500 30.66 52.56 594 4.092
1641673560 30.64 52.44 588 4.092
1641673620 30.22 52.35 588 4.092
1641673680 29.83 52.32 588 4.087
1641673740 30.05 52.32 588 4.092
1641673800 29.99 52.36 588 4.092
1641673860 30.03 52.36 582 4.087
1641673920 30.09 52.42 582 4.087
1641673980 29.89 52.42 570 4.092
1641674040 29.76 52.44 558 4.092
1641674100 29.92 52.5 546 4.087
1641674160 29.9 52.48 534 4.087
1641674220 29.98 52.52 522 4.087
1641674280 29.98 52.48 432 4.087
1641674340 29.72 52.39 305 4.092
1641674400 29.79 52.39 275 4.087
1641674460 29.48 52.36 203 4.087
1641674520 29.1 52.34 191 4.087
1641674580 29.05 52.4 173 4.092
1641674640 28.96 52.5 185 4.087
1641674700 28.87 52.66 323 4.087
1641674760 28.73 52.72 365 4.092
1641674820 28.64 52.83 287 4.087
1641674880 28.8 52.99 179 4.087
1641674940 28.6 53.16 143 4.092
1641675000 28.5 53.28 112 4.087
1641675060 28.49 53.44 106 4.087
1641675120 28.43 53.66 106 4.087
1641675180 28.36 53.83 106 4.087
1641675240 28.39 54.02 106 4.087
1641675300 28.42 54.22 106 4.087
1641675360 28.33 54.47 112 4.087
1641675420 28.35 54.67 124 4.087
1641675480 28.3 54.84 124 4.087
1641675540 28.23 55.04 131 4.092
1641675600 28.24 55.27 137 4.087
1641675660 28.33 55.48 137 4.087
1641675720 28.24 55.59 124 4.087
1641675780 28.19 55.73 118 4.087
1641675840 28.13 55.84 112 4.087
1641675900 28.08 55.96 106 4.087
1641675960 28.12 56.09 106 4.087
1641676020 28.12 56.24 100 4.087
1641676080 27.98 56.34 106 4.087
1641676140 27.96 56.46 106 4.087
1641676200 27.91 56.53 106 4.087
1641676260 27.94 56.67 94 4.087
1641676320 27.91 56.75 94 4.087
1641676380 27.81 56.9 106 4.087
1641676440 27.79 57.07 106 4.087
1641676500 27.76 57.21 106 4.087
1641676560 27.73 57.36 106 4.087
1641676620 27.75 57.51 100 4.087
1641676680 27.66 57.65 94 4.087
1641676740 27.62 57.87 94 4.087
1641676800 27.61 58.02 88 4.087
1641676860 27.61 58.06 82 4.087
1641676920 27.55 58.2 82 4.087
1641676980 27.47 58.28 76 4.087
1641677040 27.48 58.41 76 4.087
1641677100 27.44 58.46 76 4.092
1641677160 27.37 58.51 76 4.087
1641677220 27.3 58.54 76 4.087
1641677280 27.27 58.59 70 4.087
1641677340 27.23 58.72 76 4.087
1641677400 27.17 58.78 76 4.087
1641677460 27.13 58.9 70 4.087
1641677520 27.1 59.03 70 4.087
1641677580 27.01 59.21 70 4.087
1641677640 26.98 59.29 70 4.087
1641677700 26.97 59.43 70 4.082
1641677760 26.94 59.52 70 4.087
1641677820 26.91 59.62 70 4.087
1641677880 26.9 59.75 70 4.087
1641677940 26.91 59.87 70 4.082
1641678000 26.9 59.99 58 4.087
1641678060 26.9 60.04 64 4.087
1641678120 26.9 60.18 64 4.087
1641678180 26.87 60.29 64 4.087
1641678240 26.82 60.39 58 4.087
1641678300 26.79 60.52 58 4.087
1641678360 26.76 60.63 64 4.082
1641678420 26.74 60.72 64 4.087
1641678480 26.74 60.84 58 4.087
1641678540 26.73 61.01 58 4.087
1641678600 26.69 61.09 58 4.082
1641678660 26.7 61.21 58 4.087
1641678720 26.72 61.32 58 4.087
1641678780 26.69 61.44 58 4.087
1641678840 26.63 61.57 58 4.087
1641678900 26.59 61.71 58 4.082
1641678960 26.56 61.8 58 4.087
1641679020 26.57 61.98 52 4.087
1641679080 26.54 62.06 52 4.082
1641679140 26.53 62.2 52 4.082
1641679200 26.54 62.34 52 4.087
1641679260 26.53 62.45 52 4.087
1641679320 26.53 62.58 52 4.087
1641679380 26.54 62.72 46 4.087
1641679440 26.5 62.86 46 4.082
1641679500 26.47 63.01 46 4.082
1641679560 26.44 63.1 46 4.087
1641679620 26.4 63.23 40 4.087
1641679680 26.39 63.36 40 4.082
1641679740 26.38 63.48 40 4.082
1641679800 26.38 63.61 40 4.087
1641679860 26.29 63.74 40 4.082
1641679920 26.3 63.9 34 4.082
1641679980 26.23 63.98 34 4.087
1641680040 26.21 64.12 34 4.082
1641680100 26.18 64.26 34 4.087
1641680160 26.15 64.35 28 4.082
1641680220 26.15 64.53 22 4.087
1641680280 26.08 64.64 22 4.087
1641680340 26.03 64.72 22 4.082
1641680400 26.02 64.84 16 4.082
1641680460 26.01 64.99 16 4.087
1641680520 25.98 65.06 16 4.082
1641680580 25.92 65.17 16 4.087
1641680640 25.85 65.25 16 4.082
1641680700 25.82 65.37 16 4.082
1641680760 25.78 65.47 16 4.087
1641680820 25.81 65.58 16 4.082
1641680880 25.77 65.62 16 4.082
1641680940 25.72 65.77 16 4.087
1641681000 25.65 65.88 16 4.087
1641681060 25.65 66 16 4.082
1641681120 25.61 66.13 16 4.087
1641681180 25.56 66.26 16 4.082
1641681240 25.54 66.4 16 4.082
1641681300 25.49 66.53 16 4.082
1641681360 25.49 66.67 10 4.082
1641681420 25.45 66.79 10 4.082
1641681480 25.42 66.95 10 4.087
1641681540 25.38 67.09 10 4.082
1641681600 25.38 67.26 10 4.082
1641681660 25.37 67.36 4 4.082
1641681720 25.34 67.56 4 4.082
1641681780 25.3 67.67 4 4.082
1641681840 25.27 67.82 4 4.082
1641681900 25.23 67.94 4 4.082
1641681960 25.2 68.1 4 4.082
1641682020 25.18 68.23 4 4.082
1641682080 25.17 68.39 4 4.082
1641682140 25.16 68.54 0 4.082
1641682200 25.13 68.64 4 4.082
1641682260 25.1 68.8 0 4.082
1641682320 25.03 68.92 4 4.082
1641682380 25.03 69.09 4 4.082
1641682440 25 69.23 0 4.082
1641682500 24.97 69.41 0 4.082
1641682560 24.97 69.51 0 4.082
1641682620 24.93 69.66 0 4.082
1641682680 24.86 69.79 0 4.082
1641682740 24.85 69.93 0 4.082
1641682800 24.82 70.09 0 4.082
1641682860 24.8 70.23 0 4.082
1641682920 24.77 70.39 0 4.082
1641682980 24.75 70.54 0 4.082
1641683040 24.75 70.68 0 4.082
1641683100 24.72 70.82 0 4.076
1641683160 24.72 70.97 0 4.082
1641683220 24.7 71.13 0 4.082
1641683280 24.7 71.27 0 4.082
1641683340 24.63 71.37 0 4.082
1641683400 24.67 71.52 0 4.082
1641683460 24.69 71.6 0 4.082
1641683520 24.66 71.7 0 4.082
1641683580 24.69 71.79 0 4.082
1641683640 24.66 71.88 0 4.082
1641683700 24.66 71.94 0 4.082
1641683760 24.65 72.08 0 4.082
1641683820 24.59 72.13 0 4.082
1641683880 24.58 72.23 0 4.082
1641683940 24.58 72.29 0 4.082
1641684000 24.52 72.34 0 4.076
1641684060 24.56 72.47 0 4.082
1641684120 24.53 72.51 0 4.082
1641684180 24.56 72.6 0 4.082
1641684240 24.53 72.62 0 4.082
1641684300 24.51 72.7 0 4.082
1641684360 24.46 72.78 0 4.082
1641684420 24.51 72.81 0 4.082
1641684480 24.46 72.89 0 4.082
1641684540 24.46 72.93 0 4.082
1641684600 24.42 72.99 0 4.082
1641684660 24.43 73.04 0 4.082
1641684720 24.43 73.06 0 4.082
1641684780 24.45 73.11 0 4.082
1641684840 24.43 73.14 0 4.082
1641684900 24.43 73.19 0 4.082
1641684960 24.4 73.21 0 4.082
1641685020 24.39 73.25 0 4.082
1641685080 24.38 73.3 0 4.082
1641685140 24.39 73.32 0 4.082
1641685200 24.4 73.4 0 4.082
1641685260 24.38 73.42 0 4.082
1641685320 24.35 73.45 0 4.082
1641685380 24.33 73.52 0 4.082
1641685440 24.29 73.6 0 4.082
1641685500 24.26 73.6 0 4.082
1641685560 24.26 73.74 0 4.082
1641685620 24.26 73.79 0 4.082
1641685680 24.22 73.83 0 4.082
1641685740 24.19 73.87 0 4.082
1641685800 24.15 73.98 0 4.082
1641685860 24.14 74.08 0 4.082
1641685920 24.14 74.18 0 4.082
1641685980 24.11 74.24 0 4.082
1641686040 24.12 74.36 0 4.082
1641686100 24.11 74.48 0 4.082
1641686160 24.07 74.59 0 4.082
1641686220 24.02 74.74 0 4.076
1641686280 24.05 74.86 0 4.082
1641686340 24.07 74.98 0 4.082
1641686400 24.02 75.07 0 4.082
1641686460 24 75.19 0 4.082
1641686520 24 75.3 0 4.082
1641686580 23.98 75.37 0 4.082
1641686640 23.97 75.51 0 4.076
1641686700 23.97 75.57 0 4.082
1641686760 23.97 75.63 0 4.076
1641686820 23.94 75.71 0 4.082
1641686880 23.95 75.84 0 4.082
1641686940 23.94 75.87 0 4.082
1641687000 23.92 75.98 0 4.082
1641687060 23.91 76.03 0 4.082
1641687120 23.89 76.1 0 4.082
1641687180 23.91 76.18 0 4.076
1641687240 23.89 76.25 0 4.082
1641687300 23.89 76.32 0 4.082
1641687360 23.88 76.41 0 4.082
1641687420 23.85 76.47 0 4.082
1641687480 23.87 76.49 0 4.076
1641687540 23.85 76.54 0 4.082
1641687600 23.87 76.61 0 4.082
1641687660 23.85 76.63 0 4.082
1641687720 23.81 76.67 0 4.076
1641687780 23.81 76.77 0 4.082
1641687840 23.82 76.77 0 4.082
1641687900 23.78 76.86 0 4.076
1641687960 23.77 76.9 0 4.082
1641688020 23.74 76.92 0 4.076
1641688080 23.75 76.97 0 4.082
1641688140 23.75 77.03 0 4.076
1641688200 23.72 77.06 0 4.082
1641688260 23.7 77.09 0 4.076
1641688320 23.7 77.12 0 4.082
1641688380 23.67 77.15 0 4.082
1641688440 23.67 77.21 0 4.082
1641688500 23.65 77.2 0 4.076
1641688560 23.65 77.23 0 4.076
1641688620 23.65 77.28 0 4.082
1641688680 23.6 77.22 0 4.076
1641688740 23.61 77.26 0 4.076
1641688800 23.61 77.29 0 4.082
1641688860 23.6 77.27 0 4.082
1641688920 23.61 77.35 0 4.082
1641688980 23.61 77.41 0 4.082
1641689040 23.59 77.5 0 4.076
1641689100 23.56 77.56 0 4.076
1641689160 23.53 77.6 0 4.076
1641689220 23.53 77.68 0 4.076
1641689280 23.5 77.72 0 4.076
1641689340 23.51 77.78 0 4.082
1641689400 23.47 77.85 0 4.076
1641689460 23.5 77.93 0 4.076
1641689520 23.46 78 0 4.076
1641689580 23.46 78.07 0 4.076
1641689640 23.43 78.11 0 4.076
1641689700 23.41 78.24 0 4.082
1641689760 23.41 78.27 0 4.076
1641689820 23.39 78.38 0 4.076
1641689880 23.37 78.43 0 4.082
1641689940 23.33 78.58 0 4.082
1641690000 23.31 78.61 0 4.076
1641690060 23.29 78.71 0 4.082
1641690120 23.26 78.81 0 4.076
1641690180 23.23 78.92 0 4.076
1641690240 23.24 79 0 4.082
1641690300 23.2 79.13 0 4.076
1641690360 23.23 79.2 0 4.076
1641690420 23.23 79.32 0 4.076
1641690480 23.21 79.39 0 4.076
1641690540 23.24 79.5 0 4.076
1641690600 23.21 79.58 0 4.076
1641690660 23.23 79.66 0 4.082
1641690720 23.2 79.72 0 4.082
1641690780 23.23 79.79 0 4.082
1641690840 23.23 79.85 0 4.082
1641690900 23.21 79.91 0 4.076
1641690960 23.21 80.01 0 4.076
1641691020 23.19 80.07 0 4.076
1641691080 23.2 80.15 0 4.082
1641691140 23.23 80.21 0 4.076
1641691200 23.23 80.31 0 4.076
1641691260 23.24 80.36 0 4.076
1641691320 23.23 80.44 0 4.076
1641691380 23.21 80.45 0 4.076
1641691440 23.21 80.47 0 4.076
1641691500 23.21 80.52 0 4.076
1641691560 23.2 80.52 0 4.076
1641691620 23.21 80.53 0 4.076
1641691680 23.27 80.57 0 4.076
1641691740 23.26 80.53 0 4.076
1641691800 23.24 80.54 0 4.076
1641691860 23.17 80.59 0 4.076
1641691920 23.2 80.6 0 4.076
1641691980 23.14 80.63 0 4.071
1641692040 23.13 80.59 0 4.076
1641692100 23.09 80.63 0 4.076
1641692160 23.03 80.65 0 4.076
1641692220 23.03 80.67 0 4.076
1641692280 23.03 80.68 0 4.076
1641692340 22.97 80.7 0 4.076
1641692400 22.99 80.69 0 4.076
1641692460 22.95 80.7 0 4.076
1641692520 22.92 80.65 0 4.076
1641692580 22.93 80.68 0 4.076
1641692640 22.92 80.67 0 4.082
1641692700 22.88 80.64 0 4.076
1641692760 22.89 80.65 0 4.076
1641692820 22.86 80.69 0 4.082
1641692880 22.88 80.68 0 4.076
1641692940 22.82 80.65 0 4.076
1641693000 22.8 80.7 0 4.076
1641693060 22.79 80.69 0 4.076
1641693120 22.75 80.69 0 4.076
1641693180 22.73 80.68 0 4.076
1641693240 22.7 80.73 0 4.076
1641693300 22.68 80.69 0 4.076
1641693360 22.66 80.7 0 4.076
1641693420 22.68 80.76 0 4.076
1641693480 22.63 80.75 0 4.076
1641693540 22.65 80.77 0 4.076
1641693600 22.63 80.76 0 4.076
1641693660 22.66 80.75 0 4.076
1641693720 22.62 80.77 0 4.076
1641693780 22.62 80.79 0 4.076
1641693840 22.61 80.75 0 4.082
1641693900 22.58 80.71 0 4.076
1641693960 22.58 80.71 0 4.076
1641694020 22.58 80.71 0 4.076
1641694080 22.58 80.72 0 4.076
1641694140 22.56 80.66 0 4.076
1641694200 22.59 80.65 0 4.076
1641694260 22.61 80.64 0 4.076
1641694320 22.58 80.66 0 4.076
1641694380 22.59 80.62 0 4.076
1641694440 22.61 80.62 0 4.076
1641694500 22.58 80.61 0 4.076
1641694560 22.56 80.65 0 4.076
1641694620 22.52 80.62 0 4.076
1641694680 22.52 80.57 0 4.076
1641694740 22.55 80.59 0 4.076
1641694800 22.51 80.55 0 4.076
1641694860 22.51 80.54 0 4.076
1641694920 22.49 80.59 0 4.076
1641694980 22.48 80.56 0 4.076
1641695040 22.46 80.52 0 4.076
1641695100 22.49 80.51 0 4.076
1641695160 22.54 80.5 0 4.076
1641695220 22.54 80.39 0 4.076
1641695280 22.56 80.36 0 4.076
1641695340 22.61 80.3 0 4.076
1641695400 22.62 80.19 0 4.076
1641695460 22.66 80.09 0 4.076
1641695520 22.65 80 0 4.076
1641695580 22.69 79.94 0 4.076
1641695640 22.69 79.87 0 4.076
1641695700 22.7 79.79 0 4.076
1641695760 22.7 79.7 0 4.076
1641695820 22.7 79.61 0 4.076
1641695880 22.69 79.56 0 4.076
1641695940 22.7 79.4 0 4.076
1641696000 22.7 79.34 0 4.076
1641696060 22.69 79.27 0 4.076
1641696120 22.68 79.21 0 4.076
1641696180 22.65 79.14 0 4.076
1641696240 22.66 79.03 0 4.076
1641696300 22.65 79 0 4.076
1641696360 22.66 78.94 0 4.076
1641696420 22.65 78.9 0 4.076
1641696480 22.66 78.85 0 4.076
1641696540 22.62 78.81 0 4.076
1641696600 22.66 78.81 0 4.076
1641696660 22.63 78.74 0 4.076
1641696720 22.63 78.73 0 4.076
1641696780 22.61 78.74 0 4.076
1641696840 22.62 78.72 0 4.076
1641696900 22.59 78.66 0 4.076
1641696960 22.59 78.68 0 4.076
1641697020 22.55 78.64 0 4.076
1641697080 22.56 78.63 0 4.076
1641697140 22.55 78.65 0 4.076
1641697200 22.51 78.57 0 4.076
1641697260 22.51 78.55 0 4.076
1641697320 22.54 78.49 0 4.076
1641697380 22.55 78.43 0 4.076
1641697440 22.56 78.41 0 4.076
1641697500 22.55 78.37 0 4.076
1641697560 22.58 78.34 0 4.071
1641697620 22.56 78.29 0 4.076
1641697680 22.58 78.25 0 4.071
1641697740 22.58 78.19 0 4.076
1641697800 22.59 78.17 0 4.076
1641697860 22.55 78.11 0 4.071
1641697920 22.55 78.08 0 4.076
1641697980 22.55 78.03 0 4.076
1641698040 22.55 78.04 0 4.071
1641698100 22.55 77.99 0 4.076
1641698160 22.52 77.97 0 4.076
1641698220 22.55 77.92 0 4.076
1641698280 22.58 77.93 0 4.076
1641698340 22.52 77.88 0 4.076
1641698400 22.54 77.85 0 4.071
1641698460 22.52 77.82 0 4.076
1641698520 22.55 77.8 0 4.076
1641698580 22.52 77.77 0 4.071
1641698640 22.51 77.71 0 4.071
1641698700 22.56 77.71 0 4.076
1641698760 22.56 77.73 0 4.076
1641698820 22.54 77.67 0 4.076
1641698880 22.49 77.65 0 4.071
1641698940 22.52 77.63 0 4.076
1641699000 22.51 77.6 0 4.076
1641699060 22.52 77.6 0 4.076
1641699120 22.55 77.54 0 4.076
1641699180 22.51 77.5 0 4.076
1641699240 22.54 77.48 0 4.076
1641699300 22.55 77.49 0 4.076
1641699360 22.55 77.49 0 4.076
1641699420 22.54 77.48 0 4.076
1641699480 22.55 77.48 0 4.076
1641699540 22.52 77.51 0 4.076
1641699600 22.51 77.52 0 4.076
1641699660 22.52 77.57 0 4.071
1641699720 22.54 77.61 0 4.071
1641699780 22.54 77.66 0 4.071
1641699840 22.55 77.6 0 4.071
1641699900 22.54 77.64 0 4.076
1641699960 22.54 77.64 0 4.071
1641700020 22.56 77.65 0 4.071
1641700080 22.56 77.65 0 4.076
1641700140 22.59 77.62 0 4.071
1641700200 22.59 77.61 0 4.071
1641700260 22.59 77.65 0 4.071
1641700320 22.59 77.69 0 4.076
1641700380 22.62 77.71 0 4.076
1641700440 22.62 77.78 0 4.071
1641700500 22.62 77.84 0 4.071
1641700560 22.62 77.97 0 4.076
1641700620 22.59 78 0 4.071
1641700680 22.58 78.06 0 4.076
1641700740 22.58 78.12 0 4.071
1641700800 22.56 78.19 0 4.071
1641700860 22.58 78.27 0 4.071
1641700920 22.56 78.32 0 4.076
1641700980 22.55 78.35 0 4.071
1641701040 22.52 78.41 0 4.071
1641701100 22.49 78.47 0 4.071
1641701160 22.48 78.47 0 4.071
1641701220 22.46 78.49 0 4.076
1641701280 22.46 78.46 0 4.071
1641701340 22.44 78.44 0 4.071
1641701400 22.48 78.46 0 4.071
1641701460 22.46 78.47 0 4.071
1641701520 22.45 78.48 0 4.071
1641701580 22.42 78.46 0 4.071
1641701640 22.42 78.51 0 4.071
1641701700 22.42 78.49 0 4.071
1641701760 22.42 78.53 0 4.071
1641701820 22.39 78.58 0 4.076
1641701880 22.38 78.59 0 4.071
1641701940 22.35 78.61 0 4.076
1641702000 22.35 78.69 0 4.071
1641702060 22.32 78.74 0 4.071
1641702120 22.31 78.75 0 4.071
1641702180 22.32 78.82 0 4.071
1641702240 22.31 78.91 0 4.071
1641702300 22.31 78.97 0 4.071
1641702360 22.27 79.06 0 4.071
1641702420 22.24 79.12 0 4.071
1641702480 22.21 79.24 0 4.071
1641702540 22.15 79.27 0 4.071
1641702600 22.15 79.36 0 4.071
1641702660 22.18 79.44 0 4.071
1641702720 22.16 79.5 0 4.071
1641702780 22.22 79.57 0 4.071
1641702840 22.21 79.58 0 4.071
1641702900 22.21 79.6 0 4.071
1641702960 22.18 79.57 0 4.076
1641703020 22.22 79.57 0 4.076
1641703080 22.24 79.6 0 4.071
1641703140 22.25 79.61 0 4.071
1641703200 22.25 79.63 0 4.071
1641703260 22.22 79.66 0 4.071
1641703320 22.22 79.69 0 4.071
1641703380 22.18 79.74 0 4.071
1641703440 22.16 79.83 0 4.076
1641703500 22.14 79.86 0 4.071
1641703560 22.08 79.93 0 4.071
1641703620 22.05 79.99 0 4.076
1641703680 22.01 80.08 0 4.071
1641703740 21.98 80.16 0 4.071
1641703800 21.95 80.24 0 4.071
1641703860 21.91 80.34 0 4.076
1641703920 21.87 80.41 0 4.071
1641703980 21.84 80.51 0 4.071
1641704040 21.81 80.59 0 4.071
1641704100 21.79 80.64 0 4.071
1641704160 21.8 80.72 0 4.071
1641704220 21.8 80.81 0 4.071
1641704280 21.8 80.9 0 4.071
1641704340 21.77 80.97 0 4.071
