1638594000 23.19 77.89 0 4.071
1638594060 23.16 77.81 0 4.071
1638594120 23.2 77.75 0 4.071
1638594180 23.21 77.75 0 4.071
1638594240 23.21 77.64 0 4.071
1638594300 23.23 77.61 0 4.071
1638594360 23.23 77.58 0 4.071
1638594420 23.24 77.52 0 4.065
1638594480 23.24 77.47 0 4.071
1638594540 23.24 77.39 0 4.071
1638594600 23.21 77.34 0 4.071
1638594660 23.24 77.28 0 4.071
1638594720 23.26 77.27 0 4.071
1638594780 23.23 77.24 0 4.071
1638594840 23.21 77.22 0 4.071
1638594900 23.2 77.19 0 4.071
1638594960 23.2 77.17 0 4.071
1638595020 23.2 77.12 0 4.071
1638595080 23.19 77.11 0 4.071
1638595140 23.2 77.14 0 4.071
1638595200 23.16 77.12 0 4.071
1638595260 23.19 77.14 0 4.065
1638595320 23.19 77.17 0 4.071
1638595380 23.2 77.2 0 4.071
1638595440 23.17 77.17 0 4.071
1638595500 23.2 77.18 0 4.071
1638595560 23.21 77.15 0 4.065
1638595620 23.21 77.17 0 4.071
1638595680 23.2 77.14 0 4.065
1638595740 23.2 77.15 0 4.071
1638595800 23.21 77.19 0 4.071
1638595860 23.19 77.12 0 4.071
1638595920 23.21 77.06 0 4.071
1638595980 23.2 76.98 0 4.071
1638596040 23.23 76.92 0 4.071
1638596100 23.21 76.85 0 4.071
1638596160 23.2 76.78 0 4.071
1638596220 23.23 76.73 0 4.071
1638596280 23.21 76.62 0 4.065
1638596340 23.19 76.57 0 4.071
1638596400 23.19 76.55 0 4.071
1638596460 23.19 76.55 0 4.071
1638596520 23.16 76.48 0 4.071
1638596580 23.17 76.48 0 4.065
1638596640 23.14 76.4 0 4.071
1638596700 23.13 76.37 0 4.071
1638596760 23.16 76.39 0 4.071
1638596820 23.13 76.45 0 4.065
1638596880 23.14 76.41 0 4.071
1638596940 23.13 76.4 0 4.071
1638597000 23.13 76.38 0 4.071
1638597060 23.13 76.34 0 4.071
1638597120 23.12 76.36 0 4.071
1638597180 23.13 76.39 0 4.071
1638597240 23.1 76.41 0 4.065
1638597300 23.09 76.49 0 4.071
1638597360 23.07 76.53 0 4.071
1638597420 23.1 76.6 0 4.065
1638597480 23.09 76.6 0 4.065
1638597540 23.09 76.59 0 4.071
1638597600 23.07 76.63 0 4.071
1638597660 23.09 76.62 0 4.071
1638597720 23.09 76.64 0 4.065
1638597780 23.06 76.69 0 4.071
1638597840 23.06 76.72 0 4.071
1638597900 23.05 76.7 0 4.071
1638597960 23.06 76.75 0 4.065
1638598020 23.06 76.76 0 4.071
1638598080 23.03 76.79 0 4.065
1638598140 23 76.8 0 4.071
1638598200 23.03 76.9 0 4.071
1638598260 23.02 76.93 0 4.071
1638598320 23.02 77.04 0 4.071
1638598380 23 77.1 0 4.071
1638598440 23.02 77.16 0 4.071
1638598500 23 77.23 0 4.071
1638598560 22.99 77.28 0 4.071
1638598620 22.97 77.34 0 4.065
1638598680 22.97 77.39 0 4.065
1638598740 22.96 77.42 0 4.065
1638598800 22.96 77.51 0 4.071
1638598860 22.97 77.54 0 4.065
1638598920 22.99 77.64 0 4.065
1638598980 22.96 77.66 0 4.065
1638599040 22.96 77.75 0 4.065
1638599100 22.95 77.83 0 4.065
1638599160 22.96 77.92 0 4.065
1638599220 22.96 77.99 0 4.065
1638599280 22.93 78.08 0 4.065
1638599340 22.9 78.18 0 4.065
1638599400 22.88 78.26 0 4.065
1638599460 22.89 78.38 0 4.071
1638599520 22.89 78.49 0 4.071
1638599580 22.92 78.62 0 4.065
1638599640 22.9 78.74 0 4.065
1638599700 22.89 78.86 0 4.065
1638599760 22.85 78.92 0 4.065
1638599820 22.86 78.96 0 4.065
1638599880 22.85 78.97 0 4.071
1638599940 22.85 78.92 0 4.065
1638600000 22.85 78.95 0 4.065
1638600060 22.85 79.02 0 4.065
1638600120 22.83 79.02 0 4.071
1638600180 22.85 79.07 0 4.065
1638600240 22.85 79.19 0 4.065
1638600300 22.83 79.22 0 4.065
1638600360 22.8 79.37 0 4.065
1638600420 22.76 79.45 0 4.065
1638600480 22.76 79.46 0 4.065
1638600540 22.76 79.5 0 4.065
1638600600 22.75 79.6 0 4.071
1638600660 22.73 79.71 0 4.065
1638600720 22.68 79.76 0 4.065
1638600780 22.66 79.78 0 4.065
1638600840 22.63 79.85 0 4.065
1638600900 22.61 79.95 0 4.065
1638600960 22.61 80.05 0 4.065
1638601020 22.58 80.13 0 4.065
1638601080 22.55 80.12 0 4.065
1638601140 22.56 80.21 0 4.065
1638601200 22.56 80.3 0 4.065
1638601260 22.54 80.39 0 4.065
1638601320 22.52 80.48 0 4.065
1638601380 22.51 80.51 0 4.065
1638601440 22.46 80.59 0 4.071
1638601500 22.45 80.63 0 4.065
1638601560 22.42 80.68 0 4.065
1638601620 22.38 80.77 0 4.065
1638601680 22.38 80.83 0 4.065
1638601740 22.35 80.9 0 4.065
1638601800 22.32 81 0 4.065
1638601860 22.34 81.07 0 4.065
1638601920 22.31 81.21 0 4.065
1638601980 22.3 81.27 0 4.065
1638602040 22.27 81.4 0 4.065
1638602100 22.24 81.47 0 4.065
1638602160 22.24 81.55 0 4.065
1638602220 22.19 81.66 0 4.065
1638602280 22.16 81.74 0 4.065
1638602340 22.16 81.83 0 4.065
1638602400 22.14 81.96 0 4.065
1638602460 22.11 82.01 0 4.065
1638602520 22.12 82.11 0 4.065
1638602580 22.14 82.2 0 4.065
1638602640 22.14 82.27 0 4.065
1638602700 22.11 82.36 0 4.065
1638602760 22.11 82.42 0 4.065
1638602820 22.07 82.45 0 4.065
1638602880 22.05 82.54 0 4.065
1638602940 22.04 82.51 0 4.065
1638603000 22.04 82.52 0 4.065
1638603060 22.04 82.52 0 4.065
1638603120 22.04 82.58 0 4.065
1638603180 22.03 82.6 0 4.065
1638603240 22.01 82.57 0 4.065
1638603300 22.03 82.61 0 4.065
1638603360 22 82.58 0 4.065
1638603420 21.97 82.58 0 4.065
1638603480 21.97 82.6 0 4.065
1638603540 22 82.64 0 4.065
1638603600 21.98 82.74 0 4.065
1638603660 21.98 82.79 0 4.065
1638603720 21.97 82.91 0 4.065
1638603780 21.95 83.07 0 4.065
1638603840 21.95 83.22 0 4.065
1638603900 21.87 83.19 0 4.065
1638603960 21.84 83.18 0 4.065
1638604020 21.87 83.19 0 4.065
1638604080 21.87 83.22 0 4.065
1638604140 21.88 83.26 0 4.065
1638604200 21.87 83.26 0 4.065
1638604260 21.87 83.3 0 4.065
1638604320 21.87 83.3 0 4.065
1638604380 21.87 83.34 0 4.065
1638604440 21.87 83.39 0 4.065
1638604500 21.88 83.46 0 4.065
1638604560 21.83 83.49 0 4.065
1638604620 21.8 83.5 0 4.065
1638604680 21.81 83.52 0 4.065
1638604740 21.8 83.58 0 4.065
1638604800 21.8 83.69 0 4.065
1638604860 21.8 83.73 0 4.065
1638604920 21.79 83.82 0 4.065
1638604980 21.74 83.91 0 4.065
1638605040 21.73 83.98 0 4.065
1638605100 21.7 84.02 0 4.065
1638605160 21.68 83.98 0 4.06
1638605220 21.67 83.98 0 4.065
1638605280 21.63 83.89 0 4.065
1638605340 21.67 83.84 0 4.065
1638605400 21.67 83.75 0 4.065
1638605460 21.68 83.66 0 4.065
1638605520 21.68 83.64 0 4.065
1638605580 21.67 83.47 0 4.065
1638605640 21.71 83.41 0 4.06
1638605700 21.7 83.32 0 4.06
1638605760 21.68 83.26 0 4.065
1638605820 21.7 83.12 0 4.065
1638605880 21.68 83.1 0 4.065
1638605940 21.67 83.1 0 4.065
1638606000 21.67 83.07 0 4.065
1638606060 21.7 83.06 0 4.06
1638606120 21.64 83.03 0 4.065
1638606180 21.65 82.97 0 4.065
1638606240 21.65 82.93 0 4.065
1638606300 21.63 82.89 0 4.065
1638606360 21.63 82.76 0 4.065
1638606420 21.64 82.65 0 4.065
1638606480 21.67 82.58 0 4.065
1638606540 21.67 82.55 0 4.065
1638606600 21.65 82.46 0 4.065
1638606660 21.64 82.38 0 4.065
1638606720 21.65 82.29 0 4.065
1638606780 21.65 82.22 0 4.065
1638606840 21.64 82.14 0 4.065
1638606900 21.65 82.05 0 4.065
1638606960 21.68 82 0 4.065
1638607020 21.65 81.95 0 4.065
1638607080 21.67 81.9 0 4.065
1638607140 21.67 81.92 0 4.065
1638607200 21.67 81.87 0 4.065
1638607260 21.65 81.87 0 4.06
1638607320 21.67 81.76 0 4.06
1638607380 21.65 81.69 0 4.065
1638607440 21.67 81.6 0 4.06
1638607500 21.68 81.56 0 4.065
1638607560 21.71 81.55 0 4.06
1638607620 21.73 81.46 0 4.065
1638607680 21.73 81.39 0 4.065
1638607740 21.76 81.38 0 4.065
1638607800 21.76 81.32 0 4.06
1638607860 21.81 81.28 0 4.06
1638607920 21.85 81.33 0 4.065
1638607980 21.83 81.32 0 4.06
1638608040 21.81 81.34 0 4.065
1638608100 21.83 81.3 0 4.06
1638608160 21.83 81.35 0 4.065
1638608220 21.8 81.35 0 4.065
1638608280 21.81 81.34 0 4.06
1638608340 21.83 81.36 0 4.065
1638608400 21.84 81.38 0 4.06
1638608460 21.85 81.57 0 4.065
1638608520 21.9 81.78 0 4.065
1638608580 21.88 81.96 0 4.06
1638608640 21.87 82.22 0 4.06
1638608700 21.87 82.37 0 4.06
1638608760 21.87 82.51 0 4.06
1638608820 21.83 82.67 0 4.06
1638608880 21.85 82.72 0 4.065
1638608940 21.85 82.77 0 4.065
1638609000 21.83 82.8 0 4.06
1638609060 21.85 82.9 0 4.065
1638609120 21.84 82.87 0 4.06
1638609180 21.85 82.87 0 4.06
1638609240 21.83 82.81 0 4.06
1638609300 21.83 82.7 0 4.065
1638609360 21.84 82.67 0 4.06
1638609420 21.84 82.63 0 4.065
1638609480 21.84 82.59 0 4.065
1638609540 21.84 82.55 0 4.065
1638609600 21.84 82.56 0 4.06
1638609660 21.84 82.56 0 4.06
1638609720 21.84 82.59 0 4.065
1638609780 21.81 82.63 0 4.06
1638609840 21.81 82.63 0 4.06
1638609900 21.79 82.72 0 4.06
1638609960 21.76 82.76 0 4.06
1638610020 21.71 82.83 0 4.06
1638610080 21.68 82.92 0 4.06
1638610140 21.64 83.02 0 4.065
1638610200 21.64 83.12 0 4.065
1638610260 21.64 83.2 0 4.065
1638610320 21.61 83.34 0 4.06
1638610380 21.6 83.44 0 4.06
1638610440 21.6 83.6 0 4.06
1638610500 21.56 83.72 0 4.06
1638610560 21.56 83.83 0 4.06
1638610620 21.56 83.9 0 4.065
1638610680 21.56 83.98 0 4.06
1638610740 21.53 84.06 0 4.06
1638610800 21.49 84.15 0 4.06
1638610860 21.49 84.21 0 4.06
1638610920 21.49 84.29 0 4.065
1638610980 21.43 84.36 0 4.06
1638611040 21.43 84.47 0 4.06
1638611100 21.39 84.56 0 4.06
1638611160 21.4 84.63 0 4.065
1638611220 21.37 84.71 0 4.06
1638611280 21.42 84.84 0 4.065
1638611340 21.4 84.94 0 4.065
1638611400 21.36 85.03 0 4.06
1638611460 21.37 85.12 0 4.06
1638611520 21.34 85.17 0 4.06
1638611580 21.34 85.17 0 4.06
1638611640 21.34 85.22 0 4.06
1638611700 21.32 85.26 0 4.06
1638611760 21.33 85.34 0 4.06
1638611820 21.33 85.34 0 4.06
1638611880 21.32 85.41 0 4.06
1638611940 21.34 85.45 0 4.065
1638612000 21.32 85.49 0 4.06
1638612060 21.29 85.53 0 4.06
1638612120 21.32 85.6 0 4.06
1638612180 21.28 85.64 0 4.065
1638612240 21.26 85.63 0 4.06
1638612300 21.26 85.64 0 4.06
1638612360 21.23 85.66 0 4.06
1638612420 21.23 85.63 0 4.06
1638612480 21.19 85.5 0 4.06
1638612540 21.2 85.39 0 4.06
1638612600 21.22 85.25 0 4.065
1638612660 21.23 85.17 0 4.06
1638612720 21.22 85.03 0 4.06
1638612780 21.23 85.01 0 4.06
1638612840 21.23 84.88 0 4.065
1638612900 21.23 84.84 0 4.06
1638612960 21.22 84.75 0 4.06
1638613020 21.22 84.67 0 4.06
1638613080 21.2 84.65 0 4.06
1638613140 21.19 84.62 0 4.06
1638613200 21.19 84.58 0 4.06
1638613260 21.16 84.51 0 4.06
1638613320 21.16 84.55 0 4.06
1638613380 21.16 84.58 0 4.06
1638613440 21.13 84.57 0 4.06
1638613500 21.13 84.59 0 4.06
1638613560 21.13 84.64 0 4.06
1638613620 21.12 84.69 0 4.06
1638613680 21.07 84.67 0 4.06
1638613740 21.05 84.73 0 4.06
1638613800 21.02 84.75 0 4.065
1638613860 21 84.72 0 4.06
1638613920 21 84.73 0 4.06
1638613980 20.99 84.76 0 4.06
1638614040 20.98 84.73 0 4.06
1638614100 20.98 84.78 0 4.06
1638614160 20.93 84.77 0 4.06
1638614220 20.93 84.8 0 4.06
1638614280 20.93 84.82 0 4.06
1638614340 20.89 84.83 0 4.06
1638614400 20.89 84.89 0 4.06
1638614460 20.89 84.98 0 4.06
1638614520 20.86 85.07 0 4.06
1638614580 20.86 85.15 0 4.06
1638614640 20.86 85.23 0 4.06
1638614700 20.83 85.28 0 4.06
1638614760 20.83 85.33 0 4.06
1638614820 20.81 85.41 0 4.06
1638614880 20.82 85.5 0 4.06
1638614940 20.79 85.6 0 4.06
1638615000 20.79 85.67 0 4.065
1638615060 20.75 85.73 0 4.06
1638615120 20.77 85.81 0 4.06
1638615180 20.72 85.84 0 4.06
1638615240 20.71 85.87 0 4.06
1638615300 20.74 85.95 0 4.06
1638615360 20.75 86 0 4.06
1638615420 20.71 86.01 0 4.06
1638615480 20.85 86.11 0 4.06
1638615540 20.88 86.13 0 4.06
1638615600 20.88 86.18 0 4.06
1638615660 20.89 86.23 0 4.06
1638615720 20.89 86.29 0 4.06
1638615780 20.86 86.32 4 4.06
1638615840 20.86 86.37 0 4.06
1638615900 20.89 86.44 4 4.06
1638615960 20.86 86.49 4 4.06
1638616020 20.83 86.54 4 4.06
1638616080 20.82 86.65 4 4.06
1638616140 20.81 86.67 4 4.06
1638616200 20.79 86.74 4 4.06
1638616260 20.78 86.8 4 4.06
1638616320 20.79 86.89 4 4.06
1638616380 20.77 86.93 4 4.06
1638616440 20.79 86.99 4 4.055
1638616500 20.77 87.09 4 4.06
1638616560 20.79 87.18 4 4.06
1638616620 20.74 87.2 4 4.06
1638616680 20.78 87.35 10 4.06
1638616740 20.78 87.42 10 4.06
1638616800 20.77 87.43 10 4.06
1638616860 20.74 87.53 10 4.055
1638616920 20.77 87.58 10 4.055
1638616980 20.75 87.66 16 4.06
1638617040 20.78 87.67 16 4.06
1638617100 20.79 87.71 16 4.06
1638617160 20.82 87.79 16 4.06
1638617220 20.82 87.83 16 4.055
1638617280 20.79 87.85 22 4.06
1638617340 20.83 87.89 22 4.06
1638617400 20.83 87.94 22 4.06
1638617460 20.85 87.97 28 4.06
1638617520 20.86 88 28 4.06
1638617580 20.9 88 28 4.055
1638617640 20.93 88.02 28 4.06
1638617700 20.93 88.07 28 4.06
1638617760 20.95 88.1 28 4.06
1638617820 20.98 88.14 34 4.06
1638617880 20.96 88.08 34 4.06
1638617940 20.96 88.08 34 4.06
1638618000 21.05 88.07 34 4.055
1638618060 21.03 88.07 34 4.06
1638618120 21.06 88.07 40 4.06
1638618180 21.06 88 40 4.06
1638618240 21.12 87.96 40 4.06
1638618300 21.12 87.94 40 4.06
1638618360 21.16 87.86 46 4.06
1638618420 21.16 87.78 46 4.06
1638618480 21.18 87.72 46 4.06
1638618540 21.23 87.67 52 4.055
1638618600 21.23 87.57 52 4.06
1638618660 21.29 87.48 52 4.06
1638618720 21.33 87.41 52 4.055
1638618780 21.33 87.3 58 4.06
1638618840 21.37 87.21 58 4.06
1638618900 21.43 87.12 64 4.055
1638618960 21.47 87.01 64 4.06
1638619020 21.53 86.95 70 4.055
1638619080 21.57 86.82 70 4.06
1638619140 21.61 86.82 70 4.06
1638619200 21.64 86.71 76 4.06
1638619260 21.67 86.61 76 4.06
1638619320 21.71 86.51 76 4.06
1638619380 21.79 86.47 82 4.06
1638619440 21.84 86.41 82 4.06
1638619500 21.88 86.29 88 4.06
1638619560 21.91 86.2 88 4.055
1638619620 21.98 86.11 94 4.06
1638619680 22.04 86.08 94 4.06
1638619740 22.11 85.95 100 4.06
1638619800 22.14 85.89 100 4.06
1638619860 22.16 85.76 100 4.055
1638619920 22.24 85.67 100 4.06
1638619980 22.3 85.59 106 4.06
1638620040 22.36 85.48 106 4.06
1638620100 22.38 85.34 106 4.06
1638620160 22.39 85.26 106 4.06
1638620220 22.41 85.12 112 4.06
1638620280 22.45 84.95 112 4.06
1638620340 22.48 84.91 118 4.06
1638620400 22.52 84.77 131 4.06
1638620460 22.56 84.64 131 4.06
1638620520 22.61 84.49 137 4.06
1638620580 22.68 84.4 137 4.06
1638620640 22.76 84.2 137 4.06
1638620700 22.85 84.08 143 4.06
1638620760 22.88 83.91 143 4.065
1638620820 22.86 83.77 149 4.06
1638620880 22.89 83.61 149 4.06
1638620940 22.95 83.58 155 4.06
1638621000 22.99 83.39 155 4.06
1638621060 23.05 83.29 155 4.06
1638621120 23.13 83.13 155 4.065
1638621180 23.16 82.99 161 4.065
1638621240 23.24 82.77 161 4.065
1638621300 23.2 82.65 161 4.065
1638621360 23.2 82.5 167 4.06
1638621420 23.14 82.31 167 4.065
1638621480 23.19 82.17 167 4.065
1638621540 23.23 82.05 167 4.065
1638621600 23.24 81.86 167 4.065
1638621660 23.3 81.75 167 4.065
1638621720 23.41 81.61 167 4.065
1638621780 23.49 81.43 173 4.065
1638621840 23.47 81.25 173 4.065
1638621900 23.51 81.08 173 4.065
1638621960 23.49 80.9 173 4.065
1638622020 23.56 80.76 173 4.065
1638622080 23.57 80.59 173 4.065
1638622140 23.61 80.4 173 4.065
1638622200 23.7 80.25 179 4.065
1638622260 23.75 80.05 173 4.065
1638622320 23.77 79.89 173 4.065
1638622380 23.78 79.76 173 4.065
1638622440 23.84 79.7 173 4.065
1638622500 23.94 79.57 167 4.065
1638622560 23.98 79.45 161 4.065
1638622620 23.98 79.27 161 4.065
1638622680 24 79.2 161 4.065
1638622740 24.02 79.05 161 4.065
1638622800 24.04 79 161 4.065
1638622860 24.08 78.96 161 4.065
1638622920 24.07 78.78 161 4.065
1638622980 24.1 78.65 155 4.065
1638623040 24.11 78.46 155 4.065
1638623100 24.12 78.33 155 4.065
1638623160 24.12 78.19 149 4.065
1638623220 24.08 78.14 155 4.065
1638623280 24.07 78.07 155 4.065
1638623340 24.16 77.97 149 4.065
1638623400 24.26 77.92 155 4.065
1638623460 24.23 77.87 149 4.065
1638623520 24.14 77.77 155 4.065
1638623580 24.11 77.72 155 4.065
1638623640 24.12 77.67 149 4.065
1638623700 24.12 77.62 155 4.065
1638623760 24.19 77.59 149 4.065
1638623820 24.25 77.58 155 4.065
1638623880 24.35 77.56 149 4.065
1638623940 24.38 77.49 155 4.065
1638624000 24.45 77.43 155 4.065
1638624060 24.49 77.33 155 4.065
1638624120 24.46 77.33 155 4.065
1638624180 24.39 77.26 155 4.065
1638624240 24.29 77.29 155 4.065
1638624300 24.32 77.32 155 4.065
1638624360 24.32 77.34 155 4.071
1638624420 24.29 77.37 155 4.065
1638624480 24.29 77.43 161 4.065
1638624540 24.29 77.51 161 4.071
1638624600 24.31 77.57 161 4.065
1638624660 24.28 77.61 161 4.065
1638624720 24.21 77.7 161 4.065
1638624780 24.23 77.76 167 4.071
1638624840 24.26 77.86 167 4.071
1638624900 24.29 77.95 167 4.065
1638624960 24.26 78.02 167 4.065
1638625020 24.26 78.13 173 4.065
1638625080 24.23 78.17 173 4.065
1638625140 24.15 78.19 173 4.065
1638625200 24.04 78.27 179 4.071
1638625260 24 78.35 179 4.071
1638625320 23.95 78.44 179 4.065
1638625380 24 78.57 179 4.071
1638625440 24.07 78.68 185 4.071
1638625500 24.07 78.61 191 4.071
1638625560 24.02 78.57 191 4.071
1638625620 24.05 78.54 191 4.071
1638625680 24.05 78.5 197 4.071
1638625740 24.05 78.5 197 4.071
1638625800 24.07 78.5 203 4.071
1638625860 24.08 78.43 203 4.071
1638625920 24.18 78.35 209 4.076
1638625980 24.19 78.25 209 4.071
1638626040 24.33 78.19 209 4.071
1638626100 24.4 78.15 215 4.071
1638626160 24.42 78.11 215 4.071
1638626220 24.53 78.08 221 4.071
1638626280 24.62 77.99 221 4.071
1638626340 24.65 77.88 227 4.071
1638626400 24.69 77.74 227 4.071
1638626460 24.75 77.59 233 4.071
1638626520 24.85 77.49 233 4.076
1638626580 24.87 77.27 233 4.071
1638626640 25.02 77.13 239 4.071
1638626700 25.03 77 239 4.071
1638626760 25.09 76.89 245 4.076
1638626820 25.13 76.72 245 4.076
1638626880 25.2 76.63 249 4.076
1638626940 25.31 76.44 249 4.076
1638627000 25.44 76.26 257 4.076
1638627060 25.49 76.08 256 4.076
1638627120 25.6 75.98 263 4.076
1638627180 25.63 75.8 263 4.076
1638627240 25.71 75.59 263 4.076
1638627300 25.78 75.43 269 4.082
1638627360 25.75 75.17 269 4.076
1638627420 25.91 75.01 269 4.076
1638627480 25.89 74.81 275 4.076
1638627540 26.01 74.61 275 4.076
1638627600 25.93 74.36 269 4.076
1638627660 25.98 74.17 275 4.076
1638627720 25.85 73.93 281 4.076
1638627780 25.96 73.8 281 4.076
1638627840 26.16 73.68 287 4.082
1638627900 26.32 73.49 293 4.082
1638627960 26.38 73.3 335 4.076
1638628020 26.39 73.08 408 4.076
1638628080 26.44 72.9 533 4.082
1638628140 26.6 72.76 611 4.082
1638628200 26.67 72.49 605 4.082
1638628260 26.54 72.21 587 4.082
1638628320 26.63 72.09 564 4.082
1638628380 26.87 71.93 466 4.082
1638628440 27.08 71.65 496 4.076
1638628500 27.1 71.36 545 4.082
1638628560 27.41 71.16 390 4.076
1638628620 27.65 70.86 593 4.082
1638628680 27.72 70.53 508 4.082
1638628740 27.65 70.2 490 4.082
1638628800 27.64 69.89 478 4.076
1638628860 27.71 69.67 371 4.082
1638628920 27.66 69.4 408 4.082
1638628980 27.59 69.11 341 4.082
1638629040 27.35 68.81 396 4.082
1638629100 27.44 68.58 408 4.082
1638629160 27.23 68.34 448 4.082
1638629220 27.23 68.23 382 4.082
1638629280 27.41 68.12 341 4.082
1638629340 27.52 67.93 317 4.082
1638629400 27.66 67.75 323 4.082
1638629460 27.59 67.62 305 4.082
1638629520 27.45 67.41 334 4.076
1638629580 27.49 67.25 448 4.082
1638629640 27.64 67.13 521 4.082
1638629700 27.78 66.98 496 4.082
1638629760 27.89 66.84 402 4.082
1638629820 27.95 66.65 371 4.082
1638629880 27.86 66.46 353 4.082
1638629940 27.69 66.29 557 4.082
1638630000 27.89 66.25 677 4.082
1638630060 27.88 66.14 629 4.082
1638630120 27.98 66.03 484 4.082
1638630180 27.99 65.87 365 4.082
1638630240 27.85 65.6 377 4.082
1638630300 27.68 65.52 287 4.087
1638630360 27.48 65.44 287 4.082
1638630420 27.45 65.4 287 4.082
1638630480 27.68 65.41 281 4.082
1638630540 27.84 65.4 323 4.082
1638630600 27.96 65.3 359 4.082
1638630660 27.94 65.27 426 4.087
1638630720 27.84 65.19 496 4.087
1638630780 27.78 65.08 390 4.087
1638630840 27.81 65.01 341 4.087
1638630900 27.71 64.91 299 4.082
1638630960 27.88 64.91 299 4.082
1638631020 27.89 64.82 293 4.082
1638631080 28.02 64.79 390 4.082
1638631140 28.16 64.65 396 4.082
1638631200 28.02 64.57 408 4.082
1638631260 27.89 64.43 335 4.087
1638631320 27.76 64.35 353 4.082
1638631380 27.56 64.3 323 4.082
1638631440 27.41 64.2 299 4.087
1638631500 27.49 64.25 281 4.082
1638631560 27.71 64.32 269 4.082
1638631620 27.78 64.32 287 4.087
1638631680 27.89 64.3 311 4.082
1638631740 28.03 64.3 257 4.082
1638631800 28.08 64.21 311 4.087
1638631860 28.13 64.2 384 4.087
1638631920 28.18 64.15 426 4.087
1638631980 28.05 64.04 323 4.087
1638632040 28.23 64 269 4.087
1638632100 28.26 63.99 263 4.082
1638632160 28.1 63.8 269 4.087
1638632220 28.12 63.67 269 4.082
1638632280 28.33 63.6 269 4.082
1638632340 28.49 63.52 269 4.087
1638632400 28.54 63.52 275 4.087
1638632460 28.69 63.47 275 4.082
1638632520 28.69 63.32 269 4.087
1638632580 28.74 63.28 269 4.087
1638632640 28.7 63.16 281 4.087
1638632700 28.77 63.03 269 4.087
1638632760 28.69 62.92 245 4.087
1638632820 28.67 62.78 209 4.087
1638632880 28.78 62.73 221 4.087
1638632940 28.8 62.68 245 4.087
1638633000 28.8 62.51 281 4.087
1638633060 28.67 62.35 341 4.087
1638633120 28.7 62.21 311 4.087
1638633180 28.81 62.21 317 4.087
1638633240 28.74 62.17 329 4.087
1638633300 28.57 61.96 402 4.087
1638633360 28.63 61.9 540 4.087
1638633420 28.51 61.83 504 4.087
1638633480 28.8 61.9 755 4.087
1638633540 28.9 61.82 667 4.092
1638633600 29.22 61.85 689 4.087
1638633660 29.26 61.67 486 4.092
1638633720 29.32 61.55 673 4.087
1638633780 29.56 61.41 942 4.092
1638633840 29.76 61.32 1087 4.092
1638633900 29.66 61.11 1100 4.092
1638633960 29.89 60.95 1109 4.082
1638634020 30.16 60.53 1099 4.087
1638634080 30.33 60.37 1081 4.092
1638634140 30.7 60.12 798 4.087
1638634200 30.82 59.75 697 4.092
1638634260 30.92 59.47 365 4.087
1638634320 31.22 59.2 402 4.092
1638634380 31.12 58.84 341 4.092
1638634440 31.31 58.56 323 4.092
1638634500 31.39 58.28 540 4.092
1638634560 31.32 57.95 737 4.092
1638634620 31.22 57.59 763 4.098
1638634680 30.91 57.23 865 4.092
1638634740 30.98 57 912 4.082
1638634800 31.04 56.78 510 4.092
1638634860 30.95 56.59 432 4.087
1638634920 31.09 56.41 474 4.092
1638634980 30.84 56.08 347 4.092
1638635040 30.97 55.91 335 4.087
1638635100 30.77 55.68 492 4.098
1638635160 30.68 55.57 799 4.092
1638635220 30.79 55.54 1025 4.087
1638635280 31.04 55.53 1067 4.082
1638635340 31.21 55.51 1019 4.082
1638635400 31.38 55.45 989 4.082
1638635460 31.45 55.35 923 4.098
1638635520 31.53 55.21 886 4.082
1638635580 31.32 55.04 929 4.103
1638635640 31.17 54.83 921 4.103
1638635700 31.35 54.82 846 4.087
1638635760 31.49 54.64 892 4.087
1638635820 31.52 54.39 965 4.103
1638635880 31.49 54.24 1043 4.082
1638635940 31.36 54.03 768 4.082
1638636000 31.21 53.86 886 4.082
1638636060 31.05 53.76 923 4.082
1638636120 30.99 53.65 923 4.103
1638636180 30.97 53.61 1025 4.103
1638636240 31.09 53.56 1072 4.076
1638636300 30.79 53.44 1084 4.082
1638636360 30.79 53.38 661 4.082
1638636420 30.98 53.37 554 4.098
1638636480 31.14 53.35 911 4.082
1638636540 31.18 53.25 917 4.082
1638636600 31.02 53.22 886 4.082
1638636660 31.08 53.17 867 4.082
1638636720 30.95 53.1 947 4.108
1638636780 31.08 53.09 971 4.108
1638636840 30.98 53.07 828 4.082
1638636900 30.94 53.05 347 4.092
1638636960 30.82 53.05 822 4.082
1638637020 30.75 53 971 4.082
1638637080 30.78 53.07 1019 4.082
1638637140 30.75 53 957 4.082
1638637200 30.74 53.04 792 4.082
1638637260 30.61 53.08 899 4.103
1638637320 30.89 53.15 929 4.087
1638637380 31.07 53.13 971 4.082
1638637440 31.18 53.16 929 4.082
1638637500 31.46 53.15 917 4.087
1638637560 31.36 53.09 892 4.103
1638637620 31.26 52.99 965 4.108
1638637680 31.11 52.91 983 4.108
1638637740 31.35 52.91 1058 4.114
1638637800 31.52 52.94 1088 4.114
1638637860 31.43 52.98 1090 4.114
1638637920 31.55 53 1088 4.119
1638637980 31.43 52.85 1076 4.114
1638638040 31.51 52.88 1076 4.114
1638638100 31.75 52.86 1076 4.114
1638638160 32.02 52.78 1070 4.114
1638638220 32.12 52.77 1064 4.119
1638638280 32.24 52.68 1064 4.119
1638638340 32.2 52.62 1064 4.119
1638638400 32.03 52.42 1070 4.125
1638638460 31.9 52.35 1064 4.119
1638638520 32.02 52.23 1058 4.119
1638638580 32.06 52.02 1060 4.125
1638638640 32.2 51.99 1052 4.119
1638638700 32.29 51.88 1052 4.119
1638638760 32.27 51.87 1046 4.119
1638638820 32.51 51.78 1016 4.119
1638638880 32.65 51.67 1042 4.119
1638638940 32.68 51.5 1066 4.125
1638639000 32.51 51.3 1064 4.125
1638639060 32.64 51.24 1060 4.119
1638639120 32.7 51.16 1060 4.125
1638639180 32.57 51.13 1058 4.125
1638639240 32.8 51.02 1048 4.125
1638639300 32.94 50.98 1054 4.125
1638639360 33.01 50.77 1054 4.098
1638639420 33.08 50.7 1048 4.098
1638639480 32.74 50.57 1048 4.098
1638639540 32.7 50.51 1054 4.098
1638639600 32.68 50.47 1060 4.098
1638639660 32.6 50.53 1064 4.098
1638639720 32.5 50.57 1066 4.098
1638639780 32.4 50.61 1052 4.092
1638639840 32.65 50.63 1042 4.092
1638639900 32.54 50.62 1042 4.092
1638639960 32.82 50.6 1052 4.098
1638640020 32.71 50.41 1060 4.092
1638640080 32.65 50.29 1058 4.098
1638640140 32.63 50.2 1058 4.092
1638640200 32.85 50.19 1054 4.092
1638640260 32.78 50.13 1052 4.092
1638640320 32.61 50.11 1058 4.092
1638640380 32.55 50.23 1058 4.092
1638640440 32.53 50.36 1070 4.092
1638640500 32.54 50.46 1082 4.087
1638640560 32.64 50.58 1064 4.092
1638640620 32.74 50.67 1058 4.087
1638640680 32.64 50.67 1058 4.098
1638640740 32.6 50.87 1064 4.092
1638640800 32.81 51.06 1088 4.092
1638640860 32.85 51.12 271 4.098
1638640920 32.73 51.16 271 4.098
1638640980 32.38 51.19 630 4.092
1638641040 32.43 51.36 1010 4.092
1638641100 32.29 51.56 1155 4.092
1638641160 32.26 51.8 1144 4.119
1638641220 32.06 52.01 277 4.103
1638641280 31.99 52.27 228 4.098
1638641340 31.76 52.52 234 4.103
1638641400 31.46 52.72 259 4.103
1638641460 31.22 52.99 355 4.103
1638641520 31.04 53.32 588 4.092
1638641580 30.84 53.7 962 4.098
1638641640 30.67 54.05 992 4.092
1638641700 30.66 54.45 1040 4.092
1638641760 30.73 54.74 1046 4.098
1638641820 30.75 55.03 962 4.092
1638641880 30.75 55.33 283 4.103
1638641940 30.92 55.51 1126 4.092
1638642000 30.81 55.73 252 4.103
1638642060 30.73 56.02 210 4.098
1638642120 30.46 56.22 216 4.098
1638642180 30.33 56.54 594 4.092
1638642240 29.92 56.79 295 4.103
1638642300 29.86 57.19 204 4.098
1638642360 29.85 57.54 216 4.098
1638642420 29.79 57.87 252 4.103
1638642480 29.76 58.22 295 4.103
1638642540 29.82 58.55 474 4.098
1638642600 29.77 58.86 1082 4.098
1638642660 29.92 59.16 1088 4.092
1638642720 30.12 59.38 1076 4.092
1638642780 30.26 59.56 325 4.103
1638642840 30.46 59.73 896 4.098
1638642900 30.56 59.8 1064 4.092
1638642960 30.67 59.84 1094 4.119
1638643020 30.88 59.81 283 4.103
1638643080 30.7 59.9 265 4.103
1638643140 30.31 59.92 572 4.098
1638643200 30.19 59.95 956 4.092
1638643260 30.22 60 319 4.103
1638643320 30.2 60.03 518 4.098
1638643380 30.17 60.08 841 4.098
1638643440 30.2 60.09 283 4.103
1638643500 30.03 60.02 891 4.098
1638643560 30.09 60.11 987 4.098
1638643620 30.34 60.17 781 4.098
1638643680 30.46 60.27 1016 4.092
1638643740 30.61 60.31 745 4.092
1638643800 30.54 60.41 385 4.103
1638643860 30.57 60.47 265 4.098
1638643920 30.16 60.52 228 4.098
1638643980 30.16 60.75 210 4.098
1638644040 30.15 60.85 499 4.103
1638644100 30.02 60.94 715 4.092
1638644160 30.06 61.04 926 4.092
1638644220 30.05 61.1 933 4.092
1638644280 30.09 61.21 914 4.092
1638644340 30.28 61.39 902 4.092
1638644400 30.47 61.36 902 4.092
1638644460 30.47 61.3 877 4.092
1638644520 30.48 61.21 853 4.092
1638644580 30.33 61.13 847 4.098
1638644640 30.34 61.08 865 4.092
1638644700 30.54 61.09 865 4.092
1638644760 30.68 61.01 871 4.098
1638644820 30.92 61.04 829 4.092
1638644880 31.12 60.92 739 4.092
1638644940 31.02 60.68 896 4.092
1638645000 31.11 60.47 757 4.092
1638645060 30.95 60.22 781 4.092
1638645120 31.21 60.15 793 4.092
1638645180 31.48 60.03 841 4.092
1638645240 31.35 59.79 204 4.098
1638645300 31.02 59.53 192 4.098
1638645360 30.66 59.44 847 4.092
1638645420 30.41 59.39 847 4.092
1638645480 30.38 59.41 469 4.103
1638645540 30.33 59.4 564 4.092
1638645600 30.3 59.43 252 4.098
1638645660 30.4 59.5 347 4.098
1638645720 30.3 59.5 192 4.092
1638645780 30.24 59.59 853 4.092
1638645840 30.22 59.65 859 4.092
1638645900 30.33 59.77 865 4.092
1638645960 30.37 59.8 859 4.092
1638646020 30.3 59.85 259 4.098
1638646080 30.47 59.89 192 4.098
1638646140 30.38 59.91 843 4.103
1638646200 30.16 59.98 820 4.103
1638646260 30.31 60.11 802 4.103
1638646320 30.13 60.12 301 4.103
1638646380 30.3 60.25 826 4.108
1638646440 30.2 60.33 656 4.103
1638646500 30.28 60.41 640 4.103
1638646560 30.47 60.49 801 4.108
1638646620 30.43 60.46 722 4.103
1638646680 30.4 60.42 457 4.103
1638646740 30.53 60.31 543 4.108
1638646800 30.13 60.12 873 4.098
1638646860 30.09 59.99 837 4.098
1638646920 30.44 60.03 271 4.103
1638646980 30.27 59.75 289 4.103
1638647040 30.16 59.6 271 4.103
1638647100 29.96 59.63 530 4.103
1638647160 30.05 59.59 319 4.103
1638647220 29.89 59.52 252 4.103
1638647280 29.71 59.6 216 4.103
1638647340 29.71 59.74 210 4.103
1638647400 29.66 59.74 204 4.103
1638647460 29.62 59.87 192 4.103
1638647520 29.69 59.91 180 4.103
1638647580 29.55 60 174 4.103
1638647640 29.48 60.15 174 4.103
1638647700 29.56 60.3 180 4.103
1638647760 29.39 60.37 180 4.103
1638647820 29.36 60.63 168 4.103
1638647880 29.32 60.78 174 4.108
1638647940 29.22 60.91 168 4.103
1638648000 29.05 61.03 180 4.103
1638648060 28.94 61.26 174 4.103
1638648120 28.97 61.41 168 4.103
1638648180 28.78 61.55 150 4.103
1638648240 28.64 61.67 150 4.103
1638648300 28.59 61.91 156 4.103
1638648360 28.5 62.09 150 4.103
1638648420 28.56 62.14 150 4.103
1638648480 28.54 62.26 174 4.103
1638648540 28.53 62.36 210 4.103
1638648600 28.49 62.55 427 4.103
1638648660 28.56 62.73 252 4.103
1638648720 28.45 62.83 234 4.108
1638648780 28.46 62.9 385 4.103
1638648840 28.39 63.05 676 4.103
1638648900 28.64 63.16 676 4.108
1638648960 28.78 63.18 682 4.108
1638649020 28.89 63.17 682 4.108
1638649080 29.05 63.03 676 4.108
1638649140 29.25 63.04 676 4.108
1638649200 29.69 63.03 676 4.108
1638649260 29.59 62.88 688 4.108
1638649320 29.71 62.8 682 4.108
1638649380 29.77 62.71 664 4.108
1638649440 29.8 62.6 658 4.108
1638649500 29.86 62.47 646 4.108
1638649560 29.98 62.33 640 4.108
1638649620 29.92 62.22 646 4.108
1638649680 29.82 62.09 633 4.108
1638649740 30.05 61.99 621 4.108
1638649800 30.19 61.91 591 4.108
1638649860 29.99 61.83 573 4.108
1638649920 30.16 61.83 549 4.108
1638649980 30.4 61.68 475 4.108
1638650040 30.26 61.55 367 4.108
1638650100 30.02 61.44 331 4.108
1638650160 29.9 61.42 228 4.103
1638650220 29.75 61.44 204 4.108
1638650280 29.61 61.44 174 4.108
1638650340 29.36 61.39 174 4.103
1638650400 29.11 61.43 301 4.108
1638650460 29.21 61.57 246 4.108
1638650520 28.97 61.61 234 4.108
1638650580 28.91 61.69 210 4.108
1638650640 28.75 61.79 144 4.103
1638650700 28.87 61.86 132 4.108
1638650760 28.77 61.98 138 4.108
1638650820 28.73 62.05 204 4.108
1638650880 28.75 62.13 144 4.108
1638650940 28.7 62.24 174 4.108
1638651000 28.69 62.31 174 4.108
1638651060 28.77 62.47 168 4.108
1638651120 28.67 62.53 150 4.108
1638651180 28.59 62.55 150 4.108
1638651240 28.54 62.65 156 4.108
1638651300 28.46 62.78 162 4.103
1638651360 28.33 62.86 174 4.108
1638651420 28.29 62.96 174 4.108
1638651480 28.42 63.09 180 4.108
1638651540 28.43 63.23 174 4.108
1638651600 28.46 63.39 174 4.108
1638651660 28.47 63.49 174 4.108
1638651720 28.5 63.65 168 4.108
1638651780 28.61 63.72 168 4.108
1638651840 28.67 63.78 168 4.108
1638651900 28.7 63.93 162 4.108
1638651960 28.75 64.11 156 4.108
1638652020 28.69 64.13 150 4.108
1638652080 28.6 64.21 144 4.108
1638652140 28.49 64.35 132 4.108
1638652200 28.45 64.45 132 4.108
1638652260 28.45 64.63 126 4.108
1638652320 28.46 64.78 120 4.108
1638652380 28.4 64.86 114 4.108
1638652440 28.39 65.01 114 4.108
1638652500 28.39 65.08 108 4.108
1638652560 28.4 65.16 102 4.108
1638652620 28.49 65.24 96 4.108
1638652680 28.45 65.28 72 4.103
1638652740 28.36 65.3 84 4.103
1638652800 28.22 65.31 78 4.103
1638652860 28.09 65.36 84 4.103
1638652920 28.06 65.36 84 4.103
1638652980 28.1 65.44 96 4.103
1638653040 28.09 65.44 102 4.108
1638653100 28.1 65.5 102 4.103
1638653160 28 65.52 108 4.108
1638653220 27.98 65.55 102 4.103
1638653280 28 65.61 96 4.103
1638653340 27.94 65.64 90 4.103
1638653400 27.95 65.67 90 4.108
1638653460 27.96 65.66 84 4.108
1638653520 27.94 65.62 60 4.108
1638653580 27.95 65.63 54 4.108
1638653640 27.91 65.67 60 4.103
1638653700 27.94 65.72 54 4.103
1638653760 27.91 65.71 66 4.103
1638653820 27.81 65.66 72 4.103
1638653880 27.81 65.72 72 4.103
1638653940 27.73 65.72 60 4.108
1638654000 27.68 65.83 48 4.103
1638654060 27.62 65.92 42 4.103
1638654120 27.62 66.03 42 4.108
1638654180 27.59 66.12 48 4.103
1638654240 27.58 66.28 60 4.103
1638654300 27.51 66.33 72 4.103
1638654360 27.48 66.49 60 4.103
1638654420 27.47 66.63 66 4.103
1638654480 27.44 66.8 66 4.103
1638654540 27.43 66.97 66 4.103
1638654600 27.4 67.1 66 4.108
1638654660 27.35 67.19 60 4.103
1638654720 27.31 67.28 54 4.103
1638654780 27.25 67.44 42 4.103
1638654840 27.21 67.53 36 4.103
1638654900 27.17 67.7 36 4.103
1638654960 27.11 67.83 36 4.108
1638655020 27.07 68 42 4.103
1638655080 27.04 68.16 42 4.103
1638655140 26.98 68.32 48 4.103
1638655200 26.96 68.42 60 4.103
1638655260 26.97 68.56 54 4.108
1638655320 26.97 68.75 48 4.103
1638655380 26.94 68.92 42 4.103
1638655440 26.91 69.12 36 4.103
1638655500 26.84 69.3 36 4.103
1638655560 26.76 69.48 36 4.103
1638655620 26.7 69.77 36 4.103
1638655680 26.66 69.99 36 4.103
1638655740 26.63 70.21 36 4.103
1638655800 26.56 70.41 42 4.103
1638655860 26.54 70.58 48 4.103
1638655920 26.49 70.72 48 4.103
1638655980 26.46 70.92 54 4.103
1638656040 26.43 71.06 54 4.103
1638656100 26.47 71.27 54 4.103
1638656160 26.47 71.44 54 4.103
1638656220 26.5 71.56 48 4.103
1638656280 26.53 71.67 42 4.103
1638656340 26.54 71.76 42 4.103
1638656400 26.53 71.85 42 4.103
1638656460 26.5 71.94 42 4.103
1638656520 26.49 72.01 36 4.103
1638656580 26.44 72.1 30 4.103
1638656640 26.4 72.25 30 4.103
1638656700 26.35 72.46 30 4.103
1638656760 26.3 72.55 30 4.103
1638656820 26.23 72.82 30 4.103
1638656880 26.18 73.02 30 4.103
1638656940 26.14 73.23 30 4.103
1638657000 26.12 73.4 30 4.103
1638657060 26.09 73.57 30 4.103
1638657120 26.03 73.71 30 4.103
1638657180 26.02 73.77 24 4.103
1638657240 26.02 73.95 18 4.103
1638657300 25.99 74.09 18 4.103
1638657360 26.02 74.23 18 4.103
1638657420 26.01 74.3 12 4.103
1638657480 25.98 74.42 12 4.103
1638657540 25.96 74.5 12 4.103
1638657600 25.95 74.54 12 4.103
1638657660 25.96 74.67 12 4.103
1638657720 25.92 74.72 12 4.103
1638657780 25.88 74.81 6 4.098
1638657840 25.85 74.84 6 4.103
1638657900 25.82 74.89 6 4.103
1638657960 25.84 74.93 6 4.103
1638658020 25.77 74.96 6 4.103
1638658080 25.77 75 6 4.103
1638658140 25.74 75.06 0 4.103
1638658200 25.75 75.1 0 4.103
1638658260 25.69 75.19 0 4.103
1638658320 25.71 75.26 0 4.098
1638658380 25.68 75.35 0 4.103
1638658440 25.64 75.42 0 4.103
1638658500 25.64 75.5 0 4.103
1638658560 25.61 75.6 0 4.103
1638658620 25.61 75.75 0 4.098
1638658680 25.58 75.81 0 4.098
1638658740 25.56 75.97 0 4.103
1638658800 25.54 76.11 0 4.103
1638658860 25.49 76.25 0 4.103
1638658920 25.51 76.35 0 4.103
1638658980 25.45 76.52 0 4.103
1638659040 25.45 76.65 0 4.103
1638659100 25.42 76.8 0 4.103
1638659160 25.37 76.92 0 4.098
1638659220 25.33 77.04 0 4.098
1638659280 25.26 77.16 0 4.098
1638659340 25.26 77.33 0 4.098
1638659400 25.23 77.48 0 4.103
1638659460 25.17 77.57 0 4.103
1638659520 25.17 77.67 0 4.098
1638659580 25.13 77.77 0 4.103
1638659640 25.13 77.89 0 4.103
1638659700 25.12 77.99 0 4.103
1638659760 25.09 78.07 0 4.098
1638659820 25.09 78.18 0 4.103
1638659880 25.06 78.22 0 4.098
1638659940 25.03 78.28 0 4.103
1638660000 24.98 78.34 0 4.103
1638660060 24.97 78.45 0 4.103
1638660120 24.97 78.55 0 4.098
1638660180 24.97 78.68 0 4.103
1638660240 24.96 78.74 0 4.098
1638660300 24.93 78.89 0 4.098
1638660360 24.93 78.99 0 4.098
1638660420 24.93 79.12 0 4.098
1638660480 24.9 79.21 0 4.103
1638660540 24.87 79.32 0 4.098
1638660600 24.85 79.4 0 4.103
1638660660 24.8 79.51 0 4.098
1638660720 24.82 79.67 0 4.098
1638660780 24.8 79.78 0 4.103
1638660840 24.8 79.89 0 4.103
1638660900 24.77 79.97 0 4.103
1638660960 24.77 80.05 0 4.098
1638661020 24.76 80.14 0 4.098
1638661080 24.72 80.2 0 4.103
1638661140 24.7 80.31 0 4.103
1638661200 24.73 80.39 0 4.098
1638661260 24.76 80.46 0 4.098
1638661320 24.75 80.5 0 4.103
1638661380 24.75 80.56 0 4.103
1638661440 24.73 80.65 0 4.103
1638661500 24.7 80.68 0 4.098
1638661560 24.7 80.77 0 4.103
1638661620 24.69 80.83 0 4.098
1638661680 24.7 80.85 0 4.103
1638661740 24.7 80.91 0 4.098
1638661800 24.7 80.96 0 4.103
1638661860 24.7 81 0 4.098
1638661920 24.67 81.03 0 4.098
1638661980 24.66 81.08 0 4.098
1638662040 24.67 81.14 0 4.098
1638662100 24.65 81.18 0 4.098
1638662160 24.66 81.25 0 4.103
1638662220 24.65 81.26 0 4.103
1638662280 24.66 81.32 0 4.098
1638662340 24.67 81.36 0 4.098
1638662400 24.67 81.33 0 4.098
1638662460 24.65 81.36 0 4.103
1638662520 24.69 81.44 0 4.098
1638662580 24.69 81.47 0 4.103
1638662640 24.67 81.48 0 4.098
1638662700 24.66 81.54 0 4.098
1638662760 24.66 81.57 0 4.098
1638662820 24.66 81.61 0 4.098
1638662880 24.67 81.6 0 4.098
1638662940 24.66 81.64 0 4.098
1638663000 24.7 81.64 0 4.098
1638663060 24.69 81.63 0 4.098
1638663120 24.67 81.66 0 4.098
1638663180 24.67 81.64 0 4.098
1638663240 24.67 81.7 0 4.103
1638663300 24.65 81.7 0 4.098
1638663360 24.66 81.7 0 4.098
1638663420 24.66 81.73 0 4.098
1638663480 24.63 81.73 0 4.098
1638663540 24.61 81.73 0 4.098
1638663600 24.62 81.75 0 4.098
1638663660 24.61 81.71 0 4.098
1638663720 24.62 81.7 0 4.098
1638663780 24.62 81.71 0 4.098
1638663840 24.62 81.68 0 4.098
1638663900 24.61 81.66 0 4.098
1638663960 24.65 81.64 0 4.098
1638664020 24.65 81.64 0 4.098
1638664080 24.66 81.59 0 4.098
1638664140 24.65 81.51 0 4.098
1638664200 24.67 81.46 0 4.098
1638664260 24.66 81.45 0 4.103
1638664320 24.69 81.38 0 4.098
1638664380 24.72 81.32 0 4.098
1638664440 24.69 81.26 0 4.098
1638664500 24.73 81.19 0 4.098
1638664560 24.72 81.16 0 4.087
1638664620 24.73 81.07 0 4.092
1638664680 24.73 81.02 0 4.092
1638664740 24.73 80.99 0 4.092
1638664800 24.7 80.91 0 4.092
1638664860 24.75 80.85 0 4.098
1638664920 24.75 80.8 0 4.098
1638664980 24.75 80.8 0 4.092
1638665040 24.76 80.68 0 4.098
1638665100 24.76 80.63 0 4.098
1638665160 24.76 80.61 0 4.098
1638665220 24.8 80.52 0 4.098
1638665280 24.82 80.49 0 4.098
1638665340 24.79 80.44 0 4.098
1638665400 24.8 80.47 0 4.098
1638665460 24.77 80.45 0 4.098
1638665520 24.79 80.46 0 4.098
1638665580 24.76 80.36 0 4.098
1638665640 24.76 80.35 0 4.098
1638665700 24.77 80.34 0 4.098
1638665760 24.75 80.28 0 4.098
1638665820 24.75 80.26 0 4.098
1638665880 24.73 80.23 0 4.098
1638665940 24.66 80.25 0 4.098
1638666000 24.63 80.25 0 4.092
1638666060 24.61 80.3 0 4.098
1638666120 24.58 80.23 0 4.092
1638666180 24.59 80.24 0 4.098
1638666240 24.56 80.19 0 4.098
1638666300 24.55 80.19 0 4.098
1638666360 24.52 80.17 0 4.082
1638666420 24.49 80.17 0 4.098
1638666480 24.48 80.2 0 4.092
1638666540 24.49 80.22 0 4.092
1638666600 24.49 80.26 0 4.098
1638666660 24.48 80.26 0 4.098
1638666720 24.45 80.27 0 4.098
1638666780 24.48 80.31 0 4.092
1638666840 24.46 80.32 0 4.098
1638666900 24.48 80.28 0 4.098
1638666960 24.49 80.13 0 4.098
1638667020 24.55 80.19 0 4.098
1638667080 24.55 80.23 0 4.098
1638667140 24.51 80.24 0 4.092
1638667200 24.51 80.28 0 4.092
1638667260 24.51 80.33 0 4.092
1638667320 24.48 80.34 0 4.092
1638667380 24.53 80.36 0 4.092
1638667440 24.49 80.43 0 4.098
1638667500 24.51 80.41 0 4.092
1638667560 24.46 80.51 0 4.092
1638667620 24.48 80.52 0 4.092
1638667680 24.48 80.56 0 4.092
1638667740 24.43 80.58 0 4.092
1638667800 24.46 80.62 0 4.098
1638667860 24.46 80.67 0 4.092
1638667920 24.43 80.67 0 4.098
1638667980 24.43 80.73 0 4.092
1638668040 24.39 80.75 0 4.092
1638668100 24.39 80.76 0 4.092
1638668160 24.42 80.82 0 4.092
1638668220 24.38 80.84 0 4.092
1638668280 24.39 80.89 0 4.098
1638668340 24.39 80.9 0 4.092
1638668400 24.38 80.94 0 4.092
1638668460 24.36 80.99 0 4.092
1638668520 24.36 81 0 4.098
1638668580 24.36 81.02 0 4.098
1638668640 24.33 81.09 0 4.092
1638668700 24.29 81.11 0 4.092
1638668760 24.29 81.18 0 4.092
1638668820 24.29 81.16 0 4.092
1638668880 24.23 81.17 0 4.098
1638668940 24.25 81.17 0 4.098
1638669000 24.25 81.13 0 4.092
1638669060 24.26 81.13 0 4.092
1638669120 24.23 81.14 0 4.092
1638669180 24.23 81.11 0 4.092
1638669240 24.22 81.12 0 4.092
1638669300 24.22 81.12 0 4.092
1638669360 24.19 81.13 0 4.092
1638669420 24.19 81.12 0 4.092
1638669480 24.16 81.12 0 4.092
1638669540 24.16 81.11 0 4.098
1638669600 24.14 81.12 0 4.092
1638669660 24.14 81.06 0 4.092
1638669720 24.12 81.07 0 4.092
1638669780 24.14 81.1 0 4.092
1638669840 24.11 81.06 0 4.092
1638669900 24.11 81.03 0 4.092
1638669960 24.1 81.04 0 4.092
1638670020 24.08 81.01 0 4.092
1638670080 24.07 81.05 0 4.092
1638670140 24.05 81.08 0 4.092
1638670200 24.02 81.12 0 4.092
1638670260 24 81.17 0 4.092
1638670320 23.95 81.22 0 4.092
1638670380 23.92 81.26 0 4.092
1638670440 23.88 81.31 0 4.092
1638670500 23.88 81.31 0 4.092
1638670560 23.87 81.3 0 4.098
1638670620 23.88 81.2 0 4.092
1638670680 23.94 81.29 0 4.092
1638670740 23.92 81.31 0 4.092
1638670800 23.89 81.35 0 4.092
1638670860 23.91 81.39 0 4.092
1638670920 23.89 81.42 0 4.092
1638670980 23.88 81.42 0 4.092
1638671040 23.89 81.47 0 4.092
1638671100 23.88 81.49 0 4.092
1638671160 23.91 81.55 0 4.092
1638671220 23.94 81.61 0 4.092
1638671280 23.95 81.73 0 4.092
1638671340 23.97 81.84 0 4.092
1638671400 23.98 81.92 0 4.092
1638671460 24.01 82.04 0 4.092
1638671520 23.95 82.13 0 4.092
1638671580 23.95 82.24 0 4.092
1638671640 23.95 82.36 0 4.092
1638671700 23.98 82.43 0 4.092
1638671760 24 82.49 0 4.092
1638671820 23.97 82.57 0 4.092
1638671880 23.98 82.65 0 4.092
1638671940 24 82.68 0 4.092
1638672000 24.01 82.75 0 4.092
1638672060 24.01 82.71 0 4.092
1638672120 24.01 82.71 0 4.092
1638672180 24.04 82.61 0 4.092
1638672240 24.02 82.61 0 4.092
1638672300 24 82.56 0 4.092
1638672360 24.01 82.45 0 4.092
1638672420 24.02 82.36 0 4.092
1638672480 24.04 82.26 0 4.092
1638672540 24.02 82.09 0 4.092
1638672600 24.04 81.9 0 4.092
1638672660 24.04 81.8 0 4.087
1638672720 24.02 81.68 0 4.092
1638672780 24.04 81.6 0 4.092
1638672840 24.04 81.51 0 4.092
1638672900 24.04 81.39 0 4.092
1638672960 23.98 81.35 0 4.092
1638673020 24 81.33 0 4.092
1638673080 23.98 81.34 0 4.087
1638673140 23.91 81.38 0 4.092
1638673200 23.85 81.38 0 4.092
1638673260 23.88 81.42 0 4.092
1638673320 23.88 81.41 0 4.092
1638673380 23.85 81.39 0 4.092
1638673440 23.85 81.41 0 4.092
1638673500 23.85 81.47 0 4.092
1638673560 23.82 81.56 0 4.092
1638673620 23.82 81.59 0 4.092
1638673680 23.78 81.65 0 4.092
1638673740 23.77 81.73 0 4.087
1638673800 23.74 81.79 0 4.092
1638673860 23.72 81.93 0 4.092
1638673920 23.71 82.12 0 4.092
1638673980 23.68 82.33 0 4.092
1638674040 23.67 82.48 0 4.092
1638674100 23.64 82.7 0 4.092
1638674160 23.64 82.9 0 4.092
1638674220 23.59 83.04 0 4.092
1638674280 23.56 83.23 0 4.092
1638674340 23.54 83.35 0 4.092
1638674400 23.5 83.5 0 4.092
1638674460 23.47 83.61 0 4.087
1638674520 23.44 83.81 0 4.092
1638674580 23.44 83.97 0 4.092
1638674640 23.44 84.1 0 4.092
1638674700 23.43 84.27 0 4.092
1638674760 23.43 84.4 0 4.092
1638674820 23.41 84.56 0 4.092
1638674880 23.41 84.65 0 4.087
1638674940 23.36 84.69 0 4.092
1638675000 23.4 84.75 0 4.092
1638675060 23.41 84.82 0 4.087
1638675120 23.36 84.84 0 4.092
1638675180 23.36 84.75 0 4.092
1638675240 23.36 84.73 0 4.092
1638675300 23.33 84.76 0 4.087
1638675360 23.3 84.72 0 4.087
1638675420 23.27 84.65 0 4.092
1638675480 23.24 84.64 0 4.087
1638675540 23.24 84.56 0 4.087
1638675600 23.2 84.47 0 4.092
1638675660 23.17 84.41 0 4.092
1638675720 23.16 84.34 0 4.092
1638675780 23.12 84.23 0 4.092
1638675840 23.12 84.2 0 4.087
1638675900 23.1 84.15 0 4.092
1638675960 23.09 84.07 0 4.092
1638676020 23.05 84.03 0 4.092
1638676080 23.06 83.99 0 4.092
1638676140 23.03 83.92 0 4.087
1638676200 23.02 83.88 0 4.092
1638676260 23.02 83.87 0 4.087
1638676320 23 83.8 0 4.087
1638676380 22.96 83.79 0 4.087
1638676440 22.97 83.74 0 4.092
1638676500 22.92 83.66 0 4.092
1638676560 22.9 83.57 0 4.087
1638676620 22.89 83.44 0 4.087
1638676680 22.86 83.31 0 4.087
1638676740 22.89 83.19 0 4.087
1638676800 22.9 83.05 0 4.092
1638676860 22.89 82.87 0 4.092
1638676920 22.9 82.76 0 4.092
1638676980 22.92 82.63 0 4.092
1638677040 22.9 82.52 0 4.092
1638677100 22.9 82.38 0 4.092
1638677160 22.86 82.22 0 4.087
1638677220 22.89 82.04 0 4.092
1638677280 22.9 81.93 0 4.087
1638677340 22.9 81.73 0 4.092
1638677400 22.95 81.61 0 4.087
1638677460 22.92 81.42 0 4.087
1638677520 22.93 81.25 0 4.087
1638677580 22.93 81.05 0 4.092
1638677640 23 80.86 0 4.087
1638677700 23.02 80.64 0 4.092
1638677760 23.02 80.46 0 4.087
1638677820 23.05 80.34 0 4.087
1638677880 23.03 80.19 0 4.087
1638677940 23.02 80.09 0 4.092
1638678000 23.03 80.04 0 4.092
1638678060 23.06 79.94 0 4.087
1638678120 23.05 79.86 0 4.087
1638678180 23.07 79.76 0 4.087
1638678240 23.07 79.71 0 4.092
1638678300 23.13 79.66 0 4.087
1638678360 23.14 79.61 0 4.087
1638678420 23.16 79.56 0 4.087
1638678480 23.17 79.53 0 4.087
1638678540 23.19 79.47 0 4.087
1638678600 23.13 79.44 0 4.087
1638677760 23.02 80.46 0 4.087
1638677820 23.05 80.34 0 4.087
1638677880 23.03 80.19 0 4.087
1638677940 23.02 80.09 0 4.092
1638678000 23.03 80.04 0 4.092
1638678060 23.06 79.94 0 4.087
1638678120 23.05 79.86 0 4.087
1638678180 23.07 79.76 0 4.087
1638678240 23.07 79.71 0 4.092
1638678300 23.13 79.66 0 4.087
1638678360 23.14 79.61 0 4.087
1638678420 23.16 79.56 0 4.087
1638678480 23.17 79.53 0 4.087
1638678540 23.19 79.47 0 4.087
1638678600 23.13 79.44 0 4.087
1638678660 23.16 79.36 0 4.092
1638678720 23.14 79.29 0 4.087
1638678780 23.16 79.27 0 4.087
1638678840 23.17 79.25 0 4.092
1638678900 23.16 79.2 0 4.092
1638678960 23.16 79.07 0 4.087
1638679020 23.14 79.05 0 4.087
1638679080 23.13 79.06 0 4.087
1638679140 23.1 79.13 0 4.092
1638679200 23.05 79.29 0 4.087
1638679260 23 79.42 0 4.087
1638679320 22.97 79.54 0 4.087
1638679380 22.96 79.7 0 4.087
1638679440 22.92 79.79 0 4.087
1638679500 22.86 79.92 0 4.087
1638679560 22.88 80.03 0 4.087
1638679620 22.85 80.08 0 4.092
1638679680 22.8 80.08 0 4.087
1638679740 22.78 80.14 0 4.087
1638679800 22.78 80.2 0 4.087
1638679860 22.76 80.24 0 4.082
1638679920 22.78 80.28 0 4.087
1638679980 22.78 80.3 0 4.087
1638680040 22.73 80.38 0 4.087
1638680100 22.69 80.41 0 4.087
1638680160 22.72 80.37 0 4.087
1638680220 22.68 80.34 0 4.087
1638680280 22.69 80.36 0 4.087
1638680340 22.72 80.46 0 4.087
