1644123600 22.52 78.13 0 4.076
1644123660 22.54 78.14 0 4.076
1644123720 22.49 78.17 0 4.076
1644123780 22.48 78.19 0 4.076
1644123840 22.48 78.24 0 4.076
1644123900 22.48 78.28 0 4.076
1644123960 22.49 78.31 0 4.076
1644124020 22.46 78.26 0 4.076
1644124080 22.46 78.3 0 4.076
1644124140 22.45 78.34 0 4.076
1644124200 22.45 78.37 0 4.076
1644124260 22.44 78.44 0 4.082
1644124320 22.41 78.44 0 4.076
1644124380 22.42 78.49 0 4.076
1644124440 22.42 78.55 0 4.076
1644124500 22.41 78.58 0 4.076
1644124560 22.36 78.62 0 4.076
1644124620 22.36 78.69 0 4.076
1644124680 22.39 78.77 0 4.076
1644124740 22.39 78.8 0 4.076
1644124800 22.42 78.91 0 4.076
1644124860 22.41 78.91 0 4.076
1644124920 22.44 79.02 0 4.076
1644124980 22.39 79.1 0 4.076
1644125040 22.41 79.13 0 4.076
1644125100 22.41 79.18 0 4.076
1644125160 22.42 79.15 0 4.076
1644125220 22.44 79.22 0 4.076
1644125280 22.44 79.22 0 4.076
1644125340 22.41 79.27 0 4.076
1644125400 22.41 79.25 0 4.076
1644125460 22.41 79.32 0 4.076
1644125520 22.38 79.35 0 4.076
1644125580 22.38 79.39 0 4.076
1644125640 22.38 79.4 0 4.076
1644125700 22.36 79.41 0 4.076
1644125760 22.35 79.39 0 4.076
1644125820 22.32 79.41 0 4.076
1644125880 22.34 79.37 0 4.076
1644125940 22.35 79.37 0 4.076
1644126000 22.35 79.43 0 4.076
1644126060 22.32 79.42 0 4.076
1644126120 22.31 79.42 0 4.076
1644126180 22.31 79.46 0 4.076
1644126240 22.31 79.48 0 4.076
1644126300 22.28 79.51 0 4.076
1644126360 22.27 79.53 0 4.076
1644126420 22.24 79.58 0 4.076
1644126480 22.21 79.6 0 4.076
1644126540 22.21 79.64 0 4.076
1644126600 22.18 79.73 0 4.076
1644126660 22.16 79.76 0 4.076
1644126720 22.12 79.86 0 4.076
1644126780 22.12 79.87 0 4.076
1644126840 22.1 79.92 0 4.076
1644126900 22.12 80 0 4.076
1644126960 22.1 80.07 0 4.076
1644127020 22.11 80.13 0 4.076
1644127080 22.11 80.18 0 4.076
1644127140 22.12 80.25 0 4.076
1644127200 22.12 80.33 0 4.076
1644127260 22.1 80.38 0 4.076
1644127320 22.12 80.44 0 4.076
1644127380 22.14 80.56 0 4.076
1644127440 22.12 80.59 0 4.076
1644127500 22.1 80.65 0 4.076
1644127560 22.12 80.68 0 4.076
1644127620 22.12 80.74 0 4.076
1644127680 22.15 80.76 0 4.076
1644127740 22.19 80.83 0 4.076
1644127800 22.19 80.89 0 4.076
1644127860 22.19 80.98 0 4.076
1644127920 22.21 81.03 0 4.076
1644127980 22.18 81.12 0 4.076
1644128040 22.16 81.16 0 4.076
1644128100 22.18 81.2 0 4.076
1644128160 22.15 81.28 0 4.076
1644128220 22.12 81.3 0 4.076
1644128280 22.12 81.32 0 4.076
1644128340 22.11 81.3 0 4.076
1644128400 22.12 81.3 0 4.071
1644128460 22.16 81.34 0 4.076
1644128520 22.16 81.3 0 4.076
1644128580 22.18 81.27 0 4.076
1644128640 22.15 81.28 0 4.076
1644128700 22.21 81.27 0 4.076
1644128760 22.19 81.23 0 4.076
1644128820 22.19 81.27 0 4.076
1644128880 22.21 81.21 0 4.076
1644128940 22.19 81.22 0 4.076
1644129000 22.18 81.23 0 4.076
1644129060 22.16 81.21 0 4.076
1644129120 22.18 81.22 0 4.076
1644129180 22.18 81.29 0 4.076
1644129240 22.15 81.28 0 4.076
1644129300 22.16 81.3 0 4.076
1644129360 22.18 81.32 0 4.071
1644129420 22.18 81.34 0 4.076
1644129480 22.24 81.41 0 4.076
1644129540 22.21 81.52 0 4.076
1644129600 22.15 81.66 0 4.076
1644129660 22.18 81.82 0 4.076
1644129720 22.16 81.93 0 4.076
1644129780 22.15 82.12 0 4.076
1644129840 22.12 82.2 0 4.076
1644129900 22.12 82.38 0 4.076
1644129960 22.12 82.53 0 4.076
1644130020 22.11 82.65 0 4.076
1644130080 22.11 82.82 0 4.076
1644130140 22.07 82.98 0 4.076
1644130200 22.07 83.14 0 4.076
1644130260 22.03 83.3 0 4.076
1644130320 22.07 83.48 0 4.076
1644130380 22.03 83.63 0 4.076
1644130440 22.01 83.82 0 4.071
1644130500 21.98 83.95 0 4.076
1644130560 22 84.1 0 4.076
1644130620 21.97 84.25 0 4.076
1644130680 21.98 84.36 0 4.076
1644130740 21.97 84.51 0 4.071
1644130800 22 84.66 0 4.071
1644130860 21.98 84.75 0 4.071
1644130920 22 84.93 0 4.071
1644130980 21.98 85.07 0 4.076
1644131040 21.98 85.19 0 4.071
1644131100 21.95 85.25 0 4.076
1644131160 21.97 85.36 0 4.076
1644131220 21.98 85.41 0 4.076
1644131280 22 85.48 0 4.071
1644131340 21.95 85.55 0 4.071
1644131400 21.95 85.67 0 4.076
1644131460 21.93 85.7 0 4.076
1644131520 21.94 85.78 0 4.076
1644131580 21.91 85.86 0 4.076
1644131640 21.88 85.9 0 4.071
1644131700 21.85 85.93 0 4.076
1644131760 21.87 85.99 0 4.071
1644131820 21.87 86 0 4.076
1644131880 21.84 86.05 0 4.071
1644131940 21.87 86.09 0 4.076
1644132000 21.84 86.12 0 4.071
1644132060 21.83 86.14 0 4.076
1644132120 21.81 86.15 0 4.076
1644132180 21.84 86.23 0 4.076
1644132240 21.87 86.26 0 4.071
1644132300 21.81 86.29 0 4.071
1644132360 21.84 86.3 0 4.076
1644132420 21.79 86.29 0 4.076
1644132480 21.8 86.29 0 4.071
1644132540 21.81 86.32 0 4.076
1644132600 21.81 86.3 0 4.076
1644132660 21.83 86.33 0 4.071
1644132720 21.81 86.33 0 4.076
1644132780 21.79 86.34 0 4.076
1644132840 21.79 86.36 0 4.071
1644132900 21.8 86.34 0 4.071
1644132960 21.8 86.39 0 4.071
1644133020 21.77 86.36 0 4.076
1644133080 21.76 86.34 0 4.071
1644133140 21.77 86.39 0 4.076
1644133200 21.79 86.43 0 4.071
1644133260 21.77 86.42 0 4.076
1644133320 21.77 86.43 0 4.071
1644133380 21.79 86.47 0 4.071
1644133440 21.76 86.44 0 4.076
1644133500 21.76 86.45 0 4.071
1644133560 21.77 86.48 0 4.071
1644133620 21.79 86.45 0 4.076
1644133680 21.79 86.49 0 4.071
1644133740 21.79 86.5 0 4.071
1644133800 21.81 86.49 0 4.076
1644133860 21.77 86.49 0 4.071
1644133920 21.76 86.52 0 4.076
1644133980 21.76 86.56 0 4.076
1644134040 21.73 86.59 0 4.071
1644134100 21.73 86.56 0 4.076
1644134160 21.73 86.64 0 4.076
1644134220 21.71 86.68 0 4.071
1644134280 21.73 86.73 0 4.071
1644134340 21.73 86.72 0 4.071
1644134400 21.71 86.79 0 4.071
1644134460 21.74 86.82 0 4.076
1644134520 21.76 86.87 0 4.071
1644134580 21.74 86.94 0 4.071
1644134640 21.71 86.99 0 4.071
1644134700 21.65 87.09 0 4.071
1644134760 21.63 87.16 0 4.071
1644134820 21.64 87.24 0 4.071
1644134880 21.61 87.33 0 4.071
1644134940 21.61 87.44 0 4.071
1644135000 21.6 87.53 0 4.076
1644135060 21.58 87.64 0 4.071
1644135120 21.6 87.76 0 4.071
1644135180 21.54 87.88 0 4.071
1644135240 21.54 87.98 0 4.076
1644135300 21.52 88.09 0 4.071
1644135360 21.54 88.21 0 4.071
1644135420 21.52 88.32 0 4.071
1644135480 21.47 88.42 0 4.071
1644135540 21.47 88.52 0 4.071
1644135600 21.44 88.57 0 4.071
1644135660 21.43 88.7 0 4.071
1644135720 21.43 88.79 0 4.071
1644135780 21.44 88.85 0 4.071
1644135840 21.43 88.96 0 4.071
1644135900 21.42 89.01 0 4.071
1644135960 21.4 89.11 0 4.071
1644136020 21.43 89.15 0 4.071
1644136080 21.4 89.21 0 4.071
1644136140 21.4 89.31 0 4.071
1644136200 21.39 89.3 0 4.071
1644136260 21.39 89.39 0 4.071
1644136320 21.4 89.46 0 4.071
1644136380 21.39 89.48 0 4.071
1644136440 21.37 89.53 0 4.071
1644136500 21.36 89.53 0 4.071
1644136560 21.4 89.58 0 4.071
1644136620 21.34 89.62 0 4.071
1644136680 21.36 89.6 0 4.076
1644136740 21.36 89.64 0 4.071
1644136800 21.36 89.65 0 4.071
1644136860 21.39 89.67 0 4.071
1644136920 21.39 89.71 0 4.076
1644136980 21.39 89.69 0 4.071
1644137040 21.39 89.72 0 4.071
1644137100 21.39 89.74 0 4.071
1644137160 21.39 89.79 0 4.071
1644137220 21.39 89.81 0 4.071
1644137280 21.37 89.76 0 4.071
1644137340 21.4 89.82 0 4.071
1644137400 21.39 89.84 0 4.071
1644137460 21.37 89.84 0 4.071
1644137520 21.37 89.85 0 4.071
1644137580 21.36 89.88 0 4.071
1644137640 21.37 89.91 0 4.071
1644137700 21.37 89.93 0 4.071
1644137760 21.42 89.93 0 4.071
1644137820 21.4 89.97 0 4.071
1644137880 21.42 89.98 0 4.071
1644137940 21.44 90.04 0 4.071
1644138000 21.43 90.06 0 4.071
1644138060 21.43 90.06 0 4.071
1644138120 21.42 90.06 0 4.071
1644138180 21.39 90.09 0 4.071
1644138240 21.43 90.09 0 4.071
1644138300 21.43 90.12 0 4.071
1644138360 21.43 90.12 0 4.071
1644138420 21.42 90.15 0 4.071
1644138480 21.44 90.2 0 4.071
1644138540 21.42 90.19 0 4.071
1644138600 21.44 90.16 0 4.071
1644138660 21.43 90.26 0 4.071
1644138720 21.46 90.23 0 4.071
1644138780 21.47 90.21 0 4.071
1644138840 21.47 90.24 0 4.071
1644138900 21.47 90.26 0 4.071
1644138960 21.49 90.21 0 4.071
1644139020 21.49 90.23 0 4.071
1644139080 21.49 90.21 0 4.071
1644139140 21.49 90.21 0 4.071
1644139200 21.46 90.22 0 4.071
1644139260 21.47 90.19 0 4.071
1644139320 21.49 90.19 0 4.071
1644139380 21.49 90.14 0 4.071
1644139440 21.49 90.19 0 4.071
1644139500 21.49 90.13 0 4.071
1644139560 21.54 90.14 0 4.071
1644139620 21.53 90.13 0 4.065
1644139680 21.49 90.1 0 4.071
1644139740 21.53 90.11 0 4.071
1644139800 21.52 90.08 0 4.071
1644139860 21.54 90.08 0 4.071
1644139920 21.5 90.09 0 4.071
1644139980 21.5 90.07 0 4.071
1644140040 21.49 90.03 0 4.071
1644140100 21.52 90.01 0 4.071
1644140160 21.52 90.03 0 4.071
1644140220 21.52 90.01 0 4.071
1644140280 21.53 89.98 0 4.071
1644140340 21.57 89.97 0 4.071
1644140400 21.56 89.96 0 4.071
1644140460 21.57 89.93 0 4.071
1644140520 21.56 89.91 0 4.071
1644140580 21.54 89.89 0 4.071
1644140640 21.57 89.88 0 4.071
1644140700 21.58 89.86 0 4.071
1644140760 21.6 89.87 0 4.071
1644140820 21.61 89.84 0 4.071
1644140880 21.6 89.86 0 4.071
1644140940 21.58 89.86 0 4.071
1644141000 21.57 89.78 0 4.071
1644141060 21.54 89.81 0 4.071
1644141120 21.57 89.81 0 4.071
1644141180 21.53 89.81 0 4.071
1644141240 21.52 89.78 0 4.071
1644141300 21.5 89.79 0 4.071
1644141360 21.53 89.75 0 4.071
1644141420 21.5 89.77 0 4.071
1644141480 21.49 89.73 0 4.065
1644141540 21.5 89.77 0 4.071
1644141600 21.5 89.78 0 4.071
1644141660 21.46 89.77 0 4.071
1644141720 21.44 89.77 0 4.065
1644141780 21.4 89.8 0 4.065
1644141840 21.36 89.8 0 4.071
1644141900 21.39 89.82 0 4.071
1644141960 21.32 89.81 0 4.071
1644142020 21.29 89.85 0 4.071
1644142080 21.28 89.87 0 4.071
1644142140 21.28 89.88 0 4.071
1644142200 21.25 89.87 0 4.071
1644142260 21.23 89.88 0 4.071
1644142320 21.23 89.88 0 4.071
1644142380 21.2 89.89 0 4.071
1644142440 21.22 89.88 0 4.071
1644142500 21.2 89.86 0 4.071
1644142560 21.19 89.91 0 4.071
1644142620 21.19 89.91 0 4.071
1644142680 21.19 89.89 0 4.071
1644142740 21.16 89.93 0 4.071
1644142800 21.18 89.92 0 4.071
1644142860 21.16 89.96 0 4.071
1644142920 21.18 89.95 0 4.071
1644142980 21.16 89.99 0 4.071
1644143040 21.18 89.97 0 4.071
1644143100 21.14 89.96 0 4.065
1644143160 21.19 90.01 0 4.071
1644143220 21.2 90.02 0 4.065
1644143280 21.22 90.01 0 4.071
1644143340 21.18 90 0 4.071
1644143400 21.19 90.03 0 4.071
1644143460 21.18 90.07 0 4.065
1644143520 21.14 90.12 0 4.065
1644143580 21.16 90.11 0 4.071
1644143640 21.14 90.15 0 4.071
1644143700 21.16 90.19 0 4.071
1644143760 21.12 90.25 0 4.071
1644143820 21.1 90.25 0 4.071
1644143880 21.1 90.28 0 4.071
1644143940 21.1 90.37 0 4.065
1644144000 21.13 90.38 0 4.071
1644144060 21.1 90.43 0 4.065
1644144120 21.09 90.48 0 4.071
1644144180 21.09 90.5 0 4.065
1644144240 21.09 90.54 0 4.071
1644144300 21.12 90.57 0 4.071
1644144360 21.1 90.61 0 4.065
1644144420 21.13 90.62 0 4.071
1644144480 21.16 90.64 0 4.065
1644144540 21.14 90.68 0 4.071
1644144600 21.13 90.68 0 4.065
1644144660 21.13 90.73 0 4.065
1644144720 21.14 90.73 0 4.071
1644144780 21.07 90.76 0 4.071
1644144840 21.06 90.76 0 4.065
1644144900 21.07 90.79 0 4.071
1644144960 21.05 90.81 0 4.065
1644145020 21.03 90.87 0 4.071
1644145080 21.02 90.9 0 4.065
1644145140 20.98 90.9 0 4.071
1644145200 20.93 90.93 0 4.065
1644145260 20.9 90.98 0 4.071
1644145320 20.9 90.99 0 4.065
1644145380 20.92 91.05 0 4.065
1644145440 20.9 91.02 0 4.071
1644145500 20.9 91.03 0 4.071
1644145560 20.96 91.1 0 4.071
1644145620 20.9 91.09 0 4.065
1644145680 20.89 91.15 0 4.071
1644145740 20.89 91.17 0 4.071
1644145800 20.88 91.19 0 4.065
1644145860 20.86 91.2 0 4.071
1644145920 20.86 91.23 0 4.065
1644145980 20.88 91.27 0 4.065
1644146040 20.89 91.3 0 4.065
1644146100 20.88 91.3 0 4.065
1644146160 20.86 91.34 0 4.065
1644146220 20.83 91.38 0 4.071
1644146280 20.83 91.44 0 4.065
1644146340 20.82 91.44 0 4.071
1644146400 20.82 91.44 0 4.065
1644146460 20.81 91.51 0 4.065
1644146520 20.83 91.55 0 4.071
1644146580 20.82 91.56 4 4.071
1644146640 20.79 91.59 0 4.065
1644146700 20.83 91.6 4 4.065
1644146760 20.81 91.69 0 4.065
1644146820 20.77 91.72 4 4.065
1644146880 20.77 91.72 4 4.065
1644146940 20.74 91.74 4 4.065
1644147000 20.75 91.8 4 4.065
1644147060 20.69 91.85 4 4.065
1644147120 20.71 91.88 4 4.065
1644147180 20.81 91.94 4 4.071
1644147240 20.79 91.97 4 4.065
1644147300 20.77 91.98 4 4.065
1644147360 20.77 92.07 10 4.071
1644147420 20.78 92.06 4 4.065
1644147480 20.77 92.08 10 4.071
1644147540 20.71 92.09 10 4.065
1644147600 20.65 92.11 10 4.065
1644147660 20.65 92.18 10 4.071
1644147720 20.67 92.19 16 4.065
1644147780 20.65 92.22 16 4.065
1644147840 20.64 92.23 16 4.065
1644147900 20.64 92.28 22 4.065
1644147960 20.64 92.3 16 4.065
1644148020 20.67 92.28 16 4.065
1644148080 20.69 92.36 22 4.065
1644148140 20.69 92.38 16 4.065
1644148200 20.67 92.4 22 4.065
1644148260 20.69 92.41 16 4.065
1644148320 20.69 92.46 22 4.065
1644148380 20.69 92.45 16 4.065
1644148440 20.68 92.54 16 4.065
1644148500 20.68 92.56 16 4.065
1644148560 20.71 92.58 16 4.065
1644148620 20.69 92.59 16 4.065
1644148680 20.71 92.63 16 4.065
1644148740 20.74 92.64 16 4.065
1644148800 20.72 92.66 16 4.065
1644148860 20.72 92.72 16 4.065
1644148920 20.68 92.73 16 4.065
1644148980 20.75 92.73 16 4.065
1644149040 20.74 92.77 16 4.065
1644149100 20.74 92.78 16 4.065
1644149160 20.78 92.86 16 4.065
1644149220 20.78 92.87 22 4.065
1644149280 20.75 92.88 22 4.065
1644149340 20.74 92.92 22 4.065
1644149400 20.77 92.91 22 4.065
1644149460 20.79 92.95 28 4.065
1644149520 20.74 92.97 28 4.065
1644149580 20.74 93 28 4.065
1644149640 20.75 93.05 28 4.065
1644149700 20.79 93.05 28 4.065
1644149760 20.74 93.07 28 4.06
1644149820 20.72 93.09 28 4.065
1644149880 20.72 93.1 28 4.065
1644149940 20.75 93.11 34 4.065
1644150000 20.71 93.14 40 4.065
1644150060 20.75 93.16 46 4.065
1644150120 20.75 93.19 52 4.065
1644150180 20.72 93.22 58 4.065
1644150240 20.72 93.2 58 4.065
1644150300 20.81 93.22 64 4.065
1644150360 20.82 93.24 70 4.065
1644150420 20.78 93.26 70 4.065
1644150480 20.81 93.31 76 4.065
1644150540 20.82 93.3 76 4.065
1644150600 20.86 93.31 82 4.065
1644150660 20.86 93.34 82 4.065
1644150720 20.93 93.35 88 4.065
1644150780 20.9 93.38 88 4.065
1644150840 20.83 93.35 88 4.065
1644150900 20.79 93.36 94 4.065
1644150960 20.81 93.35 88 4.065
1644151020 20.85 93.38 88 4.065
1644151080 20.82 93.38 88 4.065
1644151140 20.88 93.35 88 4.065
1644151260 20.89 93.4 88 4.065
1644151320 20.85 93.39 94 4.065
1644151380 20.89 93.36 94 4.065
1644151440 20.92 93.38 100 4.065
1644151500 20.99 93.42 106 4.065
1644151560 20.98 93.39 118 4.055
1644151620 21.03 93.37 124 4.065
1644151680 21.07 93.36 143 4.065
1644151740 21.09 93.35 161 4.065
1644151800 21.14 93.37 179 4.065
1644151860 21.23 93.36 185 4.071
1644151920 21.33 93.36 191 4.071
1644151980 21.4 93.33 191 4.071
1644152040 21.52 93.34 185 4.065
1644152100 21.57 93.31 173 4.071
1644152160 21.56 93.29 167 4.071
1644152220 21.65 93.23 155 4.065
1644152280 21.61 93.22 137 4.071
1644152340 21.61 93.17 131 4.071
1644152400 21.7 93.16 131 4.071
1644152460 21.68 93.1 131 4.065
1644152520 21.7 93.07 118 4.065
1644152580 21.7 93.04 118 4.071
1644152640 21.74 92.98 118 4.065
1644152700 21.8 92.93 124 4.065
1644152760 21.87 92.85 118 4.065
1644152820 21.87 92.82 124 4.065
1644152880 21.93 92.77 118 4.065
1644152940 21.93 92.68 112 4.065
1644153000 22.07 92.64 118 4.065
1644153060 22.08 92.55 112 4.065
1644153120 22.12 92.49 131 4.065
1644153180 22.24 92.4 124 4.065
1644153240 22.16 92.3 118 4.065
1644153300 22.16 92.21 112 4.071
1644153360 22.24 92.16 106 4.065
1644153420 22.21 92.11 100 4.065
1644153480 22.24 91.94 100 4.065
1644153540 22.28 91.85 106 4.065
1644153600 22.28 91.74 112 4.065
1644153660 22.25 91.68 106 4.065
1644153720 22.21 91.58 100 4.065
1644153780 22.18 91.48 106 4.065
1644153840 22.18 91.35 106 4.06
1644153900 22.14 91.28 100 4.065
1644153960 22.16 91.2 94 4.065
1644154020 22.15 91.08 94 4.065
1644154080 22.15 91 94 4.065
1644154140 22.19 90.88 112 4.065
1644154200 22.24 90.83 118 4.065
1644154260 22.21 90.7 124 4.065
1644154320 22.31 90.61 137 4.065
1644154380 22.32 90.55 149 4.071
1644154440 22.16 90.36 167 4.071
1644154500 22.19 90.3 185 4.071
1644154560 22.27 90.2 209 4.071
1644154620 22.25 90.14 185 4.071
1644154680 22.28 90.06 161 4.071
1644154740 22.36 89.98 143 4.065
1644154800 22.52 89.91 124 4.065
1644154860 22.58 89.82 131 4.065
1644154920 22.63 89.77 137 4.065
1644154980 22.72 89.72 155 4.065
1644155040 22.69 89.64 155 4.071
1644155100 22.59 89.55 161 4.071
1644155160 22.51 89.48 161 4.065
1644155220 22.45 89.43 155 4.071
1644155280 22.52 89.36 137 4.065
1644155340 22.52 89.34 118 4.065
1644155400 22.51 89.3 100 4.065
1644155460 22.51 89.24 112 4.065
1644155520 22.49 89.16 131 4.065
1644155580 22.55 89.12 149 4.065
1644155640 22.59 89.13 155 4.065
1644155700 22.72 89.09 131 4.071
1644155760 22.79 89.02 167 4.071
1644155820 22.8 88.94 161 4.071
1644155880 22.83 88.87 173 4.071
1644155940 22.76 88.83 173 4.071
1644156000 22.75 88.73 167 4.071
1644156060 22.78 88.64 173 4.065
1644156120 22.76 88.54 173 4.065
1644156180 22.68 88.44 167 4.071
1644156240 22.7 88.34 143 4.065
1644156300 22.61 88.19 167 4.071
1644156360 22.73 88.1 161 4.065
1644156420 22.86 88 167 4.071
1644156480 22.93 87.94 173 4.065
1644156540 23.03 87.89 161 4.071
1644156600 23.12 87.74 112 4.065
1644156660 23.2 87.64 94 4.071
1644156720 23.23 87.53 137 4.065
1644156780 23.27 87.42 106 4.065
1644156840 23.16 87.3 112 4.065
1644156900 23.17 87.19 112 4.065
1644156960 23.03 87.13 118 4.065
1644157020 22.96 87.02 143 4.065
1644157080 22.88 86.94 137 4.071
1644157140 22.88 86.86 167 4.071
1644157200 22.88 86.79 131 4.065
1644157260 22.89 86.73 197 4.071
1644157320 22.92 86.64 112 4.065
1644157380 22.96 86.6 112 4.065
1644157440 22.9 86.55 112 4.065
1644157500 22.97 86.47 118 4.065
1644157560 23.06 86.39 94 4.065
1644157620 23.13 86.32 106 4.071
1644157680 23.13 86.27 100 4.071
1644157740 23.13 86.23 100 4.065
1644157800 23.19 86.16 94 4.065
1644157860 23.17 86.13 149 4.06
1644157920 23.16 86.07 225 4.065
1644157980 23.23 86.04 201 4.071
1644158040 23.34 85.96 161 4.071
1644158100 23.39 85.88 173 4.071
1644158160 23.4 85.79 268 4.065
1644158220 23.46 85.69 137 4.065
1644158280 23.51 85.57 231 4.065
1644158340 23.56 85.48 262 4.071
1644158400 23.64 85.39 268 4.071
1644158460 23.72 85.22 340 4.071
1644158520 23.88 85.08 149 4.065
1644158580 23.98 84.88 155 4.071
1644158640 24.07 84.67 466 4.071
1644158700 24.01 84.44 718 4.071
1644158760 24.15 84.28 724 4.071
1644158820 24.32 84 632 4.071
1644158880 24.48 83.77 454 4.071
1644158940 24.63 83.55 418 4.071
1644159000 24.93 83.32 310 4.071
1644159060 25.07 83.01 243 4.071
1644159120 25.07 82.67 227 4.071
1644159180 24.93 82.32 221 4.071
1644159240 25.06 82.08 215 4.071
1644159300 25.12 81.73 280 4.071
1644159360 25.13 81.46 292 4.071
1644159420 24.9 81.1 298 4.071
1644159480 24.98 80.81 227 4.071
1644159540 24.86 80.53 292 4.071
1644159600 24.82 80.25 274 4.071
1644159660 24.98 80 346 4.065
1644159720 25.23 79.81 268 4.071
1644159780 25.3 79.6 274 4.071
1644159840 25.31 79.4 262 4.071
1644159900 25.34 79.2 262 4.071
1644159960 25.4 79.08 555 4.076
1644160020 25.47 78.84 627 4.076
1644160080 25.56 78.66 573 4.071
1644160140 25.75 78.48 466 4.071
1644160200 25.96 78.27 448 4.071
1644160260 25.89 77.99 334 4.071
1644160320 26.01 77.8 478 4.071
1644160380 26.03 77.56 603 4.071
1644160440 26.08 77.32 495 4.071
1644160500 26.19 77.08 274 4.071
1644160560 26.36 76.81 346 4.071
1644160620 26.56 76.5 561 4.071
1644160680 26.57 76.2 394 4.071
1644160740 26.6 75.92 328 4.071
1644160800 26.54 75.62 334 4.071
1644160860 26.46 75.33 274 4.071
1644160920 26.4 75.02 484 4.071
1644160980 26.43 74.75 712 4.071
1644161040 26.32 74.47 615 4.076
1644161100 26.35 74.23 370 4.076
1644161160 26.49 74.04 352 4.076
1644161220 26.89 73.82 281 4.065
1644161280 27.11 73.6 257 4.076
1644161340 27.24 73.36 316 4.071
1644161400 27.27 73.15 239 4.076
1644161460 27.04 72.82 257 4.076
1644161520 26.79 72.56 262 4.076
1644161580 26.86 72.34 275 4.076
1644161640 26.84 72.15 275 4.076
1644161700 26.82 71.96 269 4.076
1644161760 26.82 71.77 281 4.076
1644161820 26.87 71.55 280 4.076
1644161880 27.15 71.43 275 4.076
1644161940 27.28 71.2 274 4.076
1644162000 27.45 71.03 269 4.076
1644162060 27.51 70.83 269 4.082
1644162120 27.52 70.6 251 4.076
1644162180 27.56 70.39 257 4.076
1644162240 27.54 70.17 227 4.076
1644162300 27.66 70.02 215 4.076
1644162360 27.61 69.79 221 4.076
1644162420 27.68 69.63 221 4.076
1644162480 27.56 69.42 227 4.076
1644162540 27.49 69.26 245 4.076
1644162600 27.47 69.05 257 4.076
1644162660 27.58 68.92 239 4.076
1644162720 27.58 68.74 233 4.076
1644162780 27.69 68.55 215 4.076
1644162840 27.78 68.36 203 4.076
1644162900 27.91 68.14 203 4.076
1644162960 27.92 67.94 239 4.076
1644163020 28.05 67.77 388 4.076
1644163080 28.08 67.57 418 4.076
1644163140 27.98 67.36 364 4.076
1644163200 27.96 67.11 269 4.082
1644163260 28.08 66.88 245 4.076
1644163320 28.2 66.71 257 4.076
1644163380 28.15 66.48 263 4.082
1644163440 27.99 66.3 317 4.082
1644163500 27.79 66.08 396 4.076
1644163560 27.69 65.87 484 4.082
1644163620 27.88 65.75 305 4.082
1644163680 28.06 65.62 299 4.082
1644163740 28.23 65.47 305 4.082
1644163800 28.3 65.34 299 4.082
1644163860 28.36 65.19 323 4.082
1644163920 28.4 65.04 347 4.087
1644163980 28.46 64.95 287 4.082
1644164040 28.33 64.78 269 4.082
1644164100 28.35 64.62 275 4.082
1644164160 28.22 64.52 335 4.082
1644164220 28.08 64.39 353 4.082
1644164280 28.09 64.34 257 4.082
1644164340 27.95 64.22 251 4.082
1644164400 27.95 64.13 257 4.082
1644164460 27.94 64.13 287 4.082
1644164520 27.82 63.99 984 4.087
1644164580 27.91 63.91 983 4.087
1644164640 28 63.85 954 4.087
1644164700 28.12 63.83 798 4.082
1644164760 28.26 63.76 630 4.087
1644164820 28.53 63.67 353 4.087
1644164880 28.74 63.6 281 4.082
1644164940 28.7 63.45 496 4.087
1644165000 28.64 63.34 490 4.082
1644165060 28.81 63.21 384 4.082
1644165120 28.84 63.02 353 4.087
1644165180 28.66 62.83 329 4.087
1644165240 28.6 62.69 281 4.082
1644165300 28.18 62.45 251 4.087
1644165360 27.91 62.29 245 4.082
1644165420 27.95 62.23 245 4.082
1644165480 27.81 62.14 245 4.087
1644165540 27.75 62.14 450 4.087
1644165600 27.75 62.17 1048 4.076
1644165660 27.76 62.16 892 4.076
1644165720 27.95 62.2 939 4.076
1644165780 28.22 62.23 908 4.087
1644165840 28.3 62.26 546 4.087
1644165900 28.4 62.25 649 4.092
1644165960 28.53 62.27 974 4.092
1644166020 28.73 62.27 510 4.092
1644166080 29 62.32 786 4.082
1644166140 29.26 62.25 975 4.076
1644166200 29.38 62.15 384 4.087
1644166260 29.41 62.02 402 4.092
1644166320 29.36 61.85 638 4.098
1644166380 29.31 61.71 566 4.092
1644166440 29.32 61.55 438 4.092
1644166500 29.34 61.37 396 4.092
1644166560 28.97 61.11 353 4.087
1644166620 28.8 61 311 4.087
1644166680 28.64 60.92 299 4.087
1644166740 28.36 60.86 287 4.087
1644166800 28.32 60.88 311 4.087
1644166860 28.24 60.86 341 4.087
1644166920 28.19 60.9 359 4.092
1644166980 28.2 60.99 329 4.087
1644167040 28.2 61.06 311 4.087
1644167100 28.24 61.21 329 4.087
1644167160 28.3 61.28 384 4.092
1644167220 28.4 61.46 804 4.082
1644167280 28.26 61.51 1349 4.082
1644167340 28.39 61.61 701 4.082
1644167400 28.57 61.73 486 4.098
1644167460 28.6 61.76 840 4.082
1644167520 28.59 61.82 575 4.082
1644167580 28.56 61.87 396 4.092
1644167640 28.69 61.9 402 4.092
1644167700 28.69 61.91 377 4.092
1644167760 28.78 61.98 323 4.092
1644167820 28.78 62.01 311 4.087
1644167880 28.63 62 293 4.092
1644167940 28.42 62.01 275 4.092
1644168000 28.22 62.03 287 4.087
1644168060 28.18 62.05 287 4.087
1644168120 28.05 62.1 293 4.092
1644168180 27.81 62.23 287 4.087
1644168240 27.68 62.31 287 4.092
1644168300 27.66 62.5 305 4.092
1644168360 27.68 62.69 408 4.082
1644168420 27.52 62.85 1314 4.082
1644168480 27.72 63.05 1308 4.082
1644168540 27.98 63.24 1314 4.082
1644168600 28.12 63.4 1109 4.082
1644168660 28.61 63.51 432 4.098
1644168720 28.69 63.64 390 4.092
1644168780 28.63 63.69 420 4.098
1644168840 28.42 63.75 679 4.087
1644168900 28.09 63.79 1001 4.082
1644168960 27.98 63.89 768 4.082
1644169020 28.06 64.03 1127 4.087
1644169080 28.33 64.16 1284 4.082
1644169140 28.74 64.29 1319 4.082
1644169200 29.11 64.38 698 4.103
1644169260 29.28 64.37 1037 4.082
1644169320 29.25 64.35 1236 4.082
1644169380 29.38 64.33 323 4.092
1644169440 29.29 64.26 359 4.092
1644169500 29.01 64.22 725 4.082
1644169560 28.86 64.14 1231 4.087
1644169620 28.9 64.11 1249 4.082
1644169680 29.05 64.12 1236 4.082
1644169740 29.47 64.12 1248 4.082
1644169800 29.42 64.03 1234 4.119
1644169860 29.76 63.99 1224 4.119
1644169920 29.9 63.82 1212 4.082
1644169980 29.8 63.58 1206 4.082
1644170040 29.73 63.45 1197 4.119
1644170100 29.63 63.31 1195 4.087
1644170160 29.65 63.16 1204 4.119
1644170220 29.49 62.95 1219 4.082
1644170280 29.28 62.83 1218 4.082
1644170340 29.47 62.72 1219 4.087
1644170400 29.66 62.66 1225 4.087
1644170460 29.89 62.55 1219 4.108
1644170520 30.28 62.51 1203 4.114
1644170580 30.13 62.26 1215 4.114
1644170640 30.16 62.14 536 4.103
1644170700 30.24 62.06 379 4.098
1644170760 30.23 61.81 287 4.092
1644170820 29.99 61.56 337 4.092
1644170880 29.53 61.39 317 4.092
1644170940 29.53 61.25 329 4.098
1644171000 29.1 61.12 451 4.098
1644171060 28.82 61.02 1272 4.087
1644171120 28.63 60.96 1266 4.082
1644171180 28.71 60.97 971 4.087
1644171240 28.81 60.9 1272 4.082
1644171300 28.91 60.88 1273 4.082
1644171360 29.12 60.86 1212 4.082
1644171420 29.41 60.84 1224 4.082
1644171480 29.66 60.83 1224 4.082
1644171540 29.99 60.88 1242 4.082
1644171600 30.15 60.83 329 4.092
1644171660 30.41 60.81 1236 4.082
1644171720 30.31 60.71 1218 4.082
1644171780 30.36 60.62 1236 4.087
1644171840 30.05 60.46 257 4.087
1644171900 29.89 60.41 245 4.087
1644171960 29.66 60.27 257 4.092
1644172020 29.38 60.18 371 4.092
1644172080 29.05 60.12 1133 4.082
1644172140 29.25 60.17 323 4.092
1644172200 29.28 60.23 384 4.098
1644172260 29.24 60.22 1133 4.082
1644172320 29.14 60.28 402 4.092
1644172380 29.1 60.3 305 4.092
1644172440 29.05 60.34 299 4.092
1644172500 28.81 60.45 335 4.092
1644172560 28.61 60.55 415 4.092
1644172620 28.53 60.68 864 4.087
1644172680 28.45 60.82 725 4.082
1644172740 28.43 60.95 439 4.098
1644172800 28.5 61.14 373 4.098
1644172860 28.47 61.25 852 4.087
1644172920 28.46 61.36 1243 4.087
1644172980 28.46 61.44 1255 4.082
1644173040 28.69 61.59 1254 4.087
1644173100 29.17 61.74 1213 4.087
1644173160 29.28 61.78 965 4.087
1644173220 29.31 61.77 396 4.092
1644173280 29.53 61.78 701 4.087
1644173340 29.38 61.68 337 4.092
1644173400 29.28 61.68 275 4.092
1644173460 29.17 61.71 263 4.092
1644173520 29.11 61.67 263 4.092
1644173580 28.97 61.66 221 4.087
1644173640 29.04 61.63 215 4.092
1644173700 28.9 61.61 209 4.092
1644173760 28.46 61.64 203 4.092
1644173820 28.19 61.63 197 4.087
1644173880 28.05 61.65 179 4.087
1644173940 27.81 61.73 173 4.092
1644174000 27.64 61.8 191 4.092
1644174060 27.51 61.94 227 4.092
1644174120 27.4 62.15 1061 4.087
1644174180 27.3 62.34 311 4.092
1644174240 27.37 62.59 287 4.092
1644174300 27.41 62.82 281 4.092
1644174360 27.48 63.06 263 4.092
1644174420 27.61 63.31 251 4.092
1644174480 27.58 63.55 245 4.092
1644174540 27.51 63.77 245 4.092
1644174600 27.37 63.92 246 4.092
1644174660 27.33 64.08 277 4.092
1644174720 27.23 64.24 331 4.098
1644174780 27.14 64.32 365 4.092
1644174840 27.15 64.49 341 4.087
1644174900 27.23 64.67 313 4.098
1644174960 27.37 64.88 257 4.092
1644175020 27.52 65.02 221 4.092
1644175080 27.61 65.09 221 4.092
1644175140 27.65 65.21 233 4.092
1644175200 27.59 65.3 251 4.098
1644175260 27.68 65.39 283 4.098
1644175320 27.71 65.51 295 4.098
1644175380 27.65 65.6 313 4.098
1644175440 27.64 65.68 319 4.098
1644175500 27.58 65.7 319 4.098
1644175560 27.59 65.78 301 4.098
1644175620 27.55 65.81 271 4.098
1644175680 27.44 65.82 251 4.098
1644175740 27.35 65.84 252 4.098
1644175800 27.43 65.88 251 4.098
1644175860 27.47 65.94 246 4.098
1644175920 27.55 65.94 234 4.092
1644175980 27.49 65.9 233 4.098
1644176040 27.44 65.92 209 4.098
1644176100 27.34 65.92 191 4.092
1644176160 27.18 65.92 173 4.092
1644176220 27.05 65.9 161 4.092
1644176280 26.97 65.94 149 4.092
1644176340 26.9 65.94 149 4.092
1644176400 26.83 66.03 161 4.092
1644176460 26.8 66.1 173 4.092
1644176520 26.73 66.08 185 4.092
1644176580 26.69 66.14 198 4.098
1644176640 26.66 66.21 209 4.092
1644176700 26.62 66.28 215 4.098
1644176760 26.62 66.34 234 4.098
1644176820 26.64 66.37 234 4.098
1644176880 26.72 66.46 240 4.098
1644176940 26.7 66.53 246 4.098
1644177000 26.83 66.6 271 4.098
1644177060 26.82 66.68 361 4.103
1644177120 26.84 66.83 877 4.092
1644177180 27.07 66.91 661 4.092
1644177240 27.37 67.08 1081 4.087
1644177300 27.72 67.17 888 4.087
1644177360 28.15 67.2 281 4.098
1644177420 28.3 67.13 259 4.098
1644177480 28.46 67.07 246 4.098
1644177540 28.29 66.89 203 4.092
1644177600 28.36 66.76 191 4.098
1644177660 28.13 66.59 185 4.092
1644177720 27.91 66.47 192 4.092
1644177780 27.66 66.35 203 4.092
1644177840 27.55 66.26 234 4.098
1644177900 27.4 66.15 271 4.098
1644177960 27.4 66.02 650 4.098
1644178020 27.51 66 892 4.103
1644178080 27.64 65.89 343 4.103
1644178140 27.88 65.83 337 4.098
1644178200 27.98 65.77 861 4.103
1644178260 28.24 65.73 524 4.103
1644178320 28.36 65.65 867 4.098
1644178380 28.51 65.53 752 4.103
1644178440 28.53 65.45 578 4.098
1644178500 28.47 65.29 825 4.103
1644178560 28.53 65.26 698 4.103
1644178620 28.51 65.14 962 4.092
1644178680 28.47 65.07 962 4.087
1644178740 28.63 65.01 950 4.092
1644178800 28.7 64.88 942 4.092
1644178860 28.86 64.76 829 4.092
1644178920 29.14 64.62 536 4.103
1644178980 28.97 64.47 578 4.103
1644179040 28.81 64.25 855 4.103
1644179100 28.77 64.1 862 4.103
1644179160 28.77 63.94 849 4.103
1644179220 28.78 63.81 819 4.103
1644179280 28.86 63.67 813 4.103
1644179340 29 63.52 813 4.103
1644179400 28.94 63.28 826 4.103
1644179460 29.21 63.29 825 4.103
1644179520 29.49 63.15 319 4.103
1644179580 29.41 62.95 216 4.098
1644179640 29.2 62.75 204 4.098
1644179700 29.01 62.61 210 4.098
1644179760 28.77 62.48 221 4.098
1644179820 28.75 62.42 252 4.098
1644179880 28.7 62.38 198 4.098
1644179940 28.42 62.28 245 4.098
1644180000 28.16 62.28 168 4.098
1644180060 28.03 62.33 131 4.092
1644180120 27.95 62.39 124 4.092
1644180180 27.76 62.39 126 4.092
1644180240 27.82 62.41 191 4.092
1644180300 27.76 62.56 174 4.098
1644180360 27.62 62.62 596 4.098
1644180420 27.56 62.67 277 4.098
1644180480 27.55 62.72 216 4.098
1644180540 27.52 62.8 210 4.098
1644180600 27.49 62.93 204 4.098
1644180660 27.48 63.02 210 4.103
1644180720 27.56 63.14 487 4.098
1644180780 27.54 63.15 572 4.103
1644180840 27.56 63.15 349 4.103
1644180900 27.82 63.22 343 4.098
1644180960 27.88 63.26 704 4.103
1644181020 27.92 63.28 698 4.103
1644181080 28.08 63.26 698 4.108
1644181140 28.29 63.29 694 4.108
1644181200 28.5 63.18 700 4.108
1644181260 28.8 63.19 716 4.103
1644181320 28.81 63.05 674 4.103
1644181380 28.9 62.97 621 4.108
1644181440 28.96 62.81 596 4.103
1644181500 29.12 62.69 367 4.103
1644181560 29.24 62.57 222 4.098
1644181620 29.1 62.36 162 4.098
1644181680 28.82 62.18 150 4.098
1644181740 28.7 61.99 144 4.098
1644181800 28.54 61.83 150 4.098
1644181860 28.33 61.67 198 4.098
1644181920 28.23 61.58 186 4.098
1644181980 28.15 61.48 204 4.098
1644182040 28.02 61.39 228 4.103
1644182100 27.91 61.3 228 4.098
1644182160 27.75 61.3 210 4.098
1644182220 27.81 61.29 204 4.098
1644182280 27.81 61.31 222 4.103
1644182340 27.76 61.34 198 4.098
1644182400 27.81 61.42 174 4.098
1644182460 27.73 61.47 150 4.098
1644182520 27.64 61.56 126 4.098
1644182580 27.62 61.68 102 4.098
1644182640 27.61 61.82 82 4.098
1644182700 27.51 61.89 70 4.098
1644182760 27.34 62.04 70 4.098
1644182820 27.15 62.13 84 4.098
1644182880 27.07 62.31 88 4.098
1644182940 26.98 62.45 114 4.098
1644183000 26.96 62.66 126 4.098
1644183060 26.86 62.8 106 4.092
1644183120 26.8 62.96 114 4.098
1644183180 26.8 63.14 124 4.098
1644183240 26.84 63.38 112 4.098
1644183300 26.83 63.51 120 4.092
1644183360 26.76 63.72 162 4.098
1644183420 26.76 63.88 162 4.098
1644183480 26.69 64.09 150 4.098
1644183540 26.7 64.29 108 4.098
1644183600 26.69 64.48 114 4.092
1644183660 26.79 64.73 102 4.092
1644183720 26.82 64.88 72 4.098
1644183780 26.82 65.03 72 4.092
1644183840 26.74 65.16 82 4.092
1644183900 26.73 65.29 94 4.092
1644183960 26.76 65.49 78 4.098
1644184020 26.72 65.59 76 4.092
1644184080 26.66 65.73 90 4.092
1644184140 26.64 65.86 96 4.098
1644184200 26.64 65.97 100 4.092
1644184260 26.63 66.07 114 4.098
1644184320 26.63 66.16 106 4.098
1644184380 26.64 66.28 126 4.098
1644184440 26.57 66.37 126 4.092
1644184500 26.53 66.41 120 4.098
1644184560 26.54 66.51 144 4.098
1644184620 26.54 66.57 144 4.098
1644184680 26.52 66.63 132 4.098
1644184740 26.6 66.69 120 4.098
1644184800 26.62 66.74 108 4.092
1644184860 26.57 66.71 100 4.098
1644184920 26.56 66.79 94 4.092
1644184980 26.59 66.79 88 4.092
1644185040 26.56 66.85 88 4.092
1644185100 26.52 66.84 82 4.092
1644185160 26.52 66.87 82 4.098
1644185220 26.53 66.88 76 4.092
1644185280 26.47 66.96 76 4.092
1644185340 26.47 67 72 4.092
1644185400 26.44 67.04 72 4.098
1644185460 26.47 67.1 70 4.098
1644185520 26.47 67.23 72 4.098
1644185580 26.5 67.29 70 4.092
1644185640 26.39 67.33 64 4.092
1644185700 26.42 67.42 64 4.092
1644185760 26.39 67.5 64 4.092
1644185820 26.28 67.57 58 4.092
1644185880 26.21 67.66 60 4.092
1644185940 26.22 67.76 58 4.092
1644186000 26.18 67.84 58 4.092
1644186060 26.12 67.89 52 4.092
1644186120 26.03 67.97 52 4.092
1644186180 26.01 68.09 48 4.092
1644186240 25.99 68.14 48 4.092
1644186300 25.98 68.24 46 4.092
1644186360 25.93 68.36 46 4.092
1644186420 25.89 68.43 48 4.092
1644186480 25.82 68.51 40 4.098
1644186540 25.82 68.65 42 4.092
1644186600 25.78 68.72 40 4.098
1644186660 25.77 68.81 40 4.092
1644186720 25.79 68.91 34 4.092
1644186780 25.81 69 34 4.092
1644186840 25.78 69.12 34 4.087
1644186900 25.74 69.18 34 4.092
1644186960 25.72 69.28 34 4.092
1644187020 25.69 69.4 28 4.092
1644187080 25.65 69.48 28 4.092
1644187140 25.67 69.59 28 4.092
1644187200 25.61 69.69 30 4.092
1644187260 25.58 69.83 22 4.092
1644187320 25.56 69.93 22 4.092
1644187380 25.49 70.04 24 4.092
1644187440 25.45 70.14 24 4.092
1644187500 25.42 70.28 22 4.092
1644187560 25.4 70.37 22 4.092
1644187620 25.4 70.49 16 4.092
1644187680 25.36 70.58 16 4.092
1644187740 25.34 70.68 16 4.092
1644187800 25.27 70.76 16 4.092
1644187860 25.26 70.87 16 4.092
1644187920 25.26 70.98 16 4.098
1644187980 25.24 71.09 16 4.098
1644188040 25.21 71.1 16 4.092
1644188100 25.17 71.16 16 4.092
1644188160 25.14 71.27 10 4.092
1644188220 25.12 71.35 10 4.092
1644188280 25.09 71.4 10 4.098
1644188340 25.07 71.42 10 4.092
1644188400 24.98 71.49 10 4.092
1644188460 24.97 71.55 10 4.092
1644188520 24.96 71.62 10 4.092
1644188580 24.94 71.7 4 4.092
1644188640 24.91 71.77 4 4.092
1644188700 24.9 71.83 4 4.092
1644188760 24.89 71.9 4 4.092
1644188820 24.87 71.99 4 4.092
1644188880 24.87 72.09 4 4.092
1644188940 24.85 72.18 4 4.092
1644189000 24.8 72.25 0 4.092
1644189060 24.77 72.33 0 4.092
1644189120 24.75 72.44 0 4.092
1644189180 24.67 72.53 0 4.092
1644189240 24.67 72.58 0 4.092
1644189300 24.65 72.66 0 4.092
1644189360 24.66 72.76 0 4.092
1644189420 24.61 72.82 0 4.092
1644189480 24.58 72.92 0 4.087
1644189540 24.58 72.98 0 4.092
1644189600 24.55 73.02 0 4.092
1644189660 24.53 73.13 0 4.092
1644189720 24.51 73.21 0 4.087
1644189780 24.49 73.26 0 4.092
1644189840 24.45 73.36 0 4.092
1644189900 24.46 73.42 0 4.092
1644189960 24.43 73.53 0 4.092
1644190020 24.42 73.61 0 4.092
1644190080 24.39 73.69 0 4.092
1644190140 24.36 73.78 0 4.092
1644190200 24.33 73.87 0 4.092
1644190260 24.35 73.98 0 4.087
1644190320 24.28 74.06 0 4.092
1644190380 24.29 74.18 0 4.092
1644190440 24.25 74.31 0 4.092
1644190500 24.25 74.42 0 4.092
1644190560 24.22 74.56 0 4.092
1644190620 24.26 74.7 0 4.092
1644190680 24.22 74.77 0 4.092
1644190740 24.18 74.91 0 4.092
1644190800 24.19 74.99 0 4.092
1644190860 24.18 75.1 0 4.092
1644190920 24.16 75.2 0 4.092
1644190980 24.19 75.3 0 4.092
1644191040 24.21 75.42 0 4.092
1644191100 24.21 75.5 0 4.092
1644191160 24.18 75.62 0 4.087
1644191220 24.16 75.7 0 4.092
1644191280 24.18 75.75 0 4.087
1644191340 24.21 75.85 0 4.092
1644191400 24.19 75.94 0 4.092
1644191460 24.19 76.01 0 4.092
1644191520 24.22 76.12 0 4.092
1644191580 24.19 76.2 0 4.092
1644191640 24.23 76.24 0 4.092
1644191700 24.19 76.35 0 4.092
1644191760 24.22 76.38 0 4.092
1644191820 24.25 76.51 0 4.092
1644191880 24.22 76.56 0 4.087
1644191940 24.26 76.59 0 4.092
1644192000 24.26 76.65 0 4.092
1644192060 24.25 76.69 0 4.087
1644192120 24.26 76.75 0 4.092
1644192180 24.25 76.79 0 4.087
1644192240 24.26 76.85 0 4.092
1644192300 24.26 76.89 0 4.087
1644192360 24.23 76.94 0 4.087
1644192420 24.22 76.99 0 4.087
1644192480 24.21 77.1 0 4.092
1644192540 24.16 77.14 0 4.092
1644192600 24.18 77.18 0 4.092
1644192660 24.18 77.25 0 4.087
1644192720 24.15 77.28 0 4.092
1644192780 24.12 77.35 0 4.087
1644192840 24.15 77.39 0 4.092
1644192900 24.14 77.47 0 4.092
1644192960 24.12 77.55 0 4.087
1644193020 24.11 77.61 0 4.087
1644193080 24.07 77.67 0 4.087
1644193140 24.04 77.76 0 4.087
1644193200 24.07 77.85 0 4.087
1644193260 24.07 77.89 0 4.087
1644193320 24.07 77.98 0 4.087
1644193380 24.05 78 0 4.087
1644193440 24.05 78.09 0 4.092
1644193500 24.04 78.14 0 4.087
1644193560 24.04 78.21 0 4.087
1644193620 24.01 78.27 0 4.087
1644193680 24.02 78.35 0 4.087
1644193740 24.04 78.42 0 4.087
1644193800 24.02 78.48 0 4.087
1644193860 24.01 78.51 0 4.082
1644193920 24.01 78.63 0 4.087
1644193980 24.01 78.69 0 4.087
1644194040 23.98 78.76 0 4.087
1644194100 23.98 78.86 0 4.087
1644194160 23.94 78.89 0 4.092
1644194220 23.95 78.95 0 4.087
1644194280 23.92 79 0 4.087
1644194340 23.92 79.05 0 4.087
1644194400 23.94 79.11 0 4.087
1644194460 23.92 79.15 0 4.087
1644194520 23.91 79.22 0 4.087
1644194580 23.89 79.26 0 4.087
1644194640 23.89 79.32 0 4.087
1644194700 23.88 79.35 0 4.087
1644194760 23.84 79.42 0 4.087
1644194820 23.87 79.51 0 4.087
1644194880 23.85 79.54 0 4.087
1644194940 23.82 79.62 0 4.087
1644195000 23.87 79.66 0 4.092
1644195060 23.82 79.66 0 4.087
1644195120 23.84 79.73 0 4.087
1644195180 23.85 79.78 0 4.087
1644195240 23.82 79.81 0 4.087
1644195300 23.81 79.86 0 4.092
1644195360 23.8 79.89 0 4.087
1644195420 23.77 79.94 0 4.087
1644195480 23.78 80 0 4.087
1644195540 23.8 80.03 0 4.087
1644195600 23.77 80.09 0 4.087
1644195660 23.75 80.14 0 4.087
1644195720 23.78 80.14 0 4.087
1644195780 23.78 80.22 0 4.087
1644195840 23.75 80.27 0 4.087
1644195900 23.71 80.32 0 4.087
1644195960 23.71 80.38 0 4.087
1644196020 23.7 80.45 0 4.087
1644196080 23.67 80.48 0 4.087
1644196140 23.67 80.57 0 4.087
1644196200 23.63 80.62 0 4.087
1644196260 23.63 80.68 0 4.087
1644196320 23.59 80.78 0 4.087
1644196380 23.56 80.85 0 4.087
1644196440 23.51 80.91 0 4.087
1644196500 23.5 80.96 0 4.087
1644196560 23.51 81.1 0 4.087
1644196620 23.51 81.15 0 4.087
1644196680 23.49 81.25 0 4.087
1644196740 23.53 81.29 0 4.087
1644196800 23.56 81.35 0 4.087
1644196860 23.56 81.42 0 4.087
1644196920 23.59 81.49 0 4.087
1644196980 23.61 81.53 0 4.087
1644197040 23.61 81.58 0 4.087
1644197100 23.68 81.57 0 4.087
1644197160 23.68 81.64 0 4.087
1644197220 23.68 81.7 0 4.087
1644197280 23.71 81.76 0 4.087
1644197340 23.71 81.76 0 4.087
1644197400 23.71 81.79 0 4.087
1644197460 23.77 81.79 0 4.082
1644197520 23.8 81.77 0 4.082
1644197580 23.81 81.76 0 4.087
1644197640 23.84 81.82 0 4.087
1644197700 23.85 81.82 0 4.087
1644197760 23.84 81.79 0 4.087
1644197820 23.87 81.82 0 4.087
1644197880 23.82 81.75 0 4.087
1644197940 23.87 81.74 0 4.087
1644198000 23.88 81.75 0 4.087
1644198060 23.87 81.73 0 4.087
1644198120 23.84 81.74 0 4.087
1644198180 23.85 81.72 0 4.087
1644198240 23.84 81.71 0 4.087
1644198300 23.84 81.7 0 4.087
1644198360 23.85 81.7 0 4.082
1644198420 23.84 81.72 0 4.082
1644198480 23.82 81.67 0 4.087
1644198540 23.82 81.64 0 4.082
1644198600 23.84 81.65 0 4.087
1644198660 23.85 81.55 0 4.082
1644198720 23.84 81.57 0 4.087
1644198780 23.85 81.52 0 4.082
1644198840 23.84 81.48 0 4.082
1644198900 23.82 81.45 0 4.082
1644198960 23.82 81.4 0 4.087
1644199020 23.84 81.38 0 4.082
1644199080 23.84 81.33 0 4.087
1644199140 23.85 81.25 0 4.087
1644199200 23.84 81.25 0 4.087
1644199260 23.85 81.2 0 4.082
1644199320 23.84 81.19 0 4.082
1644199380 23.84 81.15 0 4.082
1644199440 23.84 81.12 0 4.087
1644199500 23.82 81.03 0 4.087
1644199560 23.85 81 0 4.082
1644199620 23.85 80.96 0 4.082
1644199680 23.82 80.91 0 4.082
1644199740 23.88 80.92 0 4.082
1644199800 23.87 80.87 0 4.087
1644199860 23.88 80.88 0 4.087
1644199920 23.85 80.8 0 4.082
1644199980 23.84 80.79 0 4.087
1644200040 23.85 80.75 0 4.087
1644200100 23.85 80.69 0 4.087
1644200160 23.84 80.65 0 4.082
1644200220 23.84 80.65 0 4.087
1644200280 23.8 80.63 0 4.082
1644200340 23.77 80.61 0 4.087
1644200400 23.71 80.57 0 4.082
1644200460 23.71 80.56 0 4.082
1644200520 23.7 80.56 0 4.082
1644200580 23.68 80.59 0 4.082
1644200640 23.65 80.55 0 4.082
1644200700 23.63 80.56 0 4.087
1644200760 23.6 80.55 0 4.082
1644200820 23.54 80.49 0 4.082
1644200880 23.53 80.52 0 4.082
1644200940 23.5 80.5 0 4.087
1644201000 23.49 80.5 0 4.082
1644201060 23.49 80.48 0 4.082
1644201120 23.47 80.46 0 4.082
1644201180 23.46 80.44 0 4.082
1644201240 23.41 80.43 0 4.082
1644201300 23.41 80.42 0 4.082
1644201360 23.4 80.41 0 4.082
1644201420 23.4 80.44 0 4.082
1644201480 23.39 80.43 0 4.082
1644201540 23.4 80.46 0 4.082
1644201600 23.37 80.48 0 4.087
1644201660 23.36 80.47 0 4.087
1644201720 23.36 80.45 0 4.082
1644201780 23.36 80.49 0 4.082
1644201840 23.33 80.48 0 4.082
1644201900 23.3 80.49 0 4.082
1644201960 23.31 80.49 0 4.082
1644202020 23.31 80.5 0 4.082
1644202080 23.31 80.51 0 4.082
1644202140 23.31 80.46 0 4.082
1644202200 23.29 80.46 0 4.082
1644202260 23.29 80.46 0 4.082
1644202320 23.23 80.46 0 4.082
1644202380 23.21 80.44 0 4.082
1644202440 23.19 80.45 0 4.082
1644202500 23.2 80.46 0 4.082
1644202560 23.19 80.44 0 4.082
1644202620 23.2 80.42 0 4.082
1644202680 23.19 80.4 0 4.082
1644202740 23.19 80.39 0 4.082
1644202800 23.16 80.37 0 4.082
1644202860 23.14 80.37 0 4.082
1644202920 23.13 80.34 0 4.082
1644202980 23.13 80.34 0 4.082
1644203040 23.12 80.31 0 4.082
1644203100 23.1 80.29 0 4.082
1644203160 23.1 80.27 0 4.082
1644203220 23.1 80.25 0 4.082
1644203280 23.12 80.22 0 4.082
1644203340 23.12 80.21 0 4.082
1644203400 23.09 80.19 0 4.082
1644203460 23.1 80.14 0 4.082
1644203520 23.1 80.14 0 4.082
1644203580 23.09 80.1 0 4.082
1644203640 23.1 80.06 0 4.082
1644203700 23.1 80.04 0 4.082
1644203760 23.1 79.99 0 4.082
1644203820 23.12 79.97 0 4.082
1644203880 23.1 79.93 0 4.082
1644203940 23.12 79.96 0 4.082
1644204000 23.1 79.91 0 4.082
1644204060 23.12 79.94 0 4.082
1644204120 23.1 79.88 0 4.082
1644204180 23.1 79.89 0 4.082
1644204240 23.14 79.83 0 4.082
1644204300 23.13 79.83 0 4.082
1644204360 23.16 79.82 0 4.082
1644204420 23.17 79.78 0 4.082
1644204480 23.19 79.76 0 4.082
1644204540 23.17 79.69 0 4.082
1644204600 23.14 79.7 0 4.082
1644204660 23.17 79.62 0 4.082
1644204720 23.12 79.56 0 4.082
1644204780 23.13 79.55 0 4.082
1644204840 23.1 79.53 0 4.082
1644204900 23.07 79.47 0 4.082
1644204960 23.03 79.44 0 4.082
1644205020 23.02 79.43 0 4.082
1644205080 23.02 79.35 0 4.082
1644205140 23 79.32 0 4.082
1644205200 23.03 79.28 0 4.082
1644205260 23.03 79.21 0 4.082
1644205320 23.02 79.21 0 4.082
1644205380 23.02 79.15 0 4.082
1644205440 22.99 79.13 0 4.082
1644205500 22.99 79.11 0 4.082
1644205560 22.99 79.08 0 4.082
1644205620 22.99 79.06 0 4.082
1644205680 22.97 79.03 0 4.082
1644205740 22.99 79.02 0 4.082
1644205800 22.99 78.98 0 4.082
1644205860 22.96 78.92 0 4.082
1644205920 22.96 78.91 0 4.082
1644205980 22.97 78.91 0 4.082
1644206040 22.96 78.84 0 4.082
1644206100 22.93 78.8 0 4.082
1644206160 22.96 78.77 0 4.082
1644206220 22.96 78.76 0 4.082
1644206280 22.96 78.75 0 4.082
1644206340 22.97 78.71 0 4.082
1644206400 22.96 78.73 0 4.082
1644206460 22.96 78.71 0 4.076
1644206520 22.92 78.66 0 4.082
1644206580 22.95 78.67 0 4.076
1644206640 22.96 78.64 0 4.082
1644206700 22.95 78.65 0 4.082
1644206760 22.95 78.61 0 4.082
1644206820 22.96 78.61 0 4.082
1644206880 22.96 78.6 0 4.082
1644206940 22.99 78.57 0 4.082
1644207000 23.02 78.59 0 4.082
1644207060 23.03 78.61 0 4.082
1644207120 23 78.57 0 4.082
1644207180 22.99 78.56 0 4.082
1644207240 22.97 78.59 0 4.082
1644207300 22.99 78.6 0 4.076
1644207360 22.99 78.61 0 4.082
1644207420 22.99 78.62 0 4.082
1644207480 22.97 78.63 0 4.076
1644207540 22.99 78.62 0 4.076
1644207600 22.99 78.65 0 4.082
1644207660 23 78.68 0 4.076
1644207720 22.99 78.68 0 4.076
1644207780 23.03 78.71 0 4.076
1644207840 22.99 78.69 0 4.082
1644207900 23.02 78.72 0 4.082
1644207960 22.99 78.74 0 4.082
1644208020 22.99 78.75 0 4.076
1644208080 22.93 78.73 0 4.082
1644208140 22.95 78.72 0 4.082
1644208200 22.93 78.65 0 4.076
1644208260 22.95 78.65 0 4.065
1644208320 22.95 78.57 0 4.076
1644208380 22.96 78.56 0 4.076
1644208440 22.97 78.55 0 4.082
1644208500 22.96 78.55 0 4.082
1644208560 22.96 78.54 0 4.082
1644208620 23 78.54 0 4.076
1644208680 22.96 78.53 0 4.076
1644208740 22.97 78.5 0 4.082
1644208800 22.99 78.54 0 4.076
1644208860 23.02 78.53 0 4.082
1644208920 23 78.63 0 4.076
1644208980 23.03 78.66 0 4.076
1644209040 23.02 78.64 0 4.076
1644209100 23 78.73 0 4.082
1644209160 23.02 78.76 0 4.076
1644209220 23.03 78.84 0 4.076
1644209280 23.02 78.89 0 4.076
1644209340 23.05 78.89 0 4.076
1644209400 23.07 78.91 0 4.076
1644209460 23.06 78.94 0 4.076
1644209520 23.05 78.97 0 4.076
1644209580 23.07 79 0 4.076
1644209640 23.05 79.01 0 4.076
1644209700 23.06 79.02 0 4.082
1644209760 23.03 79.05 0 4.082
1644209820 23.02 78.98 0 4.082
1644209880 23 79.05 0 4.076
1644209940 23.02 79.02 0 4.082
