1640062800 23.57 81.24 0 4.071
1640062860 23.57 81.23 0 4.071
1640062920 23.59 81.22 0 4.071
1640062980 23.57 81.23 0 4.071
1640063040 23.59 81.21 0 4.071
1640063100 23.59 81.24 0 4.071
1640063160 23.59 81.25 0 4.071
1640063220 23.59 81.25 0 4.071
1640063280 23.57 81.3 0 4.071
1640063340 23.54 81.28 0 4.071
1640063400 23.57 81.26 0 4.071
1640063460 23.59 81.27 0 4.071
1640063520 23.59 81.28 0 4.071
1640063580 23.56 81.3 0 4.071
1640063640 23.6 81.34 0 4.071
1640063700 23.57 81.38 0 4.071
1640063760 23.59 81.46 0 4.071
1640063820 23.6 81.54 0 4.065
1640063880 23.61 81.6 0 4.071
1640063940 23.63 81.72 0 4.071
1640064000 23.6 81.8 0 4.071
1640064060 23.64 81.84 0 4.071
1640064120 23.64 81.94 0 4.071
1640064180 23.63 81.98 0 4.071
1640064240 23.63 82.09 0 4.071
1640064300 23.63 82.13 0 4.071
1640064360 23.65 82.3 0 4.071
1640064420 23.61 82.3 0 4.071
1640064480 23.65 82.43 0 4.071
1640064540 23.63 82.53 0 4.071
1640064600 23.61 82.58 0 4.071
1640064660 23.6 82.64 0 4.071
1640064720 23.59 82.69 0 4.071
1640064780 23.54 82.69 0 4.071
1640064840 23.54 82.76 0 4.071
1640064900 23.56 82.8 0 4.071
1640064960 23.53 82.85 0 4.071
1640065020 23.53 82.92 0 4.071
1640065080 23.53 82.93 0 4.071
1640065140 23.49 82.93 0 4.071
1640065200 23.47 82.98 0 4.071
1640065260 23.5 83 0 4.071
1640065320 23.47 82.99 0 4.071
1640065380 23.46 83.01 0 4.071
1640065440 23.47 82.99 0 4.071
1640065500 23.44 82.94 0 4.071
1640065560 23.46 82.92 0 4.071
1640065620 23.44 82.89 0 4.065
1640065680 23.47 82.84 0 4.065
1640065740 23.47 82.74 0 4.071
1640065800 23.44 82.69 0 4.071
1640065860 23.43 82.58 0 4.071
1640065920 23.43 82.52 0 4.071
1640065980 23.46 82.45 0 4.065
1640066040 23.4 82.33 0 4.071
1640066100 23.44 82.16 0 4.071
1640066160 23.43 82.01 0 4.071
1640066220 23.37 81.86 0 4.071
1640066280 23.41 81.78 0 4.071
1640066340 23.41 81.65 0 4.071
1640066400 23.37 81.53 0 4.071
1640066460 23.37 81.43 0 4.071
1640066520 23.37 81.34 0 4.071
1640066580 23.37 81.28 0 4.071
1640066640 23.34 81.21 0 4.071
1640066700 23.34 81.15 0 4.071
1640066760 23.3 81.08 0 4.071
1640066820 23.33 81.02 0 4.071
1640066880 23.31 80.98 0 4.071
1640066940 23.33 80.91 0 4.071
1640067000 23.3 80.88 0 4.071
1640067060 23.3 80.85 0 4.071
1640067120 23.3 80.87 0 4.071
1640067180 23.33 81.03 0 4.071
1640067240 23.26 81.5 0 4.071
1640067300 23.16 81.93 0 4.071
1640067360 23.02 82.34 0 4.071
1640067420 22.82 82.86 0 4.071
1640067480 22.62 83.36 0 4.071
1640067540 22.49 83.92 0 4.071
1640067600 22.34 84.42 0 4.065
1640067660 22.19 84.96 0 4.071
1640067720 22.11 85.45 0 4.071
1640067780 22.05 85.96 0 4.071
1640067840 21.98 86.46 0 4.065
1640067900 21.95 86.9 0 4.071
1640067960 21.97 87.3 0 4.071
1640068020 21.9 87.71 0 4.071
1640068080 21.83 88.08 0 4.071
1640068140 21.77 88.41 0 4.071
1640068200 21.73 88.82 0 4.065
1640068260 21.74 89.12 0 4.071
1640068320 21.74 89.4 0 4.071
1640068380 21.7 89.65 0 4.071
1640068440 21.77 89.91 0 4.071
1640068500 21.8 90.2 0 4.071
1640068560 21.79 90.42 0 4.065
1640068620 21.8 90.65 0 4.065
1640068680 21.85 90.86 0 4.071
1640068740 21.81 91.07 0 4.071
1640068800 21.74 91.25 0 4.065
1640068860 21.77 91.42 0 4.065
1640068920 21.8 91.59 0 4.071
1640068980 21.83 91.81 0 4.065
1640069040 21.81 91.92 0 4.071
1640069100 21.8 92.09 0 4.065
1640069160 21.79 92.24 0 4.065
1640069220 21.67 92.34 0 4.071
1640069280 21.5 92.42 0 4.071
1640069340 21.32 92.52 0 4.071
1640069400 21.12 92.6 0 4.065
1640069460 21.07 92.66 0 4.065
1640069520 21.09 92.68 0 4.065
1640069580 21.2 92.77 0 4.065
1640069640 21.02 92.81 0 4.065
1640069700 20.9 92.84 0 4.071
1640069760 20.82 92.83 0 4.065
1640069820 20.88 92.8 0 4.065
1640069880 20.86 92.76 0 4.071
1640069940 20.79 92.71 0 4.065
1640070000 20.83 92.71 0 4.071
1640070060 20.86 92.7 0 4.071
1640070120 20.85 92.71 0 4.071
1640070180 20.74 92.64 0 4.071
1640070240 20.86 92.67 0 4.071
1640070300 20.85 92.66 0 4.065
1640070360 20.86 92.71 0 4.071
1640070420 20.86 92.72 0 4.065
1640070480 20.83 92.71 0 4.065
1640070540 20.81 92.77 0 4.071
1640070600 20.77 92.76 0 4.065
1640070660 20.79 92.88 0 4.065
1640070720 20.72 92.88 0 4.065
1640070780 20.71 92.88 0 4.065
1640070840 20.78 92.91 0 4.071
1640070900 20.74 92.95 0 4.065
1640070960 20.65 93 0 4.065
1640071020 20.51 93.04 0 4.065
1640071080 20.58 93.05 0 4.065
1640071140 20.64 93.06 0 4.065
1640071200 20.62 93.06 0 4.071
1640071260 20.58 93.08 0 4.065
1640071320 20.58 93.09 0 4.071
1640071380 20.61 93.11 0 4.065
1640071440 20.49 93.07 0 4.071
1640071500 20.52 93.09 0 4.065
1640071560 20.59 93.16 0 4.071
1640071620 20.56 93.14 0 4.071
1640071680 20.54 93.16 0 4.071
1640071740 20.54 93.2 0 4.065
1640071800 20.41 93.16 0 4.071
1640071860 20.37 93.16 0 4.065
1640071920 20.39 93.18 0 4.065
1640071980 20.39 93.21 0 4.065
1640072040 20.47 93.24 0 4.065
1640072100 20.49 93.31 0 4.065
1640072160 20.39 93.3 0 4.065
1640072220 20.3 93.3 0 4.065
1640072280 20.31 93.31 0 4.065
1640072340 20.3 93.3 0 4.071
1640072400 20.31 93.32 0 4.071
1640072460 20.32 93.39 0 4.065
1640072520 20.28 93.39 0 4.065
1640072580 20.27 93.37 0 4.065
1640072640 20.38 93.41 0 4.065
1640072700 20.47 93.48 0 4.071
1640072760 20.47 93.47 0 4.071
1640072820 20.48 93.56 0 4.065
1640072880 20.44 93.58 0 4.065
1640072940 20.44 93.6 0 4.065
1640073000 20.45 93.65 0 4.071
1640073060 20.42 93.69 0 4.065
1640073120 20.34 93.73 0 4.065
1640073180 20.31 93.78 0 4.065
1640073240 20.27 93.77 0 4.065
1640073300 20.21 93.82 0 4.065
1640073360 20.16 93.85 0 4.065
1640073420 20.18 93.91 0 4.065
1640073480 20.2 93.93 0 4.065
1640073540 20.23 93.96 0 4.065
1640073600 20.24 93.98 0 4.065
1640073660 20.24 94.04 0 4.065
1640073720 20.23 94.06 0 4.065
1640073780 20.26 94.08 0 4.065
1640073840 20.26 94.11 0 4.065
1640073900 20.23 94.17 0 4.065
1640073960 20.2 94.2 0 4.065
1640074020 20.18 94.23 0 4.065
1640074080 20.16 94.23 0 4.065
1640074140 20.16 94.29 0 4.065
1640074200 20.13 94.33 0 4.065
1640074260 20.11 94.37 0 4.065
1640074320 20.17 94.37 0 4.065
1640074380 20.2 94.39 0 4.065
1640074440 20.27 94.46 0 4.065
1640074500 20.23 94.46 0 4.065
1640074560 20.3 94.52 0 4.065
1640074620 20.35 94.49 0 4.065
1640074680 20.34 94.56 0 4.065
1640074740 20.37 94.59 0 4.065
1640074800 20.39 94.61 0 4.065
1640074860 20.38 94.65 0 4.065
1640074920 20.37 94.71 0 4.065
1640074980 20.32 94.72 0 4.065
1640075040 20.31 94.74 0 4.065
1640075100 20.27 94.77 0 4.065
1640075160 20.27 94.78 0 4.065
1640075220 20.21 94.86 0 4.065
1640075280 20.07 94.88 0 4.065
1640075340 20.06 94.84 0 4.065
1640075400 20.03 94.85 0 4.065
1640075460 20.04 94.85 0 4.065
1640075520 20.04 94.9 0 4.065
1640075580 19.98 94.87 0 4.065
1640075640 20.08 94.86 0 4.065
1640075700 20.1 94.88 0 4.065
1640075760 20.13 94.86 0 4.065
1640075820 20.16 94.84 0 4.065
1640075880 20.26 94.81 0 4.065
1640075940 20.3 94.79 0 4.071
1640076000 20.37 94.76 0 4.065
1640076060 20.39 94.72 0 4.065
1640076120 20.38 94.73 0 4.065
1640076180 20.35 94.7 0 4.065
1640076240 20.32 94.65 0 4.065
1640076300 20.28 94.65 0 4.065
1640076360 20.3 94.57 0 4.065
1640076420 20.28 94.57 0 4.06
1640076480 20.31 94.53 0 4.065
1640076540 20.34 94.5 0 4.065
1640076600 20.39 94.44 0 4.065
1640076660 20.51 94.46 0 4.065
1640076720 20.55 94.44 0 4.065
1640076780 20.52 94.43 0 4.065
1640076840 20.48 94.42 0 4.065
1640076900 20.47 94.41 0 4.065
1640076960 20.54 94.4 0 4.065
1640077020 20.51 94.39 0 4.065
1640077080 20.54 94.36 0 4.065
1640077140 20.59 94.38 0 4.065
1640077200 20.58 94.37 0 4.065
1640077260 20.64 94.35 0 4.065
1640077320 20.55 94.35 0 4.065
1640077380 20.56 94.33 0 4.065
1640077440 20.45 94.3 0 4.065
1640077500 20.31 94.28 0 4.065
1640077560 20.51 94.24 0 4.065
1640077620 20.55 94.17 0 4.065
1640077680 20.54 94.12 0 4.065
1640077740 20.62 94.07 0 4.065
1640077800 20.62 93.99 0 4.065
1640077860 20.61 93.93 0 4.065
1640077920 20.64 93.84 0 4.065
1640077980 20.67 93.84 0 4.065
1640078040 20.72 93.84 0 4.065
1640078100 20.69 93.8 0 4.065
1640078160 20.59 93.79 0 4.065
1640078220 20.59 93.72 0 4.06
1640078280 20.51 93.68 0 4.065
1640078340 20.49 93.69 0 4.065
1640078400 20.47 93.65 0 4.065
1640078460 20.48 93.61 0 4.065
1640078520 20.51 93.6 0 4.065
1640078580 20.52 93.55 0 4.065
1640078640 20.51 93.56 0 4.06
1640078700 20.49 93.55 0 4.065
1640078760 20.45 93.51 0 4.065
1640078820 20.54 93.51 0 4.065
1640078880 20.64 93.52 0 4.065
1640078940 20.62 93.47 0 4.065
1640079000 20.61 93.49 0 4.065
1640079060 20.52 93.5 0 4.065
1640079120 20.38 93.47 0 4.065
1640079180 20.39 93.44 0 4.065
1640079240 20.41 93.44 0 4.065
1640079300 20.42 93.47 0 4.065
1640079360 20.39 93.41 0 4.065
1640079420 20.45 93.42 0 4.065
1640079480 20.47 93.42 0 4.065
1640079540 20.39 93.39 0 4.065
1640079600 20.39 93.44 0 4.065
1640079660 20.42 93.46 0 4.065
1640079720 20.42 93.47 0 4.065
1640079780 20.45 93.49 0 4.065
1640079840 20.42 93.51 0 4.065
1640079900 20.45 93.51 0 4.065
1640079960 20.42 93.51 0 4.065
1640080020 20.54 93.58 0 4.065
1640080080 20.55 93.58 0 4.065
1640080140 20.54 93.61 0 4.06
1640080200 20.52 93.67 0 4.065
1640080260 20.52 93.7 0 4.065
1640080320 20.52 93.74 0 4.065
1640080380 20.54 93.77 0 4.065
1640080440 20.51 93.81 0 4.065
1640080500 20.54 93.84 0 4.065
1640080560 20.48 93.85 0 4.06
1640080620 20.52 93.92 0 4.06
1640080680 20.48 93.94 0 4.06
1640080740 20.44 93.93 0 4.06
1640080800 20.42 93.99 0 4.065
1640080860 20.42 94.04 0 4.065
1640080920 20.41 94.02 0 4.065
1640080980 20.41 94.05 0 4.065
1640081040 20.44 94.08 0 4.065
1640081100 20.44 94.14 0 4.065
1640081160 20.47 94.15 0 4.065
1640081220 20.52 94.19 0 4.065
1640081280 20.56 94.19 0 4.065
1640081340 20.56 94.24 0 4.065
1640081400 20.58 94.31 0 4.065
1640081460 20.56 94.29 0 4.065
1640081520 20.59 94.3 0 4.065
1640081580 20.59 94.34 0 4.065
1640081640 20.59 94.34 0 4.065
1640081700 20.56 94.37 0 4.065
1640081760 20.59 94.38 0 4.065
1640081820 20.65 94.44 0 4.06
1640081880 20.69 94.47 0 4.065
1640081940 20.75 94.47 0 4.06
1640082000 20.77 94.51 0 4.065
1640082060 20.77 94.59 0 4.065
1640082120 20.75 94.59 0 4.065
1640082180 20.75 94.59 0 4.06
1640082240 20.75 94.63 0 4.065
1640082300 20.78 94.68 0 4.065
1640082360 20.78 94.71 0 4.065
1640082420 20.79 94.67 0 4.06
1640082480 20.81 94.75 0 4.065
1640082540 20.81 94.76 0 4.065
1640082600 20.85 94.79 0 4.06
1640082660 20.9 94.83 0 4.065
1640082720 20.9 94.84 0 4.06
1640082780 20.89 94.9 0 4.06
1640082840 20.9 94.92 0 4.06
1640082900 20.93 94.92 0 4.06
1640082960 21 94.94 0 4.06
1640083020 21 95.02 0 4.065
1640083080 21.03 95.01 0 4.06
1640083140 21.06 95.08 0 4.065
1640083200 21.07 95.09 0 4.06
1640083260 21.07 95.13 0 4.06
1640083320 21.07 95.15 0 4.065
1640083380 21.09 95.17 0 4.06
1640083440 21.06 95.17 0 4.06
1640083500 21.06 95.23 0 4.065
1640083560 21.06 95.23 0 4.065
1640083620 21.12 95.28 0 4.06
1640083680 21.12 95.28 0 4.06
1640083740 21.16 95.34 0 4.06
1640083800 21.16 95.33 0 4.06
1640083860 21.2 95.4 0 4.06
1640083920 21.2 95.41 0 4.065
1640083980 21.19 95.41 0 4.06
1640084040 21.25 95.48 0 4.06
1640084100 21.22 95.48 0 4.06
1640084160 21.25 95.52 0 4.06
1640084220 21.22 95.53 0 4.06
1640084280 21.23 95.55 0 4.06
1640084340 21.23 95.55 0 4.06
1640084400 21.2 95.59 0 4.065
1640084460 21.25 95.59 0 4.06
1640084520 21.26 95.63 0 4.06
1640084580 21.28 95.68 0 4.06
1640084640 21.26 95.67 0 4.06
1640084700 21.29 95.67 0 4.06
1640084760 21.28 95.72 0 4.06
1640084820 21.26 95.75 0 4.06
1640084880 21.26 95.73 0 4.06
1640084940 21.32 95.79 0 4.06
1640085000 21.33 95.77 0 4.06
1640085060 21.32 95.85 0 4.06
1640085120 21.32 95.82 0 4.06
1640085180 21.3 95.87 4 4.06
1640085240 21.3 95.88 4 4.065
1640085300 21.32 95.93 4 4.06
1640085360 21.29 95.96 4 4.065
1640085420 21.28 95.91 4 4.049
1640085480 21.28 95.97 4 4.06
1640085540 21.28 96.01 4 4.06
1640085600 21.26 96.01 4 4.06
1640085660 21.23 96.02 0 4.06
1640085720 21.23 96.02 0 4.055
1640085780 21.23 96.09 4 4.06
1640085840 21.22 96.06 4 4.06
1640085900 21.26 96.11 4 4.06
1640085960 21.25 96.13 0 4.06
1640086020 21.28 96.13 4 4.06
1640086080 21.29 96.13 4 4.06
1640086140 21.25 96.18 4 4.06
1640086200 21.03 96.18 4 4.06
1640086260 20.93 96.23 4 4.06
1640086320 20.9 96.2 4 4.06
1640086380 20.9 96.19 10 4.06
1640086440 20.89 96.22 10 4.06
1640086500 20.9 96.24 10 4.06
1640086560 20.89 96.26 10 4.055
1640086620 20.9 96.28 16 4.06
1640086680 20.89 96.27 22 4.06
1640086740 20.9 96.28 22 4.06
1640086800 20.93 96.34 22 4.06
1640086860 20.93 96.3 28 4.06
1640086920 20.92 96.32 28 4.06
1640086980 20.9 96.35 34 4.06
1640087040 20.79 96.36 40 4.06
1640087100 20.75 96.35 40 4.06
1640087160 20.77 96.36 40 4.06
1640087220 20.78 96.39 34 4.055
1640087280 20.71 96.4 40 4.055
1640087340 20.74 96.42 40 4.06
1640087400 20.71 96.41 34 4.06
1640087460 20.62 96.42 28 4.06
1640087520 20.56 96.43 28 4.06
1640087580 20.58 96.43 28 4.06
1640087640 20.68 96.47 22 4.06
1640087700 20.68 96.47 22 4.06
1640087760 20.68 96.47 22 4.06
1640087820 20.67 96.48 28 4.06
1640087880 20.68 96.47 22 4.06
1640087940 20.68 96.5 28 4.06
1640088000 20.68 96.55 28 4.06
1640088060 20.75 96.55 28 4.06
1640088120 20.78 96.54 28 4.055
1640088180 20.78 96.58 22 4.055
1640088240 20.78 96.57 28 4.055
1640088300 20.79 96.58 28 4.055
1640088360 20.81 96.57 28 4.055
1640088420 20.81 96.59 28 4.06
1640088480 20.77 96.58 28 4.055
1640088540 20.69 96.59 22 4.06
1640088600 20.65 96.62 28 4.06
1640088660 20.61 96.63 28 4.06
1640088720 20.62 96.68 28 4.06
1640088780 20.62 96.67 28 4.06
1640088840 20.58 96.66 28 4.06
1640088900 20.61 96.65 28 4.06
1640088960 20.61 96.71 28 4.06
1640089020 20.52 96.68 28 4.055
1640089080 20.44 96.67 28 4.055
1640089140 20.37 96.71 28 4.055
1640089200 20.37 96.73 22 4.06
1640089260 20.38 96.72 22 4.055
1640089320 20.39 96.75 22 4.06
1640089380 20.41 96.73 22 4.06
1640089440 20.44 96.78 22 4.06
1640089500 20.45 96.78 22 4.06
1640089560 20.45 96.81 22 4.055
1640089620 20.47 96.78 16 4.06
1640089680 20.45 96.8 22 4.055
1640089740 20.39 96.8 16 4.06
1640089800 20.34 96.82 22 4.06
1640089860 20.28 96.84 22 4.06
1640089920 20.3 96.82 22 4.06
1640089980 20.3 96.82 22 4.055
1640090040 20.31 96.85 28 4.055
1640090100 20.3 96.83 28 4.055
1640090160 20.26 96.88 28 4.06
1640090220 20.28 96.87 28 4.055
1640090280 20.26 96.89 28 4.055
1640090340 20.27 96.91 28 4.055
1640090400 20.28 96.91 28 4.06
1640090460 20.35 96.88 28 4.06
1640090580 20.35 96.93 34 4.06
1640090640 20.38 96.96 34 4.055
1640090700 20.38 96.96 34 4.055
1640090760 20.41 96.99 34 4.06
1640090820 20.41 96.97 34 4.06
1640090880 20.45 97.01 40 4.044
1640090940 20.52 97 46 4.055
1640091000 20.52 97.04 46 4.055
1640091060 20.51 97.07 46 4.055
1640091120 20.47 97.04 46 4.055
1640091180 20.48 97.03 52 4.055
1640091240 20.38 97.05 52 4.055
1640091300 20.42 97.1 52 4.06
1640091360 20.48 97.11 52 4.055
1640091420 20.51 97.1 52 4.06
1640091480 20.52 97.11 52 4.055
1640091540 20.48 97.13 52 4.055
1640091600 20.48 97.14 52 4.055
1640091660 20.49 97.16 52 4.055
1640091720 20.49 97.13 46 4.055
1640091780 20.49 97.15 46 4.055
1640091840 20.54 97.15 52 4.055
1640091900 20.52 97.18 46 4.055
1640091960 20.55 97.21 52 4.055
1640092020 20.58 97.19 52 4.055
1640092080 20.59 97.19 58 4.06
1640092140 20.62 97.25 58 4.055
1640092200 20.64 97.26 58 4.055
1640092260 20.64 97.25 64 4.055
1640092320 20.65 97.21 64 4.055
1640092380 20.71 97.29 64 4.055
1640092440 20.71 97.27 70 4.055
1640092500 20.72 97.29 70 4.055
1640092560 20.71 97.26 70 4.055
1640092620 20.74 97.28 70 4.055
1640092680 20.78 97.31 70 4.055
1640092740 20.82 97.32 64 4.055
1640092800 20.82 97.34 64 4.055
1640092860 20.86 97.37 64 4.055
1640092920 20.86 97.32 58 4.06
1640092980 20.88 97.35 58 4.055
1640093040 20.85 97.37 58 4.055
1640093100 20.78 97.35 58 4.055
1640093160 20.77 97.36 64 4.055
1640093220 20.78 97.41 64 4.055
1640093280 20.83 97.43 64 4.055
1640093340 20.79 97.4 70 4.055
1640093400 20.78 97.39 70 4.055
1640093460 20.82 97.41 76 4.055
1640093520 20.89 97.45 82 4.055
1640093580 20.9 97.38 88 4.049
1640093640 20.96 97.41 94 4.055
1640093700 21.02 97.45 100 4.055
1640093760 21.05 97.45 106 4.055
1640093820 21.1 97.42 106 4.055
1640093880 21.09 97.47 112 4.055
1640093940 21.06 97.48 112 4.055
1640094000 21.06 97.48 118 4.06
1640094060 21.09 97.46 118 4.06
1640094120 21.18 97.49 124 4.06
1640094180 21.1 97.52 131 4.055
1640094240 21.03 97.48 137 4.055
1640094300 21.06 97.47 147 4.06
1640094360 21.1 97.51 155 4.06
1640094420 21.13 97.45 167 4.06
1640094480 21.2 97.5 177 4.055
1640094540 21.23 97.5 177 4.06
1640094600 21.23 97.52 183 4.06
1640094660 21.32 97.53 183 4.06
1640094720 21.43 97.55 177 4.06
1640094780 21.44 97.53 167 4.06
1640094840 21.42 97.57 161 4.055
1640094900 21.44 97.55 149 4.06
1640094960 21.43 97.54 137 4.06
1640095020 21.43 97.56 131 4.055
1640095080 21.44 97.56 118 4.06
1640095140 21.46 97.57 112 4.06
1640095200 21.49 97.57 106 4.06
1640095260 21.43 97.56 100 4.06
1640095320 21.39 97.58 88 4.055
1640095380 21.34 97.58 82 4.049
1640095440 21.37 97.59 76 4.055
1640095500 21.36 97.56 76 4.055
1640095560 21.36 97.55 70 4.055
1640095620 21.37 97.56 70 4.055
1640095680 21.39 97.58 70 4.055
1640095740 21.39 97.55 76 4.055
1640095800 21.37 97.55 76 4.055
1640095860 21.39 97.56 82 4.055
1640095920 21.39 97.55 88 4.055
1640095980 21.34 97.52 94 4.055
1640096040 21.4 97.51 100 4.055
1640096100 21.42 97.48 106 4.055
1640096160 21.46 97.54 112 4.055
1640096220 21.4 97.46 118 4.06
1640096280 21.44 97.48 131 4.055
1640096340 21.44 97.49 131 4.055
1640096400 21.44 97.48 137 4.06
1640096460 21.53 97.46 143 4.055
1640096520 21.44 97.47 147 4.06
1640096580 21.54 97.41 147 4.06
1640096640 21.58 97.42 155 4.06
1640096700 21.63 97.39 161 4.06
1640096760 21.65 97.38 167 4.06
1640096820 21.68 97.37 167 4.06
1640096880 21.73 97.38 167 4.06
1640096940 21.77 97.36 171 4.06
1640097000 21.8 97.38 177 4.06
1640097060 21.84 97.39 171 4.06
1640097120 21.85 97.37 171 4.06
1640097180 21.94 97.32 161 4.055
1640097240 22 97.35 143 4.055
1640097300 22.07 97.31 124 4.055
1640097360 22.11 97.32 112 4.06
1640097420 21.98 97.28 100 4.055
1640097480 21.94 97.26 106 4.055
1640097540 21.98 97.27 118 4.055
1640097600 22.01 97.26 131 4.055
1640097660 22.05 97.22 143 4.06
1640097720 22.08 97.21 149 4.06
1640097780 22.05 97.24 161 4.06
1640097840 22.05 97.18 161 4.06
1640097900 22 97.19 161 4.06
1640097960 21.95 97.16 161 4.06
1640098020 22 97.16 161 4.06
1640098080 22.03 97.16 167 4.06
1640098140 22 97.16 171 4.06
1640098200 22 97.1 183 4.06
1640098260 22.04 97.1 189 4.06
1640098320 22.1 97.13 195 4.065
1640098380 22.15 97.07 201 4.065
1640098440 22.12 97.06 201 4.065
1640098500 22.18 97.05 207 4.065
1640098560 22.19 97.04 207 4.065
1640098620 22.25 97.01 207 4.06
1640098680 22.27 97.02 213 4.065
1640098740 22.27 96.98 219 4.065
1640098800 22.28 96.95 225 4.065
1640098860 22.3 96.96 225 4.065
1640098920 22.3 96.93 231 4.065
1640098980 22.34 96.9 237 4.065
1640099040 22.39 96.9 243 4.065
1640099100 22.38 96.88 243 4.065
1640099160 22.44 96.84 243 4.065
1640099220 22.54 96.85 243 4.065
1640099280 22.51 96.78 243 4.065
1640099340 22.63 96.78 237 4.065
1640099400 22.58 96.75 231 4.065
1640099460 22.56 96.69 219 4.065
1640099520 22.58 96.69 207 4.065
1640099580 22.51 96.66 197 4.065
1640099640 22.51 96.61 191 4.065
1640099700 22.51 96.57 185 4.065
1640099760 22.55 96.47 185 4.065
1640099820 22.61 96.45 185 4.065
1640099880 22.62 96.41 185 4.065
1640099940 22.58 96.37 185 4.065
1640100000 22.54 96.34 189 4.065
1640100060 22.51 96.28 191 4.065
1640100120 22.38 96.22 191 4.065
1640100180 22.46 96.17 197 4.06
1640100240 22.51 96.1 201 4.065
1640100300 22.49 96.04 213 4.065
1640100360 22.52 96 225 4.071
1640100420 22.52 95.92 237 4.071
1640100480 22.54 95.83 256 4.071
1640100540 22.56 95.75 268 4.071
1640100600 22.61 95.69 274 4.071
1640100660 22.63 95.6 280 4.071
1640100720 22.69 95.46 280 4.076
1640100780 22.7 95.4 286 4.071
1640100840 22.72 95.3 299 4.071
1640100900 22.83 95.23 305 4.076
1640100960 22.89 95.15 316 4.076
1640101020 22.83 95.05 328 4.071
1640101080 22.86 94.92 334 4.076
1640101140 22.88 94.82 340 4.076
1640101200 23.05 94.73 346 4.076
1640101260 23.16 94.62 353 4.082
1640101320 23.14 94.49 353 4.076
1640101380 23.19 94.34 352 4.082
1640101440 23.2 94.14 359 4.076
1640101500 23.21 94.05 364 4.076
1640101560 23.3 93.95 365 4.076
1640101620 23.43 93.81 371 4.082
1640101680 23.33 93.64 370 4.082
1640101740 23.3 93.36 377 4.082
1640101800 23.49 93.17 377 4.082
1640101860 23.64 92.99 371 4.082
1640101920 23.67 92.88 371 4.082
1640101980 23.68 92.68 377 4.082
1640102040 23.88 92.55 384 4.082
1640102100 24 92.39 402 4.087
1640102160 24.1 92.24 408 4.082
1640102220 24.04 92.03 414 4.087
1640102280 24.18 91.87 426 4.087
1640102340 24.19 91.69 420 4.082
1640102400 24.02 91.46 414 4.087
1640102460 24.01 91.27 414 4.082
1640102520 24.18 91.17 414 4.087
1640102580 24.11 90.95 420 4.082
1640102640 24.23 90.75 426 4.087
1640102700 24.23 90.58 432 4.087
1640102760 24.39 90.46 444 4.087
1640102820 24.43 90.24 444 4.092
1640102880 24.38 89.88 456 4.092
1640102940 24.45 89.59 468 4.092
1640103000 24.59 89.4 450 4.092
1640103060 24.62 89.14 516 4.092
1640103120 24.63 89 733 4.092
1640103180 24.59 88.72 841 4.092
1640103240 24.75 88.58 600 4.092
1640103300 25.03 88.44 444 4.092
1640103360 25.09 88.26 408 4.087
1640103420 25.1 87.96 396 4.092
1640103480 25.13 87.73 396 4.082
1640103540 25.18 87.49 390 4.087
1640103600 25.28 87.28 390 4.092
1640103660 25.3 87.15 377 4.087
1640103720 25.21 86.86 377 4.087
1640103780 25.12 86.61 371 4.087
1640103840 24.97 86.35 371 4.092
1640103900 24.87 86.19 371 4.087
1640103960 24.89 86.06 365 4.087
1640104020 24.82 85.95 359 4.087
1640104080 24.87 85.92 353 4.087
1640104140 24.82 85.88 359 4.087
1640104200 24.96 85.99 365 4.087
1640104260 24.96 85.96 365 4.087
1640104320 24.93 85.9 365 4.087
1640104380 24.86 85.57 353 4.087
1640104440 24.8 85.35 341 4.087
1640104500 24.67 85.21 341 4.092
1640104560 24.69 85.12 335 4.087
1640104620 24.67 84.96 341 4.087
1640104680 24.67 84.93 335 4.087
1640104740 24.61 84.86 329 4.092
1640104800 24.69 85.01 329 4.092
1640104860 24.75 85.12 341 4.087
1640104920 24.86 85.2 353 4.087
1640104980 24.76 85.2 359 4.092
1640105040 24.87 85.11 384 4.092
1640105100 24.91 85.05 390 4.092
1640105160 24.98 85.07 384 4.092
1640105220 25.09 85.13 396 4.092
1640105280 25.03 85.09 414 4.092
1640105340 25.13 84.98 444 4.098
1640105400 25.04 84.73 478 4.082
1640105460 25.13 84.44 605 4.076
1640105520 25.12 84.22 486 4.087
1640105580 25.31 84.07 420 4.092
1640105640 25.44 83.9 408 4.092
1640105700 25.61 83.8 414 4.092
1640105760 25.56 83.67 421 4.092
1640105820 25.61 83.53 420 4.092
1640105880 25.6 83.43 451 4.098
1640105940 25.67 83.5 533 4.082
1640106000 25.56 83.38 521 4.082
1640106060 25.67 83.28 480 4.092
1640106120 25.82 83.4 463 4.098
1640106180 25.98 83.31 481 4.098
1640106240 26.14 83.27 496 4.082
1640106300 26.33 83.17 539 4.082
1640106360 26.29 83.11 575 4.082
1640106420 26.46 82.74 554 4.098
1640106480 26.49 82.42 551 4.098
1640106540 26.28 82.11 533 4.082
1640106600 26.11 81.78 536 4.092
1640106660 26.02 81.48 521 4.076
1640106720 26.14 81.28 551 4.076
1640106780 26.22 81.02 551 4.082
1640106840 26.22 80.71 527 4.082
1640106900 26.32 80.48 528 4.092
1640106960 26.26 80.24 554 4.092
1640107020 26.18 80.01 575 4.082
1640107080 26.29 79.76 599 4.082
1640107140 26.4 79.63 695 4.076
1640107200 26.54 79.49 623 4.092
1640107260 26.64 79.35 632 4.098
1640107320 26.54 79.13 689 4.082
1640107380 26.59 78.96 688 4.076
1640107440 26.42 78.77 528 4.098
1640107500 26.38 78.58 492 4.098
1640107560 26.39 78.37 463 4.098
1640107620 26.23 78.23 451 4.098
1640107680 26.19 78.13 469 4.098
1640107740 26.05 78.03 433 4.098
1640107800 25.92 77.89 427 4.098
1640107860 25.89 77.7 421 4.098
1640107920 25.82 77.5 420 4.098
1640107980 25.85 77.44 414 4.098
1640108040 25.75 77.34 409 4.098
1640108100 25.74 77.29 403 4.092
1640108160 25.87 77.26 397 4.098
1640108220 25.96 77.3 402 4.098
1640108280 25.98 77.21 403 4.098
1640108340 26.08 77.28 408 4.092
1640108400 26.21 77.31 409 4.098
1640108460 26.15 77.27 414 4.082
1640108520 26.25 77.11 414 4.082
1640108580 26.3 76.89 421 4.092
1640108640 26.43 76.83 433 4.092
1640108700 26.23 76.65 460 4.087
1640108760 26.15 76.48 516 4.082
1640108820 26.18 76.4 515 4.082
1640108880 26.35 76.4 510 4.082
1640108940 26.38 76.3 508 4.082
1640109000 26.38 76.15 502 4.082
1640109060 26.54 76.05 502 4.082
1640109120 26.62 75.93 518 4.098
1640109180 26.66 75.8 533 4.082
1640109240 26.82 75.65 624 4.082
1640109300 26.91 75.44 810 4.082
1640109360 27.04 75.31 846 4.082
1640109420 27.2 75.33 1043 4.082
1640109480 27.3 75.15 1182 4.082
1640109540 27.31 74.91 1319 4.082
1640109600 27.68 74.77 1361 4.082
1640109660 28.2 74.63 1337 4.082
1640109720 28.42 74.25 777 4.103
1640109780 28.49 73.86 481 4.098
1640109840 28.49 73.47 445 4.098
1640109900 28.54 73.11 668 4.098
1640109960 28.39 72.73 783 4.098
1640110020 28.19 72.43 536 4.098
1640110080 28.03 72.15 486 4.098
1640110140 27.72 71.82 596 4.098
1640110200 27.76 71.58 886 4.082
1640110260 27.76 71.43 450 4.098
1640110320 27.88 71.22 512 4.103
1640110380 27.72 70.98 880 4.082
1640110440 27.81 70.88 984 4.082
1640110500 27.84 70.68 876 4.082
1640110560 27.91 70.43 674 4.098
1640110620 28.08 70.24 892 4.082
1640110680 28.12 69.96 1055 4.082
1640110740 28.16 69.8 1091 4.082
1640110800 28.15 69.59 1103 4.076
1640110860 28.22 69.36 1109 4.082
1640110920 28.43 69.13 995 4.098
1640110980 28.6 68.95 923 4.087
1640111040 28.56 68.73 761 4.082
1640111100 28.63 68.46 870 4.082
1640111160 28.69 68.24 725 4.082
1640111220 28.54 68.02 408 4.092
1640111280 28.43 67.79 456 4.098
1640111340 28.13 67.67 689 4.082
1640111400 28.08 67.56 566 4.098
1640111460 27.79 67.42 426 4.092
1640111520 27.58 67.25 377 4.092
1640111580 27.49 67.29 444 4.092
1640111640 27.62 67.33 365 4.092
1640111700 27.59 67.4 361 4.092
1640111760 27.51 67.53 347 4.092
1640111820 27.44 67.44 335 4.092
1640111880 27.41 67.44 331 4.098
1640111940 27.34 67.35 323 4.092
1640112000 27.34 67.38 319 4.098
1640112060 27.28 67.41 307 4.092
1640112120 27.03 67.55 293 4.098
1640112180 26.83 67.6 275 4.092
1640112240 26.83 67.88 269 4.092
1640112300 26.84 67.94 263 4.087
1640112360 26.82 68 281 4.092
1640112420 26.77 68.06 295 4.092
1640112480 26.74 68.24 307 4.098
1640112540 26.67 68.38 305 4.098
1640112600 26.67 68.54 307 4.098
1640112660 26.67 68.63 307 4.098
1640112720 26.72 68.63 307 4.098
1640112780 26.76 68.77 307 4.098
1640112840 26.73 68.82 301 4.098
1640112900 26.74 68.87 281 4.098
1640112960 26.66 68.99 265 4.098
1640113020 26.64 69.19 245 4.098
1640113080 26.67 69.38 233 4.098
1640113140 26.66 69.5 228 4.098
1640113200 26.67 69.46 221 4.098
1640113260 26.69 69.47 215 4.092
1640113320 26.6 69.62 209 4.092
1640113380 26.52 69.75 203 4.092
1640113440 26.42 69.9 197 4.092
1640113500 26.33 69.97 191 4.092
1640113560 26.35 70.03 185 4.092
1640113620 26.39 70.2 185 4.092
1640113680 26.29 70.39 179 4.092
1640113740 26.25 70.54 179 4.092
1640113800 26.22 70.61 173 4.092
1640113860 26.19 70.62 173 4.092
1640113920 26.15 70.71 167 4.098
1640113980 26.09 70.76 167 4.092
1640114040 26.16 70.85 161 4.092
1640114100 26.12 70.99 161 4.092
1640114160 26.03 71.22 155 4.092
1640114220 25.98 71.59 155 4.092
1640114280 25.95 71.53 155 4.092
1640114340 25.96 71.48 149 4.092
1640114400 25.92 71.54 149 4.092
1640114460 25.91 71.63 155 4.092
1640114520 25.88 71.74 155 4.092
1640114580 25.91 71.92 155 4.092
1640114640 25.91 72.11 155 4.092
1640114700 25.89 72.38 161 4.092
1640114760 25.84 72.55 161 4.092
1640114820 25.84 72.65 161 4.092
1640114880 25.84 72.75 155 4.092
1640114940 25.81 72.96 161 4.092
1640115000 25.77 73.06 155 4.092
1640115060 25.79 73.18 155 4.092
1640115120 25.78 73.34 155 4.092
1640115180 25.82 73.45 155 4.092
1640115240 25.79 73.56 155 4.092
1640115300 25.82 73.66 149 4.092
1640115360 25.77 73.74 149 4.092
1640115420 25.75 73.72 149 4.092
1640115480 25.74 73.76 149 4.092
1640115540 25.71 73.82 155 4.092
1640115600 25.72 73.93 156 4.092
1640115660 25.65 73.99 155 4.092
1640115720 25.68 74.14 155 4.092
1640115780 25.69 74.16 149 4.092
1640115840 25.64 74.23 149 4.092
1640115900 25.67 74.4 143 4.092
1640115960 25.65 74.5 137 4.092
1640116020 25.64 74.48 131 4.092
1640116080 25.64 74.43 131 4.092
1640116140 25.65 74.43 131 4.092
1640116200 25.68 74.52 124 4.087
1640116260 25.68 74.53 124 4.092
1640116320 25.71 74.54 124 4.092
1640116380 25.68 74.58 124 4.092
1640116440 25.72 74.64 124 4.092
1640116500 25.68 74.6 124 4.092
1640116560 25.68 74.61 118 4.092
1640116620 25.67 74.66 118 4.092
1640116680 25.67 74.75 118 4.092
1640116740 25.65 74.91 118 4.092
1640116800 25.63 75.01 118 4.092
1640116860 25.6 75.07 118 4.092
1640116920 25.63 75.22 118 4.092
1640116980 25.61 75.38 124 4.092
1640117040 25.51 75.43 124 4.092
1640117100 25.52 75.51 124 4.092
1640117160 25.54 75.59 131 4.092
1640117220 25.6 75.65 131 4.092
1640117280 25.6 75.75 124 4.087
1640117340 25.64 75.8 131 4.092
1640117400 25.68 75.9 131 4.092
1640117460 25.71 75.97 137 4.092
1640117520 25.71 75.98 137 4.092
1640117580 25.77 76.13 137 4.092
1640117640 25.75 76.22 143 4.092
1640117700 25.69 76.18 149 4.092
1640117760 25.72 76.24 155 4.092
1640117820 25.75 76.25 161 4.092
1640117880 25.74 76.17 161 4.092
1640117940 25.74 76.17 161 4.092
1640118000 25.79 76.09 161 4.092
1640118060 25.82 76.05 161 4.092
1640118120 25.85 75.99 161 4.092
1640118180 25.78 75.9 155 4.092
1640118240 25.82 75.88 155 4.092
1640118300 25.88 75.93 149 4.092
1640118360 25.88 75.88 144 4.092
1640118420 25.84 75.88 138 4.092
1640118480 25.89 75.89 131 4.092
1640118540 25.91 75.92 124 4.092
1640118600 25.93 75.97 124 4.092
1640118660 25.92 76.03 124 4.087
1640118720 25.92 76 124 4.087
1640118780 25.88 76.03 124 4.092
1640118840 25.82 76.09 124 4.092
1640118900 25.81 76.16 131 4.092
1640118960 25.82 76.29 131 4.092
1640119020 25.77 76.19 137 4.092
1640119080 25.89 76.32 131 4.092
1640119140 25.87 76.32 132 4.092
1640119200 25.78 76.34 124 4.092
1640119260 25.77 76.3 124 4.092
1640119320 25.77 76.26 124 4.092
1640119380 25.77 76.24 118 4.092
1640119440 25.75 76.2 118 4.092
1640119500 25.74 76.2 124 4.092
1640119560 25.71 76.2 124 4.092
1640119620 25.68 76.23 118 4.092
1640119680 25.75 76.26 124 4.092
1640119740 25.72 76.26 118 4.092
1640119800 25.64 76.3 112 4.087
1640119860 25.61 76.32 106 4.092
1640119920 25.57 76.35 106 4.087
1640119980 25.54 76.32 114 4.092
1640120040 25.6 76.45 112 4.092
1640120100 25.54 76.53 112 4.092
1640120160 25.51 76.54 118 4.092
1640120220 25.49 76.61 118 4.092
1640120280 25.51 76.67 118 4.092
1640120340 25.49 76.76 118 4.092
1640120400 25.47 76.93 112 4.092
1640120460 25.41 76.96 112 4.092
1640120520 25.41 76.98 106 4.092
1640120580 25.44 76.95 106 4.092
1640120640 25.49 77 112 4.092
1640120700 25.48 77.06 118 4.092
1640120760 25.52 77.21 131 4.092
1640120820 25.49 77.28 143 4.092
1640120880 25.54 77.4 155 4.092
1640120940 25.48 77.41 161 4.092
1640121000 25.51 77.45 161 4.092
1640121060 25.49 77.48 149 4.092
1640121120 25.58 77.56 137 4.092
1640121180 25.6 77.51 124 4.092
1640121240 25.65 77.56 124 4.092
1640121300 25.6 77.5 131 4.092
1640121360 25.65 77.47 143 4.092
1640121420 25.69 77.48 161 4.092
1640121480 25.69 77.46 173 4.092
1640121540 25.82 77.39 185 4.092
1640121600 25.82 77.3 185 4.092
1640121660 25.92 77.18 185 4.098
1640121720 26.03 77.1 179 4.092
1640121780 26.06 77 185 4.092
1640121840 26.09 76.96 185 4.092
1640121900 26.15 76.96 191 4.092
1640121960 26.23 76.86 198 4.092
1640122020 26.25 76.75 192 4.092
1640122080 26.28 76.49 185 4.092
1640122140 26.3 76.4 173 4.092
1640122200 26.33 76.33 161 4.092
1640122260 26.35 76.17 149 4.092
1640122320 26.35 76.09 131 4.092
1640122380 26.42 75.99 118 4.087
1640122440 26.46 75.81 100 4.092
1640122500 26.38 75.71 94 4.087
1640122560 26.3 75.5 88 4.092
1640122620 26.25 75.32 88 4.087
1640122680 26.23 75.16 94 4.092
1640122740 26.22 74.97 100 4.092
1640122800 26.14 74.82 100 4.092
1640122860 26.12 74.78 100 4.087
1640122920 26.14 74.72 106 4.087
1640122980 26.15 74.72 118 4.092
1640123040 26.15 74.67 124 4.092
1640123100 26.19 74.71 137 4.092
1640123160 26.19 74.67 149 4.092
1640123220 26.19 74.75 155 4.092
1640123280 26.14 74.69 155 4.082
1640123340 26.15 74.7 149 4.087
1640123400 26.18 74.77 143 4.092
1640123460 26.16 74.83 137 4.092
1640123520 26.15 74.87 131 4.092
1640123580 26.06 74.93 118 4.092
1640123640 26.05 74.98 106 4.092
1640123700 26.09 75.01 100 4.092
1640123760 26.09 75.02 88 4.092
1640123820 26.11 75.1 82 4.092
1640123880 26.05 75.19 88 4.092
1640123940 25.98 75.21 88 4.092
1640124000 25.95 75.25 88 4.092
1640124060 25.93 75.33 88 4.087
1640124120 25.93 75.44 94 4.092
1640124180 25.91 75.45 94 4.087
1640124240 25.89 75.5 94 4.092
1640124300 25.87 75.64 94 4.087
1640124360 25.85 75.75 82 4.087
1640124420 25.81 75.87 70 4.087
1640124480 25.77 75.88 70 4.087
1640124540 25.67 75.93 64 4.087
1640124600 25.61 75.95 58 4.087
1640124660 25.61 76.07 64 4.092
1640124720 25.57 76.17 64 4.087
1640124780 25.56 76.28 64 4.092
1640124840 25.47 76.35 64 4.087
1640124900 25.44 76.36 64 4.087
1640124960 25.44 76.41 64 4.087
1640125020 25.44 76.45 64 4.092
1640125080 25.42 76.54 64 4.087
1640125140 25.37 76.61 58 4.087
1640125200 25.34 76.72 58 4.087
1640125260 25.36 76.83 52 4.087
1640125320 25.3 76.92 58 4.092
1640125380 25.27 77.02 52 4.087
1640125440 25.23 77.1 52 4.087
1640125500 25.23 77.18 52 4.087
1640125560 25.23 77.28 52 4.087
1640125620 25.17 77.35 46 4.087
1640125680 25.13 77.4 40 4.087
1640125740 25.07 77.38 34 4.087
1640125800 25.04 77.4 40 4.087
1640125860 24.98 77.4 40 4.087
1640125920 24.96 77.48 40 4.087
1640125980 24.93 77.53 40 4.087
1640126040 24.9 77.57 40 4.087
1640126100 24.91 77.59 34 4.087
1640126160 24.91 77.63 28 4.087
1640126220 24.9 77.74 34 4.087
1640126280 24.9 77.75 28 4.087
1640126340 24.82 77.84 28 4.087
1640126400 24.82 77.93 28 4.087
1640126460 24.79 78.07 28 4.087
1640126520 24.77 78.17 22 4.087
1640126580 24.73 78.3 22 4.087
1640126640 24.75 78.41 22 4.087
1640126700 24.75 78.47 22 4.087
1640126760 24.72 78.61 22 4.087
1640126820 24.73 78.65 16 4.087
1640126880 24.75 78.81 16 4.082
1640126940 24.75 78.9 10 4.087
1640127000 24.7 79.06 10 4.087
1640127060 24.65 79.14 10 4.087
1640127120 24.61 79.29 10 4.092
1640127180 24.63 79.4 10 4.087
1640127240 24.63 79.51 10 4.087
1640127300 24.58 79.71 10 4.087
1640127360 24.56 79.92 10 4.087
1640127420 24.53 79.99 4 4.087
1640127480 24.53 80.17 4 4.087
1640127540 24.53 80.35 4 4.087
1640127600 24.49 80.46 4 4.087
1640127660 24.43 80.61 4 4.087
1640127720 24.46 80.74 0 4.087
1640127780 24.42 80.85 4 4.087
1640127840 24.42 81.01 4 4.087
1640127900 24.36 81.09 0 4.087
1640127960 24.28 81.24 0 4.087
1640128020 24.31 81.4 4 4.087
1640128080 24.26 81.52 0 4.087
1640128140 24.28 81.62 0 4.087
1640128200 24.26 81.75 0 4.087
1640128260 24.22 81.92 0 4.087
1640128320 24.21 82.05 0 4.087
1640128380 24.22 82.2 0 4.087
1640128440 24.15 82.37 0 4.087
1640128500 24.12 82.45 0 4.087
1640128560 24.12 82.53 0 4.087
1640128620 24.14 82.62 0 4.087
1640128680 24.14 82.71 0 4.087
1640128740 24.08 82.77 0 4.082
1640128800 24.12 82.81 0 4.087
1640128860 24.12 82.9 0 4.087
1640128920 24.1 82.93 0 4.087
1640128980 24.05 83 0 4.082
1640129040 24.07 83.07 0 4.087
1640129100 24.08 83.13 0 4.087
1640129160 24.02 83.22 0 4.087
1640129220 24.01 83.29 0 4.087
1640129280 24.01 83.42 0 4.087
1640129340 23.94 83.49 0 4.087
1640129400 23.92 83.52 0 4.087
1640129460 23.91 83.56 0 4.087
1640129520 23.91 83.62 0 4.087
1640129580 23.89 83.68 0 4.082
1640129640 23.87 83.76 0 4.082
1640129700 23.82 83.82 0 4.087
1640129760 23.8 83.89 0 4.087
1640129820 23.78 83.95 0 4.087
1640129880 23.77 84 0 4.087
1640129940 23.75 84.09 0 4.082
1640130000 23.78 84.11 0 4.087
1640130060 23.74 84.12 0 4.087
1640130120 23.81 84.13 0 4.082
1640130180 23.78 84.11 0 4.087
1640130240 23.78 84.12 0 4.087
1640130300 23.85 84.1 0 4.087
1640130360 23.82 84.06 0 4.082
1640130420 23.82 84.06 0 4.087
1640130480 23.85 84.08 0 4.082
1640130540 23.81 84.08 0 4.082
1640130600 23.84 84.09 0 4.087
1640130660 23.82 84.15 0 4.082
1640130720 23.84 84.19 0 4.087
1640130780 23.81 84.23 0 4.087
1640130840 23.81 84.26 0 4.087
1640130900 23.84 84.3 0 4.087
1640130960 23.88 84.31 0 4.087
1640131020 23.84 84.34 0 4.087
1640131080 23.85 84.41 0 4.087
1640131140 23.89 84.38 0 4.082
1640131200 23.91 84.43 0 4.082
1640131260 23.89 84.41 0 4.087
1640131320 23.89 84.44 0 4.087
1640131380 23.92 84.44 0 4.082
1640131440 23.92 84.47 0 4.082
1640131500 23.91 84.45 0 4.082
1640131560 23.89 84.48 0 4.087
1640131620 23.89 84.51 0 4.087
1640131680 23.91 84.49 0 4.082
1640131740 23.92 84.52 0 4.082
1640131800 23.91 84.55 0 4.082
1640131860 23.94 84.53 0 4.087
1640131920 23.92 84.62 0 4.082
1640131980 23.94 84.71 0 4.087
1640132040 23.91 84.7 0 4.082
1640132100 23.91 84.74 0 4.087
1640132160 23.92 84.8 0 4.082
1640132220 23.91 84.85 0 4.087
1640132280 23.87 84.89 0 4.082
1640132340 23.88 84.89 0 4.082
1640132400 23.84 84.93 0 4.082
1640132460 23.85 84.97 0 4.087
1640132520 23.85 84.98 0 4.082
1640132580 23.84 85.01 0 4.082
1640132640 23.82 85.05 0 4.082
1640132700 23.82 85.04 0 4.082
1640132760 23.85 85.08 0 4.082
1640132820 23.85 85.1 0 4.082
1640132880 23.84 85.1 0 4.082
1640132940 23.81 85.16 0 4.082
1640133000 23.84 85.21 0 4.082
1640133060 23.82 85.23 0 4.082
1640133120 23.8 85.3 0 4.082
1640133180 23.77 85.32 0 4.082
1640133240 23.77 85.34 0 4.082
1640133300 23.75 85.39 0 4.082
1640133360 23.74 85.41 0 4.082
1640133420 23.71 85.45 0 4.082
1640133480 23.7 85.49 0 4.082
1640133540 23.7 85.57 0 4.082
1640133600 23.72 85.57 0 4.082
1640133660 23.74 85.58 0 4.082
1640133720 23.78 85.65 0 4.082
1640133780 23.75 85.77 0 4.082
1640133840 23.77 85.8 0 4.082
1640133900 23.74 85.85 0 4.082
1640133960 23.74 85.84 0 4.082
1640134020 23.74 85.87 0 4.082
1640134080 23.74 85.91 0 4.082
1640134140 23.78 85.89 0 4.082
1640134200 23.78 85.91 0 4.082
1640134260 23.8 85.96 0 4.082
1640134320 23.8 85.94 0 4.082
1640134380 23.77 85.93 0 4.076
1640134440 23.77 85.9 0 4.082
1640134500 23.81 85.94 0 4.082
1640134560 23.77 85.93 0 4.082
1640134620 23.75 85.9 0 4.082
1640134680 23.72 85.95 0 4.082
1640134740 23.75 85.98 0 4.082
1640134800 23.72 86.01 0 4.082
1640134860 23.7 86.11 0 4.082
1640134920 23.63 86.09 0 4.082
1640134980 23.63 86.11 0 4.082
1640135040 23.61 86.1 0 4.082
1640135100 23.63 86.07 0 4.082
1640135160 23.61 86.1 0 4.087
1640135220 23.63 86.1 0 4.082
1640135280 23.63 86.08 0 4.082
1640135340 23.64 86.13 0 4.082
1640135400 23.59 86.21 0 4.082
1640135460 23.59 86.28 0 4.082
1640135520 23.57 86.32 0 4.082
1640135580 23.56 86.34 0 4.082
1640135640 23.53 86.44 0 4.082
1640135700 23.51 86.44 0 4.082
1640135760 23.51 86.44 0 4.082
1640135820 23.5 86.49 0 4.082
1640135880 23.53 86.52 0 4.082
1640135940 23.54 86.49 0 4.076
1640136000 23.59 86.57 0 4.082
1640136060 23.56 86.61 0 4.082
1640136120 23.57 86.59 0 4.082
1640136180 23.59 86.62 0 4.082
1640136240 23.59 86.61 0 4.082
1640136300 23.61 86.6 0 4.082
1640136360 23.64 86.61 0 4.082
1640136420 23.65 86.61 0 4.082
1640136480 23.65 86.64 0 4.082
1640136540 23.65 86.66 0 4.082
1640136600 23.63 86.65 0 4.082
1640136660 23.68 86.66 0 4.082
1640136720 23.67 86.68 0 4.082
1640136780 23.68 86.64 0 4.076
1640136840 23.71 86.65 0 4.076
1640136900 23.68 86.66 0 4.076
1640136960 23.71 86.66 0 4.082
1640137020 23.72 86.67 0 4.076
1640137080 23.72 86.65 0 4.082
1640137140 23.71 86.69 0 4.082
1640137200 23.72 86.7 0 4.082
1640137260 23.71 86.71 0 4.082
1640137320 23.71 86.72 0 4.082
1640137380 23.71 86.71 0 4.082
1640137440 23.7 86.73 0 4.076
1640137500 23.75 86.72 0 4.082
1640137560 23.74 86.77 0 4.082
1640137620 23.71 86.81 0 4.082
1640137680 23.72 86.79 0 4.076
1640137740 23.72 86.81 0 4.082
1640137800 23.72 86.86 0 4.076
1640137860 23.67 86.94 0 4.076
1640137920 23.61 87.06 0 4.076
1640137980 23.53 87.23 0 4.082
1640138040 23.41 87.39 0 4.082
1640138100 23.33 87.59 0 4.082
1640138160 23.26 87.82 0 4.082
1640138220 23.1 88.07 0 4.076
1640138280 23 88.28 0 4.082
1640138340 22.93 88.56 0 4.082
1640138400 22.89 88.82 0 4.082
1640138460 22.78 89.14 0 4.076
1640138520 22.7 89.48 0 4.082
1640138580 22.68 89.78 0 4.076
1640138640 22.63 90.02 0 4.082
1640138700 22.65 90.39 0 4.076
1640138760 22.62 90.64 0 4.076
1640138820 22.63 90.89 0 4.076
1640138880 22.59 91.13 0 4.076
1640138940 22.55 91.32 0 4.082
1640139000 22.48 91.53 0 4.076
1640139060 22.52 91.77 0 4.082
1640139120 22.49 91.94 0 4.082
1640139180 22.52 92.14 0 4.082
1640139240 22.48 92.28 0 4.082
1640139300 22.45 92.45 0 4.076
1640139360 22.35 92.61 0 4.076
1640139420 22.31 92.73 0 4.082
1640139480 22.31 92.82 0 4.076
1640139540 22.32 92.96 0 4.076
1640139600 22.31 93.11 0 4.076
1640139660 22.21 93.16 0 4.076
1640139720 22.15 93.22 0 4.082
1640139780 22.12 93.36 0 4.076
1640139840 22.1 93.48 0 4.076
1640139900 21.98 93.54 0 4.076
1640139960 21.94 93.63 0 4.076
1640140020 21.91 93.72 0 4.082
1640140080 21.84 93.79 0 4.076
1640140140 21.84 93.84 0 4.082
1640140200 21.83 93.89 0 4.076
1640140260 21.84 93.95 0 4.082
1640140320 21.9 94.01 0 4.076
1640140380 21.87 94.11 0 4.076
1640140440 21.87 94.15 0 4.076
1640140500 21.87 94.22 0 4.076
1640140560 21.87 94.28 0 4.082
1640140620 21.85 94.33 0 4.076
1640140680 21.85 94.41 0 4.076
1640140740 21.81 94.47 0 4.076
1640140800 21.81 94.51 0 4.082
1640140860 21.85 94.52 0 4.076
1640140920 21.83 94.61 0 4.076
1640140980 21.8 94.67 0 4.082
1640141040 21.76 94.72 0 4.082
1640141100 21.71 94.75 0 4.076
1640141160 21.7 94.78 0 4.082
1640141220 21.73 94.82 0 4.082
1640141280 21.67 94.85 0 4.076
1640141340 21.61 94.94 0 4.076
1640141400 21.53 94.95 0 4.076
1640141460 21.53 94.97 0 4.076
1640141520 21.56 95.02 0 4.076
1640141580 21.53 95.03 0 4.076
1640141640 21.49 95.08 0 4.076
1640141700 21.46 95.13 0 4.082
1640141760 21.44 95.19 0 4.076
1640141820 21.46 95.18 0 4.076
1640141880 21.5 95.23 0 4.076
1640141940 21.5 95.23 0 4.076
1640142000 21.53 95.29 0 4.076
1640142060 21.54 95.32 0 4.076
1640142120 21.52 95.37 0 4.076
1640142180 21.47 95.35 0 4.076
1640142240 21.53 95.39 0 4.076
1640142300 21.53 95.45 0 4.076
1640142360 21.5 95.46 0 4.076
1640142420 21.53 95.52 0 4.076
1640142480 21.53 95.5 0 4.076
1640142540 21.53 95.56 0 4.076
1640142600 21.57 95.56 0 4.076
1640142660 21.61 95.62 0 4.076
1640142720 21.64 95.62 0 4.076
1640142780 21.64 95.65 0 4.076
1640142840 21.63 95.67 0 4.076
1640142900 21.65 95.69 0 4.076
1640142960 21.67 95.73 0 4.076
1640143020 21.68 95.79 0 4.082
1640143080 21.76 95.81 0 4.076
1640143140 21.68 95.83 0 4.076
1640143200 21.64 95.85 0 4.076
1640143260 21.67 95.89 0 4.076
1640143320 21.67 95.88 0 4.076
1640143380 21.67 95.91 0 4.076
1640143440 21.68 95.96 0 4.076
1640143500 21.7 95.94 0 4.076
1640143560 21.71 95.98 0 4.076
1640143620 21.76 96 0 4.076
1640143680 21.77 96.04 0 4.076
1640143740 21.8 96.04 0 4.076
1640143800 21.8 96.09 0 4.076
1640143860 21.81 96.12 0 4.076
1640143920 21.87 96.16 0 4.076
1640143980 21.84 96.17 0 4.076
1640144040 21.83 96.19 0 4.076
1640144100 21.77 96.18 0 4.076
1640144160 21.76 96.23 0 4.076
1640144220 21.73 96.25 0 4.076
1640144280 21.64 96.22 0 4.076
1640144340 21.63 96.3 0 4.076
1640144400 21.6 96.27 0 4.076
1640144460 21.61 96.3 0 4.076
1640144520 21.61 96.35 0 4.076
1640144580 21.63 96.38 0 4.076
1640144640 21.6 96.38 0 4.076
1640144700 21.58 96.37 0 4.076
1640144760 21.63 96.38 0 4.076
1640144820 21.6 96.39 0 4.076
1640144880 21.63 96.45 0 4.071
1640144940 21.58 96.44 0 4.071
1640145000 21.53 96.44 0 4.076
1640145060 21.4 96.47 0 4.071
1640145120 21.37 96.45 0 4.076
1640145180 21.37 96.51 0 4.076
1640145240 21.34 96.5 0 4.076
1640145300 21.34 96.51 0 4.076
1640145360 21.36 96.52 0 4.076
1640145420 21.34 96.6 0 4.076
1640145480 21.33 96.55 0 4.076
1640145540 21.3 96.62 0 4.076
1640145600 21.26 96.6 0 4.076
1640145660 21.26 96.63 0 4.076
1640145720 21.26 96.63 0 4.076
1640145780 21.25 96.62 0 4.071
1640145840 21.25 96.65 0 4.071
1640145900 21.25 96.66 0 4.076
1640145960 21.26 96.71 0 4.076
1640146020 21.26 96.66 0 4.076
1640146080 21.25 96.69 0 4.076
1640146140 21.22 96.68 0 4.076
1640146200 21.19 96.69 0 4.076
1640146260 21.23 96.73 0 4.076
1640146320 21.22 96.72 0 4.076
1640146380 21.2 96.73 0 4.071
1640146440 21.18 96.75 0 4.076
1640146500 21.13 96.76 0 4.076
1640146560 21.09 96.79 0 4.076
1640146620 21.1 96.79 0 4.076
1640146680 21.1 96.77 0 4.071
1640146740 21.13 96.81 0 4.076
1640146800 21.18 96.78 0 4.071
1640146860 21.23 96.84 0 4.071
1640146920 21.25 96.86 0 4.076
1640146980 21.29 96.86 0 4.076
1640147040 21.3 96.84 0 4.071
1640147100 21.34 96.85 0 4.076
1640147160 21.34 96.87 0 4.076
1640147220 21.37 96.89 0 4.071
1640147280 21.33 96.87 0 4.076
1640147340 21.3 96.89 0 4.076
1640147400 21.29 96.92 0 4.076
1640147460 21.29 96.87 0 4.071
1640147520 21.22 96.89 0 4.076
1640147580 21.23 96.93 0 4.071
1640147640 21.25 96.91 0 4.071
1640147700 21.3 96.95 0 4.076
1640147760 21.33 96.95 0 4.076
1640147820 21.28 96.94 0 4.071
1640147880 21.25 96.97 0 4.076
1640147940 21.28 96.96 0 4.076
1640148000 21.25 96.97 0 4.076
1640148060 21.25 96.98 0 4.071
1640148120 21.25 96.97 0 4.071
1640148180 21.33 97 0 4.071
1640148240 21.28 96.97 0 4.071
1640148300 21.28 96.98 0 4.071
1640148360 21.2 96.98 0 4.076
1640148420 21.18 96.96 0 4.071
1640148480 21.14 96.99 0 4.071
1640148540 21.18 97.01 0 4.071
1640148600 21.14 96.98 0 4.071
1640148660 21.13 96.98 0 4.071
1640148720 21.14 96.98 0 4.071
1640148780 21.14 96.97 0 4.071
1640148840 21.09 97 0 4.071
1640148900 21.1 96.96 0 4.071
1640148960 21.06 96.96 0 4.076
1640149020 20.98 96.97 0 4.071
1640149080 21.05 96.98 0 4.071
1640149140 21.02 96.93 0 4.071
