1636434000 21.99 85.3 0 4.044
1636434060 21.93 85.41 0 4.044
1636434120 21.93 85.81 0 4.044
1636434180 21.96 85.64 0 4.044
1636434240 21.99 85.38 0 4.044
1636434300 21.99 85.64 0 4.044
1636434360 21.99 86.23 0 4.044
1636434420 21.96 85.94 0 4.044
1636434480 21.95 86.65 0 4.044
1636434540 21.83 87.29 0 4.044
1636434600 21.76 87.74 0 4.044
1636434660 21.71 87.7 0 4.044
1636434720 21.72 87.56 0 4.044
1636434780 21.69 87.5 0 4.044
1636434840 21.65 87.62 0 4.044
1636434900 21.58 87.69 0 4.044
1636434960 21.53 87.76 0 4.044
1636435020 21.5 88.05 0 4.044
1636435080 21.48 88.23 0 4.044
1636435140 21.45 88.35 0 4.044
1636435200 21.44 88.58 0 4.044
1636435260 21.39 88.64 0 4.044
1636435320 21.38 88.56 0 4.044
1636435380 21.35 88.56 0 4.044
1636435440 21.32 88.56 0 4.044
1636435500 21.29 88.51 0 4.044
1636435560 21.31 88.65 0 4.044
1636435620 21.29 88.67 0 4.044
1636435680 21.29 88.62 0 4.044
1636435740 21.31 88.49 0 4.044
1636435800 21.34 88.27 0 4.044
1636435860 21.37 87.64 0 4.044
1636435920 21.42 87.34 0 4.044
1636435980 21.44 86.98 0 4.044
1636436040 21.44 86.93 0 4.044
1636436100 21.44 87.12 0 4.044
1636436160 21.44 87.35 0 4.039
1636436220 21.41 87.53 0 4.044
1636436280 21.38 87.64 0 4.044
1636436340 21.41 88.27 0 4.044
1636436400 21.39 88.93 0 4.044
1636436460 21.41 89.14 0 4.044
1636436520 21.44 89.17 0 4.044
1636436580 21.45 88.98 0 4.044
1636436640 21.42 89.05 0 4.044
1636436700 21.39 88.97 0 4.044
1636436760 21.39 88.92 0 4.044
1636436820 21.41 88.8 0 4.044
1636436880 21.48 89.13 0 4.044
1636436940 21.45 89.03 0 4.044
1636437000 21.46 89.1 0 4.044
1636437060 21.44 89.14 0 4.044
1636437120 21.45 89.29 0 4.044
1636437180 21.48 89.16 0 4.039
1636437240 21.49 88.9 0 4.044
1636437300 21.56 88.85 0 4.044
1636437360 21.58 88.97 0 4.044
1636437420 21.56 88.62 0 4.044
1636437480 21.59 88.57 0 4.044
1636437540 21.6 88.51 0 4.044
1636437600 21.65 88.55 0 4.044
1636437660 21.68 88.08 0 4.044
1636437720 21.73 87.68 0 4.044
1636437780 21.77 87.02 0 4.044
1636437840 21.8 86.99 0 4.044
1636437900 21.8 86.75 0 4.044
1636437960 21.82 86.39 0 4.044
1636438020 21.87 86.44 0 4.044
1636438080 21.89 86.23 0 4.044
1636438140 22 86.23 0 4.044
1636438200 22.06 86.58 0 4.044
1636438260 22.06 86.47 0 4.039
1636438320 22.07 86.58 0 4.044
1636438380 22.06 86.68 0 4.044
1636438440 22.06 86.71 0 4.039
1636438500 22.07 86.78 0 4.044
1636438560 22.04 86.7 0 4.044
1636438620 22 86.21 0 4.044
1636438680 22.01 86.29 0 4.044
1636438740 22.07 86.45 0 4.039
1636438800 22.08 86.45 0 4.039
1636438860 22.08 86.66 0 4.039
1636438920 22.08 86.45 0 4.039
1636438980 22.11 86.33 0 4.044
1636439040 22.13 85.95 0 4.044
1636439100 22.11 86.05 0 4.044
1636439160 22.13 86.12 0 4.039
1636439220 22.13 86.19 0 4.044
1636439280 22.11 86.07 0 4.044
1636439340 22.1 86.02 0 4.044
1636439400 22.11 86.88 0 4.044
1636439460 22.14 86.91 0 4.044
1636439520 22.07 86.55 0 4.039
1636439580 22.06 86.84 0 4.039
1636439640 22.06 86.85 0 4.039
1636439700 22.07 87.13 0 4.039
1636439760 22.07 86.99 0 4.044
1636439820 22.03 86.76 0 4.044
1636439880 22.04 86.76 0 4.044
1636439940 22 86.73 0 4.039
1636440000 21.99 86.5 0 4.044
1636440060 21.97 86.72 0 4.039
1636440120 21.95 86.64 0 4.039
1636440180 21.96 86.79 0 4.039
1636440240 21.96 86.73 0 4.044
1636440300 21.96 87.03 0 4.044
1636440360 21.96 87.55 0 4.044
1636440420 21.95 87.83 0 4.044
1636440480 21.93 88.17 0 4.039
1636440540 21.95 88.56 0 4.039
1636440600 21.9 88.49 0 4.039
1636440660 21.87 88.63 0 4.039
1636440720 21.8 88.91 0 4.039
1636440780 21.79 88.81 0 4.039
1636440840 21.76 88.95 0 4.044
1636440900 21.72 89.11 0 4.039
1636440960 21.71 89 0 4.044
1636441020 21.68 88.98 0 4.044
1636441080 21.68 89.04 0 4.039
1636441140 21.69 89.01 0 4.044
1636441200 21.65 89.09 0 4.039
1636441260 21.68 89.01 0 4.039
1636441320 21.68 88.94 0 4.039
1636441380 21.73 88.67 0 4.044
1636441440 21.75 88.62 0 4.039
1636441500 21.73 88.55 0 4.039
1636441560 21.75 88.72 0 4.044
1636441620 21.75 88.77 0 4.039
1636441680 21.72 88.85 0 4.039
1636441740 21.72 88.95 0 4.039
1636441800 21.69 88.85 0 4.039
1636441860 21.68 89.21 0 4.039
1636441920 21.69 88.95 0 4.039
1636441980 21.71 89.03 0 4.039
1636442040 21.71 88.3 0 4.039
1636442100 21.72 88.44 0 4.039
1636442160 21.72 88.22 0 4.039
1636442220 21.75 88.25 0 4.039
1636442280 21.72 88.51 0 4.039
1636442340 21.66 88.59 0 4.039
1636442400 21.59 88.67 0 4.039
1636442460 21.52 88.85 0 4.044
1636442520 21.48 89.21 0 4.039
1636442580 21.41 89.51 0 4.039
1636442640 21.41 89.61 0 4.039
1636442700 21.39 89.72 0 4.039
1636442760 21.41 89.75 0 4.044
1636442820 21.42 89.86 0 4.039
1636442880 21.38 89.73 0 4.039
1636442940 21.35 90.03 0 4.039
1636443000 21.31 90.01 0 4.039
1636443060 21.29 90.25 0 4.039
1636443120 21.24 90.45 0 4.039
1636443180 21.21 90.53 0 4.039
1636443240 21.21 90.79 0 4.039
1636443300 21.21 90.74 0 4.039
1636443360 21.24 90.75 0 4.039
1636443420 21.21 90.79 0 4.039
1636443480 21.24 90.69 0 4.039
1636443540 21.25 90.56 0 4.039
1636443600 21.24 90.65 0 4.039
1636443660 21.2 90.67 0 4.039
1636443720 21.2 90.7 0 4.039
1636443780 21.18 90.85 0 4.039
1636443840 21.14 90.82 0 4.039
1636443900 21.15 91.09 0 4.039
1636443960 21.17 91.28 0 4.039
1636444020 21.12 91.39 0 4.039
1636444080 21.11 91.37 0 4.039
1636444140 21.11 91.44 0 4.039
1636444200 21.11 91.31 0 4.039
1636444260 21.14 91.32 0 4.039
1636444320 21.14 91.14 0 4.033
1636444380 21.18 91.24 0 4.039
1636444440 21.2 91.03 0 4.039
1636444500 21.21 90.79 0 4.039
1636444560 21.2 90.84 0 4.039
1636444620 21.21 90.97 0 4.039
1636444680 21.21 90.98 0 4.039
1636444740 21.22 91.44 0 4.039
1636444800 21.25 91.14 0 4.039
1636444860 21.25 91.11 0 4.039
1636444920 21.25 91.03 0 4.039
1636444980 21.25 91.15 0 4.039
1636445040 21.21 91.08 0 4.039
1636445100 21.2 91.14 0 4.039
1636445160 21.21 91.15 0 4.039
1636445220 21.15 91.33 0 4.039
1636445280 21.14 91.42 0 4.039
1636445340 21.11 91.55 0 4.039
1636445400 21.1 91.55 0 4.039
1636445460 21.08 91.7 0 4.039
1636445520 21.08 91.79 0 4.039
1636445580 21.05 91.8 0 4.039
1636445640 21.02 91.91 0 4.039
1636445700 20.97 92.02 0 4.039
1636445760 20.93 92.11 0 4.039
1636445820 20.89 92.16 0 4.039
1636445880 20.91 92.05 0 4.039
1636445940 20.93 92.06 0 4.039
1636446000 20.95 91.85 0 4.039
1636446060 21.01 91.63 0 4.039
1636446120 21.04 91.32 0 4.039
1636446180 21.1 90.91 0 4.039
1636446240 21.08 90.64 0 4.039
1636446300 21.14 90.12 0 4.039
1636446360 21.2 89.88 0 4.039
1636446420 21.21 89.83 0 4.039
1636446480 21.25 89.61 0 4.039
1636446540 21.21 89.32 0 4.039
1636446600 21.21 89.47 0 4.039
1636446660 21.2 89.36 0 4.039
1636446720 21.14 89.33 0 4.039
1636446780 21.1 89.26 0 4.039
1636446840 21.11 89.64 0 4.039
1636446900 21.08 89.4 0 4.039
1636446960 21 89.5 0 4.039
1636447020 20.89 90.46 0 4.039
1636447080 20.83 90.88 0 4.039
1636447140 20.81 91.16 0 4.039
1636447200 20.79 91.06 0 4.039
1636447260 20.77 91.3 0 4.039
1636447320 20.8 91.63 0 4.039
1636447380 20.79 91.66 0 4.039
1636447440 20.77 91.65 0 4.039
1636447500 20.77 91.78 0 4.039
1636447560 20.74 92.03 0 4.039
1636447620 20.71 92.07 0 4.039
1636447680 20.67 92.14 0 4.039
1636447740 20.62 92.25 0 4.033
1636447800 20.6 92.5 0 4.039
1636447860 20.6 92.62 0 4.039
1636447920 20.57 92.89 0 4.039
1636447980 20.6 92.95 0 4.033
1636448040 20.52 92.86 0 4.039
1636448100 20.5 92.95 0 4.033
1636448160 20.46 92.78 0 4.039
1636448220 20.49 92.81 0 4.039
1636448280 20.46 92.76 0 4.033
1636448340 20.46 92.8 0 4.039
1636448400 20.46 92.92 0 4.039
1636448460 20.49 93.15 0 4.039
1636448520 20.5 92.78 0 4.039
1636448580 20.53 92.63 0 4.039
1636448640 20.53 92.56 0 4.033
1636448700 20.53 92.71 0 4.039
1636448760 20.47 92.76 0 4.039
1636448820 20.44 92.8 0 4.039
1636448880 20.43 92.95 0 4.039
1636448940 20.4 93.02 0 4.039
1636449000 20.38 93.08 0 4.033
1636449060 20.33 93.02 0 4.039
1636449120 20.31 93.02 0 4.039
1636449180 20.29 93 0 4.039
1636449240 20.26 93.11 0 4.039
1636449300 20.23 92.95 0 4.039
1636449360 20.25 93.13 0 4.039
1636449420 20.22 93.29 0 4.039
1636449480 20.21 93.51 0 4.039
1636449540 20.22 93.65 0 4.039
1636449600 20.22 93.59 0 4.039
1636449660 20.25 93.48 0 4.033
1636449720 20.31 93.45 0 4.039
1636449780 20.33 93.28 0 4.039
1636449840 20.4 93.27 0 4.039
1636449900 20.4 93.16 0 4.039
1636449960 20.38 92.81 0 4.039
1636450020 20.43 93 0 4.033
1636450080 20.4 92.91 0 4.039
1636450140 20.38 92.17 0 4.033
1636450200 20.38 92.18 0 4.039
1636450260 20.38 91.19 0 4.033
1636450320 20.42 91.51 0 4.039
1636450380 20.42 91.46 0 4.039
1636450440 20.39 91.52 0 4.033
1636450500 20.42 91.78 0 4.039
1636450560 20.38 91.76 0 4.033
1636450620 20.36 91.84 0 4.039
1636450680 20.33 92.07 0 4.039
1636450740 20.29 91.97 0 4.039
1636450800 20.33 92.19 0 4.039
1636450860 20.31 91.97 0 4.033
1636450920 20.29 91.43 0 4.033
1636450980 20.25 90.89 0 4.039
1636451040 20.28 91.34 0 4.039
1636451100 20.29 91.27 0 4.039
1636451160 20.19 90.5 0 4.039
1636451220 20.16 90.56 0 4.033
1636451280 20.21 91.1 0 4.039
1636451340 20.18 90.92 0 4.033
1636451400 20.16 90.9 0 4.039
1636451460 20.15 90.84 0 4.033
1636451520 20.16 90.93 0 4.033
1636451580 20.15 90.88 0 4.039
1636451640 20.12 91.13 0 4.033
1636451700 20.12 91.44 0 4.033
1636451760 20.18 91.54 0 4.039
1636451820 20.16 91.34 0 4.039
1636451880 20.14 91.4 0 4.033
1636451940 20.16 92.05 0 4.039
1636452000 20.14 92.17 0 4.033
1636452060 20.08 92.29 0 4.039
1636452120 20.07 92.47 0 4.039
1636452180 20.07 92.67 0 4.039
1636452240 20.08 92.78 0 4.033
1636452300 20.07 92.87 0 4.033
1636452360 20.04 92.91 0 4.033
1636452420 20.02 92.96 0 4.033
1636452480 20.01 93.06 0 4.033
1636452540 19.98 93.22 0 4.033
1636452600 20.01 93.11 0 4.039
1636452660 19.98 93.22 0 4.039
1636452720 19.99 93.39 0 4.039
1636452780 20.02 93.33 0 4.033
1636452840 20.07 92.96 0 4.033
1636452900 20.09 92.77 0 4.033
1636452960 20.08 92.51 0 4.033
1636453020 20.09 92.45 0 4.033
1636453080 20.08 92.05 0 4.039
1636453140 20.09 92.06 0 4.033
1636453200 20.09 91.87 0 4.033
1636453260 20.07 91.17 0 4.033
1636453320 20.11 90.71 0 4.033
1636453380 20.15 90.77 0 4.033
1636453440 20.16 90.88 0 4.033
1636453500 20.14 90.9 0 4.033
1636453560 20.19 91.36 0 4.039
1636453620 20.16 91.7 0 4.033
1636453680 20.18 91.84 0 4.039
1636453740 20.19 91.85 0 4.033
1636453800 20.21 91.8 0 4.033
1636453860 20.22 92.01 0 4.039
1636453920 20.23 92.21 0 4.033
1636453980 20.22 92.12 0 4.039
1636454040 20.23 92.3 0 4.033
1636454100 20.28 92.21 0 4.033
1636454160 20.25 92.17 0 4.033
1636454220 20.23 91.32 0 4.033
1636454280 20.28 90.94 0 4.033
1636454340 20.36 90.94 0 4.033
1636454400 20.39 90.27 0 4.033
1636454460 20.38 90.09 0 4.039
1636454520 20.36 89.81 0 4.039
1636454580 20.36 89.66 0 4.039
1636454640 20.36 89.7 0 4.033
1636454700 20.4 89.73 0 4.033
1636454760 20.4 89.73 0 4.033
1636454820 20.4 90.93 0 4.039
1636454880 20.36 91.35 0 4.033
1636454940 20.33 91.71 0 4.033
1636455000 20.31 91.76 0 4.033
1636455060 20.28 91.47 0 4.033
1636455120 20.29 91.39 0 4.033
1636455180 20.32 91.59 0 4.033
1636455240 20.31 91.81 0 4.033
1636455300 20.31 92.02 0 4.033
1636455360 20.26 91.81 0 4.033
1636455420 20.26 91.95 0 4.033
1636455480 20.15 91.56 0 4.033
1636455540 20.07 91.64 0 4.033
1636455600 20.05 91.93 0 4.033
1636455660 19.98 91.86 0 4.033
1636455720 19.91 92.12 0 4.033
1636455780 19.89 92.36 0 4.033
1636455840 19.87 92.45 0 4.033
1636455900 19.82 92.65 0 4.033
1636455960 19.81 92.58 0 4.033
1636456020 19.75 92.59 0 4.033
1636456080 19.74 92.72 0 4.033
1636456140 19.71 92.95 0 4.033
1636456200 19.68 93.16 0 4.033
1636456260 19.71 93.18 0 4.033
1636456320 19.65 93.17 0 4.033
1636456380 19.68 93.3 0 4.033
1636456440 19.63 93.33 0 4.033
1636456500 19.61 93.8 0 4.033
1636456560 19.65 93.99 0 4.033
1636456620 19.64 94.11 0 4.033
1636456680 19.58 94.07 0 4.033
1636456740 19.53 94.12 0 4.033
1636456800 19.56 94.28 0 4.039
1636456860 19.53 94.2 0 4.033
1636456920 19.46 94.36 0 4.033
1636456980 19.47 94.86 0 4.033
1636457040 19.53 94.81 0 4.033
1636457100 19.54 95.08 0 4.033
1636457160 19.57 94.88 0 4.033
1636457220 19.56 94.7 0 4.033
1636457280 19.61 94.4 0 4.033
1636457340 19.71 93.87 0 4.033
1636457400 19.74 93.33 0 4.039
1636457460 19.77 93 0 4.033
1636457520 19.8 92.85 0 4.033
1636457580 19.75 92.76 0 4.039
1636457640 19.75 92.65 0 4.033
1636457700 19.78 92.84 0 4.033
1636457760 19.74 92.79 0 4.033
1636457820 19.74 92.65 0 4.033
1636457880 19.74 92.7 0 4.033
1636457940 19.77 92.39 0 4.033
1636458000 19.75 92.35 0 4.033
1636458060 19.73 92.52 0 4.033
1636458120 19.7 92.62 0 4.033
1636458180 19.68 92.67 0 4.033
1636458240 19.73 92.5 0 4.033
1636458300 19.75 92.2 0 4.033
1636458360 19.77 92.01 0 4.033
1636458420 19.75 91.97 0 4.033
1636458480 19.7 92.03 0 4.033
1636458540 19.65 92.31 0 4.033
1636458600 19.58 92.37 0 4.033
1636458660 19.57 92.81 4 4.033
1636458720 19.52 93.22 4 4.033
1636458780 19.43 93.45 4 4.033
1636458840 19.33 93.74 4 4.033
1636458900 19.38 94.08 4 4.033
1636458960 19.36 93.99 4 4.033
1636459020 19.34 93.89 4 4.033
1636459080 19.33 94.06 4 4.033
1636459140 19.3 93.96 4 4.033
1636459200 19.26 94.26 4 4.033
1636459260 19.27 94.51 10 4.033
1636459320 19.3 94.51 10 4.033
1636459380 19.29 94.62 10 4.033
1636459440 19.29 94.54 16 4.033
1636459500 19.3 94.54 16 4.033
1636459560 19.33 94.12 16 4.033
1636459620 19.33 93.69 16 4.033
1636459680 19.38 93.51 16 4.033
1636459740 19.4 93.31 16 4.033
1636459800 19.38 93.18 16 4.033
1636459860 19.4 92.88 22 4.033
1636459920 19.38 92.89 22 4.033
1636459980 19.43 93.03 22 4.033
1636460040 19.43 93.22 22 4.033
1636460100 19.37 93.16 22 4.033
1636460160 19.38 91.44 28 4.033
1636460220 19.43 91.76 28 4.033
1636460280 19.52 92.5 28 4.033
1636460340 19.4 92.48 28 4.033
1636460400 19.44 92.72 28 4.033
1636460460 19.43 92.9 28 4.033
1636460520 19.44 92.99 34 4.028
1636460580 19.41 92.77 34 4.033
1636460640 19.44 92.92 34 4.033
1636460700 19.47 92.73 34 4.033
1636460760 19.44 92.68 34 4.033
1636460820 19.43 92.8 34 4.033
1636460880 19.4 92.96 34 4.033
1636460940 19.38 92.94 34 4.033
1636461000 19.38 92.97 34 4.033
1636461060 19.41 93.09 34 4.033
1636461120 19.43 93.19 34 4.033
1636461180 19.5 92.85 34 4.033
1636461240 19.52 93.03 40 4.033
1636461300 19.54 92.89 40 4.033
1636461360 19.57 92.73 40 4.033
1636461420 19.58 92.59 40 4.033
1636461480 19.52 92.62 40 4.033
1636461540 19.47 92.93 40 4.033
1636461600 19.37 92.79 46 4.033
1636461660 19.37 92.91 46 4.033
1636461720 19.4 92.92 46 4.033
1636461780 19.4 92.95 46 4.033
1636461840 20.38 87.85 70 4.033
1636461900 20.4 87.83 70 4.033
1636461960 20.4 87.63 76 4.028
1636462020 20.5 87.57 76 4.033
1636462080 20.6 87.95 82 4.033
1636462140 20.69 88.3 82 4.033
1636462200 20.71 87.95 88 4.033
1636462260 20.71 88.08 88 4.033
1636462320 20.76 87.15 99 4.033
1636462380 20.84 87.9 105 4.033
1636462440 20.91 88.02 117 4.033
1636462500 20.98 88.28 123 4.033
1636462560 21.07 87.66 111 4.033
1636462620 21.14 87.16 111 4.033
1636462680 21.22 86.95 141 4.033
1636462740 21.29 86.9 141 4.033
1636462800 21.35 85.8 129 4.033
1636462860 21.44 85.55 123 4.033
1636462920 21.44 84.66 111 4.033
1636462980 21.49 84.82 111 4.033
1636463040 21.56 85.15 111 4.033
1636463100 21.6 84.67 117 4.033
1636463160 21.69 84.87 129 4.033
1636463220 21.75 85.03 135 4.033
1636463280 21.75 84.38 165 4.033
1636463340 21.79 83.37 171 4.033
1636463400 21.92 82.69 141 4.033
1636463460 22.01 82.41 147 4.033
1636463520 22.11 82 135 4.033
1636463580 22.17 82.39 105 4.033
1636463640 22.26 82.85 105 4.033
1636463700 22.33 82.79 105 4.033
1636463760 22.3 80.86 105 4.033
1636463820 22.21 82.42 105 4.033
1636463880 22.31 81.52 99 4.033
1636463940 22.33 81.82 94 4.033
1636464000 22.26 81.54 94 4.033
1636464060 22.28 81.95 94 4.033
1636464120 22.37 82.53 94 4.033
1636464180 22.33 81.82 94 4.033
1636464240 22.35 81.52 99 4.033
1636464300 22.45 81.97 99 4.033
1636464360 22.58 81.3 135 4.033
1636464420 22.61 79.26 266 4.033
1636464480 22.62 79.14 343 4.039
1636464540 22.69 79.11 349 4.044
1636464600 23.03 78.38 350 4.044
1636464660 23.36 77.45 355 4.044
1636464720 23.51 76.81 361 4.044
1636464780 23.46 75.77 374 4.044
1636464840 23.47 76.05 379 4.044
1636464900 23.8 74.68 387 4.044
1636464960 24.02 73.38 391 4.049
1636465020 24.21 73.08 402 4.033
1636465080 24.29 71.47 402 4.033
1636465140 24.43 72.26 408 4.033
1636465200 24.55 72.15 414 4.033
1636465260 24.83 70.89 420 4.033
1636465320 25.14 70.08 432 4.028
1636465380 25.21 68.99 438 4.033
1636465440 25.35 67.81 444 4.033
1636465500 25.64 67.07 450 4.033
1636465560 25.77 66.62 448 4.028
1636465620 26.04 65.1 454 4.028
1636465680 25.85 65.53 456 4.033
1636465740 26.04 64.33 457 4.044
1636465800 26.24 64.29 463 4.044
1636465860 26.5 63.07 468 4.049
1636465920 26.65 62.61 475 4.049
1636465980 26.68 62.8 481 4.049
1636466040 26.71 61.85 487 4.049
1636466100 26.38 64.41 487 4.049
1636466160 26.72 62.01 499 4.049
1636466220 26.55 61.93 505 4.049
1636466280 25.8 61.31 505 4.049
1636466340 25.52 62.9 512 4.055
1636466400 25.44 63.45 518 4.055
1636466460 25.8 62.45 518 4.055
1636466520 25.94 62.05 524 4.055
1636466580 25.86 64.26 524 4.055
1636466640 26.41 60.62 524 4.055
1636466700 26.79 60.19 518 4.055
1636466760 27.29 58.39 518 4.055
1636466820 27.57 56.98 530 4.06
1636466880 27.46 57 518 4.06
1636466940 27.47 57.46 505 4.055
1636467000 27.54 57.4 507 4.06
1636467060 27.68 58.07 524 4.06
1636467120 27.84 56.81 518 4.06
1636467180 27.87 57.25 524 4.06
1636467240 27.63 58.19 530 4.06
1636467300 27.5 59.05 530 4.06
1636467360 27.56 58.32 536 4.06
1636467420 27.51 58.76 548 4.06
1636467480 27.72 58.1 554 4.06
1636467540 27.78 57.68 566 4.06
1636467600 28.11 56.83 573 4.065
1636467660 28.34 55.67 567 4.065
1636467720 28.45 54.59 567 4.065
1636467780 28.6 55.82 567 4.065
1636467840 28.41 55.21 573 4.065
1636467900 28.11 54.83 585 4.065
1636467960 28.12 55.7 591 4.071
1636468020 27.97 54.9 597 4.065
1636468080 27.91 53.56 609 4.071
1636468140 28.36 52.95 615 4.071
1636468200 28.41 53.34 609 4.071
1636468260 28.66 52.22 609 4.071
1636468320 28.56 52.86 609 4.071
1636468380 28.53 53.88 627 4.076
1636468440 28.42 53.03 640 4.071
1636468500 28.39 53.25 646 4.071
1636468560 28.76 53.48 652 4.076
1636468620 28.92 52.24 646 4.071
1636468680 28.43 54.92 652 4.076
1636468740 28.43 56.71 652 4.076
1636468800 28.55 56.08 664 4.076
1636468860 28.46 55.09 658 4.076
1636468920 27.91 55.94 670 4.076
1636468980 27.95 56.55 671 4.082
1636469040 28.11 55.28 676 4.076
1636469100 28.32 54.31 677 4.082
1636469160 28.45 54.67 677 4.076
1636469220 28.63 53.89 670 4.082
1636469280 28.98 52.86 671 4.082
1636469340 29.15 51.69 671 4.082
1636469400 29.24 51.85 689 4.082
1636469460 29.38 52.55 689 4.082
1636469520 29.56 51.65 719 4.082
1636469580 29.35 52.23 731 4.082
1636469640 29.65 51.34 737 4.087
1636469700 29.49 51.2 737 4.087
1636469760 29.89 48.19 743 4.087
1636469820 29.87 47.92 755 4.087
1636469880 29.82 47.91 755 4.087
1636469940 30.19 47.74 763 4.087
1636470000 30.32 48.52 768 4.087
1636470060 30.57 47.31 761 4.092
1636470120 30.6 47.82 761 4.087
1636470180 30.68 48.44 769 4.092
1636470240 30.45 49.47 775 4.092
1636470300 30.2 49.32 781 4.092
1636470360 30.42 48.54 793 4.098
1636470420 30.75 47.57 793 4.071
1636470480 31.19 45.79 799 4.065
1636470540 31.19 45.47 805 4.065
1636470600 31.09 45.14 805 4.065
1636470660 31.2 45.5 793 4.065
1636470720 30.85 46.05 793 4.065
1636470780 30.47 48.01 805 4.065
1636470840 30.28 48.76 817 4.065
1636470900 30.09 47.32 823 4.065
1636470960 30.06 47.14 835 4.06
1636471020 30.03 47.6 841 4.065
1636471080 30.35 47.69 847 4.065
1636471140 30.27 46.94 847 4.06
1636471200 30.2 48.41 847 4.06
1636471260 29.38 49.26 852 4.06
1636471320 29.26 51.02 858 4.06
1636471380 29.8 50.1 858 4.06
1636471440 29.87 48.04 876 4.06
1636471500 29.95 48.69 852 4.06
1636471560 29.77 49.25 858 4.06
1636471620 28.77 50.09 858 4.055
1636471680 28.53 51.92 852 4.06
1636471740 28.6 51.12 870 4.06
1636471800 28.86 51.68 882 4.06
1636471860 28.77 51.45 900 4.06
1636471920 29.08 48.76 888 4.06
1636471980 29.35 48.86 888 4.06
1636472040 29.01 49.5 882 4.06
1636472100 28.55 50.59 882 4.055
1636472160 29.17 49.59 870 4.06
1636472220 29.15 49.68 894 4.055
1636472280 29.52 50.05 905 4.06
1636472340 29.71 49.3 906 4.06
1636472400 29.79 49.12 911 4.06
1636472460 29.2 50.92 918 4.055
1636472520 29.53 50.15 912 4.06
1636472580 29.34 51.45 917 4.055
1636472640 29.71 49.8 924 4.06
1636472700 29.69 49.42 930 4.055
1636472760 29.93 49.37 936 4.055
1636472820 29.75 49.12 935 4.055
1636472880 29.49 50.26 941 4.06
1636472940 29.86 49.43 948 4.055
1636473000 30.09 49.24 954 4.055
1636473060 30.37 47.52 959 4.055
1636473120 30.44 48.19 959 4.055
1636473180 30.89 47.32 959 4.055
1636473240 31.18 46.54 965 4.055
1636473300 31.41 44.52 966 4.055
1636473360 31.09 46.18 977 4.06
1636473420 31.29 46.81 977 4.055
1636473480 30.95 46.14 977 4.06
1636473540 31.16 46.05 983 4.055
1636473600 31.3 45.94 989 4.055
1636473660 31.5 45.47 989 4.055
1636473720 31.4 46.14 1001 4.055
1636473780 31.54 44.69 1001 4.055
1636473840 31.7 44.43 1007 4.055
1636473900 31.67 44.88 1007 4.055
1636473960 31.59 45.38 1013 4.055
1636474020 31.53 45.27 1013 4.055
1636474080 31.44 46.02 1019 4.055
1636474140 31.39 44.62 1025 4.055
1636474200 31.39 44.16 1031 4.06
1636474260 31.76 44.04 1031 4.055
1636474320 31.59 45.24 1031 4.055
1636474380 31.56 42.59 1037 4.055
1636474440 31.32 44.11 1037 4.055
1636474500 31.5 45.04 1042 4.055
1636474560 32.03 43.71 1048 4.055
1636474620 31.46 45.93 1054 4.055
1636474680 31.63 46.85 1054 4.055
1636474740 31.5 45.86 1060 4.055
1636474800 31.19 45.01 1054 4.055
1636474860 31.09 48.34 1060 4.055
1636474920 31.19 45.86 1060 4.049
1636474980 31.51 43.91 1066 4.055
1636475040 30.95 45.01 1060 4.055
1636475100 31.2 44.82 1060 4.055
1636475160 31.4 46.25 1066 4.055
1636475220 31.76 42.91 1078 4.055
1636475280 32.39 40.22 1096 4.055
1636475340 32.66 41.3 1096 4.055
1636475400 33.1 39.33 1102 4.055
1636475460 33.14 39.24 1108 4.055
1636475520 32.34 40.15 1114 4.055
1636475580 32.21 40.57 1114 4.055
1636475640 31.99 41.67 1118 4.055
1636475700 32.22 41.43 1118 4.049
1636475760 32.41 41.39 1132 4.055
1636475820 32.15 42.68 1136 4.055
1636475880 32.38 41.61 1142 4.055
1636475940 32.43 39.84 1149 4.055
1636476000 32.58 40.61 1155 4.055
1636476060 32.72 42.04 1155 4.049
1636476120 33.01 41.22 1167 4.055
1636476180 33.22 40.72 1168 4.049
1636476240 33.25 41.77 1180 4.049
1636476300 33.07 41.36 1183 4.049
1636476360 32.96 41.01 1189 4.049
1636476420 33.21 40.52 1189 4.055
1636476480 33.06 43.38 1195 4.049
1636476540 33.17 44.05 1207 4.055
1636476600 33.28 42.31 1219 4.049
1636476660 32.86 43.48 1237 4.049
1636476720 32.72 45.88 1267 4.049
1636476780 32.73 44.36 1302 4.049
1636476840 33.21 42.22 1326 4.049
1636476900 33.06 43.77 1350 4.049
1636476960 33.16 43.66 1386 4.049
1636477020 33.49 46.13 1255 4.049
1636477080 32.41 48.16 1362 4.049
1636477140 32.56 47.73 439 4.049
1636477200 32.39 49.66 415 4.049
1636477260 31.95 49.61 397 4.049
1636477320 31.57 49.18 391 4.055
1636477380 31.1 51.03 397 4.049
1636477440 30.88 51.08 405 4.06
1636477500 30.9 51.61 435 4.06
1636477560 30.95 51.87 399 4.06
1636477620 30.67 51.08 664 4.071
1636477680 30.34 52.32 405 4.06
1636477740 30.4 53.04 513 4.071
1636477800 30.42 55.67 1352 4.06
1636477860 30.9 52.87 1317 4.055
1636477920 31.3 50.47 1317 4.055
1636477980 31.43 50.66 1323 4.055
1636478040 30.99 51.87 1352 4.055
1636478100 30.9 51.91 1358 4.055
1636478160 31.59 48.72 1356 4.049
1636478220 31.88 47.41 1350 4.055
1636478280 31.36 47.97 1329 4.055
1636478340 31.84 49.21 1311 4.092
1636478400 32.35 46.93 1301 4.098
1636478460 32.16 47.67 1295 4.103
1636478520 32.8 46.82 1296 4.103
1636478580 32.55 46.85 1290 4.103
1636478640 33.13 45.22 1290 4.103
1636478700 33.47 43.13 1286 4.108
1636478760 33.67 43.46 1286 4.108
1636478820 33.34 42.81 1298 4.108
1636478880 33.38 43.75 1311 4.114
1636478940 33.57 43 1311 4.108
1636479000 33.86 44.08 1317 4.114
1636479060 33.4 42.8 1386 4.119
1636479120 33.18 44.39 1405 4.119
1636479180 33.25 44.44 798 4.082
1636479240 32.51 46.51 412 4.076
1636479300 32.19 48.89 460 4.076
1636479360 31.85 46.84 358 4.071
1636479420 31.99 47.33 352 4.071
1636479480 31.91 46.37 340 4.071
1636479540 31.37 47.19 340 4.071
1636479600 31.03 48.33 358 4.071
1636479660 30.93 49.61 927 4.071
1636479720 31.05 48.63 352 4.071
1636479780 30.96 49.91 370 4.071
1636479840 30.54 51.58 394 4.071
1636479900 30.4 51.76 424 4.071
1636479960 30.32 52.5 441 4.071
1636480020 29.89 54.43 640 4.065
1636480080 29.83 55.47 849 4.065
1636480140 29.87 57.54 1034 4.071
1636480200 30.09 56.57 1424 4.065
1636480260 30.54 55.52 1424 4.065
1636480320 30.06 56.38 1412 4.071
1636480380 29.79 57.64 1388 4.071
1636480440 30.13 56.87 1374 4.071
1636480500 29.9 57.59 1356 4.071
1636480560 29.72 57.17 1308 4.065
1636480620 29.69 57.46 1272 4.071
1636480680 30.3 57.8 1254 4.071
1636480740 29.77 56.78 1224 4.065
1636480800 29.96 57.47 1236 4.065
1636480860 30.24 57.2 1218 4.065
1636480920 30.69 56.74 1230 4.065
1636480980 30.55 54.39 1236 4.065
1636481040 30.68 55.61 1248 4.065
1636481100 30.68 55.47 1248 4.065
1636481160 30.6 53.91 1248 4.065
1636481220 30.89 54.47 1260 4.065
1636481280 31.06 53.86 1248 4.065
1636481340 31.23 53.11 1236 4.065
1636481400 30.64 53.33 1212 4.065
1636481460 29.87 56.37 1218 4.065
1636481520 30.37 56.33 1206 4.065
1636481580 30.38 55.52 1218 4.065
1636481640 30.77 55.84 1206 4.065
1636481700 30.82 53.78 1218 4.065
1636481760 30.17 56.17 1236 4.065
1636481820 30.92 55.39 1200 4.065
1636481880 31.23 54.77 1230 4.065
1636481940 31.43 53.51 1230 4.065
1636482000 31.66 52.32 1246 4.065
1636482060 31.27 52.83 1278 4.065
1636482120 31.47 53.81 1302 4.065
1636482180 31.44 53.39 1314 4.065
1636482240 31.67 52.33 1320 4.065
1636482300 30.93 53.48 1314 4.065
1636482360 30.27 55.52 1308 4.065
1636482420 30.6 56.69 1314 4.06
1636482480 30.64 54.45 1314 4.06
1636482540 30.54 54.29 1320 4.065
1636482600 29.48 57.84 1326 4.065
1636482660 30.1 57.81 1313 4.065
1636482720 30.64 57.09 1307 4.065
1636482780 30.86 54.03 1308 4.06
1636482840 31.16 53.38 1314 4.06
1636482900 31.09 53.51 1337 4.06
1636482960 30.99 54.35 1331 4.065
1636483020 31 54.45 1313 4.065
1636483080 31.06 54.24 1295 4.065
1636483140 31.22 54.09 1308 4.06
1636483200 31.25 53.59 1313 4.065
1636483260 31.29 55.24 1295 4.065
1636483320 30.9 54.61 1314 4.06
1636483380 31.02 55.13 1301 4.06
1636483440 30.75 55.1 1283 4.065
1636483500 30.61 55.9 1270 4.06
1636483560 29.44 56.99 1264 4.065
1636483620 28.66 60.04 1289 4.065
1636483680 28.9 61.08 1313 4.06
1636483740 29.76 57.59 1331 4.06
1636483800 29.71 58.23 1343 4.06
1636483860 29.15 58.33 1325 4.06
1636483920 29.13 59.86 894 4.06
1636483980 28.6 60.22 1264 4.06
1636484040 28.42 61.12 1240 4.06
1636484100 28.46 60.83 1277 4.06
1636484160 28.11 60.84 1283 4.06
1636484220 27.77 61.22 1270 4.06
1636484280 27.51 63.48 1295 4.065
1636484340 28.38 60.31 1307 4.06
1636484400 28.02 60.98 561 4.06
1636484460 27.74 61.23 799 4.06
1636484520 27.41 62.21 1085 4.06
1636484580 27.17 63.16 554 4.06
1636484640 27.54 62.33 572 4.06
1636484700 27.78 62.2 783 4.06
1636484760 28.2 61.67 841 4.06
1636484820 28.35 60.6 1043 4.065
1636484880 28.04 61.55 781 4.06
1636484940 28.32 60.99 799 4.06
1636485000 28.11 61.27 1289 4.06
1636485060 28.49 61.32 1264 4.06
1636485120 28.38 61.12 1289 4.06
1636485180 28.32 61.18 590 4.06
1636485240 28.71 60.93 554 4.06
1636485300 28.62 60.25 560 4.065
1636485360 28.12 62.44 614 4.06
1636485420 28.04 61.95 1283 4.06
1636485480 27.78 62.71 1258 4.06
1636485540 27.68 63.34 1216 4.06
1636485600 27.89 62.38 626 4.06
1636485660 28.12 62.49 942 4.06
1636485720 27.71 62.1 799 4.06
1636485780 27.47 64.9 524 4.06
1636485840 27.05 63.61 477 4.06
1636485900 26.91 64.93 471 4.06
1636485960 26.92 64.49 495 4.06
1636486020 26.96 64.69 507 4.06
1636486080 26.86 64.52 524 4.06
1636486140 26.93 65.83 656 4.06
1636486200 27.1 63.1 1055 4.06
1636486260 27.25 64.67 1158 4.06
1636486320 27.78 62.65 990 4.06
1636486380 27.92 61.7 978 4.06
1636486440 28.08 61.09 584 4.06
1636486500 27.92 62.14 548 4.06
1636486560 27.94 62.06 924 4.06
1636486620 27.49 62.32 1097 4.055
1636486680 27.44 62.82 1097 4.055
1636486740 27.81 63.02 1102 4.06
1636486800 28.23 62.67 1091 4.06
1636486860 28.31 60.82 1072 4.06
1636486920 27.91 61.59 942 4.06
1636486980 28.2 63.02 524 4.055
1636487040 28.04 61.95 626 4.06
1636487100 28.16 62.25 1091 4.06
1636487160 28.19 61.91 894 4.06
1636487220 28.05 61.45 1126 4.06
1636487280 28.73 61.09 620 4.06
1636487340 29.01 59.64 530 4.06
1636487400 28.29 60.8 475 4.055
1636487460 27.71 60.43 453 4.055
1636487520 27.33 62.99 453 4.055
1636487580 27.46 64.05 507 4.06
1636487640 28.01 62.73 995 4.06
1636487700 28.43 61.78 989 4.06
1636487760 28.36 61.44 990 4.06
1636487820 28.39 61.1 953 4.06
1636487880 28.52 59.79 954 4.06
1636487940 28.87 60.17 911 4.06
1636488000 29.13 58.4 929 4.06
1636488060 28.73 57.27 542 4.055
1636488120 27.72 61.56 721 4.06
1636488180 27.57 62.29 668 4.06
1636488240 27.12 63.59 811 4.055
1636488300 27.14 63.1 768 4.055
1636488360 27.08 63.33 435 4.06
1636488420 26.82 64.46 817 4.06
1636488480 26.65 65.38 417 4.06
1636488540 26.98 64.91 475 4.06
1636488600 26.82 65.9 769 4.06
1636488660 27.05 65.83 755 4.06
1636488720 27.06 65.43 751 4.06
1636488780 26.82 66.05 775 4.055
1636488840 26.78 66.54 774 4.06
1636488900 26.67 66.79 674 4.06
1636488960 26.45 67.84 524 4.055
1636489020 26.34 67.96 457 4.055
1636489080 26.34 68.15 435 4.055
1636489140 26.31 68.9 487 4.055
1636489200 26.22 69.21 518 4.055
1636489260 26.22 68.82 649 4.06
1636489320 26.41 67.93 554 4.055
1636489380 26.04 68.77 536 4.055
1636489440 26.14 69.26 606 4.06
1636489500 26.27 68.67 618 4.055
1636489560 26.37 67.81 606 4.055
1636489620 26.34 67.77 590 4.06
1636489680 26.37 68.3 578 4.055
1636489740 26.41 68.15 594 4.06
1636489800 26.3 68.26 596 4.06
1636489860 26.3 68.11 594 4.055
1636489920 26.85 67.7 584 4.06
1636489980 26.82 67.09 584 4.055
1636490040 27.05 66.5 560 4.055
1636490100 27.3 65.57 548 4.06
1636490160 27.28 65.12 536 4.055
1636490220 26.92 65.68 536 4.055
1636490280 26.55 66.44 518 4.055
1636490340 26.47 67.44 512 4.055
1636490400 26.64 67.76 487 4.06
1636490460 26.59 66.52 487 4.055
1636490520 26.45 66.92 469 4.055
1636490580 26.47 67.11 457 4.055
1636490640 26.62 66.22 451 4.055
1636490700 26.52 66.62 445 4.06
1636490760 26.47 67.33 435 4.055
1636490820 26.7 66.49 441 4.06
1636490880 26.68 66.2 445 4.055
1636490940 26.68 67.35 463 4.055
1636491000 26.91 66.69 493 4.055
1636491060 26.95 65.96 505 4.049
1636491120 26.7 67.06 512 4.055
1636491180 26.96 66.43 505 4.055
1636491240 27.23 65.43 512 4.055
1636491300 27.36 64.1 536 4.055
1636491360 27.44 64.08 548 4.055
1636491420 27.64 63.18 548 4.055
1636491480 27.57 62.6 542 4.055
1636491540 27.7 61.98 536 4.055
1636491600 27.63 62.59 536 4.055
1636491660 27.32 63.12 542 4.055
1636491720 27.54 62.74 548 4.055
1636491780 27.13 63.04 548 4.055
1636491840 27.19 62.58 560 4.055
1636491900 26.99 63.01 584 4.055
1636491960 26.88 63.41 584 4.055
1636492020 26.78 63.65 584 4.055
1636492080 26.64 64.3 578 4.055
1636492140 27.12 63.83 566 4.055
1636492200 27.09 63.04 572 4.055
1636492260 27.13 63.27 578 4.055
1636492320 27.53 62.9 572 4.055
1636492380 27.67 61.76 572 4.055
1636492440 27.68 62.73 578 4.049
1636492500 27.81 62.82 554 4.049
1636492560 27.67 62.72 594 4.055
1636492620 27.83 63.55 594 4.049
1636492680 27.87 60.99 590 4.055
1636492740 27.36 61.44 612 4.055
1636492800 27.7 61.67 618 4.049
1636492860 27.53 61.25 606 4.055
1636492920 27.05 62.78 612 4.049
1636492980 26.99 63.04 618 4.055
1636493040 27.23 62.77 618 4.055
1636493100 27.67 61.33 594 4.055
1636493160 27.88 60.94 566 4.055
1636493220 27.91 60.94 606 4.055
1636493280 27.94 61.41 630 4.049
1636493340 28.11 61.01 655 4.055
1636493400 28.47 59.95 655 4.049
1636493460 28.59 60.28 630 4.055
1636493520 28.87 58.57 612 4.049
1636493580 28.7 58.1 606 4.055
1636493640 28.31 59.93 596 4.065
1636493700 28.09 60.38 590 4.065
1636493760 28.38 60.24 591 4.071
1636493820 28.34 59.65 591 4.065
1636493880 28.42 59.08 596 4.065
1636493940 28.28 58.87 596 4.065
1636494000 27.91 60.22 608 4.071
1636494060 27.89 61.36 627 4.071
1636494120 28.04 60.55 640 4.071
1636494180 28.07 61.04 640 4.071
1636494240 28.02 60.17 646 4.071
1636494300 28.01 60.92 646 4.071
1636494360 28.26 61 646 4.076
1636494420 28.53 59.65 640 4.071
1636494480 28.59 58.39 633 4.071
1636494540 28.28 59.55 621 4.071
1636494600 28.39 59.11 603 4.071
1636494660 28.42 59 591 4.076
1636494720 28.78 58.3 573 4.071
1636494780 28.89 58.21 561 4.071
1636494840 28.71 57.38 555 4.076
1636494900 28.63 58.51 555 4.071
1636494960 28.76 57.74 557 4.071
1636495020 28.57 57.74 549 4.071
1636495080 28.29 58.57 545 4.071
1636495140 28.43 58.23 545 4.076
1636495200 28.39 59.26 543 4.076
1636495260 28.43 59.17 539 4.076
1636495320 28.5 58.87 531 4.065
1636495380 28.53 59.29 513 4.06
1636495440 28.42 59.4 495 4.06
1636495500 28.38 60.07 489 4.065
1636495560 28.39 60.13 483 4.06
1636495620 28.29 59.16 483 4.065
1636495680 28.47 59.23 477 4.06
1636495740 28.46 59.16 471 4.06
1636495800 28.28 60.69 459 4.06
1636495860 27.87 61.48 453 4.06
1636495920 27.47 61.78 435 4.06
1636495980 27.77 61.72 423 4.06
1636496040 27.87 60.42 417 4.06
1636496100 27.87 60.85 411 4.06
1636496160 27.7 61.67 405 4.06
1636496220 27.81 60.67 387 4.06
1636496280 27.8 60.33 362 4.06
1636496340 27.95 59.76 346 4.065
1636496400 28.01 60.62 346 4.065
1636496460 27.71 61.65 364 4.071
1636496520 27.63 61.84 382 4.065
1636496580 27.67 62.15 399 4.071
1636496640 27.78 62.04 400 4.065
1636496700 27.88 62.46 406 4.071
1636496760 27.2 64.3 406 4.065
1636496820 26.78 65.99 406 4.065
1636496880 26.67 66.68 405 4.071
1636496940 26.82 66.72 358 4.071
1636497000 26.88 65.36 274 4.065
1636497060 26.77 65.92 382 4.071
1636497120 26.83 65.64 213 4.065
1636497180 26.74 66.36 268 4.065
1636497240 26.48 66.88 225 4.065
1636497300 26.26 68.17 173 4.065
1636497360 26.08 68.75 143 4.065
1636497420 25.93 69.25 118 4.065
1636497480 25.83 69.88 106 4.06
1636497540 25.85 70.17 100 4.065
1636497600 25.96 69.98 94 4.065
1636497660 26.02 70.25 88 4.06
1636497720 26.08 69.57 82 4.065
1636497780 25.99 69.43 82 4.065
1636497840 25.45 70.72 76 4.06
1636497900 25.18 72.17 70 4.065
1636497960 25.21 72.36 64 4.06
1636498020 25.07 72.55 64 4.065
1636498080 25.13 72.47 58 4.06
1636498140 25.1 72.91 58 4.065
1636498200 25.07 72.68 52 4.065
1636498260 24.94 73.29 52 4.065
1636498320 25.08 73.06 52 4.065
1636498380 25.21 72.48 46 4.065
1636498440 25.14 72.52 46 4.06
1636498500 25.08 72.44 40 4.065
1636498560 24.97 72.5 40 4.065
1636498620 24.77 73.43 34 4.06
1636498680 24.87 73.05 34 4.06
1636498740 24.76 73.12 28 4.065
1636498800 24.69 72.93 28 4.065
1636498860 24.59 73.38 22 4.065
1636498920 24.66 73.75 22 4.06
1636498980 24.78 73.5 22 4.065
1636499040 24.78 72.89 16 4.065
1636499100 24.7 72.67 16 4.06
1636499160 24.59 73.33 16 4.06
1636499220 24.6 72.83 16 4.06
1636499280 24.56 73.15 16 4.06
1636499340 24.5 73.32 16 4.065
1636499400 24.48 73.54 10 4.06
1636499460 24.46 73.64 10 4.06
1636499520 24.4 74.13 10 4.065
1636499580 24.49 74.14 10 4.065
1636499640 24.56 73.45 10 4.06
1636499700 24.53 73.81 10 4.065
1636499760 24.53 73.83 4 4.06
1636499820 24.42 74.24 4 4.06
1636499880 24.32 74.55 4 4.065
1636499940 24.29 74.85 4 4.06
1636500000 24.29 74.95 4 4.06
1636500060 24.3 75.11 4 4.06
1636500120 24.4 74.94 4 4.065
1636500180 24.39 74.4 4 4.06
1636500240 24.38 74.85 4 4.06
1636500300 24.35 74.87 4 4.065
1636500360 24.36 74.97 4 4.06
1636500420 24.36 75.31 4 4.06
1636500480 24.33 75.14 4 4.06
1636500540 24.28 75.33 4 4.06
1636500600 24.26 75.33 4 4.065
1636500660 24.22 75.52 0 4.06
1636500720 24.16 75.37 0 4.06
1636500780 24.05 75.89 0 4.065
1636500840 24.01 76.08 0 4.06
1636500900 24 75.69 0 4.06
1636500960 24.01 75.66 0 4.06
1636501020 23.95 76.2 0 4.06
1636501080 23.89 76.2 0 4.06
1636501140 23.87 76.61 0 4.06
1636501200 23.82 76.64 0 4.06
1636501260 23.8 76.96 0 4.06
1636501320 23.78 77.14 0 4.06
1636501380 23.8 77.32 0 4.06
1636501440 23.81 77.21 0 4.06
1636501500 23.81 77.39 0 4.065
1636501560 23.78 77.29 0 4.06
1636501620 23.71 77.31 0 4.06
1636501680 23.68 77.49 0 4.06
1636501740 23.72 77.63 0 4.06
1636501800 23.72 77.64 0 4.06
1636501860 23.71 77.31 0 4.06
1636501920 23.71 77.53 0 4.06
1636501980 23.63 77.67 0 4.06
1636502040 23.59 78.02 0 4.06
1636502100 23.61 78.1 0 4.06
1636502160 23.61 78.25 0 4.06
1636502220 23.65 78.25 0 4.06
1636502280 23.63 77.84 0 4.06
1636502340 23.63 78.03 0 4.06
1636502400 23.63 77.83 0 4.06
1636502460 23.64 78.11 0 4.06
1636502520 23.63 78.12 0 4.06
1636502580 23.65 78.2 0 4.06
1636502640 23.6 78.39 0 4.06
1636502700 23.56 78.49 0 4.06
1636502760 23.51 78.55 0 4.06
1636502820 23.5 78.71 0 4.06
1636502880 23.47 79.22 0 4.06
1636502940 23.46 79.08 0 4.06
1636503000 23.46 79.7 0 4.06
1636503060 23.47 79.33 0 4.06
1636503120 23.49 79.68 0 4.06
1636503180 23.46 79.41 0 4.06
1636503240 23.46 79.56 0 4.06
1636503300 23.42 79.61 0 4.06
1636503360 23.33 79.9 0 4.06
1636503420 23.29 80.39 0 4.06
1636503480 23.29 80.06 0 4.055
1636503540 23.29 79.89 0 4.055
1636503600 23.29 80.37 0 4.06
1636503660 23.27 80.24 0 4.06
1636503720 23.32 80.94 0 4.06
1636503780 23.33 80.95 0 4.06
1636503840 23.33 81.7 0 4.06
1636503900 23.33 82 0 4.06
1636503960 23.33 80.69 0 4.06
1636504020 23.27 81.27 0 4.055
1636504080 23.3 82.7 0 4.06
1636503240 23.46 79.56 0 4.06
1636503300 23.42 79.61 0 4.06
1636503360 23.33 79.9 0 4.06
1636503420 23.29 80.39 0 4.06
1636503480 23.29 80.06 0 4.055
1636503540 23.29 79.89 0 4.055
1636503600 23.29 80.37 0 4.06
1636503660 23.27 80.24 0 4.06
1636503720 23.32 80.94 0 4.06
1636503780 23.33 80.95 0 4.06
1636503840 23.33 81.7 0 4.06
1636503900 23.33 82 0 4.06
1636503960 23.33 80.69 0 4.06
1636504020 23.27 81.27 0 4.055
1636504080 23.3 82.7 0 4.06
1636503240 23.46 79.56 0 4.06
1636503300 23.42 79.61 0 4.06
1636503360 23.33 79.9 0 4.06
1636503420 23.29 80.39 0 4.06
1636503480 23.29 80.06 0 4.055
1636503540 23.29 79.89 0 4.055
1636503600 23.29 80.37 0 4.06
1636503660 23.27 80.24 0 4.06
1636503720 23.32 80.94 0 4.06
1636503780 23.33 80.95 0 4.06
1636503840 23.33 81.7 0 4.06
1636503900 23.33 82 0 4.06
1636503960 23.33 80.69 0 4.06
1636504020 23.27 81.27 0 4.055
1636504080 23.3 82.7 0 4.06
1636504140 23.3 82.06 0 4.06
1636504200 23.29 81.06 0 4.055
1636504260 23.24 81.47 0 4.06
1636504320 23.2 81.29 0 4.06
1636504380 23.14 81.06 0 4.06
1636504440 23.08 81.34 0 4.055
1636504500 23.12 81.72 0 4.055
1636504560 23.16 82.79 0 4.06
1636504620 23.14 84.06 0 4.06
1636504680 23.1 82.33 0 4.06
1636504740 23.13 82.37 0 4.06
1636504800 23.12 82.92 0 4.06
1636504860 23.06 83.32 0 4.055
1636504920 23.05 82.48 0 4.06
1636504980 23.02 81.78 0 4.06
1636505040 23.01 82.38 0 4.06
1636505100 22.99 83.28 0 4.06
1636505160 22.96 83.41 0 4.06
1636505220 22.98 83.55 0 4.055
1636505280 22.89 82.84 0 4.06
1636505340 22.89 83.39 0 4.06
1636505400 22.93 82.99 0 4.055
1636505460 22.96 82.41 0 4.055
1636505520 23.01 82.63 0 4.06
1636505580 22.96 82.57 0 4.06
1636505640 22.96 81.7 0 4.06
1636505700 22.99 81.32 0 4.06
1636505760 22.98 81.55 0 4.055
1636505820 23.01 81.49 0 4.06
1636505880 23.05 82.88 0 4.06
1636505940 23.02 83.03 0 4.06
1636506000 22.99 83.42 0 4.06
1636506060 22.96 83.36 0 4.06
1636506120 22.96 83.89 0 4.06
1636506180 22.95 83.86 0 4.06
1636506240 22.98 83.23 0 4.055
1636506300 22.98 83.61 0 4.06
1636506360 22.95 81.82 0 4.06
1636506420 22.98 81.37 0 4.06
1636506480 23.02 81.58 0 4.055
1636506540 23.01 81.31 0 4.06
1636506600 23.03 81.35 0 4.06
1636506660 23.02 81.42 0 4.06
1636506720 23.05 81.35 0 4.055
1636506780 23.05 81.26 0 4.06
1636506840 23.08 81.41 0 4.055
1636506900 23.08 82.03 0 4.055
1636506960 23.06 82.01 0 4.055
1636507020 23.06 82.48 0 4.055
1636507080 23.05 82.69 0 4.06
1636507140 23.09 83.79 0 4.055
1636507200 23.06 83.89 0 4.055
1636507260 23.06 84.36 0 4.06
1636507320 23.06 84.19 0 4.06
1636507380 23.08 84.02 0 4.055
1636507440 23.05 83.73 0 4.055
1636507500 23.05 82.68 0 4.06
1636507560 23.09 82.33 0 4.055
1636507620 23.14 82.63 0 4.055
1636507680 23.13 82.82 0 4.055
1636507740 23.16 82.99 0 4.055
1636507800 23.1 81.66 0 4.055
1636507860 23.14 81.49 0 4.055
1636507920 23.19 81.42 0 4.06
1636507980 23.26 81.85 0 4.06
1636508040 23.26 83.04 0 4.055
1636508100 23.22 82.53 0 4.055
1636508160 23.19 82.52 0 4.055
1636508220 23.22 82.71 0 4.055
1636508280 23.17 82.57 0 4.055
1636508340 23.19 82.59 0 4.055
1636508400 23.16 82.75 0 4.055
1636508460 23.16 82.96 0 4.055
1636508520 23.14 83.06 0 4.055
1636508580 23.16 83.46 0 4.055
1636508640 23.17 83.73 0 4.055
1636508700 23.19 83.38 0 4.055
1636508760 23.19 83.46 0 4.055
1636508820 23.23 83.17 0 4.055
1636508880 23.17 82.52 0 4.055
1636508940 23.14 82.47 0 4.055
1636509000 23.1 83.09 0 4.055
1636509060 23.08 82.22 0 4.055
1636509120 23.05 82.02 0 4.055
1636509180 23.06 82.49 0 4.055
1636509240 23.03 82.05 0 4.055
1636509300 23.01 82.01 0 4.055
1636509360 23.01 82.31 0 4.055
1636509420 22.99 82.6 0 4.055
1636509480 22.99 82.22 0 4.055
1636509540 23.01 81.74 0 4.06
1636509600 23.03 82.21 0 4.055
1636509660 23.01 81.91 0 4.055
1636509720 23.03 81.12 0 4.055
1636509780 23.09 81.57 0 4.06
1636509840 23.06 81.03 0 4.055
1636509900 23.09 80.86 0 4.055
1636509960 23.08 80.32 0 4.055
1636510020 23.12 80.29 0 4.055
1636510080 23.13 80.36 0 4.055
1636510140 23.13 80.36 0 4.055
1636510200 23.09 80.68 0 4.055
1636510260 23.06 80.5 0 4.055
1636510320 23.05 80.72 0 4.055
1636510380 23.05 80.76 0 4.055
1636510440 23.03 80.92 0 4.055
1636510500 23.06 81.27 0 4.055
1636510560 22.99 81.15 0 4.055
1636510620 23.02 81.27 0 4.055
1636510680 23.02 81.65 0 4.055
1636510740 22.98 81.47 0 4.055
1636510800 23.01 81.43 0 4.055
1636510860 22.98 81.64 0 4.055
1636510920 23.02 81.67 0 4.055
1636510980 23.02 81.7 0 4.055
1636511040 23.02 81.87 0 4.055
1636511100 23.05 82.23 0 4.055
1636511160 23.06 82.2 0 4.055
1636511220 23.09 82.14 0 4.06
1636511280 23.1 82.09 0 4.055
1636511340 23.16 82.34 0 4.06
1636511400 23.06 81.83 0 4.055
1636511460 23.03 81.92 0 4.055
1636511520 23.03 82.71 0 4.055
1636511580 23.06 83.15 0 4.055
1636511640 23.03 82.66 0 4.055
1636511700 23.03 82.89 0 4.055
1636511760 23.01 82.65 0 4.055
1636511820 23.05 82.8 0 4.055
1636511880 23.06 83.34 0 4.055
1636511940 23.05 83.01 0 4.055
1636512000 22.99 83.08 0 4.055
1636512060 23.02 83.83 0 4.055
1636512120 23.01 83.58 0 4.055
1636512180 22.98 83.23 0 4.055
1636512240 22.95 83.24 0 4.055
1636512300 22.91 83.46 0 4.055
1636512360 22.99 83.29 0 4.055
1636512420 22.96 83.28 0 4.055
1636512480 22.95 83.46 0 4.055
1636512540 22.99 83.59 0 4.055
1636512600 23.02 82.84 0 4.055
1636512660 23.05 83.18 0 4.055
1636512720 22.98 83.71 0 4.055
1636512780 22.99 83.87 0 4.055
1636512840 22.98 83.41 0 4.055
1636512900 22.95 83.19 0 4.055
1636512960 22.93 83.06 0 4.055
1636513020 22.92 82.94 0 4.055
1636513080 22.92 83.25 0 4.055
1636513140 22.91 82.94 0 4.055
1636513200 22.95 83.39 0 4.055
1636513260 22.95 83.35 0 4.055
1636513320 22.92 82.97 0 4.055
1636513380 22.92 82.99 0 4.055
1636513440 22.93 83.2 0 4.055
1636513500 22.92 82.88 0 4.055
1636513560 22.93 82.79 0 4.055
1636513620 22.91 83.15 0 4.055
1636513680 22.91 82.82 0 4.055
1636513740 22.92 82.9 0 4.055
1636513800 22.98 82.56 0 4.055
1636513860 22.95 82.52 0 4.055
1636513920 22.95 82.42 0 4.055
1636513980 22.96 82.43 0 4.055
1636514040 22.98 83 0 4.055
1636514100 22.99 83.44 0 4.055
1636514160 22.95 84.3 0 4.049
1636514220 22.95 84.32 0 4.055
1636514280 22.92 84.58 0 4.055
1636514340 22.92 84.74 0 4.055
1636514400 22.92 84.1 0 4.055
1636514460 22.93 84.23 0 4.055
1636514520 22.93 84.37 0 4.055
1636514580 22.85 84.26 0 4.055
1636514640 22.84 84.4 0 4.055
1636514700 22.82 84.49 0 4.049
1636514760 22.79 84.62 0 4.055
1636514820 22.72 85 0 4.055
1636514880 22.64 84.84 0 4.055
1636514940 22.65 85.03 0 4.055
1636515000 22.65 84.99 0 4.055
1636515060 22.68 85.09 0 4.055
1636515120 22.72 84.8 0 4.055
1636515180 22.71 85.04 0 4.049
1636515240 22.69 85.06 0 4.049
1636515300 22.74 84.48 0 4.049
1636515360 22.72 84.43 0 4.049
1636515420 22.74 84.43 0 4.055
1636515480 22.72 84.42 0 4.055
1636515540 22.76 84.56 0 4.055
1636515600 22.75 84.79 0 4.055
1636515660 22.76 84.64 0 4.055
1636515720 22.76 84.64 0 4.055
1636515780 22.72 84.75 0 4.049
1636515840 22.71 84.71 0 4.049
1636515900 22.66 85.09 0 4.049
1636515960 22.66 85.06 0 4.055
1636516020 22.66 85.07 0 4.055
1636516080 22.65 84.89 0 4.055
1636516140 22.64 84.3 0 4.055
1636516200 22.66 84.38 0 4.049
1636516260 22.68 84.21 0 4.049
1636516320 22.69 84.15 0 4.049
1636516380 22.68 84.32 0 4.055
1636516440 22.68 84.48 0 4.055
1636516500 22.68 84.52 0 4.055
1636516560 22.69 84.56 0 4.055
1636516620 22.69 84.55 0 4.055
1636516680 22.66 84.52 0 4.055
1636516740 22.66 84.29 0 4.049
1636516800 22.69 84.48 0 4.055
1636516860 22.69 84.52 0 4.055
1636516920 22.69 83.93 0 4.049
1636516980 22.68 84.26 0 4.049
1636517040 22.66 84.49 0 4.049
1636517100 22.65 84.53 0 4.049
1636517160 22.64 84.3 0 4.049
1636517220 22.65 84.27 0 4.049
1636517280 22.66 84.01 0 4.055
1636517340 22.68 83.71 0 4.049
1636517400 22.69 83.7 0 4.049
1636517460 22.74 83.63 0 4.049
1636517520 22.72 83.8 0 4.055
1636517580 22.78 83.89 0 4.049
1636517640 22.76 83.95 0 4.049
1636517700 22.75 83.81 0 4.055
1636517760 22.72 83.76 0 4.055
1636517820 22.71 83.85 0 4.055
1636517880 22.69 84.09 0 4.055
1636517940 22.66 83.87 0 4.049
1636518000 22.68 83.95 0 4.049
1636518060 22.69 84.1 0 4.049
1636518120 22.71 84.15 0 4.055
1636518180 22.69 84.4 0 4.049
1636518240 22.68 84.1 0 4.049
1636518300 22.68 84.12 0 4.049
1636518360 22.68 84 0 4.049
1636518420 22.69 83.89 0 4.055
1636518480 22.68 83.88 0 4.049
1636518540 22.68 84.3 0 4.049
1636518600 22.66 84.35 0 4.049
1636518660 22.68 83.9 0 4.055
1636518720 22.69 83.72 0 4.049
1636518780 22.72 83.45 0 4.049
1636518840 22.76 83.23 0 4.049
1636518900 22.74 83.14 0 4.049
1636518960 22.78 83.31 0 4.049
1636519020 22.79 83.38 0 4.049
1636519080 22.78 83.37 0 4.049
1636519140 22.79 83.21 0 4.049
1636519200 22.78 83.25 0 4.049
1636519260 22.82 83.33 0 4.049
1636519320 22.84 83.07 0 4.049
1636519380 22.76 83.31 0 4.049
1636519440 22.79 83.38 0 4.049
1636519500 22.76 83.46 0 4.049
1636519560 22.78 83.49 0 4.049
1636519620 22.75 83.51 0 4.049
1636519680 22.76 83.64 0 4.055
1636519740 22.74 83.68 0 4.044
1636519800 22.71 83.74 0 4.044
1636519860 22.74 83.83 0 4.049
1636519920 22.74 83.95 0 4.049
1636519980 22.71 83.93 0 4.049
1636520040 22.75 84.1 0 4.049
1636520100 22.71 84.13 0 4.049
1636520160 22.71 84.13 0 4.049
1636520220 22.72 84.07 0 4.049
1636520280 22.69 84.11 0 4.049
1636520340 22.71 84.04 0 4.049
