1637038800 22.81 86.03 0 4.044
1637038860 22.78 86.37 0 4.044
1637038920 22.79 86.43 0 4.044
1637038980 22.76 86.28 0 4.039
1637039040 22.72 86.16 0 4.044
1637039100 22.71 86.21 0 4.039
1637039160 22.69 86.08 0 4.039
1637039220 22.71 86.07 0 4.039
1637039280 22.68 85.9 0 4.039
1637039340 22.69 85.97 0 4.039
1637039400 22.69 86 0 4.039
1637039460 22.66 86.09 0 4.039
1637039520 22.69 86.22 0 4.039
1637039580 22.66 86.15 0 4.039
1637039640 22.62 86.19 0 4.039
1637039700 22.64 86.26 0 4.039
1637039760 22.64 86.36 0 4.039
1637039820 22.64 86.08 0 4.039
1637039880 22.65 85.83 0 4.039
1637039940 22.61 85.79 0 4.039
1637040000 22.66 85.84 0 4.039
1637040060 22.69 85.93 0 4.039
1637040120 22.71 86 0 4.039
1637040180 22.71 85.9 0 4.039
1637040240 22.72 85.57 0 4.039
1637040300 22.76 85.5 0 4.039
1637040360 22.78 86.34 0 4.039
1637040420 22.74 86.72 0 4.039
1637040480 22.72 86.99 0 4.039
1637040540 22.72 86.92 0 4.039
1637040600 22.71 86.9 0 4.039
1637040660 22.69 87.01 0 4.039
1637040720 22.69 87.11 0 4.039
1637040780 22.68 86.99 0 4.039
1637040840 22.69 87.19 0 4.039
1637040900 22.68 87.21 0 4.039
1637040960 22.69 86.99 0 4.039
1637041020 22.64 86.82 0 4.039
1637041080 22.66 86.75 0 4.039
1637041140 22.62 86.65 0 4.039
1637041200 22.68 86.53 0 4.039
1637041260 22.64 86.49 0 4.039
1637041320 22.66 86.74 0 4.039
1637041380 22.65 86.65 0 4.039
1637041440 22.65 86.66 0 4.039
1637041500 22.64 86.38 0 4.039
1637041560 22.64 86.49 0 4.039
1637041620 22.64 86.26 0 4.039
1637041680 22.62 86.61 0 4.039
1637041740 22.66 86.75 0 4.039
1637041800 22.68 86.6 0 4.039
1637041860 22.66 86.95 0 4.039
1637041920 22.64 86.51 0 4.039
1637041980 22.62 86.55 0 4.039
1637042040 22.66 86.59 0 4.039
1637042100 22.66 86.49 0 4.039
1637042160 22.68 86.44 0 4.039
1637042220 22.69 86.37 0 4.039
1637042280 22.69 86.26 0 4.039
1637042340 22.71 86.13 0 4.039
1637042400 22.72 85.85 0 4.039
1637042460 22.74 86.05 0 4.039
1637042520 22.79 86.2 0 4.039
1637042580 22.82 86.43 0 4.039
1637042640 22.79 86.13 0 4.039
1637042700 22.76 86.51 0 4.039
1637042760 22.65 87.2 0 4.039
1637042820 22.55 87.34 0 4.039
1637042880 22.54 87.56 0 4.039
1637042940 22.48 87.69 0 4.039
1637043000 22.47 87.72 0 4.039
1637043060 22.47 87.67 0 4.039
1637043120 22.5 87.78 0 4.039
1637043180 22.48 87.59 0 4.039
1637043240 22.51 87.68 0 4.039
1637043300 22.51 87.95 0 4.039
1637043360 22.48 88 0 4.039
1637043420 22.48 87.96 0 4.039
1637043480 22.45 88.03 0 4.039
1637043540 22.47 88.14 0 4.039
1637043600 22.48 88.13 0 4.039
1637043660 22.44 88.37 0 4.039
1637043720 22.41 88.26 0 4.039
1637043780 22.38 88.35 0 4.039
1637043840 22.35 88.46 0 4.039
1637043900 22.35 88.7 0 4.039
1637043960 22.37 88.5 0 4.039
1637044020 22.34 88.2 0 4.039
1637044080 22.33 88.5 0 4.039
1637044140 22.35 88.45 0 4.039
1637044200 22.31 88.17 0 4.039
1637044260 22.33 87.93 0 4.039
1637044320 22.37 87.96 0 4.039
1637044380 22.38 87.91 0 4.039
1637044440 22.37 87.88 0 4.039
1637044500 22.43 87.94 0 4.039
1637044560 22.44 88.11 0 4.039
1637044620 22.44 87.72 0 4.039
1637044680 22.44 87.74 0 4.033
1637044740 22.45 87.49 0 4.039
1637044800 22.45 87.43 0 4.039
1637044860 22.43 87.22 0 4.039
1637044920 22.45 87.51 0 4.039
1637044980 22.47 87.8 0 4.033
1637045040 22.41 88.02 0 4.039
1637045100 22.37 88.22 0 4.033
1637045160 22.38 88.42 0 4.039
1637045220 22.35 88.45 0 4.039
1637045280 22.38 88.54 0 4.039
1637045340 22.34 88.47 0 4.039
1637045400 22.37 88.49 0 4.039
1637045460 22.38 88.71 0 4.039
1637045520 22.35 88.71 0 4.033
1637045580 22.35 88.7 0 4.039
1637045640 22.3 88.65 0 4.039
1637045700 22.3 88.58 0 4.039
1637045760 22.31 88.64 0 4.039
1637045820 22.34 88.73 0 4.033
1637045880 22.28 88.74 0 4.039
1637045940 22.28 88.7 0 4.039
1637046000 22.26 88.79 0 4.039
1637046060 22.28 89.01 0 4.039
1637046120 22.31 89.14 0 4.039
1637046180 22.24 89.21 0 4.039
1637046240 22.26 89.32 0 4.039
1637046300 22.24 89.62 0 4.033
1637046360 22.18 89.78 0 4.039
1637046420 22.18 89.89 0 4.039
1637046480 22.14 90.07 0 4.039
1637046540 22.17 90.16 0 4.039
1637046600 22.2 90.05 0 4.039
1637046660 22.17 90.08 0 4.033
1637046720 22.14 90.12 0 4.039
1637046780 22.16 90.27 0 4.039
1637046840 22.08 90.13 0 4.039
1637046900 22.1 90.45 0 4.039
1637046960 22.08 90.42 0 4.039
1637047020 22.08 90.31 0 4.039
1637047080 22.1 90.46 0 4.039
1637047140 22.1 90.4 0 4.039
1637047200 22.1 89.7 0 4.033
1637047260 22.11 89.94 0 4.039
1637047320 22.08 89.95 0 4.033
1637047380 22.06 89.75 0 4.039
1637047440 22 89.41 0 4.033
1637047500 21.99 89.76 0 4.039
1637047560 21.96 89.44 0 4.033
1637047620 21.9 89.13 0 4.039
1637047680 21.9 88.76 0 4.039
1637047740 21.93 88.44 0 4.033
1637047800 21.97 88.04 0 4.033
1637047860 21.97 87.58 0 4.033
1637047920 22.03 87.37 0 4.039
1637047980 21.99 86.35 0 4.033
1637048040 22.06 85.67 0 4.033
1637048100 22.08 85.09 0 4.039
1637048160 22.11 85.2 0 4.033
1637048220 22.17 86.95 0 4.033
1637048280 22.2 87.72 0 4.033
1637048340 22.23 88.63 0 4.033
1637048400 22.17 89 0 4.033
1637048460 22.14 89.41 0 4.039
1637048520 22.01 87.15 0 4.039
1637048580 21.96 85.91 0 4.033
1637048640 22.04 86.5 0 4.039
1637048700 22.14 87.9 0 4.039
1637048760 22.13 88.2 0 4.033
1637048820 22.13 88.28 0 4.033
1637048880 21.99 83.36 0 4.033
1637048940 22.04 82.43 0 4.033
1637049000 22.1 82.44 0 4.039
1637049060 22.1 82.52 0 4.033
1637049120 22.07 81.83 0 4.033
1637049180 22.06 82.25 0 4.039
1637049240 22.08 82.47 0 4.039
1637049300 22.04 82.22 0 4.033
1637049360 22.06 82.41 0 4.039
1637049420 22.03 82.85 0 4.033
1637049480 22.03 83.26 0 4.033
1637049540 22 83.07 0 4.033
1637049600 22.01 83.63 0 4.033
1637049660 22.01 83.48 0 4.033
1637049720 22.01 82.8 0 4.039
1637049780 22.03 82.17 0 4.033
1637049840 22.04 82.24 0 4.033
1637049900 22.08 82.24 0 4.039
1637049960 22.1 82.43 0 4.033
1637050020 22.1 81.68 0 4.033
1637050080 22.08 82.21 0 4.039
1637050140 22.1 82.8 0 4.033
1637050200 22.1 82.61 0 4.039
1637050260 22.13 82.62 0 4.039
1637050320 22.08 82.76 0 4.033
1637050380 22.04 82.96 0 4.039
1637050440 22.01 83.09 0 4.033
1637050500 22 83.3 0 4.033
1637050560 22 83.5 0 4.033
1637050620 22 83.16 0 4.033
1637050680 22.01 83.2 0 4.039
1637050740 22.01 83.2 0 4.033
1637050800 22.07 83.47 0 4.033
1637050860 22.08 81.41 0 4.033
1637050920 22.08 80.89 0 4.033
1637050980 22.11 79.98 0 4.033
1637051040 22.13 80.22 0 4.033
1637051100 22.13 78.88 0 4.033
1637051160 22.14 78.52 0 4.033
1637051220 22.16 78.45 0 4.033
1637051280 22.21 78.51 0 4.033
1637051340 22.23 79.06 0 4.033
1637051400 22.24 78.99 0 4.033
1637051460 22.24 79.11 0 4.033
1637051520 22.24 78.53 0 4.033
1637051580 22.27 78.48 0 4.033
1637051640 22.27 78.23 0 4.033
1637051700 22.27 77.77 0 4.033
1637051760 22.31 77.61 0 4.033
1637051820 22.33 77.4 0 4.033
1637051880 22.31 77.98 0 4.033
1637051940 22.31 78.45 0 4.033
1637052000 22.3 79.22 0 4.033
1637052060 22.26 79.74 0 4.033
1637052120 22.26 80.34 0 4.033
1637052180 22.23 80.45 0 4.033
1637052240 22.2 80.88 0 4.033
1637052300 22.2 83.07 0 4.033
1637052360 22.13 84.54 0 4.033
1637052420 22.07 84.84 0 4.033
1637052480 22 84.39 0 4.033
1637052540 21.93 83.93 0 4.039
1637052600 21.87 84.19 0 4.033
1637052660 21.87 84.59 0 4.033
1637052720 21.86 84.77 0 4.033
1637052780 21.89 84.85 0 4.033
1637052840 21.89 84.88 0 4.033
1637052900 21.87 84.69 0 4.033
1637052960 21.9 85.18 0 4.033
1637053020 21.89 85.54 0 4.033
1637053080 21.93 85.92 0 4.033
1637053140 21.93 86.34 0 4.033
1637053200 21.95 87.47 0 4.033
1637053260 21.93 87.73 0 4.033
1637053320 21.89 87.52 0 4.033
1637053380 21.87 87.73 0 4.033
1637053440 21.9 87.77 0 4.033
1637053500 21.9 87.99 0 4.033
1637053560 21.89 88.26 0 4.033
1637053620 21.89 88.43 0 4.033
1637053680 21.83 88.59 0 4.033
1637053740 21.82 88.83 0 4.033
1637053800 21.77 89.07 0 4.033
1637053860 21.79 89.14 0 4.033
1637053920 21.77 89.22 0 4.033
1637053980 21.73 89.25 0 4.033
1637054040 21.72 89.31 0 4.033
1637054100 21.72 89.49 0 4.033
1637054160 21.69 89.43 0 4.033
1637054220 21.71 89.45 0 4.033
1637054280 21.69 89.45 0 4.033
1637054340 21.68 89.47 0 4.033
1637054400 21.66 89.64 0 4.033
1637054460 21.66 89.8 0 4.033
1637054520 21.66 89.95 0 4.033
1637054580 21.63 90 0 4.033
1637054640 21.63 90.08 0 4.033
1637054700 21.62 90.17 0 4.033
1637054760 21.6 90.23 0 4.033
1637054820 21.58 90.25 0 4.033
1637054880 21.58 90.27 0 4.033
1637054940 21.59 90.2 0 4.033
1637055000 21.55 90.4 0 4.033
1637055060 21.53 90.45 0 4.033
1637055120 21.52 90.57 0 4.033
1637055180 21.49 90.62 0 4.033
1637055240 21.49 90.74 0 4.033
1637055300 21.49 90.44 0 4.033
1637055360 21.49 90.38 0 4.033
1637055420 21.5 90.5 0 4.028
1637055480 21.46 89.86 0 4.033
1637055540 21.49 89.84 0 4.033
1637055600 21.49 89.49 0 4.033
1637055660 21.58 89.19 0 4.033
1637055720 21.53 88.45 0 4.033
1637055780 21.52 87.78 0 4.033
1637055840 21.53 87.62 0 4.033
1637055900 21.6 87.74 0 4.033
1637055960 21.62 87.82 0 4.033
1637056020 21.66 88.47 0 4.033
1637056080 21.65 88.88 0 4.033
1637056140 21.6 89.35 0 4.033
1637056200 21.52 89.35 0 4.033
1637056260 21.48 89.51 0 4.033
1637056320 21.45 89.6 0 4.033
1637056380 21.5 90.22 0 4.033
1637056440 21.52 90.35 0 4.033
1637056500 21.46 89.53 0 4.033
1637056560 21.52 90.07 0 4.033
1637056620 21.55 90.08 0 4.033
1637056680 21.5 89.77 0 4.033
1637056740 21.45 89.43 0 4.033
1637056800 21.44 90 0 4.033
1637056860 21.42 89.55 0 4.033
1637056920 21.41 89.58 0 4.033
1637056980 21.39 89.28 0 4.033
1637057040 21.35 89.09 0 4.033
1637057100 21.32 89.38 0 4.033
1637057160 21.34 89.36 0 4.033
1637057220 21.29 89 0 4.033
1637057280 21.27 89.55 0 4.033
1637057340 21.28 89.81 0 4.033
1637057400 21.22 89.59 0 4.033
1637057460 21.18 89.9 0 4.033
1637057520 21.25 89.87 0 4.033
1637057580 21.2 89.56 0 4.028
1637057640 21.14 89.79 0 4.033
1637057700 21.11 89.84 0 4.033
1637057760 21.08 90.11 0 4.028
1637057820 21.05 90.14 0 4.028
1637057880 21.02 89.74 0 4.033
1637057940 21.01 89.98 0 4.033
1637058000 20.98 90.01 0 4.033
1637058060 20.93 89.91 0 4.033
1637058120 20.93 89.82 0 4.033
1637058180 20.87 89.73 0 4.033
1637058240 20.86 89.93 0 4.033
1637058300 20.81 89.73 0 4.028
1637058360 20.83 89.86 0 4.033
1637058420 20.83 89.96 0 4.033
1637058480 20.8 90.44 0 4.033
1637058540 20.76 90.46 0 4.033
1637058600 20.76 90.5 0 4.033
1637058660 20.8 89.8 0 4.033
1637058720 20.89 88.89 0 4.033
1637058780 21.02 87.53 0 4.028
1637058840 21.08 87.33 0 4.033
1637058900 21.12 87.06 0 4.033
1637058960 21.11 87.06 0 4.033
1637059020 21.07 87.29 0 4.033
1637059080 21.05 87.96 0 4.033
1637059140 21.05 87.24 0 4.028
1637059200 21.1 86.7 0 4.033
1637059260 21.15 86.14 0 4.033
1637059320 21.15 86.16 0 4.033
1637059380 21.12 86.41 0 4.033
1637059440 21.05 87.06 0 4.033
1637059500 21.01 87.36 0 4.033
1637059560 20.94 87.44 0 4.033
1637059620 20.86 88.31 0 4.033
1637059680 20.8 88.9 0 4.033
1637059740 20.73 89.14 0 4.033
1637059800 20.69 89.74 0 4.033
1637059860 20.63 90.41 0 4.033
1637059920 20.59 90.73 0 4.028
1637059980 20.52 90.81 0 4.033
1637060040 20.49 91.22 0 4.033
1637060100 20.42 90.65 0 4.028
1637060160 20.38 89.86 0 4.033
1637060220 20.35 89.44 0 4.033
1637060280 20.35 89.2 0 4.033
1637060340 20.35 89.34 0 4.028
1637060400 20.32 89.58 0 4.028
1637060460 20.35 89.09 0 4.033
1637060520 20.31 89.3 0 4.028
1637060580 20.31 89.08 0 4.033
1637060640 20.26 89.36 0 4.033
1637060700 20.25 89.33 0 4.033
1637060760 20.26 89.12 0 4.028
1637060820 20.22 89.59 0 4.033
1637060880 20.22 89.97 0 4.028
1637060940 20.16 90.24 0 4.028
1637061000 20.15 90.36 0 4.028
1637061060 20.12 90.58 0 4.033
1637061120 20.08 90.58 0 4.033
1637061180 20.01 90.51 0 4.033
1637061240 19.94 90.88 0 4.028
1637061300 19.89 91.1 0 4.028
1637061360 19.84 90.87 0 4.033
1637061420 19.82 91.25 0 4.033
1637061480 19.77 91.42 0 4.028
1637061540 19.74 91.44 0 4.033
1637061600 19.7 91.23 0 4.028
1637061660 19.68 91.24 0 4.028
1637061720 19.67 91.15 0 4.028
1637061780 19.65 90.81 0 4.028
1637061840 19.68 90.4 0 4.028
1637061900 19.73 90.18 0 4.033
1637061960 19.8 90.06 0 4.033
1637062020 19.77 89.74 0 4.033
1637062080 19.73 90.2 0 4.033
1637062140 19.71 90.52 0 4.028
1637062200 19.68 90.77 0 4.033
1637062260 19.68 90.83 0 4.033
1637062320 19.68 90.76 0 4.033
1637062380 19.68 90.72 0 4.028
1637062440 19.68 90.78 0 4.033
1637062500 19.7 91.13 0 4.028
1637062560 19.7 91.48 0 4.033
1637062620 19.64 91.56 0 4.028
1637062680 19.64 91.75 0 4.028
1637062740 19.64 92.01 0 4.028
1637062800 19.64 91.84 0 4.028
1637062860 19.65 91.34 0 4.033
1637062920 19.71 90.66 0 4.028
1637062980 19.75 90.32 0 4.028
1637063040 19.74 90.11 0 4.028
1637063100 19.73 90.18 0 4.028
1637063160 19.7 90.37 0 4.033
1637063220 19.67 90.59 0 4.028
1637063280 19.64 90.88 0 4.033
1637063340 19.6 90.58 0 4.028
1637063400 19.61 90.97 0 4.028
1637063460 19.56 91.17 0 4.033
1637063520 19.56 91.46 0 4.028
1637063580 19.57 91.34 0 4.033
1637063640 19.49 91.14 0 4.033
1637063700 19.46 91.43 0 4.028
1637063760 19.43 91.61 0 4.028
1637063820 19.41 91.89 0 4.028
1637063880 19.38 91.76 0 4.028
1637063940 19.44 91.12 0 4.028
1637064000 19.56 89.94 0 4.028
1637064060 19.63 89.19 0 4.028
1637064120 19.64 89.08 0 4.028
1637064180 19.63 87.72 0 4.033
1637064240 19.67 87.45 0 4.028
1637064300 19.75 87.49 0 4.028
1637064360 19.75 88.88 0 4.028
1637064420 19.7 88.72 0 4.028
1637064480 19.67 90.01 4 4.028
1637064540 19.65 90.12 0 4.028
1637064600 19.58 90.71 4 4.028
1637064660 19.57 91.04 4 4.028
1637064720 19.53 91.17 4 4.028
1637064780 19.52 91.51 4 4.033
1637064840 19.54 91.57 4 4.028
1637064900 19.54 91.6 4 4.028
1637064960 19.47 90.16 4 4.028
1637064120 19.64 89.08 0 4.028
1637064180 19.63 87.72 0 4.033
1637064240 19.67 87.45 0 4.028
1637064300 19.75 87.49 0 4.028
1637064360 19.75 88.88 0 4.028
1637064420 19.7 88.72 0 4.028
1637064480 19.67 90.01 4 4.028
1637064540 19.65 90.12 0 4.028
1637064600 19.58 90.71 4 4.028
1637064660 19.57 91.04 4 4.028
1637064720 19.53 91.17 4 4.028
1637064780 19.52 91.51 4 4.033
1637064840 19.54 91.57 4 4.028
1637064900 19.54 91.6 4 4.028
1637064960 19.47 90.16 4 4.028
1637065020 19.49 88.71 4 4.028
1637065080 19.64 86.97 4 4.033
1637065140 19.71 86.29 4 4.028
1637065200 19.78 87.58 4 4.028
1637065260 19.7 88.35 10 4.028
1637065320 19.6 88.51 10 4.028
1637065380 19.52 88.48 10 4.028
1637065440 19.44 88.56 10 4.028
1637065500 19.37 88.47 10 4.028
1637065560 19.37 88.76 10 4.028
1637065620 19.33 88.91 16 4.028
1637065680 19.27 88.94 16 4.028
1637065740 19.3 89.12 16 4.028
1637065800 19.33 89.32 16 4.028
1637065860 19.36 89.17 16 4.033
1637065020 19.49 88.71 4 4.028
1637065080 19.64 86.97 4 4.033
1637065140 19.71 86.29 4 4.028
1637065200 19.78 87.58 4 4.028
1637065260 19.7 88.35 10 4.028
1637065320 19.6 88.51 10 4.028
1637065380 19.52 88.48 10 4.028
1637065440 19.44 88.56 10 4.028
1637065500 19.37 88.47 10 4.028
1637065560 19.37 88.76 10 4.028
1637065620 19.33 88.91 16 4.028
1637065680 19.27 88.94 16 4.028
1637065740 19.3 89.12 16 4.028
1637065800 19.33 89.32 16 4.028
1637065860 19.36 89.17 16 4.033
1637065980 19.38 88.87 16 4.028
1637066040 19.37 88.69 16 4.028
1637066100 19.37 88.17 22 4.028
1637066160 19.37 87.78 22 4.028
1637066220 19.36 87.95 22 4.028
1637066280 19.3 88.58 22 4.028
1637066340 19.25 88.99 28 4.028
1637066400 19.22 89.23 28 4.028
1637066460 19.19 89.3 28 4.028
1637066520 19.2 89.58 28 4.028
1637066580 19.2 89.56 28 4.028
1637066640 19.16 89.43 34 4.028
1637066700 19.17 89.36 34 4.028
1637066760 19.15 89.3 34 4.028
1637066820 19.2 89.22 34 4.028
1637065980 19.38 88.87 16 4.028
1637066040 19.37 88.69 16 4.028
1637066100 19.37 88.17 22 4.028
1637066160 19.37 87.78 22 4.028
1637066220 19.36 87.95 22 4.028
1637066280 19.3 88.58 22 4.028
1637066340 19.25 88.99 28 4.028
1637066400 19.22 89.23 28 4.028
1637066460 19.19 89.3 28 4.028
1637066520 19.2 89.58 28 4.028
1637066580 19.2 89.56 28 4.028
1637066640 19.16 89.43 34 4.028
1637066700 19.17 89.36 34 4.028
1637066760 19.15 89.3 34 4.028
1637066820 19.2 89.22 34 4.028
1637066880 19.22 89.37 34 4.028
1637066940 19.22 89.4 34 4.028
1637067000 19.25 89.37 40 4.028
1637067060 19.26 89.54 40 4.028
1637067120 19.26 89.42 40 4.028
1637067180 19.27 89.51 40 4.028
1637067240 19.34 89.62 46 4.028
1637067300 19.34 89.63 52 4.028
1637067360 19.4 89.97 58 4.028
1637067420 19.46 90.27 64 4.028
1637067480 19.47 90.39 64 4.028
1637067540 19.53 90.4 64 4.028
1637067600 19.56 90.26 70 4.028
1637067660 19.54 89.98 88 4.028
1637067720 19.61 89.59 93 4.028
1637067780 19.71 89.96 88 4.028
1637067840 19.81 89.32 76 4.028
1637067900 19.85 88.36 76 4.028
1637067960 19.91 88.13 82 4.028
1637068020 19.88 87.24 76 4.028
1637068080 19.95 86.9 82 4.028
1637068140 20.01 86.58 81 4.028
1637068200 20.11 85.98 82 4.028
1637068260 20.19 85.8 82 4.028
1637068320 20.32 85.31 88 4.028
1637068380 20.42 85.25 93 4.028
1637068440 20.52 85.19 111 4.028
1637068500 20.62 84.79 123 4.028
1637068560 20.74 84.77 111 4.028
1637068620 20.91 84.36 99 4.028
1637068680 21.05 83.68 99 4.028
1637068740 21.12 83.32 105 4.028
1637068800 21.2 83.06 111 4.028
1637068860 21.24 82.67 105 4.028
1637068920 21.35 82.52 117 4.028
1637068980 21.46 82.12 117 4.028
1637069040 21.53 82.13 99 4.028
1637069100 21.6 81.48 88 4.028
1637069160 21.76 81.52 88 4.028
1637069220 21.75 82.09 93 4.022
1637069280 21.56 82.69 93 4.028
1637069340 21.48 83.41 105 4.028
1637069400 21.52 83.45 93 4.028
1637069460 21.66 82.98 88 4.028
1637069520 21.75 82.6 93 4.028
1637068680 21.05 83.68 99 4.028
1637068740 21.12 83.32 105 4.028
1637068800 21.2 83.06 111 4.028
1637068860 21.24 82.67 105 4.028
1637068920 21.35 82.52 117 4.028
1637068980 21.46 82.12 117 4.028
1637069040 21.53 82.13 99 4.028
1637069100 21.6 81.48 88 4.028
1637069160 21.76 81.52 88 4.028
1637069220 21.75 82.09 93 4.022
1637069280 21.56 82.69 93 4.028
1637069340 21.48 83.41 105 4.028
1637069400 21.52 83.45 93 4.028
1637069460 21.66 82.98 88 4.028
1637069520 21.75 82.6 93 4.028
1637068680 21.82 82.47 87 4.022
1637068740 21.96 81.59 93 4.028
1637068800 22 81.48 129 4.028
1637068860 22.13 81.69 177 4.028
1637068920 22.2 80.78 206 4.033
1637068980 22.34 80.35 188 4.028
1637069040 22.4 79.67 147 4.028
1637069100 22.57 79.1 105 4.028
1637069160 22.62 78.34 88 4.028
1637069220 22.58 78.07 88 4.028
1637069280 22.54 78.28 88 4.028
1637069340 22.66 78.18 88 4.028
1637069400 22.66 78.14 88 4.028
1637069460 22.78 77.69 88 4.028
1637069520 22.71 77.36 147 4.028
1637069580 22.61 78.09 230 4.028
1637069640 22.72 77.59 189 4.033
1637069700 22.85 76.92 111 4.028
1637069760 22.98 77.08 105 4.028
1637069820 22.74 77.34 153 4.028
1637069880 22.72 78.83 200 4.028
1637069940 22.86 78.34 212 4.028
1637070000 22.92 77.71 260 4.033
1637070060 23.16 76.99 307 4.033
1637070120 23.27 75.6 307 4.033
1637070180 23.44 75.29 313 4.039
1637070240 23.6 74.71 319 4.033
1637070300 23.82 74.19 325 4.039
1637070360 23.84 74.53 331 4.039
1637070420 23.95 74.92 331 4.039
1637070480 24.11 73.23 337 4.039
1637070540 24.07 72.77 349 4.039
1637070600 24.07 73.6 349 4.039
1637070660 24.18 73.87 361 4.039
1637070720 24.23 71.53 361 4.039
1637070780 23.97 72.15 373 4.039
1637070840 23.89 73.41 379 4.039
1637070900 24.19 72.12 382 4.006
1637070960 24.59 71 385 4.039
1637071020 24.69 70.98 390 4.028
1637071080 24.71 70.26 397 4.039
1637071140 24.71 69.88 403 4.044
1637071200 24.77 70.22 403 4.044
1637071260 25.04 69.56 409 4.039
1637071320 25.03 69.33 415 4.033
1637071380 25.1 69.13 421 4.044
1637071440 25.35 69.36 427 4.044
1637071500 25.51 68.47 427 4.044
1637071560 25.55 67.97 433 4.049
1637071620 25.52 66.41 438 4.044
1637071680 25.66 66.01 445 4.049
1637071740 25.79 65.79 445 4.044
1637071800 25.89 66.73 445 4.044
1637071860 26.33 63.73 451 4.049
1637071920 26.28 63.24 457 4.044
1637071980 26.43 63.42 463 4.049
1637072040 26.38 62.57 469 4.049
1637072100 26.55 62.4 463 4.049
1637072160 26.88 61.35 475 4.049
1637072220 27.02 60.26 499 4.049
1637072280 27.09 60.24 518 4.055
1637072340 27.2 60.1 524 4.055
1637072400 27.22 59.99 493 4.055
1637072460 27.37 59.29 387 4.049
1637072520 27.76 58.12 260 4.033
1637072580 27.94 57.83 302 4.044
1637072640 27.72 57.94 390 4.033
1637072700 27.83 57.49 474 4.039
1637072760 27.83 57.18 492 4.033
1637072820 28.05 57.74 456 4.033
1637072880 28.43 56.26 496 4.033
1637072940 28.23 56.29 402 4.039
1637073000 28.07 56.9 379 4.033
1637073060 27.94 58.24 456 4.033
1637073120 27.54 57.31 563 4.033
1637073180 27.16 58.82 551 4.033
1637073240 27.19 58.72 563 4.033
1637073300 27.68 58.82 480 4.033
1637073360 27.5 58.71 551 4.033
1637073420 27.32 60.32 515 4.033
1637073480 27.56 59.88 457 4.044
1637073540 27.84 58.12 474 4.049
1637073600 27.98 58.6 385 4.044
1637073660 27.77 58.21 284 4.039
1637073720 27.81 58.99 230 4.039
1637073780 27.84 58.52 254 4.044
1637073840 27.87 58.4 314 4.044
1637073900 27.6 59.16 278 4.039
1637073960 27.17 59.44 528 4.039
1637074020 27.14 60.66 652 4.033
1637074080 27.61 60 640 4.033
1637074140 27.6 58.86 640 4.033
1637074200 27.54 59.93 640 4.033
1637074260 27.98 58.84 646 4.039
1637074320 28.18 57.9 652 4.039
1637074380 28.11 57.55 652 4.033
1637074440 28.16 58.5 658 4.033
1637074500 28.01 59 658 4.033
1637074560 27.59 59.33 656 4.033
1637074620 27.36 59.81 670 4.033
1637074680 26.96 61.22 680 4.028
1637074740 26.83 61.64 680 4.033
1637074800 27.43 60.11 686 4.033
1637074860 27.94 58.51 692 4.033
1637074920 27.88 59.95 698 4.028
1637074980 28.15 58.82 698 4.033
1637075040 28.43 59.16 698 4.033
1637075100 28.52 58.61 710 4.033
1637075160 28.76 58.43 716 4.028
1637075220 28.92 58.03 716 4.028
1637075280 29.24 56.46 721 4.028
1637075340 29.55 55.58 721 4.028
1637075400 29.55 55.34 727 4.028
1637075460 29.99 54.42 727 4.028
1637075520 30.04 54.42 733 4.033
1637075580 29.95 54.46 745 4.028
1637075640 29.93 54.33 751 4.028
1637075700 29.66 55.65 757 4.028
1637075760 29.75 55.88 757 4.028
1637075820 30.06 54.39 757 4.033
1637075880 29.73 54.95 733 4.028
1637075940 29.52 56.02 757 4.028
1637076000 29.34 56.82 757 4.028
1637076060 29.32 56.33 757 4.028
1637076120 29.42 57.12 763 4.028
1637076180 29.49 56.12 763 4.028
1637076240 29.59 56.11 775 4.028
1637076300 29.49 57.5 787 4.028
1637076360 29.68 55.54 793 4.028
1637076420 29.89 54.28 799 4.028
1637076480 30.04 54.41 799 4.028
1637076540 30.44 53.53 810 4.028
1637076600 30.23 53.23 810 4.028
1637076660 30.51 53 810 4.028
1637076720 30.62 52.52 810 4.028
1637075880 29.73 54.95 733 4.028
1637075940 29.52 56.02 757 4.028
1637076000 29.34 56.82 757 4.028
1637076060 29.32 56.33 757 4.028
1637076120 29.42 57.12 763 4.028
1637076180 29.49 56.12 763 4.028
1637076240 29.59 56.11 775 4.028
1637076300 29.49 57.5 787 4.028
1637076360 29.68 55.54 793 4.028
1637076420 29.89 54.28 799 4.028
1637076480 30.04 54.41 799 4.028
1637076540 30.44 53.53 810 4.028
1637076600 30.23 53.23 810 4.028
1637076660 30.51 53 810 4.028
1637076720 30.62 52.52 810 4.028
1637075880 29.73 54.95 733 4.028
1637075940 29.52 56.02 757 4.028
1637076000 29.34 56.82 757 4.028
1637076060 29.32 56.33 757 4.028
1637076120 29.42 57.12 763 4.028
1637076180 29.49 56.12 763 4.028
1637076240 29.59 56.11 775 4.028
1637076300 29.49 57.5 787 4.028
1637076360 29.68 55.54 793 4.028
1637076420 29.89 54.28 799 4.028
1637076480 30.04 54.41 799 4.028
1637076540 30.44 53.53 810 4.028
1637076600 30.23 53.23 810 4.028
1637076660 30.51 53 810 4.028
1637076720 30.62 52.52 810 4.028
1637076780 30.96 52.13 816 4.028
1637076840 30.47 52.17 828 4.028
1637076900 30.19 53.11 846 4.028
1637076960 29.82 54.25 846 4.028
1637077020 30 53.75 846 4.028
1637077080 30.19 53.17 846 4.028
1637077140 30.5 51.76 864 4.028
1637077200 30.55 52.05 882 4.022
1637077260 30.71 50.72 899 4.028
1637077320 30.92 50.96 917 4.028
1637077380 31.36 49.92 935 4.028
1637077440 31.37 50.65 947 4.028
1637077500 31.32 49.48 945 4.028
1637077560 31.46 49.28 947 4.028
1637077620 31.5 48.36 965 4.028
1637077680 31.64 48.77 963 4.028
1637077740 31.77 47.96 977 4.028
1637077800 31.4 48.29 987 4.028
1637077860 31.26 49.12 977 4.028
1637077920 31.48 49.09 975 4.028
1637077980 31.57 49.48 1001 4.055
1637078040 32.01 48.63 1037 4.06
1637078100 31.99 48.49 1063 4.065
1637078160 31.9 49.39 1087 4.071
1637078220 31.85 49.18 1082 4.065
1637078280 32.22 49.13 1094 4.071
1637078340 32.62 46.41 1112 4.071
1637078400 32.66 46.89 1126 4.071
1637078460 32.42 48.31 1150 4.076
1637078520 32.05 49.88 1144 4.082
1637078640 31.25 50.98 1114 4.076
1637078700 30.38 53.57 1084 4.082
1637078760 29.65 55 463 4.044
1637078820 28.96 56.85 397 4.044
1637078880 28.57 58.03 325 4.044
1637078940 27.91 60.03 296 4.039
1637079000 27.49 61.38 290 4.044
1637079060 27.65 61.8 302 4.049
1637079120 27.97 61.76 338 4.049
1637079180 27.67 61.09 409 4.039
1637079240 27.32 61.99 385 4.044
1637079300 27.12 63.31 385 4.039
1637079360 27.25 63.02 367 4.044
1637079420 27.22 63.19 355 4.039
1637079480 27.49 62.88 349 4.039
1637079540 27.67 62.42 343 4.039
1637079600 27.81 61.47 343 4.039
1637079660 27.5 62.44 343 4.039
1637079720 27.89 61.72 361 4.039
1637079780 27.99 62.34 343 4.039
1637079840 28.23 60.83 320 4.044
1637079900 27.95 62.12 326 4.049
1637079960 28.16 61.25 349 4.039
1637080020 28.12 61.42 426 4.039
1637080080 28.23 62.17 795 4.039
1637080140 27.89 60.72 314 4.039
1637080200 27.71 61.95 314 4.039
1637080260 27.89 62.05 343 4.039
1637080320 27.98 60.7 302 4.039
1637080380 28.09 60.97 284 4.039
1637080440 27.88 60.97 284 4.044
1637080500 27.51 61.86 302 4.044
1637080560 27.64 62.35 819 4.039
1637080620 27.88 61.83 1133 4.039
1637080680 28.43 61.19 1109 4.039
1637080740 28.56 60.7 1090 4.039
1637080800 29.22 58.2 1108 4.039
1637080860 29.55 58.71 605 4.039
1637080920 29.79 55.27 629 4.039
1637080980 29.9 55.25 492 4.039
1637081040 29.87 54.84 889 4.039
1637081100 29.86 55.77 1126 4.039
1637081160 29.72 55.64 1120 4.033
1637081220 30.13 55.26 889 4.039
1637081280 30.3 54.97 1079 4.039
1637081340 30.23 54.43 908 4.039
1637081400 30.23 54.69 837 4.033
1637081460 30.35 52.95 865 4.033
1637081520 30.32 52.5 426 4.039
1637081580 30.35 52.92 581 4.039
1637081640 30.24 53.84 1198 4.076
1637081700 30.3 53.09 1156 4.076
1637081760 30.4 52.99 1152 4.082
1637081820 30.54 53.24 1145 4.082
1637081880 30.78 53.28 1153 4.087
1637081940 31.15 50.89 1171 4.087
1637082000 31.41 51.79 1201 4.087
1637082060 31.46 51.47 1233 4.092
1637082120 32.24 50.02 1245 4.092
1637082180 32.56 49.48 1245 4.092
1637082240 32.65 47.21 1258 4.098
1637082300 32.72 46.57 948 4.087
1637082360 32.63 46.31 505 4.055
1637082420 32.59 46.74 393 4.055
1637082480 32.1 48.88 415 4.055
1637082540 31.09 48.89 373 4.044
1637082600 29.75 52.52 367 4.049
1637082660 29.45 53.71 374 4.06
1637082720 29.25 54.74 350 4.044
1637082780 29.32 54.38 314 4.049
1637082840 29.11 54.63 290 4.049
1637082900 28.96 55.1 271 4.049
1637082960 28.84 54.59 266 4.049
1637083020 28.76 55.71 278 4.049
1637083080 28.59 55.84 301 4.039
1637083140 28.89 54.62 350 4.044
1637083200 28.97 53.45 784 4.049
1637083260 29.04 54.65 1188 4.049
1637083320 29.42 53.97 1204 4.017
1637083380 30.1 52.81 1212 4.049
1637083440 30.28 52.17 379 4.049
1637083500 30.77 49.74 1182 4.044
1637083560 30.28 50.71 1155 4.044
1637083620 30.55 50.69 1088 4.049
1637083680 30.21 49.53 867 4.044
1637083740 30.19 52.17 308 4.044
1637083800 30.64 50.57 980 4.044
1637083860 30.57 49.96 582 4.044
1637083920 30.92 48.67 463 4.044
1637083980 30.57 51.19 1206 4.044
1637084040 30.71 51.75 1206 4.044
1637084100 30.88 52.8 1218 4.044
1637084160 30.61 52.77 1141 4.044
1637084220 30.6 54.2 689 4.049
1637084280 30.55 54.02 338 4.044
1637084340 30.55 53.23 308 4.049
1637084400 30.34 53.34 302 4.049
1637084460 29.87 54.82 296 4.055
1637084520 29.86 54.3 292 4.049
1637084580 29.83 54.81 280 4.055
1637084640 29.71 55.48 280 4.06
1637084700 29.69 55.41 292 4.055
1637084760 29.84 54.56 308 4.055
1637084820 29.38 55.87 350 4.06
1637084880 29.25 57.21 1249 4.044
1637084940 28.96 56.57 617 4.049
1637085000 28.73 57.93 576 4.049
1637085060 28.96 58.54 1182 4.049
1637085120 29.39 60.06 1225 4.049
1637085180 29.95 56.87 1188 4.044
1637085240 29.56 55.34 1194 4.044
1637085300 29.08 58.15 1212 4.044
1637085360 29.87 57.49 1236 4.044
1637085420 30.5 54.6 974 4.044
1637085480 29.82 55.62 1123 4.044
1637085540 29.01 58.27 1249 4.049
1637085600 28.87 58.97 1236 4.044
1637085660 29.15 59.19 1218 4.044
1637085720 29.83 58.56 1230 4.044
1637085780 30.4 55.2 1212 4.044
1637085840 30.48 55.46 1212 4.044
1637085900 30.67 54.89 1200 4.049
1637085960 30.98 53.29 1194 4.044
1637086020 31.32 54.42 1200 4.044
1637086080 31.92 52.23 1206 4.044
1637086140 31.95 53.28 1206 4.044
1637086200 32.18 51.5 1192 4.044
1637086260 32.26 49.54 1206 4.044
1637086320 31.73 51.03 1206 4.044
1637086380 31.51 52.93 1206 4.044
1637086440 31.84 51.81 1230 4.039
1637086500 32.35 51.51 1284 4.044
1637086560 32.25 50.42 1260 4.044
1637086620 32.48 50.21 1254 4.044
1637086680 31.64 51.21 1284 4.044
1637086740 31.43 53.42 1307 4.044
1637086800 31.13 52.57 1307 4.044
1637086860 31.33 53.1 409 4.044
1637086920 31.63 51.88 1204 4.044
1637086980 31.71 51.43 1260 4.039
1637087040 32.15 50.94 1246 4.044
1637087100 32.05 50.2 1246 4.039
1637087160 32.11 50.13 1246 4.039
1637087220 32.32 49.61 1284 4.044
1637087280 32.67 49.82 1248 4.039
1637087340 32.52 49.67 1281 4.044
1637087400 31.3 52.81 1254 4.044
1637087460 31.02 54.81 1218 4.044
1637087520 31.64 52.19 1206 4.044
1637087580 30.64 54.02 1192 4.039
1637087640 30.44 55.75 1174 4.039
1637087700 30.75 55.47 1147 4.039
1637087760 31 54.45 1141 4.039
1637087820 30.69 55.37 1139 4.039
1637087880 31 53.63 1153 4.039
1637087940 31.19 52.4 1164 4.044
1637088000 30.95 53.9 1198 4.039
1637088060 30.5 54.89 837 4.039
1637088120 30.84 54.6 1153 4.044
1637088180 31.08 53.7 1170 4.044
1637088240 31.09 53.82 1186 4.044
1637088300 30.16 56.86 1159 4.039
1637088360 30.53 55.25 1198 4.039
1637088420 31.3 53.91 1158 4.044
1637088480 30.78 53.52 748 4.039
1637088540 30.64 55.25 1216 4.039
1637088600 30.75 55.21 1216 4.039
1637088660 30.62 55.64 1216 4.044
1637088720 30.34 54.69 1240 4.039
1637088780 30.2 57.13 1260 4.039
1637088840 30 55.35 1240 4.039
1637088900 29.84 56.65 1210 4.039
1637088960 30 56.63 1170 4.044
1637089020 29.17 59.46 1159 4.039
1637089080 29.8 56.87 1139 4.039
1637089140 30.13 56.63 1152 4.039
1637089200 30.44 56.63 1152 4.039
1637089260 30.65 55.99 1158 4.039
1637089320 30.81 55.69 1174 4.039
1637089380 30.95 54.7 1174 4.039
1637089440 30.38 55.26 1133 4.039
1637089500 30.69 55.22 1133 4.039
1637089560 30.3 56.23 1127 4.044
1637089620 30.55 56.3 1127 4.039
1637089680 30.07 55.41 1127 4.039
1637089740 29.58 58.03 1132 4.076
1637089800 30.09 56.91 1145 4.082
1637089860 30.53 55.79 1164 4.087
1637089920 29.65 57.13 1165 4.087
1637089980 29.9 57.04 1167 4.092
1637090040 29.76 56.71 1177 4.092
1637090100 30.26 55.83 1179 4.092
1637090160 30.74 54.26 1174 4.098
1637090220 30.85 54.71 1167 4.092
1637090280 31.19 52.12 1167 4.098
1637090340 31.41 52.79 1108 4.098
1637090400 31.83 51.67 1192 4.06
1637090460 31.83 49.88 911 4.055
1637090520 32.08 49 493 4.055
1637090580 31.97 49.79 1138 4.055
1637090640 32.07 49.52 1174 4.055
1637090700 31.71 48.9 1209 4.049
1637090760 31.85 49.94 1203 4.049
1637090820 31.99 48.47 457 4.049
1637090880 32.05 48.75 387 4.049
1637090940 31.99 49.36 409 4.049
1637091000 31.6 51.05 409 4.049
1637091060 30.75 53.31 380 4.049
1637091120 29.61 57.1 387 4.055
1637091180 29.51 57.25 445 4.055
1637091240 29.15 58.68 445 4.049
1637091300 28.81 59.02 530 4.049
1637091360 29.1 60.08 397 4.049
1637091420 29.14 58.44 409 4.055
1637091480 28.96 59.31 463 4.049
1637091540 28.93 59.5 1017 4.049
1637091600 29.11 59.47 1161 4.049
1637091660 29.48 58.05 1088 4.049
1637091720 29.87 57.45 1106 4.049
1637091780 30.13 56.96 1130 4.049
1637091840 30.28 56.25 445 4.049
1637091900 30.62 55.21 1040 4.044
1637091960 30.17 56.47 1189 4.049
1637092020 30.21 56.78 1167 4.049
1637092080 30.23 57 1177 4.049
1637092140 30.14 56.27 1188 4.049
1637092200 29.98 56.47 1213 4.049
1637092260 29.48 57.38 1237 4.049
1637092320 29.29 58.92 1236 4.044
1637092380 29.71 56.16 1207 4.049
1637092440 29.76 57.1 1195 4.049
1637092500 30.03 56.64 1195 4.044
1637092560 29.93 56.43 1171 4.049
1637092620 30.81 55.13 1165 4.049
1637092680 31.18 53.19 1200 4.049
1637092740 31.2 53.88 1225 4.049
1637092800 31.26 53.57 905 4.049
1637092860 30.58 54.81 445 4.044
1637092920 30.77 54.23 397 4.049
1637092980 30.45 55.3 368 4.044
1637093040 29.82 55.86 367 4.049
1637093100 28.98 58.52 1111 4.049
1637093160 29.03 59 1135 4.044
1637093220 29.45 58.64 1093 4.044
1637093280 29.96 56.9 457 4.049
1637093340 30.58 55.62 435 4.06
1637093400 30.84 55.52 405 4.06
1637093460 30.78 54.64 399 4.06
1637093520 30.31 55.04 393 4.06
1637093580 30.13 55.99 380 4.049
1637093640 29.48 57 368 4.049
1637093700 29.17 58.55 344 4.049
1637093760 28.93 59.3 326 4.049
1637093820 28.47 59.71 314 4.049
1637093880 28.2 61.26 314 4.049
1637093940 28.26 61.03 326 4.049
1637094000 28.29 61.37 326 4.049
1637094060 28.53 60.51 332 4.049
1637094120 28.25 59.87 338 4.044
1637094180 27.91 61.26 350 4.049
1637094240 28.12 61.5 379 4.044
1637094300 28.35 60.57 427 4.049
1637094360 28.2 60.17 415 4.049
1637094420 28.08 61.15 397 4.049
1637094480 28.2 60.43 427 4.049
1637094540 28.04 60.89 624 4.049
1637094600 28.07 60.79 445 4.049
1637094660 28.49 60.22 433 4.049
1637094720 28.74 59.1 636 4.044
1637094780 28.59 59.28 1052 4.044
1637094840 28.26 59.96 892 4.049
1637094900 28.18 60.7 380 4.049
1637094960 27.92 60.83 373 4.049
1637095020 27.85 61.62 546 4.044
1637095080 27.95 61.55 950 4.044
1637095140 28.05 62.19 1028 4.044
1637095200 28.8 60.8 385 4.049
1637095260 29.35 58.5 403 4.044
1637095320 29.45 57.79 409 4.044
1637095380 29.68 57.36 338 4.049
1637095440 29.22 57.86 320 4.049
1637095500 29.08 58.47 332 4.044
1637095560 28.63 59.95 338 4.049
1637095620 27.85 61.18 552 4.044
1637095680 27.67 62.34 808 4.044
1637095740 27.94 62.14 373 4.044
1637095800 28.31 61.71 605 4.044
1637095860 28.39 59.42 451 4.044
1637095920 28.52 60.01 338 4.044
1637095980 28.59 59.74 326 4.044
1637096040 29.04 58.33 326 4.055
1637096100 28.74 58.56 338 4.055
1637096160 28.25 59.61 576 4.049
1637096220 28.12 60.88 308 4.044
1637096280 28.11 61.41 308 4.044
1637096340 27.98 61.16 624 4.044
1637096400 28.26 61.2 468 4.049
1637096460 28.62 60.27 320 4.044
1637096520 28.66 59.44 314 4.049
1637096580 28.57 59.64 302 4.044
1637096640 28.7 59.42 290 4.044
1637096700 28.7 59.06 278 4.049
1637096760 28.63 58.55 272 4.049
1637096820 28.16 59.79 278 4.044
1637096880 28.2 59.2 284 4.049
1637096940 28.07 60.57 296 4.049
1637097000 27.7 60.59 308 4.049
1637097060 27.44 61.72 314 4.049
1637097120 27.63 61.91 338 4.06
1637097180 27.74 59.56 350 4.055
1637097240 27.46 60.82 892 4.049
1637097300 27.63 60.92 695 4.049
1637097360 27.88 60.63 844 4.049
1637097420 28.14 59.63 564 4.049
1637097480 27.92 59.83 433 4.044
1637097540 27.59 60.54 612 4.044
1637097600 27.71 60.89 487 4.044
1637097660 27.68 61 380 4.044
1637097720 27.63 61.42 290 4.049
1637097780 27.6 61.85 272 4.049
1637097840 27.61 61.67 262 4.055
1637097900 27.44 62.79 256 4.055
1637097960 27.8 61.95 743 4.049
1637098020 28.01 61 254 4.049
1637098080 28.32 60.64 242 4.049
1637098140 28.28 59.48 249 4.049
1637098200 28.25 59.85 254 4.044
1637098260 27.91 59.97 260 4.044
1637098320 27.88 60.48 278 4.049
1637098380 27.78 61.32 617 4.049
1637098440 27.64 61.68 766 4.044
1637098500 27.95 61.31 296 4.049
1637098560 28.29 60.75 302 4.044
1637098620 28.2 60.17 647 4.044
1637098680 28.02 61.23 683 4.044
1637098740 28.32 60.09 665 4.044
1637098800 28.34 59.97 665 4.044
1637098860 28.16 59.82 653 4.044
1637098920 27.87 60.41 397 4.044
1637098980 28.2 60.06 213 4.049
1637099040 27.91 59.91 469 4.055
1637099100 27.4 62.06 552 4.049
1637099160 27.46 62.87 320 4.049
1637099220 27.39 63.18 445 4.044
1637099280 27.34 63.83 593 4.044
1637099340 27.33 63.91 593 4.044
1637099400 27.51 64.01 593 4.049
1637099460 28.04 62.48 593 4.044
1637099520 27.97 61.97 587 4.044
1637099580 27.98 61.98 576 4.049
1637099640 28.31 60.99 463 4.044
1637099700 28.55 60.26 171 4.049
1637099760 28.53 60.77 195 4.049
1637099820 28.08 60.79 225 4.049
1637099880 27.89 61.88 237 4.049
1637099940 27.59 61.8 237 4.049
1637100000 27.17 63.14 243 4.049
1637100060 27.25 63.9 465 4.055
1637100120 27.57 62.98 421 4.049
1637100180 27.71 62.48 249 4.049
1637100240 27.88 62.06 474 4.044
1637100300 27.98 61.63 587 4.044
1637100360 28.18 62.52 463 4.044
1637100420 28.09 62.02 195 4.044
1637100480 28.19 61.52 189 4.049
1637100540 28.29 60.6 189 4.044
1637100600 28.25 61.33 195 4.049
1637100660 28.12 61.29 195 4.049
1637100720 28.18 61.31 195 4.049
1637100780 27.92 62.18 213 4.049
1637100840 27.3 63.04 417 4.055
1637100900 27.12 64.31 499 4.055
1637100960 27.51 63.71 320 4.049
1637101020 27.6 62.22 171 4.044
1637101080 27.37 61.85 153 4.049
1637101140 27.09 63.31 153 4.049
1637101200 27.1 63.59 171 4.049
1637101260 26.92 63.52 213 4.049
1637101320 26.82 63.76 201 4.049
1637101380 27.01 63.65 219 4.055
1637101440 26.98 63.62 207 4.049
1637101500 26.88 64.36 278 4.055
1637101560 27.01 63.84 296 4.055
1637101620 27.1 63.83 296 4.055
1637101680 27.03 63.62 249 4.055
1637101740 27.13 63.35 256 4.055
1637101800 27.09 62.84 356 4.055
1637101860 26.92 63.32 356 4.055
1637101920 26.75 64.15 262 4.055
1637101980 26.91 64.42 201 4.049
1637102040 26.86 64.55 147 4.049
1637102100 26.79 65.19 129 4.049
1637102160 26.85 65.27 129 4.049
1637102220 26.85 65.21 129 4.049
1637102280 26.91 65.14 320 4.055
1637102340 27.01 65.26 338 4.055
1637102400 26.85 65.42 260 4.055
1637102460 27.12 65.29 147 4.049
1637102520 26.95 64.1 94 4.049
1637102580 26.75 64.99 88 4.044
1637102640 26.54 65.84 82 4.049
1637102700 26.5 66.05 82 4.049
1637102760 26.27 66.7 82 4.049
1637102820 26.17 67.12 76 4.049
1637102880 26.06 67.51 82 4.049
1637102940 26.03 67.88 82 4.049
1637103000 25.93 67.85 82 4.049
1637103060 25.96 68.02 76 4.049
1637103120 25.94 68.41 76 4.049
1637103180 25.99 68.74 76 4.049
1637103240 26.03 68.58 76 4.049
1637103300 25.96 68.72 70 4.049
1637103360 25.93 68.57 70 4.049
1637103420 25.89 68.81 64 4.049
1637103480 25.9 68.74 64 4.049
1637103540 25.92 68.9 64 4.049
1637103600 25.9 69.12 58 4.049
1637103660 25.89 69.38 58 4.049
1637103720 25.89 69.63 52 4.049
1637103780 25.86 69.9 52 4.044
1637103840 25.79 69.4 52 4.049
1637103900 25.75 69.35 52 4.049
1637103960 25.65 69.69 58 4.049
1637104020 25.76 69.83 52 4.049
1637104080 25.79 69.59 52 4.044
1637104140 25.85 69.29 46 4.044
1637104200 25.86 69.05 46 4.049
1637104260 25.92 69.18 46 4.044
1637104320 25.82 69.46 40 4.049
1637104380 25.68 70.14 40 4.049
1637104440 25.68 70.48 40 4.049
1637104500 25.69 70.31 34 4.049
1637104560 25.65 70.6 34 4.044
1637104620 25.71 70.36 34 4.044
1637104680 25.72 70.14 34 4.049
1637104740 25.75 69.72 34 4.049
1637104800 25.85 69.84 34 4.049
1637104860 25.83 69.7 34 4.049
1637104920 25.82 69.97 34 4.049
1637104980 25.73 70.22 46 4.044
1637105040 25.69 70.46 64 4.049
1637105100 25.79 70.3 64 4.044
1637105160 25.83 70.08 70 4.049
1637105220 25.85 70.07 58 4.044
1637105280 25.79 70.25 40 4.049
1637105340 25.72 70.3 34 4.049
1637105400 25.76 70.32 34 4.044
1637105460 25.75 70.4 34 4.049
1637105520 25.65 70.91 34 4.044
1637105580 25.55 71.7 28 4.044
1637105640 25.38 72.58 28 4.044
1637105700 25.29 72.89 22 4.044
1637105760 25.27 72.97 16 4.049
1637105820 25.34 72.69 10 4.049
1637105880 25.25 72.93 10 4.044
1637105940 25.22 73.16 10 4.044
1637106000 25.21 72.92 4 4.049
1637106060 25.2 73.15 4 4.049
1637106120 25.14 73.12 4 4.044
1637106180 25.1 73.28 4 4.044
1637106240 25.03 73.36 4 4.049
1637106300 25.1 73.31 4 4.049
1637106360 25.07 73.1 4 4.044
1637106420 25 73.39 4 4.044
1637106480 24.97 73.73 4 4.044
1637106540 24.93 74.01 4 4.049
1637106600 24.88 74.22 0 4.044
1637106660 24.81 74.28 0 4.049
1637106720 24.86 74.18 0 4.049
1637106780 24.87 74.15 0 4.044
1637106840 24.81 74.42 0 4.044
1637106900 24.78 74.33 0 4.049
1637106960 24.74 74.35 0 4.044
1637107020 24.76 74.72 0 4.044
1637107080 24.73 74.87 0 4.044
1637107140 24.73 74.88 0 4.044
1637107200 24.83 74.73 0 4.044
1637107260 24.81 74.65 0 4.044
1637107320 24.76 74.97 0 4.044
1637107380 24.71 75.11 0 4.049
1637107440 24.66 75.2 0 4.044
1637107500 24.63 75.55 0 4.044
1637107560 24.63 75.53 0 4.049
1637107620 24.57 75.82 0 4.049
1637107680 24.53 75.86 0 4.049
1637107740 24.5 76 0 4.044
1637107800 24.52 76.17 0 4.049
1637107860 24.52 75.98 0 4.044
1637107920 24.5 76.06 0 4.044
1637107980 24.5 75.88 0 4.044
1637108040 24.49 75.92 0 4.044
1637108100 24.5 75.97 0 4.044
1637108160 24.5 76.02 0 4.044
1637108220 24.46 76.07 0 4.044
1637108280 24.46 76.14 0 4.044
1637108340 24.48 75.79 0 4.049
1637108400 24.48 75.78 0 4.044
1637108460 24.5 75.58 0 4.044
1637108520 24.53 75.51 0 4.044
1637108580 24.57 75.65 0 4.049
1637108640 24.56 75.61 0 4.044
1637108700 24.53 75.5 0 4.044
1637108760 24.49 75.71 0 4.044
1637108820 24.48 75.75 0 4.044
1637108880 24.46 75.89 0 4.044
1637108940 24.53 75.96 0 4.044
1637109000 24.55 75.4 0 4.049
1637109060 24.55 75.65 0 4.044
1637109120 24.56 75.41 0 4.044
1637109180 24.56 75.82 0 4.044
1637109240 24.55 75.39 0 4.049
1637109300 24.53 75.46 0 4.049
1637109360 24.59 75.46 0 4.044
1637109420 24.63 75.42 0 4.044
1637109480 24.62 75.27 0 4.044
1637109540 24.63 75.05 0 4.044
1637109600 24.67 74.97 0 4.044
1637109660 24.67 74.97 0 4.044
1637109720 24.66 75.02 0 4.044
1637109780 24.65 75.54 0 4.044
1637109840 24.63 75.46 0 4.044
1637109900 24.65 75.37 0 4.044
1637109960 24.59 75.53 0 4.044
1637110020 24.56 75.7 0 4.044
1637110080 24.53 75.9 0 4.044
1637110140 24.49 75.77 0 4.044
1637110200 24.49 75.8 0 4.044
1637110260 24.48 76 0 4.044
1637110320 24.43 76.13 0 4.044
1637110380 24.43 76.03 0 4.044
1637110440 24.42 76.17 0 4.039
1637110500 24.42 76.05 0 4.044
1637110560 24.46 76.14 0 4.044
1637110620 24.48 76.24 0 4.044
1637110680 24.46 76.26 0 4.044
1637110740 24.48 76.4 0 4.044
1637110800 24.46 76.31 0 4.044
1637110860 24.46 76.25 0 4.044
1637110920 24.44 76.29 0 4.044
1637110980 24.48 76.13 0 4.044
1637111040 24.48 76.33 0 4.044
1637111100 24.49 76.14 0 4.044
1637111160 24.46 76.19 0 4.044
1637111220 24.52 76.24 0 4.044
1637111280 24.5 75.63 0 4.044
1637111340 24.49 76.23 0 4.044
1637111400 24.53 76.31 0 4.044
1637111460 24.53 75.97 0 4.044
1637111520 24.49 75.74 0 4.044
1637111580 24.5 75.73 0 4.044
1637111640 24.49 75.65 0 4.044
1637111700 24.53 76.34 0 4.044
1637111760 24.49 76.05 0 4.044
1637111820 24.48 75.93 0 4.044
1637111880 24.46 76.48 0 4.044
1637111940 24.48 76.72 0 4.044
1637112000 24.43 76.67 0 4.044
1637112060 24.4 76.67 0 4.044
1637112120 24.39 76.1 0 4.044
1637112180 24.36 75.29 0 4.044
1637112240 24.39 75.36 0 4.044
1637112300 24.38 75.28 0 4.044
1637112360 24.39 75.54 0 4.044
1637112420 24.42 75.86 0 4.044
1637112480 24.39 76.49 0 4.044
1637112540 24.4 76.82 0 4.044
1637112600 24.4 76.6 0 4.044
1637112660 24.42 76.39 0 4.044
1637112720 24.43 74.97 0 4.044
1637112780 24.42 74.54 0 4.044
1637112840 24.4 74.67 0 4.044
1637112900 24.42 74.67 0 4.044
1637112960 24.39 74.79 0 4.044
1637113020 24.38 75.04 0 4.044
1637113080 24.39 75.44 0 4.044
1637113140 24.39 75.46 0 4.044
1637113200 24.39 75.39 0 4.044
1637113260 24.38 75.54 0 4.044
1637113320 24.33 75.58 0 4.044
1637113380 24.35 75.74 0 4.044
1637113440 24.33 75.78 0 4.044
1637113500 24.32 76 0 4.044
1637113560 24.29 76.07 0 4.044
1637113620 24.26 76.17 0 4.044
1637113680 24.29 76.49 0 4.039
1637113740 24.28 76.48 0 4.044
1637113800 24.25 76.5 0 4.044
1637113860 24.28 76.23 0 4.044
1637113920 24.29 76.58 0 4.039
1637113980 24.23 76.57 0 4.044
1637114040 24.23 76.93 0 4.044
1637114100 24.23 76.52 0 4.039
1637114160 24.22 77.01 0 4.044
1637114220 24.21 77.35 0 4.044
1637114280 24.18 77.46 0 4.044
1637114340 24.16 77.51 0 4.044
1637114400 24.18 77.65 0 4.039
1637114460 24.15 77.41 0 4.039
1637114520 24.16 77.22 0 4.044
1637114580 24.18 77.01 0 4.044
1637114640 24.18 77.38 0 4.044
1637114700 24.16 77.31 0 4.044
1637114760 24.16 77.34 0 4.039
1637114820 24.12 77.41 0 4.044
1637114880 24.16 77.31 0 4.044
1637114940 24.16 77.4 0 4.039
1637115000 24.15 77.43 0 4.044
1637115060 24.12 77.57 0 4.044
1637115120 24.12 77.46 0 4.039
1637115180 24.12 77.41 0 4.044
1637115240 24.14 77.35 0 4.039
1637115300 24.09 77.39 0 4.044
1637115360 24.09 77.45 0 4.039
1637115420 24.08 77.55 0 4.044
1637115480 24.08 77.82 0 4.044
1637115540 24.07 77.98 0 4.044
1637115600 24.05 77.86 0 4.044
1637115660 24.02 78.14 0 4.044
1637115720 24.01 78.55 0 4.039
1637115780 24 78.41 0 4.044
1637115840 23.97 78.97 0 4.039
1637115900 23.92 79.34 0 4.039
1637115960 23.89 79.86 0 4.044
1637116020 23.84 79.77 0 4.044
1637116080 23.8 80.09 0 4.044
1637116140 23.8 80.12 0 4.039
1637116200 23.78 80.07 0 4.044
1637116260 23.8 80.18 0 4.039
1637116320 23.81 79.49 0 4.044
1637116380 23.85 79.72 0 4.044
1637116440 23.82 79.34 0 4.039
1637116500 23.84 79.16 0 4.039
1637116560 23.85 79.06 0 4.044
1637116620 23.87 78.98 0 4.044
1637116680 23.87 78.86 0 4.044
1637116740 23.85 78.87 0 4.044
1637116800 23.89 79.13 0 4.039
1637116860 23.94 79.23 0 4.039
1637116920 23.91 79.28 0 4.039
1637116980 23.94 79.34 0 4.039
1637117040 23.98 80.01 0 4.039
1637117100 23.94 80.07 0 4.044
1637117160 23.97 80.39 0 4.039
1637117220 23.92 79.35 0 4.044
1637117280 23.98 78.95 0 4.044
1637117340 23.97 78.94 0 4.044
1637117400 23.92 79.2 0 4.044
1637117460 23.91 79.18 0 4.044
1637117520 23.92 79.32 0 4.039
1637117580 23.88 79.25 0 4.039
1637117640 23.82 79.33 0 4.039
1637117700 23.81 79.39 0 4.039
1637117760 23.81 79.45 0 4.039
1637117820 23.77 79.77 0 4.039
1637117880 23.77 79.88 0 4.044
1637117940 23.75 80.22 0 4.039
1637118000 23.74 80.22 0 4.039
1637118060 23.71 81.03 0 4.044
1637118120 23.68 80.96 0 4.039
1637118180 23.65 81.1 0 4.039
1637118240 23.61 81.41 0 4.044
1637118300 23.57 81.75 0 4.039
1637118360 23.53 81.61 0 4.039
1637118420 23.53 81.75 0 4.039
1637118480 23.47 81.88 0 4.044
1637118540 23.42 81.95 0 4.039
1637118600 23.42 82.22 0 4.039
1637118660 23.37 82.13 0 4.044
1637118720 23.36 81.92 0 4.039
1637118780 23.32 82.53 0 4.039
1637118840 23.24 82.78 0 4.039
1637118900 23.19 82.96 0 4.039
1637118960 23.19 83.12 0 4.039
1637119020 23.13 83.19 0 4.039
1637119080 23.13 83.35 0 4.039
1637119140 23.1 83.43 0 4.039
1637119200 23.08 83.57 0 4.039
1637119260 23.06 83.58 0 4.039
1637119320 23.02 83.66 0 4.039
1637119380 23.02 83.52 0 4.039
1637119440 22.96 83.58 0 4.039
1637119500 23.01 83.94 0 4.044
1637119560 23.03 83.8 0 4.039
1637119620 23.05 83.9 0 4.039
1637119680 23.05 83.53 0 4.039
1637119740 23.02 83.65 0 4.039
1637119800 23.03 83.46 0 4.039
1637119860 23.06 83.45 0 4.039
1637119920 23.03 83.51 0 4.039
1637119980 22.99 83.83 0 4.044
1637120040 22.96 84.22 0 4.039
1637120100 22.95 84.42 0 4.039
1637120160 22.92 84.37 0 4.039
1637120220 22.89 84.38 0 4.039
1637120280 22.89 84.48 0 4.039
1637120340 22.93 83.9 0 4.039
1637120400 22.91 84.12 0 4.039
1637120460 22.86 84.58 0 4.039
1637120520 22.91 84.8 0 4.039
1637120580 22.98 84.29 0 4.039
1637120640 23.02 84.1 0 4.039
1637120700 22.99 83.67 0 4.039
1637120760 22.99 83.96 0 4.039
1637120820 22.99 80.91 0 4.039
1637120880 23.06 80.74 0 4.039
1637120940 23.14 80.58 0 4.039
1637121000 23.16 80.55 0 4.039
1637121060 23.14 81.12 0 4.039
1637121120 23.16 80.7 0 4.039
1637121180 23.13 80.85 0 4.039
1637121240 23.1 81.12 0 4.039
1637121300 23.05 81.83 0 4.039
1637121360 22.96 80.98 0 4.039
1637121420 22.92 81.71 0 4.039
1637121480 22.92 81.71 0 4.039
1637121540 22.91 81.87 0 4.039
1637121600 22.88 81.73 0 4.039
1637121660 22.92 81.65 0 4.039
1637121720 22.93 83.15 0 4.039
1637121780 22.81 84.91 0 4.039
1637121840 22.74 85.33 0 4.033
1637121900 22.69 85.49 0 4.039
1637121960 22.65 85.49 0 4.039
1637122020 22.62 85.56 0 4.039
1637122080 22.58 85.79 0 4.039
1637122140 22.51 86.25 0 4.039
1637122200 22.45 86.32 0 4.039
1637122260 22.45 86.59 0 4.039
1637122320 22.44 86.81 0 4.039
1637122380 22.41 86.78 0 4.039
1637122440 22.37 86.84 0 4.039
1637122500 22.35 86.81 0 4.039
1637122560 22.35 86.94 0 4.039
1637122620 22.38 87.04 0 4.039
1637122680 22.35 86.81 0 4.039
1637122740 22.35 86.9 0 4.039
1637122800 22.33 87.03 0 4.039
1637122860 22.31 86.95 0 4.039
1637122920 22.33 87.05 0 4.039
1637122980 22.33 87.07 0 4.039
1637123040 22.3 87.04 0 4.039
1637123100 22.3 87.22 0 4.039
1637123160 22.28 87.3 0 4.039
1637123220 22.31 87.39 0 4.039
1637123280 22.3 86.79 0 4.039
1637123340 22.27 87.08 0 4.033
1637123400 22.28 87.13 0 4.039
1637123460 22.28 87.18 0 4.039
1637123520 22.24 87.23 0 4.039
1637123580 22.26 87.36 0 4.039
1637123640 22.27 87.33 0 4.039
1637123700 22.26 87.68 0 4.039
1637123760 22.26 87.62 0 4.039
1637123820 22.26 87.42 0 4.039
1637123880 22.3 87.6 0 4.039
1637123940 22.24 87.49 0 4.039
1637124000 22.26 87.37 0 4.039
1637124060 22.21 87.63 0 4.039
1637124120 22.2 87.68 0 4.039
1637124180 22.16 87.55 0 4.039
1637124240 22.11 87.64 0 4.039
1637124300 22.1 87.73 0 4.039
1637124360 22.08 87.93 0 4.039
1637124420 22.06 87.92 0 4.039
1637124480 22.03 87.81 0 4.039
1637124540 22.03 87.86 0 4.039
1637124600 22.03 87.92 0 4.039
1637124660 22 88.06 0 4.039
1637124720 21.99 88.22 0 4.039
1637124780 21.96 88.54 0 4.039
1637124840 21.97 88.54 0 4.039
1637124900 21.97 88.63 0 4.039
1637124960 21.96 88.72 0 4.039
1637125020 21.95 88.92 0 4.039
1637125080 21.96 88.8 0 4.039
1637125140 21.93 88.76 0 4.039
