1643086800 24.63 80.2 0 4.076
1643086860 24.66 80.22 0 4.076
1643086920 24.62 80.23 0 4.071
1643086980 24.66 80.26 0 4.076
1643087040 24.66 80.3 0 4.076
1643087100 24.63 80.29 0 4.071
1643087160 24.62 80.37 0 4.071
1643087220 24.58 80.41 0 4.076
1643087280 24.61 80.39 0 4.071
1643087340 24.61 80.46 0 4.076
1643087400 24.61 80.51 0 4.071
1643087460 24.59 80.5 0 4.071
1643087520 24.61 80.58 0 4.076
1643087580 24.61 80.58 0 4.076
1643087640 24.59 80.6 0 4.076
1643087700 24.61 80.61 0 4.076
1643087760 24.62 80.66 0 4.076
1643087820 24.61 80.69 0 4.076
1643087880 24.61 80.74 0 4.071
1643087940 24.61 80.77 0 4.076
1643088000 24.62 80.79 0 4.071
1643088060 24.62 80.81 0 4.076
1643088120 24.59 80.81 0 4.076
1643088180 24.63 80.77 0 4.076
1643088240 24.65 80.83 0 4.076
1643088300 24.62 80.84 0 4.071
1643088360 24.66 80.88 0 4.076
1643088420 24.61 80.92 0 4.071
1643088480 24.61 80.93 0 4.071
1643088540 24.59 80.89 0 4.076
1643088600 24.59 80.8 0 4.071
1643088660 24.59 80.71 0 4.071
1643088720 24.55 80.62 0 4.071
1643088780 24.51 80.56 0 4.071
1643088840 24.48 80.48 0 4.071
1643088900 24.46 80.39 0 4.071
1643088960 24.4 80.32 0 4.071
1643089020 24.35 80.31 0 4.071
1643089080 24.35 80.28 0 4.071
1643089140 24.35 80.24 0 4.071
1643089200 24.33 80.24 0 4.076
1643089260 24.31 80.19 0 4.071
1643089320 24.31 80.2 0 4.071
1643089380 24.31 80.22 0 4.071
1643089440 24.31 80.21 0 4.076
1643089500 24.23 80.26 0 4.071
1643089560 24.11 80.25 0 4.076
1643089620 24.07 80.3 0 4.076
1643089680 24.04 80.38 0 4.071
1643089740 23.97 80.46 0 4.076
1643089800 23.94 80.54 0 4.076
1643089860 23.89 80.68 0 4.071
1643089920 23.84 80.77 0 4.071
1643089980 23.78 80.85 0 4.071
1643090040 23.78 80.93 0 4.076
1643090100 23.71 81.01 0 4.071
1643090160 23.63 81.12 0 4.076
1643090220 23.59 81.2 0 4.071
1643090280 23.61 81.31 0 4.071
1643090340 23.59 81.49 0 4.071
1643090400 23.59 81.63 0 4.071
1643090460 23.59 81.83 0 4.076
1643090520 23.51 81.94 0 4.071
1643090580 23.53 82.11 0 4.071
1643090640 23.4 82.23 0 4.071
1643090700 23.43 82.42 0 4.076
1643090760 23.4 82.63 0 4.071
1643090820 23.41 82.83 0 4.071
1643090880 23.31 83.09 0 4.071
1643090940 23.13 83.46 0 4.076
1643091000 23.06 83.89 0 4.071
1643091060 22.93 84.38 0 4.071
1643091120 22.83 84.83 0 4.071
1643091180 22.61 85.23 0 4.071
1643091240 22.51 85.62 0 4.071
1643091300 22.45 86.06 0 4.071
1643091360 22.35 86.47 0 4.076
1643091420 22.28 86.84 0 4.071
1643091480 22.18 87.19 0 4.071
1643091540 22.19 87.6 0 4.071
1643091600 22.14 87.91 0 4.071
1643091660 22.1 88.18 0 4.071
1643091720 22.08 88.49 0 4.071
1643091780 22.07 88.76 0 4.076
1643091840 22.04 89 0 4.071
1643091900 22.1 89.28 0 4.076
1643091960 22.04 89.53 0 4.071
1643092020 22 89.76 0 4.071
1643092080 21.97 90 0 4.071
1643092140 21.93 90.18 0 4.071
1643092200 21.95 90.39 0 4.071
1643092260 21.94 90.55 0 4.071
1643092320 21.9 90.71 0 4.071
1643092380 21.9 90.88 0 4.071
1643092440 21.94 91.09 0 4.071
1643092500 21.94 91.24 0 4.076
1643092560 21.98 91.38 0 4.071
1643092620 21.93 91.53 0 4.071
1643092680 21.87 91.66 0 4.071
1643092740 21.9 91.77 0 4.071
1643092800 21.91 91.89 0 4.071
1643092860 21.95 91.98 0 4.071
1643092920 21.94 92.11 0 4.076
1643092980 21.94 92.18 0 4.071
1643093040 21.93 92.29 0 4.071
1643093100 21.93 92.4 0 4.071
1643093160 21.91 92.49 0 4.071
1643093220 21.9 92.56 0 4.071
1643093280 21.9 92.65 0 4.071
1643093340 21.95 92.76 0 4.071
1643093400 21.94 92.82 0 4.071
1643093460 21.8 92.91 0 4.071
1643093520 21.77 93 0 4.071
1643093580 21.79 93.04 0 4.071
1643093640 21.76 93.12 0 4.071
1643093700 21.76 93.16 0 4.071
1643093760 21.73 93.21 0 4.071
1643093820 21.76 93.29 0 4.071
1643093880 21.8 93.34 0 4.065
1643093940 21.81 93.37 0 4.071
1643094000 21.8 93.41 0 4.071
1643094060 21.8 93.49 0 4.071
1643094120 21.77 93.51 0 4.071
1643094180 21.8 93.6 0 4.065
1643094240 21.83 93.6 0 4.071
1643094300 21.79 93.67 0 4.071
1643094360 21.8 93.69 0 4.076
1643094420 21.88 93.79 0 4.071
1643094480 21.88 93.83 0 4.071
1643094540 21.93 93.87 0 4.071
1643094600 21.88 93.88 0 4.071
1643094660 21.79 93.92 0 4.071
1643094720 21.71 94 0 4.071
1643094780 21.73 94.02 0 4.065
1643094840 21.73 94.06 0 4.071
1643094900 21.74 94.13 0 4.065
1643094960 21.67 94.2 0 4.071
1643095020 21.61 94.19 0 4.071
1643095080 21.61 94.21 0 4.071
1643095140 21.57 94.29 0 4.071
1643095200 21.52 94.3 0 4.071
1643095260 21.46 94.33 0 4.071
1643095320 21.49 94.34 0 4.071
1643095380 21.4 94.41 0 4.071
1643095440 21.46 94.42 0 4.071
1643095500 21.44 94.42 0 4.071
1643095560 21.46 94.46 0 4.071
1643095620 21.47 94.5 0 4.071
1643095680 21.49 94.5 0 4.065
1643095740 21.54 94.59 0 4.071
1643095800 21.56 94.57 0 4.071
1643095860 21.57 94.61 0 4.071
1643095920 21.54 94.65 0 4.071
1643095980 21.52 94.66 0 4.071
1643096040 21.47 94.69 0 4.071
1643096100 21.47 94.72 0 4.065
1643096160 21.5 94.74 0 4.071
1643096220 21.5 94.76 0 4.071
1643096280 21.53 94.78 0 4.071
1643096340 21.61 94.79 0 4.071
1643096400 21.63 94.85 0 4.071
1643096460 21.58 94.86 0 4.071
1643096520 21.58 94.89 0 4.071
1643096580 21.58 94.9 0 4.065
1643096640 21.63 94.96 0 4.071
1643096700 21.64 94.98 0 4.071
1643096760 21.65 95.01 0 4.071
1643096820 21.68 94.98 0 4.071
1643096880 21.68 95.06 0 4.071
1643096940 21.64 95.07 0 4.065
1643097000 21.63 95.1 0 4.065
1643097060 21.58 95.11 0 4.071
1643097120 21.53 95.13 0 4.071
1643097180 21.54 95.16 0 4.065
1643097240 21.56 95.16 0 4.071
1643097300 21.5 95.19 0 4.065
1643097360 21.47 95.21 0 4.071
1643097420 21.5 95.24 0 4.065
1643097480 21.49 95.26 0 4.065
1643097540 21.47 95.26 0 4.065
1643097600 21.44 95.28 0 4.065
1643097660 21.37 95.33 0 4.065
1643097720 21.36 95.33 0 4.065
1643097780 21.3 95.37 0 4.071
1643097840 21.32 95.38 0 4.071
1643097900 21.34 95.41 0 4.071
1643097960 21.36 95.42 0 4.065
1643098020 21.43 95.43 0 4.065
1643098080 21.43 95.45 0 4.071
1643098140 21.46 95.46 0 4.065
1643098200 21.49 95.47 0 4.071
1643098260 21.53 95.49 0 4.071
1643098320 21.53 95.52 0 4.065
1643098380 21.52 95.53 0 4.071
1643098440 21.53 95.55 0 4.065
1643098500 21.49 95.57 0 4.071
1643098560 21.44 95.58 0 4.071
1643098620 21.43 95.59 0 4.071
1643098680 21.42 95.59 0 4.065
1643098740 21.46 95.63 0 4.065
1643098800 21.5 95.64 0 4.071
1643098860 21.53 95.66 0 4.071
1643098920 21.54 95.63 0 4.071
1643098980 21.57 95.66 0 4.065
1643099040 21.64 95.7 0 4.065
1643099100 21.63 95.71 0 4.071
1643099160 21.58 95.76 0 4.065
1643099220 21.6 95.71 0 4.065
1643099280 21.53 95.75 0 4.065
1643099340 21.39 95.74 0 4.065
1643099400 21.39 95.76 0 4.065
1643099460 21.39 95.8 0 4.065
1643099520 21.42 95.79 0 4.065
1643099580 21.4 95.81 0 4.071
1643099640 21.36 95.82 0 4.065
1643099700 21.29 95.8 0 4.071
1643099760 21.32 95.83 0 4.071
1643099820 21.36 95.83 0 4.065
1643099880 21.3 95.83 0 4.065
1643099940 21.32 95.88 0 4.071
1643100000 21.29 95.87 0 4.071
1643100060 21.29 95.92 0 4.065
1643100120 21.29 95.88 0 4.065
1643100180 21.22 95.92 0 4.06
1643100240 21.25 95.93 0 4.065
1643100300 21.13 95.98 0 4.065
1643100360 21.09 95.98 0 4.065
1643100420 21.03 95.93 0 4.065
1643100480 21.02 95.97 0 4.065
1643100540 21.03 96.02 0 4.065
1643100600 21.02 96.01 0 4.065
1643100660 21.03 96.02 0 4.065
1643100720 21.03 96.04 0 4.071
1643100780 21.02 96.09 0 4.071
1643100840 20.98 96.06 0 4.071
1643100900 20.92 96.07 0 4.071
1643100960 20.9 96.09 0 4.071
1643101020 20.88 96.1 0 4.065
1643101080 20.81 96.15 0 4.065
1643101140 20.75 96.11 0 4.065
1643101200 20.69 96.18 0 4.065
1643101260 20.62 96.15 0 4.065
1643101320 20.52 96.18 0 4.065
1643101380 20.45 96.16 0 4.065
1643101440 20.26 96.18 0 4.065
1643101500 20.23 96.18 0 4.065
1643101560 20.26 96.22 0 4.065
1643101620 20.27 96.19 0 4.065
1643101680 20.16 96.22 0 4.065
1643101740 20.06 96.24 0 4.065
1643101800 20.01 96.25 0 4.071
1643101860 19.98 96.26 0 4.065
1643101920 20 96.25 0 4.065
1643101980 19.98 96.28 0 4.065
1643102040 19.97 96.32 0 4.065
1643102100 19.97 96.27 0 4.065
1643102160 19.98 96.32 0 4.065
1643102220 20 96.31 0 4.065
1643102280 20.01 96.35 0 4.065
1643102340 20.07 96.32 0 4.065
1643102400 20.07 96.33 0 4.065
1643102460 20.04 96.35 0 4.065
1643102520 20.07 96.36 0 4.065
1643102580 20.1 96.34 0 4.065
1643102640 20.1 96.36 0 4.065
1643102700 20.11 96.37 0 4.065
1643102760 20.11 96.42 0 4.065
1643102820 20.08 96.41 0 4.065
1643102880 20.16 96.43 0 4.065
1643102940 20.18 96.43 0 4.065
1643103000 20.2 96.41 0 4.065
1643103060 20.24 96.44 0 4.065
1643103120 20.21 96.47 0 4.065
1643103180 20.24 96.47 0 4.065
1643103240 20.23 96.5 0 4.065
1643103300 20.26 96.51 0 4.065
1643103360 20.35 96.5 0 4.065
1643103420 20.42 96.54 0 4.065
1643103480 20.39 96.52 0 4.065
1643103540 20.38 96.53 0 4.065
1643103600 20.37 96.54 0 4.065
1643103660 20.38 96.57 0 4.065
1643103720 20.39 96.55 0 4.065
1643103780 20.47 96.54 0 4.06
1643103840 20.48 96.62 0 4.065
1643103900 20.49 96.56 0 4.065
1643103960 20.51 96.61 0 4.065
1643104020 20.52 96.64 0 4.065
1643104080 20.51 96.63 0 4.065
1643104140 20.52 96.65 0 4.065
1643104200 20.56 96.63 0 4.065
1643104260 20.52 96.66 0 4.065
1643104320 20.55 96.71 0 4.065
1643104380 20.54 96.7 0 4.065
1643104440 20.54 96.71 0 4.065
1643104500 20.54 96.7 0 4.065
1643104560 20.48 96.74 0 4.06
1643104620 20.49 96.76 0 4.065
1643104680 20.52 96.73 0 4.065
1643104740 20.48 96.74 0 4.065
1643104800 20.49 96.78 0 4.06
1643104860 20.52 96.77 0 4.06
1643104920 20.55 96.8 0 4.065
1643104980 20.55 96.77 0 4.065
1643105040 20.52 96.8 0 4.065
1643105100 20.52 96.83 0 4.065
1643105160 20.51 96.79 0 4.065
1643105220 20.54 96.83 0 4.065
1643105280 20.56 96.86 0 4.06
1643105340 20.51 96.82 0 4.06
1643105400 20.51 96.9 0 4.065
1643105460 20.49 96.85 0 4.06
1643105520 20.51 96.88 0 4.065
1643105580 20.48 96.89 0 4.06
1643105640 20.48 96.85 0 4.06
1643105700 20.48 96.92 0 4.065
1643105760 20.48 96.9 0 4.065
1643105820 20.54 96.9 0 4.065
1643105880 20.55 96.95 0 4.065
1643105940 20.61 96.91 0 4.06
1643106000 20.59 96.95 0 4.06
1643106060 20.56 96.96 0 4.065
1643106120 20.58 96.92 0 4.065
1643106180 20.62 96.96 0 4.065
1643106240 20.62 96.99 0 4.065
1643106300 20.62 96.96 0 4.06
1643106360 20.61 96.96 0 4.065
1643106420 20.59 97 0 4.065
1643106480 20.59 96.99 0 4.06
1643106540 20.61 97.01 0 4.06
1643106600 20.62 96.97 0 4.06
1643106660 20.64 97.03 0 4.065
1643106720 20.62 97.01 0 4.06
1643106780 20.67 97.04 0 4.065
1643106840 20.68 97.04 0 4.06
1643106900 20.67 97.06 0 4.065
1643106960 20.65 97.01 0 4.06
1643107020 20.59 97.01 0 4.065
1643107080 20.59 97.08 0 4.065
1643107140 20.59 97.05 0 4.06
1643107200 20.56 97.04 0 4.065
1643107260 20.56 97.07 0 4.065
1643107320 20.59 97.09 0 4.065
1643107380 20.58 97.07 0 4.06
1643107440 20.61 97.07 0 4.06
1643107500 20.58 97.1 0 4.06
1643107560 20.55 97.1 0 4.06
1643107620 20.61 97.1 0 4.065
1643107680 20.59 97.15 0 4.06
1643107740 20.58 97.12 0 4.065
1643107800 20.55 97.1 0 4.06
1643107860 20.56 97.12 0 4.065
1643107920 20.61 97.05 0 4.06
1643107980 20.61 97.15 0 4.06
1643108040 20.62 97.11 0 4.06
1643108100 20.61 97.09 0 4.06
1643108160 20.65 97.12 0 4.06
1643108220 20.67 97.16 0 4.065
1643108280 20.72 97.17 0 4.06
1643108340 20.69 97.16 0 4.06
1643108400 20.71 97.17 0 4.06
1643108460 20.68 97.18 0 4.06
1643108520 20.71 97.18 0 4.06
1643108580 20.68 97.15 0 4.06
1643108640 20.69 97.17 0 4.06
1643108700 20.71 97.15 0 4.06
1643108760 20.72 97.19 0 4.06
1643108820 20.75 97.19 0 4.06
1643108880 20.74 97.19 0 4.06
1643108940 20.75 97.21 0 4.06
1643109000 20.79 97.24 0 4.06
1643109060 20.82 97.2 0 4.06
1643109120 20.79 97.24 0 4.06
1643109180 20.77 97.19 0 4.06
1643109240 20.81 97.22 0 4.06
1643109300 20.86 97.25 0 4.06
1643109360 20.89 97.26 0 4.06
1643109420 20.89 97.21 0 4.06
1643109480 20.89 97.26 0 4.06
1643109540 20.92 97.24 0 4.06
1643109600 20.93 97.25 0 4.06
1643109660 20.95 97.26 0 4.06
1643109720 20.93 97.25 0 4.06
1643109780 20.9 97.26 0 4.06
1643109840 20.92 97.27 0 4.065
1643109900 20.92 97.28 0 4.065
1643109960 20.89 97.28 0 4.06
1643110020 20.85 97.26 0 4.06
1643110080 20.86 97.28 0 4.06
1643110140 20.86 97.28 0 4.06
1643110200 20.89 97.28 0 4.065
1643110260 20.93 97.31 0 4.06
1643110320 20.93 97.3 0 4.06
1643110380 20.93 97.29 0 4.06
1643110440 20.93 97.35 0 4.06
1643110500 20.98 97.34 0 4.06
1643110560 21 97.35 0 4.06
1643110620 21 97.34 0 4.06
1643110680 21.03 97.33 0 4.06
1643110740 21.09 97.38 0 4.06
1643110800 21.06 97.35 0 4.06
1643110860 21.05 97.35 0 4.06
1643110920 21.09 97.36 0 4.06
1643110980 21.12 97.35 0 4.06
1643111040 21.1 97.36 4 4.06
1643111100 21.09 97.39 4 4.06
1643111160 21.1 97.42 4 4.06
1643111220 21.07 97.36 0 4.06
1643111280 21.09 97.39 4 4.06
1643111340 21.14 97.39 0 4.06
1643111400 21.14 97.37 0 4.06
1643111460 21.16 97.43 0 4.06
1643111520 21.18 97.39 4 4.06
1643111580 21.18 97.45 0 4.06
1643111640 21.14 97.39 4 4.06
1643111700 21.16 97.43 4 4.06
1643111760 21.19 97.43 4 4.06
1643111820 21.22 97.43 4 4.06
1643111880 21.2 97.47 4 4.06
1643111940 21.2 97.45 4 4.06
1643112000 21.2 97.45 4 4.06
1643112060 21.19 97.43 4 4.06
1643112120 21.16 97.45 4 4.06
1643112180 21.16 97.46 4 4.06
1643112240 21.18 97.5 4 4.06
1643112300 21.18 97.49 4 4.06
1643112360 21.18 97.52 4 4.06
1643112420 21.2 97.48 10 4.06
1643112480 21.19 97.52 4 4.06
1643112540 21.18 97.5 4 4.06
1643112600 21.16 97.51 4 4.06
1643112660 21.13 97.5 4 4.06
1643112720 21.16 97.5 4 4.06
1643112780 21.14 97.5 4 4.06
1643112840 21.18 97.52 4 4.06
1643112900 21.19 97.5 4 4.06
1643112960 21.18 97.54 4 4.06
1643113020 21.18 97.52 4 4.06
1643113080 21.2 97.54 10 4.06
1643113140 21.22 97.55 4 4.06
1643113200 21.23 97.56 10 4.06
1643113260 21.2 97.56 10 4.06
1643113320 21.22 97.58 10 4.06
1643113380 21.2 97.56 10 4.06
1643113440 21.19 97.54 10 4.06
1643113500 21.2 97.56 10 4.06
1643113560 21.23 97.59 10 4.06
1643113620 21.26 97.56 10 4.06
1643113680 21.26 97.55 10 4.055
1643113740 21.34 97.58 10 4.06
1643113800 21.32 97.59 10 4.06
1643113860 21.32 97.61 10 4.06
1643113920 21.39 97.58 10 4.06
1643113980 21.43 97.63 16 4.06
1643114040 21.43 97.62 16 4.055
1643114100 21.46 97.61 16 4.06
1643114160 21.5 97.64 16 4.06
1643114220 21.52 97.62 16 4.06
1643114280 21.52 97.62 22 4.06
1643114340 21.52 97.65 22 4.06
1643114400 21.52 97.65 22 4.055
1643114460 21.49 97.65 28 4.06
1643114520 21.46 97.66 28 4.06
1643114580 21.42 97.66 28 4.06
1643114640 21.46 97.65 34 4.06
1643114700 21.47 97.62 34 4.06
1643114760 21.47 97.64 40 4.06
1643114820 21.46 97.67 40 4.06
1643114880 21.52 97.65 46 4.06
1643114940 21.46 97.64 52 4.06
1643115000 21.47 97.67 52 4.06
1643115060 21.47 97.65 58 4.06
1643115120 21.47 97.65 58 4.055
1643115180 21.46 97.64 58 4.06
1643115240 21.42 97.66 64 4.06
1643115300 21.4 97.63 64 4.06
1643115360 21.4 97.65 64 4.06
1643115420 21.46 97.64 64 4.055
1643115480 21.5 97.67 64 4.06
1643115540 21.53 97.68 64 4.06
1643115600 21.54 97.69 64 4.06
1643115660 21.58 97.66 64 4.06
1643115720 21.63 97.67 70 4.06
1643115780 21.56 97.65 70 4.06
1643115840 21.57 97.65 70 4.06
1643115900 21.65 97.68 76 4.06
1643115960 21.64 97.69 70 4.06
1643116020 21.67 97.66 64 4.06
1643116080 21.71 97.63 58 4.06
1643116140 21.7 97.63 58 4.06
1643116200 21.71 97.61 58 4.06
1643116260 21.77 97.64 58 4.06
1643116320 21.84 97.59 64 4.06
1643116380 21.94 97.58 70 4.055
1643116440 21.91 97.53 82 4.06
1643116500 21.91 97.57 88 4.06
1643116560 21.94 97.57 100 4.06
1643116620 22.01 97.54 106 4.06
1643116680 22.04 97.59 112 4.06
1643116740 22.08 97.56 112 4.06
1643116800 22.16 97.51 112 4.06
1643116860 22.18 97.47 112 4.06
1643116920 22.15 97.55 112 4.06
1643116980 22.19 97.52 106 4.06
1643117040 22.27 97.48 106 4.06
1643117100 22.28 97.46 100 4.06
1643117160 22.28 97.43 100 4.06
1643117220 22.31 97.42 100 4.06
1643117280 22.3 97.39 100 4.055
1643117340 22.36 97.43 100 4.06
1643117400 22.35 97.39 100 4.06
1643117460 22.36 97.36 100 4.06
1643117520 22.42 97.36 100 4.06
1643117580 22.42 97.36 100 4.06
1643117640 22.48 97.37 100 4.06
1643117700 22.48 97.32 100 4.055
1643117760 22.46 97.32 100 4.06
1643117820 22.48 97.3 100 4.055
1643117880 22.51 97.27 100 4.06
1643117940 22.54 97.29 100 4.06
1643118000 22.42 97.28 100 4.06
1643118060 22.42 97.23 94 4.06
1643118120 22.41 97.27 94 4.06
1643118180 22.48 97.21 100 4.055
1643118240 22.56 97.2 100 4.06
1643118300 22.52 97.2 100 4.06
1643118360 22.51 97.2 100 4.06
1643118420 22.52 97.17 106 4.06
1643118480 22.54 97.17 112 4.06
1643118540 22.54 97.12 112 4.06
1643118600 22.52 97.17 112 4.06
1643118660 22.54 97.07 112 4.06
1643118720 22.46 97.09 118 4.06
1643118780 22.48 97.07 143 4.06
1643118840 22.55 97.07 131 4.06
1643118900 22.63 97.04 118 4.06
1643118960 22.75 97 112 4.06
1643119020 22.78 96.98 106 4.06
1643119080 22.75 96.96 106 4.06
1643119140 22.82 96.94 112 4.06
1643119200 22.68 96.89 112 4.06
1643119260 22.75 96.88 112 4.06
1643119320 22.79 96.84 118 4.06
1643119380 22.82 96.8 124 4.06
1643119440 22.72 96.75 124 4.06
1643119500 22.79 96.71 118 4.055
1643119560 22.85 96.67 131 4.06
1643119620 22.88 96.6 118 4.06
1643119680 22.9 96.58 106 4.06
1643119740 22.88 96.53 100 4.06
1643119800 22.82 96.47 94 4.055
1643119860 22.79 96.46 100 4.06
1643119920 22.79 96.38 100 4.06
1643119980 22.8 96.32 124 4.06
1643120040 22.85 96.29 143 4.06
1643120100 22.83 96.22 149 4.06
1643120160 22.92 96.19 155 4.06
1643120220 22.92 96.13 155 4.06
1643120280 23.02 96.09 149 4.06
1643120340 23.06 96.02 131 4.06
1643120400 23.16 95.98 124 4.06
1643120460 23.27 95.89 100 4.06
1643120520 23.21 95.88 94 4.06
1643120580 23.1 95.77 106 4.06
1643120640 23.21 95.7 143 4.06
1643120700 23.24 95.64 143 4.06
1643120760 23.27 95.5 143 4.06
1643120820 23.3 95.47 149 4.065
1643120880 23.37 95.36 155 4.06
1643120940 23.34 95.3 155 4.06
1643121000 23.4 95.2 149 4.06
1643121060 23.4 95.15 149 4.065
1643121120 23.44 94.98 149 4.06
1643121180 23.54 94.95 149 4.065
1643121240 23.5 94.81 149 4.065
1643121300 23.59 94.71 149 4.06
1643121360 23.57 94.58 155 4.06
1643121420 23.63 94.5 155 4.06
1643121480 23.68 94.37 161 4.06
1643121540 23.71 94.23 161 4.06
1643121600 23.67 94.03 161 4.06
1643121660 23.78 93.92 161 4.065
1643121720 23.84 93.76 167 4.065
1643121780 23.88 93.59 167 4.06
1643121840 23.98 93.4 167 4.065
1643121900 24.07 93.25 167 4.06
1643121960 24.1 93.1 185 4.06
1643122020 24.1 92.88 173 4.065
1643122080 24.12 92.71 161 4.065
1643122140 24.21 92.57 155 4.065
1643122200 24.16 92.39 155 4.06
1643122260 24.1 92.19 155 4.06
1643122320 24.08 92.03 161 4.065
1643122380 24.14 91.91 161 4.065
1643122440 24.18 91.73 155 4.065
1643122500 24.19 91.61 161 4.065
1643122560 24.19 91.36 161 4.06
1643122620 24.19 91.24 167 4.065
1643122680 24.19 91.03 167 4.06
1643122740 24.29 90.86 201 4.065
1643122800 24.38 90.64 274 4.065
1643122860 24.42 90.42 195 4.06
1643122920 24.45 90.24 316 4.065
1643122980 24.52 90.14 477 4.065
1643123040 24.63 89.97 596 4.065
1643123100 24.63 89.85 364 4.065
1643123160 24.7 89.7 340 4.06
1643123220 24.83 89.6 423 4.065
1643123280 24.96 89.41 286 4.065
1643123340 25.03 89.28 179 4.065
1643123400 25.02 89.15 173 4.065
1643123460 24.97 89.03 179 4.065
1643123520 25.09 88.85 237 4.06
1643123580 25.07 88.72 243 4.06
1643123640 25.03 88.53 316 4.06
1643123700 25.12 88.42 620 4.065
1643123760 25.02 88.18 793 4.065
1643123820 25.12 88.08 465 4.065
1643123880 25.24 87.88 340 4.065
1643123940 25.47 87.7 519 4.065
1643124000 25.52 87.53 459 4.065
1643124060 25.56 87.28 405 4.065
1643124120 25.64 87.04 423 4.065
1643124180 25.6 86.74 596 4.065
1643124240 25.79 86.45 686 4.065
1643124300 25.91 86.18 769 4.065
1643124360 25.72 85.92 859 4.065
1643124420 25.72 85.57 877 4.065
1643124480 25.67 85.23 894 4.065
1643124540 25.82 84.97 853 4.065
1643124600 26.06 84.72 740 4.071
1643124660 26.22 84.46 740 4.065
1643124720 26.35 84.24 764 4.065
1643124780 26.49 83.97 752 4.071
1643124840 26.49 83.67 626 4.065
1643124900 26.53 83.44 322 4.065
1643124960 26.7 83.18 219 4.065
1643125020 26.69 82.81 213 4.065
1643125080 26.74 82.6 207 4.065
1643125140 26.76 82.3 249 4.065
1643125200 26.86 82.09 225 4.065
1643125260 26.97 81.87 201 4.065
1643125320 26.93 81.49 213 4.071
1643125380 26.89 81.14 213 4.065
1643125440 26.76 80.81 268 4.071
1643125500 26.62 80.51 346 4.065
1643125560 26.63 80.22 555 4.065
1643125620 26.46 79.95 531 4.071
1643125680 26.47 79.69 531 4.071
1643125740 26.57 79.52 418 4.065
1643125800 26.7 79.42 298 4.071
1643125860 26.8 79.29 221 4.071
1643125920 26.9 79.14 209 4.065
1643125980 26.93 78.99 201 4.065
1643126040 26.97 78.8 201 4.071
1643126100 27 78.6 209 4.065
1643126160 27 78.42 209 4.065
1643126220 26.9 78.33 185 4.071
1643126280 26.97 78.21 221 4.071
1643126340 27.03 78.06 219 4.065
1643126400 26.87 77.82 207 4.065
1643126460 26.94 77.67 161 4.065
1643126520 26.87 77.46 185 4.065
1643126580 26.86 77.23 161 4.071
1643126640 26.86 77.06 167 4.065
1643126700 26.83 76.91 155 4.071
1643126760 26.67 76.71 262 4.065
1643126820 26.63 76.53 484 4.071
1643126880 26.62 76.33 585 4.071
1643126940 26.62 76.09 406 4.071
1643127000 26.73 75.89 292 4.071
1643127060 26.9 75.67 239 4.071
1643127120 27.1 75.46 249 4.071
1643127180 27.24 75.24 268 4.071
1643127240 27.23 74.92 376 4.071
1643127300 27.25 74.66 340 4.071
1643127360 27.23 74.45 346 4.076
1643127420 27.25 74.27 340 4.076
1643127480 27.3 74.08 388 4.076
1643127540 27.4 73.83 370 4.076
1643127600 27.58 73.65 249 4.076
1643127660 27.76 73.54 221 4.071
1643127720 27.68 73.32 197 4.071
1643127780 27.54 73.17 179 4.071
1643127840 27.51 72.97 155 4.071
1643127900 27.51 72.85 137 4.071
1643127960 27.41 72.64 131 4.071
1643128020 27.37 72.55 137 4.071
1643128080 27.21 72.41 149 4.065
1643128140 27.03 72.32 227 4.071
1643128200 26.98 72.29 243 4.071
1643128260 27 72.25 334 4.071
1643128320 27.07 72.3 243 4.071
1643128380 27.11 72.31 227 4.071
1643128440 27.21 72.27 256 4.071
1643128500 27.37 72.2 268 4.071
1643128560 27.47 72.11 227 4.071
1643128620 27.52 72.09 262 4.071
1643128680 27.64 72.06 340 4.076
1643128740 27.72 71.98 508 4.071
1643128800 27.78 71.84 778 4.076
1643128860 27.86 71.68 1016 4.076
1643128920 28.05 71.56 1078 4.076
1643128980 28.26 71.43 987 4.076
1643129040 28.42 71.22 1102 4.076
1643129100 28.63 70.96 1096 4.082
1643129160 28.71 70.64 1133 4.082
1643129220 28.67 70.28 1115 4.082
1643129280 28.9 70.02 995 4.087
1643129340 29 69.63 1067 4.087
1643129400 29.05 69.31 322 4.082
1643129460 29.26 69.03 251 4.082
1643129520 29.22 68.7 310 4.076
1643129580 29.1 68.35 1173 4.087
1643129640 28.94 67.93 1185 4.087
1643129700 28.71 67.63 1197 4.092
1643129760 28.82 67.31 636 4.087
1643129820 28.91 67.04 1228 4.098
1643129880 28.96 66.75 1197 4.092
1643129940 29.22 66.57 1149 4.092
1643130000 29.35 66.35 311 4.082
1643130060 29.41 66.15 233 4.076
1643130120 29.26 65.94 227 4.082
1643130180 29.24 65.68 209 4.082
1643130240 29.11 65.51 209 4.076
1643130300 29 65.38 233 4.082
1643130360 28.61 65.17 492 4.087
1643130420 28.49 65.05 516 4.092
1643130480 28.64 64.98 486 4.092
1643130540 28.71 64.82 540 4.092
1643130600 28.89 64.68 614 4.098
1643130660 29.2 64.65 701 4.076
1643130720 29.39 64.51 335 4.082
1643130780 29.55 64.27 347 4.082
1643130840 29.56 64.07 709 4.092
1643130900 29.77 63.91 758 4.098
1643130960 29.98 63.81 1124 4.098
1643131020 30.02 63.66 365 4.087
1643131080 30.19 63.55 281 4.082
1643131140 29.98 63.37 1245 4.076
1643131200 29.99 63.27 1254 4.076
1643131260 30.27 63.14 1269 4.103
1643131320 30.48 63.08 347 4.082
1643131380 30.71 62.98 227 4.082
1643131440 30.56 62.73 203 4.076
1643131500 30.47 62.53 191 4.076
1643131560 30.02 62.33 179 4.076
1643131620 29.79 62.27 155 4.076
1643131680 29.68 62.16 143 4.076
1643131740 29.32 62.13 143 4.076
1643131800 28.97 62.17 149 4.076
1643131860 28.69 62.32 155 4.076
1643131920 28.33 62.46 155 4.076
1643131980 28.03 62.72 155 4.076
1643132040 27.88 63 161 4.076
1643132100 27.85 63.35 179 4.076
1643132160 27.65 63.6 179 4.076
1643132220 27.48 63.92 173 4.076
1643132280 27.25 64.21 173 4.082
1643132340 27.2 64.6 191 4.076
1643132400 27.18 64.98 203 4.076
1643132460 27.18 65.36 305 4.082
1643132520 27.15 65.66 263 4.082
1643132580 27.21 66.03 293 4.082
1643132640 27.27 66.37 317 4.087
1643132700 27.27 66.66 718 4.076
1643132760 27.35 66.95 317 4.082
1643132820 27.44 67.29 245 4.082
1643132880 27.58 67.65 227 4.082
1643132940 27.65 67.9 221 4.082
1643133000 27.72 68.09 209 4.082
1643133060 27.75 68.29 191 4.082
1643133120 27.75 68.5 185 4.082
1643133180 27.71 68.67 209 4.076
1643133240 27.58 68.81 251 4.082
1643133300 27.61 68.98 299 4.087
1643133360 27.71 69.14 299 4.087
1643133420 27.76 69.25 311 4.087
1643133480 27.91 69.3 396 4.092
1643133540 27.89 69.43 1227 4.076
1643133600 28.09 69.39 1222 4.076
1643133660 28.49 69.5 1221 4.076
1643133720 28.71 69.48 1216 4.076
1643133780 29 69.41 1219 4.114
1643133840 29.28 69.28 1245 4.114
1643133900 29.48 69.12 1135 4.076
1643133960 29.8 68.9 1263 4.114
1643134020 30.22 68.64 917 4.082
1643134080 30.23 68.27 1301 4.119
1643134140 30.41 67.93 1347 4.119
1643134200 30.6 67.58 789 4.103
1643134260 30.84 67.22 880 4.082
1643134320 30.87 66.81 1287 4.114
1643134380 30.79 66.36 1273 4.108
1643134440 31.05 66 1273 4.114
1643134500 31.12 65.56 1299 4.114
1643134560 30.95 65.07 377 4.092
1643134620 31.14 64.62 365 4.092
1643134680 30.98 64.14 305 4.087
1643134740 30.74 63.75 281 4.087
1643134800 30.53 63.41 281 4.087
1643134860 30.26 63.05 299 4.087
1643134920 29.77 62.79 311 4.092
1643134980 29.45 62.63 281 4.087
1643135040 29.11 62.55 281 4.087
1643135100 29 62.54 263 4.087
1643135160 28.96 62.54 257 4.087
1643135220 28.94 62.49 257 4.087
1643135280 28.91 62.52 281 4.082
1643135340 28.81 62.63 275 4.087
1643135400 28.7 62.74 329 4.092
1643135460 28.63 62.88 365 4.092
1643135520 28.63 62.99 377 4.092
1643135580 28.51 63.16 371 4.092
1643135640 28.45 63.29 1133 4.082
1643135700 28.49 63.45 1133 4.082
1643135760 28.77 63.73 329 4.087
1643135820 29.01 63.97 287 4.087
1643135880 29.05 64 275 4.087
1643135940 28.87 64.04 299 4.092
1643136000 28.74 64.08 305 4.092
1643136060 28.67 64.11 275 4.087
1643136120 28.67 64.18 299 4.087
1643136180 28.71 64.3 227 4.082
1643136240 28.73 64.42 221 4.082
1643136300 28.63 64.45 251 4.087
1643136360 28.47 64.47 1188 4.082
1643136420 28.45 64.52 1164 4.082
1643136480 28.61 64.64 923 4.082
1643136540 28.71 64.7 371 4.092
1643136600 29.04 64.83 335 4.092
1643136660 29.15 64.89 396 4.092
1643136720 29.22 64.93 1139 4.082
1643136780 29.29 64.8 1218 4.082
1643136840 29.53 64.76 1188 4.082
1643136900 29.86 64.66 1206 4.082
1643136960 30.23 64.48 546 4.092
1643137020 30.28 64.25 335 4.092
1643137080 30.41 64.07 1049 4.082
1643137140 30.46 63.83 365 4.087
1643137200 30.44 63.57 1230 4.082
1643137260 30.33 63.32 1164 4.082
1643137320 30.09 62.99 390 4.087
1643137380 30.37 62.83 305 4.092
1643137440 30.36 62.61 209 4.087
1643137500 29.96 62.39 257 4.087
1643137560 29.56 62.21 185 4.082
1643137620 29.31 62.09 197 4.087
1643137680 29.05 62.03 215 4.087
1643137740 28.8 62.04 191 4.087
1643137800 28.5 62.02 179 4.082
1643137860 28.23 62.05 161 4.087
1643137920 28.12 62.14 149 4.082
1643137980 27.99 62.22 137 4.082
1643138040 27.94 62.37 131 4.082
1643138100 27.84 62.57 143 4.082
1643138160 27.76 62.79 155 4.082
1643138220 27.78 63.08 197 4.087
1643138280 27.69 63.38 995 4.087
1643138340 27.84 63.61 1043 4.082
1643138400 27.94 63.85 1049 4.082
1643138460 28.2 64.11 1061 4.082
1643138520 28.49 64.28 1049 4.082
1643138700 28.78 64.45 275 4.087
1643138760 29.22 64.67 221 4.087
1643138820 29.31 64.67 233 4.087
1643138880 29.36 64.7 1037 4.082
1643138940 29.36 64.75 1037 4.082
1643139000 29.75 64.87 340 4.082
1643139060 29.44 64.66 886 4.082
1643139120 29.31 64.63 1114 4.076
1643139180 29.34 64.64 432 4.092
1643139240 29.49 64.59 715 4.087
1643139300 29.58 64.54 245 4.087
1643139360 29.56 64.4 203 4.087
1643139420 29.49 64.24 191 4.087
1643139480 29.41 64.2 185 4.087
1643139540 29.14 64.15 167 4.082
1643139600 28.96 64.08 179 4.087
1643139660 28.74 64.03 221 4.082
1643139720 28.45 64.03 825 4.092
1643139780 28.33 64.05 1019 4.082
1643139840 28.3 64.08 486 4.087
1643139900 28.47 64.14 191 4.076
1643139960 28.32 64.34 227 4.082
1643140020 28.27 64.36 233 4.082
1643140080 28.22 64.45 221 4.082
1643140140 28.13 64.45 956 4.092
1643140200 28.12 64.53 883 4.092
1643140260 28.18 64.57 233 4.087
1643140320 28.32 64.59 209 4.087
1643140380 28.37 64.67 215 4.087
1643140440 28.36 64.73 239 4.087
1643140500 28.23 64.75 245 4.087
1643140560 28.24 64.76 371 4.087
1643140620 28.22 64.78 239 4.087
1643140680 28.33 64.83 251 4.087
1643140740 28.3 64.84 185 4.087
1643140800 28.35 64.88 143 4.082
1643140860 28.43 64.88 143 4.082
1643140920 28.5 64.93 155 4.082
1643140980 28.46 64.89 173 4.082
1643141040 28.26 64.8 197 4.087
1643141100 28.22 64.82 233 4.087
1643141160 28.06 64.81 624 4.092
1643141220 28.12 64.85 239 4.082
1643141280 28.16 64.91 251 4.087
1643141340 28.22 65.01 233 4.087
1643141400 28.1 65.11 179 4.082
1643141460 28.13 65.07 179 4.087
1643141520 28.06 65.04 221 4.087
1643141580 27.99 65.06 269 4.087
1643141640 28.12 65.13 215 4.087
1643141700 28.22 65.22 167 4.082
1643141760 28.16 65.27 173 4.082
1643141820 28.18 65.41 173 4.087
1643141880 28.08 65.52 173 4.087
1643141940 28.03 65.56 143 4.082
1643142000 27.96 65.65 131 4.082
1643142060 27.82 65.63 106 4.082
1643142120 27.66 65.69 100 4.082
1643142180 27.47 65.75 106 4.082
1643142240 27.43 65.92 124 4.082
1643142300 27.34 65.92 149 4.082
1643142360 27.31 66.05 149 4.082
1643142420 27.3 66.2 137 4.082
1643142480 27.24 66.31 131 4.087
1643142540 27.25 66.41 143 4.082
1643142600 27.18 66.56 780 4.082
1643142660 27.25 66.63 786 4.087
1643142720 27.45 66.79 780 4.087
1643142780 27.68 66.87 798 4.087
1643142840 27.95 66.92 792 4.087
1643142900 28.22 66.89 624 4.087
1643142960 28.39 66.81 707 4.087
1643143020 28.66 66.75 215 4.087
1643143080 28.78 66.63 143 4.082
1643143140 28.81 66.48 131 4.082
1643143200 28.8 66.32 137 4.087
1643143260 28.69 66.18 131 4.082
1643143320 28.61 66.01 118 4.082
1643143380 28.53 65.89 118 4.087
1643143440 28.37 65.78 124 4.082
1643143500 28.24 65.72 137 4.082
1643143560 28.13 65.68 167 4.082
1643143620 28.12 65.69 713 4.082
1643143680 28.19 65.68 221 4.082
1643143740 28.06 65.64 227 4.082
1643143800 28.09 65.64 149 4.082
1643143860 27.92 65.61 143 4.082
1643143920 27.86 65.63 137 4.087
1643143980 27.84 65.59 143 4.082
1643144040 27.85 65.54 689 4.087
1643144100 27.94 65.61 683 4.087
1643144160 28.12 65.65 685 4.087
1643144220 28.16 65.65 695 4.087
1643144280 28.19 65.59 701 4.092
1643144340 28.39 65.66 679 4.092
1643144400 28.78 65.65 408 4.082
1643144460 28.9 65.56 636 4.087
1643144520 28.9 65.44 636 4.087
1643144580 29.05 65.35 390 4.087
1643144640 29.05 65.11 606 4.087
1643144700 29 64.92 275 4.087
1643144760 28.9 64.78 576 4.087
1643144820 29.01 64.67 636 4.087
1643144880 28.98 64.54 649 4.087
1643144940 29 64.47 636 4.087
1643145000 29.22 64.43 649 4.087
1643145060 29.39 64.25 649 4.087
1643145120 29.65 64.13 655 4.092
1643145180 29.76 64.01 305 4.092
1643145240 29.8 63.83 661 4.092
1643145300 29.96 63.74 552 4.087
1643145360 30.02 63.52 359 4.087
1643145420 29.86 63.24 263 4.087
1643145480 29.65 63.02 269 4.087
1643145540 29.48 62.8 251 4.092
1643145600 29.31 62.64 233 4.092
1643145660 29.22 62.43 239 4.092
1643145720 29.22 62.32 245 4.092
1643145780 29.12 62.17 215 4.092
1643145840 29.18 62.03 215 4.087
1643145900 29.26 62 203 4.092
1643145960 29.08 61.88 203 4.087
1643146020 28.98 61.8 185 4.087
1643146080 28.9 61.69 191 4.087
1643146140 28.63 61.61 215 4.087
1643146200 28.54 61.58 239 4.092
1643146260 28.61 61.56 227 4.087
1643146320 28.61 61.61 197 4.087
1643146380 28.6 61.61 185 4.087
1643146440 28.54 61.66 173 4.087
1643146500 28.43 61.7 173 4.092
1643146560 28.35 61.78 179 4.087
1643146620 28.24 61.89 173 4.087
1643146680 28.16 62 149 4.087
1643146740 28.18 62.13 155 4.087
1643146800 28.2 62.24 191 4.087
1643146860 28.18 62.36 203 4.092
1643146920 28.12 62.51 209 4.087
1643146980 28.08 62.61 221 4.087
1643147040 28.09 62.75 221 4.092
1643147100 28.09 62.9 251 4.087
1643147160 28.12 63.03 227 4.087
1643147220 28.15 63.16 221 4.092
1643147280 28.09 63.21 227 4.092
1643147340 28.1 63.33 221 4.092
1643147400 28.2 63.46 215 4.087
1643147460 28.27 63.55 215 4.087
1643147520 28.22 63.59 209 4.092
1643147580 28.24 63.62 203 4.092
1643147640 28.32 63.72 203 4.087
1643147700 28.35 63.75 197 4.092
1643147760 28.27 63.74 203 4.092
1643147820 28.33 63.78 209 4.087
1643147880 28.3 63.79 197 4.092
1643147940 28.2 63.78 185 4.087
1643148000 28.1 63.77 179 4.092
1643148060 28.09 63.79 167 4.087
1643148120 28.02 63.81 167 4.087
1643148180 27.91 63.89 155 4.087
1643148240 27.91 63.97 155 4.087
1643148300 27.92 64.04 143 4.087
1643148360 27.79 64.1 149 4.087
1643148420 27.73 64.2 161 4.092
1643148480 27.71 64.27 149 4.087
1643148540 27.68 64.36 155 4.087
1643148600 27.75 64.48 155 4.092
1643148660 27.76 64.54 143 4.087
1643148720 27.68 64.68 149 4.092
1643148780 27.71 64.78 143 4.087
1643148840 27.68 64.89 143 4.087
1643148900 27.72 64.93 131 4.087
1643148960 27.75 64.97 124 4.087
1643149020 27.78 64.98 118 4.087
1643149080 27.59 65.05 124 4.087
1643149140 27.61 65.12 118 4.087
1643149200 27.58 65.15 112 4.087
1643149260 27.59 65.21 118 4.087
1643149320 27.59 65.27 118 4.082
1643149380 27.51 65.34 112 4.087
1643149440 27.51 65.46 106 4.087
1643149500 27.51 65.52 100 4.087
1643149560 27.49 65.53 100 4.087
1643149620 27.44 65.6 106 4.087
1643149680 27.45 65.62 112 4.087
1643149740 27.44 65.62 118 4.087
1643149800 27.45 65.63 112 4.087
1643149860 27.41 65.72 112 4.082
1643149920 27.35 65.8 106 4.087
1643149980 27.34 65.86 112 4.082
1643150040 27.34 65.94 112 4.087
1643150100 27.37 66.02 112 4.087
1643150160 27.41 66.03 106 4.087
1643150220 27.41 66.07 106 4.082
1643150280 27.44 66.08 100 4.087
1643150340 27.47 66.09 106 4.087
1643150400 27.45 66.13 100 4.087
1643150460 27.41 66.21 100 4.082
1643150520 27.38 66.25 94 4.087
1643150580 27.38 66.3 94 4.087
1643150640 27.4 66.4 100 4.087
1643150700 27.44 66.41 100 4.087
1643150760 27.51 66.48 94 4.087
1643150820 27.51 66.57 88 4.082
1643150880 27.49 66.6 82 4.087
1643150940 27.47 66.61 76 4.082
1643151000 27.41 66.69 76 4.087
1643151060 27.44 66.74 76 4.087
1643151120 27.41 66.79 76 4.087
1643151180 27.33 66.81 76 4.087
1643151240 27.3 66.97 70 4.087
1643151300 27.23 66.98 70 4.087
1643151360 27.17 67.05 70 4.087
1643151420 27.15 67.12 70 4.082
1643151480 27.04 67.15 64 4.087
1643151540 27.05 67.21 64 4.087
1643151600 27.07 67.28 64 4.087
1643151660 27.05 67.31 70 4.082
1643151720 27.05 67.34 70 4.087
1643151780 27.07 67.41 70 4.087
1643151840 27.1 67.47 64 4.082
1643151900 27.08 67.57 58 4.082
1643151960 27.11 67.68 58 4.082
1643152020 27.01 67.75 58 4.082
1643152080 26.93 67.84 52 4.082
1643152140 26.87 67.92 52 4.087
1643152200 26.8 68.02 46 4.082
1643152260 26.84 68.11 46 4.082
1643152320 26.79 68.22 40 4.087
1643152380 26.69 68.29 34 4.087
1643152440 26.64 68.41 34 4.087
1643152500 26.6 68.57 28 4.082
1643152560 26.52 68.75 28 4.082
1643152620 26.39 68.91 28 4.082
1643152680 26.3 69.15 22 4.082
1643152740 26.18 69.38 22 4.082
1643152800 26.19 69.62 16 4.082
1643152860 26.08 69.9 16 4.082
1643152920 25.96 70.07 10 4.082
1643152980 25.93 70.25 4 4.087
1643153040 25.91 70.49 4 4.082
1643153100 25.82 70.74 4 4.082
1643153160 25.78 70.93 4 4.082
1643153220 25.77 71.12 0 4.082
1643153280 25.69 71.34 4 4.087
1643153340 25.64 71.47 0 4.087
1643153400 25.61 71.67 0 4.082
1643153460 25.57 71.88 0 4.082
1643153520 25.57 72.02 0 4.082
1643153580 25.56 72.21 0 4.082
1643153640 25.57 72.4 0 4.087
1643153700 25.49 72.62 0 4.082
1643153760 25.49 72.82 0 4.082
1643153820 25.45 73.01 0 4.087
1643153880 25.4 73.16 0 4.082
1643153940 25.41 73.32 0 4.082
1643154000 25.42 73.53 0 4.082
1643154060 25.37 73.73 0 4.082
1643154120 25.36 73.9 0 4.082
1643154180 25.36 74.13 0 4.082
1643154240 25.31 74.25 0 4.082
1643154300 25.28 74.44 0 4.082
1643154360 25.31 74.55 0 4.082
1643154420 25.28 74.67 0 4.082
1643154480 25.31 74.81 0 4.082
1643154540 25.28 74.96 0 4.087
1643154600 25.28 75.08 0 4.082
1643154660 25.28 75.2 0 4.082
1643154720 25.27 75.29 0 4.082
1643154780 25.26 75.43 0 4.082
1643154840 25.23 75.61 0 4.082
1643154900 25.21 75.68 0 4.082
1643154960 25.2 75.75 0 4.082
1643155020 25.21 75.86 0 4.082
1643155080 25.26 75.93 0 4.082
1643155140 25.24 76.05 0 4.082
1643155200 25.26 76.16 0 4.082
1643155260 25.24 76.19 0 4.082
1643155320 25.26 76.28 0 4.082
1643155380 25.24 76.33 0 4.082
1643155440 25.24 76.44 0 4.082
1643155500 25.27 76.44 0 4.082
1643155560 25.28 76.5 0 4.082
1643155620 25.3 76.57 0 4.082
1643155680 25.28 76.62 0 4.082
1643155740 25.31 76.67 0 4.082
1643155800 25.27 76.72 0 4.082
1643155860 25.27 76.76 0 4.082
1643155920 25.28 76.79 0 4.082
1643155980 25.28 76.81 0 4.082
1643156040 25.28 76.83 0 4.082
1643156100 25.28 76.91 0 4.082
1643156160 25.26 76.99 0 4.082
1643156220 25.23 77.05 0 4.082
1643156280 25.21 77.14 0 4.082
1643156340 25.16 77.26 0 4.082
1643156400 25.16 77.34 0 4.082
1643156460 25.12 77.45 0 4.082
1643156520 25.12 77.52 0 4.082
1643156580 25.13 77.6 0 4.082
1643156640 25.09 77.64 0 4.082
1643156700 25.09 77.72 0 4.082
1643156760 25.09 77.84 0 4.082
1643156820 25.1 77.93 0 4.082
1643156880 25.04 78.03 0 4.082
1643156940 25.04 78.14 0 4.082
1643157000 25.03 78.18 0 4.082
1643157060 25.03 78.23 0 4.076
1643157120 25.03 78.35 0 4.082
1643157180 24.98 78.46 0 4.082
1643157240 24.94 78.52 0 4.082
1643157300 24.9 78.59 0 4.082
1643157360 24.89 78.63 0 4.082
1643157420 24.93 78.67 0 4.082
1643157480 24.93 78.75 0 4.082
1643157540 24.9 78.83 0 4.082
1643157600 24.86 78.91 0 4.082
1643157660 24.86 78.96 0 4.082
1643157720 24.83 79.04 0 4.082
1643157780 24.89 79.04 0 4.082
1643157840 24.93 79.01 0 4.082
1643157900 24.9 79.06 0 4.082
1643157960 24.86 79.19 0 4.082
1643158020 24.82 79.19 0 4.082
1643158080 24.77 79.21 0 4.082
1643158140 24.8 79.27 0 4.082
1643158200 24.8 79.28 0 4.082
1643158260 24.8 79.27 0 4.082
1643158320 24.77 79.3 0 4.082
1643158380 24.77 79.33 0 4.082
1643158440 24.77 79.38 0 4.082
1643158500 24.73 79.4 0 4.082
1643158560 24.75 79.39 0 4.076
1643158620 24.73 79.43 0 4.082
1643158680 24.67 79.4 0 4.082
1643158740 24.69 79.42 0 4.082
1643158800 24.67 79.42 0 4.082
1643158860 24.66 79.38 0 4.076
1643158920 24.67 79.41 0 4.082
1643158980 24.63 79.39 0 4.082
1643159040 24.62 79.39 0 4.082
1643159100 24.61 79.4 0 4.082
1643159160 24.56 79.43 0 4.082
1643159220 24.59 79.48 0 4.082
1643159280 24.56 79.52 0 4.076
1643159340 24.58 79.55 0 4.082
1643159400 24.61 79.56 0 4.082
1643159460 24.62 79.61 0 4.082
1643159520 24.59 79.67 0 4.082
1643159580 24.65 79.71 0 4.082
1643159640 24.62 79.76 0 4.082
1643159700 24.63 79.77 0 4.076
1643159760 24.65 79.74 0 4.082
1643159820 24.65 79.78 0 4.082
1643159880 24.63 79.82 0 4.076
1643159940 24.66 79.83 0 4.082
1643160000 24.65 79.88 0 4.076
1643160060 24.63 79.89 0 4.082
1643160120 24.61 79.94 0 4.076
1643160180 24.59 79.96 0 4.076
1643160240 24.59 80.04 0 4.082
1643160300 24.56 80.02 0 4.082
1643160360 24.58 80.06 0 4.082
1643160420 24.58 80.07 0 4.076
1643160480 24.62 80.12 0 4.082
1643160540 24.62 80.07 0 4.082
1643160600 24.66 80.07 0 4.076
1643160660 24.7 80.07 0 4.076
1643160720 24.69 80.07 0 4.082
1643160780 24.7 80.01 0 4.082
1643160840 24.72 79.96 0 4.076
1643160900 24.7 79.96 0 4.082
1643160960 24.7 79.92 0 4.076
1643161020 24.73 79.92 0 4.082
1643161080 24.72 79.87 0 4.076
1643161140 24.72 79.87 0 4.082
1643161200 24.67 79.84 0 4.082
1643161260 24.67 79.84 0 4.082
1643161320 24.65 79.87 0 4.076
1643161380 24.63 79.86 0 4.076
1643161440 24.58 79.91 0 4.076
1643161500 24.55 79.89 0 4.076
1643161560 24.58 79.96 0 4.082
1643161620 24.53 80.01 0 4.076
1643161680 24.55 80.04 0 4.076
1643161740 24.51 80.08 0 4.076
1643161800 24.51 80.1 0 4.076
1643161860 24.48 80.14 0 4.082
1643161920 24.45 80.19 0 4.082
1643161980 24.46 80.25 0 4.076
1643162040 24.48 80.28 0 4.076
1643162100 24.46 80.27 0 4.082
1643162160 24.46 80.36 0 4.082
1643162220 24.45 80.37 0 4.082
1643162280 24.46 80.44 0 4.076
1643162340 24.45 80.46 0 4.076
1643162400 24.45 80.52 0 4.076
1643162460 24.43 80.55 0 4.076
1643162520 24.45 80.62 0 4.076
1643162580 24.46 80.69 0 4.076
1643162640 24.43 80.73 0 4.076
1643162700 24.4 80.77 0 4.076
1643162760 24.43 80.79 0 4.082
1643162820 24.42 80.81 0 4.082
1643162880 24.42 80.89 0 4.076
1643162940 24.4 80.92 0 4.076
1643163000 24.43 80.89 0 4.076
1643163060 24.42 80.92 0 4.076
1643163120 24.46 80.9 0 4.076
1643163180 24.46 80.81 0 4.076
1643163240 24.45 80.8 0 4.076
1643163300 24.46 80.84 0 4.076
1643163360 24.46 80.77 0 4.076
1643163420 24.42 80.75 0 4.076
1643163480 24.42 80.74 0 4.076
1643163540 24.4 80.77 0 4.076
1643163600 24.39 80.75 0 4.076
1643163660 24.36 80.74 0 4.076
1643163720 24.36 80.8 0 4.076
1643163780 24.35 80.8 0 4.076
1643163840 24.31 80.84 0 4.076
1643163900 24.29 80.88 0 4.076
1643163960 24.28 80.91 0 4.076
1643164020 24.26 80.9 0 4.076
1643164080 24.26 80.96 0 4.076
1643164140 24.23 81 0 4.076
1643164200 24.22 81.08 0 4.076
1643164260 24.16 81.13 0 4.076
1643164320 24.18 81.21 0 4.076
1643164380 24.11 81.29 0 4.076
1643164440 24.1 81.38 0 4.076
1643164500 24.07 81.5 0 4.076
1643164560 24.02 81.59 0 4.076
1643164620 23.97 81.7 0 4.076
1643164680 23.94 81.77 0 4.076
1643164740 23.95 81.85 0 4.076
1643164800 23.92 81.96 0 4.076
1643164860 23.92 82.06 0 4.076
1643164920 23.87 82.15 0 4.082
1643164980 23.84 82.27 0 4.076
1643165040 23.82 82.4 0 4.076
1643165100 23.8 82.49 0 4.076
1643165160 23.78 82.56 0 4.076
1643165220 23.74 82.69 0 4.076
1643165280 23.71 82.76 0 4.076
1643165340 23.71 82.83 0 4.082
1643165400 23.67 82.89 0 4.076
1643165460 23.64 83.01 0 4.076
1643165520 23.63 83.05 0 4.076
1643165580 23.57 83.06 0 4.076
1643165640 23.57 83.13 0 4.076
1643165700 23.54 83.15 0 4.076
1643165760 23.56 83.15 0 4.076
1643165820 23.56 83.16 0 4.076
1643165880 23.56 83.18 0 4.076
1643165940 23.53 83.16 0 4.076
1643166000 23.57 83.17 0 4.076
1643166060 23.54 83.14 0 4.076
1643166120 23.59 83.16 0 4.076
1643166180 23.57 83.12 0 4.076
1643166240 23.6 83.11 0 4.076
1643166300 23.56 83.05 0 4.076
1643166360 23.57 82.99 0 4.076
1643166420 23.56 82.96 0 4.076
1643166480 23.56 82.82 0 4.076
1643166540 23.57 82.74 0 4.076
1643166600 23.59 82.62 0 4.076
1643166660 23.63 82.52 0 4.076
1643166720 23.61 82.38 0 4.071
1643166780 23.59 82.27 0 4.076
1643166840 23.6 82.1 0 4.076
1643166900 23.59 81.97 0 4.071
1643166960 23.59 81.79 0 4.076
1643167020 23.54 81.65 0 4.076
1643167080 23.57 81.49 0 4.076
1643167140 23.59 81.39 0 4.076
1643167200 23.56 81.22 0 4.076
1643167260 23.51 81.12 0 4.076
1643167320 23.51 80.95 0 4.076
1643167380 23.49 80.87 0 4.076
1643167440 23.47 80.73 0 4.076
1643167500 23.47 80.63 0 4.076
1643167560 23.44 80.5 0 4.076
1643167620 23.44 80.4 0 4.076
1643167680 23.43 80.28 0 4.076
1643167740 23.41 80.11 0 4.076
1643167800 23.44 79.97 0 4.071
1643167860 23.44 79.9 0 4.076
1643167920 23.43 79.78 0 4.076
1643167980 23.4 79.67 0 4.076
1643168040 23.39 79.58 0 4.076
1643168100 23.4 79.5 0 4.076
1643168160 23.4 79.41 0 4.076
1643168220 23.37 79.29 0 4.076
1643168280 23.36 79.16 0 4.076
1643168340 23.36 79.08 0 4.071
1643168400 23.34 78.98 0 4.076
1643168460 23.31 78.89 0 4.076
1643168520 23.3 78.79 0 4.076
1643168580 23.3 78.74 0 4.071
1643168640 23.27 78.66 0 4.076
1643168700 23.29 78.62 0 4.071
1643168760 23.26 78.53 0 4.076
1643168820 23.24 78.49 0 4.076
1643168880 23.23 78.45 0 4.071
1643168940 23.19 78.4 0 4.071
1643169000 23.21 78.33 0 4.071
1643169060 23.2 78.27 0 4.076
1643169120 23.2 78.24 0 4.076
1643169180 23.19 78.19 0 4.071
1643169240 23.19 78.1 0 4.076
1643169300 23.17 78.04 0 4.071
1643169360 23.2 77.99 0 4.076
1643169420 23.2 77.92 0 4.076
1643169480 23.21 77.92 0 4.076
1643169540 23.17 77.85 0 4.076
1643169600 23.16 77.79 0 4.076
1643169660 23.16 77.73 0 4.071
1643169720 23.14 77.66 0 4.076
1643169780 23.13 77.61 0 4.076
1643169840 23.14 77.59 0 4.076
1643169900 23.12 77.57 0 4.071
1643169960 23.13 77.52 0 4.076
1643170020 23.14 77.53 0 4.076
1643170080 23.12 77.51 0 4.076
1643170140 23.12 77.49 0 4.071
1643170200 23.1 77.44 0 4.076
1643170260 23.12 77.45 0 4.076
1643170320 23.1 77.44 0 4.071
1643170380 23.07 77.44 0 4.076
1643170440 23.06 77.43 0 4.076
1643170500 23.06 77.35 0 4.071
1643170560 23.05 77.37 0 4.071
1643170620 23.03 77.33 0 4.071
1643170680 23.03 77.31 0 4.076
1643170740 23.02 77.3 0 4.071
1643170800 23.05 77.29 0 4.076
1643170860 23.03 77.24 0 4.076
1643170920 23.03 77.26 0 4.071
1643170980 23 77.24 0 4.071
1643171040 22.99 77.21 0 4.071
1643171100 22.99 77.21 0 4.076
1643171160 22.99 77.24 0 4.071
1643171220 22.96 77.18 0 4.076
1643171280 22.96 77.22 0 4.076
1643171340 22.95 77.16 0 4.071
1643171400 22.96 77.19 0 4.065
1643171460 22.95 77.21 0 4.071
1643171520 22.93 77.21 0 4.071
1643171580 22.95 77.24 0 4.071
1643171640 22.93 77.27 0 4.071
1643171700 22.9 77.27 0 4.071
1643171760 22.9 77.32 0 4.076
1643171820 22.9 77.31 0 4.071
1643171880 22.89 77.35 0 4.076
1643171940 22.85 77.39 0 4.076
1643172000 22.85 77.39 0 4.071
1643172060 22.85 77.41 0 4.076
1643172120 22.83 77.47 0 4.071
1643172180 22.82 77.55 0 4.071
1643172240 22.83 77.58 0 4.071
1643172300 22.85 77.58 0 4.065
1643172360 22.88 77.6 0 4.071
1643172420 22.89 77.64 0 4.071
1643172480 22.88 77.69 0 4.071
1643172540 22.86 77.73 0 4.071
1643172600 22.86 77.72 0 4.071
1643172660 22.86 77.78 0 4.071
1643172720 22.82 77.83 0 4.071
1643172780 22.79 77.91 0 4.071
1643172840 22.76 77.94 0 4.071
1643172900 22.76 77.99 0 4.071
1643172960 22.72 78.02 0 4.071
1643173020 22.76 78.02 0 4.071
1643173080 22.76 78.01 0 4.071
1643173140 22.8 77.99 0 4.071
