1645333200 20.88 89.59 0 4.087
1645333260 20.95 89.59 0 4.092
1645333320 20.93 89.55 0 4.092
1645333380 20.89 89.52 0 4.092
1645333440 20.88 89.49 0 4.087
1645333500 20.88 89.46 0 4.092
1645333560 20.85 89.4 0 4.087
1645333620 21.03 89.43 0 4.087
1645333680 21.06 89.41 0 4.087
1645333740 21 89.41 0 4.092
1645333800 20.95 89.36 0 4.087
1645333860 20.93 89.33 0 4.087
1645333920 20.89 89.33 0 4.087
1645333980 20.92 89.33 0 4.087
1645334040 20.88 89.3 0 4.087
1645334100 20.89 89.29 0 4.092
1645334160 20.9 89.3 0 4.087
1645334220 20.92 89.3 0 4.092
1645334280 20.85 89.29 0 4.087
1645334340 20.89 89.26 0 4.087
1645334400 20.9 89.27 0 4.087
1645334460 20.88 89.26 0 4.087
1645334520 20.86 89.22 0 4.092
1645334580 20.78 89.19 0 4.092
1645334640 20.81 89.2 0 4.087
1645334700 20.81 89.18 0 4.087
1645334760 20.81 89.19 0 4.087
1645334820 20.79 89.18 0 4.087
1645334880 20.77 89.15 0 4.092
1645334940 20.75 89.18 0 4.087
1645335000 20.78 89.17 0 4.087
1645335060 20.75 89.16 0 4.087
1645335120 20.77 89.18 0 4.087
1645335180 20.77 89.17 0 4.087
1645335240 20.74 89.17 0 4.087
1645335300 20.81 89.17 0 4.087
1645335360 20.81 89.21 0 4.087
1645335420 20.86 89.24 0 4.087
1645335480 20.85 89.24 0 4.092
1645335540 20.86 89.28 0 4.087
1645335600 20.86 89.32 0 4.087
1645335660 20.86 89.37 0 4.087
1645335720 20.82 89.39 0 4.087
1645335780 20.75 89.47 0 4.087
1645335840 20.72 89.47 0 4.087
1645335900 20.71 89.52 0 4.087
1645335960 20.74 89.6 0 4.087
1645336020 20.72 89.62 0 4.087
1645336080 20.71 89.66 0 4.087
1645336140 20.72 89.73 0 4.082
1645336200 20.75 89.79 0 4.087
1645336260 20.77 89.84 0 4.087
1645336320 20.75 89.89 0 4.087
1645336380 20.75 89.91 0 4.087
1645336440 20.81 89.95 0 4.087
1645336500 20.79 90 0 4.087
1645336560 20.85 90.04 0 4.087
1645336620 20.82 90.1 0 4.087
1645336680 20.81 90.11 0 4.087
1645336740 20.78 90.18 0 4.087
1645336800 20.82 90.19 0 4.092
1645336860 20.93 90.22 0 4.087
1645336920 20.92 90.27 0 4.087
1645336980 20.9 90.34 0 4.092
1645337040 20.92 90.38 0 4.082
1645337100 20.92 90.4 0 4.087
1645337160 20.88 90.44 0 4.087
1645337220 20.86 90.49 0 4.087
1645337280 20.83 90.56 0 4.087
1645337340 20.85 90.64 0 4.087
1645337400 20.82 90.64 0 4.087
1645337460 20.77 90.63 0 4.087
1645337520 20.81 90.67 0 4.087
1645337580 20.83 90.71 0 4.087
1645337640 20.83 90.71 0 4.087
1645337700 20.92 90.72 0 4.087
1645337760 20.9 90.75 0 4.087
1645337820 20.95 90.71 0 4.087
1645337880 20.96 90.77 0 4.087
1645337940 20.96 90.77 0 4.087
1645338000 20.98 90.76 0 4.087
1645338060 20.98 90.77 0 4.087
1645338120 20.93 90.81 0 4.087
1645338180 20.95 90.78 0 4.087
1645338240 20.9 90.78 0 4.087
1645338300 20.9 90.81 0 4.087
1645338360 20.96 90.78 0 4.087
1645338420 20.96 90.73 0 4.092
1645338480 21 90.77 0 4.087
1645338540 21.02 90.8 0 4.087
1645338600 21 90.77 0 4.087
1645338660 21 90.78 0 4.087
1645338720 20.99 90.76 0 4.087
1645338780 20.99 90.78 0 4.087
1645338840 21.02 90.75 0 4.087
1645338900 21.09 90.76 0 4.087
1645338960 21.07 90.75 0 4.082
1645339020 21.02 90.76 0 4.087
1645339080 21 90.71 0 4.087
1645339140 21.05 90.72 0 4.082
1645339200 21.07 90.74 0 4.087
1645339260 21.07 90.63 0 4.082
1645339320 21.1 90.67 0 4.087
1645339380 21.12 90.69 0 4.087
1645339440 21.07 90.65 0 4.087
1645339500 21.09 90.63 0 4.087
1645339560 21.12 90.61 0 4.087
1645339620 21.12 90.58 0 4.087
1645339680 21.12 90.58 0 4.082
1645339740 21.13 90.55 0 4.087
1645339800 21.12 90.55 0 4.087
1645339860 21.05 90.49 0 4.087
1645339920 21.09 90.48 0 4.082
1645339980 21.13 90.42 0 4.087
1645340040 21.07 90.45 0 4.087
1645340100 21.06 90.42 0 4.087
1645340160 21.06 90.38 0 4.082
1645340220 21.09 90.34 0 4.087
1645340280 21.12 90.36 0 4.082
1645340340 21.09 90.33 0 4.087
1645340400 21.09 90.31 0 4.087
1645340460 21.09 90.29 0 4.087
1645340520 21.12 90.27 0 4.087
1645340580 21.07 90.28 0 4.087
1645340640 21.09 90.25 0 4.082
1645340700 21.09 90.25 0 4.082
1645340760 21.09 90.22 0 4.087
1645340820 21.06 90.23 0 4.082
1645340880 21.02 90.22 0 4.082
1645340940 21.07 90.2 0 4.087
1645341000 21.05 90.19 0 4.082
1645341060 20.99 90.14 0 4.087
1645341120 21.02 90.12 0 4.087
1645341180 21.02 90.1 0 4.087
1645341240 21.06 90.15 0 4.087
1645341300 21.05 90.12 0 4.087
1645341360 21 90.04 0 4.087
1645341420 21.06 90.11 0 4.082
1645341480 21.09 90.09 0 4.082
1645341540 21.14 90.08 0 4.082
1645341600 21.1 90.04 0 4.082
1645341660 21.06 90.05 0 4.087
1645341720 21.05 90.03 0 4.087
1645341780 21.06 90.08 0 4.087
1645341840 21.06 90.03 0 4.082
1645341900 21.1 90.07 0 4.082
1645341960 21.1 90.01 0 4.087
1645342020 21.19 90 0 4.087
1645342080 21.22 89.98 0 4.087
1645342140 21.26 89.99 0 4.082
1645342200 21.25 89.96 0 4.087
1645342260 21.28 89.97 0 4.087
1645342320 21.23 89.95 0 4.082
1645342380 21.2 89.92 0 4.087
1645342440 21.23 89.88 0 4.082
1645342500 21.25 89.87 0 4.082
1645342560 21.22 89.83 0 4.082
1645342620 21.23 89.86 0 4.082
1645342680 21.25 89.8 0 4.082
1645342740 21.22 89.8 0 4.087
1645342800 21.23 89.77 0 4.087
1645342860 21.25 89.76 0 4.082
1645342920 21.19 89.76 0 4.082
1645342980 21.22 89.74 0 4.082
1645343040 21.23 89.76 0 4.082
1645343100 21.19 89.8 0 4.087
1645343160 21.14 89.74 0 4.082
1645343220 21.16 89.81 0 4.087
1645343280 21.12 89.81 0 4.082
1645343340 21.12 89.85 0 4.082
1645343400 21.09 89.84 0 4.082
1645343460 21.09 89.88 0 4.082
1645343520 21.07 89.88 0 4.082
1645343580 21.07 89.91 0 4.082
1645343640 21.03 89.94 0 4.082
1645343700 21.03 89.98 0 4.082
1645343760 21.02 90.01 0 4.082
1645343820 21 90 0 4.082
1645343880 20.99 90.03 0 4.087
1645343940 20.99 90.03 0 4.082
1645344000 21.02 90.06 0 4.082
1645344060 21.03 90.12 0 4.082
1645344120 21.03 90.13 0 4.082
1645344180 21.03 90.08 0 4.087
1645344240 21.06 90.11 0 4.082
1645344300 21.09 90.09 0 4.082
1645344360 21.03 90.14 0 4.082
1645344420 21.07 90.14 0 4.082
1645344480 21.07 90.15 0 4.087
1645344540 21.1 90.19 0 4.082
1645344600 21.07 90.16 0 4.082
1645344660 21.03 90.16 0 4.082
1645344720 21.03 90.16 0 4.087
1645344780 21.06 90.15 0 4.087
1645344840 21.14 90.15 0 4.082
1645344900 21.14 90.17 0 4.082
1645344960 21.13 90.2 0 4.082
1645345020 21.1 90.17 0 4.082
1645345080 21.07 90.22 0 4.082
1645345140 21.07 90.19 0 4.082
1645345200 21.06 90.25 0 4.082
1645345260 21.06 90.26 0 4.082
1645345320 21.05 90.26 0 4.082
1645345380 21.06 90.35 0 4.087
1645345440 21.03 90.36 0 4.082
1645345500 21.02 90.42 0 4.087
1645345560 20.96 90.45 0 4.082
1645345620 21 90.45 0 4.082
1645345680 20.98 90.51 0 4.082
1645345740 20.96 90.58 0 4.082
1645345800 20.93 90.6 0 4.082
1645345860 20.9 90.68 0 4.082
1645345920 20.96 90.78 0 4.082
1645345980 20.88 90.78 0 4.082
1645346040 20.86 90.83 0 4.082
1645346100 20.85 90.94 0 4.082
1645346160 20.83 90.94 0 4.082
1645346220 20.81 91.01 0 4.082
1645346280 20.79 91.1 0 4.082
1645346340 20.81 91.13 0 4.082
1645346400 20.77 91.23 0 4.082
1645346460 20.71 91.27 0 4.082
1645346520 20.74 91.32 0 4.082
1645346580 20.74 91.41 0 4.082
1645346640 20.75 91.45 0 4.082
1645346700 20.75 91.5 0 4.082
1645346760 20.71 91.54 0 4.082
1645346820 20.67 91.56 0 4.082
1645346880 20.71 91.67 0 4.082
1645346940 20.69 91.7 0 4.082
1645347000 20.71 91.75 0 4.082
1645347060 20.74 91.83 0 4.082
1645347120 20.69 91.87 0 4.082
1645347180 20.69 91.94 0 4.082
1645347240 20.68 91.99 0 4.082
1645347300 20.71 91.99 0 4.082
1645347360 20.72 92.07 0 4.082
1645347420 20.71 92.09 0 4.082
1645347480 20.69 92.19 0 4.082
1645347540 20.74 92.17 0 4.087
1645347600 20.71 92.23 0 4.082
1645347660 20.71 92.25 0 4.082
1645347720 20.69 92.3 0 4.082
1645347780 20.68 92.32 0 4.082
1645347840 20.68 92.39 0 4.082
1645347900 20.68 92.4 0 4.082
1645347960 20.69 92.44 0 4.082
1645348020 20.71 92.44 0 4.082
1645348080 20.71 92.48 0 4.082
1645348140 20.71 92.48 0 4.082
1645348200 20.71 92.55 0 4.082
1645348260 20.67 92.57 0 4.082
1645348320 20.67 92.61 0 4.082
1645348380 20.67 92.62 0 4.082
1645348440 20.65 92.64 0 4.082
1645348500 20.64 92.66 0 4.082
1645348560 20.65 92.7 0 4.082
1645348620 20.65 92.7 0 4.082
1645348680 20.65 92.71 0 4.082
1645348740 20.68 92.75 0 4.082
1645348800 20.67 92.79 0 4.082
1645348860 20.65 92.79 0 4.082
1645348920 20.65 92.83 0 4.082
1645348980 20.64 92.82 0 4.082
1645349040 20.62 92.84 0 4.082
1645349100 20.65 92.86 0 4.082
1645349160 20.64 92.92 0 4.082
1645349220 20.67 92.9 0 4.082
1645349280 20.68 92.93 0 4.082
1645349340 20.65 92.99 0 4.082
1645349400 20.61 92.99 0 4.082
1645349460 20.58 92.99 0 4.082
1645349520 20.61 92.98 0 4.082
1645349580 20.59 92.96 0 4.082
1645349640 20.62 92.98 0 4.082
1645349700 20.64 93 0 4.076
1645349760 20.65 93.01 0 4.082
1645349820 20.69 93 0 4.082
1645349880 20.67 92.99 0 4.082
1645349940 20.67 92.98 0 4.082
1645350000 20.69 92.99 0 4.082
1645350060 20.71 92.96 0 4.082
1645350120 20.72 92.98 0 4.082
1645350180 20.77 93.01 0 4.082
1645350240 20.71 92.95 0 4.082
1645350300 20.74 92.95 0 4.082
1645350360 20.71 92.86 0 4.082
1645350420 20.79 92.85 0 4.082
1645350480 20.75 92.85 0 4.076
1645350540 20.74 92.84 0 4.082
1645350600 20.71 92.81 0 4.082
1645350660 20.71 92.8 0 4.082
1645350720 20.71 92.77 0 4.082
1645350780 20.69 92.72 0 4.082
1645350840 20.69 92.71 0 4.082
1645350900 20.68 92.66 0 4.082
1645350960 20.64 92.61 0 4.082
1645351020 20.64 92.63 0 4.082
1645351080 20.65 92.56 0 4.082
1645351140 20.61 92.56 0 4.082
1645351200 20.58 92.53 0 4.082
1645351260 20.58 92.49 0 4.082
1645351320 20.59 92.45 0 4.082
1645351380 20.59 92.45 0 4.082
1645351440 20.58 92.4 0 4.082
1645351500 20.61 92.38 0 4.076
1645351560 20.62 92.3 0 4.082
1645351620 20.67 92.35 0 4.076
1645351680 20.67 92.32 0 4.082
1645351740 20.67 92.27 0 4.082
1645351800 20.67 92.22 0 4.082
1645351860 20.67 92.24 0 4.076
1645351920 20.65 92.18 0 4.082
1645351980 20.72 92.16 0 4.082
1645352040 20.71 92.15 0 4.076
1645352100 20.71 92.13 0 4.082
1645352160 20.69 92.09 0 4.082
1645352220 20.67 92.06 0 4.082
1645352280 20.68 92.06 0 4.082
1645352340 20.72 92.04 0 4.082
1645352400 20.74 92.03 0 4.076
1645352460 20.77 92.02 0 4.082
1645352520 20.79 91.97 0 4.082
1645352580 20.82 91.97 0 4.082
1645352640 20.88 91.94 0 4.082
1645352700 20.88 91.86 0 4.082
1645352760 20.88 91.89 0 4.082
1645352820 20.81 91.81 0 4.082
1645352880 20.83 91.77 0 4.076
1645352940 20.89 91.76 0 4.082
1645353000 20.89 91.69 0 4.082
1645353060 20.88 91.63 0 4.082
1645353120 20.92 91.56 0 4.082
1645353180 20.92 91.55 0 4.082
1645353240 20.96 91.46 0 4.082
1645353300 20.96 91.38 0 4.082
1645353360 20.95 91.29 0 4.082
1645353420 20.98 91.22 0 4.076
1645353480 20.99 91.15 0 4.082
1645353540 20.96 91.11 0 4.076
1645353600 20.93 91.06 0 4.082
1645353660 20.9 90.97 0 4.082
1645353720 20.88 90.91 0 4.082
1645353780 20.88 90.82 0 4.082
1645353840 20.88 90.77 0 4.082
1645353900 20.88 90.73 0 4.082
1645353960 20.89 90.65 0 4.076
1645354020 20.88 90.63 0 4.082
1645354080 20.92 90.56 0 4.076
1645354140 20.89 90.52 0 4.076
1645354200 20.88 90.45 0 4.082
1645354260 20.83 90.38 0 4.082
1645354320 20.85 90.4 0 4.082
1645354380 20.85 90.33 0 4.082
1645354440 20.83 90.31 0 4.076
1645354500 20.78 90.28 0 4.076
1645354560 20.79 90.24 0 4.082
1645354620 20.79 90.22 0 4.076
1645354680 20.79 90.18 0 4.076
1645354740 20.79 90.14 0 4.076
1645354800 20.78 90.12 0 4.082
1645354860 20.79 90.12 0 4.076
1645354920 20.81 90.07 0 4.082
1645354980 20.79 90.07 0 4.082
1645355040 20.81 90.03 4 4.082
1645355100 20.82 89.98 0 4.076
1645355160 20.77 90.04 4 4.082
1645355220 20.78 89.97 4 4.076
1645355280 20.77 89.96 4 4.076
1645355340 20.78 89.99 4 4.076
1645355400 20.75 89.95 4 4.076
1645355460 20.75 90.02 4 4.082
1645355520 20.74 89.99 4 4.082
1645355580 20.71 90 4 4.076
1645355640 20.69 89.99 4 4.076
1645355700 20.68 90.05 4 4.076
1645355760 20.68 90.08 4 4.082
1645355820 20.68 90.15 10 4.076
1645355880 20.68 90.11 4 4.076
1645355940 20.67 90.17 10 4.076
1645356000 20.68 90.2 10 4.076
1645356060 20.67 90.26 16 4.076
1645356120 20.67 90.3 16 4.082
1645356180 20.68 90.33 22 4.076
1645356240 20.71 90.35 22 4.076
1645356300 20.69 90.36 22 4.082
1645356360 20.74 90.47 22 4.076
1645356420 20.74 90.46 22 4.076
1645356480 20.81 90.5 22 4.082
1645356540 20.82 90.5 22 4.076
1645356600 20.83 90.58 28 4.076
1645356660 20.82 90.62 28 4.082
1645356720 20.85 90.66 34 4.076
1645356780 20.83 90.71 34 4.076
1645356840 20.88 90.71 40 4.076
1645356900 20.9 90.77 40 4.076
1645356960 20.92 90.8 40 4.076
1645357020 20.93 90.81 40 4.076
1645357080 20.96 90.86 40 4.076
1645357140 20.95 90.87 40 4.076
1645357200 20.98 90.94 40 4.076
1645357260 21 90.96 46 4.076
1645357320 21.06 91 46 4.076
1645357380 21.03 91 46 4.082
1645357440 21.06 91.05 52 4.076
1645357500 21.07 91.08 52 4.076
1645357560 21.12 91.07 52 4.076
1645357620 21.1 91.09 52 4.076
1645357680 21.16 91.1 52 4.076
1645357740 21.18 91.1 52 4.076
1645357800 21.18 91.12 52 4.076
1645357860 21.2 91.13 58 4.076
1645357920 21.2 91.12 52 4.076
1645357980 21.26 91.16 58 4.076
1645358040 21.26 91.13 58 4.076
1645358100 21.3 91.14 52 4.082
1645358160 21.29 91.15 58 4.082
1645358220 21.3 91.15 58 4.076
1645358280 21.3 91.14 76 4.076
1645358340 21.34 91.12 82 4.076
1645358400 21.29 91.14 94 4.076
1645358460 21.3 91.13 94 4.076
1645358520 21.34 91.16 94 4.076
1645358580 21.36 91.15 94 4.076
1645358640 21.34 91.12 88 4.076
1645358700 21.42 91.12 88 4.076
1645358760 21.49 91.12 88 4.076
1645358820 21.47 91.09 82 4.076
1645358880 21.49 91.09 82 4.076
1645358940 21.54 91.05 88 4.076
1645359000 21.57 91.03 88 4.076
1645359060 21.61 90.98 88 4.076
1645359120 21.65 90.96 88 4.076
1645359180 21.6 90.88 88 4.076
1645359240 21.63 90.84 88 4.076
1645359300 21.7 90.82 94 4.076
1645359360 21.74 90.72 100 4.076
1645359420 21.79 90.67 112 4.076
1645359480 21.8 90.6 118 4.076
1645359540 21.85 90.54 131 4.076
1645359600 21.87 90.47 131 4.076
1645359660 21.84 90.4 124 4.076
1645359720 21.91 90.32 112 4.076
1645359780 22.04 90.26 94 4.076
1645359840 22 90.16 82 4.076
1645359900 21.94 90.01 82 4.076
1645359960 22 89.97 88 4.076
1645360020 22.01 89.83 106 4.076
1645360080 22.07 89.77 124 4.076
1645360140 22.16 89.66 137 4.076
1645360200 22.21 89.61 124 4.076
1645360260 22.21 89.51 112 4.076
1645360320 22.19 89.42 100 4.076
1645360380 22.27 89.35 100 4.076
1645360440 22.34 89.26 106 4.076
1645360500 22.42 89.2 118 4.076
1645360560 22.45 89.07 131 4.076
1645360620 22.45 89.01 143 4.076
1645360680 22.38 88.94 155 4.076
1645360740 22.44 88.83 173 4.076
1645360800 22.52 88.81 191 4.076
1645360860 22.55 88.72 191 4.082
1645360920 22.66 88.65 197 4.076
1645360980 22.69 88.56 179 4.082
1645361040 22.79 88.5 167 4.076
1645361100 22.93 88.44 161 4.076
1645361160 22.97 88.35 161 4.076
1645361220 23 88.31 167 4.082
1645361280 23.03 88.25 149 4.082
1645361340 23.06 88.11 137 4.076
1645361400 23.1 88.05 131 4.076
1645361460 23.17 88.02 112 4.076
1645361520 23.2 87.91 106 4.076
1645361580 23.16 87.79 112 4.076
1645361640 23.21 87.65 112 4.076
1645361700 23.21 87.56 112 4.076
1645361760 23.19 87.45 118 4.076
1645361820 23.14 87.35 118 4.076
1645361880 23.07 87.23 118 4.076
1645361940 22.92 87.1 124 4.076
1645362000 22.82 87 131 4.076
1645362060 22.82 86.89 131 4.076
1645362120 22.82 86.84 131 4.076
1645362180 22.79 86.73 131 4.076
1645362240 22.82 86.68 131 4.076
1645362300 22.79 86.59 124 4.076
1645362360 22.72 86.53 124 4.076
1645362420 22.72 86.44 131 4.082
1645362480 22.69 86.43 124 4.076
1645362540 22.76 86.4 131 4.076
1645362600 22.83 86.34 124 4.076
1645362660 22.89 86.37 131 4.076
1645362720 22.85 86.29 137 4.076
1645362780 22.85 86.27 137 4.076
1645362840 22.9 86.27 143 4.076
1645362900 22.88 86.24 143 4.076
1645362960 22.88 86.19 149 4.082
1645363020 22.89 86.17 155 4.076
1645363080 22.95 86.14 167 4.082
1645363140 22.99 86.1 173 4.082
1645363200 22.99 86.05 179 4.076
1645363260 23.03 86.03 173 4.082
1645363320 23.13 86.04 173 4.076
1645363380 23.05 85.95 173 4.082
1645363440 23.1 85.91 173 4.076
1645363500 23.14 85.87 179 4.076
1645363560 23.13 85.84 179 4.082
1645363620 23.12 85.75 179 4.082
1645363680 23.12 85.71 179 4.082
1645363740 23.16 85.64 173 4.076
1645363800 23.2 85.61 167 4.082
1645363860 23.21 85.52 161 4.082
1645363920 23.23 85.5 155 4.082
1645363980 23.33 85.45 155 4.082
1645364040 23.41 85.45 155 4.082
1645364100 23.43 85.39 167 4.076
1645364160 23.46 85.34 173 4.082
1645364220 23.47 85.29 179 4.082
1645364280 23.51 85.18 179 4.082
1645364340 23.54 85.11 191 4.082
1645364400 23.47 85.08 197 4.076
1645364460 23.4 84.94 203 4.082
1645364520 23.46 84.87 209 4.082
1645364580 23.56 84.81 263 4.082
1645364640 23.49 84.74 263 4.082
1645364700 23.53 84.65 251 4.082
1645364760 23.72 84.6 251 4.082
1645364820 23.87 84.55 263 4.082
1645364880 23.85 84.42 251 4.087
1645364940 23.8 84.29 251 4.082
1645365000 23.75 84.15 263 4.087
1645365060 23.72 84.04 269 4.082
1645365120 23.84 83.94 275 4.087
1645365180 24.01 83.86 275 4.087
1645365240 24.11 83.69 281 4.087
1645365300 24.19 83.59 281 4.087
1645365360 24.23 83.47 287 4.092
1645365420 24.23 83.28 287 4.087
1645365480 24.18 83.13 293 4.087
1645365540 24.29 82.97 305 4.087
1645365600 24.46 82.83 353 4.087
1645365660 24.56 82.65 341 4.087
1645365720 24.69 82.47 305 4.087
1645365780 24.7 82.33 281 4.087
1645365840 24.76 82.08 245 4.082
1645365900 24.69 81.88 221 4.082
1645365960 24.62 81.69 197 4.087
1645366020 24.58 81.46 179 4.082
1645366080 24.49 81.31 173 4.082
1645366140 24.42 81.14 179 4.082
1645366200 24.42 80.95 203 4.082
1645366260 24.38 80.83 233 4.087
1645366320 24.36 80.65 329 4.087
1645366380 24.46 80.55 323 4.087
1645366440 24.55 80.45 269 4.087
1645366500 24.62 80.36 221 4.087
1645366560 24.61 80.22 227 4.082
1645366620 24.43 80.09 233 4.087
1645366680 24.4 79.96 245 4.087
1645366740 24.43 79.91 239 4.076
1645366800 24.51 79.78 227 4.082
1645366860 24.52 79.71 215 4.082
1645366920 24.46 79.67 221 4.082
1645366980 24.39 79.56 215 4.087
1645367040 24.22 79.47 197 4.082
1645367100 24.14 79.43 185 4.082
1645367160 24.15 79.37 167 4.082
1645367220 24.21 79.39 149 4.082
1645367280 24.26 79.29 143 4.082
1645367340 24.42 79.3 137 4.082
1645367400 24.46 79.3 143 4.082
1645367460 24.35 79.26 155 4.082
1645367520 24.26 79.2 167 4.087
1645367580 24.25 79.22 161 4.082
1645367640 24.21 79.19 161 4.082
1645367700 24.18 79.22 167 4.082
1645367760 24.16 79.18 179 4.082
1645367820 24.12 79.19 167 4.082
1645367880 24.15 79.19 221 4.087
1645367940 24.05 79.17 233 4.087
1645368000 24.15 79.15 209 4.087
1645368060 24.23 79.16 173 4.087
1645368120 24.26 79.18 149 4.082
1645368180 24.28 79.15 149 4.082
1645368240 24.33 79.18 167 4.082
1645368300 24.31 79.16 257 4.087
1645368360 24.38 79.17 251 4.087
1645368420 24.4 79.13 251 4.087
1645368480 24.42 79.09 257 4.087
1645368540 24.55 79.11 263 4.087
1645368600 24.65 79.03 245 4.087
1645368660 24.83 78.99 227 4.087
1645368720 24.82 78.92 209 4.082
1645368780 24.79 78.84 233 4.087
1645368840 24.76 78.7 317 4.087
1645368900 24.77 78.64 281 4.087
1645368960 24.86 78.56 251 4.087
1645369020 24.97 78.49 167 4.082
1645369080 25.1 78.38 149 4.087
1645369140 25.12 78.26 173 4.082
1645369200 25.17 78.13 203 4.082
1645369260 25.27 78.08 251 4.082
1645369320 25.33 77.94 275 4.087
1645369380 25.37 77.81 293 4.087
1645369440 25.38 77.73 396 4.082
1645369500 25.51 77.61 643 4.087
1645369560 25.67 77.49 311 4.087
1645369620 25.72 77.41 221 4.087
1645369680 25.6 77.22 215 4.087
1645369740 25.51 77.07 227 4.087
1645369800 25.41 76.9 227 4.087
1645369860 25.24 76.74 227 4.087
1645369920 25.21 76.61 227 4.087
1645369980 25.14 76.48 227 4.087
1645370040 25.12 76.38 233 4.087
1645370100 25.12 76.25 275 4.092
1645370160 25.23 76.14 269 4.087
1645370220 25.27 76.05 269 4.087
1645370280 25.31 75.88 275 4.087
1645370340 25.38 75.8 281 4.082
1645370400 25.28 75.7 287 4.087
1645370460 25.24 75.66 311 4.087
1645370520 25.28 75.58 498 4.092
1645370580 25.36 75.49 402 4.092
1645370640 25.48 75.42 353 4.092
1645370700 25.64 75.34 480 4.092
1645370760 25.84 75.23 456 4.092
1645370820 25.87 75.18 287 4.092
1645370880 25.95 75.03 263 4.087
1645370940 25.96 74.88 251 4.087
1645371000 25.85 74.75 221 4.087
1645371060 25.74 74.65 203 4.087
1645371120 25.64 74.49 203 4.087
1645371180 25.65 74.42 185 4.087
1645371240 25.63 74.28 185 4.087
1645371300 25.64 74.23 203 4.087
1645371360 25.61 74.17 227 4.087
1645371420 25.57 74.08 251 4.087
1645371480 25.48 73.98 263 4.087
1645371540 25.48 73.95 257 4.092
1645371600 25.56 73.93 287 4.087
1645371660 25.64 73.85 341 4.087
1645371720 25.63 73.82 384 4.092
1645371780 25.82 73.77 329 4.092
1645371840 25.93 73.75 329 4.092
1645371900 26.02 73.67 384 4.092
1645371960 26.23 73.65 359 4.092
1645372020 26.4 73.52 414 4.087
1645372080 26.4 73.41 341 4.092
1645372140 26.35 73.26 293 4.087
1645372200 26.49 73.12 269 4.087
1645372260 26.69 72.97 287 4.087
1645372320 26.83 72.82 251 4.092
1645372380 27.04 72.64 281 4.092
1645372440 27.11 72.45 299 4.087
1645372500 27.18 72.2 371 4.092
1645372560 27.2 71.94 492 4.092
1645372620 27.21 71.61 432 4.098
1645372680 27.24 71.34 498 4.092
1645372740 27.2 71.01 566 4.098
1645372800 27.23 70.7 396 4.098
1645372860 27.23 70.4 347 4.098
1645372920 27.31 70.09 349 4.092
1645372980 27.33 69.84 317 4.092
1645373040 27.2 69.59 281 4.087
1645373100 27.08 69.41 257 4.092
1645373160 27 69.21 239 4.092
1645373220 26.82 68.98 227 4.092
1645373280 26.56 68.86 215 4.087
1645373340 26.38 68.76 203 4.087
1645373400 26.18 68.71 209 4.087
1645373460 25.92 68.63 293 4.092
1645373520 25.79 68.67 299 4.092
1645373580 25.81 68.74 305 4.092
1645373640 25.98 68.85 323 4.092
1645373700 26.18 68.94 287 4.092
1645373760 26.35 69.01 414 4.092
1645373820 26.5 69.07 269 4.092
1645373880 26.56 69.11 251 4.092
1645373940 26.73 69.14 299 4.087
1645374000 26.79 69.16 522 4.092
1645374060 26.82 69.17 305 4.092
1645374120 26.83 69.15 257 4.092
1645374180 26.83 69.15 293 4.092
1645374240 26.83 69.17 402 4.092
1645374300 26.89 69.15 257 4.092
1645374360 26.8 69.08 650 4.098
1645374420 26.66 68.97 505 4.098
1645374480 26.79 68.95 576 4.087
1645374540 26.93 68.94 275 4.092
1645374600 27.01 68.91 245 4.092
1645374660 27.07 68.86 227 4.092
1645374720 27.01 68.76 215 4.092
1645374780 26.94 68.66 209 4.092
1645374840 26.84 68.54 215 4.087
1645374900 26.7 68.45 269 4.092
1645374960 26.6 68.4 1147 4.087
1645375020 26.57 68.35 1374 4.087
1645375080 26.77 68.32 1392 4.087
1645375140 27 68.4 593 4.087
1645375200 27.34 68.32 840 4.087
1645375260 27.43 68.3 840 4.087
1645375320 27.45 68.22 1248 4.087
1645375380 27.49 68.2 1374 4.087
1645375440 27.65 68.08 1457 4.082
1645375500 27.98 68.05 1129 4.087
1645375560 28.33 67.99 1483 4.087
1645375620 28.5 67.78 584 4.098
1645375680 28.59 67.61 1002 4.082
1645375740 28.43 67.38 391 4.098
1645375800 28.7 67.14 415 4.098
1645375860 28.5 66.84 1310 4.082
1645375920 28.42 66.57 572 4.098
1645375980 28.2 66.31 1543 4.082
1645376040 28.35 66.08 1523 4.087
1645376100 28.59 65.84 1495 4.087
1645376160 28.74 65.58 1483 4.087
1645376220 28.71 65.34 1475 4.082
1645376280 29.14 65.1 1453 4.082
1645376340 29.31 64.84 1415 4.087
1645376400 29.17 64.55 1441 4.082
1645376460 29.31 64.22 1441 4.087
1645376520 29.22 63.87 1385 4.092
1645376580 29.11 63.58 1337 4.082
1645376640 29.31 63.24 1424 4.108
1645376700 29.2 62.94 1475 4.114
1645376760 29.12 62.65 1323 4.114
1645376820 29.2 62.4 1495 4.119
1645376880 29.11 62.15 892 4.108
1645376940 29.47 61.96 1471 4.119
1645377000 29.62 61.75 1507 4.125
1645377060 29.86 61.63 1504 4.119
1645377120 30.03 61.38 1374 4.119
1645377180 30.13 61.14 1496 4.119
1645377240 30.47 60.85 1507 4.119
1645377300 30.57 60.63 1564 4.125
1645377360 30.5 60.43 1600 4.125
1645377420 30.51 60.2 1564 4.125
1645377480 30.44 60.02 1301 4.125
1645377540 30.37 59.8 1454 4.125
1645377600 30.22 59.6 1430 4.125
1645377660 30.19 59.42 1388 4.125
1645377720 30.38 59.25 1430 4.125
1645377780 30.4 59.05 1490 4.13
1645377840 30.26 58.8 950 4.119
1645377900 30.43 58.64 1254 4.125
1645377960 30.43 58.41 1352 4.13
1645378020 30.44 58.17 469 4.108
1645378080 30.3 57.99 361 4.108
1645378140 30 57.81 325 4.108
1645378200 29.86 57.73 307 4.108
1645378260 29.71 57.68 295 4.108
1645378320 29.68 57.7 277 4.108
1645378380 29.25 57.7 313 4.108
1645378440 29.17 57.76 1420 4.13
1645378500 28.86 57.81 319 4.108
1645378560 29.05 57.95 441 4.108
1645378620 29.1 58.06 1198 4.098
1645378680 28.73 58.14 361 4.108
1645378740 28.81 58.31 349 4.108
1645378800 28.66 58.47 668 4.103
1645378860 28.59 58.59 947 4.098
1645378920 28.57 58.68 638 4.098
1645378980 28.47 58.88 379 4.098
1645379040 28.3 59 445 4.098
1645379100 28.19 59.05 499 4.098
1645379160 28.1 59.17 355 4.098
1645379220 28.22 59.31 343 4.098
1645379280 28.19 59.44 343 4.098
1645379340 28.26 59.63 379 4.103
1645379400 28.24 59.76 1084 4.098
1645379460 28.23 59.86 614 4.098
1645379520 28.18 59.97 469 4.098
1645379580 28.33 60.07 439 4.098
1645379640 28.29 60.19 463 4.098
1645379700 28.24 60.32 554 4.098
1645379760 28.26 60.47 439 4.098
1645379820 28.32 60.6 1355 4.092
1645379880 28.53 60.78 626 4.098
1645379940 28.77 60.9 325 4.108
1645380000 28.71 60.99 307 4.103
1645380060 28.81 61.13 283 4.103
1645380120 28.93 61.14 283 4.108
1645380180 29.1 61.27 289 4.108
1645380240 29 61.26 331 4.103
1645380300 28.77 61.35 319 4.103
1645380360 28.78 61.39 331 4.108
1645380420 28.51 61.4 391 4.108
1645380480 28.4 61.45 1415 4.098
1645380540 28.53 61.46 1368 4.103
1645380600 28.8 61.6 1433 4.098
1645380660 29.05 61.62 1361 4.098
1645380720 29.39 61.73 1385 4.098
1645380780 29.51 61.68 1361 4.098
1645380840 29.62 61.7 1319 4.098
1645380900 29.69 61.68 1343 4.098
1645380960 29.79 61.55 1349 4.098
1645381020 29.96 61.5 1337 4.098
1645381080 30.1 61.37 1325 4.098
1645381140 30.44 61.24 1307 4.119
1645381200 30.56 61.04 1248 4.125
1645381260 30.85 60.83 1278 4.125
1645381320 30.53 60.61 1261 4.125
1645381380 30.63 60.36 1242 4.13
1645381440 30.64 60.15 1237 4.13
1645381500 30.46 60 1243 4.13
1645381560 30.51 59.83 1299 4.125
1645381620 30.46 59.6 1287 4.13
1645381680 30.94 59.47 1287 4.13
1645381740 30.92 59.29 1287 4.13
1645381800 30.94 59.07 1293 4.135
1645381860 31.05 58.85 1293 4.13
1645381920 31.04 58.5 1307 4.135
1645381980 31.22 58.3 1311 4.13
1645382040 31.19 57.97 1326 4.108
1645382100 30.88 57.57 1061 4.103
1645382160 30.89 57.35 385 4.108
1645382220 30.84 57.15 1326 4.103
1645382280 30.77 56.99 1332 4.103
1645382340 30.16 56.75 1338 4.108
1645382400 29.87 56.65 1322 4.103
1645382460 30 56.52 1308 4.108
1645382520 30.5 56.58 1314 4.103
1645382580 30.64 56.48 1314 4.103
1645382640 30.77 56.35 1326 4.103
1645382700 30.77 56.29 1085 4.103
1645382760 31.01 56.2 700 4.103
1645382820 30.97 56.12 1296 4.103
1645382880 31.11 56 1290 4.103
1645382940 31.39 55.89 1317 4.125
1645383000 31.86 55.75 1335 4.13
1645383060 31.9 55.57 1341 4.13
1645383120 32.03 55.45 1188 4.108
1645383180 31.55 55.15 1296 4.108
1645383240 31.28 54.97 1267 4.108
1645383300 31.32 54.81 1272 4.103
1645383360 31.43 54.76 1278 4.103
1645383420 31.49 54.72 1296 4.103
1645383480 31.59 54.64 1344 4.103
1645383540 31.56 54.53 1338 4.103
1645383600 31.48 54.38 1260 4.103
1645383660 31.31 54.24 277 4.108
1645383720 31.17 54.16 271 4.108
1645383780 30.87 54.1 289 4.114
1645383840 30.22 54.09 271 4.108
1645383900 30.06 54.19 265 4.108
1645383960 29.86 54.32 608 4.108
1645384020 29.61 54.44 1230 4.108
1645384080 29.39 54.68 1206 4.103
1645384140 29.25 54.86 1195 4.103
1645384200 29.36 55.07 1200 4.103
1645384260 29.52 55.27 1188 4.103
1645384320 29.77 55.5 1182 4.103
1645384380 30.03 55.71 1170 4.103
1645384440 30.46 55.92 216 4.108
1645384500 30.33 55.96 953 4.103
1645384560 30.27 56.08 1170 4.103
1645384620 30.2 56.17 1170 4.103
1645384680 30 56.2 1158 4.103
1645384740 29.93 56.23 1109 4.103
1645384800 29.87 56.31 1121 4.103
1645384860 30 56.39 1109 4.103
1645384920 29.9 56.42 1127 4.103
1645384980 30.13 56.53 1121 4.103
1645385040 30.19 56.56 1109 4.103
1645385100 30.56 56.72 1127 4.103
1645385160 30.68 56.78 1139 4.103
1645385220 30.43 56.81 1152 4.103
1645385280 30.4 56.82 1145 4.103
1645385340 30.37 56.73 1152 4.103
1645385400 30.24 56.74 1139 4.103
1645385460 30 56.67 1121 4.103
1645385520 30.15 56.72 1152 4.098
1645385580 30.46 56.7 1186 4.103
1645385640 30.78 56.78 1200 4.103
1645385700 30.91 56.75 1222 4.103
1645385760 30.54 56.61 1164 4.103
1645385820 30.3 56.52 1162 4.103
1645385880 30.15 56.49 1120 4.103
1645385940 30.31 56.49 1121 4.103
1645386000 30.24 56.41 1115 4.098
1645386060 30.73 56.53 1109 4.103
1645386120 30.68 56.38 1121 4.103
1645386180 30.85 56.32 1084 4.098
1645386240 31.36 56.3 307 4.103
1645386300 31.17 56.13 295 4.108
1645386360 30.5 56 475 4.108
1645386420 30.2 55.96 307 4.108
1645386480 30.06 55.97 277 4.108
1645386540 29.69 55.98 1063 4.108
1645386600 29.71 56.09 1070 4.114
1645386660 29.82 56.16 228 4.108
1645386720 30.15 56.35 918 4.114
1645386780 30.13 56.38 1052 4.114
1645386840 30.09 56.56 1027 4.114
1645386900 30.19 56.71 1008 4.108
1645386960 30.24 56.76 579 4.108
1645387020 30.31 56.81 980 4.119
1645387080 30.26 56.89 876 4.114
1645387140 30.53 57.03 549 4.114
1645387200 30.57 57.02 1040 4.119
1645387260 30.51 57 1027 4.114
1645387320 30.71 56.97 1016 4.119
1645387380 30.74 56.94 986 4.114
1645387440 30.7 56.83 950 4.119
1645387500 30.48 56.62 962 4.114
1645387560 30.57 56.53 980 4.119
1645387620 30.4 56.43 986 4.119
1645387680 30.79 56.38 966 4.119
1645387740 31.15 56.24 948 4.119
1645387800 31.42 56.1 947 4.119
1645387860 31.66 55.97 956 4.119
1645387920 31.48 55.68 944 4.119
1645387980 31.41 55.53 920 4.119
1645388040 31.11 55.32 411 4.119
1645388100 31.24 55.13 252 4.114
1645388160 31.41 55.05 774 4.119
1645388220 30.87 54.84 883 4.119
1645388280 30.67 54.77 811 4.119
1645388340 30.84 54.82 914 4.119
1645388400 30.78 54.65 914 4.125
1645388460 30.67 54.54 914 4.119
1645388520 30.43 54.54 914 4.125
1645388580 30.41 54.57 902 4.119
1645388640 30.23 54.59 903 4.125
1645388700 30.6 54.66 921 4.125
1645388760 30.41 54.6 908 4.119
1645388820 30.37 54.63 204 4.114
1645388880 30.17 54.65 174 4.114
1645388940 29.86 54.68 240 4.114
1645389000 29.65 54.77 168 4.114
1645389060 29.28 54.82 798 4.119
1645389120 29.1 54.94 325 4.119
1645389180 29 55.09 811 4.119
1645389240 28.91 55.25 749 4.119
1645389300 28.86 55.38 811 4.119
1645389360 29.04 55.63 805 4.119
1645389420 29.21 55.8 798 4.119
1645389480 29.35 55.95 793 4.125
1645389540 29.28 56.06 781 4.119
1645389600 29.45 56.27 180 4.119
1645389660 29.61 56.46 743 4.119
1645389720 29.62 56.57 751 4.125
1645389780 30.1 56.69 743 4.125
1645389840 30.02 56.81 757 4.125
1645389900 30.06 56.85 763 4.125
1645389960 30.22 57 757 4.125
1645390020 30.19 57 751 4.125
1645390080 30.26 57.1 186 4.119
1645390140 30.09 57.07 557 4.125
1645390200 29.86 57.15 210 4.119
1645390260 29.61 57.16 368 4.119
1645390320 29.48 57.22 733 4.125
1645390380 29.15 57.28 715 4.125
1645390440 29.12 57.36 667 4.125
1645390500 28.78 57.44 661 4.125
1645390560 28.82 57.58 629 4.125
1645390620 28.84 57.73 126 4.119
1645390680 28.77 57.87 611 4.119
1645390740 28.9 58.05 429 4.119
1645390800 28.91 58.18 284 4.119
1645390860 28.97 58.29 120 4.114
1645390920 28.61 58.39 126 4.119
1645390980 28.39 58.56 272 4.119
1645391040 28.18 58.65 192 4.119
1645391100 28.05 58.8 168 4.119
1645391160 27.92 58.95 144 4.119
1645391220 27.89 59.08 168 4.119
1645391280 27.73 59.24 156 4.119
1645391340 27.75 59.47 162 4.119
1645391400 27.65 59.62 156 4.119
1645391460 27.55 59.83 168 4.119
1645391520 27.58 59.99 180 4.119
1645391580 27.64 60.25 198 4.119
1645391640 27.54 60.39 204 4.119
1645391700 27.52 60.61 210 4.119
1645391760 27.52 60.76 210 4.119
1645391820 27.69 61 210 4.119
1645391880 27.82 61.12 216 4.119
1645391940 27.76 61.24 222 4.119
1645392000 27.69 61.37 216 4.125
1645392060 27.76 61.51 204 4.119
1645392120 27.82 61.6 192 4.119
1645392180 27.81 61.72 192 4.119
1645392240 27.91 61.86 186 4.119
1645392300 27.89 61.93 186 4.119
1645392360 27.96 62.02 174 4.119
1645392420 27.94 62.14 162 4.119
1645392480 27.86 62.24 156 4.119
1645392540 27.86 62.35 150 4.119
1645392600 27.75 62.46 150 4.119
1645392660 27.71 62.58 174 4.119
1645392720 27.52 62.65 162 4.119
1645392780 27.41 62.74 162 4.119
1645392840 27.35 62.84 156 4.119
1645392900 27.27 62.94 144 4.119
1645392960 27.3 63.04 138 4.119
1645393020 27.28 63.14 132 4.119
1645393080 27.3 63.23 132 4.119
1645393140 27.25 63.29 132 4.119
1645393200 27.3 63.38 126 4.119
1645393260 27.3 63.48 120 4.119
1645393320 27.3 63.55 126 4.119
1645393380 27.33 63.64 138 4.119
1645393440 27.28 63.74 144 4.119
1645393500 27.27 63.79 144 4.119
1645393560 27.3 63.86 114 4.119
1645393620 27.28 63.88 102 4.119
1645393680 27.34 63.94 120 4.119
1645393740 27.34 63.97 108 4.119
1645393800 27.34 64.02 108 4.119
1645393860 27.3 64.06 102 4.119
1645393920 27.21 64.09 108 4.119
1645393980 27.23 64.15 108 4.119
1645394040 27.3 64.2 120 4.119
1645394100 27.37 64.23 120 4.119
1645394160 27.35 64.33 114 4.119
1645394220 27.4 64.38 102 4.119
1645394280 27.24 64.42 90 4.119
1645394340 27.17 64.48 90 4.119
1645394400 27.17 64.49 90 4.119
1645394460 27.18 64.52 96 4.119
1645394520 27.04 64.58 114 4.119
1645394580 26.98 64.62 120 4.119
1645394640 27 64.67 126 4.119
1645394700 27.04 64.76 132 4.119
1645394760 27.03 64.86 132 4.119
1645394820 27 64.93 126 4.119
1645394880 26.97 65 108 4.119
1645394940 26.94 65.09 84 4.119
1645395000 26.98 65.23 72 4.119
1645395060 26.96 65.29 66 4.119
1645395120 26.87 65.33 66 4.114
1645395180 26.82 65.39 66 4.119
1645395240 26.82 65.5 78 4.119
1645395300 26.79 65.6 90 4.119
1645395360 26.72 65.68 96 4.119
1645395420 26.7 65.81 84 4.119
1645395480 26.72 65.97 72 4.119
1645395540 26.7 66.08 72 4.119
1645395600 26.7 66.17 66 4.119
1645395660 26.72 66.32 66 4.119
1645395720 26.67 66.46 66 4.114
1645395780 26.62 66.58 66 4.119
1645395840 26.47 66.65 66 4.119
1645395900 26.39 66.75 66 4.119
1645395960 26.22 66.86 66 4.119
1645396020 26.25 67 60 4.119
1645396080 26.22 67.11 60 4.119
1645396140 26.22 67.31 60 4.119
1645396200 26.16 67.42 60 4.114
1645396260 26.16 67.49 66 4.119
1645396320 26.14 67.6 66 4.119
1645396380 26.14 67.78 60 4.119
1645396440 26.15 67.92 48 4.114
1645396500 26.08 68.09 48 4.119
1645396560 26.06 68.21 48 4.119
1645396620 26.05 68.36 48 4.114
1645396680 26.05 68.47 48 4.114
1645396740 26.08 68.62 48 4.119
1645396800 25.99 68.72 48 4.114
1645396860 25.96 68.82 42 4.114
1645396920 25.98 68.96 42 4.119
1645396980 25.95 69.04 36 4.119
1645397040 25.93 69.11 36 4.119
1645397100 25.93 69.24 30 4.119
1645397160 25.92 69.28 30 4.119
1645397220 25.88 69.34 24 4.114
1645397280 25.79 69.47 24 4.114
1645397340 25.72 69.49 24 4.114
1645397400 25.69 69.6 24 4.114
1645397460 25.67 69.66 18 4.114
1645397520 25.6 69.76 18 4.114
1645397580 25.57 69.9 12 4.114
1645397640 25.52 69.99 12 4.114
1645397700 25.48 70.05 12 4.119
1645397760 25.44 70.15 6 4.114
1645397820 25.45 70.28 6 4.119
1645397880 25.4 70.39 6 4.114
1645397940 25.38 70.49 6 4.114
1645398000 25.36 70.6 6 4.114
1645398060 25.34 70.72 0 4.114
1645398120 25.3 70.8 0 4.114
1645398180 25.27 70.92 0 4.114
1645398240 25.16 71 0 4.114
1645398300 25.13 71.06 0 4.114
1645398360 25.13 71.18 0 4.114
1645398420 25.09 71.23 0 4.119
1645398480 25.09 71.32 0 4.114
1645398540 25.1 71.4 0 4.114
1645398600 25.04 71.52 0 4.114
1645398660 25.04 71.63 0 4.114
1645398720 25 71.73 0 4.114
1645398780 24.98 71.81 0 4.114
1645398840 25 71.93 0 4.114
1645398900 24.96 72.03 0 4.114
1645398960 24.9 72.15 0 4.114
1645399020 24.89 72.23 0 4.114
1645399080 24.87 72.33 0 4.114
1645399140 24.86 72.42 0 4.114
1645399200 24.87 72.56 0 4.114
1645399260 24.86 72.64 0 4.114
1645399320 24.82 72.72 0 4.114
1645399380 24.79 72.85 0 4.114
1645399440 24.79 72.96 0 4.114
1645399500 24.79 73.05 0 4.114
1645399560 24.75 73.13 0 4.114
1645399620 24.73 73.24 0 4.114
1645399680 24.69 73.34 0 4.114
1645399740 24.72 73.49 0 4.114
1645399800 24.72 73.61 0 4.114
1645399860 24.67 73.76 0 4.114
1645399920 24.69 73.81 0 4.114
1645399980 24.69 73.99 0 4.114
1645400040 24.67 74.09 0 4.114
1645400100 24.66 74.2 0 4.114
1645400160 24.63 74.33 0 4.114
1645400220 24.61 74.45 0 4.114
1645400280 24.62 74.57 0 4.119
1645400340 24.63 74.7 0 4.114
1645400400 24.62 74.81 0 4.114
1645400460 24.62 74.93 0 4.114
1645400520 24.56 75.02 0 4.114
1645400580 24.59 75.14 0 4.114
1645400640 24.55 75.23 0 4.114
1645400700 24.58 75.32 0 4.114
1645400760 24.55 75.36 0 4.114
1645400820 24.53 75.46 0 4.114
1645400880 24.52 75.57 0 4.114
1645400940 24.52 75.65 0 4.114
1645401000 24.51 75.7 0 4.114
1645401060 24.49 75.79 0 4.114
1645401120 24.45 75.89 0 4.114
1645401180 24.45 75.97 0 4.114
1645401240 24.42 76.04 0 4.114
1645401300 24.42 76.11 0 4.114
1645401360 24.42 76.18 0 4.119
1645401420 24.36 76.21 0 4.114
1645401480 24.38 76.3 0 4.114
1645401540 24.36 76.39 0 4.114
1645401600 24.36 76.46 0 4.114
1645401660 24.35 76.51 0 4.114
1645401720 24.35 76.56 0 4.114
1645401780 24.39 76.6 0 4.114
1645401840 24.33 76.64 0 4.114
1645401900 24.35 76.71 0 4.114
1645401960 24.31 76.74 0 4.114
1645402020 24.28 76.73 0 4.114
1645402080 24.31 76.8 0 4.114
1645402140 24.28 76.81 0 4.114
1645402200 24.26 76.86 0 4.114
1645402260 24.28 76.93 0 4.114
1645402320 24.28 76.93 0 4.114
1645402380 24.26 76.97 0 4.114
1645402440 24.29 77 0 4.114
1645402500 24.31 77.01 0 4.114
1645402560 24.31 77.05 0 4.114
1645402620 24.28 77.11 0 4.114
1645402680 24.28 77.12 0 4.114
1645402740 24.26 77.18 0 4.114
1645402800 24.22 77.16 0 4.114
1645402860 24.25 77.22 0 4.114
1645402920 24.23 77.25 0 4.114
1645402980 24.22 77.27 0 4.114
1645403040 24.19 77.28 0 4.114
1645403100 24.18 77.31 0 4.114
1645403160 24.19 77.32 0 4.114
1645403220 24.19 77.36 0 4.114
1645403280 24.19 77.35 0 4.114
1645403340 24.18 77.38 0 4.114
1645403400 24.18 77.41 0 4.114
1645403460 24.16 77.42 0 4.114
1645403520 24.15 77.43 0 4.108
1645403580 24.12 77.48 0 4.114
1645403640 24.14 77.54 0 4.108
1645403700 24.14 77.56 0 4.114
1645403760 24.11 77.61 0 4.114
1645403820 24.14 77.65 0 4.114
1645403880 24.1 77.7 0 4.114
1645403940 24.08 77.74 0 4.114
1645404000 24.07 77.83 0 4.114
1645404060 24.05 77.84 0 4.114
1645404120 24.04 77.91 0 4.108
1645404180 24.04 77.95 0 4.114
1645404240 24.02 78.03 0 4.114
1645404300 24.05 78.09 0 4.114
1645404360 24 78.14 0 4.114
1645404420 24 78.18 0 4.114
1645404480 24.02 78.24 0 4.114
1645404540 24.01 78.29 0 4.114
1645404600 24.02 78.35 0 4.114
1645404660 24.01 78.35 0 4.114
1645404720 24.02 78.44 0 4.114
1645404780 24.01 78.46 0 4.108
1645404840 24.02 78.54 0 4.114
1645404900 24.05 78.59 0 4.114
1645404960 24.01 78.6 0 4.114
1645405020 24.01 78.69 0 4.114
1645405080 23.97 78.68 0 4.114
1645405140 23.94 78.77 0 4.114
1645405200 23.89 78.82 0 4.114
1645405260 23.89 78.88 0 4.108
1645405320 23.84 78.96 0 4.114
1645405380 23.81 79.03 0 4.114
1645405440 23.77 79.1 0 4.108
1645405500 23.71 79.14 0 4.114
1645405560 23.68 79.24 0 4.114
1645405620 23.67 79.31 0 4.108
1645405680 23.64 79.41 0 4.114
1645405740 23.63 79.48 0 4.114
1645405800 23.6 79.57 0 4.114
1645405860 23.57 79.65 0 4.108
1645405920 23.53 79.71 0 4.114
1645405980 23.54 79.83 0 4.108
1645406040 23.51 79.9 0 4.114
1645406100 23.53 79.95 0 4.114
1645406160 23.51 80.01 0 4.114
1645406220 23.49 80.08 0 4.114
1645406280 23.47 80.15 0 4.114
1645406340 23.46 80.19 0 4.108
1645406400 23.47 80.24 0 4.114
1645406460 23.43 80.3 0 4.108
1645406520 23.46 80.38 0 4.108
1645406580 23.41 80.4 0 4.114
1645406640 23.41 80.48 0 4.108
1645406700 23.39 80.52 0 4.114
1645406760 23.39 80.57 0 4.114
1645406820 23.36 80.65 0 4.108
1645406880 23.34 80.69 0 4.108
1645406940 23.33 80.72 0 4.108
1645407000 23.34 80.84 0 4.114
1645407060 23.34 80.91 0 4.108
1645407120 23.36 80.95 0 4.114
1645407180 23.34 80.94 0 4.114
1645407240 23.36 80.98 0 4.114
1645407300 23.4 80.99 0 4.114
1645407360 23.39 81 0 4.108
1645407420 23.41 81.02 0 4.108
1645407480 23.43 81.01 0 4.108
1645407540 23.41 81.02 0 4.114
1645407600 23.41 81.02 0 4.114
1645407660 23.44 81.04 0 4.108
1645407720 23.43 81.03 0 4.108
1645407780 23.41 81.02 0 4.108
1645407840 23.44 81.03 0 4.108
1645407900 23.46 81.06 0 4.114
1645407960 23.46 81.03 0 4.114
1645408020 23.47 81 0 4.108
1645408080 23.49 80.98 0 4.114
1645408140 23.47 80.96 0 4.108
1645408200 23.49 80.94 0 4.114
1645408260 23.49 80.92 0 4.108
1645408320 23.46 80.88 0 4.108
1645408380 23.5 80.87 0 4.108
1645408440 23.5 80.84 0 4.114
1645408500 23.49 80.76 0 4.108
1645408560 23.49 80.79 0 4.114
1645408620 23.49 80.76 0 4.108
1645408680 23.49 80.72 0 4.108
1645408740 23.47 80.68 0 4.108
1645408800 23.46 80.65 0 4.108
1645408860 23.46 80.67 0 4.114
1645408920 23.46 80.62 0 4.108
1645408980 23.46 80.61 0 4.108
1645409040 23.44 80.59 0 4.108
1645409100 23.4 80.57 0 4.108
1645409160 23.44 80.59 0 4.108
1645409220 23.4 80.57 0 4.108
1645409280 23.41 80.58 0 4.108
1645409340 23.39 80.56 0 4.108
1645409400 23.37 80.55 0 4.108
1645409460 23.37 80.6 0 4.108
1645409520 23.36 80.64 0 4.114
1645409580 23.33 80.59 0 4.108
1645409640 23.29 80.63 0 4.108
1645409700 23.3 80.63 0 4.108
1645409760 23.31 80.63 0 4.108
1645409820 23.31 80.68 0 4.108
1645409880 23.31 80.7 0 4.108
1645409940 23.31 80.74 0 4.098
1645410000 23.31 80.8 0 4.108
1645410060 23.3 80.82 0 4.108
1645410120 23.3 80.85 0 4.108
1645410180 23.29 80.93 0 4.108
1645410240 23.29 80.97 0 4.108
1645410300 23.26 80.99 0 4.108
1645410360 23.27 81.05 0 4.108
1645410420 23.24 81.07 0 4.108
1645410480 23.26 81.09 0 4.108
1645410540 23.26 81.08 0 4.114
1645410600 23.3 81.1 0 4.108
1645410660 23.27 81.11 0 4.108
1645410720 23.33 81.15 0 4.108
1645410780 23.3 81.11 0 4.108
1645410840 23.33 81.12 0 4.108
1645410900 23.33 81.13 0 4.108
1645410960 23.33 81.11 0 4.108
1645411020 23.36 81.13 0 4.108
1645411080 23.36 81.11 0 4.108
1645411140 23.33 81.11 0 4.108
1645411200 23.31 81.12 0 4.114
1645411260 23.33 81.15 0 4.108
1645411320 23.31 81.12 0 4.108
1645411380 23.29 81.16 0 4.108
1645411440 23.31 81.2 0 4.108
1645411500 23.3 81.22 0 4.108
1645411560 23.24 81.27 0 4.108
1645411620 23.24 81.34 0 4.108
1645411680 23.23 81.38 0 4.108
1645411740 23.21 81.45 0 4.103
1645411800 23.19 81.51 0 4.108
1645411860 23.14 81.59 0 4.108
1645411920 23.1 81.65 0 4.108
1645411980 23.12 81.71 0 4.108
1645412040 23.07 81.78 0 4.108
1645412100 23.09 81.85 0 4.108
1645412160 23.05 81.95 0 4.108
1645412220 23.03 82 0 4.108
1645412280 23 82.07 0 4.108
1645412340 22.95 82.09 0 4.108
1645412400 22.96 82.19 0 4.108
1645412460 22.96 82.21 0 4.108
1645412520 22.93 82.27 0 4.108
1645412580 22.95 82.31 0 4.108
1645412640 22.96 82.34 0 4.103
1645412700 22.93 82.36 0 4.108
1645412760 22.96 82.35 0 4.108
1645412820 22.93 82.41 0 4.108
1645412880 22.96 82.43 0 4.108
1645412940 22.95 82.43 0 4.108
1645413000 22.97 82.43 0 4.108
1645413060 22.99 82.43 0 4.103
1645413120 22.99 82.44 0 4.108
1645413180 22.96 82.45 0 4.108
1645413240 22.97 82.4 0 4.108
1645413300 22.99 82.39 0 4.108
1645413360 22.99 82.38 0 4.108
1645413420 22.99 82.39 0 4.108
1645413480 23 82.39 0 4.108
1645413540 22.99 82.35 0 4.103
1645413600 22.99 82.38 0 4.108
1645413660 23 82.35 0 4.103
1645413720 23 82.3 0 4.108
1645413780 22.99 82.3 0 4.108
1645413840 22.99 82.25 0 4.103
1645413900 23.02 82.21 0 4.108
1645413960 23.02 82.18 0 4.108
1645414020 23.06 82.16 0 4.103
1645414080 23.05 82.16 0 4.108
1645414140 23.05 82.11 0 4.103
1645414200 23.05 82.09 0 4.108
1645414260 23.06 82.07 0 4.108
1645414320 23.07 82.07 0 4.108
1645414380 23.09 82.05 0 4.103
1645414440 23.06 82.02 0 4.103
1645414500 23.1 82.02 0 4.108
1645414560 23.1 82.04 0 4.108
1645414620 23.1 82.04 0 4.108
1645414680 23.09 82.06 0 4.108
1645414740 23.06 82.03 0 4.103
1645414800 23.06 82.03 0 4.103
1645414860 23.06 82.03 0 4.103
1645414920 23.05 82.04 0 4.103
1645414980 23.07 82.04 0 4.108
1645415040 23.07 82.03 0 4.108
1645415100 23.06 82.02 0 4.103
1645415160 23.06 82.04 0 4.103
1645415220 23.06 82.03 0 4.108
1645415280 23.03 81.98 0 4.103
1645415340 23.02 82.01 0 4.103
1645415400 23.02 82.02 0 4.103
1645415460 23.02 82.03 0 4.103
1645415520 23.07 82.03 0 4.103
1645415580 23.06 81.99 0 4.103
1645415640 23.06 81.97 0 4.108
1645415700 23.05 81.99 0 4.108
1645415760 23 81.96 0 4.108
1645415820 22.99 81.94 0 4.103
1645415880 22.99 81.95 0 4.103
1645415940 22.93 81.96 0 4.103
1645416000 22.92 81.94 0 4.103
1645416060 22.9 81.97 0 4.103
1645416120 22.89 81.97 0 4.103
1645416180 22.83 81.96 0 4.103
1645416240 22.83 81.98 0 4.103
1645416300 22.78 82 0 4.103
1645416360 22.79 82.03 0 4.103
1645416420 22.73 82.05 0 4.103
1645416480 22.72 82.04 0 4.103
1645416540 22.73 82.06 0 4.108
1645416600 22.68 82.07 0 4.103
1645416660 22.68 82.1 0 4.103
1645416720 22.66 82.13 0 4.103
1645416780 22.61 82.14 0 4.103
1645416840 22.56 82.18 0 4.108
1645416900 22.52 82.24 0 4.103
1645416960 22.51 82.3 0 4.108
1645417020 22.45 82.36 0 4.108
1645417080 22.44 82.4 0 4.108
1645417140 22.41 82.47 0 4.103
1645417200 22.36 82.55 0 4.103
1645417260 22.35 82.59 0 4.103
1645417320 22.32 82.65 0 4.103
1645417380 22.28 82.76 0 4.103
1645417440 22.24 82.81 0 4.103
1645417500 22.21 82.91 0 4.103
1645417560 22.16 82.95 0 4.103
1645417620 22.14 83.07 0 4.108
1645417680 22.1 83.15 0 4.103
1645417740 22.08 83.21 0 4.103
1645417800 22.1 83.31 0 4.108
1645417860 22.1 83.39 0 4.108
1645417920 22.11 83.53 0 4.103
1645417980 22.07 83.62 0 4.103
1645418040 22.05 83.7 0 4.103
1645418100 22.03 83.79 0 4.103
1645418160 22.04 83.84 0 4.103
1645418220 22.04 83.95 0 4.103
1645418280 22 84 0 4.103
1645418340 22 84.02 0 4.108
1645418400 21.97 84.09 0 4.103
1645418460 21.97 84.13 0 4.103
1645418520 21.93 84.19 0 4.103
1645418580 21.94 84.21 0 4.103
1645418640 21.91 84.27 0 4.103
1645418700 21.9 84.32 0 4.103
1645418760 21.88 84.37 0 4.103
1645418820 21.87 84.45 0 4.103
1645418880 21.84 84.52 0 4.103
1645418940 21.8 84.56 0 4.098
1645419000 21.79 84.64 0 4.098
1645419060 21.81 84.71 0 4.103
1645419120 21.79 84.72 0 4.103
1645419180 21.8 84.75 0 4.103
1645419240 21.83 84.81 0 4.103
1645419300 21.8 84.82 0 4.103
1645419360 21.76 84.88 0 4.103
1645419420 21.76 84.91 0 4.103
1645419480 21.77 84.98 0 4.103
1645419540 21.76 85.02 0 4.103
