1633928400 22.96 87.29 0 4.119
1633928460 22.96 87.24 0 4.119
1633928520 22.97 87.21 0 4.119
1633928580 22.96 87.24 0 4.125
1633928640 22.99 87.18 0 4.119
1633928700 22.99 87.2 0 4.119
1633928760 23.02 87.22 0 4.125
1633928820 23.03 87.19 0 4.119
1633928880 23.05 87.21 0 4.119
1633928940 23.09 87.2 0 4.119
1633929000 23.09 87.2 0 4.119
1633929060 23.09 87.19 0 4.125
1633929120 23.09 87.18 0 4.119
1633929180 23.09 87.2 0 4.119
1633929240 23.07 87.15 0 4.119
1633929300 23.09 87.12 0 4.125
1633929360 23.1 87.1 0 4.119
1633929420 23.09 87.11 0 4.119
1633929480 23.13 87.09 0 4.119
1633929540 23.09 87.07 0 4.119
1633929600 23.12 87.07 0 4.119
1633929660 23.12 87.06 0 4.119
1633929720 23.1 86.96 0 4.125
1633929780 23.12 86.93 0 4.119
1633929840 23.09 86.91 0 4.119
1633929900 23.1 86.89 0 4.119
1633929960 23.1 86.88 0 4.119
1633930020 23.12 86.88 0 4.119
1633930080 23.13 86.83 0 4.119
1633930140 23.12 86.83 0 4.119
1633930200 23.13 86.84 0 4.119
1633930260 23.13 86.79 0 4.119
1633930320 23.13 86.78 0 4.119
1633930380 23.13 86.78 0 4.119
1633930440 23.13 86.79 0 4.119
1633930500 23.13 86.77 0 4.119
1633930560 23.13 86.79 0 4.119
1633930620 23.16 86.77 0 4.119
1633930680 23.12 86.73 0 4.119
1633930740 23.13 86.76 0 4.119
1633930800 23.12 86.77 0 4.119
1633930860 23.09 86.8 0 4.119
1633930920 23.03 86.79 0 4.119
1633930980 23.07 86.84 0 4.119
1633931040 23.03 86.88 0 4.119
1633931100 23 86.85 0 4.119
1633931160 23 86.85 0 4.119
1633931220 23 86.86 0 4.119
1633931280 22.95 86.81 0 4.119
1633931340 22.96 86.81 0 4.119
1633931400 22.95 86.83 0 4.119
1633931460 22.95 86.81 0 4.119
1633931520 22.95 86.83 0 4.119
1633931580 22.96 86.83 0 4.119
1633931640 22.93 86.81 0 4.119
1633931700 22.96 86.84 0 4.119
1633931760 22.96 86.88 0 4.119
1633931820 22.93 86.84 0 4.119
1633931880 22.93 86.86 0 4.119
1633931940 22.92 86.87 0 4.119
1633932000 22.92 86.88 0 4.119
1633932060 22.92 86.91 0 4.119
1633932120 22.9 86.91 0 4.119
1633932180 22.93 86.99 0 4.119
1633932240 22.95 87.01 0 4.119
1633932300 22.92 87.03 0 4.119
1633932360 22.92 87.06 0 4.119
1633932420 22.92 87.16 0 4.119
1633932480 22.86 87.16 0 4.119
1633932540 22.89 87.31 0 4.119
1633932600 22.88 87.29 0 4.119
1633932660 22.86 87.37 0 4.119
1633932720 22.83 87.41 0 4.119
1633932780 22.8 87.42 0 4.119
1633932840 22.78 87.51 0 4.119
1633932900 22.75 87.52 0 4.119
1633932960 22.73 87.59 0 4.119
1633933020 22.75 87.64 0 4.119
1633933080 22.69 87.66 0 4.119
1633933140 22.7 87.71 0 4.119
1633933200 22.68 87.74 0 4.119
1633933260 22.66 87.83 0 4.119
1633933320 22.65 87.86 0 4.119
1633933380 22.65 87.9 0 4.119
1633933440 22.65 87.96 0 4.119
1633933500 22.63 88.03 0 4.114
1633933560 22.62 88.05 0 4.119
1633933620 22.63 88.09 0 4.119
1633933680 22.62 88.11 0 4.119
1633933740 22.63 88.14 0 4.119
1633933800 22.62 88.13 0 4.119
1633933860 22.61 88.18 0 4.119
1633933920 22.62 88.2 0 4.119
1633933980 22.63 88.18 0 4.119
1633934040 22.65 88.22 0 4.119
1633934100 22.62 88.23 0 4.114
1633934160 22.63 88.24 0 4.119
1633934220 22.62 88.31 0 4.119
1633934280 22.63 88.32 0 4.119
1633934340 22.63 88.32 0 4.119
1633934400 22.63 88.37 0 4.119
1633934460 22.62 88.39 0 4.119
1633934520 22.61 88.34 0 4.119
1633934580 22.62 88.37 0 4.119
1633934640 22.66 88.39 0 4.119
1633934700 22.63 88.41 0 4.119
1633934760 22.63 88.43 0 4.119
1633934820 22.63 88.45 0 4.119
1633934880 22.69 88.45 0 4.119
1633934940 22.7 88.45 0 4.119
1633935000 22.69 88.49 0 4.119
1633935060 22.69 88.43 0 4.119
1633935120 22.65 88.42 0 4.119
1633935180 22.65 88.41 0 4.114
1633935240 22.66 88.45 0 4.119
1633935300 22.68 88.42 0 4.119
1633935360 22.65 88.42 0 4.114
1633935420 22.66 88.43 0 4.119
1633935480 22.7 88.43 0 4.114
1633935540 22.65 88.4 0 4.119
1633935600 22.65 88.38 0 4.119
1633935660 22.68 88.41 0 4.119
1633935720 22.63 88.35 0 4.119
1633935780 22.63 88.35 0 4.119
1633935840 22.68 88.35 0 4.119
1633935900 22.63 88.37 0 4.114
1633935960 22.62 88.38 0 4.119
1633936020 22.59 88.39 0 4.119
1633936080 22.58 88.42 0 4.114
1633936140 22.55 88.42 0 4.114
1633936200 22.56 88.46 0 4.119
1633936260 22.56 88.48 0 4.119
1633936320 22.58 88.45 0 4.114
1633936380 22.56 88.45 0 4.114
1633936440 22.56 88.43 0 4.114
1633936500 22.59 88.4 0 4.119
1633936560 22.56 88.4 0 4.119
1633936620 22.52 88.4 0 4.114
1633936680 22.52 88.4 0 4.114
1633936740 22.49 88.43 0 4.119
1633936800 22.48 88.54 0 4.114
1633936860 22.48 88.54 0 4.119
1633936920 22.48 88.59 0 4.119
1633936980 22.49 88.6 0 4.114
1633937040 22.46 88.56 0 4.114
1633937100 22.51 88.6 0 4.114
1633937160 22.48 88.65 0 4.114
1633937220 22.49 88.63 0 4.119
1633937280 22.49 88.63 0 4.114
1633937340 22.51 88.68 0 4.114
1633937400 22.54 88.67 0 4.119
1633937460 22.55 88.65 0 4.114
1633937520 22.54 88.64 0 4.119
1633937580 22.54 88.66 0 4.114
1633937640 22.51 88.63 0 4.119
1633937700 22.54 88.65 0 4.119
1633937760 22.51 88.68 0 4.119
1633937820 22.51 88.69 0 4.114
1633937880 22.52 88.7 0 4.114
1633937940 22.52 88.7 0 4.114
1633938000 22.51 88.69 0 4.119
1633938060 22.52 88.71 0 4.114
1633938120 22.52 88.72 0 4.114
1633938180 22.51 88.68 0 4.114
1633938240 22.54 88.71 0 4.114
1633938300 22.55 88.69 0 4.119
1633938360 22.51 88.67 0 4.114
1633938420 22.55 88.68 0 4.119
1633938480 22.54 88.69 0 4.119
1633938540 22.51 88.73 0 4.119
1633938600 22.51 88.76 0 4.114
1633938660 22.46 88.67 0 4.114
1633938720 22.48 88.7 0 4.114
1633938780 22.48 88.68 0 4.114
1633938840 22.48 88.72 0 4.114
1633938900 22.48 88.74 0 4.119
1633938960 22.45 88.72 0 4.119
1633939020 22.42 88.75 0 4.114
1633939080 22.45 88.79 0 4.114
1633939140 22.42 88.78 0 4.114
1633939200 22.44 88.78 0 4.114
1633939260 22.44 88.78 0 4.114
1633939320 22.46 88.77 0 4.114
1633939380 22.45 88.8 0 4.114
1633939440 22.45 88.83 0 4.114
1633939500 22.46 88.89 0 4.114
1633939560 22.44 88.86 0 4.114
1633939620 22.44 88.84 0 4.114
1633939680 22.46 88.85 0 4.114
1633939740 22.45 88.8 0 4.114
1633939800 22.44 88.87 0 4.114
1633939860 22.45 88.84 0 4.114
1633939920 22.44 88.86 0 4.114
1633939980 22.45 88.87 0 4.114
1633940040 22.42 88.88 0 4.114
1633940100 22.44 88.9 0 4.114
1633940160 22.42 88.86 0 4.114
1633940220 22.41 88.88 0 4.114
1633940280 22.45 88.89 0 4.114
1633940340 22.41 88.89 0 4.114
1633940400 22.39 88.9 0 4.114
1633940460 22.39 88.91 0 4.114
1633940520 22.36 88.93 0 4.114
1633940580 22.36 88.96 0 4.114
1633940640 22.35 89.03 0 4.114
1633940700 22.36 89.02 0 4.114
1633940760 22.35 89.09 0 4.114
1633940820 22.35 89.12 0 4.114
1633940880 22.35 89.12 0 4.119
1633940940 22.35 89.21 0 4.114
1633941000 22.34 89.2 0 4.114
1633941060 22.32 89.26 0 4.114
1633941120 22.31 89.27 0 4.114
1633941180 22.35 89.34 0 4.114
1633941240 22.36 89.33 0 4.114
1633941300 22.38 89.38 0 4.114
1633941360 22.38 89.4 0 4.114
1633941420 22.35 89.39 0 4.114
1633941480 22.36 89.44 0 4.114
1633941540 22.32 89.43 0 4.114
1633941600 22.32 89.45 0 4.114
1633941660 22.3 89.41 0 4.114
1633941720 22.3 89.44 0 4.114
1633941780 22.3 89.46 0 4.114
1633941840 22.28 89.43 0 4.114
1633941900 22.25 89.43 0 4.114
1633941960 22.27 89.42 0 4.114
1633942020 22.24 89.45 0 4.114
1633942080 22.22 89.47 0 4.114
1633942140 22.25 89.5 0 4.114
1633942200 22.19 89.55 0 4.114
1633942260 22.19 89.62 0 4.114
1633942320 22.15 89.69 0 4.114
1633942380 22.14 89.74 0 4.114
1633942440 22.14 89.8 0 4.114
1633942500 22.12 89.86 0 4.114
1633942560 22.11 89.96 0 4.108
1633942620 22.11 89.99 0 4.114
1633942680 22.1 90.07 0 4.114
1633942740 22.12 90.16 0 4.114
1633942800 22.08 90.19 0 4.114
1633942860 22.04 90.24 0 4.114
1633942920 22.01 90.33 0 4.114
1633942980 22.04 90.38 0 4.114
1633943040 22 90.44 0 4.114
1633943100 22 90.48 0 4.114
1633943160 22 90.55 0 4.114
1633943220 21.94 90.59 0 4.114
1633943280 21.94 90.61 0 4.108
1633943340 21.94 90.68 0 4.114
1633943400 21.93 90.74 0 4.114
1633943460 21.91 90.77 0 4.114
1633943520 21.91 90.81 0 4.114
1633943580 21.85 90.8 0 4.114
1633943640 21.84 90.86 0 4.114
1633943700 21.83 90.9 0 4.114
1633943760 21.81 90.92 0 4.114
1633943820 21.83 90.9 0 4.114
1633943880 21.79 90.94 0 4.114
1633943940 21.83 90.96 0 4.114
1633944000 21.8 91 0 4.108
1633944060 21.8 91.05 0 4.108
1633944120 21.81 91.05 0 4.108
1633944180 21.8 91.06 0 4.108
1633944240 21.81 91.11 0 4.114
1633944300 21.81 91.07 0 4.114
1633944360 21.8 91.13 0 4.114
1633944420 21.81 91.15 0 4.114
1633944480 21.79 91.17 0 4.114
1633944540 21.8 91.16 0 4.108
1633944600 21.77 91.18 0 4.114
1633944660 21.74 91.23 0 4.114
1633944720 21.74 91.24 0 4.114
1633944780 21.74 91.26 0 4.114
1633944840 21.74 91.32 0 4.114
1633944900 21.68 91.3 0 4.114
1633944960 21.68 91.36 0 4.114
1633945020 21.68 91.42 0 4.114
1633945080 21.68 91.45 0 4.108
1633945140 21.68 91.43 0 4.114
1633945200 21.7 91.53 0 4.114
1633945260 21.67 91.54 0 4.108
1633945320 21.68 91.58 0 4.108
1633945380 21.68 91.62 0 4.114
1633945440 21.68 91.64 0 4.114
1633945500 21.7 91.69 0 4.114
1633945560 21.68 91.73 0 4.108
1633945620 21.68 91.76 0 4.114
1633945680 21.7 91.75 0 4.114
1633945740 21.7 91.78 0 4.114
1633945800 21.7 91.84 0 4.114
1633945860 21.73 91.86 0 4.108
1633945920 21.73 91.86 0 4.114
1633945980 21.73 91.87 0 4.108
1633946040 21.76 91.92 0 4.108
1633946100 21.76 91.94 0 4.108
1633946160 21.77 91.96 0 4.108
1633946220 21.77 91.95 0 4.114
1633946280 21.77 91.94 0 4.114
1633946340 21.76 91.96 0 4.114
1633946400 21.77 91.97 0 4.108
1633946460 21.8 92 0 4.108
1633946520 21.8 92.02 0 4.108
1633946580 21.83 92.04 0 4.108
1633946640 21.83 92.05 0 4.114
1633946700 21.83 92.03 0 4.114
1633946760 21.81 92.06 0 4.108
1633946820 21.83 92.04 0 4.108
1633946880 21.84 92.07 0 4.108
1633946940 21.87 92.07 0 4.108
1633947000 21.85 92.05 0 4.108
1633947060 21.85 92.04 0 4.114
1633947120 21.87 92.12 0 4.108
1633947180 21.85 92.13 0 4.108
1633947240 21.88 92.06 0 4.108
1633947300 21.9 92.08 0 4.114
1633947360 21.91 92.02 0 4.114
1633947420 21.93 92 0 4.114
1633947480 21.94 92.01 0 4.108
1633947540 21.97 91.99 0 4.114
1633947600 21.98 91.97 0 4.114
1633947660 22 91.98 0 4.114
1633947720 22.01 91.89 0 4.114
1633947780 22.04 91.92 0 4.108
1633947840 22.04 91.88 0 4.108
1633947900 22.04 91.83 0 4.108
1633947960 22.04 91.79 0 4.108
1633948020 22.03 91.84 0 4.108
1633948080 22.03 91.82 0 4.108
1633948140 22.03 91.78 0 4.108
1633948200 22 91.8 0 4.114
1633948260 22.01 91.77 0 4.108
1633948320 22.01 91.76 0 4.108
1633948380 22.01 91.82 0 4.108
1633948440 22.03 91.75 0 4.114
1633948500 22.01 91.72 0 4.108
1633948560 22.01 91.7 0 4.108
1633948620 22.01 91.69 0 4.108
1633948680 22.03 91.74 0 4.108
1633948740 22.01 91.7 0 4.108
1633948800 22.01 91.69 0 4.108
1633948860 22.01 91.7 0 4.108
1633948920 22.04 91.68 0 4.108
1633948980 22.04 91.67 0 4.108
1633949040 22.03 91.62 0 4.114
1633949100 22.03 91.65 0 4.108
1633949160 22.03 91.66 0 4.108
1633949220 22.03 91.66 0 4.108
1633949280 22.05 91.66 0 4.108
1633949340 22.04 91.64 0 4.114
1633949400 22 91.64 0 4.108
1633949460 22.01 91.62 0 4.108
1633949520 22 91.6 0 4.108
1633949580 22.03 91.6 0 4.108
1633949640 22.03 91.61 0 4.108
1633949700 22.04 91.58 0 4.108
1633949760 22.03 91.57 0 4.108
1633949820 22.04 91.56 0 4.108
1633949880 22.04 91.59 0 4.108
1633949940 22.03 91.6 0 4.108
1633950000 22.03 91.56 0 4.108
1633950060 22.04 91.54 0 4.108
1633950120 22.04 91.52 0 4.108
1633950180 22.03 91.51 0 4.108
1633950240 22.01 91.48 0 4.108
1633950300 22.04 91.49 0 4.108
1633950360 22.03 91.49 0 4.108
1633950420 22.03 91.49 0 4.108
1633950480 22.04 91.51 0 4.108
1633950540 22.03 91.45 0 4.108
1633950600 22.03 91.49 0 4.108
1633950660 22.03 91.49 0 4.108
1633950720 22.03 91.47 0 4.108
1633950780 22.01 91.47 0 4.108
1633950840 22.03 91.49 0 4.108
1633950900 22.01 91.46 0 4.108
1633950960 22.01 91.49 0 4.108
1633951020 22 91.49 0 4.108
1633951080 22.03 91.55 0 4.108
1633951140 22.01 91.52 0 4.108
1633951200 22.01 91.53 0 4.108
1633951260 22 91.59 0 4.108
1633951320 21.98 91.52 0 4.108
1633951380 21.97 91.53 0 4.108
1633951440 21.97 91.58 0 4.108
1633951500 21.93 91.61 0 4.108
1633951560 21.94 91.66 0 4.108
1633951620 21.95 91.69 0 4.108
1633951680 21.91 91.69 0 4.108
1633951740 21.91 91.69 0 4.108
1633951800 21.88 91.73 0 4.108
1633951860 21.91 91.74 0 4.108
1633951920 21.9 91.76 0 4.108
1633951980 21.9 91.81 0 4.108
1633952040 21.87 91.81 0 4.108
1633952100 21.88 91.85 0 4.108
1633952160 21.88 91.87 0 4.108
1633952220 21.85 91.87 0 4.108
1633952280 21.84 91.83 0 4.103
1633952340 21.85 91.81 0 4.108
1633952400 21.88 91.77 0 4.108
1633952460 21.91 91.73 0 4.108
1633952520 21.93 91.66 0 4.108
1633952580 21.95 91.66 0 4.108
1633952640 21.98 91.7 0 4.108
1633952700 21.95 91.68 0 4.108
1633952760 21.97 91.75 0 4.108
1633952820 21.93 91.71 0 4.108
1633952880 21.95 91.67 0 4.108
1633952940 21.95 91.68 0 4.108
1633953000 21.95 91.67 0 4.108
1633953060 21.93 91.71 6 4.108
1633953120 21.91 91.71 6 4.108
1633953180 21.88 91.73 6 4.103
1633953240 21.85 91.78 6 4.108
1633953300 21.84 91.81 6 4.108
1633953360 21.81 91.84 6 4.108
1633953420 21.83 91.86 6 4.108
1633953480 21.81 91.91 6 4.108
1633953540 21.77 91.91 6 4.108
1633953600 21.8 91.96 6 4.108
1633953660 21.8 91.98 6 4.103
1633953720 21.76 92 6 4.108
1633953780 21.77 92.03 6 4.108
1633953840 21.76 92.05 6 4.108
1633953900 21.68 92.05 6 4.108
1633953960 21.67 92.07 6 4.108
1633954020 21.65 92.08 12 4.108
1633954080 21.64 92.07 6 4.103
1633954140 21.63 92.08 6 4.103
1633954200 21.64 92.08 6 4.103
1633954260 21.64 92.09 12 4.108
1633954320 21.64 92.13 12 4.108
1633954380 21.6 92.09 12 4.108
1633954440 21.61 92.13 12 4.108
1633954500 21.6 92.14 12 4.103
1633954560 21.57 92.13 12 4.108
1633954620 21.58 92.15 12 4.103
1633954680 21.6 92.16 12 4.108
1633954740 21.6 92.18 12 4.108
1633954800 21.58 92.18 18 4.108
1633954860 21.61 92.23 12 4.108
1633954920 21.6 92.2 18 4.108
1633954980 21.61 92.25 18 4.103
1633955040 21.61 92.23 18 4.108
1633955100 21.61 92.22 18 4.103
1633955160 21.61 92.22 18 4.108
1633955220 21.61 92.22 18 4.103
1633955280 21.63 92.23 18 4.103
1633955340 21.64 92.21 18 4.108
1633955400 21.63 92.21 18 4.103
1633955460 21.68 92.23 18 4.103
1633955520 21.7 92.23 18 4.108
1633955580 21.7 92.18 24 4.108
1633955640 21.71 92.14 24 4.108
1633955700 21.77 92.14 24 4.103
1633955760 21.8 92.16 24 4.103
1633955820 21.8 92.08 24 4.108
1633955880 21.84 92.07 24 4.103
1633955940 21.85 92.07 24 4.103
1633956000 21.85 92.04 24 4.103
1633956060 21.9 92 24 4.103
1633956120 21.91 91.98 24 4.108
1633956180 21.94 91.97 24 4.108
1633956240 21.97 91.89 30 4.103
1633956300 22 91.81 24 4.108
1633956360 22.01 91.76 30 4.108
1633956420 22.04 91.69 30 4.108
1633956480 22.07 91.63 30 4.108
1633956540 22.11 91.55 30 4.108
1633956600 22.11 91.42 36 4.108
1633956660 22.16 91.34 36 4.103
1633956720 22.18 91.25 36 4.108
1633956780 22.24 91.18 36 4.108
1633956840 22.25 91.08 36 4.108
1633956900 22.31 90.99 36 4.108
1633956960 22.31 90.87 36 4.103
1633957020 22.31 90.7 42 4.108
1633957080 22.31 90.51 42 4.108
1633957140 22.38 90.35 42 4.108
1633957200 22.38 90.22 42 4.108
1633957260 22.44 90.07 42 4.108
1633957320 22.45 89.99 42 4.103
1633957380 22.48 89.87 42 4.108
1633957440 22.55 89.78 42 4.108
1633957500 22.58 89.67 42 4.108
1633957560 22.59 89.56 48 4.108
1633957620 22.63 89.5 48 4.108
1633957680 22.66 89.31 48 4.103
1633957740 22.69 89.14 54 4.108
1633957800 22.72 88.99 54 4.108
1633957860 22.78 88.86 54 4.108
1633957920 22.8 88.8 48 4.103
1633957980 22.78 88.64 54 4.108
1633958040 22.76 88.52 54 4.103
1633958100 22.8 88.4 54 4.103
1633958160 22.85 88.27 48 4.108
1633958220 22.88 88.2 48 4.108
1633958280 22.89 88.11 54 4.103
1633958340 22.9 88.01 54 4.108
1633958400 22.96 87.98 54 4.108
1633958460 23.02 87.84 54 4.108
1633958520 23.03 87.73 60 4.108
1633958580 23.06 87.62 60 4.108
1633958640 23.1 87.46 60 4.108
1633958700 23.16 87.33 60 4.108
1633958760 23.2 87.29 66 4.108
1633958820 23.21 87.22 66 4.108
1633958880 23.21 87.14 66 4.108
1633958940 23.23 87.04 66 4.108
1633959000 23.26 87.1 66 4.108
1633959060 23.26 87.01 66 4.108
1633959120 23.3 86.99 66 4.108
1633959180 23.31 86.93 66 4.108
1633959240 23.3 86.91 72 4.108
1633959300 23.33 86.85 72 4.108
1633959360 23.37 86.82 78 4.108
1633959420 23.37 86.81 78 4.108
1633959480 23.37 86.77 84 4.108
1633959540 23.34 86.73 90 4.108
1633959600 23.29 86.74 96 4.108
1633959660 23.21 86.77 102 4.108
1633959720 23.2 86.82 108 4.108
1633959780 23.23 86.87 108 4.114
1633959840 23.23 86.93 108 4.108
1633959900 23.27 86.99 114 4.108
1633959960 23.29 86.97 114 4.108
1633960020 23.3 87.02 120 4.114
1633960080 23.36 86.95 126 4.114
1633960140 23.49 86.99 126 4.114
1633960200 23.46 86.94 126 4.114
1633960260 23.5 86.9 126 4.114
1633960320 23.53 86.88 132 4.114
1633960380 23.65 86.86 132 4.114
1633960440 23.65 86.84 132 4.114
1633960500 23.71 86.74 138 4.114
1633960560 23.71 86.68 144 4.114
1633960620 23.65 86.54 150 4.114
1633960680 23.67 86.48 156 4.114
1633960740 23.71 86.37 162 4.114
1633960800 23.7 86.25 162 4.119
1633960860 23.77 86.24 168 4.114
1633960920 23.77 86.08 174 4.114
1633960980 23.87 85.99 174 4.114
1633961040 24 85.87 180 4.114
1633961100 24.12 85.73 180 4.114
1633961160 24.19 85.55 180 4.119
1633961220 24.29 85.4 180 4.114
1633961280 24.38 85.22 174 4.114
1633961340 24.43 85.09 174 4.114
1633961400 24.52 84.87 174 4.119
1633961460 24.55 84.61 174 4.119
1633961520 24.62 84.5 168 4.119
1633961580 24.67 84.24 168 4.114
1633961640 24.73 84.03 168 4.119
1633961700 24.7 83.82 168 4.119
1633961760 24.67 83.57 168 4.114
1633961820 24.65 83.36 174 4.119
1633961880 24.66 83.19 186 4.119
1633961940 24.61 82.94 198 4.119
1633962000 24.56 82.92 210 4.119
1633962060 24.63 82.87 216 4.119
1633962120 24.76 82.76 210 4.125
1633962180 24.94 82.61 216 4.119
1633962240 25.04 82.38 204 4.119
1633962300 25.1 82.17 204 4.119
1633962360 25.14 81.98 198 4.119
1633962420 25.1 81.67 204 4.119
1633962480 25.21 81.51 198 4.119
1633962540 25.26 81.31 204 4.119
1633962600 25.17 81.12 204 4.119
1633962660 25.1 80.9 198 4.119
1633962720 25.13 80.76 198 4.119
1633962780 25.23 80.64 204 4.125
1633962840 25.31 80.49 204 4.119
1633962900 25.36 80.4 204 4.125
1633962960 25.26 80.25 210 4.119
1633963020 25.34 80.16 216 4.119
1633963080 25.4 80.06 216 4.119
1633963140 25.48 79.98 224 4.125
1633963200 25.65 79.87 228 4.125
1633963260 25.74 79.55 230 4.125
1633963320 25.77 79.28 236 4.125
1633963380 25.75 78.93 236 4.125
1633963440 25.82 78.8 236 4.119
1633963500 25.82 78.49 236 4.125
1633963560 25.85 78.27 236 4.125
1633963620 25.91 78.17 242 4.125
1633963680 25.79 77.97 242 4.13
1633963740 25.81 77.92 242 4.125
1633963800 25.77 77.82 242 4.125
1633963860 25.84 77.75 242 4.125
1633963920 25.89 77.65 242 4.13
1633963980 25.88 77.53 242 4.125
1633964040 25.89 77.44 242 4.125
1633964100 25.82 77.32 242 4.125
1633964160 25.84 77.35 248 4.13
1633964220 25.89 77.35 254 4.125
1633964280 25.69 77.12 260 4.13
1633964340 25.64 77.12 260 4.125
1633964400 25.57 77.14 266 4.13
1633964460 25.45 77.23 266 4.125
1633964520 25.51 77.38 266 4.13
1633964580 25.56 77.47 266 4.13
1633964640 25.67 77.48 266 4.125
1633964700 25.65 77.37 266 4.13
1633964760 25.84 77.32 266 4.13
1633964820 26.02 77.11 272 4.13
1633964880 26.08 76.95 272 4.13
1633964940 26.22 76.73 272 4.13
1633965000 26.28 76.44 278 4.13
1633965060 26.3 76.17 284 4.13
1633965120 26.44 76.05 284 4.13
1633965180 26.6 75.97 284 4.13
1633965240 26.72 75.77 284 4.13
1633965300 26.59 75.35 284 4.13
1633965360 26.63 75.15 284 4.13
1633965420 26.72 74.99 284 4.13
1633965480 26.77 75.03 284 4.135
1633965540 26.8 74.88 290 4.13
1633965600 26.7 74.68 290 4.135
1633965660 26.72 74.71 290 4.13
1633965720 26.66 74.6 314 4.13
1633965780 26.82 74.5 296 4.13
1633965840 26.97 74.38 296 4.135
1633965900 26.84 73.98 296 4.135
1633965960 26.73 73.86 296 4.135
1633966020 26.7 73.77 290 4.135
1633966080 26.59 73.64 284 4.13
1633966140 26.59 73.62 278 4.13
1633966200 26.6 73.41 272 4.13
1633966260 26.6 73.21 266 4.135
1633966320 26.69 73.1 266 4.135
1633966380 26.52 72.94 266 4.135
1633966440 26.59 72.84 260 4.135
1633966500 26.76 72.86 260 4.135
1633966560 26.77 72.6 260 4.13
1633966620 26.73 72.55 260 4.135
1633966680 26.77 72.44 260 4.135
1633966740 26.86 72.3 254 4.135
1633966800 26.87 72.15 254 4.13
1633966860 26.76 72.01 248 4.135
1633966920 26.52 71.81 248 4.135
1633966980 26.52 71.72 236 4.135
1633967040 26.49 71.66 236 4.135
1633967100 26.56 71.61 236 4.135
1633967160 26.57 71.53 230 4.135
1633967220 26.6 71.4 230 4.13
1633967280 26.6 71.36 230 4.135
1633967340 26.62 71.24 236 4.135
1633967400 26.57 71.13 236 4.135
1633967460 26.47 71.12 236 4.135
1633967520 26.36 71.04 236 4.135
1633967580 26.23 71.01 236 4.135
1633967640 26.33 71.12 236 4.135
1633967700 26.23 71.1 236 4.135
1633967760 26.21 71.19 236 4.135
1633967820 26.18 71.26 236 4.135
1633967880 26.25 71.35 236 4.135
1633967940 26.36 71.27 230 4.135
1633968000 26.3 71.22 224 4.135
1633968060 26.49 71.29 224 4.135
1633968120 26.38 71.22 218 4.135
1633968180 26.36 71.12 218 4.135
1633968240 26.32 70.96 218 4.135
1633968300 26.21 70.8 218 4.141
1633968360 26.16 70.78 224 4.135
1633968420 26.21 70.74 224 4.135
1633968480 26.29 70.76 224 4.135
1633968540 26.44 70.65 224 4.135
1633968600 26.46 70.55 224 4.135
1633968660 26.47 70.47 224 4.135
1633968720 26.56 70.45 224 4.135
1633968780 26.6 70.35 230 4.135
1633968840 26.56 70.26 230 4.135
1633968900 26.64 70.23 230 4.135
1633968960 26.83 70.15 224 4.135
1633969020 26.91 70.26 218 4.135
1633969080 26.86 70 212 4.135
1633969140 26.7 69.78 206 4.135
1633969200 26.64 69.79 200 4.135
1633969260 26.6 69.7 194 4.135
1633969320 26.5 69.62 188 4.135
1633969380 26.44 69.62 182 4.135
1633969440 26.36 69.53 176 4.135
1633969500 26.43 69.53 176 4.135
1633969560 26.39 69.66 176 4.135
1633969620 26.39 69.98 170 4.135
1633969680 26.38 70.07 170 4.135
1633969740 26.23 69.79 168 4.141
1633969800 26.14 69.93 170 4.135
1633969860 26.06 70.15 170 4.135
1633969920 26.03 70.2 170 4.135
1633969980 25.99 70.09 176 4.135
1633970040 25.93 70.21 176 4.135
1633970100 25.93 70.11 182 4.135
1633970160 25.92 70.28 182 4.141
1633970220 25.95 70.39 182 4.141
1633970280 25.84 70.79 188 4.135
1633970340 25.68 71.22 194 4.141
1633970400 25.68 72.03 188 4.135
1633970460 25.56 72.33 188 4.135
1633970520 25.57 72.75 188 4.141
1633970580 25.54 73.08 194 4.135
1633970640 25.48 73.19 194 4.141
1633970700 25.36 73.42 194 4.141
1633970760 25.44 73.58 194 4.141
1633970820 25.52 74.02 194 4.141
1633970880 25.63 74.14 194 4.141
1633970940 25.65 74.4 206 4.141
1633971000 25.69 75.04 206 4.141
1633971060 25.65 75.06 212 4.141
1633971120 25.67 75.28 212 4.141
1633971180 25.61 75.56 218 4.141
1633971240 25.61 76.2 224 4.141
1633971300 25.57 76.36 224 4.141
1633971360 25.58 76.68 224 4.141
1633971420 25.61 76.9 224 4.141
1633971480 25.64 77.17 224 4.146
1633971540 25.61 77.39 224 4.146
1633971600 25.49 77.17 224 4.141
1633971660 25.45 77.18 230 4.146
1633971720 25.47 76.52 230 4.146
1633971780 25.48 76.34 224 4.141
1633971840 25.49 76.55 224 4.141
1633971900 25.52 76.8 224 4.141
1633971960 25.67 77.13 218 4.141
1633972020 25.75 77.36 218 4.141
1633972080 25.69 77.38 218 4.141
1633972140 25.74 77.55 218 4.141
1633972200 25.78 77.59 218 4.146
1633972260 25.67 77.58 218 4.146
1633972320 25.64 77.42 218 4.146
1633972380 25.67 77.12 218 4.141
1633972440 25.77 77.16 212 4.141
1633972500 25.6 77.57 218 4.146
1633972560 25.42 77.81 212 4.141
1633972620 25.4 78.39 212 4.146
1633972680 25.47 78.81 212 4.146
1633972740 25.41 78.56 212 4.146
1633972800 25.3 78.68 212 4.146
1633972860 25.3 78.9 206 4.146
1633972920 25.33 79.01 200 4.146
1633972980 25.3 79.08 194 4.146
1633973040 25.18 78.96 188 4.141
1633973100 25.1 78.94 188 4.146
1633973160 25.16 79.09 182 4.141
1633973220 25.16 79.1 176 4.141
1633973280 25.07 79.18 176 4.141
1633973340 25.09 79.48 170 4.146
1633973400 25.07 79.33 170 4.146
1633973460 25.17 79.6 170 4.141
1633973520 25.21 79.82 170 4.141
1633973580 25.26 79.79 170 4.141
1633973640 25.27 80 170 4.141
1633973700 25.23 80.23 164 4.146
1633973760 25.24 80.14 164 4.141
1633973820 25.18 80.1 164 4.141
1633973880 25.12 80.41 164 4.141
1633973940 25.16 80.7 164 4.146
1633974000 25.3 80.95 170 4.141
1633974060 25.2 81.25 170 4.146
1633974120 25.03 81.43 176 4.141
1633974180 24.97 81.48 176 4.146
1633974240 24.85 81.47 182 4.146
1633974300 24.83 81.5 188 4.141
1633974360 24.86 81.63 194 4.146
1633974420 24.91 81.79 200 4.146
1633974480 24.89 81.98 206 4.146
1633974540 24.8 82.13 212 4.146
1633974600 24.82 82.25 224 4.146
1633974660 24.8 82.39 230 4.146
1633974720 24.79 82.57 249 4.151
1633974780 24.82 82.73 262 4.146
1633974840 24.85 82.84 298 4.146
1633974900 24.83 82.87 311 4.151
1633974960 24.98 83.07 328 4.151
1633975020 25.13 82.93 468 4.141
1633975080 25.27 82.88 376 4.135
1633975140 25.27 82.58 456 4.141
1633975200 25.48 82.84 692 4.141
1633975260 25.64 82.8 370 4.135
1633975320 25.71 82.5 346 4.135
1633975380 25.61 82.09 322 4.135
1633975440 25.89 81.99 308 4.135
1633975500 25.88 81.72 302 4.135
1633975560 25.92 81.78 290 4.135
1633975620 25.74 80.9 286 4.135
1633975680 25.89 80.35 280 4.146
1633975740 25.88 80.43 274 4.146
1633975800 25.91 80.52 268 4.146
1633975860 25.85 80.36 262 4.151
1633975920 25.82 79.7 262 4.146
1633975980 25.88 79.48 262 4.146
1633976040 25.69 79.46 262 4.151
1633976100 25.78 79.48 262 4.151
1633976160 25.78 79.22 262 4.146
1633976220 25.74 78.53 262 4.151
1633976280 25.78 78.45 256 4.157
1633976340 25.69 78.54 249 4.151
1633976400 25.71 78.76 242 4.151
1633976460 25.68 78.67 237 4.151
1633976520 25.68 78.2 236 4.146
1633976580 25.77 77.77 237 4.146
1633976640 25.85 77.84 243 4.151
1633976700 25.85 77.71 243 4.151
1633976760 25.93 77.56 230 4.146
1633976820 25.95 77.46 224 4.151
1633976880 26.01 77.01 218 4.151
1633976940 25.98 76.96 212 4.151
1633977000 25.99 77.01 200 4.151
1633977060 26.12 77.32 200 4.146
1633977120 25.98 77.18 200 4.151
1633977180 25.98 77.52 194 4.146
1633977240 25.69 77.2 194 4.151
1633977300 25.61 77.14 194 4.151
1633977360 25.52 77.3 194 4.146
1633977420 25.56 77.1 194 4.151
1633977480 25.58 76.92 194 4.151
1633977540 25.71 76.73 200 4.146
1633977600 25.84 76.87 200 4.151
1633977660 25.85 76.8 200 4.146
1633977720 25.68 76.93 200 4.151
1633977780 25.6 76.95 194 4.151
1633977840 25.54 77.08 194 4.151
1633977900 25.44 77.25 194 4.151
1633977960 25.34 77.3 194 4.151
1633978020 25.34 77.45 200 4.151
1633978080 25.4 77.59 200 4.151
1633978140 25.37 77.55 206 4.151
1633978200 25.42 77.93 206 4.151
1633978260 25.47 78.34 206 4.151
1633978320 25.36 78.3 206 4.151
1633978380 25.34 78.18 206 4.151
1633978440 25.42 78.08 200 4.151
1633978500 25.45 78.01 200 4.151
1633978560 25.42 77.79 200 4.151
1633978620 25.45 77.58 200 4.151
1633978680 25.47 77.3 200 4.151
1633978740 25.61 77.28 200 4.151
1633978800 25.6 77.21 194 4.151
1633978860 25.69 77.1 188 4.151
1633978920 25.78 76.92 188 4.151
1633978980 25.79 76.9 194 4.151
1633979040 25.78 76.72 194 4.151
1633979100 25.84 76.58 194 4.151
1633979160 25.78 76.46 194 4.157
1633979220 25.81 76.34 194 4.157
1633979280 25.93 76.1 194 4.151
1633979340 25.99 76.18 194 4.151
1633979400 25.89 76.06 194 4.151
1633979460 25.85 75.96 194 4.151
1633979520 25.91 75.62 194 4.151
1633979580 25.99 75.38 188 4.151
1633979640 26.06 75.12 188 4.151
1633979700 26.01 75.05 182 4.151
1633979760 26.09 75.14 182 4.151
1633979820 26.06 75.23 182 4.151
1633979880 26.02 75.5 182 4.151
1633979940 25.96 75.64 182 4.151
1633980000 26.06 75.56 182 4.157
1633980060 26.03 75.66 182 4.151
1633980120 25.96 75.83 182 4.151
1633980180 26.01 75.97 176 4.146
1633980240 26.03 76.3 176 4.151
1633980300 25.96 76.45 176 4.151
1633980360 26.06 76.87 170 4.151
1633980420 26.14 77.1 170 4.151
1633980480 26.11 77.01 170 4.151
1633980540 26.06 76.05 176 4.151
1633980600 26.02 75.79 170 4.151
1633980660 25.99 75.88 170 4.151
1633980720 25.99 75.81 170 4.151
1633980780 26.01 75.68 170 4.151
1633980840 26.03 75.88 170 4.151
1633980900 25.95 75.88 170 4.157
1633980960 25.96 76.01 176 4.151
1633981020 25.87 76.38 176 4.151
1633981080 25.78 76.58 176 4.151
1633981140 25.74 76.65 176 4.151
1633981200 25.79 76.66 176 4.151
1633981260 25.85 76.78 176 4.151
1633981320 25.79 76.91 176 4.151
1633981380 25.74 77.28 170 4.151
1633981440 25.78 77.51 170 4.151
1633981500 25.79 77.54 170 4.151
1633981560 25.65 77.74 164 4.151
1633981620 25.67 78.02 164 4.157
1633981680 25.63 78.21 158 4.157
1633981740 25.68 78.41 158 4.151
1633981800 25.71 78.39 152 4.157
1633981860 25.6 78.41 152 4.151
1633981920 25.57 78.44 152 4.151
1633981980 25.57 78.5 152 4.151
1633982040 25.58 78.68 152 4.151
1633982100 25.63 78.83 152 4.151
1633982160 25.58 78.99 152 4.151
1633982220 25.52 79.23 152 4.151
1633982280 25.52 79.54 152 4.157
1633982340 25.47 79.67 152 4.157
1633982400 25.47 79.91 152 4.157
1633982460 25.4 80.07 152 4.157
1633982520 25.4 80.1 158 4.151
1633982580 25.42 80.16 158 4.151
1633982640 25.41 80.16 158 4.157
1633982700 25.41 80.19 164 4.151
1633982760 25.45 80.24 164 4.151
1633982820 25.42 80.2 164 4.157
1633982880 25.45 80.28 164 4.157
1633982940 25.4 80.2 164 4.151
1633983000 25.42 80.04 164 4.157
1633983060 25.52 79.99 164 4.151
1633983120 25.51 79.84 170 4.157
1633983180 25.51 79.72 164 4.157
1633983240 25.56 79.57 164 4.157
1633983300 25.64 79.51 170 4.157
1633983360 25.68 79.4 170 4.157
1633983420 25.67 79.08 170 4.151
1633983480 25.69 78.73 176 4.157
1633983540 25.65 78.45 176 4.157
1633983600 25.64 78.25 176 4.157
1633983660 25.69 78.11 176 4.157
1633983720 25.64 77.74 176 4.157
1633983780 25.64 77.51 182 4.146
1633983840 25.69 77.38 176 4.157
1633983900 25.69 77.27 176 4.157
1633983960 25.77 77.15 176 4.157
1633984020 25.77 76.94 170 4.157
1633984080 25.81 76.7 170 4.157
1633984140 25.96 76.8 164 4.157
1633984200 25.96 76.93 164 4.157
1633984260 25.95 77.13 158 4.157
1633984320 25.84 77.23 158 4.157
1633984380 25.79 77.45 152 4.157
1633984440 25.82 77.56 146 4.151
1633984500 25.78 77.75 146 4.157
1633984560 25.75 77.95 146 4.157
1633984620 25.75 78.13 146 4.157
1633984680 25.74 78.18 146 4.151
1633984740 25.75 78.06 146 4.151
1633984800 25.78 78.21 146 4.157
1633984860 25.81 78.37 146 4.157
1633984920 25.81 78.5 146 4.157
1633984980 25.87 78.61 146 4.157
1633985040 25.85 78.41 146 4.157
1633985100 25.79 78.35 146 4.157
1633985160 25.84 78.39 152 4.157
1633985220 25.88 78.4 146 4.157
1633985400 25.89 78.39 146 4.157
1633985460 25.87 78.41 146 4.157
1633985520 25.89 78.44 146 4.157
1633985580 25.95 78.37 146 4.157
1633985640 25.89 78.41 152 4.157
1633985700 25.87 78.4 152 4.151
1633985760 25.87 78.41 152 4.157
1633985820 25.89 78.52 152 4.157
1633985880 25.84 78.62 152 4.157
1633985940 25.79 78.69 152 4.157
1633986000 25.82 78.68 158 4.157
1633986060 25.82 78.77 158 4.157
1633986120 25.82 78.8 158 4.157
1633986180 25.84 78.9 158 4.157
1633986240 25.84 78.85 158 4.157
1633986300 25.79 78.8 158 4.157
1633986360 25.84 78.85 158 4.151
1633986420 25.87 78.91 158 4.157
1633986480 25.79 78.81 164 4.157
1633986540 25.88 78.88 164 4.157
1633986600 25.87 78.93 164 4.151
1633986660 25.85 78.97 170 4.157
1633986720 25.96 79.04 170 4.157
1633986780 26.02 79.13 176 4.157
1633986840 26.01 79.21 176 4.157
1633986900 25.98 79.16 176 4.162
1633986960 26.02 79.13 176 4.157
1633987020 26.01 78.97 182 4.157
1633987080 26.01 78.91 182 4.157
1633987140 26.06 78.89 182 4.157
1633987200 26.09 78.89 182 4.162
1633987260 26.12 78.89 182 4.157
1633987320 26.18 78.84 182 4.157
1633987380 26.25 78.83 182 4.157
1633987440 26.29 78.75 182 4.157
1633987500 26.19 78.61 188 4.151
1633987560 26.33 78.61 188 4.157
1633987620 26.32 78.69 188 4.157
1633987680 26.35 78.68 188 4.157
1633987740 26.36 78.61 188 4.157
1633987800 26.25 78.59 188 4.157
1633987860 26.23 78.54 182 4.157
1633987920 26.25 78.56 182 4.157
1633987980 26.32 78.59 182 4.157
1633988040 26.25 78.53 188 4.157
1633988100 26.19 78.63 182 4.157
1633988160 26.18 78.76 182 4.157
1633988220 26.22 78.69 182 4.157
1633988280 26.11 78.68 188 4.157
1633988340 26.08 78.64 188 4.157
1633988400 26.08 78.68 164 4.146
1633988460 26.12 78.67 158 4.157
1633988520 26.11 78.64 152 4.157
1633988580 26.14 78.63 152 4.157
1633988640 26.21 78.69 152 4.151
1633988700 26.15 78.65 146 4.157
1633988760 26.12 78.67 152 4.157
1633988820 26.08 78.8 152 4.157
1633988880 26.09 78.79 152 4.157
1633988940 26.16 78.83 146 4.157
1633989000 26.11 78.78 152 4.157
1633989060 25.98 78.8 152 4.157
1633989120 25.85 78.84 152 4.157
1633989180 25.87 79.01 158 4.157
1633989240 25.91 79.11 158 4.157
1633989300 25.91 79.2 158 4.151
1633989360 25.95 79.26 158 4.157
1633989420 25.89 79.22 158 4.157
1633989480 25.81 79.31 158 4.157
1633989540 25.85 79.37 158 4.157
1633989600 25.88 79.44 158 4.157
1633989660 25.87 79.51 158 4.157
1633989720 25.85 79.46 158 4.162
1633989780 25.88 79.51 164 4.157
1633989840 25.85 79.48 164 4.157
1633989900 25.77 79.4 164 4.157
1633989960 25.84 79.49 164 4.157
1633990020 25.74 79.38 170 4.157
1633990080 25.72 79.41 170 4.162
1633990140 25.79 79.46 170 4.162
1633990200 25.89 79.58 170 4.157
1633990260 25.87 79.49 170 4.157
1633990320 25.95 79.51 170 4.157
1633990380 26.02 79.48 170 4.157
1633990440 26.11 79.35 164 4.157
1633990500 26.18 79.31 164 4.157
1633990560 26.19 79.07 170 4.157
1633990620 26.21 78.86 164 4.157
1633990680 26.18 78.74 164 4.162
1633990740 26.21 78.75 158 4.157
1633990800 26.23 78.73 152 4.162
1633990860 26.28 78.62 146 4.157
1633990920 26.3 78.56 140 4.162
1633990980 26.26 78.44 134 4.157
1633991040 26.35 78.42 128 4.157
1633991100 26.39 78.34 121 4.157
1633991160 26.33 78.28 115 4.157
1633991220 26.28 78.18 109 4.157
1633991280 26.33 78.18 96 4.157
1633991340 26.33 78.07 90 4.157
1633991400 26.21 77.98 90 4.157
1633991460 26.09 78.05 84 4.157
1633991520 25.95 78.21 78 4.157
1633991580 25.92 78.45 78 4.157
1633991640 25.87 78.63 72 4.157
1633991700 25.93 78.87 72 4.157
1633991760 25.78 78.94 66 4.157
1633991820 25.72 79.12 66 4.157
1633991880 25.71 79.22 66 4.157
1633991940 25.64 79.4 66 4.157
1633992000 25.58 79.51 66 4.151
1633992060 25.54 79.63 66 4.151
1633992120 25.51 79.78 60 4.157
1633992180 25.52 79.86 60 4.151
1633992240 25.52 79.93 60 4.157
1633992300 25.47 79.91 54 4.151
1633992360 25.45 79.97 54 4.151
1633992420 25.42 80.05 48 4.157
1633992480 25.4 80.16 48 4.151
1633992540 25.36 80.18 48 4.157
1633992600 25.38 80.24 48 4.157
1633992660 25.36 80.23 48 4.151
1633992720 25.31 80.3 48 4.151
1633992780 25.33 80.35 42 4.151
1633992840 25.34 80.43 42 4.157
1633992900 25.34 80.54 42 4.151
1633992960 25.31 80.58 36 4.151
1633993020 25.26 80.67 36 4.151
1633993080 25.2 80.65 36 4.157
1633993140 25.16 80.68 36 4.151
1633993200 25.14 80.73 36 4.151
1633993260 25.09 80.79 30 4.151
1633993320 25.04 80.82 30 4.151
1633993380 25.09 80.94 30 4.151
1633993440 25.04 81.01 30 4.151
1633993500 25.03 81.13 30 4.157
1633993560 25.04 81.16 30 4.151
1633993620 25.04 81.25 30 4.151
1633993680 25.04 81.29 30 4.151
1633993740 25.06 81.33 30 4.151
1633993800 25.02 81.38 30 4.151
1633993860 25.03 81.49 30 4.151
1633993920 25.03 81.57 30 4.151
1633993980 24.97 81.6 30 4.151
1633994040 24.93 81.53 30 4.151
1633994100 24.94 81.49 30 4.151
1633994160 24.94 81.52 30 4.151
1633994220 24.94 81.58 30 4.151
1633994280 24.91 81.7 24 4.151
1633994340 24.89 81.74 24 4.151
1633994400 24.89 81.75 24 4.151
1633994460 24.89 81.84 24 4.151
1633994520 24.83 81.93 24 4.151
1633994580 24.83 82.02 18 4.157
1633994640 24.82 82.03 18 4.151
1633994700 24.83 82.15 18 4.151
1633994760 24.82 82.26 18 4.151
1633994820 24.77 82.32 18 4.151
1633994880 24.75 82.49 18 4.151
1633994940 24.76 82.56 12 4.151
1633995000 24.76 82.65 12 4.151
1633995060 24.72 82.51 12 4.151
1633995120 24.76 82.56 12 4.151
1633995180 24.73 82.57 12 4.151
1633995240 24.72 82.58 6 4.151
1633995300 24.72 82.59 6 4.151
1633995360 24.7 82.61 6 4.151
1633995420 24.69 82.67 6 4.151
1633995480 24.69 82.77 6 4.151
1633995540 24.65 82.86 0 4.151
1633995600 24.65 82.85 0 4.146
1633995660 24.63 82.93 6 4.146
1633995720 24.62 83.09 0 4.151
1633995780 24.61 83.2 0 4.151
1633995840 24.59 83.26 0 4.151
1633995900 24.55 83.28 0 4.151
1633995960 24.52 83.34 0 4.151
1633996020 24.46 83.48 0 4.151
1633996080 24.46 83.51 0 4.151
1633996140 24.43 83.55 0 4.151
1633996200 24.42 83.61 0 4.151
1633996260 24.39 83.64 0 4.151
1633996320 24.39 83.67 0 4.151
1633996380 24.38 83.76 0 4.151
1633996440 24.39 83.84 0 4.151
1633996500 24.33 83.91 0 4.151
1633996560 24.29 83.91 0 4.151
1633996620 24.26 83.96 0 4.151
1633996680 24.28 84.04 0 4.151
1633996740 24.25 84.1 0 4.151
1633996800 24.21 84.13 0 4.151
1633996860 24.21 84.16 0 4.151
1633996920 24.28 84.07 0 4.151
1633996980 24.25 84.11 0 4.151
1633997040 24.25 84.16 0 4.151
1633997100 24.22 84.15 0 4.146
1633997160 24.22 84.08 0 4.151
1633997220 24.25 84.09 0 4.151
1633997280 24.28 84.04 0 4.151
1633997340 24.28 84.01 0 4.151
1633997400 24.26 83.99 0 4.151
1633997460 24.28 84.04 0 4.151
1633997520 24.28 84.07 0 4.151
1633997580 24.26 84.09 0 4.151
1633997640 24.26 84.15 0 4.151
1633997700 24.22 84.1 0 4.151
1633997760 24.21 84.1 0 4.151
1633997820 24.21 84.13 0 4.146
1633997880 24.22 84.15 0 4.151
1633997940 24.18 84.2 0 4.151
1633998000 24.15 84.21 0 4.151
1633998060 24.12 84.25 0 4.146
1633998120 24.12 84.26 0 4.151
1633998180 24.05 84.16 0 4.151
1633998240 24.04 84.17 0 4.151
1633998300 24 84.16 0 4.151
1633998360 23.94 84.16 0 4.146
1633998420 23.91 84.18 0 4.151
1633998480 23.89 84.26 0 4.146
1633998540 23.87 84.33 0 4.151
1633998600 23.8 84.42 0 4.151
1633998660 23.77 84.61 0 4.151
1633998720 23.71 84.69 0 4.146
1633998780 23.65 84.73 0 4.151
1633998840 23.64 84.85 0 4.151
1633998900 23.61 84.95 0 4.151
1633998960 23.59 85.04 0 4.151
1633999020 23.54 85.15 0 4.151
1633999080 23.49 85.3 0 4.151
1633999140 23.46 85.39 0 4.151
1633999200 23.49 85.59 0 4.146
1633999260 23.46 85.69 0 4.146
1633999320 23.43 85.8 0 4.151
1633999380 23.44 85.9 0 4.146
1633999440 23.37 86.05 0 4.146
1633999500 23.34 86.02 0 4.146
1633999560 23.37 86.12 0 4.146
1633999620 23.37 86.2 0 4.146
1633999680 23.34 86.29 0 4.146
1633999740 23.33 86.36 0 4.146
1633999800 23.31 86.48 0 4.146
1633999860 23.29 86.55 0 4.146
1633999920 23.26 86.61 0 4.146
1633999980 23.23 86.56 0 4.146
1634000040 23.27 86.55 0 4.146
1634000100 23.33 86.59 0 4.146
1634000160 23.36 86.71 0 4.146
1634000220 23.33 86.69 0 4.146
1634000280 23.33 86.67 0 4.146
1634000340 23.36 86.66 0 4.146
1634000400 23.34 86.64 0 4.146
1634000460 23.39 86.61 0 4.146
1634000520 23.37 86.53 0 4.146
1634000580 23.41 86.58 0 4.146
1634000640 23.39 86.58 0 4.146
1634000700 23.39 86.53 0 4.146
1634000760 23.36 86.52 0 4.146
1634000820 23.39 86.52 0 4.146
1634000880 23.36 86.51 0 4.146
1634000940 23.37 86.47 0 4.146
1634001000 23.37 86.45 0 4.146
1634001060 23.39 86.46 0 4.146
1634001120 23.34 86.34 0 4.151
1634001180 23.37 86.35 0 4.146
1634001240 23.36 86.31 0 4.146
1634001300 23.39 86.32 0 4.146
1634001360 23.39 86.29 0 4.146
1634001420 23.36 86.28 0 4.146
1634001480 23.36 86.28 0 4.146
1634001540 23.33 86.26 0 4.146
1634001600 23.34 86.27 0 4.146
1634001660 23.33 86.34 0 4.146
1634001720 23.31 86.37 0 4.146
1634001780 23.31 86.29 0 4.151
1634001840 23.29 86.27 0 4.146
1634001900 23.29 86.26 0 4.146
1634001960 23.3 86.26 0 4.146
1634002020 23.3 86.27 0 4.146
1634002080 23.27 86.33 0 4.146
1634002140 23.3 86.35 0 4.146
1634002200 23.29 86.41 0 4.146
1634002260 23.24 86.38 0 4.146
1634002320 23.24 86.44 0 4.146
1634002380 23.2 86.43 0 4.146
1634002440 23.23 86.45 0 4.146
1634002500 23.24 86.46 0 4.146
1634002560 23.21 86.5 0 4.146
1634002620 23.21 86.55 0 4.146
1634002680 23.19 86.53 0 4.146
1634002740 23.2 86.48 0 4.146
1634002800 23.21 86.46 0 4.146
1634002860 23.19 86.5 0 4.146
1634002920 23.2 86.53 0 4.146
1634002980 23.21 86.54 0 4.146
1634003040 23.19 86.51 0 4.146
1634003100 23.21 86.46 0 4.146
1634003160 23.21 86.47 0 4.146
1634003220 23.19 86.43 0 4.146
1634003280 23.17 86.39 0 4.146
1634003340 23.19 86.39 0 4.146
1634003400 23.19 86.39 0 4.146
1634003460 23.17 86.35 0 4.146
1634003520 23.14 86.31 0 4.146
1634003580 23.17 86.27 0 4.146
1634003640 23.14 86.26 0 4.146
1634003700 23.17 86.2 0 4.141
1634003760 23.19 86.15 0 4.146
1634003820 23.2 86.14 0 4.146
1634003880 23.2 86.13 0 4.146
1634003940 23.23 86.11 0 4.146
1634004000 23.26 86.15 0 4.146
1634004060 23.2 86.08 0 4.146
1634004120 23.2 86.06 0 4.146
1634004180 23.21 86.03 0 4.146
1634004240 23.21 86 0 4.146
1634004300 23.21 86 0 4.146
1634004360 23.24 85.96 0 4.146
1634004420 23.23 85.95 0 4.146
1634004480 23.24 85.86 0 4.146
1634004540 23.26 85.74 0 4.146
1634004600 23.27 85.71 0 4.146
1634004660 23.24 85.61 0 4.146
1634004720 23.29 85.62 0 4.146
1634004780 23.29 85.6 0 4.146
1634004840 23.26 85.58 0 4.146
1634004900 23.24 85.53 0 4.146
1634004960 23.26 85.48 0 4.146
1634005020 23.27 85.39 0 4.146
1634005080 23.26 85.34 0 4.146
1634005140 23.27 85.34 0 4.146
1634005200 23.24 85.26 0 4.146
1634005260 23.24 85.25 0 4.146
1634005320 23.24 85.17 0 4.146
1634005380 23.26 85.17 0 4.146
1634005440 23.23 85.14 0 4.146
1634005500 23.26 85.11 0 4.141
1634005560 23.27 85.12 0 4.141
1634005620 23.26 85.12 0 4.146
1634005680 23.29 85.15 0 4.146
1634005740 23.24 85.14 0 4.146
1634005800 23.27 85.14 0 4.146
1634005860 23.23 85.06 0 4.146
1634005920 23.26 85 0 4.141
1634005980 23.29 84.99 0 4.146
1634006040 23.26 84.94 0 4.146
1634006100 23.23 85.02 0 4.146
1634006160 23.23 85.02 0 4.146
1634006220 23.21 85.01 0 4.146
1634006280 23.19 84.95 0 4.146
1634006340 23.19 84.92 0 4.146
1634006400 23.19 84.87 0 4.141
1634006460 23.16 84.8 0 4.141
1634006520 23.2 84.8 0 4.146
1634006580 23.14 84.74 0 4.146
1634006640 23.16 84.73 0 4.141
1634006700 23.19 84.72 0 4.146
1634006760 23.17 84.69 0 4.141
1634006820 23.17 84.55 0 4.146
1634006880 23.19 84.48 0 4.146
1634006940 23.21 84.41 0 4.146
1634007000 23.21 84.37 0 4.146
1634007060 23.2 84.35 0 4.146
1634007120 23.19 84.26 0 4.141
1634007180 23.23 84.25 0 4.146
1634007240 23.23 84.17 0 4.146
1634007300 23.26 84.16 0 4.141
1634007360 23.24 84.19 0 4.146
1634007420 23.21 84.24 0 4.141
1634007480 23.17 84.26 0 4.141
1634007540 23.14 84.33 0 4.141
1634007600 23.14 84.44 0 4.146
1634007660 23.09 84.52 0 4.141
1634007720 23.1 84.66 0 4.146
1634007780 23.07 84.7 0 4.141
1634007840 23.1 84.8 0 4.146
1634007900 23.1 84.84 0 4.141
1634007960 23.09 84.88 0 4.141
1634008020 23.06 84.9 0 4.146
1634008080 23.06 84.96 0 4.146
1634008140 23.06 84.97 0 4.141
1634008200 23.06 85.03 0 4.135
1634008260 23.06 85.09 0 4.141
1634008320 23.03 85.13 0 4.141
1634008380 23.06 85.14 0 4.141
1634008440 23.03 85.16 0 4.141
1634008500 23.03 85.15 0 4.141
1634008560 23.03 85.11 0 4.146
1634008620 23.05 85.04 0 4.141
1634008680 23.06 84.98 0 4.141
1634008740 23.05 84.98 0 4.141
1634008800 23.09 85.03 0 4.146
1634008860 23.05 84.99 0 4.141
1634008920 23.06 84.96 0 4.141
1634008980 23.1 85.01 0 4.141
1634009040 23.07 85 0 4.141
1634009100 23.1 84.98 0 4.135
1634009160 23.07 85 0 4.141
1634009220 23.07 84.97 0 4.146
1634009280 23.03 84.93 0 4.141
1634009340 23.03 84.93 0 4.141
1634009400 23.06 84.92 0 4.141
1634009460 23.03 84.87 0 4.141
1634009520 23.02 84.87 0 4.146
1634009580 23.03 84.95 0 4.141
1634009640 23.03 84.95 0 4.141
1634009700 22.99 84.91 0 4.141
1634009760 22.97 84.88 0 4.141
1634009820 22.96 84.84 0 4.141
1634009880 22.99 84.87 0 4.141
1634009940 22.96 84.9 0 4.141
1634010000 22.97 84.95 0 4.135
1634010060 22.95 84.96 0 4.141
1634010120 22.96 85 0 4.141
1634010180 22.95 85.04 0 4.141
1634010240 22.95 85.08 0 4.141
1634010300 22.95 85.19 0 4.141
1634010360 22.92 85.27 0 4.141
1634010420 22.9 85.3 0 4.141
1634010480 22.9 85.31 0 4.141
1634010540 22.88 85.36 0 4.141
1634010600 22.85 85.39 0 4.141
1634010660 22.82 85.42 0 4.141
1634010720 22.85 85.48 0 4.141
1634010780 22.83 85.51 0 4.141
1634010840 22.82 85.57 0 4.141
1634010900 22.79 85.6 0 4.141
1634010960 22.83 85.65 0 4.141
1634011020 22.83 85.74 0 4.141
1634011080 22.8 85.85 0 4.141
1634011140 22.83 85.95 0 4.141
1634011200 22.8 86 0 4.141
1634011260 22.79 85.99 0 4.141
1634011320 22.78 86.01 0 4.141
1634011380 22.78 86.07 0 4.141
1634011440 22.78 86.08 0 4.141
1634011500 22.76 86.15 0 4.135
1634011560 22.78 86.16 0 4.141
1634011620 22.76 86.19 0 4.141
1634011680 22.76 86.26 0 4.141
1634011740 22.76 86.3 0 4.141
1634011800 22.73 86.3 0 4.141
1634011860 22.75 86.32 0 4.141
1634011920 22.75 86.39 0 4.141
1634011980 22.75 86.37 0 4.141
1634012040 22.75 86.43 0 4.141
1634012100 22.73 86.44 0 4.141
1634012160 22.72 86.44 0 4.141
1634012220 22.73 86.43 0 4.141
1634012280 22.73 86.46 0 4.141
1634012340 22.7 86.48 0 4.141
1634012400 22.7 86.54 0 4.141
1634012460 22.69 86.53 0 4.141
1634012520 22.69 86.57 0 4.141
1634012580 22.69 86.54 0 4.141
1634012640 22.7 86.6 0 4.141
1634012700 22.69 86.56 0 4.135
1634012760 22.68 86.52 0 4.135
1634012820 22.69 86.52 0 4.141
1634012880 22.69 86.51 0 4.141
1634012940 22.7 86.54 0 4.135
1634013000 22.73 86.58 0 4.141
1634013060 22.7 86.55 0 4.141
1634013120 22.69 86.56 0 4.141
1634013180 22.72 86.56 0 4.141
1634013240 22.7 86.56 0 4.135
1634013300 22.69 86.55 0 4.141
1634013360 22.7 86.52 0 4.141
1634013420 22.72 86.55 0 4.141
1634013480 22.72 86.54 0 4.141
1634013540 22.7 86.58 0 4.141
1634013600 22.7 86.56 0 4.13
1634013660 22.72 86.56 0 4.135
1634013720 22.68 86.54 0 4.135
1634013780 22.7 86.51 0 4.141
1634013840 22.7 86.52 0 4.135
1634013900 22.7 86.48 0 4.135
1634013960 22.69 86.47 0 4.141
1634014020 22.68 86.5 0 4.141
1634014080 22.69 86.5 0 4.141
1634014140 22.66 86.48 0 4.135
1634014200 22.69 86.5 0 4.135
1634014260 22.69 86.51 0 4.141
1634014320 22.68 86.52 0 4.141
1634014380 22.69 86.51 0 4.141
1634014440 22.7 86.51 0 4.141
1634014500 22.72 86.56 0 4.135
1634014560 22.72 86.55 0 4.135
1634014620 22.7 86.48 0 4.135
1634014680 22.72 86.46 0 4.141
1634014740 22.72 86.45 0 4.135
