1633928400 22.91 87.62 0 4.028
1633928460 22.94 87.66 0 4.028
1633928520 22.93 87.62 0 4.028
1633928580 22.93 87.79 0 4.028
1633928640 22.9 87.8 0 4.028
1633928700 22.88 87.85 0 4.028
1633928760 22.87 87.82 0 4.028
1633928820 22.85 87.82 0 4.028
1633928880 22.83 87.89 0 4.028
1633928940 22.78 87.98 0 4.022
1633929000 22.77 88 0 4.028
1633929060 22.75 87.96 0 4.022
1633929120 22.78 87.99 0 4.028
1633929180 22.75 87.95 0 4.022
1633929240 22.77 87.91 0 4.028
1633929300 22.78 87.82 0 4.022
1633929360 22.77 87.85 0 4.022
1633929420 22.81 87.86 0 4.022
1633929480 22.79 87.77 0 4.028
1633929540 22.78 87.77 0 4.022
1633929600 22.75 87.73 0 4.028
1633929660 22.74 87.74 0 4.028
1633929720 22.74 87.78 0 4.028
1633929780 22.74 87.85 0 4.022
1633929840 22.75 87.85 0 4.022
1633929900 22.77 87.77 0 4.022
1633929960 22.77 87.73 0 4.022
1633930020 22.75 87.78 0 4.022
1633930080 22.77 87.79 0 4.022
1633930140 22.75 87.84 0 4.022
1633930200 22.75 87.8 0 4.028
1633930260 22.77 87.82 0 4.022
1633930320 22.74 87.84 0 4.022
1633930380 22.71 87.86 0 4.022
1633930440 22.73 88.02 0 4.022
1633930500 22.73 88.03 0 4.022
1633930560 22.73 88.14 0 4.022
1633930620 22.71 88.14 0 4.022
1633930680 22.7 88.13 0 4.022
1633930740 22.7 88.26 0 4.022
1633930800 22.7 88.35 0 4.022
1633930860 22.68 88.32 0 4.022
1633930920 22.7 88.3 0 4.022
1633930980 22.7 88.42 0 4.022
1633931040 22.67 88.44 0 4.022
1633931100 22.68 88.43 0 4.022
1633931160 22.66 88.45 0 4.022
1633931220 22.66 88.45 0 4.022
1633931280 22.66 88.5 0 4.022
1633931340 22.66 88.46 0 4.022
1633931400 22.66 88.48 0 4.022
1633931460 22.66 88.53 0 4.022
1633931520 22.67 88.49 0 4.022
1633931580 22.66 88.45 0 4.017
1633931640 22.64 88.51 0 4.017
1633931700 22.64 88.58 0 4.022
1633931760 22.63 88.64 0 4.017
1633931820 22.61 88.62 0 4.017
1633931880 22.64 88.66 0 4.017
1633931940 22.64 88.66 0 4.022
1633932000 22.66 88.69 0 4.017
1633932060 22.64 88.7 0 4.017
1633932120 22.68 88.65 0 4.022
1633932180 22.7 88.7 0 4.022
1633932240 22.7 88.68 0 4.022
1633932300 22.71 88.57 0 4.017
1633932360 22.7 88.64 0 4.022
1633932420 22.73 88.49 0 4.022
1633932480 22.74 88.44 0 4.017
1633932540 22.75 88.35 0 4.017
1633932600 22.75 88.28 0 4.017
1633932660 22.77 88.24 0 4.017
1633932720 22.79 88.16 0 4.017
1633932780 22.81 88.15 0 4.022
1633932840 22.87 88.09 0 4.017
1633932900 22.84 88.03 0 4.022
1633932960 22.88 88.03 0 4.017
1633933020 22.85 88.02 0 4.017
1633933080 22.84 88.03 0 4.017
1633933140 22.81 87.98 0 4.017
1633933200 22.79 87.94 0 4.017
1633933260 22.78 88.02 0 4.017
1633933320 22.77 87.99 0 4.017
1633933380 22.75 87.96 0 4.017
1633933440 22.77 87.86 0 4.017
1633933500 22.77 87.88 0 4.017
1633933560 22.77 87.82 0 4.017
1633933620 22.75 87.75 0 4.017
1633933680 22.75 87.89 0 4.017
1633933740 22.77 87.77 0 4.017
1633933800 22.81 87.47 0 4.017
1633933860 22.83 87.21 0 4.017
1633933920 22.83 87.19 0 4.017
1633933980 22.84 87.12 0 4.017
1633934040 22.87 87.11 0 4.017
1633934100 22.87 86.97 0 4.017
1633934160 22.85 86.91 0 4.017
1633934220 22.88 86.94 0 4.017
1633934280 22.88 86.88 0 4.017
1633934340 22.91 86.86 0 4.017
1633934400 22.94 86.74 0 4.017
1633934460 22.93 86.61 0 4.017
1633934520 22.93 86.63 0 4.017
1633934580 22.91 86.54 0 4.017
1633934640 22.95 86.5 0 4.017
1633934700 22.95 86.47 0 4.017
1633934760 22.97 86.58 0 4.012
1633934820 22.95 86.54 0 4.017
1633934880 22.97 86.73 0 4.017
1633934940 22.9 86.65 0 4.012
1633935000 22.87 86.44 0 4.017
1633935060 22.87 86.54 0 4.017
1633935120 22.85 86.51 0 4.017
1633935180 22.83 86.63 0 4.017
1633935240 22.78 86.7 0 4.012
1633935300 22.77 86.86 0 4.012
1633935360 22.77 86.8 0 4.012
1633935420 22.74 86.87 0 4.012
1633935480 22.74 86.99 0 4.012
1633935540 22.77 87 0 4.012
1633935600 22.74 87.03 0 4.012
1633935660 22.75 87.13 0 4.012
1633935720 22.75 87.15 0 4.012
1633935780 22.75 87.09 0 4.012
1633935840 22.74 87 0 4.012
1633935900 22.74 86.99 0 4.017
1633935960 22.74 86.99 0 4.017
1633936020 22.71 86.87 0 4.017
1633936080 22.7 86.88 0 4.012
1633936140 22.71 86.88 0 4.012
1633936200 22.68 86.89 0 4.012
1633936260 22.67 86.91 0 4.012
1633936320 22.68 86.88 0 4.012
1633936380 22.68 86.84 0 4.012
1633936440 22.7 86.84 0 4.012
1633936500 22.7 86.82 0 4.012
1633936560 22.7 86.81 0 4.012
1633936620 22.73 86.88 0 4.012
1633936680 22.75 86.82 0 4.012
1633936740 22.79 86.75 0 4.012
1633936800 22.77 86.64 0 4.012
1633936860 22.78 86.66 0 4.012
1633936920 22.77 86.62 0 4.012
1633936980 22.79 86.5 0 4.012
1633937040 22.83 86.39 0 4.006
1633937100 22.83 86.43 0 4.012
1633937160 22.87 86.31 0 4.006
1633937220 22.88 86.26 0 4.012
1633937280 22.91 86.33 0 4.012
1633937340 22.91 86.33 0 4.012
1633937400 22.93 86.35 0 4.012
1633937460 22.93 86.32 0 4.012
1633937520 22.97 86.22 0 4.012
1633937580 22.97 86.05 0 4.012
1633937640 22.98 86.02 0 4.012
1633937700 22.95 85.9 0 4.012
1633937760 22.97 85.84 0 4.012
1633937820 22.99 85.98 0 4.012
1633937880 22.97 86 0 4.012
1633937940 22.88 86.41 0 4.012
1633938000 22.81 86.66 0 4.012
1633938060 22.77 86.93 0 4.012
1633938120 22.7 87.11 0 4.006
1633938180 22.64 87.44 0 4.006
1633938240 22.63 87.62 0 4.012
1633938300 22.54 88.01 0 4.006
1633938360 22.47 88.34 0 4.006
1633938420 22.42 88.66 0 4.012
1633938480 22.39 89.02 0 4.012
1633938540 22.36 89.07 0 4.012
1633938600 22.33 89.24 0 4.006
1633938660 22.33 89.23 0 4.006
1633938720 22.32 89.18 0 4.012
1633938780 22.29 89.42 0 4.012
1633938840 22.24 89.51 0 4.006
1633938900 22.24 89.62 0 4.006
1633938960 22.22 89.6 0 4.006
1633939020 22.2 89.47 0 4.006
1633939080 22.17 89.26 0 4.006
1633939140 22.13 89.13 0 4.006
1633939200 22.12 89.16 0 4.006
1633939260 22.13 89.14 0 4.006
1633939320 22.07 89.11 0 4.006
1633939380 22.06 89.28 0 4.006
1633939440 22.05 89.3 0 4.006
1633939500 21.99 89.29 0 4.012
1633939560 22.02 89.46 0 4.006
1633939620 22 89.62 0 4.012
1633939680 21.95 89.76 0 4.006
1633939740 21.96 89.84 0 4.006
1633939800 21.95 89.89 0 4.006
1633939860 21.93 89.82 0 4.006
1633939920 21.92 89.85 0 4.006
1633939980 21.95 89.82 0 4.006
1633940040 21.95 89.68 0 4.006
1633940100 21.93 89.66 0 4.006
1633940160 21.93 89.67 0 4.006
1633940220 21.95 89.54 0 4.006
1633940280 21.93 89.51 0 4.006
1633940340 21.95 89.41 0 4.006
1633940400 21.95 89.29 0 4.006
1633940460 21.95 89.32 0 4.006
1633940520 21.96 89.28 0 4.006
1633940580 21.95 89.28 0 4.006
1633940640 22 89.19 0 4.001
1633940700 21.97 89.2 0 4.001
1633940760 21.99 89.23 0 4.006
1633940820 21.97 89.21 0 4.006
1633940880 21.97 89.16 0 4.006
1633940940 21.99 89.2 0 4.006
1633941000 21.99 89.24 0 4.006
1633941060 22 89.17 0 4.006
1633941120 21.97 89.08 0 4.006
1633941180 21.99 89.02 0 4.006
1633941240 21.99 89.02 0 4.006
1633941300 22 89.08 0 4.001
1633941360 22 89.11 0 4.006
1633941420 22.02 89.15 0 4.006
1633941480 22.02 89.31 0 4.006
1633941540 22.02 89.44 0 4.001
1633941600 22.03 89.44 0 4.001
1633941660 22.05 89.54 0 4.006
1633941720 22.05 89.57 0 4.001
1633941780 22.07 89.52 0 4.006
1633941840 22.09 89.5 0 4.006
1633941900 22.12 89.52 0 4.006
1633941960 22.13 89.43 0 4.006
1633942020 22.14 89.42 0 4.006
1633942080 22.12 89.37 0 4.006
1633942140 22.16 89.24 0 4.001
1633942200 22.16 89.08 0 4.006
1633942260 22.14 89.03 0 4.006
1633942320 22.19 89.13 0 4.006
1633942380 22.16 89.07 0 4.001
1633942440 22.17 89.03 0 4.001
1633942500 22.19 89.08 0 4.001
1633942560 22.2 89.06 0 4.001
1633942620 22.2 89.01 0 4.006
1633942680 22.23 88.98 0 4.001
1633942740 22.3 88.92 0 4.006
1633942800 22.29 88.77 0 4.001
1633942860 22.33 88.69 0 4.001
1633942920 22.33 88.61 0 4.006
1633942980 22.37 88.62 0 4.001
1633943040 22.37 88.51 0 4.001
1633943100 22.39 88.47 0 4.001
1633943160 22.43 88.36 0 4.001
1633943220 22.44 88.23 0 4.001
1633943280 22.44 88.16 0 4.001
1633943340 22.46 88.13 0 4.001
1633943400 22.44 88.08 0 4.001
1633943460 22.44 88.09 0 4.001
1633943520 22.47 88.1 0 4.001
1633943580 22.48 88.09 0 4.001
1633943640 22.5 88.1 0 4.001
1633943700 22.5 88.11 0 4.001
1633943760 22.48 88.04 0 4.001
1633943820 22.48 88.01 0 4.001
1633943880 22.5 87.99 0 4.001
1633943940 22.44 88.06 0 4.001
1633944000 22.44 88.2 0 4.001
1633944060 22.43 88.18 0 4.001
1633944120 22.43 88.26 0 4.001
1633944180 22.42 88.19 0 4.001
1633944240 22.4 88.08 0 3.996
1633944300 22.43 88.1 0 4.001
1633944360 22.42 88.09 0 4.001
1633944420 22.4 88.07 0 4.001
1633944480 22.4 88.04 0 4.001
1633944540 22.39 88.09 0 4.001
1633944600 22.39 88.11 0 4.001
1633944660 22.4 88.09 0 4.001
1633944720 22.42 88.15 0 4.001
1633944780 22.4 88.22 0 4.001
1633944840 22.39 88.24 0 4.001
1633944900 22.39 88.34 0 4.001
1633944960 22.42 88.34 0 4.001
1633945020 22.44 88.26 0 4.001
1633945080 22.43 88.3 0 4.001
1633945140 22.44 88.29 0 3.996
1633945200 22.44 88.33 0 3.996
1633945260 22.42 88.33 0 3.996
1633945320 22.43 88.24 0 3.996
1633945380 22.44 88.21 0 4.001
1633945440 22.43 88.18 0 4.001
1633945500 22.46 88.22 0 4.001
1633945560 22.46 88.23 0 3.996
1633945620 22.46 88.25 0 4.001
1633945680 22.44 88.26 0 4.001
1633945740 22.46 88.27 0 3.996
1633945800 22.42 88.25 0 3.996
1633945860 22.4 88.39 0 3.996
1633945920 22.37 88.42 0 3.996
1633945980 22.39 88.46 0 4.001
1633946040 22.37 88.44 0 3.996
1633946100 22.39 88.35 0 3.996
1633946160 22.36 88.32 0 4.001
1633946220 22.36 88.45 0 3.996
1633946280 22.36 88.49 0 4.001
1633946340 22.32 88.56 0 3.996
1633946400 22.3 88.49 0 3.996
1633946460 22.32 88.6 0 3.996
1633946520 22.29 88.58 0 3.996
1633946580 22.29 88.67 0 4.001
1633946640 22.37 88.56 0 3.996
1633946700 22.34 88.26 0 3.996
1633946760 22.36 88.19 0 4.001
1633946820 22.37 88.19 0 4.001
1633946880 22.39 88.18 0 3.996
1633946940 22.36 88.16 0 3.99
1633947000 22.34 88.2 0 3.996
1633947060 22.36 88.19 0 3.996
1633947120 22.33 88.16 0 3.996
1633947180 22.36 88.21 0 3.996
1633947240 22.33 88.25 0 3.996
1633947300 22.34 88.23 0 3.996
1633947360 22.32 88.27 0 3.996
1633947420 22.3 88.17 0 3.996
1633947480 22.32 88.29 0 3.996
1633947540 22.33 88.3 0 3.996
1633947600 22.32 88.38 0 3.996
1633947660 22.33 88.36 0 3.996
1633947720 22.32 88.35 0 3.996
1633947780 22.32 88.42 0 3.996
1633947840 22.34 88.51 0 3.99
1633947900 22.34 88.41 0 3.99
1633947960 22.36 88.52 0 3.996
1633948020 22.37 88.41 0 3.996
1633948080 22.36 88.47 0 3.996
1633948140 22.39 88.51 0 3.996
1633948200 22.3 88.59 0 3.996
1633948260 22.27 88.88 0 3.996
1633948320 22.19 88.94 0 3.99
1633948380 22.16 89.03 0 3.996
1633948440 22.16 89.03 0 3.996
1633948500 22.12 89.16 0 3.99
1633948560 22.12 89.17 0 3.996
1633948620 22.1 89.19 0 3.996
1633948680 22.09 89.28 0 3.996
1633948740 22.06 89.41 0 3.99
1633948800 22.03 89.45 0 3.99
1633948860 22.03 89.55 0 3.99
1633948920 22.02 89.62 0 3.99
1633948980 21.97 89.63 0 3.996
1633949040 21.97 89.67 0 3.996
1633949100 21.96 89.75 0 3.996
1633949160 21.95 89.78 4 3.99
1633949220 21.93 89.81 4 3.99
1633949280 21.92 89.83 4 3.996
1633949340 21.91 89.84 4 3.99
1633949400 21.91 89.86 4 3.996
1633949460 21.86 89.96 4 3.996
1633949520 21.88 90.03 4 3.99
1633949580 21.86 90.09 4 3.99
1633949640 21.88 90.05 4 3.99
1633949700 21.88 89.42 4 3.99
1633949760 22.07 88.55 10 3.996
1633949820 22.36 86.77 10 3.99
1633949880 22.61 85.98 10 3.99
1633949940 22.87 84.96 10 3.99
1633950000 22.97 84.9 10 3.996
1633950060 23.08 84.72 10 3.99
1633950120 23.05 84.55 10 3.99
1633950180 23.04 85.01 10 3.99
1633950240 22.97 85.48 10 3.99
1633950300 22.98 85.28 10 3.99
1633950360 22.95 85.11 10 3.99
1633950420 23.01 84.87 10 3.99
1633950480 23.18 83.83 10 3.99
1633950540 23.36 83.27 10 3.99
1633950600 23.48 82.8 16 3.99
1633950660 23.53 82.55 16 3.99
1633950720 23.58 82.44 16 3.99
1633950780 23.48 83.02 16 3.99
1633950840 23.49 83.12 16 3.99
1633950900 23.41 83.66 16 3.99
1633950960 23.46 83.24 16 3.99
1633951020 23.45 83.28 16 3.99
1633951080 23.44 83.4 16 3.99
1633951140 23.48 82.99 16 3.99
1633951200 23.39 83.26 16 3.99
1633951260 23.39 83.34 16 3.99
1633951320 23.44 83.06 16 3.99
1633951380 23.49 82.96 16 3.99
1633951440 23.52 82.66 16 3.985
1633951500 23.46 82.79 16 3.99
1633951560 23.49 83.22 16 3.99
1633951620 23.59 82.57 16 3.99
1633951680 23.56 82.64 16 3.99
1633951740 23.58 82.78 16 3.99
1633951800 23.68 82.38 16 3.99
1633951860 23.7 81.96 22 3.99
1633951920 23.65 81.9 22 3.99
1633951980 23.73 81.46 22 3.99
1633952040 23.66 81.76 22 3.99
1633952100 23.68 81.66 22 3.99
1633952160 23.75 81.49 22 3.99
1633952220 23.66 81.94 22 3.99
1633952280 23.72 81.8 28 3.99
1633952340 23.68 81.8 28 3.985
1633952400 23.63 81.88 28 3.985
1633952460 23.52 82.6 28 3.99
1633952520 23.46 82.65 28 3.985
1633952580 23.52 82.26 28 3.99
1633952640 23.48 82.65 34 3.985
1633952700 23.48 82.64 34 3.99
1633952760 23.56 82.06 34 3.99
1633952820 23.65 82 40 3.99
1633952880 23.72 81.75 40 3.99
1633952940 23.7 81.73 46 3.985
1633953000 23.68 81.95 46 3.985
1633953060 23.66 82.16 46 3.985
1633953120 23.58 82.46 46 3.985
1633953180 23.69 81.91 46 3.985
1633953240 23.75 81.61 46 3.985
1633953300 23.72 81.83 46 3.985
1633953360 23.7 81.8 52 3.99
1633953420 23.65 82.21 52 3.985
1633953480 23.72 81.51 52 3.99
1633953540 23.73 81.73 52 3.985
1633953600 23.79 81.2 52 3.985
1633953660 23.83 81.17 52 3.985
1633953720 23.92 80.77 52 3.985
1633953780 23.89 80.92 52 3.985
1633953840 23.97 80.61 52 3.985
1633953900 23.99 80.6 52 3.985
1633953960 23.99 80.46 52 3.985
1633954020 24.01 80.7 52 3.985
1633954080 23.95 81.04 52 3.985
1633954140 23.89 81.59 52 3.985
1633954200 23.83 81.66 57 3.985
1633954260 23.84 82.04 57 3.985
1633954320 23.75 82.2 57 3.985
1633954380 23.73 82.27 63 3.985
1633954440 23.79 82.29 63 3.985
1633954500 23.7 82.64 69 3.985
1633954560 23.75 82.42 69 3.985
1633954620 23.68 82.81 75 3.985
1633954680 23.73 82.13 75 3.985
1633954740 23.7 82.61 75 3.985
1633954800 23.65 82.65 81 3.985
1633954860 23.7 82.59 81 3.985
1633954920 23.69 82.67 81 3.985
1633954980 23.6 82.86 81 3.985
1633955040 23.65 83.04 81 3.985
1633955100 23.7 81.7 81 3.985
1633955160 23.66 82.44 81 3.985
1633955220 23.6 82.71 81 3.985
1633955280 23.62 82.82 87 3.985
1633955340 23.66 82.82 87 3.99
1633955400 23.75 82.37 87 3.985
1633955460 23.79 82.03 93 3.985
1633955520 23.76 82.13 93 3.985
1633955580 23.84 81.33 99 3.99
1633955640 23.93 81.6 99 3.99
1633955700 24.1 80.7 105 3.99
1633955760 24.16 81.33 111 3.99
1633955820 24.01 82.22 111 3.99
1633955880 24 82.61 115 3.99
1633955940 23.99 82.94 121 3.985
1633956000 23.9 82.94 128 3.99
1633956060 23.83 82.99 128 3.99
1633956120 23.7 83.36 134 3.99
1633956180 23.72 83.59 134 3.996
1633956240 23.75 83.71 140 3.99
1633956300 23.9 82.63 140 3.99
1633956360 24.04 82.6 146 3.996
1633956420 24.04 82.25 146 3.996
1633956480 24.04 82.25 152 3.996
1633956540 24.09 82.4 158 4.001
1633956600 24.14 81.89 164 3.996
1633956660 24.17 81.43 176 4.001
1633956720 24.35 80.16 188 4.001
1633956780 24.55 80.13 198 4.006
1633956840 24.65 79.6 204 4.001
1633956900 24.77 78.91 210 4.006
1633956960 24.86 78.09 216 4.006
1633957020 24.92 77.83 222 4.006
1633957080 25.08 77.77 228 4.006
1633957140 25.22 76.71 234 4.012
1633957200 25.32 76.32 246 4.012
1633957260 25.46 75.99 295 4.017
1633957320 25.54 75.7 335 4.017
1633957380 25.53 75.4 347 4.022
1633957440 25.52 75.22 353 4.022
1633957500 25.62 75.63 349 4.028
1633957560 25.84 74.89 355 4.028
1633957620 26.03 74.53 373 4.033
1633957680 26.25 73.41 396 4.039
1633957740 26.49 72.87 402 4.039
1633957800 26.69 72.55 409 4.039
1633957860 26.95 70.96 385 4.039
1633957920 27 71.49 290 4.039
1633957980 27.16 71.17 236 4.028
1633958040 27.29 70.53 218 4.028
1633958100 27.25 70.52 212 4.028
1633958160 27.2 69.88 212 4.033
1633958220 27.25 70.63 206 4.028
1633958280 27.16 71.12 212 4.033
1633958340 27.05 71.2 212 4.033
1633958400 27.03 70.44 212 4.033
1633958460 27.1 71.08 212 4.033
1633958520 27.05 69.66 212 4.033
1633958580 27 70.08 206 4.028
1633958640 27.07 70.81 206 4.028
1633958700 27.09 70.82 212 4.028
1633958760 26.93 70.66 224 4.033
1633958820 26.89 71.11 236 4.033
1633958880 26.86 71.32 248 4.033
1633958940 26.86 71.61 272 4.039
1633959000 26.74 72.02 284 4.039
1633959060 26.76 71.11 290 4.044
1633959120 26.81 71.14 302 4.044
1633959180 26.92 70.88 290 4.049
1633959240 27.03 70.58 284 4.044
1633959300 27 70.94 284 4.044
1633959360 27.03 71.04 290 4.044
1633959420 27.16 70.53 296 4.049
1633959480 27.17 70.15 296 4.049
1633959540 27.25 69.97 284 4.049
1633959600 27.34 69.52 272 4.049
1633959660 27.39 69.04 272 4.049
1633959720 27.27 69.33 272 4.049
1633959780 27.36 70.42 274 4.049
1633959840 27.2 69.89 280 4.049
1633959900 27.17 70.01 286 4.055
1633959960 27.23 70.08 292 4.055
1633960020 27.27 69.56 292 4.055
1633960080 27.37 69.27 296 4.055
1633960140 27.33 69.05 310 4.055
1633960200 27.41 69.26 334 4.06
1633960260 27.41 69.22 346 4.065
1633960320 27.3 68.76 364 4.071
1633960380 27.46 69.35 370 4.071
1633960440 27.56 68.21 376 4.071
1633960500 27.5 67.87 376 4.071
1633960560 27.67 68.61 376 4.071
1633960620 27.65 67.23 370 4.071
1633960680 27.67 67.31 370 4.076
1633960740 27.78 67.57 370 4.076
1633960800 27.94 66.78 371 4.082
1633960860 28.01 65.39 377 4.082
1633960920 27.87 65.6 384 4.082
1633960980 27.85 65.53 396 4.087
1633961040 28.04 66.17 408 4.087
1633961100 27.95 65.15 426 4.092
1633961160 27.7 65.9 444 4.098
1633961220 27.65 66.35 451 4.098
1633961280 27.53 66.56 457 4.103
1633961340 27.47 66.99 457 4.098
1633961400 27.71 66.52 463 4.103
1633961460 27.95 66.11 463 4.103
1633961520 28.25 65.8 451 4.108
1633961580 28.14 64.84 451 4.108
1633961640 27.94 65.88 453 4.114
1633961700 28.07 65.97 435 4.114
1633961760 28.34 65.32 405 4.114
1633961820 28.46 64.27 393 4.114
1633961880 28.55 64.17 387 4.114
1633961940 28.7 63.58 387 4.114
1633962000 28.63 61.94 387 4.119
1633962060 28.62 62.63 387 4.119
1633962120 28.35 62.07 387 4.119
1633962180 28.1 62.52 399 4.125
1633962240 28.04 62.36 405 4.114
1633962300 28.04 62.55 399 4.125
1633962360 27.9 63.59 399 4.125
1633962420 27.84 64.46 393 4.125
1633962480 27.9 64.1 518 4.103
1633962540 28.08 64.17 463 4.098
1633962600 28.34 64.16 397 4.098
1633962660 28.56 63.64 377 4.092
1633962720 28.43 62.29 371 4.092
1633962780 28.55 62.56 359 4.087
1633962840 28.35 62.48 353 4.087
1633962900 28.08 63.1 402 4.087
1633962960 28.23 63.54 402 4.087
1633963020 28.45 63.33 390 4.087
1633963080 28.63 62.8 347 4.087
1633963140 28.83 62.9 325 4.098
1633963200 28.9 62.28 313 4.103
1633963260 28.93 61.72 313 4.103
1633963320 28.83 61.31 307 4.108
1633963380 28.92 62.02 307 4.108
1633963440 29.03 60.47 307 4.114
1633963500 29.02 61.04 307 4.114
1633963560 28.84 60.29 302 4.114
1633963620 28.97 60.64 301 4.119
1633963680 29.1 60.47 296 4.119
1633963740 28.99 60.3 290 4.119
1633963800 28.94 59.21 284 4.119
1633963860 28.89 58.85 278 4.119
1633963920 28.82 59.27 272 4.119
1633963980 28.46 59.91 265 4.119
1633964040 28.51 59.89 265 4.098
1633964100 28.12 60.76 259 4.098
1633964160 28.16 61.23 252 4.098
1633964220 28.26 61.49 252 4.098
1633964280 28.19 61.01 259 4.092
1633964340 28.26 61.77 257 4.092
1633964400 28.36 61.96 263 4.092
1633964460 28.35 61.76 263 4.092
1633964520 28.34 61.89 263 4.092
1633964580 28.39 61.73 263 4.092
1633964640 28.48 61.37 263 4.092
1633964700 28.65 61.53 269 4.087
1633964760 28.67 60.33 269 4.087
1633964820 28.69 60.77 269 4.087
1633964880 28.67 61.09 269 4.087
1633964940 28.77 60.65 271 4.098
1633965000 28.8 60.34 265 4.103
1633965060 28.84 60.85 265 4.103
1633965120 28.74 61.29 257 4.092
1633965180 28.84 60.57 251 4.087
1633965240 28.56 61.72 245 4.087
1633965300 28.59 62.08 245 4.087
1633965360 28.35 63.21 239 4.087
1633965420 28.43 63.87 239 4.087
1633965480 28.34 64.17 233 4.082
1633965540 28.08 65.25 239 4.087
1633965600 28.26 65.46 233 4.087
1633965660 28.39 66.53 233 4.082
1633965720 28.12 66.38 233 4.087
1633965780 28.01 67.2 233 4.082
1633965840 27.97 68.67 233 4.092
1633965900 27.95 69.14 234 4.098
1633965960 27.98 68.98 234 4.098
1633966020 27.94 68.64 234 4.103
1633966080 27.95 68.63 234 4.103
1633966140 27.94 67.78 228 4.103
1633966200 27.84 68.41 228 4.103
1633966260 27.91 68.9 228 4.108
1633966320 27.92 68.9 228 4.108
1633966380 27.97 69.01 234 4.114
1633966440 27.98 69.25 234 4.108
1633966500 28.05 68.23 234 4.108
1633966560 28.01 68.13 228 4.108
1633966620 27.95 69.23 228 4.114
1633966680 27.95 68.46 228 4.114
1633966740 27.92 69.06 228 4.108
1633966800 27.85 68.99 234 4.114
1633966860 27.81 69.03 234 4.114
1633966920 27.83 70.15 240 4.114
1633966980 27.9 69.29 246 4.119
1633967040 27.63 69 252 4.103
1633967100 27.53 69.86 259 4.103
1633967160 27.6 69.6 265 4.103
1633967220 27.67 70.83 271 4.098
1633967280 27.68 69.04 277 4.098
1633967340 27.68 69.48 283 4.098
1633967400 27.74 69.92 283 4.098
1633967460 27.72 69.2 277 4.098
1633967520 27.72 68.67 271 4.092
1633967580 27.6 68.9 263 4.092
1633967640 27.54 68.25 265 4.108
1633967700 27.49 67.61 265 4.108
1633967760 27.47 69.02 271 4.114
1633967820 27.63 69.03 278 4.114
1633967880 27.74 68.17 284 4.119
1633967940 27.9 68.32 290 4.119
1633968000 28.02 68 296 4.125
1633968060 28 69.22 296 4.125
1633968120 28.02 68.11 296 4.13
1633968180 28.16 69.17 301 4.108
1633968240 28.08 67.12 301 4.108
1633968300 28.19 68 301 4.103
1633968360 28.14 67.5 301 4.103
1633968420 28.25 67.87 301 4.103
1633968480 28.25 67.64 301 4.103
1633968540 28.04 67.59 301 4.114
1633968600 28 67.6 302 4.119
1633968660 28.16 67.22 296 4.125
1633968720 28.16 65.99 296 4.13
1633968780 28.25 66.78 295 4.114
1633968840 28.25 65.67 289 4.114
1633968900 28.19 64.18 283 4.108
1633968960 28.05 65.61 277 4.108
1633969020 28 65.16 271 4.103
1633969080 27.92 64.64 259 4.103
1633969140 28.08 65.71 252 4.103
1633969200 28.18 64.53 246 4.103
1633969260 28.08 64.1 240 4.103
1633969320 28.11 64.15 234 4.098
1633969380 27.83 64.2 228 4.098
1633969440 27.77 65.17 222 4.108
1633969500 27.87 64.85 222 4.108
1633969560 27.97 65.36 216 4.114
1633969620 28.01 64.82 216 4.114
1633969680 28.08 64.78 210 4.114
1633969740 28.08 64.39 204 4.119
1633969800 28.14 65.95 204 4.119
1633969860 28.1 67.17 198 4.119
1633969920 27.92 66.57 198 4.119
1633969980 27.81 66.23 198 4.119
1633970040 27.74 68.21 192 4.125
1633970100 27.68 69.3 192 4.125
1633970160 27.56 68.35 192 4.125
1633970220 27.4 68.86 186 4.125
1633970280 27.26 69.9 192 4.125
1633970340 27.17 70.7 192 4.119
1633970400 27.12 70.8 192 4.125
1633970460 26.99 71.75 198 4.125
1633970520 26.85 71.3 206 4.125
1633970580 26.79 72.85 212 4.13
1633970640 26.66 72.88 212 4.13
1633970700 26.61 73.5 218 4.13
1633970760 26.62 74.78 224 4.13
1633970820 26.56 76.36 230 4.135
1633970880 26.34 77.17 236 4.135
1633970940 26.25 78.16 242 4.141
1633971000 26.14 79.01 242 4.141
1633971060 26.11 79.89 249 4.141
1633971120 26.05 78.92 254 4.146
1633971180 25.91 79.08 256 4.146
1633971240 25.8 79.5 254 4.125
1633971300 25.8 79.66 254 4.125
1633971360 25.81 80.38 252 4.125
1633971420 25.67 79.83 252 4.119
1633971480 25.6 80.15 252 4.119
1633971540 25.72 81.19 252 4.114
1633971600 25.46 79.75 252 4.119
1633971660 25.46 80.28 252 4.114
1633971720 25.3 80.86 252 4.114
1633971780 25.37 82.67 252 4.114
1633971840 25.37 81.64 252 4.114
1633971900 25.52 84.23 252 4.114
1633971960 25.34 81.69 252 4.108
1633972020 25.39 82.28 246 4.108
1633972080 25.49 81.6 246 4.108
1633972140 25.67 82.48 240 4.103
1633972200 25.72 80.58 240 4.103
1633972260 25.81 79.71 240 4.103
1633972320 25.87 77.87 240 4.103
1633972380 26 78.74 240 4.103
1633972440 26.03 77.07 240 4.103
1633972500 26.13 77.48 240 4.103
1633972560 26.15 76.36 240 4.103
1633972620 26.21 77.47 240 4.103
1633972680 26.24 76.62 240 4.103
1633972740 26.3 77.57 234 4.103
1633972800 26.31 76.83 234 4.098
1633972860 26.3 76.25 228 4.098
1633972920 26.27 76.4 228 4.098
1633972980 26.2 76.38 222 4.098
1633973040 26.18 76.63 216 4.103
1633973100 26.18 76.22 216 4.108
1633973160 26.13 75.83 216 4.114
1633973220 26.21 75.26 210 4.114
1633973280 26.23 75.8 210 4.114
1633973340 26.24 75.28 210 4.119
1633973400 26.3 75.93 204 4.119
1633973460 26.32 75.26 204 4.119
1633973520 26.41 74.3 204 4.125
1633973580 26.46 75.02 204 4.125
1633973640 26.49 74.43 204 4.125
1633973700 26.48 72.06 204 4.125
1633973760 26.52 70.74 206 4.125
1633973820 26.58 72.28 206 4.13
1633973880 26.61 71.96 206 4.13
1633973940 26.63 71.4 210 4.125
1633974000 26.63 71.68 218 4.13
1633974060 26.63 72.28 218 4.13
1633974120 26.72 73.22 218 4.135
1633974180 26.75 71.54 224 4.135
1633974240 26.72 71.62 224 4.135
1633974300 26.66 71.94 224 4.141
1633974360 26.68 72.41 224 4.141
1633974420 26.79 72.13 224 4.141
1633974480 26.81 70.84 224 4.146
1633974540 26.86 71.94 224 4.146
1633974600 26.92 70.84 218 4.146
1633974660 26.99 70.83 218 4.146
1633974720 27.03 71.97 212 4.146
1633974780 27.07 71.91 212 4.151
1633974840 27.09 71.14 206 4.146
1633974900 26.98 70.3 200 4.146
1633974960 26.81 68.49 194 4.151
1633975020 26.75 70.2 188 4.151
1633975080 26.62 70.25 182 4.151
1633975140 26.51 69.43 182 4.151
1633975200 26.39 69.51 182 4.151
1633975260 26.37 69.45 188 4.151
1633975320 26.35 68.85 188 4.157
1633975380 26.28 69 188 4.157
1633975440 26.21 68.46 194 4.157
1633975500 26.18 69.55 194 4.157
1633975560 26.28 71.88 195 4.157
1633975620 26.32 71.65 195 4.162
1633975680 26.28 71.95 195 4.162
1633975740 26.25 71.28 188 4.151
1633975800 26.32 72.61 188 4.157
1633975860 26.21 71.64 182 4.157
1633975920 26.23 73.6 176 4.157
1633975980 26.2 72.56 170 4.162
1633976040 26.18 73.03 164 4.162
1633976100 26.11 71.63 158 4.162
1633976160 26.13 73.45 158 4.162
1633976220 26.1 74.03 158 4.162
1633976280 26.05 75.18 152 4.157
1633976340 26.1 76.2 152 4.162
1633976400 26.04 75.74 146 4.162
1633976460 25.97 76.37 146 4.162
1633976520 25.81 76.79 146 4.162
1633976580 25.7 77.69 146 4.162
1633976640 25.7 77.99 146 4.157
1633976700 25.69 77.84 146 4.157
1633976760 25.77 77.84 146 4.162
1633976820 25.8 78 146 4.162
1633976880 25.73 78.01 152 4.162
1633976940 25.8 78.46 152 4.162
1633977000 25.64 78.01 158 4.167
1633977060 25.53 79.23 164 4.167
1633977120 25.57 79.52 164 4.167
1633977180 25.62 79.38 170 4.167
1633977240 25.69 79.05 177 4.167
1633977300 25.66 79.25 177 4.173
1633977360 25.76 79.35 183 4.173
1633977420 25.79 79.05 189 4.178
1633977480 25.87 78.64 189 4.178
1633977540 25.83 78.57 195 4.173
1633977600 25.72 78.97 195 4.178
1633977660 25.73 78.6 195 4.178
1633977720 25.69 78.18 201 4.184
1633977780 25.7 78.55 201 4.184
1633977840 25.73 78.48 201 4.184
1633977900 25.81 78.21 201 4.189
1633977960 25.87 77.94 195 4.189
1633978020 25.79 77.23 195 4.194
1633978080 25.76 78 197 4.194
1633978140 25.7 78.32 197 4.194
1633978200 25.8 78.05 197 4.194
1633978260 25.95 77.88 197 4.194
1633978320 26.01 77.26 197 4.194
1633978380 26.1 76.84 197 4.194
1633978440 26.18 77.17 189 4.189
1633978500 26.27 76.81 189 4.194
1633978560 26.3 76.69 189 4.194
1633978620 26.39 76.22 189 4.194
1633978680 26.42 75.83 189 4.194
1633978740 26.49 76.27 189 4.194
1633978800 26.54 75.51 189 4.2
1633978860 26.55 75.37 191 4.2
1633978920 26.59 75.02 195 4.194
1633978980 26.63 74.41 197 4.194
1633979040 26.66 74.75 197 4.194
1633979100 26.75 74.24 197 4.194
1633979160 26.81 73.89 197 4.194
1633979220 26.89 73.26 197 4.194
1633979280 26.95 73.99 197 4.194
1633979340 27 73.15 189 4.194
1633979400 27.03 73.3 197 4.194
1633979460 27.1 72.71 197 4.194
1633979520 27.2 73.35 189 4.194
1633979580 27.2 72.6 189 4.194
1633979640 27.26 73.18 189 4.194
1633979700 27.3 73.1 189 4.194
1633979760 27.26 72.89 191 4.2
1633979820 27.19 72.53 189 4.2
1633979880 27.19 72.23 191 4.2
1633979940 27.2 72.82 189 4.2
1633980000 27.14 72.39 189 4.194
1633980060 27.17 73.17 191 4.2
1633980120 27.26 73.28 189 4.194
1633980180 27.26 72.74 183 4.2
1633980240 27.3 73.01 183 4.194
1633980300 27.29 71.88 177 4.194
1633980360 27.32 71.74 177 4.194
1633980420 27.23 70.55 171 4.194
1633980480 27.26 71.51 171 4.2
1633980540 27.23 71.18 171 4.194
1633980600 27.19 70.91 165 4.194
1633980660 27.17 70.23 165 4.194
1633980720 27.22 70.19 165 4.194
1633980780 27.25 71.15 165 4.194
1633980840 27.23 71.07 165 4.2
1633980900 27.23 71.32 171 4.2
1633980960 27.05 71.55 171 4.2
1633981020 27.13 71.68 171 4.194
1633981080 27.17 71.52 177 4.2
1633981140 27.22 70.66 177 4.189
1633981200 27.29 71.41 177 4.194
1633981260 27.25 70.86 177 4.194
1633981320 27.23 70.92 177 4.194
1633981380 27.16 70.38 177 4.194
1633981440 27.19 70.53 177 4.194
1633981500 27.12 71.29 177 4.2
1633981560 26.96 71.67 177 4.2
1633981620 26.96 72.24 177 4.194
1633981680 26.81 73.39 177 4.194
1633981740 26.82 74.25 177 4.2
1633981800 26.74 74.15 177 4.194
1633981860 26.79 74.23 177 4.2
1633981920 26.86 73.87 177 4.2
1633981980 26.89 74.39 177 4.2
1633982040 26.83 75.01 177 4.167
1633982100 26.61 76 177 4.178
1633982160 26.55 76.18 177 4.189
1633982220 26.42 76.39 171 4.189
1633982280 26.32 77.04 171 4.194
1633982340 26.3 77.14 171 4.194
1633982400 26.35 76.84 171 4.194
1633982460 26.28 77.27 165 4.194
1633982520 26.28 77.45 165 4.194
1633982580 26.2 77.38 165 4.2
1633982640 26.13 77.78 165 4.194
1633982700 26.13 78.41 165 4.2
1633982760 26.08 78.01 165 4.194
1633982820 26.07 77.79 159 4.194
1633982880 26.07 77.82 159 4.194
1633982940 26.08 77.86 159 4.184
1633983000 26.1 77.97 159 4.194
1633983060 26.13 78.04 159 4.189
1633983120 26.08 78.51 153 4.194
1633983180 26.18 78.16 153 4.194
1633983240 26.21 77.5 153 4.194
1633983300 26.25 77.04 153 4.194
1633983360 26.32 76.88 153 4.194
1633983420 26.38 77.07 147 4.2
1633983480 26.37 76.95 147 4.194
1633983540 26.39 77.27 147 4.194
1633983600 26.32 77.18 147 4.2
1633983660 26.24 77.41 147 4.2
1633983720 26.14 77.86 147 4.194
1633983780 26.15 77.89 147 4.2
1633983840 26.1 78.35 147 4.189
1633983900 26.08 78.48 141 4.189
1633983960 26.05 78.61 141 4.194
1633984020 26.1 78.69 141 4.194
1633984080 26.14 78.6 141 4.194
1633984140 26.03 78.19 141 4.2
1633984200 26.07 78.4 141 4.2
1633984260 26.07 78.15 141 4.194
1633984320 25.97 78.3 141 4.2
1633984380 25.91 78.12 141 4.194
1633984440 25.8 78.42 141 4.194
1633984500 25.88 78.59 141 4.194
1633984560 25.94 78.54 141 4.194
1633984620 25.91 78.37 141 4.194
1633984680 25.98 78.7 141 4.194
1633984740 26.03 78.01 147 4.189
1633984800 25.91 77.68 147 4.189
1633984860 25.9 77.91 147 4.194
1633984920 25.93 77.86 147 4.194
1633984980 25.94 77.83 147 4.194
1633985040 26 77.94 147 4.194
1633985100 25.97 77.53 147 4.194
1633985160 25.95 77.9 147 4.2
1633985220 26.04 78.1 147 4.2
1633985280 26.03 77.81 153 4.2
1633985340 26 77.91 153 4.194
1633985400 26 78.19 153 4.194
1633985460 26.05 78.16 147 4.2
1633985520 26.01 77.76 153 4.2
1633985580 26.01 77.94 153 4.194
1633985640 26.11 77.89 153 4.189
1633985700 26.14 77.35 153 4.194
1633985760 26.28 77.12 153 4.194
1633985820 26.3 76.6 153 4.194
1633985880 26.3 76.57 153 4.194
1633985940 26.37 75.99 153 4.2
1633986000 26.42 76.08 159 4.194
1633986060 26.37 75.56 159 4.194
1633986120 26.37 76.05 159 4.2
1633986180 26.42 76.26 165 4.194
1633986240 26.51 76.07 165 4.194
1633986300 26.56 75.67 165 4.2
1633986360 26.65 75.36 171 4.194
1633986420 26.68 75.19 171 4.2
1633986480 26.65 74.76 171 4.194
1633986540 26.56 74.58 171 4.194
1633986600 26.63 74.66 171 4.194
1633986660 26.68 74.8 171 4.194
1633986720 26.78 74.58 171 4.2
1633986780 26.89 74.23 177 4.194
1633986840 26.86 73.5 177 4.2
1633986900 26.89 73.5 177 4.2
1633986960 26.83 73.68 171 4.2
1633987020 26.96 73.49 171 4.194
1633987080 27.03 73.12 165 4.2
1633987140 27.03 73.1 159 4.2
1633987200 26.98 73.3 153 4.194
1633987260 26.98 73.51 147 4.2
1633987320 27.05 73.49 141 4.2
1633987380 27.06 73.29 135 4.194
1633987440 27.09 73.16 121 4.189
1633987500 27.13 72.42 115 4.189
1633987560 27.2 72.33 103 4.194
1633987620 27.26 72.23 97 4.189
1633987680 27.25 72.22 91 4.189
1633987740 27.2 72.39 91 4.189
1633987800 27.2 72.76 85 4.189
1633987860 27.17 73.17 79 4.189
1633987920 27.09 73.26 79 4.184
1633987980 27 73.71 73 4.184
1633988040 27.05 73.73 73 4.184
1633988100 27.02 73.86 73 4.184
1633988160 26.99 73.59 72 4.184
1633988220 26.98 73.94 66 4.184
1633988280 26.88 73.78 66 4.184
1633988340 26.82 73.85 66 4.167
1633988400 26.66 74.2 60 4.173
1633988460 26.65 74.69 60 4.173
1633988520 26.61 75.03 60 4.173
1633988580 26.61 74.98 60 4.173
1633988640 26.56 74.98 60 4.173
1633988700 26.52 75.25 60 4.167
1633988760 26.55 75.38 60 4.173
1633988820 26.56 75.27 54 4.173
1633988880 26.52 75.28 54 4.167
1633988940 26.49 75.57 54 4.167
1633989000 26.46 75.97 54 4.167
1633989060 26.48 75.77 54 4.167
1633989120 26.46 75.6 48 4.173
1633989180 26.48 74.98 48 4.167
1633989240 26.44 75.61 48 4.157
1633989300 26.45 75.32 48 4.157
1633989360 26.46 75.6 48 4.162
1633989420 26.39 75.54 42 4.157
1633989480 26.41 75.7 42 4.162
1633989540 26.37 75.4 42 4.162
1633989600 26.38 75.92 42 4.162
1633989660 26.31 76.23 42 4.162
1633989720 26.32 76.67 36 4.157
1633989780 26.3 76.58 36 4.157
1633989840 26.28 76.62 36 4.157
1633989900 26.24 76.63 36 4.157
1633989960 26.18 76.97 30 4.157
1633990020 26.14 76.74 30 4.157
1633990080 26.07 76.94 30 4.157
1633990140 26.04 76.26 30 4.151
1633990200 26.01 75.82 30 4.151
1633990260 25.94 74.98 24 4.151
1633990320 25.88 75.68 24 4.151
1633990380 25.81 75.47 24 4.151
1633990440 25.79 76.26 24 4.151
1633990500 25.69 76.74 24 4.151
1633990560 25.66 76.43 18 4.151
1633990620 25.66 77.37 18 4.151
1633990680 25.63 77.67 18 4.151
1633990740 25.59 77.44 18 4.151
1633990800 25.5 77.93 18 4.146
1633990860 25.44 77.52 18 4.151
1633990920 25.44 78.15 18 4.151
1633990980 25.37 78.22 12 4.151
1633991040 25.29 77.78 12 4.141
1633991100 25.25 78.47 12 4.141
1633991160 25.22 78.93 12 4.141
1633991220 25.21 78.78 12 4.146
1633991280 25.16 78.91 12 4.146
1633991340 25.11 78.77 6 4.146
1633991400 25.09 78.35 6 4.141
1633991460 25.08 78.62 6 4.141
1633991520 25.02 79.17 6 4.141
1633991580 25.01 78.91 6 4.141
1633991640 24.95 77.82 0 4.141
1633991700 24.92 78.56 0 4.141
1633991760 24.91 79.59 0 4.141
1633991820 24.85 79.27 0 4.141
1633991880 24.85 78.98 0 4.141
1633991940 24.78 78.98 0 4.135
1633992000 24.74 78.31 0 4.135
1633992060 24.64 76.01 0 4.135
1633992120 24.71 79.66 0 4.135
1633992180 24.7 79.87 0 4.135
1633992240 24.7 80.08 0 4.135
1633992300 24.67 80.19 0 4.135
1633992360 24.67 80.34 0 4.135
1633992420 24.62 79.96 0 4.135
1633992480 24.58 79.95 0 4.135
1633992540 24.53 79.05 0 4.135
1633992600 24.48 78.72 0 4.135
1633992660 24.46 78.5 0 4.135
1633992720 24.53 81.07 0 4.135
1633992780 24.42 81.45 0 4.135
1633992840 24.46 82.48 0 4.125
1633992900 24.41 82.42 0 4.13
1633992960 24.32 82.52 0 4.13
1633993020 24.23 81.15 0 4.13
1633993080 24.2 81.42 0 4.13
1633993140 24.21 82.88 0 4.13
1633993200 24.17 83.26 0 4.13
1633993260 24.17 83.53 0 4.13
1633993320 24.1 83.41 0 4.13
1633993380 24.04 81.84 0 4.13
1633993440 24.11 83.34 0 4.13
1633993500 24.04 82.42 0 4.13
1633993560 23.97 81.86 0 4.13
1633993620 23.99 83.12 0 4.13
1633993680 23.95 83.11 0 4.125
1633993740 23.93 82.45 0 4.119
1633993800 23.95 83.05 0 4.125
1633993860 23.93 82.95 0 4.125
1633993920 23.89 82.97 0 4.125
1633993980 23.81 81.34 0 4.125
1633994040 23.81 82.36 0 4.125
1633994100 23.79 83.29 0 4.119
1633994160 23.75 83.31 0 4.125
1633994220 23.72 83.83 0 4.125
1633994280 23.72 83.73 0 4.125
1633994340 23.59 82.53 0 4.119
1633994400 23.65 83.22 0 4.119
1633994460 23.65 84.27 0 4.119
1633994520 23.53 81.97 0 4.119
1633994580 23.58 84.11 0 4.125
1633994640 23.48 83.28 0 4.114
1633994700 23.42 84.4 0 4.114
1633994760 23.48 85.1 0 4.119
1633994820 23.48 84.93 0 4.114
1633994880 23.45 85.37 0 4.119
1633994940 23.32 84.49 0 4.119
1633995000 23.3 84.32 0 4.119
1633995060 23.3 84.53 0 4.119
1633995120 23.36 85.37 0 4.119
1633995180 23.3 86.06 0 4.119
1633995240 23.28 85.63 0 4.119
1633995300 23.24 85.06 0 4.114
1633995360 23.26 84.29 0 4.119
1633995420 23.28 85.59 0 4.119
1633995480 23.24 84.75 0 4.119
1633995540 23.24 84.98 0 4.108
1633995600 23.26 84.31 0 4.114
1633995660 23.32 84.54 0 4.114
1633995720 23.25 84.82 0 4.114
1633995780 23.24 85.58 0 4.114
1633995840 23.22 84.99 0 4.114
1633995900 23.25 85.26 0 4.114
1633995960 23.24 85.16 0 4.114
1633996020 23.24 85.35 0 4.114
1633996080 23.22 85.24 0 4.114
1633996140 23.25 85.97 0 4.114
1633996200 23.08 82.37 0 4.114
1633996260 23.21 84.08 0 4.114
1633996320 23.22 85.37 0 4.114
1633996380 23.19 85.04 0 4.114
1633996440 23.17 83.41 0 4.108
1633996500 23.25 85.62 0 4.108
1633996560 23.25 85.89 0 4.108
1633996620 23.19 85.21 0 4.108
1633996680 23.14 84.82 0 4.108
1633996740 23.17 84.84 0 4.108
1633996800 23.15 84.41 0 4.108
1633996860 23.11 82.79 0 4.108
1633996920 23.19 84.91 0 4.108
1633996980 23.11 83.94 0 4.108
1633997040 23.12 84.49 0 4.108
1633997100 23.09 83.71 0 4.108
1633997160 23.18 85.73 0 4.108
1633997220 23.15 86.41 0 4.108
1633997280 23.12 85.86 0 4.108
1633997340 23.15 85.76 0 4.103
1633997400 23.24 85.81 0 4.103
1633997460 23.22 84.98 0 4.103
1633997520 23.11 83.58 0 4.108
1633997580 23.12 85.45 0 4.103
1633997640 23.14 85.15 0 4.103
1633997700 23.19 85.98 0 4.103
1633997760 23.15 86.15 0 4.103
1633997820 23.14 85.21 0 4.103
1633997880 23.14 83.21 0 4.103
1633997940 23.15 85.6 0 4.103
1633998000 23.08 84.22 0 4.103
1633998060 23.17 85.52 0 4.103
1633998120 23.14 85.77 0 4.103
1633998180 23.09 85.22 0 4.103
1633998240 23.11 85.54 0 4.098
1633998300 23.09 85.84 0 4.098
1633998360 23.04 85.3 0 4.098
1633998420 23.04 85.42 0 4.098
1633998480 23.09 85.75 0 4.098
1633998540 23.11 86.16 0 4.103
1633998600 23.02 84.98 0 4.098
1633998660 23.04 86.14 0 4.098
1633998720 23.08 86.15 0 4.098
1633998780 23.04 85.14 0 4.103
1633998840 23.05 85.25 0 4.098
1633998900 23.08 85.6 0 4.103
1633998960 22.99 83.95 0 4.098
1633999020 23.07 84.35 0 4.103
1633999080 23.08 83.86 0 4.098
1633999140 23.08 84.35 0 4.092
1633999200 23.11 85.48 0 4.098
1633999260 23.05 84.49 0 4.098
1633999320 23.12 84.75 0 4.098
1633999380 23.17 84.81 0 4.098
1633999440 23.18 84.89 0 4.098
1633999500 23.21 84.73 0 4.098
1633999560 23.22 84.85 0 4.098
1633999620 23.17 83.56 0 4.098
1633999680 23.19 83.06 0 4.098
1633999740 23.18 82.41 0 4.098
1633999800 23.25 83.07 0 4.098
1633999860 23.24 83.59 0 4.098
1633999920 23.26 83.72 0 4.098
1633999980 23.22 83.42 0 4.098
1634000040 23.21 83.46 0 4.092
1634000100 23.17 83.93 0 4.092
1634000160 23.12 83.23 0 4.092
1634000220 23.15 83.51 0 4.092
1634000280 23.14 83.45 0 4.092
1634000340 23.11 84.32 0 4.092
1634000400 22.99 83.03 0 4.092
1634000460 23.09 84.8 0 4.092
1634000520 23.04 84.15 0 4.092
1634000580 23.07 84.55 0 4.092
1634000640 23.08 84.33 0 4.092
1634000700 23.15 84.38 0 4.092
1634000760 23.15 83.36 0 4.092
1634000820 23.15 83.11 0 4.092
1634000880 23.11 82.33 0 4.092
1634000940 23.17 82.66 0 4.087
1634001000 23.14 81.98 0 4.087
1634001060 23.11 82 0 4.087
1634001120 23.14 82.9 0 4.092
1634001180 23.15 83.67 0 4.092
1634001240 23.07 82.41 0 4.092
1634001300 23.09 83.68 0 4.092
1634001360 23.12 83.57 0 4.087
1634001420 23.15 83.95 0 4.092
1634001480 23.12 84.01 0 4.087
1634001540 23.08 83.7 0 4.092
1634001600 23.09 82.85 0 4.092
1634001660 23.11 83.31 0 4.092
1634001720 23.09 82.86 0 4.092
1634001780 23.11 83.07 0 4.087
1634001840 23.09 83.07 0 4.087
1634001900 23.12 83.86 0 4.087
1634001960 23.12 84.44 0 4.087
1634002020 23.08 84.14 0 4.087
1634002080 23.08 84.01 0 4.087
1634002140 23.12 83.91 0 4.087
1634002200 23.14 84.06 0 4.087
1634002260 23.12 84.06 0 4.087
1634002320 23.12 83 0 4.087
1634002380 23.11 83.09 0 4.087
1634002440 23.14 83.13 0 4.087
1634002500 23.08 82.71 0 4.087
1634002560 23.04 82 0 4.087
1634002620 23.11 83.66 0 4.087
1634002680 23.07 83.18 0 4.087
1634002740 23.07 82.62 0 4.082
1634002800 23.17 83.28 0 4.082
1634002860 23.21 83.44 0 4.082
1634002920 23.25 82.77 0 4.082
1634002980 23.25 82.25 0 4.087
1634003040 23.25 82.09 0 4.087
1634003100 23.21 81.95 0 4.082
1634003160 23.18 81.02 0 4.082
1634003220 23.18 81.88 0 4.087
1634003280 23.21 82.57 0 4.082
1634003340 23.19 82.79 0 4.082
1634003400 23.11 83 0 4.087
1634003460 23.11 83.28 0 4.087
1634003520 23.08 82.82 0 4.087
1634003580 23.08 83.13 0 4.087
1634003640 23.04 82.31 0 4.082
1634003700 23.09 82.89 0 4.082
1634003760 23.08 83.37 0 4.082
1634003820 23.11 83.4 0 4.082
1634003880 23.08 83.07 0 4.082
1634003940 23.07 83.2 0 4.082
1634004000 23.05 83.18 0 4.082
1634004060 23.09 83.39 0 4.076
1634004120 23.04 82.22 0 4.082
1634004180 23.08 83.37 0 4.082
1634004240 23.14 83.51 0 4.082
1634004300 23.11 83.25 0 4.082
1634004360 23.14 83.11 0 4.082
1634004420 23.09 82.55 0 4.082
1634004480 23.05 81.55 0 4.082
1634004540 23.05 81.99 0 4.076
1634004600 23.07 82.5 0 4.076
1634004660 23.07 83.51 0 4.082
1634004720 23.05 83.69 0 4.082
1634004780 23.04 83.77 0 4.082
1634004840 22.99 83.11 0 4.082
1634004900 23.04 83.6 0 4.082
1634004960 23.04 83.87 0 4.082
1634005020 23.02 84.06 0 4.082
1634005080 23.01 83.25 0 4.082
1634005140 23.05 83.53 0 4.076
1634005200 23.08 83.7 0 4.076
1634005260 23.09 83.71 0 4.076
1634005320 23.12 83.55 0 4.076
1634005380 23.15 83.66 0 4.076
1634005440 23.14 83.65 0 4.076
1634005500 23.15 83.63 0 4.076
1634005560 23.15 83.61 0 4.076
1634005620 23.24 83.43 0 4.076
1634005680 23.25 83.35 0 4.076
1634005740 23.26 83.19 0 4.076
1634005800 23.29 83.03 0 4.076
1634005860 23.36 82.86 0 4.076
1634005920 23.36 82.65 0 4.082
1634005980 23.36 82.71 0 4.076
1634006040 23.33 82.71 0 4.076
1634006100 23.41 82.5 0 4.076
1634006160 23.33 82.74 0 4.076
1634006220 23.35 82.77 0 4.076
1634006280 23.33 82.96 0 4.076
1634006340 23.33 82.91 0 4.071
1634006400 23.38 82.73 0 4.071
1634006460 23.32 82.65 0 4.071
1634006520 23.29 82.94 0 4.071
1634006580 23.33 82.95 0 4.076
1634006640 23.32 82.95 0 4.076
1634006700 23.28 83.1 0 4.071
1634006760 23.25 83.49 0 4.071
1634006820 23.21 83.35 0 4.076
1634006880 23.24 83.52 0 4.076
1634006940 23.24 83.48 0 4.076
1634007000 23.18 83.5 0 4.076
1634007060 23.18 83.66 0 4.076
1634007120 23.18 83.91 0 4.071
1634007180 23.14 83.84 0 4.076
1634007240 23.14 83.86 0 4.071
1634007300 23.15 83.95 0 4.071
1634007360 23.14 84.13 0 4.071
1634007420 23.11 84.1 0 4.071
1634007480 23.14 83.99 0 4.071
1634007540 23.14 83.88 0 4.071
1634007600 23.18 84.05 0 4.071
1634007660 23.19 84.28 0 4.071
1634007720 23.21 83.98 0 4.071
1634007780 23.18 83.81 0 4.071
1634007840 23.19 83.89 0 4.071
1634007900 23.21 83.86 0 4.071
1634007960 23.21 83.83 0 4.076
1634008020 23.19 83.81 0 4.076
1634008080 23.19 83.8 0 4.071
1634008140 23.18 83.95 0 4.071
1634008200 23.19 83.92 0 4.071
1634008260 23.18 83.58 0 4.071
1634008320 23.14 83.33 0 4.071
1634008380 23.11 83.63 0 4.071
1634008440 23.15 83.88 0 4.071
1634008500 23.14 84.04 0 4.071
1634008560 23.14 84.19 0 4.071
1634008620 23.14 84.17 0 4.071
1634008680 23.12 83.96 0 4.071
1634008740 23.09 83.84 0 4.071
1634008800 23.09 84.03 0 4.071
1634008860 23.09 84.11 0 4.071
1634008920 23.09 84.68 0 4.071
1634008980 23.07 85.01 0 4.071
1634009040 23.04 85.14 0 4.065
1634009100 23.01 85.35 0 4.065
1634009160 23.01 85.48 0 4.065
1634009220 22.95 85.68 0 4.065
1634009280 22.97 85.57 0 4.065
1634009340 22.94 85.42 0 4.065
1634009400 22.93 85.29 0 4.065
1634009460 22.95 85.14 0 4.071
1634009520 22.93 85.03 0 4.065
1634009580 22.95 84.99 0 4.065
1634009640 22.93 84.96 0 4.071
1634009700 22.93 84.86 0 4.065
1634009760 22.94 85.06 0 4.071
1634009820 22.91 85.16 0 4.065
1634009880 22.93 85.16 0 4.071
1634009940 22.94 85.12 0 4.065
1634010000 22.95 85.12 0 4.065
1634010060 22.93 85.12 0 4.065
1634010120 22.94 85.05 0 4.065
1634010180 22.9 85.01 0 4.065
1634010240 22.94 85.07 0 4.065
1634010300 22.93 85.12 0 4.071
1634010360 22.91 85.06 0 4.065
1634010420 22.9 85.07 0 4.065
1634010480 22.91 85.17 0 4.065
1634010540 22.93 85.12 0 4.065
1634010600 22.93 85.2 0 4.065
1634010660 22.91 85.15 0 4.065
1634010720 22.94 85.17 0 4.065
1634010780 22.94 85.09 0 4.065
1634010840 22.97 85.04 0 4.06
1634010900 22.97 85.13 0 4.065
1634010960 22.97 85.31 0 4.065
1634011020 22.95 85.36 0 4.065
1634011080 22.95 85.47 0 4.065
1634011140 22.95 85.52 0 4.065
1634011200 22.93 85.49 0 4.06
1634011260 22.91 85.4 0 4.065
1634011320 22.94 85.38 0 4.065
1634011380 22.93 85.36 0 4.06
1634011440 22.91 85.36 0 4.06
1634011500 22.91 85.37 0 4.06
1634011560 22.88 85.25 0 4.065
1634011620 22.9 85.32 0 4.065
1634011680 22.9 85.38 0 4.065
1634011740 22.88 85.42 0 4.06
1634011800 22.9 85.41 0 4.06
1634011860 22.88 85.45 0 4.06
1634011920 22.88 85.4 0 4.06
1634011980 22.88 85.36 0 4.06
1634012040 22.87 85.4 0 4.06
1634012100 22.9 85.37 0 4.06
1634012160 22.9 85.47 0 4.06
1634012220 22.87 85.75 0 4.06
1634012280 22.85 86.01 0 4.06
1634012340 22.84 86.15 0 4.06
1634012400 22.83 86.32 0 4.06
1634012460 22.81 86.16 0 4.06
1634012520 22.81 86.16 0 4.06
1634012580 22.75 86.19 0 4.06
1634012640 22.79 86.29 0 4.055
1634012700 22.71 86.43 0 4.06
1634012760 22.68 86.5 0 4.06
1634012820 22.7 86.58 0 4.06
1634012880 22.68 86.75 0 4.06
1634012940 22.63 86.96 0 4.055
1634013000 22.61 87.13 0 4.06
1634013060 22.56 87.18 0 4.06
1634013120 22.53 87.26 0 4.055
1634013180 22.48 87.27 0 4.06
1634013240 22.46 87.24 0 4.06
1634013300 22.4 87.4 0 4.055
1634013360 22.37 87.59 0 4.06
1634013420 22.33 87.67 0 4.06
1634013480 22.32 87.71 0 4.055
1634013540 22.27 87.84 0 4.055
1634013600 22.22 87.94 0 4.06
1634013660 22.2 87.96 0 4.055
1634013720 22.14 88.13 0 4.06
1634013780 22.1 88.04 0 4.055
1634013840 22.07 88.22 0 4.055
1634013900 22.07 88.34 0 4.055
1634013960 22.03 88.38 0 4.055
1634014020 22 88.59 0 4.055
1634014080 22.02 88.66 0 4.055
1634014140 21.97 88.59 0 4.055
1634014200 21.95 88.7 0 4.055
1634014260 21.95 88.93 0 4.055
1634014320 21.92 89.02 0 4.055
1634014380 21.91 89.18 0 4.055
1634014440 21.86 89.27 0 4.049
1634014500 21.86 89.43 0 4.055
1634014560 21.83 89.53 0 4.055
1634014620 21.82 89.66 0 4.055
1634014680 21.79 89.75 0 4.055
1634014740 21.79 89.78 0 4.055
