1643346000 23.27 79.82 0 4.076
1643346060 23.26 79.82 0 4.076
1643346120 23.26 79.83 0 4.076
1643346180 23.24 79.85 0 4.076
1643346240 23.29 79.83 0 4.076
1643346300 23.24 79.8 0 4.076
1643346360 23.29 79.82 0 4.076
1643346420 23.26 79.75 0 4.076
1643346480 23.27 79.79 0 4.071
1643346540 23.27 79.78 0 4.076
1643346600 23.29 79.83 0 4.076
1643346660 23.26 79.77 0 4.076
1643346720 23.29 79.81 0 4.076
1643346780 23.26 79.83 0 4.076
1643346840 23.21 79.88 0 4.076
1643346900 23.23 79.82 0 4.076
1643346960 23.24 79.84 0 4.076
1643347020 23.23 79.84 0 4.076
1643347080 23.23 79.88 0 4.076
1643347140 23.21 79.83 0 4.076
1643347200 23.26 79.84 0 4.076
1643347260 23.23 79.84 0 4.076
1643347320 23.21 79.81 0 4.076
1643347380 23.26 79.81 0 4.076
1643347440 23.24 79.79 0 4.076
1643347500 23.24 79.77 0 4.076
1643347560 23.23 79.72 0 4.076
1643347620 23.24 79.7 0 4.071
1643347680 23.23 79.65 0 4.076
1643347740 23.19 79.62 0 4.076
1643347800 23.19 79.63 0 4.076
1643347860 23.14 79.66 0 4.071
1643347920 23.1 79.69 0 4.076
1643347980 23.05 79.75 0 4.071
1643348040 23.02 79.8 0 4.076
1643348100 23 79.87 0 4.076
1643348160 22.96 79.94 0 4.071
1643348220 22.97 80.03 0 4.076
1643348280 22.93 80.08 0 4.071
1643348340 22.92 80.24 0 4.071
1643348400 22.89 80.26 0 4.076
1643348460 22.88 80.38 0 4.076
1643348520 22.86 80.46 0 4.076
1643348580 22.86 80.59 0 4.071
1643348640 22.83 80.69 0 4.076
1643348700 22.82 80.79 0 4.076
1643348760 22.82 80.86 0 4.071
1643348820 22.79 80.99 0 4.076
1643348880 22.72 81.07 0 4.076
1643348940 22.7 81.17 0 4.076
1643349000 22.68 81.27 0 4.076
1643349060 22.65 81.38 0 4.071
1643349120 22.62 81.49 0 4.076
1643349180 22.63 81.59 0 4.071
1643349240 22.62 81.69 0 4.076
1643349300 22.62 81.73 0 4.076
1643349360 22.59 81.84 0 4.071
1643349420 22.55 81.89 0 4.071
1643349480 22.56 81.96 0 4.076
1643349540 22.55 82.02 0 4.076
1643349600 22.56 82.09 0 4.071
1643349660 22.54 82.14 0 4.076
1643349720 22.52 82.19 0 4.071
1643349780 22.54 82.22 0 4.076
1643349840 22.49 82.31 0 4.076
1643349900 22.51 82.31 0 4.076
1643349960 22.49 82.39 0 4.076
1643350020 22.52 82.42 0 4.076
1643350080 22.49 82.47 0 4.071
1643350140 22.44 82.5 0 4.071
1643350200 22.45 82.46 0 4.076
1643350260 22.44 82.47 0 4.071
1643350320 22.44 82.5 0 4.071
1643350380 22.38 82.54 0 4.071
1643350440 22.39 82.54 0 4.076
1643350500 22.36 82.52 0 4.071
1643350560 22.39 82.52 0 4.071
1643350620 22.36 82.47 0 4.076
1643350680 22.39 82.47 0 4.071
1643350740 22.41 82.43 0 4.071
1643350800 22.42 82.39 0 4.071
1643350860 22.42 82.38 0 4.071
1643350920 22.41 82.36 0 4.076
1643350980 22.38 82.31 0 4.071
1643351040 22.41 82.3 0 4.071
1643351100 22.39 82.27 0 4.076
1643351160 22.38 82.23 0 4.071
1643351220 22.38 82.19 0 4.071
1643351280 22.38 82.15 0 4.071
1643351340 22.39 82.13 0 4.071
1643351400 22.38 82.04 0 4.071
1643351460 22.36 81.97 0 4.071
1643351520 22.36 81.93 0 4.071
1643351580 22.35 81.86 0 4.071
1643351640 22.35 81.81 0 4.071
1643351700 22.36 81.74 0 4.071
1643351760 22.36 81.7 0 4.071
1643351820 22.39 81.62 0 4.071
1643351880 22.39 81.56 0 4.071
1643351940 22.38 81.52 0 4.071
1643352000 22.39 81.5 0 4.071
1643352060 22.41 81.49 0 4.071
1643352120 22.38 81.51 0 4.071
1643352180 22.34 81.43 0 4.071
1643352240 22.35 81.43 0 4.071
1643352300 22.31 81.42 0 4.071
1643352360 22.31 81.37 0 4.076
1643352420 22.3 81.37 0 4.071
1643352480 22.28 81.39 0 4.071
1643352540 22.27 81.36 0 4.076
1643352600 22.27 81.36 0 4.071
1643352660 22.24 81.4 0 4.071
1643352720 22.22 81.39 0 4.076
1643352780 22.19 81.38 0 4.071
1643352840 22.16 81.34 0 4.071
1643352900 22.18 81.4 0 4.071
1643352960 22.16 81.39 0 4.071
1643353020 22.12 81.38 0 4.071
1643353080 22.11 81.33 0 4.076
1643353140 22.11 81.33 0 4.071
1643353200 22.08 81.3 0 4.071
1643353260 22.07 81.23 0 4.071
1643353320 22.08 81.16 0 4.071
1643353380 22.05 81.16 0 4.071
1643353440 22.1 81.14 0 4.071
1643353500 22.07 81.11 0 4.076
1643353560 22.08 81.04 0 4.071
1643353620 22.05 81.02 0 4.071
1643353680 22.08 81.01 0 4.071
1643353740 22.07 81 0 4.071
1643353800 22.03 80.99 0 4.071
1643353860 21.98 80.95 0 4.071
1643353920 22.01 80.91 0 4.071
1643353980 21.98 80.87 0 4.071
1643354040 21.98 80.84 0 4.071
1643354100 22.01 80.79 0 4.071
1643354160 21.97 80.74 0 4.071
1643354220 21.98 80.69 0 4.071
1643354280 21.98 80.62 0 4.071
1643354340 21.97 80.57 0 4.071
1643354400 21.98 80.51 0 4.076
1643354460 21.97 80.4 0 4.071
1643354520 21.97 80.37 0 4.071
1643354580 21.98 80.28 0 4.071
1643354640 22.03 80.25 0 4.071
1643354700 22.05 80.14 0 4.071
1643354760 22.05 80.06 0 4.071
1643354820 22.11 79.95 0 4.071
1643354880 22.14 79.89 0 4.071
1643354940 22.14 79.82 0 4.071
1643355000 22.15 79.72 0 4.071
1643355060 22.15 79.63 0 4.071
1643355120 22.18 79.55 0 4.071
1643355180 22.18 79.42 0 4.071
1643355240 22.18 79.32 0 4.071
1643355300 22.18 79.28 0 4.071
1643355360 22.16 79.16 0 4.071
1643355420 22.19 79.09 0 4.071
1643355480 22.18 79.04 0 4.071
1643355540 22.21 78.93 0 4.071
1643355600 22.24 78.88 0 4.071
1643355660 22.24 78.85 0 4.071
1643355720 22.22 78.81 0 4.071
1643355780 22.24 78.77 0 4.071
1643355840 22.22 78.77 0 4.071
1643355900 22.24 78.7 0 4.071
1643355960 22.19 78.69 0 4.071
1643356020 22.21 78.67 0 4.071
1643356080 22.18 78.62 0 4.071
1643356140 22.18 78.62 0 4.071
1643356200 22.16 78.58 0 4.071
1643356260 22.15 78.61 0 4.071
1643356320 22.12 78.61 0 4.071
1643356380 22.14 78.62 0 4.071
1643356440 22.08 78.65 0 4.071
1643356500 22.08 78.63 0 4.071
1643356560 22.07 78.61 0 4.071
1643356620 22.05 78.57 0 4.071
1643356680 22.07 78.6 0 4.071
1643356740 22.04 78.57 0 4.071
1643356800 22.05 78.5 0 4.071
1643356860 22.04 78.49 0 4.071
1643356920 22.03 78.48 0 4.071
1643356980 22.01 78.49 0 4.071
1643357040 22.03 78.51 0 4.071
1643357100 22 78.45 0 4.065
1643357160 22.01 78.44 0 4.071
1643357220 21.98 78.44 0 4.065
1643357280 21.97 78.42 0 4.071
1643357340 21.94 78.44 0 4.071
1643357400 21.91 78.41 0 4.071
1643357460 21.93 78.47 0 4.071
1643357520 21.9 78.52 0 4.071
1643357580 21.87 78.56 0 4.071
1643357640 21.85 78.59 0 4.071
1643357700 21.81 78.67 0 4.071
1643357760 21.8 78.72 0 4.071
1643357820 21.76 78.84 0 4.071
1643357880 21.74 78.87 0 4.071
1643357940 21.73 79 0 4.071
1643358000 21.7 79.04 0 4.076
1643358060 21.7 79.16 0 4.071
1643358120 21.65 79.25 0 4.071
1643358180 21.64 79.37 0 4.065
1643358240 21.6 79.49 0 4.071
1643358300 21.58 79.59 0 4.071
1643358360 21.53 79.73 0 4.071
1643358420 21.5 79.78 0 4.071
1643358480 21.5 79.92 0 4.071
1643358540 21.47 80.03 0 4.071
1643358600 21.47 80.16 0 4.071
1643358660 21.42 80.27 0 4.071
1643358720 21.39 80.36 0 4.071
1643358780 21.39 80.49 0 4.071
1643358840 21.37 80.58 0 4.071
1643358900 21.34 80.65 0 4.071
1643358960 21.33 80.79 0 4.071
1643359020 21.29 80.88 0 4.071
1643359080 21.26 80.98 0 4.071
1643359140 21.25 81.04 0 4.071
1643359200 21.25 81.12 0 4.071
1643359260 21.26 81.19 0 4.071
1643359320 21.22 81.21 0 4.071
1643359380 21.2 81.22 0 4.071
1643359440 21.22 81.19 0 4.065
1643359500 21.23 81.12 0 4.071
1643359560 21.25 81.05 0 4.071
1643359620 21.26 80.97 0 4.071
1643359680 21.28 80.88 0 4.071
1643359740 21.28 80.8 0 4.065
1643359800 21.23 80.75 0 4.071
1643359860 21.25 80.64 0 4.071
1643359920 21.26 80.57 0 4.071
1643359980 21.26 80.52 0 4.071
1643360040 21.25 80.42 0 4.065
1643360100 21.19 80.34 0 4.065
1643360160 21.19 80.34 0 4.071
1643360220 21.19 80.3 0 4.065
1643360280 21.22 80.33 0 4.071
1643360340 21.23 80.45 0 4.065
1643360400 21.16 80.5 0 4.071
1643360460 21.14 80.57 0 4.071
1643360520 21.14 80.74 0 4.071
1643360580 21.1 80.84 0 4.071
1643360640 21.06 81.01 0 4.065
1643360700 21.06 81.18 0 4.071
1643360760 21.03 81.34 0 4.071
1643360820 20.98 81.55 0 4.071
1643360880 20.96 81.69 0 4.071
1643360940 20.9 81.83 0 4.071
1643361000 20.83 81.89 0 4.071
1643361060 20.83 81.98 0 4.065
1643361120 20.82 82.08 0 4.071
1643361180 20.81 82.22 0 4.071
1643361240 20.78 82.33 0 4.071
1643361300 20.77 82.45 0 4.071
1643361360 20.68 82.59 0 4.071
1643361420 20.69 82.63 0 4.071
1643361480 20.64 82.76 0 4.071
1643361540 20.62 82.84 0 4.065
1643361600 20.59 82.91 0 4.071
1643361660 20.58 82.99 0 4.071
1643361720 20.55 83.06 0 4.071
1643361780 20.52 83.14 0 4.071
1643361840 20.51 83.17 0 4.065
1643361900 20.51 83.21 0 4.065
1643361960 20.47 83.26 0 4.071
1643362020 20.45 83.25 0 4.071
1643362080 20.44 83.22 0 4.071
1643362140 20.48 83.17 0 4.065
1643362200 20.51 83.14 0 4.065
1643362260 20.49 83.12 0 4.065
1643362320 20.49 83.01 0 4.071
1643362380 20.54 82.92 0 4.071
1643362440 20.64 82.81 0 4.071
1643362500 20.62 82.72 0 4.065
1643362560 20.64 82.63 0 4.065
1643362620 20.62 82.56 0 4.065
1643362680 20.61 82.42 0 4.065
1643362740 20.59 82.28 0 4.071
1643362800 20.61 82.25 0 4.071
1643362860 20.55 82.17 0 4.065
1643362920 20.56 82.1 0 4.071
1643362980 20.55 82.08 0 4.071
1643363040 20.55 82.06 0 4.071
1643363100 20.51 82.06 0 4.071
1643363160 20.47 82.04 0 4.065
1643363220 20.45 82 0 4.071
1643363280 20.44 82.03 0 4.065
1643363340 20.45 82.04 0 4.065
1643363400 20.41 82.02 0 4.065
1643363460 20.38 82.08 0 4.071
1643363520 20.38 82.13 0 4.071
1643363580 20.37 82.21 0 4.065
1643363640 20.32 82.24 0 4.065
1643363700 20.32 82.38 0 4.065
1643363760 20.3 82.45 0 4.071
1643363820 20.28 82.52 0 4.071
1643363880 20.27 82.63 0 4.065
1643363940 20.31 82.7 0 4.065
1643364000 20.28 82.81 0 4.065
1643364060 20.26 82.86 0 4.065
1643364120 20.24 82.95 0 4.065
1643364180 20.24 83.02 0 4.065
1643364240 20.28 83.11 0 4.071
1643364300 20.35 83.19 0 4.065
1643364360 20.37 83.32 0 4.071
1643364420 20.35 83.39 0 4.065
1643364480 20.34 83.47 0 4.065
1643364540 20.32 83.56 0 4.065
1643364600 20.31 83.63 0 4.065
1643364660 20.3 83.71 0 4.065
1643364720 20.31 83.82 0 4.065
1643364780 20.3 83.9 0 4.071
1643364840 20.28 83.95 0 4.065
1643364900 20.26 84.03 0 4.065
1643364960 20.24 84.1 0 4.065
1643365020 20.21 84.16 0 4.071
1643365080 20.26 84.29 0 4.071
1643365140 20.21 84.34 0 4.065
1643365200 20.24 84.4 0 4.071
1643365260 20.27 84.48 0 4.071
1643365320 20.32 84.53 0 4.071
1643365380 20.35 84.51 0 4.065
1643365440 20.37 84.53 0 4.065
1643365500 20.44 84.54 0 4.065
1643365560 20.47 84.51 0 4.065
1643365620 20.49 84.49 0 4.065
1643365680 20.51 84.48 0 4.065
1643365740 20.52 84.42 0 4.071
1643365800 20.55 84.46 0 4.065
1643365860 20.51 84.45 0 4.065
1643365920 20.49 84.43 0 4.065
1643365980 20.41 84.37 0 4.065
1643366040 20.44 84.37 0 4.065
1643366100 20.34 84.3 0 4.065
1643366160 20.34 84.26 0 4.065
1643366220 20.32 84.19 0 4.065
1643366280 20.3 84.16 0 4.06
1643366340 20.27 84.13 0 4.065
1643366400 20.27 84.07 0 4.065
1643366460 20.27 84.06 0 4.065
1643366520 20.26 83.99 0 4.065
1643366580 20.24 83.96 0 4.065
1643366640 20.23 83.99 0 4.065
1643366700 20.18 83.97 0 4.065
1643366760 20.17 83.97 0 4.065
1643366820 20.16 83.97 0 4.065
1643366880 20.08 83.98 0 4.065
1643366940 20.08 83.97 0 4.065
1643367000 20.06 83.93 0 4.065
1643367060 20.06 83.94 0 4.065
1643367120 20.04 83.9 0 4.065
1643367180 20.03 83.93 0 4.06
1643367240 20.01 83.9 0 4.065
1643367300 20.01 83.88 0 4.065
1643367360 19.98 83.86 0 4.065
1643367420 19.97 83.88 0 4.065
1643367480 19.94 83.88 0 4.065
1643367540 19.9 83.84 0 4.065
1643367600 19.94 83.84 0 4.065
1643367660 19.94 83.77 0 4.065
1643367720 19.98 83.75 0 4.065
1643367780 20.01 83.7 0 4.065
1643367840 20 83.66 0 4.065
1643367900 19.97 83.6 0 4.065
1643367960 19.97 83.6 0 4.065
1643368020 19.96 83.56 0 4.065
1643368080 19.94 83.5 0 4.065
1643368140 19.94 83.48 0 4.065
1643368200 19.91 83.49 0 4.065
1643368260 19.88 83.48 0 4.065
1643368320 19.9 83.5 0 4.065
1643368380 19.87 83.47 0 4.065
1643368440 19.81 83.46 0 4.065
1643368500 19.81 83.49 0 4.065
1643368560 19.8 83.5 0 4.065
1643368620 19.77 83.54 0 4.065
1643368680 19.76 83.53 0 4.065
1643368740 19.74 83.59 0 4.065
1643368800 19.72 83.66 0 4.065
1643368860 19.69 83.71 0 4.065
1643368920 19.66 83.75 0 4.065
1643368980 19.64 83.82 0 4.06
1643369040 19.6 83.86 0 4.065
1643369100 19.59 83.91 0 4.065
1643369160 19.57 83.99 0 4.065
1643369220 19.59 84.05 0 4.065
1643369280 19.55 84.1 0 4.065
1643369340 19.52 84.15 0 4.065
1643369400 19.49 84.22 0 4.065
1643369460 19.49 84.26 0 4.065
1643369520 19.48 84.32 0 4.065
1643369580 19.48 84.36 0 4.065
1643369640 19.45 84.4 0 4.065
1643369700 19.42 84.46 0 4.065
1643369760 19.42 84.49 0 4.065
1643369820 19.42 84.56 0 4.065
1643369880 19.43 84.56 4 4.065
1643369940 19.43 84.65 4 4.065
1643370000 19.42 84.71 4 4.06
1643370060 19.42 84.8 4 4.065
1643370120 19.37 84.84 4 4.065
1643370180 19.36 84.88 0 4.065
1643370240 19.35 84.93 4 4.065
1643370300 19.37 85 4 4.065
1643370360 19.33 85.03 4 4.065
1643370420 19.33 85.06 4 4.065
1643370480 19.32 85.12 4 4.065
1643370540 19.29 85.13 4 4.065
1643370600 19.26 85.1 4 4.065
1643370660 19.32 85.18 4 4.065
1643370720 19.3 85.16 4 4.065
1643370780 19.32 85.21 4 4.06
1643370840 19.32 85.22 4 4.06
1643370900 19.3 85.2 4 4.06
1643370960 19.32 85.27 4 4.06
1643371020 19.3 85.31 4 4.065
1643371080 19.29 85.35 4 4.065
1643371140 19.29 85.39 10 4.06
1643371200 19.32 85.45 4 4.065
1643371260 19.3 85.51 10 4.065
1643371320 19.29 85.53 10 4.065
1643371380 19.26 85.58 10 4.065
1643371440 19.25 85.64 10 4.065
1643371500 19.28 85.67 10 4.065
1643371560 19.29 85.69 10 4.06
1643371620 19.32 85.73 10 4.065
1643371680 19.37 85.74 10 4.06
1643371740 19.4 85.76 10 4.06
1643371800 19.4 85.79 10 4.06
1643371860 19.36 85.77 10 4.065
1643371920 19.4 85.76 10 4.06
1643371980 19.39 85.76 10 4.06
1643372040 19.36 85.74 10 4.065
1643372100 19.36 85.72 10 4.06
1643372160 19.36 85.79 16 4.06
1643372220 19.35 85.75 16 4.065
1643372280 19.37 85.72 16 4.065
1643372340 19.4 85.71 16 4.065
1643372400 19.45 85.69 16 4.06
1643372460 19.48 85.68 16 4.06
1643372520 19.46 85.66 16 4.06
1643372580 19.49 85.61 22 4.06
1643372640 19.52 85.64 22 4.06
1643372700 19.5 85.61 28 4.06
1643372760 19.53 85.61 28 4.06
1643372820 19.55 85.61 28 4.06
1643372880 19.55 85.58 34 4.065
1643372940 19.59 85.6 34 4.06
1643373000 19.59 85.62 34 4.06
1643373060 19.57 85.61 34 4.065
1643373120 19.6 85.59 34 4.06
1643373180 19.66 85.67 40 4.06
1643373240 19.63 85.66 40 4.06
1643373300 19.67 85.69 40 4.06
1643373360 19.7 85.7 40 4.065
1643373420 19.73 85.72 46 4.065
1643373480 19.84 85.74 46 4.055
1643373540 19.83 85.74 46 4.055
1643373600 19.86 85.72 52 4.06
1643373660 19.87 85.71 52 4.06
1643373720 19.9 85.75 52 4.06
1643373780 19.94 85.78 52 4.06
1643373840 19.9 85.77 52 4.06
1643373900 19.88 85.66 52 4.06
1643373960 19.96 85.62 52 4.06
1643374020 20.01 85.46 58 4.06
1643374080 20.08 85.33 58 4.065
1643374140 20.13 85.22 58 4.06
1643374200 20.17 85.06 58 4.06
1643374260 20.27 84.86 58 4.06
1643374320 20.28 84.75 58 4.06
1643374380 20.3 84.56 58 4.06
1643374440 20.32 84.42 58 4.06
1643374500 20.38 84.29 58 4.06
1643374560 20.38 84.17 64 4.06
1643374620 20.37 84.04 64 4.06
1643374680 20.38 83.93 64 4.06
1643374740 20.38 83.84 64 4.06
1643374800 20.42 83.71 70 4.06
1643374860 20.48 83.55 70 4.06
1643374920 20.52 83.45 70 4.06
1643374980 20.58 83.37 70 4.06
1643375040 20.61 83.27 70 4.06
1643375100 20.62 83.17 70 4.06
1643375160 20.65 83.04 70 4.06
1643375220 20.67 82.98 76 4.06
1643375280 20.71 82.93 76 4.055
1643375340 20.77 82.84 76 4.06
1643375400 20.79 82.75 76 4.06
1643375460 20.85 82.64 76 4.06
1643375520 20.86 82.59 76 4.06
1643375580 20.86 82.4 76 4.06
1643375640 20.99 82.22 82 4.06
1643375700 21.05 82.03 82 4.06
1643375760 21.19 81.81 82 4.06
1643375820 21.28 81.52 82 4.06
1643375880 21.39 81.25 82 4.055
1643375940 21.43 81.01 82 4.06
1643376000 21.46 80.75 82 4.06
1643376060 21.5 80.51 82 4.06
1643376120 21.63 80.25 88 4.06
1643376180 21.65 79.97 88 4.055
1643376240 21.6 79.72 88 4.06
1643376300 21.61 79.49 88 4.06
1643376360 21.63 79.3 88 4.06
1643376420 21.67 79.08 88 4.06
1643376480 21.73 78.83 88 4.06
1643376540 21.74 78.58 88 4.06
1643376600 21.77 78.37 94 4.055
1643376660 21.83 78.19 94 4.06
1643376720 21.93 78.01 94 4.06
1643376780 22.01 77.8 94 4.06
1643376840 22.05 77.61 94 4.06
1643376900 22.08 77.42 94 4.06
1643376960 22.11 77.25 94 4.06
1643377020 22.19 77.03 100 4.06
1643377080 22.31 76.9 100 4.06
1643377140 22.38 76.67 100 4.06
1643377200 22.44 76.45 100 4.055
1643377260 22.46 76.28 106 4.06
1643377320 22.49 76.04 112 4.06
1643377380 22.52 75.81 112 4.06
1643377440 22.62 75.58 118 4.06
1643377500 22.66 75.35 118 4.06
1643377560 22.72 75.08 118 4.06
1643377620 22.78 74.83 118 4.06
1643377680 22.8 74.58 118 4.06
1643377740 22.9 74.34 112 4.06
1643377800 22.97 74.07 112 4.06
1643377860 23 73.85 106 4.06
1643377920 23.06 73.62 118 4.06
1643377980 23.12 73.41 124 4.06
1643378040 23.14 73.15 131 4.06
1643378100 23.19 72.93 131 4.06
1643378160 23.23 72.74 131 4.06
1643378220 23.21 72.5 124 4.06
1643378280 23.21 72.37 131 4.06
1643378340 23.29 72.22 124 4.06
1643378400 23.36 72.07 131 4.06
1643378460 23.34 71.9 131 4.06
1643378520 23.4 71.77 137 4.06
1643378580 23.53 71.65 149 4.06
1643378640 23.63 71.56 155 4.06
1643378700 23.67 71.42 161 4.06
1643378760 23.75 71.31 167 4.065
1643378820 23.8 71.19 167 4.06
1643378880 23.87 71.1 161 4.06
1643378940 23.97 70.98 155 4.06
1643379000 23.89 70.83 149 4.065
1643379060 23.92 70.65 143 4.06
1643379120 23.97 70.55 143 4.06
1643379180 23.89 70.4 143 4.065
1643379240 23.89 70.26 137 4.06
1643379300 23.91 70.11 131 4.065
1643379360 23.98 69.98 131 4.06
1643379420 23.88 69.78 124 4.065
1643379480 24.01 69.65 124 4.06
1643379540 24.1 69.5 118 4.06
1643379600 24.11 69.36 118 4.065
1643379660 24.16 69.24 118 4.06
1643379720 24.14 69.12 118 4.06
1643379780 24.14 69.01 118 4.06
1643379840 24.19 68.91 118 4.06
1643379900 24.18 68.77 118 4.06
1643379960 24.15 68.66 118 4.06
1643380020 24.12 68.52 118 4.06
1643380080 24.22 68.49 118 4.06
1643380140 24.15 68.41 118 4.06
1643380200 24.18 68.34 118 4.06
1643380260 24.29 68.34 118 4.065
1643380320 24.35 68.29 118 4.06
1643380380 24.42 68.21 131 4.06
1643380440 24.48 68.14 131 4.06
1643380500 24.53 68.11 137 4.06
1643380560 24.63 68.07 124 4.06
1643380620 24.69 68.01 118 4.065
1643380680 24.62 67.93 124 4.06
1643380740 24.59 67.84 124 4.06
1643380800 24.72 67.78 124 4.06
1643380860 24.77 67.71 124 4.06
1643380920 24.77 67.62 124 4.06
1643380980 24.83 67.55 124 4.065
1643381040 24.82 67.47 131 4.06
1643381100 24.8 67.39 143 4.06
1643381160 24.87 67.36 256 4.06
1643381220 24.89 67.26 380 4.06
1643381280 24.94 67.16 429 4.06
1643381340 25.03 67.07 304 4.065
1643381400 25.13 66.95 201 4.06
1643381460 25.28 66.85 171 4.06
1643381520 25.26 66.7 177 4.06
1643381580 25.21 66.57 137 4.06
1643381640 25.18 66.44 131 4.06
1643381700 25.13 66.32 131 4.065
1643381760 25.04 66.12 131 4.06
1643381820 24.96 66.08 137 4.06
1643381880 24.93 65.95 185 4.06
1643381940 25.06 65.9 298 4.06
1643382000 25.21 65.82 368 4.06
1643382060 25.36 65.74 441 4.06
1643382120 25.49 65.69 322 4.06
1643382180 25.56 65.53 189 4.06
1643382240 25.75 65.45 638 4.065
1643382300 25.96 65.34 501 4.065
1643382360 26.06 65.25 344 4.065
1643382420 26.03 65.14 280 4.065
1643382480 26.15 65.05 374 4.06
1643382540 26.19 64.91 262 4.06
1643382600 26.29 64.78 155 4.06
1643382660 26.4 64.68 167 4.06
1643382720 26.26 64.5 191 4.06
1643382780 26.26 64.36 167 4.06
1643382840 26.28 64.31 189 4.06
1643382900 26.23 64.16 161 4.06
1643382960 26.15 64.03 213 4.06
1643383020 26.08 63.85 411 4.065
1643383080 26.12 63.78 620 4.06
1643383140 26.14 63.74 733 4.06
1643383200 26.19 63.68 632 4.065
1643383260 26.23 63.63 358 4.065
1643383320 26.29 63.55 274 4.065
1643383380 26.53 63.53 243 4.06
1643383440 26.54 63.42 177 4.06
1643383500 26.7 63.31 280 4.065
1643383560 26.73 63.2 368 4.065
1643383620 26.8 63.08 596 4.06
1643383680 26.57 62.96 752 4.065
1643383740 26.82 62.92 697 4.06
1643383800 26.98 62.86 709 4.06
1643383860 27.01 62.8 734 4.065
1643383920 26.9 62.74 680 4.06
1643383980 26.98 62.7 525 4.065
1643384040 27.24 62.66 656 4.06
1643384100 27.54 62.6 554 4.06
1643384160 27.68 62.56 334 4.065
1643384220 27.72 62.45 195 4.06
1643384280 27.73 62.33 155 4.06
1643384340 27.85 62.23 177 4.06
1643384400 27.79 62.07 195 4.06
1643384460 27.69 61.87 161 4.06
1643384520 27.55 61.71 167 4.06
1643384580 27.47 61.58 207 4.06
1643384640 27.38 61.45 380 4.065
1643384700 27.4 61.26 620 4.065
1643384760 27.54 61.16 483 4.06
1643384820 27.48 61.05 256 4.065
1643384880 27.49 60.86 185 4.065
1643384940 27.52 60.7 155 4.06
1643385000 27.73 60.68 183 4.065
1643385060 27.92 60.61 197 4.065
1643385120 27.95 60.48 197 4.065
1643385180 27.75 60.31 161 4.06
1643385240 27.64 60.16 161 4.06
1643385300 27.71 60.08 143 4.065
1643385360 27.69 60.02 143 4.06
1643385420 27.69 59.85 161 4.06
1643385480 27.73 59.79 161 4.06
1643385540 27.65 59.69 213 4.06
1643385600 27.64 59.59 256 4.065
1643385660 27.61 59.44 219 4.065
1643385720 27.65 59.33 185 4.065
1643385780 27.54 59.21 191 4.065
1643385840 27.49 59.02 189 4.065
1643385900 27.61 58.93 149 4.065
1643385960 27.68 58.84 149 4.06
1643386020 27.73 58.76 237 4.06
1643386080 27.85 58.69 310 4.06
1643386140 27.59 58.57 495 4.065
1643386200 27.58 58.46 310 4.06
1643386260 27.65 58.37 173 4.065
1643386320 27.61 58.31 155 4.065
1643386380 27.59 58.22 161 4.065
1643386440 27.71 58.18 167 4.065
1643386500 27.81 58.14 262 4.065
1643386560 28 58.15 237 4.06
1643386620 28.1 58.13 191 4.065
1643386680 28.13 58.04 167 4.065
1643386740 28.06 57.98 219 4.065
1643386800 28.15 57.91 268 4.065
1643386860 28.09 57.89 243 4.065
1643386920 27.82 57.83 243 4.06
1643386980 27.68 57.75 231 4.065
1643387040 27.76 57.75 191 4.065
1643387100 27.86 57.78 243 4.065
1643387160 27.84 57.74 213 4.065
1643387220 27.76 57.64 183 4.065
1643387280 27.66 57.63 197 4.065
1643387340 27.64 57.55 249 4.065
1643387400 27.72 57.52 256 4.071
1643387460 27.82 57.47 292 4.065
1643387520 27.89 57.5 310 4.071
1643387580 28.03 57.45 340 4.071
1643387640 28.24 57.46 531 4.071
1643387700 28.33 57.41 813 4.071
1643387760 28.39 57.33 1155 4.071
1643387820 28.53 57.25 825 4.071
1643387880 28.67 57.25 1161 4.071
1643387940 28.81 57.15 197 4.071
1643388000 29.07 57.05 179 4.065
1643388060 29.17 56.96 179 4.065
1643388120 29.18 56.82 179 4.065
1643388180 29.07 56.68 179 4.065
1643388240 28.6 56.51 191 4.065
1643388300 28.43 56.41 203 4.065
1643388360 28.32 56.31 219 4.071
1643388420 28.26 56.22 239 4.071
1643388480 28.29 56.27 225 4.071
1643388540 28.08 56.18 221 4.071
1643388600 28 56.29 215 4.071
1643388660 27.88 56.36 209 4.071
1643388720 27.89 56.5 215 4.071
1643388780 27.95 56.63 233 4.071
1643388840 27.92 56.78 700 4.076
1643388900 27.81 57.01 1152 4.087
1643388960 27.82 57.16 304 4.071
1643389020 28 57.4 706 4.076
1643389080 28.24 57.6 521 4.076
1643389140 28.36 57.72 1189 4.087
1643389200 28.56 57.85 1207 4.087
1643389260 28.89 57.97 775 4.092
1643389320 29.11 58.02 1203 4.092
1643389380 29.26 58.06 1233 4.092
1643389440 29.48 57.99 1016 4.098
1643389500 29.83 57.99 921 4.092
1643389560 29.95 57.86 829 4.092
1643389620 30.06 57.74 831 4.098
1643389680 29.99 57.59 837 4.092
1643389740 30.24 57.53 564 4.092
1643389800 30.26 57.31 781 4.087
1643389860 30.09 57.1 1192 4.098
1643389920 30.02 56.92 1150 4.098
1643389980 30.09 56.75 1224 4.103
1643390040 30.19 56.57 1233 4.076
1643390100 30.17 56.33 1206 4.098
1643390160 30.16 56.08 1242 4.076
1643390220 30.47 55.95 1313 4.098
1643390280 30.63 55.78 1287 4.076
1643390340 30.87 55.64 1329 4.098
1643390400 31.11 55.45 1329 4.076
1643390460 31.19 55.23 1311 4.076
1643390520 30.84 55.07 1332 4.103
1643390580 30.89 54.94 1152 4.082
1643390640 30.91 54.84 751 4.098
1643390700 30.79 54.68 636 4.092
1643390760 30.54 54.6 1060 4.082
1643390820 30.5 54.53 588 4.092
1643390880 30.78 54.56 1326 4.076
1643390940 30.94 54.51 843 4.098
1643391000 30.78 54.39 864 4.082
1643391060 30.6 54.25 926 4.082
1643391120 30.57 54.19 1216 4.108
1643391180 30.46 54.17 843 4.098
1643391240 30.53 54.1 1239 4.076
1643391300 30.54 54.12 1248 4.076
1643391360 30.73 54.14 1245 4.114
1643391420 30.99 54.17 1227 4.114
1643391480 30.99 54.12 1236 4.108
1643391540 30.82 54.05 1243 4.108
1643391600 30.99 54 1255 4.114
1643391660 30.98 53.94 1237 4.108
1643391720 31.12 53.9 1225 4.108
1643391780 31.17 53.83 1213 4.114
1643391840 31.32 53.82 1231 4.108
1643391900 31.31 53.66 1239 4.114
1643391960 31.39 53.52 1251 4.114
1643392020 31.43 53.36 1263 4.114
1643392080 31.42 53.27 1269 4.114
1643392140 31.17 53.06 1269 4.114
1643392200 31.07 53.08 215 4.092
1643392260 31.48 53.05 209 4.087
1643392320 31.08 52.9 451 4.098
1643392380 30.73 52.82 1302 4.082
1643392440 30.31 52.75 1319 4.082
1643392500 30.53 52.86 1337 4.082
1643392560 30.91 52.97 1340 4.125
1643392620 31.22 52.98 1346 4.087
1643392680 31.49 52.95 1358 4.125
1643392740 31.38 52.96 1394 4.125
1643392800 31.55 52.96 317 4.092
1643392860 31.76 52.97 275 4.087
1643392920 31.73 52.83 257 4.087
1643392980 31.61 52.72 239 4.087
1643393040 31.29 52.6 239 4.087
1643393100 31.02 52.56 605 4.082
1643393160 30.73 52.53 1331 4.082
1643393220 30.53 52.65 1308 4.082
1643393280 30.56 52.71 1299 4.114
1643393340 30.71 52.88 1263 4.114
1643393400 30.97 53.01 1275 4.119
1643393460 31.09 53.1 1277 4.119
1643393520 31.49 53.21 1270 4.114
1643393580 31.61 53.18 1239 4.119
1643393640 31.68 53.1 1233 4.119
1643393700 31.65 52.99 1246 4.119
1643393760 31.75 52.88 1258 4.119
1643393820 31.83 52.78 1277 4.119
1643393880 32.23 52.75 1058 4.114
1643393940 32.38 52.65 1283 4.119
1643394000 32.41 52.5 805 4.092
1643394060 32.27 52.37 787 4.092
1643394120 32.23 52.24 283 4.098
1643394180 31.9 52.17 974 4.087
1643394240 31.66 52.05 1310 4.092
1643394300 31.46 52.01 1299 4.092
1643394360 31.32 52.03 1292 4.087
1643394420 31.43 52.11 1273 4.092
1643394480 31.59 52.16 1263 4.087
1643394540 31.75 52.19 1261 4.087
1643394600 31.93 52.13 221 4.092
1643394660 32.03 52.08 203 4.092
1643394720 31.9 52.02 197 4.092
1643394780 31.61 51.92 197 4.092
1643394840 31.48 51.92 221 4.098
1643394900 31.05 51.94 1021 4.087
1643394960 30.57 52.03 1267 4.092
1643395020 30.44 52.22 1267 4.087
1643395080 30.57 52.44 1261 4.087
1643395140 30.6 52.61 1267 4.087
1643395200 30.57 52.71 1298 4.087
1643395260 30.94 52.89 1317 4.087
1643395320 31.14 53.01 1334 4.087
1643395380 31.45 53.09 1374 4.087
1643395440 31.87 53.13 1368 4.087
1643395500 32.34 53.15 1379 4.119
1643395560 32.44 53 1362 4.119
1643395620 32.5 52.9 1377 4.087
1643395680 32.6 52.75 319 4.098
1643395740 32.75 52.5 283 4.098
1643395800 32.44 52.28 269 4.092
1643395860 32.34 52.05 251 4.092
1643395920 32 51.87 245 4.092
1643395980 31.55 51.72 233 4.092
1643396040 31.17 51.7 252 4.098
1643396100 30.81 51.68 263 4.092
1643396160 30.71 51.8 293 4.092
1643396220 30.36 51.87 252 4.098
1643396280 29.77 52.09 179 4.092
1643396340 29.59 52.3 167 4.092
1643396400 29.63 52.54 149 4.092
1643396460 29.53 52.81 137 4.092
1643396520 29.38 53.02 124 4.092
1643396580 29.14 53.29 118 4.092
1643396640 28.93 53.56 137 4.087
1643396700 28.75 53.85 149 4.092
1643396760 28.49 54.16 221 4.098
1643396820 28.36 54.43 1112 4.092
1643396880 28.37 54.75 858 4.092
1643396940 28.54 55.09 265 4.098
1643397000 28.61 55.36 1179 4.087
1643397060 28.9 55.66 301 4.092
1643397120 29.32 55.97 240 4.092
1643397180 29.39 56.18 215 4.092
1643397240 29.28 56.31 204 4.092
1643397300 29.26 56.41 239 4.098
1643397360 29.11 56.45 257 4.098
1643397420 29.11 56.61 240 4.098
1643397480 28.97 56.62 222 4.092
1643397540 28.87 56.71 227 4.098
1643397600 28.86 56.74 234 4.098
1643397660 28.71 56.81 228 4.098
1643397720 28.67 56.82 228 4.098
1643397780 28.7 56.86 871 4.092
1643397840 28.69 56.9 185 4.092
1643397900 28.56 56.97 143 4.092
1643397960 28.53 57.05 137 4.092
1643398020 28.46 57.05 143 4.098
1643398080 28.37 57.11 149 4.092
1643398140 28.33 57.18 179 4.092
1643398200 28.24 57.31 427 4.098
1643398260 28.22 57.43 179 4.092
1643398320 28.26 57.51 143 4.092
1643398380 28.29 57.71 137 4.092
1643398440 28.23 57.83 131 4.098
1643398500 28.16 57.95 138 4.092
1643398560 28.08 58.1 167 4.098
1643398620 28.08 58.24 185 4.098
1643398680 28.02 58.34 180 4.092
1643398740 27.98 58.51 168 4.098
1643398800 27.94 58.6 167 4.092
1643398860 27.95 58.73 162 4.092
1643398920 27.95 58.85 167 4.098
1643398980 27.84 58.99 179 4.092
1643399040 27.82 59.09 204 4.098
1643399100 27.86 59.22 548 4.103
1643399160 27.92 59.32 1112 4.092
1643399220 28.12 59.5 265 4.098
1643399280 28.36 59.59 228 4.098
1643399340 28.42 59.68 204 4.098
1643399400 28.47 59.75 186 4.098
1643399460 28.47 59.74 162 4.098
1643399520 28.37 59.8 174 4.092
1643399580 28.27 59.84 209 4.087
1643399640 28.13 59.89 1008 4.087
1643399700 28.1 59.93 335 4.098
1643399760 28.32 59.95 185 4.092
1643399820 28.33 59.94 179 4.098
1643399880 28.43 59.95 215 4.092
1643399940 28.46 59.95 240 4.098
1643400000 28.54 59.96 216 4.098
1643400060 28.49 59.92 210 4.098
1643400120 28.3 59.86 222 4.092
1643400180 28.16 59.84 186 4.098
1643400240 28.15 59.84 186 4.098
1643400300 28.12 59.81 179 4.098
1643400360 28.1 59.84 161 4.092
1643400420 27.99 59.9 155 4.092
1643400480 27.98 59.96 149 4.092
1643400540 27.94 60.01 149 4.092
1643400600 27.86 60.04 168 4.092
1643400660 27.91 60.12 185 4.092
1643400720 27.85 60.13 252 4.098
1643400780 27.82 60.23 216 4.098
1643400840 27.81 60.3 209 4.098
1643400900 27.85 60.27 197 4.092
1643400960 27.86 60.4 885 4.098
1643401020 28 60.48 903 4.098
1643401080 28.23 60.53 905 4.103
1643401140 28.5 60.55 204 4.098
1643401200 28.78 60.5 222 4.098
1643401260 28.77 60.46 463 4.098
1643401320 28.64 60.36 614 4.098
1643401380 28.71 60.3 929 4.103
1643401440 28.87 60.27 923 4.103
1643401500 29.1 60.22 905 4.103
1643401560 29.31 60.1 222 4.098
1643401620 29.45 60.03 197 4.098
1643401680 29.47 59.92 192 4.098
1643401740 29.39 59.73 210 4.092
1643401800 29.26 59.62 855 4.103
1643401860 29.15 59.52 837 4.098
1643401920 29.31 59.42 813 4.103
1643401080 28.23 60.53 905 4.103
1643401140 28.5 60.55 204 4.098
1643401200 28.78 60.5 222 4.098
1643401260 28.77 60.46 463 4.098
1643401320 28.64 60.36 614 4.098
1643401380 28.71 60.3 929 4.103
1643401440 28.87 60.27 923 4.103
1643401500 29.1 60.22 905 4.103
1643401560 29.31 60.1 222 4.098
1643401620 29.45 60.03 197 4.098
1643401680 29.47 59.92 192 4.098
1643401740 29.39 59.73 210 4.092
1643401800 29.26 59.62 855 4.103
1643401860 29.15 59.52 837 4.098
1643401920 29.31 59.42 813 4.103
1643401980 29.36 59.28 807 4.103
1643402040 29.36 59.18 807 4.098
1643402100 29.62 59.15 789 4.103
1643402160 29.59 58.99 132 4.098
1643402220 29.83 58.87 114 4.098
1643402280 29.65 58.72 764 4.098
1643402340 29.48 58.59 426 4.098
1643402400 29.52 58.43 771 4.098
1643402460 29.51 58.29 789 4.098
1643402520 29.62 58.16 801 4.103
1643402580 29.69 58.07 807 4.103
1643402640 30.02 58.03 783 4.103
1643402700 29.99 57.93 620 4.098
1643402760 30.23 57.82 112 4.098
1643402820 29.95 57.67 108 4.092
1643402880 29.98 57.5 120 4.098
1643402940 29.82 57.39 137 4.092
1643403000 29.41 57.27 150 4.098
1643403060 29.29 57.19 198 4.098
1643403120 29.07 57.1 777 4.103
1643403180 29.02 57.02 192 4.098
1643403240 29.04 57.05 186 4.098
1643403300 29.02 57.04 192 4.098
1643403360 28.91 56.99 608 4.103
1643403420 28.82 57.03 481 4.098
1643403480 28.7 57.07 746 4.103
1643403540 29.04 57.15 234 4.098
1643403600 29.02 57.16 222 4.103
1643403660 28.91 57.19 216 4.103
1643403720 28.71 57.22 216 4.103
1643403780 28.69 57.27 566 4.108
1643403840 28.75 57.4 754 4.103
1643403900 28.84 57.5 752 4.108
1643403960 29.04 57.58 730 4.103
1643404020 29.25 57.7 716 4.103
1643404080 29.45 57.72 704 4.098
1643404140 29.48 57.71 686 4.103
1643404200 29.66 57.74 674 4.103
1643404260 29.55 57.67 198 4.103
1643404320 29.69 57.7 222 4.103
1643404380 29.58 57.66 198 4.103
1643404440 29.52 57.58 295 4.103
1643404500 29.44 57.57 627 4.103
1643404560 29.36 57.5 126 4.098
1643404620 29.28 57.47 138 4.098
1643404680 29.25 57.46 259 4.098
1643404740 29.26 57.39 222 4.098
1643404800 29.08 57.35 192 4.098
1643404860 29.11 57.34 174 4.103
1643404920 28.97 57.32 150 4.098
1643404980 28.9 57.34 186 4.098
1643405040 28.78 57.32 198 4.098
1643405100 28.77 57.33 192 4.098
1643405160 28.73 57.38 186 4.098
1643405220 28.63 57.34 180 4.098
1643405280 28.71 57.44 156 4.092
1643405340 28.73 57.45 180 4.098
1643405400 28.66 57.48 162 4.098
1643405460 28.64 57.52 144 4.098
1643405520 28.66 57.57 168 4.098
1643405580 28.57 57.58 144 4.098
1643405640 28.53 57.61 144 4.098
1643405700 28.46 57.69 168 4.098
1643405760 28.3 57.69 150 4.103
1643405820 28.32 57.72 144 4.098
1643405880 28.24 57.77 144 4.098
1643405940 28.13 57.82 150 4.098
1643406000 28.1 57.94 174 4.103
1643406060 28.12 58.04 174 4.098
1643406120 28.08 58.1 168 4.098
1643406180 28.09 58.12 162 4.098
1643406240 28.13 58.23 162 4.098
1643406300 28.09 58.33 162 4.098
1643406360 28.06 58.35 162 4.098
1643406420 28.05 58.49 144 4.103
1643406480 28.06 58.56 150 4.098
1643406540 28.06 58.6 144 4.098
1643406600 28.06 58.61 138 4.098
1643406660 28 58.61 138 4.098
1643406720 27.98 58.62 150 4.098
1643406780 27.98 58.73 156 4.092
1643406840 28.06 58.82 144 4.098
1643406900 27.99 58.87 138 4.098
1643406960 27.98 58.94 114 4.092
1643407020 27.91 59 108 4.098
1643407080 27.96 59.08 106 4.098
1643407140 27.91 59.15 114 4.092
1643407200 27.81 59.21 138 4.098
1643407260 27.79 59.32 132 4.098
1643407320 27.76 59.38 132 4.098
1643407380 27.82 59.42 138 4.098
1643407440 27.84 59.46 138 4.098
1643407500 27.78 59.5 138 4.098
1643407560 27.78 59.51 132 4.098
1643407620 27.81 59.56 132 4.098
1643407680 27.88 59.62 131 4.092
1643407740 27.91 59.62 132 4.098
1643407800 27.85 59.65 132 4.098
1643407860 27.85 59.68 144 4.098
1643407920 27.84 59.72 162 4.098
1643407980 27.75 59.81 174 4.098
1643408040 27.79 59.89 186 4.098
1643408100 27.95 59.96 192 4.098
1643408160 28.02 60.02 192 4.103
1643408220 28.06 60.07 180 4.103
1643408280 28.02 60.15 168 4.098
1643408340 27.96 60.16 162 4.098
1643408400 27.98 60.25 144 4.098
1643408460 27.91 60.32 132 4.098
1643408520 27.92 60.37 126 4.098
1643408580 27.99 60.46 118 4.087
1643408640 27.82 60.54 118 4.092
1643408700 27.78 60.58 120 4.092
1643408760 27.69 60.61 120 4.098
1643408820 27.71 60.71 114 4.098
1643408880 27.64 60.74 114 4.092
1643408940 27.54 60.8 114 4.098
1643409000 27.52 60.84 120 4.098
1643409060 27.51 60.89 120 4.098
1643409120 27.51 60.95 120 4.092
1643409360 27.45 61.04 112 4.092
1643409420 27.43 61.12 118 4.098
1643409480 27.41 61.16 114 4.098
1643409540 27.45 61.25 108 4.098
1643409600 27.45 61.35 106 4.098
1643409660 27.37 61.39 88 4.082
1643409720 27.35 61.62 88 4.087
1643409780 27.31 61.62 88 4.092
1643409840 27.27 61.72 88 4.092
1643409900 27.23 61.78 88 4.092
1643409960 27.21 61.84 82 4.092
1643410020 27.18 61.93 76 4.092
1643410080 27.14 62.02 70 4.092
1643410140 27.1 62.1 64 4.098
1643410200 27.08 62.23 58 4.092
1643410260 27.11 62.31 58 4.098
1643410320 27.1 62.42 52 4.092
1643410380 27.01 62.45 52 4.092
1643410440 26.98 62.58 52 4.092
1643410500 26.94 62.68 52 4.098
1643410560 26.91 62.73 52 4.082
1643410620 26.8 63.01 46 4.087
1643410680 26.77 63.1 46 4.092
1643410740 26.77 63.2 46 4.087
1643410800 26.7 63.37 46 4.092
1643410860 26.6 63.49 40 4.092
1643410920 26.52 63.64 34 4.092
1643410980 26.43 63.79 34 4.092
1643411040 26.4 63.98 34 4.092
1643411100 26.42 64.16 40 4.092
1643411160 26.4 64.35 40 4.092
1643411220 26.39 64.52 40 4.092
1643411280 26.38 64.74 40 4.092
1643411340 26.29 64.95 34 4.092
1643411400 26.26 65.15 28 4.092
1643411460 26.23 65.35 28 4.092
1643411520 26.25 65.6 22 4.087
1643411580 26.22 65.75 22 4.092
1643411640 26.21 65.94 22 4.092
1643411700 26.19 66.08 16 4.092
1643411760 26.21 66.33 16 4.092
1643411820 26.15 66.46 16 4.092
1643411880 26.15 66.57 10 4.092
1643411940 26.12 66.7 10 4.092
1643412000 26.12 66.85 10 4.092
1643412060 26.05 66.94 10 4.087
1643412120 26.02 67.05 4 4.092
1643412180 25.96 67.14 4 4.087
1643412240 25.92 67.25 4 4.092
1643412300 25.88 67.37 4 4.092
1643412360 25.84 67.48 4 4.092
1643412420 25.79 67.61 4 4.092
1643412480 25.74 67.71 4 4.092
1643412540 25.68 67.83 4 4.092
1643412600 25.65 67.93 4 4.092
1643412660 25.61 68.05 0 4.092
1643412720 25.61 68.18 0 4.092
1643412780 25.57 68.34 0 4.092
1643412840 25.56 68.46 0 4.092
1643412900 25.49 68.58 0 4.092
1643412960 25.49 68.74 0 4.092
1643413020 25.51 68.87 0 4.092
1643413080 25.45 68.98 0 4.092
1643413140 25.4 69.15 0 4.092
1643413200 25.4 69.3 0 4.092
1643413260 25.36 69.43 0 4.092
1643413320 25.3 69.59 0 4.092
1643413380 25.27 69.72 0 4.087
1643413440 25.23 69.86 0 4.092
1643413500 25.18 70 0 4.092
1643413560 25.2 70.17 0 4.092
1643413620 25.18 70.29 0 4.092
1643413680 25.14 70.44 0 4.092
1643413740 25.17 70.62 0 4.092
1643413800 25.14 70.75 0 4.092
1643413860 25.13 70.93 0 4.092
1643413920 25.12 71.08 0 4.092
1643413980 25.12 71.23 0 4.092
1643414040 25.13 71.4 0 4.087
1643414100 25.12 71.54 0 4.087
1643414160 25.12 71.69 0 4.092
1643414220 25.07 71.91 0 4.092
1643414280 25.06 72.07 0 4.092
1643414340 25.06 72.23 0 4.087
1643414400 25.03 72.39 0 4.087
1643414460 25.04 72.53 0 4.087
1643414520 25.06 72.69 0 4.087
1643414580 25.03 72.8 0 4.087
1643414640 24.98 72.99 0 4.087
1643414700 24.96 73.16 0 4.087
1643414760 24.91 73.3 0 4.092
1643414820 24.93 73.46 0 4.092
1643414880 24.9 73.61 0 4.092
1643414940 24.91 73.77 0 4.092
1643415000 24.91 73.91 0 4.092
1643415060 24.89 74.06 0 4.092
1643415120 24.87 74.21 0 4.092
1643415180 24.87 74.34 0 4.092
1643415240 24.89 74.48 0 4.092
1643415300 24.86 74.61 0 4.092
1643415360 24.86 74.76 0 4.087
1643415420 24.87 74.88 0 4.092
1643415480 24.85 75.03 0 4.092
1643415540 24.82 75.14 0 4.092
1643415600 24.8 75.25 0 4.092
1643415660 24.76 75.33 0 4.087
1643415720 24.73 75.47 0 4.087
1643415780 24.7 75.58 0 4.092
1643415840 24.66 75.63 0 4.087
1643415900 24.66 75.72 0 4.092
1643415960 24.63 75.83 0 4.087
1643416020 24.61 75.93 0 4.087
1643416080 24.61 76.01 0 4.087
1643416140 24.59 76.07 0 4.092
1643416200 24.59 76.19 0 4.092
1643416260 24.58 76.28 0 4.092
1643416320 24.55 76.34 0 4.092
1643416380 24.56 76.45 0 4.087
1643416440 24.55 76.46 0 4.092
1643416500 24.53 76.53 0 4.087
1643416560 24.55 76.64 0 4.092
1643416620 24.49 76.69 0 4.092
1643416680 24.52 76.8 0 4.092
1643416740 24.51 76.88 0 4.087
1643416800 24.45 76.95 0 4.087
1643416860 24.45 77.02 0 4.087
1643416920 24.45 77.08 0 4.087
1643416980 24.45 77.16 0 4.087
1643417040 24.46 77.24 0 4.087
1643417100 24.45 77.28 0 4.087
1643417160 24.45 77.33 0 4.087
1643417220 24.45 77.41 0 4.087
1643417280 24.42 77.49 0 4.087
1643417340 24.4 77.53 0 4.087
1643417400 24.38 77.57 0 4.087
1643417460 24.38 77.63 0 4.087
1643417520 24.36 77.7 0 4.092
1643417580 24.33 77.75 0 4.087
1643417640 24.35 77.84 0 4.087
1643417700 24.33 77.83 0 4.087
1643417760 24.35 77.93 0 4.092
1643417820 24.35 77.98 0 4.087
1643417880 24.36 78 0 4.087
1643417940 24.35 78.07 0 4.087
1643418000 24.33 78.09 0 4.087
1643418060 24.33 78.14 0 4.087
1643418120 24.33 78.21 0 4.087
1643418180 24.32 78.28 0 4.087
1643418240 24.33 78.28 0 4.087
1643418300 24.32 78.34 0 4.087
1643418360 24.31 78.36 0 4.087
1643418420 24.29 78.38 0 4.092
1643418480 24.29 78.43 0 4.087
1643418540 24.32 78.46 0 4.087
1643418600 24.32 78.52 0 4.092
1643418660 24.28 78.56 0 4.087
1643418720 24.26 78.62 0 4.087
1643418780 24.25 78.66 0 4.087
1643418840 24.26 78.69 0 4.087
1643418900 24.28 78.75 0 4.087
1643418960 24.25 78.76 0 4.087
1643419020 24.25 78.87 0 4.087
1643419080 24.22 78.91 0 4.087
1643419140 24.19 78.91 0 4.087
1643419200 24.19 78.98 0 4.087
1643419260 24.15 79.05 0 4.087
1643419320 24.16 79.12 0 4.087
1643419380 24.15 79.21 0 4.087
1643419440 24.12 79.22 0 4.087
1643419500 24.11 79.25 0 4.087
1643419560 24.15 79.31 0 4.087
1643419620 24.14 79.41 0 4.087
1643419680 24.14 79.44 0 4.087
1643419740 24.14 79.49 0 4.087
1643419800 24.11 79.54 0 4.087
1643419860 24.14 79.64 0 4.087
1643419920 24.16 79.65 0 4.087
1643419980 24.21 79.71 0 4.087
1643420040 24.21 79.79 0 4.087
1643420100 24.22 79.78 0 4.087
1643420160 24.23 79.82 0 4.087
1643420220 24.25 79.87 0 4.087
1643420280 24.23 79.87 0 4.087
1643420340 24.23 79.91 0 4.087
1643420400 24.25 79.92 0 4.087
1643420460 24.26 79.95 0 4.087
1643420520 24.28 79.99 0 4.087
1643420580 24.29 79.97 0 4.087
1643420640 24.28 79.97 0 4.087
1643420700 24.31 80 0 4.087
1643420760 24.31 79.98 0 4.087
1643420820 24.28 79.99 0 4.087
1643420880 24.28 80.04 0 4.087
1643420940 24.26 80.07 0 4.087
1643421000 24.26 80.04 0 4.087
1643421060 24.23 80.04 0 4.087
1643421120 24.19 80.04 0 4.087
1643421180 24.18 80.1 0 4.087
1643421240 24.15 80.11 0 4.087
1643421300 24.15 80.16 0 4.087
1643421360 24.21 80.18 0 4.087
1643421420 24.21 80.16 0 4.087
1643421480 24.18 80.14 0 4.082
1643421540 24.21 80.18 0 4.087
1643421600 24.18 80.18 0 4.087
1643421660 24.22 80.2 0 4.087
1643421720 24.22 80.24 0 4.087
1643421780 24.25 80.21 0 4.087
1643421840 24.26 80.21 0 4.087
1643421900 24.25 80.22 0 4.087
1643421960 24.28 80.28 0 4.082
1643422020 24.23 80.25 0 4.087
1643422080 24.23 80.28 0 4.087
1643422140 24.22 80.3 0 4.087
1643422200 24.22 80.3 0 4.087
1643422260 24.23 80.37 0 4.087
1643422320 24.22 80.36 0 4.087
1643422380 24.22 80.36 0 4.087
1643422440 24.22 80.4 0 4.087
1643422500 24.23 80.44 0 4.087
1643422560 24.25 80.43 0 4.087
1643422620 24.28 80.46 0 4.087
1643422680 24.28 80.42 0 4.087
1643422740 24.28 80.45 0 4.087
1643422800 24.29 80.41 0 4.087
1643422860 24.32 80.45 0 4.087
1643422920 24.28 80.41 0 4.087
1643422980 24.32 80.39 0 4.087
1643423040 24.28 80.38 0 4.087
1643423100 24.31 80.37 0 4.087
1643423160 24.33 80.36 0 4.082
1643423220 24.32 80.36 0 4.082
1643423280 24.33 80.36 0 4.087
1643423340 24.32 80.35 0 4.087
1643423400 24.31 80.33 0 4.087
1643423460 24.31 80.34 0 4.087
1643423520 24.31 80.35 0 4.087
1643423580 24.33 80.38 0 4.087
1643423640 24.32 80.34 0 4.087
1643423700 24.29 80.36 0 4.087
1643423760 24.28 80.37 0 4.082
1643423820 24.26 80.39 0 4.087
1643423880 24.23 80.39 0 4.087
1643423940 24.21 80.4 0 4.087
1643424000 24.22 80.42 0 4.087
1643424060 24.19 80.44 0 4.087
1643424120 24.18 80.5 0 4.087
1643424180 24.18 80.48 0 4.087
1643424240 24.18 80.54 0 4.082
1643424300 24.15 80.57 0 4.087
1643424360 24.15 80.59 0 4.087
1643424420 24.18 80.65 0 4.087
1643424480 24.12 80.7 0 4.087
1643424540 24.11 80.71 0 4.087
1643424600 24.14 80.76 0 4.087
1643424660 24.11 80.82 0 4.087
1643424720 24.12 80.82 0 4.087
1643424780 24.12 80.87 0 4.087
1643424840 24.1 80.95 0 4.087
1643424900 24.08 80.95 0 4.087
1643424960 24.11 80.97 0 4.082
1643425020 24.11 81.02 0 4.082
1643425080 24.16 81.03 0 4.087
1643425140 24.15 81 0 4.087
1643425200 24.15 81 0 4.082
1643425260 24.16 80.99 0 4.087
1643425320 24.14 80.96 0 4.082
1643425380 24.14 80.91 0 4.087
1643425440 24.12 80.93 0 4.082
1643425500 24.14 80.88 0 4.082
1643425560 24.12 80.88 0 4.082
1643425620 24.14 80.91 0 4.087
1643425680 24.11 80.83 0 4.087
1643425740 24.14 80.87 0 4.087
1643425800 24.18 80.89 0 4.087
1643425860 24.19 80.87 0 4.082
1643425920 24.21 80.87 0 4.082
1643425980 24.22 80.92 0 4.082
1643426040 24.21 80.9 0 4.082
1643426100 24.21 80.89 0 4.082
1643426160 24.19 80.9 0 4.082
1643426220 24.22 80.86 0 4.082
1643426280 24.21 80.92 0 4.087
1643426340 24.21 80.92 0 4.087
1643426400 24.19 80.89 0 4.082
1643426460 24.19 80.91 0 4.087
1643426520 24.18 80.85 0 4.082
1643426580 24.19 80.86 0 4.087
1643426640 24.21 80.82 0 4.087
1643426700 24.21 80.76 0 4.082
1643426760 24.22 80.71 0 4.082
1643426820 24.23 80.63 0 4.082
1643426880 24.26 80.57 0 4.087
1643426940 24.23 80.54 0 4.082
1643427000 24.29 80.51 0 4.082
1643427060 24.25 80.52 0 4.082
1643427120 24.26 80.51 0 4.087
1643427180 24.28 80.4 0 4.087
1643427240 24.29 80.43 0 4.082
1643427300 24.29 80.38 0 4.082
1643427360 24.28 80.37 0 4.087
1643427420 24.31 80.39 0 4.082
1643427480 24.29 80.32 0 4.082
1643427540 24.26 80.32 0 4.082
1643427600 24.28 80.34 0 4.082
1643427660 24.26 80.34 0 4.082
1643427720 24.23 80.32 0 4.082
1643427780 24.23 80.31 0 4.082
1643427840 24.21 80.33 0 4.082
1643427900 24.16 80.33 0 4.087
1643427960 24.18 80.36 0 4.082
1643428020 24.12 80.42 0 4.082
1643428080 24.1 80.47 0 4.082
1643428140 24.05 80.52 0 4.082
1643428200 24.01 80.59 0 4.082
1643428260 24.02 80.73 0 4.082
1643428320 23.98 80.85 0 4.082
1643428380 23.92 81 0 4.087
1643428440 23.89 81.14 0 4.082
1643428500 23.85 81.26 0 4.082
1643428560 23.84 81.39 0 4.082
1643428620 23.75 81.52 0 4.082
1643428680 23.74 81.69 0 4.082
1643428740 23.68 81.83 0 4.082
1643428800 23.65 81.94 0 4.082
1643428860 23.63 82.14 0 4.082
1643428920 23.6 82.26 0 4.082
1643428980 23.57 82.33 0 4.082
1643429040 23.57 82.46 0 4.082
1643429100 23.56 82.58 0 4.082
1643429160 23.53 82.69 0 4.082
1643429220 23.5 82.8 0 4.082
1643429280 23.49 82.87 0 4.082
1643429340 23.44 82.96 0 4.082
1643429400 23.44 83.02 0 4.082
1643429460 23.41 83.07 0 4.082
1643429520 23.39 83.11 0 4.082
1643429580 23.39 83.19 0 4.082
1643429640 23.36 83.23 0 4.082
1643429700 23.36 83.26 0 4.082
1643429760 23.34 83.33 0 4.082
1643429820 23.37 83.38 0 4.082
1643429880 23.33 83.45 0 4.082
1643429940 23.3 83.52 0 4.082
1643430000 23.3 83.55 0 4.082
1643430060 23.29 83.62 0 4.082
1643430120 23.29 83.67 0 4.082
1643430180 23.29 83.76 0 4.082
1643430240 23.27 83.81 0 4.082
1643430300 23.23 83.81 0 4.082
1643430360 23.24 83.88 0 4.082
1643430420 23.26 83.93 0 4.082
1643430480 23.26 83.98 0 4.082
1643430540 23.24 84.03 0 4.082
1643430600 23.21 84.04 0 4.082
1643430660 23.21 84.11 0 4.082
1643430720 23.17 84.11 0 4.082
1643430780 23.14 84.14 0 4.082
1643430840 23.12 84.14 0 4.082
1643430900 23.1 84.23 0 4.082
1643430960 23.12 84.26 0 4.082
1643431020 23.09 84.31 0 4.082
1643431080 23.13 84.36 0 4.082
1643431140 23.1 84.37 0 4.082
1643431200 23.07 84.4 0 4.082
1643431260 23.05 84.45 0 4.076
1643431320 23.03 84.44 0 4.082
1643431380 23.02 84.48 0 4.082
1643431440 23 84.49 0 4.082
1643431500 23.02 84.57 0 4.087
1643431560 22.99 84.61 0 4.082
1643431620 22.97 84.68 0 4.082
1643431680 23 84.74 0 4.082
1643431740 22.99 84.76 0 4.082
1643431800 22.99 84.83 0 4.082
1643431860 22.99 84.86 0 4.082
1643431920 23 84.89 0 4.076
1643431980 23.03 84.97 0 4.082
1643432040 23.03 85.01 0 4.082
1643432100 23 85.04 0 4.082
1643432160 23.03 85.08 0 4.082
1643432220 23.02 85.1 0 4.082
1643432280 23.02 85.1 0 4.082
1643432340 23.03 85.15 0 4.082
