1643950800 24.38 73.23 0 4.082
1643950860 24.36 73.38 0 4.082
1643950920 24.33 73.54 0 4.082
1643950980 24.32 73.74 0 4.082
1643951040 24.31 73.88 0 4.082
1643951100 24.28 74.02 0 4.082
1643951160 24.29 74.26 0 4.082
1643951220 24.28 74.43 0 4.082
1643951280 24.26 74.66 0 4.082
1643951340 24.23 74.88 0 4.082
1643951400 24.21 75.1 0 4.076
1643951460 24.14 75.33 0 4.082
1643951520 24.11 75.5 0 4.082
1643951580 24.1 75.77 0 4.082
1643951640 24.05 76 0 4.082
1643951700 24.02 76.21 0 4.082
1643951760 24.01 76.42 0 4.082
1643951820 24.01 76.58 0 4.082
1643951880 23.97 76.73 0 4.076
1643951940 23.95 76.93 0 4.076
1643952000 23.91 77.05 0 4.082
1643952060 23.91 77.22 0 4.082
1643952120 23.87 77.35 0 4.082
1643952180 23.81 77.5 0 4.082
1643952240 23.74 77.72 0 4.082
1643952300 23.64 78.07 0 4.082
1643952360 23.54 78.32 0 4.082
1643952420 23.51 78.67 0 4.082
1643952480 23.41 79.04 0 4.076
1643952540 23.4 79.44 0 4.076
1643952600 23.31 79.81 0 4.082
1643952660 23.21 80.16 0 4.082
1643952720 23.16 80.54 0 4.082
1643952780 23.02 80.92 0 4.082
1643952840 22.85 81.16 0 4.082
1643952900 22.82 81.36 0 4.082
1643952960 22.72 81.62 0 4.082
1643953020 22.66 81.89 0 4.082
1643953080 22.61 82.13 0 4.082
1643953140 22.52 82.4 0 4.082
1643953200 22.46 82.68 0 4.082
1643953260 22.44 82.98 0 4.082
1643953320 22.32 83.32 0 4.082
1643953380 22.19 83.57 0 4.076
1643953440 22.14 83.83 0 4.076
1643953500 22.11 84.09 0 4.082
1643953560 22.05 84.33 0 4.082
1643953620 22.03 84.6 0 4.082
1643953680 21.98 84.85 0 4.076
1643953740 21.95 85.13 0 4.082
1643953800 21.95 85.35 0 4.082
1643953860 21.98 85.63 0 4.082
1643953920 21.93 85.88 0 4.082
1643953980 21.87 86.11 0 4.082
1643954040 21.87 86.33 0 4.076
1643954100 21.95 86.53 0 4.082
1643954160 21.98 86.72 0 4.082
1643954220 22 86.88 0 4.082
1643954280 22.01 87.05 0 4.076
1643954340 22.04 87.19 0 4.076
1643954400 22.04 87.42 0 4.076
1643954460 22.05 87.53 0 4.076
1643954520 22.07 87.76 0 4.082
1643954580 22.03 87.89 0 4.082
1643954640 22.04 88.02 0 4.082
1643954700 22 88.22 0 4.082
1643954760 21.97 88.33 0 4.076
1643954820 22.03 88.46 0 4.076
1643954880 22.03 88.59 0 4.082
1643954940 22.01 88.69 0 4.076
1643955000 22.01 88.84 0 4.076
1643955060 22.01 88.96 0 4.076
1643955120 22 89.07 0 4.076
1643955180 21.95 89.15 0 4.076
1643955240 21.94 89.21 0 4.076
1643955300 21.91 89.31 0 4.076
1643955360 21.94 89.39 0 4.082
1643955420 21.93 89.48 0 4.076
1643955480 21.94 89.53 0 4.076
1643955540 21.85 89.59 0 4.076
1643955600 21.84 89.67 0 4.076
1643955660 21.84 89.69 0 4.076
1643955720 21.87 89.75 0 4.076
1643955780 21.85 89.79 0 4.076
1643955840 21.83 89.81 0 4.082
1643955900 21.79 89.88 0 4.082
1643955960 21.79 89.89 0 4.076
1643956020 21.77 89.92 0 4.082
1643956080 21.81 89.93 0 4.076
1643956140 21.84 89.93 0 4.076
1643956200 21.88 89.95 0 4.076
1643956260 21.9 89.95 0 4.076
1643956320 21.91 89.94 0 4.076
1643956380 21.95 89.95 0 4.076
1643956440 21.94 89.92 0 4.076
1643956500 22 89.9 0 4.076
1643956560 21.97 89.87 0 4.076
1643956620 22 89.84 0 4.076
1643956680 21.98 89.81 0 4.076
1643956740 22.04 89.83 0 4.076
1643956800 22.01 89.77 0 4.076
1643956860 22.04 89.75 0 4.076
1643956920 22.07 89.64 0 4.076
1643956980 22.03 89.62 0 4.076
1643957040 22.01 89.55 0 4.076
1643957100 22.03 89.5 0 4.076
1643957160 22.01 89.48 0 4.076
1643957220 22 89.42 0 4.076
1643957280 21.94 89.35 0 4.076
1643957340 21.91 89.35 0 4.076
1643957400 21.91 89.35 0 4.076
1643957460 21.93 89.29 0 4.076
1643957520 21.81 89.26 0 4.076
1643957580 21.79 89.17 0 4.076
1643957640 21.71 89.14 0 4.076
1643957700 21.73 89.08 0 4.082
1643957760 21.73 89.02 0 4.076
1643957820 21.7 88.93 0 4.076
1643957880 21.7 88.92 0 4.076
1643957940 21.64 88.83 0 4.076
1643958000 21.64 88.79 0 4.076
1643958060 21.6 88.75 0 4.076
1643958120 21.56 88.7 0 4.076
1643958180 21.53 88.72 0 4.076
1643958240 21.46 88.71 0 4.076
1643958300 21.47 88.72 0 4.076
1643958360 21.44 88.76 0 4.076
1643958420 21.47 88.76 0 4.076
1643958480 21.44 88.84 0 4.076
1643958540 21.43 88.9 0 4.076
1643958600 21.42 88.98 0 4.076
1643958660 21.42 89.06 0 4.076
1643958720 21.46 89.11 0 4.076
1643958780 21.49 89.29 0 4.076
1643958840 21.49 89.37 0 4.076
1643958900 21.44 89.46 0 4.076
1643958960 21.49 89.54 0 4.076
1643959020 21.54 89.63 0 4.076
1643959080 21.58 89.7 0 4.076
1643959140 21.61 89.79 0 4.076
1643959200 21.58 89.84 0 4.076
1643959260 21.54 89.86 0 4.076
1643959320 21.56 89.89 0 4.076
1643959380 21.58 89.93 0 4.076
1643959440 21.65 89.91 0 4.076
1643959500 21.64 89.97 0 4.076
1643959560 21.68 89.97 0 4.076
1643959620 21.7 90.02 0 4.076
1643959680 21.73 90.03 0 4.076
1643959740 21.67 90.05 0 4.076
1643959800 21.58 90.07 0 4.076
1643959860 21.58 90.06 0 4.076
1643959920 21.58 90.03 0 4.076
1643959980 21.6 90.04 0 4.076
1643960040 21.65 90.03 0 4.076
1643960100 21.6 90.06 0 4.076
1643960160 21.6 90.09 0 4.076
1643960220 21.61 90.07 0 4.082
1643960280 21.53 90.08 0 4.076
1643960340 21.54 90.12 0 4.076
1643960400 21.53 90.08 0 4.076
1643960460 21.54 90.13 0 4.076
1643960520 21.53 90.15 0 4.076
1643960580 21.52 90.16 0 4.076
1643960640 21.52 90.15 0 4.076
1643960700 21.52 90.2 0 4.076
1643960760 21.49 90.21 0 4.076
1643960820 21.54 90.21 0 4.076
1643960880 21.54 90.28 0 4.076
1643960940 21.54 90.29 0 4.076
1643961000 21.56 90.32 0 4.076
1643961060 21.57 90.33 0 4.076
1643961120 21.63 90.38 0 4.082
1643961180 21.57 90.34 0 4.076
1643961240 21.54 90.36 0 4.076
1643961300 21.56 90.36 0 4.076
1643961360 21.58 90.36 0 4.076
1643961420 21.6 90.38 0 4.076
1643961480 21.57 90.38 0 4.076
1643961540 21.58 90.36 0 4.076
1643961600 21.57 90.35 0 4.076
1643961660 21.53 90.37 0 4.076
1643961720 21.52 90.4 0 4.076
1643961780 21.5 90.39 0 4.076
1643961840 21.54 90.44 0 4.076
1643961900 21.54 90.41 0 4.076
1643961960 21.53 90.38 0 4.076
1643962020 21.56 90.43 0 4.076
1643962080 21.49 90.41 0 4.076
1643962140 21.49 90.44 0 4.076
1643962200 21.5 90.44 0 4.076
1643962260 21.47 90.46 0 4.076
1643962320 21.46 90.43 0 4.076
1643962380 21.46 90.46 0 4.071
1643962440 21.5 90.43 0 4.076
1643962500 21.53 90.44 0 4.076
1643962560 21.52 90.41 0 4.076
1643962620 21.56 90.43 0 4.076
1643962680 21.58 90.39 0 4.076
1643962740 21.57 90.38 0 4.076
1643962800 21.61 90.41 0 4.076
1643962860 21.58 90.38 0 4.076
1643962920 21.61 90.4 0 4.071
1643962980 21.64 90.4 0 4.076
1643963040 21.63 90.38 0 4.071
1643963100 21.6 90.38 0 4.076
1643963160 21.6 90.38 0 4.076
1643963220 21.63 90.39 0 4.076
1643963280 21.65 90.36 0 4.076
1643963340 21.64 90.38 0 4.076
1643963400 21.63 90.33 0 4.071
1643963460 21.65 90.34 0 4.071
1643963520 21.65 90.32 0 4.076
1643963580 21.64 90.33 0 4.076
1643963640 21.64 90.31 0 4.076
1643963700 21.61 90.23 0 4.076
1643963760 21.63 90.22 0 4.071
1643963820 21.64 90.21 0 4.071
1643963880 21.61 90.19 0 4.071
1643963940 21.61 90.18 0 4.076
1643964000 21.58 90.16 0 4.076
1643964060 21.57 90.13 0 4.076
1643964120 21.6 90.07 0 4.076
1643964180 21.58 90.04 0 4.076
1643964240 21.6 89.97 0 4.071
1643964300 21.65 89.95 0 4.071
1643964360 21.65 89.86 0 4.076
1643964420 21.6 89.86 0 4.076
1643964480 21.58 89.77 0 4.071
1643964540 21.61 89.68 0 4.076
1643964600 21.63 89.65 0 4.076
1643964660 21.63 89.56 0 4.076
1643964720 21.63 89.54 0 4.076
1643964780 21.65 89.47 0 4.076
1643964840 21.63 89.45 0 4.076
1643964900 21.64 89.39 0 4.071
1643964960 21.64 89.38 0 4.076
1643965020 21.6 89.35 0 4.076
1643965080 21.65 89.33 0 4.071
1643965140 21.64 89.32 0 4.076
1643965200 21.64 89.3 0 4.076
1643965260 21.64 89.34 0 4.076
1643965320 21.67 89.34 0 4.071
1643965380 21.67 89.32 0 4.076
1643965440 21.67 89.35 0 4.076
1643965500 21.65 89.34 0 4.076
1643965560 21.64 89.38 0 4.076
1643965620 21.6 89.46 0 4.076
1643965680 21.56 89.44 0 4.071
1643965740 21.44 89.46 0 4.076
1643965800 21.43 89.49 0 4.076
1643965860 21.43 89.52 0 4.076
1643965920 21.42 89.54 0 4.076
1643965980 21.42 89.53 0 4.071
1643966040 21.39 89.53 0 4.071
1643966100 21.34 89.55 0 4.071
1643966160 21.34 89.59 0 4.071
1643966220 21.37 89.62 0 4.071
1643966280 21.37 89.67 0 4.076
1643966340 21.34 89.64 0 4.076
1643966400 21.36 89.7 0 4.071
1643966460 21.36 89.74 0 4.076
1643966520 21.34 89.84 0 4.071
1643966580 21.3 89.87 0 4.071
1643966640 21.26 89.93 0 4.071
1643966700 21.26 89.99 0 4.071
1643966760 21.28 90.06 0 4.076
1643966820 21.28 90.1 0 4.071
1643966880 21.32 90.13 0 4.071
1643966940 21.36 90.24 0 4.076
1643967000 21.37 90.26 0 4.076
1643967060 21.37 90.36 0 4.076
1643967120 21.36 90.38 0 4.071
1643967180 21.34 90.48 0 4.071
1643967240 21.32 90.52 0 4.076
1643967300 21.32 90.59 0 4.071
1643967360 21.3 90.68 0 4.071
1643967420 21.28 90.7 0 4.071
1643967480 21.29 90.75 0 4.071
1643967540 21.37 90.82 0 4.071
1643967600 21.42 90.93 0 4.076
1643967660 21.34 90.98 0 4.071
1643967720 21.43 91.01 0 4.076
1643967780 21.28 91.03 0 4.071
1643967840 21.46 91.09 0 4.071
1643967900 21.42 91.1 0 4.071
1643967960 21.4 91.13 0 4.076
1643968020 21.44 91.12 0 4.076
1643968080 21.44 91.13 0 4.071
1643968140 21.43 91.19 0 4.071
1643968200 21.4 91.16 0 4.071
1643968260 21.44 91.15 0 4.071
1643968320 21.36 91.16 0 4.071
1643968380 21.28 91.09 0 4.071
1643968440 21.33 91.07 0 4.071
1643968500 21.36 90.99 0 4.071
1643968560 21.42 90.94 0 4.071
1643968620 21.42 90.87 0 4.071
1643968680 21.37 90.81 0 4.071
1643968740 21.4 90.75 0 4.071
1643968800 21.39 90.66 0 4.071
1643968860 21.4 90.56 0 4.071
1643968920 21.42 90.48 0 4.071
1643968980 21.42 90.42 0 4.071
1643969040 21.39 90.3 0 4.071
1643969100 21.43 90.23 0 4.071
1643969160 21.43 90.14 0 4.071
1643969220 21.44 90.05 0 4.071
1643969280 21.43 90 0 4.071
1643969340 21.43 89.85 0 4.071
1643969400 21.43 89.79 0 4.071
1643969460 21.39 89.66 0 4.071
1643969520 21.37 89.63 0 4.071
1643969580 21.37 89.59 0 4.071
1643969640 21.36 89.52 0 4.071
1643969700 21.37 89.43 0 4.071
1643969760 21.43 89.46 0 4.071
1643969820 21.43 89.37 0 4.071
1643969880 21.44 89.38 0 4.071
1643969940 21.42 89.36 0 4.076
1643970000 21.32 89.4 0 4.071
1643970060 21.22 89.42 0 4.071
1643970120 21.18 89.47 0 4.071
1643970180 21.13 89.51 0 4.071
1643970240 21.03 89.61 0 4.071
1643970300 21.02 89.68 0 4.071
1643970360 20.98 89.77 0 4.071
1643970420 20.93 89.92 0 4.071
1643970480 20.88 90.02 0 4.071
1643970540 20.83 90.15 0 4.071
1643970600 20.81 90.22 0 4.071
1643970660 20.75 90.39 0 4.071
1643970720 20.74 90.48 0 4.071
1643970780 20.72 90.65 0 4.071
1643970840 20.65 90.78 0 4.071
1643970900 20.61 90.89 0 4.071
1643970960 20.62 91.02 0 4.071
1643971020 20.51 91.15 0 4.071
1643971080 20.56 91.26 0 4.071
1643971140 20.68 91.39 0 4.071
1643971200 20.67 91.51 0 4.076
1643971260 20.61 91.63 0 4.071
1643971320 20.58 91.74 0 4.071
1643971380 20.54 91.82 0 4.071
1643971440 20.54 91.96 0 4.071
1643971500 20.55 92.03 0 4.071
1643971560 20.47 92.13 0 4.071
1643971620 20.42 92.24 0 4.071
1643971680 20.42 92.32 0 4.071
1643971740 20.45 92.41 0 4.071
1643971800 20.44 92.47 0 4.071
1643971860 20.45 92.57 0 4.071
1643971920 20.44 92.68 0 4.071
1643971980 20.42 92.71 0 4.071
1643972040 20.44 92.8 0 4.071
1643972100 20.42 92.84 0 4.071
1643972160 20.45 92.94 0 4.071
1643972220 20.35 92.97 0 4.071
1643972280 20.37 93 0 4.071
1643972340 20.39 93.11 0 4.071
1643972400 20.37 93.17 0 4.071
1643972460 20.39 93.22 0 4.065
1643972520 20.35 93.25 0 4.071
1643972580 20.35 93.3 0 4.071
1643972640 20.41 93.36 0 4.071
1643972700 20.41 93.42 0 4.071
1643972760 20.38 93.47 0 4.071
1643972820 20.47 93.52 0 4.071
1643972880 20.52 93.56 0 4.071
1643972940 20.52 93.61 0 4.071
1643973000 20.55 93.65 0 4.071
1643973060 20.59 93.7 0 4.065
1643973120 20.56 93.73 0 4.071
1643973180 20.59 93.74 0 4.071
1643973240 20.61 93.79 0 4.071
1643973300 20.67 93.83 0 4.071
1643973360 20.68 93.9 0 4.071
1643973420 20.69 93.94 0 4.071
1643973480 20.69 94 0 4.071
1643973540 20.65 94.02 0 4.071
1643973600 20.62 94.06 0 4.071
1643973660 20.59 94.08 0 4.071
1643973720 20.54 94.11 0 4.071
1643973780 20.54 94.15 0 4.071
1643973840 20.56 94.18 0 4.071
1643973900 20.62 94.22 0 4.071
1643973960 20.67 94.28 0 4.071
1643974020 20.67 94.34 0 4.071
1643974080 20.67 94.34 0 4.071
1643974140 20.68 94.36 0 4.065
1643974200 20.69 94.37 0 4.071
1643974260 20.69 94.45 0 4.071
1643974320 20.68 94.44 0 4.071
1643974380 20.65 94.47 0 4.071
1643974440 20.59 94.5 4 4.071
1643974500 20.58 94.53 0 4.071
1643974560 20.59 94.6 4 4.071
1643974620 20.62 94.57 4 4.071
1643974680 20.68 94.58 4 4.071
1643974740 20.62 94.63 4 4.071
1643974800 20.62 94.62 4 4.071
1643974860 20.65 94.65 10 4.071
1643974920 20.64 94.68 10 4.071
1643974980 20.65 94.69 10 4.071
1643975040 20.65 94.72 10 4.071
1643975100 20.62 94.72 10 4.065
1643975160 20.64 94.75 4 4.065
1643975220 20.67 94.81 4 4.071
1643975280 20.67 94.81 4 4.071
1643975340 20.68 94.83 4 4.071
1643975400 20.65 94.85 4 4.071
1643975460 20.65 94.83 4 4.071
1643975520 20.65 94.86 4 4.071
1643975580 20.71 94.9 4 4.071
1643975640 20.74 94.94 10 4.071
1643975700 20.74 94.9 10 4.071
1643975760 20.68 94.93 10 4.071
1643975820 20.71 94.93 10 4.071
1643975880 20.72 94.97 10 4.071
1643975940 20.74 94.97 10 4.071
1643976000 20.81 95 10 4.065
1643976060 20.85 94.99 10 4.071
1643976120 20.86 95.01 10 4.071
1643976180 20.92 95.04 10 4.071
1643976240 20.9 95.09 10 4.071
1643976300 20.89 95.08 4 4.065
1643976360 20.92 95.09 4 4.071
1643976420 20.96 95.08 10 4.071
1643976480 20.95 95.11 10 4.065
1643976540 20.86 95.11 10 4.071
1643976600 20.83 95.16 10 4.071
1643976660 20.82 95.17 10 4.071
1643976720 20.79 95.16 16 4.071
1643976780 20.71 95.18 16 4.065
1643976840 20.72 95.19 16 4.071
1643976900 20.72 95.21 22 4.065
1643976960 20.74 95.25 22 4.071
1643977020 20.72 95.26 22 4.065
1643977080 20.71 95.24 22 4.065
1643977140 20.68 95.24 22 4.071
1643977200 20.71 95.29 22 4.065
1643977260 20.75 95.31 22 4.071
1643977320 20.77 95.31 28 4.071
1643977380 20.79 95.32 28 4.071
1643977440 20.82 95.35 28 4.071
1643977500 20.83 95.37 28 4.071
1643977560 20.85 95.38 28 4.065
1643977620 20.86 95.41 28 4.065
1643977680 20.88 95.39 28 4.071
1643977740 20.85 95.4 28 4.071
1643977800 20.92 95.38 28 4.065
1643977860 20.89 95.42 28 4.071
1643977920 20.98 95.44 28 4.065
1643977980 20.89 95.45 28 4.071
1643978040 20.83 95.47 28 4.071
1643978100 20.86 95.48 28 4.071
1643978160 20.92 95.49 28 4.071
1643978220 20.99 95.48 28 4.071
1643978280 21.05 95.48 28 4.065
1643978340 21.06 95.49 28 4.071
1643978400 21.06 95.52 28 4.065
1643978460 20.99 95.51 34 4.071
1643978520 21.07 95.53 34 4.071
1643978580 21.06 95.48 34 4.065
1643978640 21.09 95.49 34 4.065
1643978700 21.09 95.5 40 4.065
1643978760 21.09 95.51 40 4.065
1643978820 21.02 95.49 46 4.065
1643978880 21 95.45 46 4.065
1643978940 21.05 95.48 46 4.071
1643979000 21.13 95.46 52 4.065
1643979060 21.14 95.43 52 4.065
1643979120 21.14 95.42 52 4.071
1643979180 21.16 95.42 58 4.071
1643979240 21.23 95.41 58 4.071
1643979300 21.26 95.36 64 4.071
1643979360 21.32 95.37 64 4.065
1643979420 21.34 95.35 70 4.065
1643979480 21.33 95.33 70 4.065
1643979540 21.33 95.32 76 4.065
1643979600 21.3 95.28 82 4.065
1643979660 21.34 95.28 88 4.065
1643979720 21.42 95.26 94 4.071
1643979780 21.46 95.25 94 4.065
1643979840 21.43 95.22 100 4.065
1643979900 21.54 95.19 106 4.071
1643979960 21.54 95.2 106 4.065
1643980020 21.56 95.18 112 4.071
1643980080 21.6 95.15 118 4.065
1643980140 21.63 95.14 118 4.071
1643980200 21.56 95.08 118 4.071
1643980260 21.6 95.04 124 4.071
1643980320 21.63 95.02 124 4.071
1643980380 21.71 94.99 118 4.065
1643980440 21.73 94.98 118 4.065
1643980500 21.71 94.92 112 4.071
1643980560 21.8 94.96 112 4.071
1643980620 21.9 94.94 112 4.065
1643980680 21.97 94.9 112 4.071
1643980740 21.95 94.88 112 4.065
1643980800 21.95 94.82 106 4.071
1643980860 22.03 94.82 100 4.065
1643980920 22.03 94.78 94 4.071
1643980980 22.07 94.74 94 4.071
1643981040 22.05 94.7 94 4.071
1643981100 22.03 94.65 88 4.065
1643981160 21.94 94.63 94 4.071
1643981220 21.95 94.59 94 4.071
1643981280 22.01 94.54 94 4.071
1643981340 22.08 94.52 100 4.065
1643981400 22.07 94.47 137 4.071
1643981460 22.08 94.44 149 4.071
1643981520 22.12 94.39 143 4.071
1643981580 22.12 94.34 118 4.071
1643981640 22.21 94.33 143 4.071
1643981700 22.21 94.28 143 4.071
1643981760 22.21 94.22 124 4.071
1643981820 22.32 94.16 131 4.071
1643981880 22.39 94.15 137 4.071
1643981940 22.45 94.05 143 4.071
1643982000 22.42 94.02 137 4.071
1643982060 22.44 93.93 137 4.071
1643982120 22.46 93.85 137 4.071
1643982180 22.55 93.78 137 4.071
1643982240 22.56 93.71 137 4.071
1643982300 22.79 93.66 143 4.071
1643982360 22.89 93.55 149 4.071
1643982420 22.83 93.42 155 4.071
1643982480 22.83 93.38 155 4.071
1643982540 23 93.29 155 4.071
1643982600 23.1 93.16 155 4.076
1643982660 23.06 93.07 155 4.071
1643982720 23.06 92.96 155 4.071
1643982780 23.12 92.86 149 4.071
1643982840 23.21 92.7 155 4.071
1643982900 23.34 92.57 161 4.076
1643982960 23.37 92.42 161 4.071
1643983020 23.4 92.31 167 4.076
1643983080 23.51 92.18 173 4.071
1643983140 23.41 92.07 173 4.071
1643983200 23.47 91.96 173 4.071
1643983260 23.39 91.78 173 4.076
1643983320 23.46 91.66 173 4.076
1643983380 23.57 91.59 173 4.071
1643983440 23.59 91.48 173 4.071
1643983500 23.63 91.31 173 4.076
1643983560 23.67 91.18 173 4.076
1643983620 23.78 91.04 173 4.071
1643983680 23.82 90.87 173 4.076
1643983740 23.97 90.77 173 4.071
1643983800 24.04 90.61 173 4.076
1643983860 24.02 90.41 167 4.071
1643983920 23.98 90.25 167 4.076
1643983980 24.12 90.09 167 4.06
1643984040 24.16 89.84 167 4.071
1643984100 24.15 89.69 167 4.076
1643984160 24.11 89.48 167 4.076
1643984220 24.11 89.27 167 4.076
1643984280 24.22 89.15 173 4.071
1643984340 24.31 88.92 179 4.071
1643984400 24.38 88.73 185 4.076
1643984460 24.35 88.45 185 4.071
1643984520 24.53 88.27 191 4.076
1643984580 24.56 88.05 191 4.076
1643984640 24.56 87.77 191 4.071
1643984700 24.51 87.54 197 4.076
1643984760 24.55 87.3 299 4.076
1643984820 24.58 87.05 334 4.071
1643984880 24.61 86.82 256 4.071
1643984940 24.82 86.6 287 4.076
1643985000 24.91 86.42 406 4.076
1643985060 25 86.19 376 4.076
1643985120 25 85.91 340 4.076
1643985180 24.94 85.58 424 4.076
1643985240 24.83 85.24 408 4.076
1643985300 24.91 84.96 346 4.076
1643985360 25.04 84.68 484 4.076
1643985420 25.26 84.43 472 4.076
1643985480 25.17 84.09 346 4.076
1643985540 25.24 83.91 400 4.076
1643985600 25.34 83.66 521 4.076
1643985660 25.4 83.45 388 4.076
1643985720 25.49 83.24 239 4.076
1643985780 25.69 83.07 435 4.065
1643985840 25.69 82.65 436 4.076
1643985900 25.64 82.47 581 4.071
1643985960 25.67 82.26 515 4.076
1643986020 25.69 82.03 322 4.076
1643986080 25.72 81.76 305 4.076
1643986140 25.67 81.48 293 4.076
1643986200 25.67 81.16 299 4.076
1643986260 25.58 80.95 310 4.076
1643986320 25.64 80.69 275 4.076
1643986380 25.75 80.47 215 4.076
1643986440 25.95 80.35 197 4.076
1643986500 25.96 80.13 281 4.076
1643986560 25.98 79.9 496 4.076
1643986620 26.01 79.84 688 4.076
1643986680 26.09 79.69 478 4.071
1643986740 26.09 79.54 472 4.076
1643986800 26.15 79.25 364 4.076
1643986860 26.14 79.06 299 4.076
1643986920 26.08 78.82 275 4.076
1643986980 25.92 78.53 388 4.071
1643987040 26.05 78.37 515 4.076
1643987100 26.02 78.13 322 4.076
1643987160 26.19 77.94 203 4.076
1643987220 26.36 77.67 245 4.076
1643987280 26.62 77.4 245 4.076
1643987340 26.67 77.12 209 4.076
1643987400 26.7 76.84 227 4.076
1643987460 26.66 76.67 346 4.076
1643987520 26.7 76.45 557 4.082
1643987580 26.6 76.2 724 4.076
1643987640 26.52 75.95 700 4.082
1643987700 26.49 75.8 454 4.082
1643987760 26.66 75.57 293 4.082
1643987820 26.91 75.39 293 4.082
1643987880 27.13 75.21 448 4.082
1643987940 27.1 74.97 384 4.082
1643988000 26.9 74.67 329 4.082
1643988060 26.9 74.43 317 4.082
1643988120 26.93 74.18 311 4.082
1643988180 26.98 74 323 4.082
1643988240 26.94 73.85 432 4.087
1643988300 27.07 73.67 293 4.087
1643988360 27.03 73.45 329 4.082
1643988420 27.11 73.24 365 4.082
1643988480 27.23 73.05 352 4.071
1643988540 27.37 72.53 365 4.076
1643988600 27.47 72.45 420 4.076
1643988660 27.61 72.24 365 4.082
1643988720 27.81 72.03 311 4.082
1643988780 27.81 71.75 281 4.082
1643988840 27.55 71.43 257 4.082
1643988900 27.43 71.1 233 4.082
1643988960 27.62 70.86 227 4.082
1643989020 27.45 70.6 239 4.082
1643989200 27.37 70.39 263 4.082
1643989260 27.37 70.19 293 4.082
1643989320 27.34 70.01 281 4.082
1643989380 27.34 69.81 245 4.082
1643989440 27.34 69.65 203 4.082
1643989500 27.18 69.46 185 4.071
1643989560 26.82 69.16 185 4.076
1643989620 26.83 69.09 191 4.076
1643989680 26.74 69.03 197 4.082
1643989740 26.64 68.95 203 4.076
1643989800 26.57 68.88 227 4.082
1643989860 26.53 68.89 245 4.082
1643989920 26.44 68.92 299 4.087
1643989980 26.44 69 305 4.087
1643990040 26.52 69.04 317 4.087
1643990100 26.63 69.14 371 4.082
1643990160 26.72 69.16 384 4.087
1643990220 26.87 69.22 293 4.087
1643990280 27.08 69.36 251 4.087
1643990340 27.2 69.35 233 4.082
1643990400 27.21 69.39 221 4.082
1643990460 27.3 69.41 269 4.082
1643990520 27.37 69.43 209 4.082
1643990580 27.38 69.48 191 4.082
1643990640 27.41 69.5 203 4.082
1643990700 27.44 69.47 227 4.082
1643990760 27.4 69.44 275 4.082
1643990820 27.34 69.39 275 4.087
1643990880 27.45 69.42 287 4.087
1643990940 27.55 69.34 317 4.087
1643991000 27.91 69.33 347 4.087
1643991060 28.15 69.26 365 4.087
1643991120 28.35 69.13 384 4.087
1643991180 28.53 68.99 462 4.087
1643991240 28.66 68.82 667 4.087
1643991300 28.66 68.64 239 4.082
1643991360 28.69 68.45 227 4.082
1643991420 28.6 68.29 209 4.082
1643991480 28.24 68.07 203 4.082
1643991540 27.95 67.85 203 4.082
1643991600 27.91 67.71 215 4.082
1643991660 27.88 67.61 233 4.087
1643991720 27.65 67.44 257 4.087
1643991780 27.52 67.31 275 4.082
1643991840 27.52 67.21 293 4.087
1643991900 27.61 67.13 486 4.087
1643991960 27.54 67.11 679 4.087
1643992020 27.69 67.08 257 4.087
1643992080 27.56 67.04 245 4.087
1643992140 27.69 67.07 239 4.087
1643992200 27.66 67.01 227 4.082
1643992260 27.59 66.97 215 4.082
1643992320 27.64 67 209 4.082
1643992380 27.55 67 209 4.087
1643992440 27.45 66.99 197 4.087
1643992500 27.35 66.96 197 4.087
1643992560 27.2 67.04 203 4.082
1643992620 27.15 67.14 203 4.082
1643992680 27.13 67.26 197 4.082
1643992740 27.04 67.36 191 4.087
1643992800 27.01 67.55 191 4.087
1643992860 27.1 67.7 191 4.087
1643992920 27.17 67.85 215 4.087
1643992980 27.23 67.98 227 4.087
1643993040 27.27 68.17 245 4.087
1643993100 27.34 68.35 293 4.082
1643993160 27.28 68.5 724 4.076
1643993220 27.31 68.62 838 4.082
1643993280 27.48 68.76 353 4.087
1643993340 27.58 68.79 377 4.092
1643993400 27.54 68.79 1182 4.082
1643993460 27.66 68.85 281 4.082
1643993520 27.78 68.85 239 4.087
1643993580 27.89 68.87 221 4.087
1643993640 27.75 68.83 209 4.087
1643993700 27.73 68.89 221 4.087
1643993760 27.68 68.9 245 4.087
1643993820 27.45 68.87 269 4.087
1643993880 27.3 68.9 329 4.092
1643993940 27.08 68.95 384 4.082
1643994000 27.11 69 426 4.092
1643994060 27.25 69.04 347 4.098
1643994120 27.33 69.11 329 4.092
1643994180 27.38 69.14 846 4.082
1643994240 27.43 69.17 287 4.087
1643994300 27.47 69.17 287 4.092
1643994360 27.54 69.17 317 4.087
1643994420 27.44 69.14 359 4.092
1643994480 27.47 69.11 918 4.082
1643994540 27.58 69.14 1248 4.082
1643994600 27.69 69.1 329 4.087
1643994660 27.95 69.11 323 4.092
1643994720 28.12 69.07 701 4.082
1643994780 28.12 68.98 499 4.092
1643994840 28.2 68.92 798 4.076
1643994900 28.26 68.76 305 4.087
1643994960 28.19 68.61 421 4.098
1643995020 28.18 68.5 1248 4.082
1643995080 28.23 68.38 1212 4.082
1643995140 28.42 68.32 1248 4.082
1643995200 28.69 68.25 876 4.082
1643995260 28.77 68.11 1170 4.082
1643995320 28.89 68.06 786 4.103
1643995380 28.81 67.81 923 4.082
1643995440 29.04 67.66 1248 4.082
1643995500 29.44 67.48 1257 4.076
1643995560 29.63 67.17 1225 4.119
1643995620 29.53 66.91 1272 4.114
1643995680 29.73 66.74 1301 4.119
1643995740 29.52 66.43 1319 4.082
1643995800 29.68 66.25 1304 4.108
1643995860 30.13 66.02 293 4.087
1643995920 29.99 65.72 245 4.087
1643995980 29.98 65.46 227 4.087
1643996040 29.96 65.23 209 4.087
1643996100 29.56 64.88 203 4.087
1643996160 29.17 64.64 209 4.087
1643996220 28.71 64.4 215 4.087
1643996280 28.5 64.27 239 4.087
1643996340 28.23 64.16 269 4.087
1643996400 27.91 64.09 864 4.082
1643996460 27.84 64.17 1272 4.082
1643996520 28.05 64.2 1266 4.082
1643996580 28.46 64.32 377 4.092
1643996640 28.78 64.36 1308 4.082
1643996700 28.89 64.36 1293 4.119
1643996760 29.01 64.36 566 4.103
1643996820 29.1 64.3 287 4.092
1643996880 28.97 64.21 287 4.092
1643996940 28.87 64.14 1266 4.087
1643997000 28.82 64.1 1280 4.082
1643997060 28.97 64.05 1308 4.082
1643997120 29.07 63.91 359 4.092
1643997180 29.41 63.79 1091 4.082
1643997240 29.68 63.62 1298 4.082
1643997300 29.76 63.41 305 4.087
1643997360 29.73 63.27 281 4.087
1643997420 29.79 63.06 390 4.092
1643997480 29.62 62.93 1037 4.082
1643997540 29.56 62.69 558 4.087
1643997600 29.56 62.53 317 4.087
1643997660 29.58 62.41 287 4.092
1643997720 29.66 62.32 1290 4.082
1643997780 29.52 62.16 774 4.087
1643997840 29.38 62.11 840 4.087
1643997900 29.39 62.07 365 4.092
1643997960 29.65 61.97 299 4.092
1643998020 29.55 61.91 269 4.092
1643998080 29.45 61.88 257 4.092
1643998140 29.38 61.86 233 4.092
1643998200 29.21 61.84 239 4.092
1643998260 29.12 61.82 257 4.092
1643998320 29.28 61.85 305 4.092
1643998380 29.28 61.85 311 4.092
1643998440 29.17 61.82 335 4.092
1643998500 28.91 61.77 227 4.092
1643998560 28.73 61.73 191 4.087
1643998620 28.66 61.75 185 4.087
1643998680 28.45 61.66 185 4.087
1643998740 28.42 61.7 185 4.092
1643998800 28.35 61.74 197 4.087
1643998860 28.24 61.81 209 4.087
1643998920 28.22 61.89 203 4.087
1643998980 28.09 62 215 4.092
1643999040 28.08 62.13 251 4.092
1643999100 28.06 62.34 341 4.098
1643999160 28.03 62.5 731 4.082
1643999220 28.06 62.69 402 4.087
1643999280 28.23 62.85 275 4.092
1643999340 28.2 62.94 233 4.092
1643999400 28.13 63.09 203 4.087
1643999460 28.08 63.19 179 4.087
1643999520 28.13 63.24 161 4.087
1643999580 28.12 63.33 161 4.092
1643999640 27.99 63.43 179 4.087
1643999700 27.98 63.55 185 4.087
1643999760 28 63.69 197 4.092
1643999820 28.05 63.84 203 4.092
1643999880 28.05 63.91 203 4.092
1643999940 28.02 63.93 215 4.092
1644000000 27.96 64.07 239 4.092
1644000060 27.88 64.19 251 4.098
1644000120 27.79 64.26 251 4.092
1644000180 27.78 64.3 281 4.092
1644000240 27.84 64.45 1207 4.087
1644000300 27.86 64.54 1242 4.087
1644000360 28.09 64.6 311 4.098
1644000420 28.13 64.66 349 4.098
1644000480 28.27 64.67 1207 4.087
1644000540 28.5 64.67 281 4.092
1644000600 28.91 64.76 197 4.087
1644000660 28.87 64.71 173 4.087
1644000720 28.91 64.68 155 4.087
1644000780 28.96 64.65 149 4.087
1644000840 28.69 64.58 161 4.092
1644000900 28.42 64.51 179 4.092
1644000960 28.3 64.5 203 4.092
1644001020 28.12 64.53 221 4.092
1644001080 27.85 64.52 257 4.092
1644001140 27.76 64.65 299 4.092
1644001200 27.66 64.67 600 4.087
1644001260 27.62 64.75 287 4.092
1644001320 27.68 64.85 319 4.098
1644001380 27.71 64.9 612 4.087
1644001440 27.73 65.01 233 4.092
1644001500 27.66 65.1 173 4.092
1644001560 27.62 65.2 155 4.092
1644001620 27.51 65.29 161 4.087
1644001680 27.48 65.39 167 4.092
1644001740 27.38 65.48 185 4.092
1644001800 27.34 65.61 203 4.092
1644001860 27.33 65.67 215 4.098
1644001920 27.35 65.84 227 4.092
1644001980 27.38 65.94 245 4.092
1644002040 27.25 66.1 265 4.092
1644002100 27.25 66.25 695 4.087
1644002160 27.34 66.33 1147 4.087
1644002220 27.49 66.49 347 4.098
1644002280 27.72 66.59 293 4.098
1644002340 27.94 66.66 275 4.092
1644002400 28.02 66.72 433 4.103
1644002460 28.08 66.7 215 4.098
1644002520 28.16 66.74 185 4.098
1644002580 27.99 66.74 161 4.092
1644002640 27.95 66.74 149 4.092
1644002700 27.86 66.66 131 4.092
1644002760 27.73 66.6 124 4.092
1644002820 27.65 66.56 124 4.087
1644002880 27.51 66.51 118 4.092
1644002940 27.47 66.53 124 4.092
1644003000 27.44 66.44 124 4.092
1644003060 27.38 66.48 124 4.092
1644003120 27.33 66.54 124 4.092
1644003180 27.23 66.64 124 4.087
1644003240 27.14 66.69 118 4.092
1644003300 27.1 66.76 124 4.092
1644003360 27.04 66.91 161 4.092
1644003420 26.98 67.04 149 4.087
1644003480 26.96 67.14 185 4.092
1644003540 27.01 67.31 801 4.098
1644003600 27.08 67.5 939 4.103
1644003660 27.28 67.67 656 4.098
1644003720 27.54 67.75 179 4.092
1644003780 27.78 67.8 215 4.092
1644003840 27.98 67.86 921 4.098
1644003900 28.1 67.86 909 4.098
1644003960 28.36 67.84 915 4.098
1644004020 28.75 67.73 929 4.103
1644004080 28.98 67.56 204 4.098
1644004140 29.21 67.35 996 4.087
1644004200 29.28 67.1 996 4.087
1644004260 29.45 66.79 984 4.092
1644004320 29.45 66.46 277 4.092
1644004380 29.58 66.15 269 4.092
1644004440 29.76 65.93 271 4.098
1644004500 29.52 65.54 1002 4.092
1644004560 29.66 65.25 966 4.087
1644004620 29.68 64.93 347 4.092
1644004680 29.49 64.68 185 4.092
1644004740 29.44 64.43 155 4.087
1644004800 29.31 64.21 143 4.092
1644004860 29.2 64.01 137 4.087
1644004920 28.94 63.84 155 4.092
1644004980 28.64 63.72 823 4.092
1644005040 28.5 63.62 698 4.098
1644005100 28.45 63.53 221 4.092
1644005160 28.37 63.52 215 4.092
1644005220 28.29 63.48 209 4.092
1644005280 28.24 63.53 191 4.092
1644005340 28.18 63.54 198 4.092
1644005400 28.13 63.62 191 4.092
1644005460 28.13 63.68 197 4.092
1644005520 27.95 63.74 197 4.092
1644005580 27.94 63.84 185 4.092
1644005640 27.81 63.95 179 4.098
1644005700 27.76 64.08 185 4.092
1644005760 27.75 64.16 347 4.092
1644005820 27.81 64.23 835 4.092
1644005880 27.81 64.4 835 4.092
1644005940 27.88 64.54 179 4.092
1644006000 28.06 64.69 149 4.092
1644006060 28.06 64.78 137 4.092
1644006120 28.09 64.87 137 4.092
1644006180 28 64.9 173 4.092
1644006240 27.91 64.98 751 4.092
1644006300 27.89 65.03 758 4.098
1644006360 28.13 65.16 777 4.098
1644006420 28.35 65.16 173 4.092
1644006480 28.39 65.12 179 4.092
1644006540 28.4 65.14 186 4.092
1644006600 28.37 65.13 552 4.092
1644006660 28.45 65.12 789 4.098
1644006720 28.77 65.17 777 4.098
1644006780 28.93 65.14 764 4.098
1644006840 28.93 65 746 4.098
1644006900 29.15 64.84 740 4.098
1644006960 29.53 64.7 746 4.098
1644007020 29.61 64.45 758 4.098
1644007080 29.53 64.18 758 4.103
1644007140 29.75 63.98 758 4.098
1644007200 30.09 63.68 740 4.098
1644007260 30.43 63.44 740 4.098
1644007320 30.61 63.04 287 4.098
1644007380 30.48 62.68 209 4.098
1644007440 30.13 62.37 674 4.098
1644007500 30.07 62.14 704 4.098
1644007560 30.17 61.92 698 4.092
1644007620 30.24 61.69 692 4.098
1644007680 30.05 61.51 692 4.098
1644007740 30.1 61.33 698 4.098
1644007800 30.17 61.22 686 4.098
1644007860 30.15 61 674 4.103
1644007920 30.28 60.81 680 4.098
1644007980 30.19 60.56 174 4.098
1644008040 30.19 60.32 173 4.092
1644008100 30.19 60.07 174 4.098
1644008160 29.95 59.97 179 4.092
1644008220 29.47 59.81 186 4.098
1644008280 29.24 59.79 650 4.098
1644008340 29.04 59.74 644 4.098
1644008400 29.18 59.81 632 4.098
1644008460 29.14 59.88 155 4.092
1644008520 29.14 59.9 530 4.098
1644008580 29.17 60.01 385 4.098
1644008640 29.26 60.08 227 4.092
1644008700 29.2 60.15 180 4.092
1644008760 29.18 60.23 131 4.092
1644008820 29.17 60.24 124 4.092
1644008880 29.11 60.3 131 4.092
1644008940 28.97 60.34 251 4.098
1644009000 28.94 60.37 263 4.098
1644009060 28.8 60.44 179 4.092
1644009120 28.81 60.51 149 4.092
1644009180 28.66 60.62 149 4.092
1644009240 28.64 60.66 161 4.092
1644009300 28.66 60.72 173 4.092
1644009360 28.54 60.74 179 4.092
1644009420 28.6 60.84 191 4.098
1644009480 28.59 60.93 161 4.092
1644009540 28.57 61.03 174 4.098
1644009600 28.59 61.17 149 4.092
1644009660 28.64 61.29 137 4.098
1644009720 28.53 61.33 124 4.092
1644009780 28.45 61.44 137 4.098
1644009840 28.4 61.55 149 4.092
1644009900 28.39 61.66 112 4.092
1644009960 28.3 61.78 100 4.092
1644010020 28.29 61.8 94 4.092
1644010080 28.16 61.88 100 4.092
1644010140 28.05 61.99 100 4.092
1644010200 27.96 62.11 82 4.087
1644010260 28.02 62.19 82 4.092
1644010320 28.02 62.28 82 4.092
1644010380 27.95 62.41 82 4.092
1644010440 27.85 62.55 82 4.092
1644010500 27.71 62.63 112 4.092
1644010560 27.64 62.74 112 4.092
1644010620 27.56 62.93 106 4.092
1644010680 27.51 63.06 88 4.092
1644010740 27.52 63.2 94 4.092
1644010800 27.48 63.34 88 4.092
1644010860 27.45 63.5 82 4.092
1644010920 27.44 63.6 82 4.092
1644010980 27.38 63.77 88 4.092
1644011040 27.4 63.93 106 4.092
1644011100 27.35 64.04 112 4.092
1644011160 27.33 64.21 100 4.092
1644011220 27.27 64.3 94 4.092
1644011280 27.2 64.43 70 4.092
1644011340 27.21 64.57 64 4.092
1644011400 27.25 64.73 58 4.092
1644011460 27.24 64.86 52 4.092
1644011520 27.25 64.99 76 4.092
1644011580 27.25 65.13 76 4.092
1644011640 27.23 65.3 76 4.092
1644011700 27.23 65.41 76 4.092
1644011760 27.18 65.54 76 4.092
1644011820 27.17 65.61 70 4.092
1644011880 27.2 65.73 76 4.092
1644011940 27.17 65.8 70 4.092
1644012000 27.18 65.9 76 4.087
1644012060 27.17 66.01 76 4.092
1644012120 27.15 66.11 76 4.092
1644012180 27.14 66.17 76 4.092
1644012240 27.07 66.24 70 4.092
1644012300 27.07 66.26 70 4.092
1644012360 27.1 66.32 64 4.092
1644012420 27.14 66.37 58 4.092
1644012480 27.18 66.41 58 4.087
1644012540 27.17 66.43 58 4.092
1644012600 27.17 66.42 58 4.092
1644012660 27.13 66.47 58 4.092
1644012720 27.13 66.47 52 4.092
1644012780 27.1 66.59 52 4.092
1644012840 27.04 66.64 52 4.087
1644012900 27.04 66.67 52 4.092
1644012960 26.94 66.75 46 4.087
1644013020 26.94 66.83 52 4.087
1644013080 26.89 66.94 52 4.092
1644013140 26.83 66.98 58 4.092
1644013200 26.76 67.07 52 4.087
1644013260 26.73 67.2 46 4.092
1644013320 26.7 67.3 40 4.092
1644013380 26.69 67.43 46 4.087
1644013440 26.66 67.5 46 4.092
1644013500 26.64 67.63 40 4.092
1644013560 26.62 67.79 40 4.092
1644013620 26.57 67.84 34 4.092
1644013680 26.57 68.03 34 4.092
1644013740 26.54 68.11 34 4.087
1644013800 26.52 68.23 34 4.092
1644013860 26.47 68.32 34 4.087
1644013920 26.44 68.38 34 4.092
1644013980 26.42 68.41 40 4.092
1644014040 26.44 68.47 34 4.092
1644014100 26.4 68.56 34 4.087
1644014160 26.35 68.57 28 4.092
1644014220 26.32 68.61 34 4.087
1644014280 26.32 68.65 34 4.092
1644014340 26.3 68.73 40 4.087
1644014400 26.29 68.76 40 4.092
1644014460 26.28 68.87 34 4.087
1644014520 26.32 68.9 34 4.087
1644014580 26.28 69 34 4.092
1644014640 26.26 69.02 34 4.092
1644014700 26.25 69.12 28 4.087
1644014760 26.29 69.19 28 4.087
1644014820 26.28 69.32 28 4.087
1644014880 26.25 69.41 28 4.087
1644014940 26.26 69.5 28 4.087
1644015000 26.28 69.59 28 4.087
1644015060 26.3 69.65 28 4.092
1644015120 26.29 69.73 22 4.087
1644015180 26.28 69.8 22 4.092
1644015240 26.22 69.89 16 4.092
1644015300 26.19 70.01 16 4.092
1644015360 26.16 70.09 22 4.092
1644015420 26.12 70.11 16 4.092
1644015480 26.09 70.19 16 4.087
1644015540 26.05 70.25 16 4.087
1644015600 26.02 70.28 16 4.087
1644015660 26.03 70.36 16 4.087
1644015720 26.01 70.38 16 4.092
1644015780 25.99 70.45 16 4.092
1644015840 25.93 70.49 10 4.087
1644015900 25.91 70.56 10 4.087
1644015960 25.89 70.64 10 4.092
1644016020 25.91 70.73 10 4.092
1644016080 25.88 70.8 10 4.087
1644016140 25.84 70.92 4 4.087
1644016200 25.79 70.96 4 4.092
1644016260 25.78 71.06 4 4.087
1644016320 25.78 71.16 4 4.087
1644016380 25.74 71.31 4 4.087
1644016440 25.71 71.41 4 4.092
1644016500 25.67 71.55 0 4.087
1644016560 25.64 71.67 0 4.087
1644016620 25.58 71.86 0 4.087
1644016680 25.56 72.02 0 4.087
1644016740 25.52 72.17 0 4.087
1644016800 25.51 72.35 0 4.092
1644016860 25.48 72.5 0 4.087
1644016920 25.45 72.63 0 4.092
1644016980 25.42 72.8 0 4.087
1644017040 25.36 72.91 0 4.087
1644017100 25.31 73.05 0 4.087
1644017160 25.28 73.23 0 4.087
1644017220 25.28 73.37 0 4.092
1644017280 25.23 73.53 0 4.092
1644017340 25.16 73.69 0 4.087
1644017400 25.13 73.83 0 4.087
1644017460 25.12 74.01 0 4.087
1644017520 25.06 74.13 0 4.087
1644017580 25.04 74.28 0 4.087
1644017640 25.06 74.42 0 4.087
1644017700 25.02 74.57 0 4.087
1644017760 25.03 74.73 0 4.087
1644017820 24.97 74.87 0 4.087
1644017880 24.97 75.02 0 4.087
1644017940 24.96 75.15 0 4.087
1644018000 25 75.28 0 4.087
1644018060 24.97 75.41 0 4.087
1644018120 24.97 75.55 0 4.087
1644018180 25.03 75.68 0 4.087
1644018240 25.02 75.74 0 4.087
1644018300 25.02 75.91 0 4.087
1644018360 24.98 76.02 0 4.087
1644018420 24.96 76.11 0 4.087
1644018480 24.96 76.19 0 4.087
1644018540 24.93 76.3 0 4.087
1644018600 24.93 76.41 0 4.087
1644018660 24.91 76.54 0 4.087
1644018720 24.89 76.62 0 4.087
1644018780 24.87 76.69 0 4.087
1644018840 24.85 76.78 0 4.087
1644018900 24.85 76.85 0 4.087
1644018960 24.86 76.94 0 4.087
1644019020 24.89 77.02 0 4.087
1644019080 24.85 77.1 0 4.087
1644019140 24.85 77.15 0 4.087
1644019200 24.82 77.21 0 4.087
1644019260 24.85 77.28 0 4.087
1644019320 24.91 77.28 0 4.087
1644019380 24.93 77.31 0 4.087
1644019440 24.91 77.36 0 4.087
1644019500 24.89 77.42 0 4.087
1644019560 24.86 77.44 0 4.087
1644019620 24.87 77.5 0 4.087
1644019680 24.8 77.54 0 4.087
1644019740 24.76 77.56 0 4.087
1644019800 24.7 77.62 0 4.092
1644019860 24.75 77.69 0 4.087
1644019920 24.73 77.72 0 4.087
1644019980 24.72 77.83 0 4.087
1644020040 24.72 77.87 0 4.087
1644020100 24.72 77.89 0 4.087
1644020160 24.77 77.93 0 4.087
1644020220 24.72 77.96 0 4.087
1644020280 24.72 78.01 0 4.082
1644020340 24.66 78.05 0 4.087
1644020400 24.66 78.08 0 4.087
1644020460 24.65 78.13 0 4.087
1644020520 24.63 78.19 0 4.087
1644020580 24.63 78.18 0 4.087
1644020640 24.62 78.2 0 4.087
1644020700 24.61 78.22 0 4.087
1644020760 24.63 78.21 0 4.087
1644020820 24.67 78.19 0 4.087
1644020880 24.72 78.14 0 4.082
1644020940 24.73 78.13 0 4.087
1644021000 24.76 78.04 0 4.087
1644021060 24.73 78.01 0 4.087
1644021120 24.77 77.99 0 4.087
1644021180 24.77 77.91 0 4.087
1644021240 24.79 77.95 0 4.082
1644021300 24.75 77.86 0 4.087
1644021360 24.76 77.84 0 4.087
1644021420 24.75 77.79 0 4.087
1644021480 24.67 77.77 0 4.087
1644021540 24.63 77.74 0 4.087
1644021600 24.63 77.73 0 4.087
1644021660 24.59 77.73 0 4.087
1644021720 24.63 77.77 0 4.087
1644021780 24.62 77.76 0 4.087
1644021840 24.58 77.77 0 4.087
1644021900 24.56 77.82 0 4.082
1644021960 24.52 77.83 0 4.087
1644022020 24.46 77.81 0 4.087
1644022080 24.45 77.91 0 4.087
1644022140 24.43 77.96 0 4.087
1644022200 24.39 78.04 0 4.082
1644022260 24.36 78.11 0 4.087
1644022320 24.31 78.2 0 4.082
1644022380 24.26 78.31 0 4.087
1644022440 24.21 78.35 0 4.082
1644022500 24.18 78.46 0 4.082
1644022560 24.15 78.53 0 4.087
1644022620 24.11 78.61 0 4.087
1644022680 24.07 78.7 0 4.087
1644022740 24.04 78.81 0 4.087
1644022800 24.04 78.93 0 4.087
1644022860 24.02 79.06 0 4.082
1644022920 24.07 79.15 0 4.087
1644022980 24.05 79.27 0 4.082
1644023040 24.05 79.37 0 4.087
1644023100 24.05 79.49 0 4.082
1644023160 24 79.58 0 4.087
1644023220 23.98 79.67 0 4.087
1644023280 23.94 79.77 0 4.082
1644023340 23.92 79.9 0 4.087
1644023400 23.92 79.99 0 4.087
1644023460 23.89 80.08 0 4.082
1644023520 23.87 80.18 0 4.082
1644023580 23.84 80.24 0 4.087
1644023640 23.82 80.37 0 4.082
1644023700 23.82 80.45 0 4.082
1644023760 23.82 80.54 0 4.082
1644023820 23.81 80.59 0 4.087
1644023880 23.85 80.66 0 4.087
1644023940 23.84 80.73 0 4.082
1644024000 23.85 80.77 0 4.087
1644024060 23.84 80.82 0 4.082
1644024120 23.82 80.94 0 4.087
1644024180 23.84 81.03 0 4.082
1644024240 23.82 81.05 0 4.082
1644024300 23.84 81.08 0 4.082
1644024360 23.84 81.16 0 4.082
1644024420 23.87 81.18 0 4.082
1644024480 23.85 81.21 0 4.082
1644024540 23.89 81.22 0 4.082
1644024600 23.85 81.25 0 4.082
1644024660 23.85 81.32 0 4.082
1644024720 23.82 81.34 0 4.082
1644024780 23.82 81.37 0 4.082
1644024840 23.81 81.4 0 4.082
1644024900 23.82 81.47 0 4.082
1644024960 23.81 81.49 0 4.082
1644025020 23.81 81.49 0 4.087
1644025080 23.82 81.45 0 4.082
1644025140 23.84 81.44 0 4.082
1644025200 23.89 81.38 0 4.082
1644025260 23.88 81.34 0 4.082
1644025320 23.89 81.26 0 4.082
1644025380 23.89 81.2 0 4.082
1644025440 23.92 81.2 0 4.082
1644025500 23.91 81.13 0 4.082
1644025560 23.91 81.03 0 4.082
1644025620 23.94 80.98 0 4.082
1644025680 23.92 80.93 0 4.082
1644025740 23.95 80.87 0 4.082
1644025800 23.92 80.84 0 4.082
1644025860 23.94 80.78 0 4.082
1644025920 23.89 80.7 0 4.082
1644025980 23.91 80.7 0 4.082
1644026040 23.91 80.65 0 4.082
1644026100 23.92 80.59 0 4.082
1644026160 23.97 80.57 0 4.082
1644026220 23.95 80.48 0 4.082
1644026280 23.98 80.39 0 4.082
1644026340 24.01 80.36 0 4.082
1644026400 24.02 80.31 0 4.082
1644026460 24.04 80.25 0 4.082
1644026520 24.05 80.17 0 4.082
1644026580 24.04 80.04 0 4.082
1644026640 24.02 80.01 0 4.082
1644026700 24.05 79.97 0 4.082
1644026760 24.04 79.88 0 4.082
1644026820 24.01 79.85 0 4.082
1644026880 24.07 79.81 0 4.082
1644026940 24.05 79.75 0 4.082
1644027000 24.05 79.69 0 4.082
1644027060 24.07 79.62 0 4.082
1644027120 24.08 79.59 0 4.082
1644027180 24.11 79.54 0 4.082
1644027240 24.11 79.48 0 4.082
1644027300 24.1 79.44 0 4.082
1644027360 24.12 79.4 0 4.082
1644027420 24.15 79.37 0 4.082
1644027480 24.15 79.31 0 4.082
1644027540 24.16 79.29 0 4.082
1644027600 24.16 79.24 0 4.082
1644027660 24.16 79.19 0 4.082
1644027720 24.19 79.14 0 4.082
1644027780 24.19 79.08 0 4.082
1644027840 24.16 79.01 0 4.082
1644027900 24.21 79 0 4.082
1644027960 24.21 78.95 0 4.082
1644028020 24.21 78.92 0 4.082
1644028080 24.18 78.86 0 4.082
1644028140 24.18 78.82 0 4.082
1644028200 24.18 78.76 0 4.082
1644028260 24.18 78.79 0 4.082
1644028320 24.16 78.76 0 4.076
1644028380 24.19 78.73 0 4.082
1644028440 24.16 78.72 0 4.082
1644028500 24.15 78.68 0 4.082
1644028560 24.12 78.71 0 4.082
1644028620 24.11 78.7 0 4.082
1644028680 24.11 78.72 0 4.082
1644028740 24.05 78.71 0 4.082
1644028800 24.07 78.72 0 4.082
1644028860 24.02 78.71 0 4.082
1644028920 24 78.71 0 4.082
1644028980 23.97 78.76 0 4.082
1644029040 23.92 78.77 0 4.082
1644029100 23.91 78.78 0 4.076
1644029160 23.89 78.8 0 4.076
1644029220 23.88 78.86 0 4.082
1644029280 23.84 78.89 0 4.076
1644029340 23.82 78.93 0 4.082
1644029400 23.81 78.98 0 4.082
1644029460 23.82 79 0 4.082
1644029520 23.84 79.03 0 4.082
1644029580 23.82 79.08 0 4.082
1644029640 23.8 79.12 0 4.076
1644029700 23.77 79.06 0 4.082
1644029760 23.75 79.09 0 4.082
1644029820 23.75 79.06 0 4.082
1644029880 23.78 79.01 0 4.082
1644029940 23.75 78.97 0 4.082
1644030000 23.75 78.98 0 4.076
1644030060 23.75 78.95 0 4.082
1644030120 23.74 78.93 0 4.082
1644030180 23.77 78.86 0 4.076
1644030240 23.78 78.86 0 4.082
1644030300 23.75 78.8 0 4.076
1644030360 23.75 78.78 0 4.082
1644030420 23.77 78.74 0 4.082
1644030480 23.77 78.72 0 4.076
1644030540 23.78 78.67 0 4.076
1644030600 23.77 78.68 0 4.076
1644030660 23.72 78.66 0 4.082
1644030720 23.71 78.6 0 4.082
1644030780 23.72 78.63 0 4.076
1644030840 23.7 78.64 0 4.082
1644030900 23.7 78.68 0 4.076
1644030960 23.65 78.67 0 4.082
1644031020 23.64 78.7 0 4.076
1644031080 23.6 78.68 0 4.076
1644031140 23.59 78.73 0 4.076
1644031200 23.57 78.73 0 4.076
1644031260 23.54 78.78 0 4.076
1644031320 23.56 78.8 0 4.082
1644031380 23.51 78.82 0 4.076
1644031440 23.5 78.83 0 4.082
1644031500 23.47 78.82 0 4.082
1644031560 23.49 78.92 0 4.076
1644031620 23.49 78.93 0 4.082
1644031680 23.49 78.97 0 4.082
1644031740 23.46 78.97 0 4.076
1644031800 23.46 79 0 4.071
1644031860 23.43 79.04 0 4.082
1644031920 23.43 79.1 0 4.076
1644031980 23.43 79.11 0 4.076
1644032040 23.41 79.2 0 4.076
1644032100 23.37 79.21 0 4.076
1644032160 23.39 79.28 0 4.076
1644032220 23.39 79.35 0 4.082
1644032280 23.36 79.37 0 4.076
1644032340 23.37 79.43 0 4.082
1644032400 23.36 79.53 0 4.076
1644032460 23.36 79.52 0 4.076
1644032520 23.37 79.6 0 4.082
1644032580 23.34 79.66 0 4.076
1644032640 23.36 79.69 0 4.082
1644032700 23.36 79.71 0 4.076
1644032760 23.39 79.76 0 4.076
1644032820 23.39 79.76 0 4.076
1644032880 23.37 79.78 0 4.076
1644032940 23.36 79.81 0 4.082
1644033000 23.36 79.81 0 4.076
1644033060 23.36 79.89 0 4.076
1644033120 23.39 79.92 0 4.076
1644033180 23.37 79.94 0 4.076
1644033240 23.34 79.92 0 4.076
1644033300 23.36 79.97 0 4.076
1644033360 23.34 80 0 4.076
1644033420 23.34 79.98 0 4.076
1644033480 23.34 80 0 4.076
1644033540 23.33 80.05 0 4.076
1644033600 23.31 80.07 0 4.076
1644033660 23.31 80.1 0 4.076
1644033720 23.34 80.17 0 4.076
1644033780 23.3 80.21 0 4.076
1644033840 23.31 80.24 0 4.076
1644033900 23.29 80.23 0 4.076
1644033960 23.23 80.3 0 4.076
1644034020 23.23 80.37 0 4.076
1644034080 23.2 80.38 0 4.076
1644034140 23.21 80.43 0 4.076
1644034200 23.19 80.48 0 4.076
1644034260 23.19 80.52 0 4.076
1644034320 23.14 80.58 0 4.076
1644034380 23.14 80.59 0 4.076
1644034440 23.14 80.57 0 4.076
1644034500 23.16 80.6 0 4.076
1644034560 23.19 80.63 0 4.076
1644034620 23.17 80.63 0 4.076
1644034680 23.2 80.67 0 4.076
1644034740 23.19 80.66 0 4.076
1644034800 23.16 80.68 0 4.076
1644034860 23.13 80.68 0 4.076
1644034920 23.14 80.71 0 4.076
1644034980 23.14 80.72 0 4.076
1644035040 23.1 80.76 0 4.076
1644035100 23.1 80.77 0 4.076
1644035160 23.1 80.75 0 4.076
1644035220 23.1 80.8 0 4.076
1644035280 23.12 80.82 0 4.076
1644035340 23.1 80.83 0 4.076
1644035400 23.09 80.87 0 4.076
1644035460 23.09 80.91 0 4.076
1644035520 23.07 80.94 0 4.076
1644035580 23.07 80.97 0 4.076
1644035640 23.06 81.01 0 4.076
1644035700 23.05 81.06 0 4.076
1644035760 23.03 81.05 0 4.076
1644035820 23.05 81.17 0 4.076
1644035880 23.03 81.18 0 4.076
1644035940 22.97 81.23 0 4.076
1644036000 22.99 81.25 0 4.076
1644036060 22.99 81.28 0 4.076
1644036120 22.97 81.27 0 4.076
1644036180 22.97 81.31 0 4.076
1644036240 22.97 81.35 0 4.076
1644036300 22.97 81.32 0 4.076
1644036360 23.03 81.34 0 4.076
1644036420 23.06 81.28 0 4.076
1644036480 23.06 81.3 0 4.076
1644036540 23.09 81.27 0 4.076
1644036600 23.12 81.27 0 4.076
1644036660 23.13 81.24 0 4.076
1644036720 23.13 81.24 0 4.076
1644036780 23.12 81.19 0 4.076
1644036840 23.13 81.18 0 4.076
1644036900 23.17 81.15 0 4.076
1644036960 23.17 81.15 0 4.076
1644037020 23.19 81.17 0 4.076
1644037080 23.2 81.15 0 4.076
1644037140 23.2 81.13 0 4.076
