1634014800 21.81 89.85 0 4.055
1634014860 21.78 90.03 0 4.055
1634014920 21.78 90.13 0 4.055
1634014980 21.75 90.25 0 4.055
1634015040 21.75 90.25 0 4.055
1634015100 21.75 90.28 0 4.055
1634015160 21.79 90.3 0 4.055
1634015220 21.81 90.27 0 4.055
1634015280 21.82 90.29 0 4.055
1634015340 21.82 90.18 0 4.049
1634015400 21.85 90.13 0 4.049
1634015460 21.85 90.01 0 4.055
1634015520 21.85 89.9 0 4.049
1634015580 21.85 89.8 0 4.049
1634015640 21.86 89.71 0 4.055
1634015700 21.89 89.56 0 4.055
1634015760 21.89 89.32 0 4.055
1634015820 21.93 89.25 0 4.055
1634015880 21.96 89.06 0 4.055
1634015940 21.99 88.94 0 4.049
1634016000 22.02 88.74 0 4.049
1634016060 21.99 88.56 0 4.049
1634016120 22.06 88.53 0 4.055
1634016180 22.06 88.39 0 4.049
1634016240 22.13 88.2 0 4.049
1634016300 22.12 88.05 0 4.049
1634016360 22.14 87.94 0 4.049
1634016420 22.13 87.91 0 4.049
1634016480 22.14 87.83 0 4.049
1634016540 22.14 87.76 0 4.049
1634016600 22.14 87.84 0 4.049
1634016660 22.16 87.87 0 4.049
1634016720 22.2 88.03 0 4.049
1634016780 22.27 88.11 0 4.049
1634016840 22.3 88.09 0 4.055
1634016900 22.33 88.03 0 4.049
1634016960 22.33 88.1 0 4.049
1634017020 22.37 88 0 4.049
1634017080 22.4 87.92 0 4.049
1634017140 22.42 87.69 0 4.044
1634017200 22.43 87.62 0 4.049
1634017260 22.47 87.64 0 4.049
1634017320 22.5 87.61 0 4.049
1634017380 22.51 87.59 0 4.049
1634017440 22.48 87.61 0 4.049
1634017500 22.5 87.55 0 4.049
1634017560 22.5 87.54 0 4.049
1634017620 22.5 87.51 0 4.049
1634017680 22.51 87.51 0 4.044
1634017740 22.57 87.56 0 4.044
1634017800 22.57 87.4 0 4.049
1634017860 22.56 87.41 0 4.049
1634017920 22.57 87.27 0 4.044
1634017980 22.57 87.18 0 4.049
1634018040 22.58 87.15 0 4.044
1634018100 22.58 87.1 0 4.044
1634018160 22.57 87 0 4.044
1634018220 22.56 86.98 0 4.044
1634018280 22.58 87.05 0 4.049
1634018340 22.57 87.03 0 4.044
1634018400 22.57 86.99 0 4.044
1634018460 22.56 87.3 0 4.044
1634018520 22.56 87.47 0 4.044
1634018580 22.54 87.51 0 4.049
1634018640 22.54 87.64 0 4.049
1634018700 22.5 87.75 0 4.044
1634018760 22.5 87.84 0 4.044
1634018820 22.48 87.97 0 4.044
1634018880 22.46 88.16 0 4.049
1634018940 22.44 88.23 0 4.039
1634019000 22.44 88.23 0 4.044
1634019060 22.4 88.38 0 4.044
1634019120 22.39 88.57 0 4.044
1634019180 22.39 88.67 0 4.044
1634019240 22.34 88.6 0 4.044
1634019300 22.34 88.61 0 4.044
1634019360 22.33 88.69 0 4.044
1634019420 22.3 88.87 0 4.039
1634019480 22.27 88.93 0 4.044
1634019540 22.27 88.97 0 4.044
1634019600 22.26 89.08 0 4.044
1634019660 22.23 89.15 0 4.044
1634019720 22.23 89.23 0 4.049
1634019780 22.23 89.2 0 4.044
1634019840 22.2 89.26 0 4.039
1634019900 22.17 89.35 0 4.039
1634019960 22.14 89.43 0 4.044
1634020020 22.12 89.52 0 4.039
1634020080 22.09 89.58 0 4.044
1634020140 22.06 89.72 0 4.044
1634020200 22.05 89.87 0 4.039
1634020260 22.02 89.99 0 4.039
1634020320 22 90.24 0 4.044
1634020380 21.95 90.44 0 4.044
1634020440 21.92 90.66 0 4.044
1634020500 21.93 90.84 0 4.044
1634020560 21.89 90.9 0 4.044
1634020620 21.86 90.84 0 4.044
1634020680 21.88 90.96 0 4.044
1634020740 21.89 91.04 0 4.039
1634020800 21.91 90.99 0 4.039
1634020860 21.89 91.03 0 4.039
1634020920 21.88 91.06 0 4.039
1634020980 21.88 91.09 0 4.039
1634021040 21.89 91.06 0 4.039
1634021100 21.89 91 0 4.039
1634021160 21.89 90.89 0 4.039
1634021220 21.88 90.82 0 4.039
1634021280 21.88 90.74 0 4.039
1634021340 21.89 90.58 0 4.039
1634021400 21.91 90.46 0 4.039
1634021460 21.91 90.38 0 4.039
1634021520 21.91 90.13 0 4.039
1634021580 21.93 89.94 0 4.044
1634021640 21.92 89.72 0 4.039
1634021700 21.95 89.57 0 4.033
1634021760 21.97 89.54 0 4.039
1634021820 22.02 89.24 0 4.039
1634021880 22.09 88.87 0 4.039
1634021940 22.1 88.77 0 4.039
1634022000 22.12 88.73 0 4.039
1634022060 22.16 88.81 0 4.039
1634022120 22.16 88.75 0 4.039
1634022180 22.22 88.54 0 4.039
1634022240 22.24 88.26 0 4.039
1634022300 22.26 88.22 0 4.039
1634022360 22.27 88.19 0 4.039
1634022420 22.26 88.26 0 4.039
1634022480 22.3 88.3 0 4.039
1634022540 22.29 88.26 0 4.033
1634022600 22.33 88.29 0 4.039
1634022660 22.37 88.02 0 4.039
1634022720 22.37 87.75 0 4.033
1634022780 22.39 87.62 0 4.033
1634022840 22.42 87.58 0 4.039
1634022900 22.37 87.57 0 4.039
1634022960 22.37 87.72 0 4.033
1634023020 22.37 87.86 0 4.033
1634023080 22.37 87.97 0 4.039
1634023140 22.37 87.98 0 4.033
1634023200 22.4 87.97 0 4.039
1634023260 22.42 88.08 0 4.039
1634023320 22.4 88.09 0 4.039
1634023380 22.37 88.09 0 4.033
1634023440 22.39 88.21 0 4.033
1634023500 22.42 88.29 0 4.033
1634023560 22.4 88.33 0 4.033
1634023620 22.43 88.33 0 4.033
1634023680 22.42 88.31 0 4.033
1634023740 22.42 88.41 0 4.033
1634023800 22.4 88.48 0 4.033
1634023860 22.39 88.53 0 4.033
1634023920 22.4 88.65 0 4.033
1634023980 22.4 88.75 0 4.039
1634024040 22.4 88.87 0 4.033
1634024100 22.36 88.91 0 4.033
1634024160 22.36 88.91 0 4.033
1634024220 22.36 88.97 0 4.033
1634024280 22.33 88.88 0 4.033
1634024340 22.34 88.86 0 4.033
1634024400 22.37 88.91 0 4.033
1634024460 22.39 88.92 0 4.033
1634024520 22.36 88.98 0 4.033
1634024580 22.36 89.25 0 4.033
1634024640 22.34 89.33 0 4.033
1634024700 22.33 89.39 0 4.033
1634024760 22.32 89.45 0 4.033
1634024820 22.33 89.51 0 4.033
1634024880 22.29 89.59 0 4.033
1634024940 22.24 89.66 0 4.033
1634025000 22.24 89.8 0 4.033
1634025060 22.23 89.91 0 4.033
1634025120 22.2 89.92 0 4.033
1634025180 22.22 89.93 0 4.033
1634025240 22.19 89.99 0 4.028
1634025300 22.14 90.03 0 4.028
1634025360 22.16 90.22 0 4.033
1634025420 22.13 90.14 0 4.028
1634025480 22.14 90.24 0 4.033
1634025540 22.14 90.3 0 4.033
1634025600 22.09 90.43 0 4.033
1634025660 22.07 90.52 0 4.033
1634025720 22.06 90.6 0 4.033
1634025780 22.06 90.54 0 4.033
1634025840 22.06 90.52 0 4.033
1634025900 22.06 90.58 0 4.033
1634025960 22.05 90.65 0 4.033
1634026020 22.06 90.67 0 4.028
1634026080 22.05 90.69 0 4.028
1634026140 22.06 90.77 0 4.028
1634026200 22.05 90.72 0 4.028
1634026260 22.06 90.76 0 4.028
1634026320 22.07 90.83 0 4.028
1634026380 22.09 90.92 0 4.028
1634026440 22.09 90.98 0 4.028
1634026500 22.05 91.03 0 4.028
1634026560 22.09 91.09 0 4.028
1634026620 22.05 91.1 0 4.028
1634026680 22.03 91.14 0 4.028
1634026740 22 91.19 0 4.033
1634026800 21.97 91.33 0 4.028
1634026860 21.97 91.38 0 4.028
1634026920 21.97 91.47 0 4.028
1634026980 21.96 91.56 0 4.028
1634027040 21.92 91.51 0 4.022
1634027100 21.92 91.63 0 4.022
1634027160 21.92 91.64 0 4.028
1634027220 21.91 91.65 0 4.028
1634027280 21.89 91.64 0 4.028
1634027340 21.91 91.71 0 4.028
1634027400 21.89 91.67 0 4.028
1634027460 21.83 91.69 0 4.028
1634027520 21.86 91.76 0 4.028
1634027580 21.86 91.79 0 4.028
1634027640 21.85 91.82 0 4.028
1634027700 21.83 91.79 0 4.028
1634027760 21.82 91.79 0 4.028
1634027820 21.81 91.79 0 4.028
1634027880 21.83 91.81 0 4.028
1634027940 21.79 91.79 0 4.022
1634028000 21.78 91.74 0 4.022
1634028060 21.79 91.84 0 4.028
1634028120 21.75 91.85 0 4.028
1634028180 21.76 91.91 0 4.022
1634028240 21.76 91.95 0 4.028
1634028300 21.73 91.95 0 4.028
1634028360 21.71 91.99 0 4.028
1634028420 21.68 92.09 0 4.028
1634028480 21.66 92.22 0 4.028
1634028540 21.66 92.25 0 4.028
1634028600 21.62 92.26 0 4.028
1634028660 21.59 92.29 0 4.028
1634028720 21.59 92.32 0 4.028
1634028780 21.56 92.28 0 4.022
1634028840 21.55 92.3 0 4.022
1634028900 21.51 92.28 0 4.022
1634028960 21.49 92.3 0 4.022
1634029020 21.51 92.42 0 4.022
1634029080 21.49 92.54 0 4.022
1634029140 21.45 92.53 0 4.022
1634029200 21.48 92.57 0 4.022
1634029260 21.46 92.66 0 4.022
1634029320 21.46 92.78 0 4.028
1634029380 21.51 92.82 0 4.028
1634029440 21.51 92.8 0 4.028
1634029500 21.54 92.92 0 4.022
1634029560 21.54 92.92 0 4.028
1634029620 21.52 92.79 0 4.022
1634029680 21.55 92.96 0 4.022
1634029740 21.58 92.97 0 4.022
1634029800 21.56 92.93 0 4.022
1634029860 21.59 92.94 0 4.022
1634029920 21.56 92.99 0 4.022
1634029980 21.54 92.92 0 4.022
1634030040 21.54 93.09 0 4.022
1634030100 21.54 93.15 0 4.022
1634030160 21.56 93.16 0 4.022
1634030220 21.56 93.06 0 4.022
1634030280 21.52 93.12 0 4.022
1634030340 21.55 93.08 0 4.022
1634030400 21.56 93.07 0 4.022
1634030460 21.56 93.07 0 4.022
1634030520 21.55 92.95 0 4.022
1634030580 21.49 92.83 0 4.022
1634030640 21.51 92.9 0 4.017
1634030700 21.49 92.84 0 4.022
1634030760 21.45 92.66 0 4.017
1634030820 21.44 92.5 0 4.017
1634030880 21.42 92.48 0 4.022
1634030940 21.4 92.46 0 4.022
1634031000 21.38 92.25 0 4.022
1634031060 21.35 92.14 0 4.017
1634031120 21.38 92.1 0 4.022
1634031180 21.35 92.01 0 4.022
1634031240 21.34 91.87 0 4.017
1634031300 21.32 91.81 0 4.022
1634031360 21.32 91.72 0 4.022
1634031420 21.32 91.72 0 4.022
1634031480 21.28 91.57 0 4.022
1634031540 21.24 91.41 0 4.017
1634031600 21.24 91.36 0 4.017
1634031660 21.25 91.51 0 4.017
1634031720 21.25 91.59 0 4.017
1634031780 21.21 91.7 0 4.017
1634031840 21.2 91.82 0 4.017
1634031900 21.18 91.96 0 4.017
1634031960 21.12 91.95 0 4.017
1634032020 21.12 92.17 0 4.022
1634032080 21.12 92.42 0 4.017
1634032140 21.11 92.62 0 4.017
1634032200 21.11 92.62 0 4.017
1634032260 21.11 92.58 0 4.017
1634032320 21.07 92.58 0 4.017
1634032380 21.05 92.6 0 4.017
1634032440 21.11 92.77 0 4.012
1634032500 21.1 92.77 0 4.017
1634032560 21.08 92.74 0 4.017
1634032620 21.1 92.9 0 4.017
1634032680 21.11 93.03 0 4.017
1634032740 21.11 93.05 0 4.017
1634032800 21.15 93.33 0 4.017
1634032860 21.14 93.25 0 4.017
1634032920 21.11 93.18 0 4.017
1634032980 21.14 93.21 0 4.017
1634033040 21.11 93.26 0 4.017
1634033100 21.14 93.3 0 4.017
1634033160 21.18 93.42 0 4.017
1634033220 21.21 93.52 0 4.012
1634033280 21.2 93.56 0 4.017
1634033340 21.25 93.69 0 4.012
1634033400 21.25 93.6 0 4.012
1634033460 21.3 93.71 0 4.017
1634033520 21.25 93.11 0 4.012
1634033580 21.21 92.12 0 4.017
1634033640 21.27 91.7 0 4.017
1634033700 21.31 91.4 0 4.017
1634033760 21.32 91.25 0 4.017
1634033820 21.37 90.87 0 4.017
1634033880 21.35 90.45 0 4.017
1634033940 21.38 90.17 0 4.017
1634034000 21.37 89.91 0 4.017
1634034060 21.44 89.83 0 4.017
1634034120 21.45 89.71 0 4.017
1634034180 21.45 89.67 0 4.017
1634034240 21.48 89.69 0 4.012
1634034300 21.52 89.73 0 4.012
1634034360 21.54 89.81 0 4.012
1634034420 21.56 89.79 0 4.012
1634034480 21.55 89.6 0 4.012
1634034540 21.58 89.25 0 4.012
1634034600 21.58 88.83 0 4.012
1634034660 21.62 88.43 0 4.012
1634034720 21.63 88.25 0 4.012
1634034780 21.63 88.1 0 4.017
1634034840 21.68 87.99 0 4.012
1634034900 21.69 88.04 0 4.012
1634034960 21.71 88.24 0 4.017
1634035020 21.71 88.1 0 4.012
1634035080 21.73 88.86 0 4.012
1634035140 21.76 89.15 0 4.012
1634035200 21.75 89.06 0 4.012
1634035260 21.72 89.09 0 4.012
1634035320 21.73 89.22 0 4.012
1634035380 21.76 89.41 0 4.012
1634035440 21.79 89.72 0 4.012
1634035500 21.82 89.75 0 4.012
1634035560 21.81 89.77 0 4.012
1634035620 21.81 89.75 0 4.012
1634035680 21.85 89.7 0 4.012
1634035740 21.86 89.78 0 4.012
1634035800 21.89 89.67 0 4.012
1634035860 21.91 89.54 0 4.012
1634035920 21.92 89.5 4 4.012
1634035980 21.92 89.37 4 4.012
1634036040 21.93 89.37 4 4.006
1634036100 21.93 89.17 4 4.012
1634036160 21.95 89.15 4 4.012
1634036220 21.96 88.97 4 4.012
1634036280 21.97 88.83 4 4.012
1634036340 21.99 88.55 10 4.012
1634036400 21.99 88.47 10 4.012
1634036460 22.02 88.46 10 4.012
1634036520 22.06 88.43 16 4.012
1634036580 22.09 88.38 16 4.012
1634036640 22.09 88.34 16 4.012
1634036700 22.1 88.22 10 4.012
1634036760 22.12 88.21 10 4.012
1634036820 22.09 88.14 16 4.012
1634036880 22.14 88.15 16 4.012
1634036940 22.14 88.12 16 4.006
1634037000 22.12 88.15 16 4.012
1634037060 22.16 88.4 16 4.012
1634037120 22.19 88.62 16 4.006
1634037180 22.2 88.88 22 4.012
1634037240 22.22 89.1 22 4.012
1634037300 22.23 89.29 22 4.006
1634037360 22.22 89.35 22 4.006
1634037420 22.22 89.28 22 4.012
1634037480 22.19 89.25 28 4.012
1634037540 22.23 89.29 28 4.006
1634037600 22.23 89.32 28 4.012
1634037660 22.23 89.35 34 4.006
1634037720 22.22 89.35 34 4.012
1634037780 22.22 89.34 40 4.006
1634037840 22.22 89.35 40 4.006
1634037900 22.23 89.37 46 4.006
1634037960 22.26 89.36 46 4.006
1634038020 22.27 89.36 46 4.006
1634038080 22.27 89.29 46 4.006
1634038140 22.32 89.47 52 4.006
1634038200 22.34 89.44 52 4.006
1634038260 22.37 89.5 58 4.006
1634038320 22.39 89.36 58 4.012
1634038380 22.43 89.18 58 4.012
1634038440 22.44 89.09 58 4.012
1634038500 22.47 88.75 58 4.006
1634038560 22.51 88.55 58 4.006
1634038620 22.53 88.28 64 4.006
1634038680 22.58 88.17 64 4.006
1634038740 22.64 88.06 64 4.001
1634038800 22.66 87.88 64 4.006
1634038860 22.71 87.91 64 4.006
1634038920 22.74 87.69 64 4.006
1634038980 22.74 87.48 64 4.006
1634039040 22.78 87.44 64 4.006
1634039100 22.78 87.23 64 4.006
1634039160 22.83 87.19 64 4.006
1634039220 22.87 86.97 58 4.006
1634039280 22.9 86.88 58 4.006
1634039340 22.93 86.8 52 4.006
1634039400 22.95 86.76 52 4.006
1634039460 22.97 86.68 46 4.006
1634039520 22.98 86.58 46 4.006
1634039580 22.94 86.67 46 4.006
1634039640 22.98 86.71 46 4.006
1634039700 22.98 86.72 52 4.006
1634039760 22.97 86.82 58 4.006
1634039820 22.98 86.63 58 4.001
1634039880 22.99 86.61 64 4.006
1634039940 23.01 86.73 63 4.006
1634040000 23.07 86.83 69 4.006
1634040060 23.07 86.77 69 4.006
1634040120 23.07 86.75 75 4.006
1634040180 23.08 86.59 75 4.006
1634040240 23.11 86.67 75 4.012
1634040300 23.12 86.57 75 4.006
1634040360 23.11 86.54 75 4.006
1634040420 23.14 86.54 75 4.012
1634040480 23.15 86.37 75 4.006
1634040540 23.21 86.33 75 4.001
1634040600 23.24 86.39 75 4.006
1634040660 23.24 86.44 81 4.006
1634040720 23.25 86.4 81 4.006
1634040780 23.25 86.47 81 4.006
1634040840 23.28 86.55 75 4.006
1634040900 23.15 86.53 75 4.006
1634040960 23.18 86.8 69 4.006
1634041020 23.18 86.72 69 4.006
1634041080 23.21 86.62 69 4.006
1634041140 23.26 86.48 64 4.001
1634041200 23.25 86.46 69 4.006
1634041260 23.22 83.36 69 4.006
1634041320 23.35 82.44 69 4.006
1634041380 23.45 83.72 69 4.006
1634041440 23.53 84.2 69 4.001
1634041500 23.56 84.33 69 4.006
1634041560 23.55 84.64 69 4.001
1634041620 23.56 85.44 69 4.006
1634041680 23.56 85.42 69 4.006
1634041740 23.55 84.84 69 4.006
1634041800 23.58 83.89 69 4.006
1634041860 23.66 83.27 69 4.006
1634041920 23.75 83.98 69 4.006
1634041980 23.76 84.23 69 4.006
1634042040 23.73 84.89 75 4.006
1634042100 23.63 85.29 75 4.006
1634042160 23.62 85.58 75 4.006
1634042220 23.56 85.81 81 4.006
1634042280 23.5 85.93 81 4.006
1634042340 23.58 84.74 81 4.006
1634042400 23.65 85.49 81 4.006
1634042460 23.6 85.88 87 4.006
1634042520 23.6 85.67 87 4.006
1634042580 23.63 84.7 93 4.006
1634042640 23.7 84.84 93 4.006
1634042700 23.72 85.3 99 4.012
1634042760 23.73 85.48 105 4.006
1634042820 23.77 85.18 105 4.006
1634042880 23.83 84.66 111 4.006
1634042940 23.86 84.95 123 4.012
1634043000 23.87 85.02 129 4.012
1634043060 23.84 84.59 141 4.012
1634043120 23.93 84.02 141 4.012
1634043180 24.03 83.09 152 4.017
1634043240 24.11 82.28 158 4.012
1634043300 24.23 82.63 158 4.017
1634043360 24.27 81.52 158 4.017
1634043420 24.42 82.41 164 4.017
1634043480 24.42 82.22 170 4.017
1634043540 24.42 81.53 188 4.017
1634043600 24.51 82.07 212 4.022
1634043660 24.62 81.24 188 4.022
1634043720 24.71 80.23 182 4.022
1634043780 24.82 80.4 260 4.028
1634043840 24.91 80.62 403 4.044
1634043900 25.11 80.32 290 4.039
1634043960 25.28 78.89 171 4.033
1634044020 25.22 77.7 165 4.028
1634044080 25.34 78.44 171 4.028
1634044140 25.42 77.34 171 4.022
1634044200 25.39 77.45 177 4.028
1634044260 25.34 77.35 266 4.033
1634044320 25.4 77.94 367 4.044
1634044380 25.57 77.87 171 4.033
1634044440 25.79 76.74 159 4.033
1634044500 25.84 75.69 147 4.028
1634044560 25.8 75.6 147 4.028
1634044620 25.83 76.47 159 4.033
1634044680 25.76 75.52 371 4.022
1634044740 25.81 76.33 200 4.033
1634044800 25.95 76.06 242 4.039
1634044860 25.95 76.16 177 4.033
1634044920 26.01 74.51 194 4.033
1634044980 26.01 74.84 189 4.033
1634045040 25.91 74.66 182 4.033
1634045100 25.83 75.42 177 4.033
1634045160 25.83 75.56 189 4.033
1634045220 25.87 75.02 301 4.028
1634045280 25.77 75.04 414 4.028
1634045340 25.93 75.21 396 4.022
1634045400 26.14 73.93 396 4.022
1634045460 26.39 73.17 466 4.022
1634045520 26.54 73.34 466 4.022
1634045580 26.86 72.65 484 4.022
1634045640 27.06 71.91 515 4.022
1634045700 27.3 70.95 554 4.022
1634045760 27.72 70.35 561 4.022
1634045820 28 68.54 513 4.017
1634045880 28.26 67.36 507 4.039
1634045940 28.45 67.21 602 4.065
1634046000 28.73 66.04 543 4.065
1634046060 28.99 65.29 501 4.065
1634046120 29.27 63.29 569 4.076
1634046180 29.38 62.97 600 4.087
1634046240 29.48 62.74 618 4.092
1634046300 29.69 62.43 638 4.098
1634046360 29.98 60.98 462 4.087
1634046420 30.01 59.98 280 4.055
1634046480 29.86 60.87 338 4.055
1634046540 29.68 61.95 284 4.049
1634046600 29.63 62.18 623 4.044
1634046660 29.6 63.29 636 4.044
1634046720 29.82 61.81 641 4.044
1634046780 29.92 61.86 647 4.044
1634046840 29.84 61.84 207 4.049
1634046900 29.91 61.55 189 4.049
1634046960 29.94 61.7 177 4.049
1634047020 29.69 61.53 183 4.055
1634047080 29.76 61.56 189 4.055
1634047140 29.72 61.32 332 4.044
1634047200 29.69 61.81 487 4.039
1634047260 29.6 62.22 558 4.044
1634047320 29.71 61.8 498 4.039
1634047380 29.68 62.32 468 4.044
1634047440 29.91 61.68 629 4.039
1634047500 30.05 60.71 551 4.039
1634047560 30.06 60.68 213 4.049
1634047620 29.88 62.15 213 4.055
1634047680 29.64 61.87 171 4.049
1634047740 29.47 62.45 165 4.049
1634047800 29.25 61.24 177 4.049
1634047860 29.17 62.22 236 4.049
1634047920 29.06 62.76 332 4.044
1634047980 29.04 63.35 344 4.044
1634048040 28.93 63.39 421 4.039
1634048100 28.92 63.59 498 4.044
1634048160 29.06 63.18 575 4.039
1634048220 29.2 62.83 599 4.039
1634048280 29.04 62.87 623 4.039
1634048340 29.14 62.7 195 4.049
1634048400 29.24 62.64 201 4.049
1634048460 28.84 62.87 373 4.039
1634048520 28.69 63.01 439 4.044
1634048580 28.69 63.13 516 4.039
1634048640 28.74 63.32 685 4.087
1634048700 28.99 62.97 722 4.098
1634048760 29.37 62.38 743 4.108
1634048820 29.72 61.01 743 4.119
1634048880 29.91 59.97 743 4.087
1634048940 30.08 59.71 740 4.071
1634049000 30.55 58.9 740 4.065
1634049060 30.86 57.45 338 4.065
1634049120 31.04 57.03 203 4.071
1634049180 30.8 55.63 173 4.065
1634049240 30.3 57.83 155 4.071
1634049300 29.95 57.82 161 4.065
1634049360 29.75 59.24 161 4.071
1634049420 29.81 59.17 167 4.071
1634049480 29.69 59.72 179 4.071
1634049540 29.43 60.07 191 4.065
1634049600 29.43 60.05 227 4.076
1634049660 29.37 60.6 572 4.06
1634049720 29.4 60.05 566 4.06
1634049780 29.21 59.99 618 4.06
1634049840 29.04 59.98 755 4.055
1634049900 29.25 59.46 755 4.06
1634049960 29.65 58.57 768 4.055
1634050020 29.81 58.03 763 4.055
1634050080 30.02 57.05 774 4.055
1634050140 30.25 56.34 761 4.055
1634050200 30.5 56.51 745 4.055
1634050260 30.59 56.55 733 4.055
1634050320 30.94 55.57 721 4.055
1634050380 31.08 54.98 715 4.055
1634050440 31.13 54.56 707 4.049
1634050500 31.07 55.4 707 4.049
1634050560 31.3 54.58 671 4.049
1634050620 31.2 55.08 689 4.049
1634050680 31.49 53.95 683 4.049
1634050740 31.69 53.42 671 4.049
1634050800 31.78 53.64 719 4.049
1634050860 31.92 53.65 743 4.049
1634050920 32.15 52.49 778 4.049
1634050980 32.37 51.56 774 4.049
1634051040 32.43 51.68 808 4.049
1634051100 32.57 51.12 832 4.049
1634051160 32.64 51.05 743 4.049
1634051220 32.44 49.62 405 4.065
1634051280 32.19 50.58 340 4.065
1634051340 32.19 52.1 322 4.065
1634051400 32.1 51.66 292 4.065
1634051460 31.89 52.31 286 4.071
1634051520 31.31 53.54 298 4.071
1634051580 31.06 54.85 316 4.071
1634051640 30.74 54.54 364 4.082
1634051700 30.33 55.27 450 4.087
1634051760 30.5 55.89 530 4.103
1634051820 30.67 55.54 525 4.103
1634051880 30.88 54.77 493 4.103
1634051940 31.18 54.46 804 4.082
1634052000 31.31 54.41 466 4.076
1634052060 30.98 54.58 694 4.076
1634052120 30.74 54.44 466 4.071
1634052180 30.42 55.5 364 4.071
1634052240 30.11 55.9 323 4.087
1634052300 29.94 57.1 311 4.087
1634052360 29.91 57.54 299 4.087
1634052420 29.88 57.18 305 4.092
1634052480 30.05 57.41 319 4.092
1634052540 29.92 57.69 331 4.098
1634052600 30.01 57.7 337 4.098
1634052660 29.99 56.61 349 4.103
1634052720 29.82 56.85 343 4.098
1634052780 29.69 57.26 337 4.103
1634052840 29.69 57.73 337 4.103
1634052900 29.68 57.87 331 4.103
1634052960 29.65 57.91 325 4.108
1634053020 29.68 58.45 319 4.108
1634053080 29.79 58.41 313 4.108
1634053140 29.67 57.98 343 4.108
1634053200 29.38 58.58 331 4.114
1634053260 29.43 59.16 325 4.114
1634053320 29.31 59.22 331 4.114
1634053380 29.43 59.71 337 4.114
1634053440 29.5 59.35 380 4.125
1634053500 29.55 58.64 451 4.103
1634053560 29.44 58.52 391 4.098
1634053620 29.38 59.44 359 4.098
1634053680 29.25 58.71 347 4.092
1634053740 29.14 59.55 353 4.092
1634053800 29.02 59.44 371 4.092
1634053860 29.07 60.13 377 4.092
1634053920 29.04 60.39 396 4.087
1634053980 29.04 60.25 408 4.087
1634054040 29.1 59.76 415 4.108
1634054100 29.04 59.7 969 4.098
1634054160 29.1 59.29 462 4.092
1634054220 29.07 59.38 444 4.087
1634054280 29.2 59.58 402 4.087
1634054340 29.23 58.88 396 4.082
1634054400 29.41 59.01 396 4.087
1634054460 29.61 58.55 402 4.087
1634054520 29.67 58.34 450 4.087
1634054580 29.69 57.85 1099 4.082
1634054640 29.85 57.92 1237 4.087
1634054700 30.22 57.13 528 4.087
1634054760 30.55 56.91 438 4.082
1634054820 30.53 56.77 420 4.087
1634054880 30.46 56.95 390 4.082
1634054940 30.43 57.84 361 4.103
1634055000 30.49 58.07 531 4.119
1634055060 30.43 58.05 390 4.092
1634055120 30.45 57.96 408 4.087
1634055180 30.25 58.67 402 4.087
1634055240 30.46 58.68 629 4.087
1634055300 30.56 58.27 1069 4.087
1634055360 30.76 57.9 1007 4.082
1634055420 30.94 56.92 569 4.082
1634055480 31.21 57.04 551 4.082
1634055540 31.44 56.3 983 4.082
1634055600 31.25 55.97 840 4.082
1634055660 31.18 56.14 971 4.082
1634055720 31.41 56.07 792 4.082
1634055780 31.27 56.52 442 4.082
1634054940 30.43 57.84 361 4.103
1634055000 30.49 58.07 531 4.119
1634055060 30.43 58.05 390 4.092
1634055120 30.45 57.96 408 4.087
1634055180 30.25 58.67 402 4.087
1634055240 30.46 58.68 629 4.087
1634055300 30.56 58.27 1069 4.087
1634055360 30.76 57.9 1007 4.082
1634055420 30.94 56.92 569 4.082
1634055480 31.21 57.04 551 4.082
1634055540 31.44 56.3 983 4.082
1634055600 31.25 55.97 840 4.082
1634055660 31.18 56.14 971 4.082
1634055720 31.41 56.07 792 4.082
1634055780 31.27 56.52 442 4.082
1634055840 31.41 56.7 1121 4.087
1634055900 31.31 56.63 1176 4.082
1634055960 31.25 56.14 1212 4.076
1634056020 31.68 55.71 1115 4.082
1634056080 32.09 54.88 371 4.082
1634056140 31.86 53.8 1055 4.076
1634056200 31.51 55.16 334 4.082
1634056260 31.41 55.71 432 4.076
1634056320 31.31 55.72 1156 4.076
1634056380 31.41 55.78 1174 4.076
1634056440 31.44 55.52 1186 4.076
1634056500 31.62 55.34 1162 4.076
1634056560 31.9 54.87 1180 4.076
1634056620 31.76 55.12 1292 4.076
1634056680 31.83 55.09 981 4.076
1634056740 31.93 54.49 911 4.076
1634056800 31.92 54.19 1066 4.076
1634056860 31.89 54.21 508 4.071
1634056920 31.78 54.54 424 4.076
1634056980 31.61 54.99 633 4.071
1634057040 31.34 55.68 545 4.076
1634057100 31.28 55.93 472 4.076
1634057160 31.17 56.09 466 4.071
1634057220 30.66 57.71 496 4.071
1634057280 30.71 57.73 543 4.071
1634057340 30.83 57.9 837 4.071
1634057400 30.93 57.95 843 4.076
1634057460 30.97 57.37 442 4.071
1634057520 30.91 57.89 1243 4.071
1634057580 30.97 57.07 861 4.071
1634057640 31.07 56.35 1236 4.146
1634057700 31.17 55.8 1245 4.173
1634057760 31.51 55.25 1248 4.184
1634057820 31.75 54.35 1269 4.2
1634057880 31.95 53.97 460 4.13
1634057940 32.27 53.63 531 4.119
1634058000 32.6 53 1161 4.114
1634058060 32.36 53.21 664 4.108
1634058120 32.2 53.6 1267 4.108
1634058180 32.36 53.72 1320 4.108
1634058240 32.44 53.45 1332 4.103
1634058300 32.47 52.96 1109 4.103
1634058360 32.71 52.24 680 4.103
1634058420 32.32 53.2 837 4.103
1634058480 32.39 53.12 698 4.103
1634058540 32.33 53.34 557 4.13
1634058600 32.18 53.4 807 4.103
1634058660 32.06 53.72 710 4.098
1634058720 31.86 54.18 999 4.098
1634058780 31.85 54.42 524 4.098
1634058840 32.2 53.7 843 4.098
1634058900 32.36 52.97 469 4.098
1634058960 32.16 53.26 474 4.098
1634059020 32.16 53.09 462 4.092
1634059080 31.96 53.12 474 4.092
1634059140 31.67 53.89 542 4.098
1634059200 31.49 54.24 462 4.092
1634059260 31.76 54.21 390 4.092
1634059320 31.9 54.03 371 4.092
1634059380 31.64 54.39 510 4.092
1634059440 31.64 54.86 319 4.103
1634059500 31.48 55.17 271 4.098
1634059560 31.17 56.3 245 4.098
1634059620 30.76 57.5 227 4.092
1634059680 30.67 57.61 221 4.092
1634059740 30.39 58.39 215 4.092
1634059800 30.18 58.82 215 4.092
1634059860 29.94 59.26 215 4.092
1634059920 29.74 60.12 227 4.092
1634059980 29.72 60.28 227 4.087
1634060040 29.79 60.16 221 4.087
1634060100 29.81 60.34 209 4.087
1634060160 29.69 60.61 209 4.087
1634060220 29.47 60.99 215 4.087
1634060280 29.25 61.86 215 4.087
1634060340 29.21 62.04 221 4.092
1634060400 29.07 62.21 228 4.098
1634060460 28.99 62.56 240 4.098
1634060520 29.04 62.68 252 4.098
1634060580 29.06 62.35 259 4.103
1634060640 28.84 62.97 265 4.108
1634060700 28.72 63.02 271 4.098
1634060760 28.82 63.34 275 4.092
1634060820 28.89 63.09 281 4.092
1634060880 28.9 63.02 281 4.092
1634060940 28.89 62.92 275 4.087
1634061000 28.93 62.89 269 4.087
1634061060 28.97 62.78 269 4.087
1634061120 28.9 61.84 269 4.087
1634061180 28.93 62.33 275 4.087
1634061240 28.84 62.24 277 4.098
1634061300 28.69 63.02 283 4.103
1634061360 28.8 62.94 295 4.108
1634061420 28.99 62.55 301 4.114
1634061480 29.14 62.01 307 4.114
1634061540 29.16 61.55 314 4.114
1634061600 29.23 61.29 319 4.119
1634061660 29.34 61 326 4.125
1634061720 29.45 61.24 350 4.125
1634061780 29.38 61.19 481 4.108
1634061840 29.43 61.46 626 4.103
1634061900 29.41 61.46 554 4.103
1634061960 29.5 61.63 361 4.098
1634062020 29.51 60.81 325 4.103
1634062080 29.61 61.31 307 4.098
1634062140 29.69 61.22 301 4.108
1634062200 29.68 60.58 290 4.119
1634062260 29.61 60.44 284 4.119
1634062320 29.68 60.51 278 4.125
1634062380 29.44 60.63 278 4.125
1634062440 29.38 61.32 278 4.125
1634062500 29.35 61.4 272 4.125
1634062560 29.45 61.59 265 4.119
1634062620 29.34 61.73 271 4.114
1634062680 29.2 62.12 271 4.108
1634062740 29.2 62.04 283 4.108
1634062800 29.17 62 313 4.108
1634062860 29.28 61.87 331 4.103
1634062920 29.21 61.85 337 4.108
1634062980 29.14 62.14 331 4.103
1634063040 29.12 62.32 353 4.092
1634063100 29.23 62.63 409 4.098
1634063160 29.28 62.34 349 4.092
1634063220 29.31 62.14 337 4.098
1634063280 29.31 62.45 283 4.098
1634063340 29.16 62.66 251 4.098
1634063400 29.04 62.99 251 4.098
1634063460 29.14 62.69 295 4.098
1634063520 29.03 62.69 317 4.092
1634063580 28.96 63.07 329 4.092
1634063640 29.1 63.08 329 4.092
1634063700 29.24 62.9 341 4.092
1634063760 29.18 63.28 311 4.092
1634063820 28.97 63.33 281 4.092
1634063880 28.8 63.81 269 4.092
1634063940 28.73 63.88 263 4.092
1634064000 28.63 64.24 263 4.092
1634064060 28.41 65.13 257 4.087
1634064120 28.34 65.39 257 4.092
1634064180 28.19 65.34 257 4.087
1634064240 28.1 66.05 257 4.087
1634064300 28.04 65.83 251 4.087
1634064360 28.02 65.25 245 4.087
1634064420 27.87 65.77 239 4.087
1634064480 27.94 66.13 233 4.087
1634064540 28.07 65.94 227 4.092
1634064600 28.19 65.66 221 4.087
1634064660 28.16 65.73 215 4.087
1634064720 28.04 65.77 209 4.087
1634064780 27.91 66.32 203 4.087
1634064840 27.77 66.8 197 4.092
1634064900 27.81 66.94 197 4.092
1634064960 27.84 66.57 198 4.098
1634065020 27.74 66.92 198 4.098
1634065080 27.68 67.11 198 4.098
1634065140 27.58 67.89 204 4.098
1634065200 27.37 67.84 210 4.103
1634065260 27.37 68.45 216 4.103
1634065320 27.47 68 222 4.108
1634065380 27.58 67.87 228 4.108
1634065440 27.68 67.59 234 4.108
1634065500 27.57 67.83 240 4.114
1634065560 27.7 67.73 246 4.114
1634065620 27.76 67.55 246 4.119
1634065680 27.81 67.05 246 4.114
1634065740 27.7 67.24 246 4.114
1634065800 27.54 67.17 246 4.119
1634065860 27.61 67.08 252 4.119
1634065920 27.78 67.02 252 4.125
1634065980 27.85 66.96 254 4.125
1634066040 27.77 66.84 254 4.125
1634066100 27.58 67.42 254 4.125
1634066160 27.41 68.14 248 4.13
1634066220 27.51 67.47 242 4.13
1634066280 27.56 66.9 236 4.13
1634066340 27.56 66.96 230 4.13
1634066400 27.63 66.54 230 4.13
1634066460 27.72 66.31 230 4.13
1634066520 27.87 65.99 230 4.13
1634066580 27.78 66.13 230 4.135
1634066640 27.85 65.81 230 4.135
1634066700 27.94 65.49 224 4.135
1634066760 27.95 65.36 218 4.135
1634066820 27.95 65.18 212 4.135
1634066880 27.85 65.4 200 4.135
1634066940 27.7 65.48 194 4.135
1634067000 27.53 66.26 182 4.135
1634067060 27.53 65.94 176 4.135
1634067120 27.5 66.18 170 4.135
1634067180 27.39 66.75 164 4.135
1634067240 27.32 67.12 162 4.135
1634067300 27.22 67.12 170 4.135
1634067360 27.23 67.27 170 4.135
1634067420 27.2 66.92 182 4.135
1634067480 27.25 67.36 188 4.141
1634067540 27.19 66.57 194 4.135
1634067600 27.16 67.1 200 4.135
1634067660 27.16 66.61 194 4.135
1634067720 27.23 66.79 188 4.141
1634067780 27.29 66.59 182 4.141
1634067840 27.13 66.47 176 4.141
1634067900 27.02 67.28 176 4.141
1634067960 27.06 67.26 176 4.141
1634068020 27.16 67.19 182 4.141
1634068080 27.13 67.43 188 4.146
1634068140 27.29 67.4 194 4.141
1634068200 27.46 67.37 200 4.146
1634068260 27.64 66.36 206 4.146
1634068320 27.76 65.68 206 4.146
1634068380 27.67 65.34 212 4.146
1634068440 27.76 65.69 224 4.146
1634068500 27.84 64.91 224 4.151
1634068560 27.9 64.69 231 4.151
1634068620 27.98 64.45 231 4.157
1634068680 28.12 64.53 237 4.157
1634068740 28.26 64.17 243 4.157
1634068800 28.38 63.99 249 4.162
1634068860 28.32 63.79 256 4.162
1634068920 28.41 64.14 262 4.167
1634068980 28.51 63.89 269 4.167
1634069040 28.56 63.5 275 4.173
1634069100 28.55 63.55 292 4.157
1634069160 28.56 63.57 262 4.151
1634069220 28.61 63.49 286 4.151
1634069280 28.63 63.84 377 4.146
1634069340 28.66 63.49 674 4.141
1634069400 28.74 63.48 432 4.141
1634069460 28.93 62.93 388 4.141
1634069520 29.03 62.7 686 4.141
1634069580 29.13 62.4 382 4.13
1634069640 29.25 62.03 492 4.135
1634069700 29.25 62.3 278 4.135
1634069760 29.17 62.37 272 4.135
1634069820 29.27 62.65 382 4.13
1634069880 29.38 62.34 376 4.13
1634069940 29.41 61.91 242 4.13
1634070000 29.35 61.77 212 4.13
1634070060 29.18 62.14 206 4.13
1634070120 29.17 62.35 212 4.13
1634070180 29.04 62.67 218 4.125
1634070240 29.17 62.67 230 4.135
1634070300 29.27 62.63 230 4.141
1634070360 29.28 62.63 236 4.141
1634070420 29.31 62.46 236 4.146
1634070480 29.3 61.93 236 4.146
1634070540 29.17 63.27 231 4.151
1634070600 29.09 62.86 224 4.151
1634070660 29.16 62.95 218 4.157
1634070720 29.25 62.78 225 4.157
1634070780 29.2 63.11 219 4.157
1634070840 29.21 62.87 207 4.157
1634070900 29.16 62.93 188 4.157
1634070960 29 63.12 170 4.157
1634071020 28.89 63.39 158 4.157
1634071080 28.79 63.89 152 4.157
1634071140 28.87 63.77 146 4.146
1634071200 28.82 63.73 146 4.151
1634071260 28.84 63.78 146 4.151
1634071320 28.73 63.9 140 4.151
1634071380 28.61 64.54 140 4.151
1634071440 28.63 64.51 134 4.151
1634071500 28.62 64.78 128 4.151
1634071560 28.65 64.97 128 4.151
1634071620 28.63 64.84 134 4.151
1634071680 28.72 64.78 134 4.151
1634071740 28.66 64.69 134 4.151
1634071800 28.45 65.34 134 4.151
1634071860 28.45 65.34 134 4.151
1634071920 28.36 65.61 128 4.151
1634071980 28.26 65.83 128 4.157
1634072040 28.15 66.26 128 4.146
1634072100 28.23 66.32 128 4.146
1634072160 28.26 66.06 128 4.151
1634072220 28.25 66.27 128 4.151
1634072280 28.22 66.32 128 4.151
1634072340 28.14 66.45 121 4.151
1634072400 28.04 66.45 128 4.151
1634072460 27.97 67.02 128 4.151
1634072520 28.02 66.75 121 4.151
1634072580 28.05 66.71 115 4.151
1634072640 28.07 66.79 108 4.151
1634072700 28.11 66.47 102 4.151
1634072760 28.15 66.57 102 4.151
1634072820 28.14 66.57 96 4.146
1634072880 28.14 66.81 96 4.146
1634072940 28.01 67.15 90 4.141
1634073000 28.02 67.36 90 4.141
1634073060 28.1 67.34 84 4.141
1634073120 28.05 67.12 84 4.141
1634073180 28 67.81 84 4.141
1634073240 27.94 67.55 84 4.141
1634073300 27.91 68.08 78 4.141
1634073360 27.84 68.33 78 4.141
1634073420 27.9 68.27 78 4.141
1634073480 27.87 68.4 78 4.141
1634073540 27.88 68.39 84 4.141
1634073600 27.8 68.61 78 4.135
1634073660 27.78 68.86 78 4.141
1634073720 27.8 68.67 72 4.135
1634073780 27.78 68.76 72 4.135
1634073840 27.78 68.99 72 4.13
1634073900 27.81 68.86 66 4.135
1634073960 27.84 68.77 66 4.13
1634074020 27.8 68.96 60 4.135
1634074080 27.77 69.08 54 4.13
1634074140 27.74 69.23 54 4.13
1634074200 27.72 69.13 54 4.135
1634074260 27.76 69.11 54 4.135
1634074320 27.58 69.43 48 4.13
1634074380 27.57 69.56 48 4.13
1634074440 27.56 69.37 48 4.13
1634074500 27.51 69.68 54 4.13
1634074560 27.47 69.61 48 4.13
1634074620 27.53 69.68 48 4.13
1634074680 27.49 69.94 48 4.13
1634074740 27.44 70.29 48 4.125
1634074800 27.44 70.48 48 4.125
1634074860 27.41 70.84 48 4.125
1634074920 27.4 70.7 48 4.125
1634074980 27.36 70.52 48 4.125
1634075040 27.29 70.69 48 4.125
1634075100 27.33 70.76 48 4.125
1634075160 27.26 70.21 42 4.125
1634075220 27.26 70.71 42 4.125
1634075280 27.23 70.46 42 4.125
1634075340 27.19 70.52 42 4.125
1634075400 27.16 70.53 48 4.125
1634075460 27.14 70.67 48 4.119
1634075520 27.2 70.62 42 4.125
1634075580 27.22 70.54 42 4.125
1634075640 27.29 70.39 36 4.119
1634075700 27.27 69.94 30 4.119
1634075760 27.27 70.09 30 4.119
1634075820 27.2 69.81 30 4.119
1634075880 27.17 70.2 30 4.119
1634075940 27.17 70.31 30 4.119
1634076000 27.09 70.31 36 4.119
1634076060 27.13 70.68 36 4.119
1634076120 27.16 70.52 36 4.119
1634076180 27.19 70.51 36 4.119
1634076240 27.25 70.54 36 4.119
1634076300 27.26 70.37 36 4.119
1634076360 27.29 70.3 36 4.119
1634076420 27.29 70.16 30 4.119
1634076480 27.32 70.12 30 4.119
1634076540 27.36 70.13 30 4.114
1634076600 27.33 70.07 30 4.114
1634076660 27.33 69.95 30 4.114
1634076720 27.25 70.26 30 4.114
1634076780 27.26 70.2 30 4.114
1634076840 27.17 70.67 30 4.114
1634076900 27.1 70.7 30 4.114
1634076960 27.16 70.87 30 4.114
1634077020 27.17 70.64 30 4.114
1634077080 27.17 70.79 24 4.114
1634077140 27.07 70.77 24 4.114
1634077200 27.03 71.08 18 4.114
1634077260 26.92 71.56 18 4.114
1634077320 26.78 71.56 18 4.108
1634077380 26.79 71.92 18 4.114
1634077440 26.71 72.2 12 4.108
1634077500 26.74 72.01 12 4.108
1634077560 26.65 72.02 12 4.108
1634077620 26.58 72.56 12 4.108
1634077680 26.46 72.77 12 4.114
1634077740 26.44 73.02 12 4.108
1634077800 26.48 72.89 12 4.108
1634077860 26.42 72.93 6 4.108
1634077920 26.37 73.32 6 4.108
1634077980 26.32 73.51 6 4.108
1634078040 26.24 73.78 6 4.108
1634078100 26.14 73.85 6 4.108
1634078160 26.11 74.36 6 4.108
1634078220 26.21 74.13 6 4.108
1634078280 26.15 74.45 6 4.114
1634078340 26.24 74.39 0 4.103
1634078400 26.21 74.02 0 4.103
1634078460 26.14 74.36 0 4.103
1634078520 26.27 74.2 0 4.103
1634078580 26.27 74.03 0 4.103
1634078640 26.28 74.02 0 4.103
1634078700 26.21 74.22 0 4.103
1634078760 26.08 74.83 0 4.103
1634078820 26.05 75.14 0 4.103
1634078880 26.01 75.25 0 4.103
1634078940 26.03 75.27 0 4.103
1634079000 26.08 75.22 0 4.103
1634079060 26.07 75.29 0 4.103
1634079120 26.07 75.25 0 4.103
1634079180 26.13 75.24 0 4.103
1634079240 26.14 75.06 0 4.098
1634079300 26.15 75.05 0 4.098
1634079360 26.18 75.17 0 4.098
1634079420 26.15 74.97 0 4.103
1634079480 26.14 75.27 0 4.098
1634079540 26.23 75.28 0 4.098
1634079600 26.21 75.07 0 4.103
1634079660 26.17 75 0 4.098
1634079720 26.17 75.43 0 4.103
1634079780 26.13 75.26 0 4.103
1634079840 26.07 75.29 0 4.103
1634079900 26.14 75.2 0 4.103
1634079960 26.07 75.32 0 4.098
1634080020 26.03 75.62 0 4.103
1634080080 26.08 75.65 0 4.098
1634080140 26.11 75.24 0 4.092
1634080200 26.11 75.47 0 4.098
1634080260 26.14 75.34 0 4.098
1634080320 26.13 75.61 0 4.098
1634080380 26.13 75.28 0 4.092
1634080440 26.08 75.8 0 4.098
1634080500 26.11 75.75 0 4.098
1634080560 26.14 75.72 0 4.098
1634080620 26.15 75.62 0 4.098
1634080680 26.18 75.39 0 4.098
1634080740 26.15 74.96 0 4.098
1634080800 26.23 75.31 0 4.098
1634080860 26.24 75.22 0 4.098
1634080920 26.23 75.28 0 4.098
1634080980 26.28 74.67 0 4.098
1634081040 26.24 74.75 0 4.087
1634081100 26.24 74.82 0 4.092
1634081160 26.15 74.45 0 4.092
1634081220 26.2 74.55 0 4.092
1634081280 26.15 74.58 0 4.092
1634081340 26.23 74.59 0 4.092
1634081400 26.21 74.36 0 4.092
1634081460 26.21 74.87 0 4.092
1634081520 26.08 74.65 0 4.092
1634081580 26.01 75.53 0 4.092
1634081640 25.95 75.8 0 4.092
1634081700 26.08 75.5 0 4.092
1634081760 26.07 75.49 0 4.092
1634081820 26.03 75.75 0 4.092
1634081880 26 76.05 0 4.092
1634081940 25.93 76.37 0 4.087
1634082000 25.84 76.88 0 4.092
1634082060 25.76 77.2 0 4.092
1634082120 25.74 77.22 0 4.092
1634082180 25.69 77.51 0 4.092
1634082240 25.66 77.7 0 4.087
1634082300 25.64 77.95 0 4.092
1634082360 25.56 78.07 0 4.092
1634082420 25.54 78.18 0 4.087
1634082480 25.5 78.4 0 4.087
1634082540 25.49 78.46 0 4.087
1634082600 25.47 78.63 0 4.092
1634082660 25.46 78.62 0 4.092
1634082720 25.42 78.89 0 4.087
1634082780 25.49 78.57 0 4.092
1634082840 25.43 78.71 0 4.087
1634082900 25.39 78.98 0 4.087
1634082960 25.44 79.24 0 4.087
1634083020 25.42 78.94 0 4.087
1634083080 25.42 79.06 0 4.087
1634083140 25.36 79.12 0 4.087
1634083200 25.3 79.27 0 4.087
1634083260 25.33 79.51 0 4.087
1634083320 25.32 79.36 0 4.087
1634083380 25.3 79.54 0 4.087
1634083440 25.29 79.39 0 4.087
1634083500 25.36 79.21 0 4.087
1634083560 25.37 78.97 0 4.087
1634083620 25.37 78.87 0 4.087
1634083680 25.29 79.07 0 4.087
1634083740 25.29 79.18 0 4.082
1634083800 25.26 79.4 0 4.082
1634083860 25.25 79.33 0 4.087
1634083920 25.16 79.19 0 4.082
1634083980 25.16 79.15 0 4.087
1634084040 25.11 79.43 0 4.082
1634084100 25.12 79.26 0 4.082
1634084160 25.08 79.46 0 4.087
1634084220 25.08 79.78 0 4.082
1634084280 25.06 79.39 0 4.087
1634084340 25.02 79.56 0 4.082
1634084400 25.02 79.74 0 4.082
1634084460 25.04 79.54 0 4.082
1634084520 25.01 79.56 0 4.082
1634084580 25.04 79.39 0 4.087
1634084640 25.08 79.21 0 4.082
1634084700 25.12 79.07 0 4.082
1634084760 25.11 79.17 0 4.082
1634084820 25.19 78.75 0 4.082
1634084880 25.22 78.73 0 4.082
1634084940 25.18 79 0 4.082
1634085000 25.15 79.01 0 4.082
1634085060 25.22 78.78 0 4.082
1634085120 25.19 78.96 0 4.082
1634085180 25.18 79.07 0 4.082
1634085240 25.23 78.88 0 4.082
1634085300 25.22 78.92 0 4.082
1634085360 25.3 78.54 0 4.082
1634085420 25.28 78.42 0 4.082
1634085480 25.36 78.31 0 4.082
1634085540 25.42 77.99 0 4.076
1634085600 25.39 78.17 0 4.076
1634085660 25.46 77.31 0 4.082
1634085720 25.57 76.86 0 4.082
1634085780 25.54 77.41 0 4.082
1634085840 25.62 77.49 0 4.082
1634085900 25.6 77.53 0 4.082
1634085960 25.52 77.64 0 4.076
1634086020 25.57 77.69 0 4.076
1634086080 25.57 77.59 0 4.082
1634086140 25.57 77.7 0 4.082
1634086200 25.46 77.9 0 4.076
1634086260 25.44 77.86 0 4.076
1634086320 25.49 77.97 0 4.076
1634086380 25.49 77.85 0 4.076
1634086440 25.43 78.1 0 4.071
1634086500 25.46 77.53 0 4.076
1634086560 25.57 77.28 0 4.076
1634086620 25.54 77.7 0 4.076
1634086680 25.52 77.95 0 4.076
1634086740 25.57 77.43 0 4.076
1634086800 25.53 77.27 0 4.076
1634086860 25.62 76.91 0 4.076
1634086920 25.63 77.26 0 4.076
1634086980 25.63 77.07 0 4.076
1634087040 25.64 76.62 0 4.076
1634087100 25.67 76.84 0 4.076
1634087160 25.67 77.04 0 4.076
1634087220 25.66 76.49 0 4.076
1634087280 25.63 76.73 0 4.076
1634087340 25.64 76.36 0 4.071
1634087400 25.64 77.29 0 4.071
1634087460 25.56 77.46 0 4.076
1634087520 25.46 77.7 0 4.071
1634087580 25.47 77.51 0 4.076
1634087640 25.49 76.89 0 4.076
1634087700 25.49 77.01 0 4.076
1634087760 25.49 77.01 0 4.071
1634087820 25.46 76.95 0 4.076
1634087880 25.46 76.91 0 4.071
1634087940 25.46 76.84 0 4.076
1634088000 25.44 77.16 0 4.076
1634088060 25.43 77.14 0 4.076
1634088120 25.37 77.55 0 4.076
1634088180 25.37 77.35 0 4.076
1634088240 25.32 77.38 0 4.071
1634088300 25.33 77.47 0 4.071
1634088360 25.37 77.4 0 4.071
1634088420 25.32 78.3 0 4.071
1634088480 25.26 78.76 0 4.071
1634088540 25.19 79.18 0 4.071
1634088600 25.15 79.29 0 4.071
1634088660 25.12 79.5 0 4.071
1634088720 25.05 79.49 0 4.071
1634088780 24.99 79.68 0 4.071
1634088840 24.96 79.85 0 4.071
1634088900 24.96 79.72 0 4.071
1634088960 24.91 79.71 0 4.071
1634089020 24.88 79.66 0 4.071
1634089080 24.82 79.89 0 4.071
1634089140 24.78 80.11 0 4.065
1634089200 24.75 80.22 0 4.065
1634089260 24.71 80.13 0 4.065
1634089320 24.7 80.24 0 4.065
1634089380 24.74 80.24 0 4.065
1634089440 24.67 79.76 0 4.071
1634089500 24.68 79.9 0 4.071
1634089560 24.75 79.53 0 4.065
1634089620 24.75 79.72 0 4.071
1634089680 24.67 80.03 0 4.071
1634089740 24.61 80.37 0 4.071
1634089800 24.54 80.47 0 4.065
1634089860 24.54 80.47 0 4.071
1634089920 24.5 80.74 0 4.071
1634089980 24.48 80.9 0 4.071
1634090040 24.55 80.46 0 4.065
1634090100 24.61 80.09 0 4.065
1634090160 24.61 79.79 0 4.065
1634090220 24.67 79.58 0 4.065
1634090280 24.75 79.4 0 4.065
1634090340 24.77 79.77 0 4.065
1634090400 24.72 79.8 0 4.065
1634090460 24.67 80.05 0 4.065
1634090520 24.67 80.1 0 4.071
1634090580 24.7 79.76 0 4.065
1634090640 24.65 80.17 0 4.065
1634090700 24.61 80.54 0 4.065
1634090760 24.68 79.74 0 4.065
1634090820 24.85 78.46 0 4.065
1634090880 24.98 78.37 0 4.065
1634090940 25.02 78.18 0 4.06
1634091000 25.04 78.28 0 4.065
1634091060 25.06 78.14 0 4.06
1634091120 25.13 77.67 0 4.065
1634091180 25.15 77.84 0 4.065
1634091240 25.16 77.74 0 4.065
1634091300 25.21 77.81 0 4.065
1634091360 25.22 77.57 0 4.065
1634091420 25.21 77.94 0 4.065
1634091480 25.21 78.08 0 4.06
1634091540 25.23 78.1 0 4.065
1634091600 25.25 78.35 0 4.065
1634091660 25.18 78.55 0 4.065
1634091720 25.18 78.43 0 4.065
1634091780 25.16 78.24 0 4.065
1634091840 25.12 79.22 0 4.06
1634091900 25.15 79.02 0 4.06
1634091960 25.04 79.88 0 4.06
1634092020 24.89 80.43 0 4.06
1634092080 24.79 80.89 0 4.06
1634092140 24.77 80.54 0 4.06
1634092200 24.77 80.68 0 4.065
1634092260 24.74 80.3 0 4.065
1634092320 24.82 79.8 0 4.06
1634092380 24.79 80.11 0 4.06
1634092440 24.95 80 0 4.06
1634092500 24.93 80.54 0 4.06
1634092560 24.91 80.45 0 4.065
1634092620 24.93 80.26 0 4.06
1634092680 24.92 80.21 0 4.06
1634092740 24.96 80.33 0 4.055
1634092800 25.02 80.24 0 4.06
1634092860 25.02 80.51 0 4.06
1634092920 24.93 80.7 0 4.06
1634092980 24.99 80 0 4.06
1634093040 24.99 80.14 0 4.06
1634093100 24.99 80.31 0 4.06
1634093160 24.91 80.16 0 4.06
1634093220 24.82 80.69 0 4.06
1634093280 24.79 80.92 0 4.055
1634093340 24.72 81.15 0 4.06
1634093400 24.68 80.6 0 4.06
1634093460 24.7 80.59 0 4.06
1634093520 24.74 80.16 0 4.06
1634093580 24.77 79.84 0 4.055
1634093640 24.79 80.06 0 4.055
1634093700 24.88 79.01 0 4.055
1634093760 24.92 78.96 0 4.055
1634093820 24.95 79.96 0 4.055
1634093880 24.92 80.04 0 4.055
1634093940 24.89 80.59 0 4.055
1634094000 24.83 80.45 0 4.06
1634094060 24.88 80.15 0 4.06
1634094120 24.89 79.87 0 4.06
1634094180 24.89 79.97 0 4.055
1634094240 24.89 80.17 0 4.06
1634094300 24.88 80.22 0 4.055
1634094360 24.82 80.13 0 4.055
1634094420 24.79 80.23 0 4.055
1634094480 24.85 79.44 0 4.055
1634094540 24.88 80.09 0 4.055
1634094600 24.88 79.79 0 4.055
1634094660 24.88 79.78 0 4.055
1634094720 24.86 79.81 0 4.055
1634094780 24.83 80.29 0 4.055
1634094840 24.72 80.9 0 4.055
1634094900 24.64 81.31 0 4.055
1634094960 24.58 81.56 0 4.055
1634095020 24.54 81.74 0 4.055
1634095080 24.48 81.95 0 4.055
1634095140 24.48 82.02 0 4.055
1634095200 24.41 82.18 0 4.055
1634095260 24.41 82.21 0 4.055
1634095320 24.32 82.31 0 4.055
1634095380 24.31 82.41 0 4.055
1634095440 24.31 82.55 0 4.049
1634095500 24.27 82.49 0 4.049
1634095560 24.24 82.25 0 4.049
1634095620 24.23 82.14 0 4.055
1634095680 24.2 81.89 0 4.049
1634095740 24.19 81.69 0 4.055
1634095800 24.2 81.11 0 4.055
1634095860 24.2 80.94 0 4.055
1634095920 24.17 80.51 0 4.055
1634095980 24.19 80.14 0 4.055
1634096040 24.21 79.58 0 4.055
1634096100 24.23 79.16 0 4.055
1634096160 24.23 78.78 0 4.055
1634096220 24.26 78.54 0 4.049
1634096280 24.23 78.41 0 4.049
1634096340 24.23 78.46 0 4.049
1634096400 24.26 78.25 0 4.049
1634096460 24.26 78.21 0 4.049
1634096520 24.27 78.12 0 4.049
1634096580 24.26 78.03 0 4.049
1634096640 24.27 78.11 0 4.049
1634096700 24.26 77.97 0 4.049
1634096760 24.26 78 0 4.049
1634096820 24.27 78.02 0 4.049
1634096880 24.27 77.98 0 4.049
1634096940 24.28 77.99 0 4.049
1634097000 24.3 77.86 0 4.049
1634097060 24.27 78.51 0 4.049
1634097120 24.24 79.16 0 4.049
1634097180 24.19 79.63 0 4.049
1634097240 24.16 79.91 0 4.044
1634097300 24.14 79.96 0 4.049
1634097360 24.11 80.02 0 4.049
1634097420 24.07 79.99 0 4.049
1634097480 24.1 79.82 0 4.049
1634097540 24.07 79.96 0 4.049
1634097600 24.09 79.94 0 4.049
1634097660 24.1 79.82 0 4.044
1634097720 24.09 79.52 0 4.049
1634097780 24.06 79.1 0 4.049
1634097840 24.07 79.01 0 4.049
1634097900 24.07 79.08 0 4.049
1634097960 24.07 79.2 0 4.049
1634098020 24.09 79.13 0 4.049
1634098080 24.07 79.04 0 4.049
1634098140 24.07 79.02 0 4.044
1634098200 24.06 79.03 0 4.044
1634098260 24.07 79.27 0 4.044
1634098320 24.07 79.29 0 4.044
1634098380 24.07 79.41 0 4.049
1634098440 24.09 79.24 0 4.044
1634098500 24.07 79.21 0 4.044
1634098560 24.09 79.39 0 4.044
1634098620 24.09 79.48 0 4.044
1634098680 24.11 79.64 0 4.044
1634098740 24.14 79.62 0 4.044
1634098800 24.17 80.02 0 4.044
1634098860 24.17 80.22 0 4.044
1634098920 24.14 80.25 0 4.044
1634098980 24.17 80.01 0 4.044
1634099040 24.16 79.57 0 4.039
1634099100 24.14 79.19 0 4.044
1634099160 24.11 79.01 0 4.044
1634099220 24.14 78.98 0 4.049
1634099280 24.1 79.01 0 4.044
1634099340 24.07 79.06 0 4.044
1634099400 24.07 79.35 0 4.044
1634099460 24.04 79.68 0 4.044
1634099520 24.03 80.07 0 4.044
1634099580 24.03 80.65 0 4.044
1634099640 23.96 81.74 0 4.044
1634099700 23.89 81.93 0 4.044
1634099760 23.75 82.4 0 4.044
1634099820 23.66 82.76 0 4.044
1634099880 23.59 83.27 0 4.044
1634099940 23.49 83.76 0 4.039
1634100000 23.33 84.07 0 4.039
1634100060 23.26 84.75 0 4.039
1634100120 23.25 85.07 0 4.044
1634100180 23.17 85.47 0 4.039
1634100240 23.07 85.87 0 4.044
1634100300 22.98 86.43 0 4.039
1634100360 22.93 86.93 0 4.044
1634100420 22.87 87.41 0 4.044
1634100480 22.85 87.57 0 4.039
1634100540 22.81 87.54 0 4.039
1634100600 22.81 87.58 0 4.044
1634100660 22.83 87.95 0 4.044
1634100720 22.81 88.02 0 4.039
1634100780 22.78 88.35 0 4.039
1634100840 22.79 88.76 0 4.039
1634100900 22.77 88.31 0 4.039
1634100960 22.78 88.25 0 4.039
1634101020 22.79 87.81 0 4.039
1634101080 22.78 87.86 0 4.039
1634101140 22.77 87.93 0 4.039
