1634619600 22.89 86.22 0 4.125
1634619660 22.9 86.22 0 4.125
1634619720 22.89 86.24 0 4.125
1634619780 22.88 86.35 0 4.125
1634619840 22.82 86.34 0 4.125
1634619900 22.78 86.35 0 4.125
1634619960 22.78 86.39 0 4.125
1634620020 22.76 86.36 0 4.125
1634620080 22.75 86.37 0 4.125
1634620140 22.76 86.38 0 4.125
1634620200 22.73 86.35 0 4.125
1634620260 22.72 86.26 0 4.119
1634620320 22.72 86.18 0 4.125
1634620380 22.7 86.18 0 4.125
1634620440 22.7 86.14 0 4.125
1634620500 22.72 86.03 0 4.119
1634620560 22.72 85.98 0 4.119
1634620620 22.72 85.95 0 4.119
1634620680 22.69 85.85 0 4.119
1634620740 22.68 85.81 0 4.119
1634620800 22.66 85.78 0 4.119
1634620860 22.63 85.77 0 4.119
1634620920 22.59 85.74 0 4.125
1634620980 22.59 85.75 0 4.119
1634621040 22.59 85.78 0 4.119
1634621100 22.58 85.72 0 4.119
1634621160 22.58 85.67 0 4.119
1634621220 22.61 85.63 0 4.119
1634621280 22.58 85.54 0 4.119
1634621340 22.56 85.39 0 4.125
1634621400 22.59 85.22 0 4.125
1634621460 22.62 85.16 0 4.119
1634621520 22.61 85.07 0 4.119
1634621580 22.63 84.98 0 4.119
1634621640 22.66 84.93 0 4.125
1634621700 22.63 84.79 0 4.119
1634621760 22.65 84.77 0 4.119
1634621820 22.65 84.71 0 4.119
1634621880 22.65 84.61 0 4.119
1634621940 22.65 84.5 0 4.125
1634622000 22.65 84.39 0 4.119
1634622060 22.66 84.26 0 4.119
1634622120 22.68 84.17 0 4.119
1634622180 22.69 84.01 0 4.119
1634622240 22.7 83.97 0 4.125
1634622300 22.7 83.85 0 4.125
1634622360 22.7 83.74 0 4.119
1634622420 22.72 83.61 0 4.119
1634622480 22.72 83.59 0 4.125
1634622540 22.7 83.54 0 4.119
1634622600 22.7 83.58 0 4.119
1634622660 22.68 83.6 0 4.125
1634622720 22.66 83.57 0 4.125
1634622780 22.66 83.58 0 4.119
1634622840 22.65 83.48 0 4.119
1634622900 22.63 83.43 0 4.125
1634622960 22.61 83.42 0 4.119
1634623020 22.62 83.47 0 4.119
1634623080 22.63 83.47 0 4.119
1634623140 22.61 83.49 0 4.119
1634623200 22.62 83.5 0 4.125
1634623260 22.59 83.54 0 4.119
1634623320 22.61 83.52 0 4.119
1634623380 22.59 83.52 0 4.125
1634623440 22.62 83.51 0 4.119
1634623500 22.61 83.46 0 4.119
1634623560 22.61 83.49 0 4.119
1634623620 22.61 83.5 0 4.119
1634623680 22.56 83.55 0 4.119
1634623740 22.58 83.58 0 4.119
1634623800 22.54 83.58 0 4.119
1634623860 22.52 83.63 0 4.119
1634623920 22.52 83.64 0 4.119
1634623980 22.49 83.71 0 4.119
1634624040 22.51 83.7 0 4.119
1634624100 22.49 83.72 0 4.119
1634624160 22.51 83.75 0 4.119
1634624220 22.51 83.77 0 4.119
1634624280 22.54 83.75 0 4.119
1634624340 22.56 83.68 0 4.119
1634624400 22.54 83.63 0 4.119
1634624460 22.59 83.66 0 4.119
1634624520 22.61 83.6 0 4.119
1634624580 22.61 83.58 0 4.119
1634624640 22.61 83.52 0 4.119
1634624700 22.63 83.55 0 4.119
1634624760 22.63 83.52 0 4.119
1634624820 22.62 83.55 0 4.119
1634624880 22.63 83.55 0 4.119
1634624940 22.63 83.6 0 4.119
1634625000 22.68 83.64 0 4.119
1634625060 22.66 83.63 0 4.119
1634625120 22.68 83.68 0 4.119
1634625180 22.68 83.69 0 4.119
1634625240 22.7 83.66 0 4.119
1634625300 22.69 83.69 0 4.119
1634625360 22.68 83.68 0 4.119
1634625420 22.7 83.68 0 4.119
1634625480 22.69 83.66 0 4.119
1634625540 22.69 83.64 0 4.119
1634625600 22.7 83.63 0 4.119
1634625660 22.69 83.62 0 4.119
1634625720 22.7 83.62 0 4.119
1634625780 22.68 83.56 0 4.119
1634625840 22.68 83.46 0 4.119
1634625900 22.68 83.25 0 4.119
1634625960 22.69 83.12 0 4.114
1634626020 22.7 82.97 0 4.119
1634626080 22.7 82.83 0 4.119
1634626140 22.72 82.68 0 4.119
1634626200 22.73 82.57 0 4.119
1634626260 22.7 82.45 0 4.119
1634626320 22.73 82.35 0 4.119
1634626380 22.73 82.26 0 4.119
1634626440 22.78 82.17 0 4.119
1634626500 22.78 82.13 0 4.119
1634626560 22.79 82.17 0 4.119
1634626620 22.78 82.16 0 4.119
1634626680 22.76 82.2 0 4.125
1634626740 22.75 82.1 0 4.119
1634626800 22.75 81.99 0 4.119
1634626860 22.76 81.85 0 4.119
1634626920 22.76 81.85 0 4.119
1634626980 22.76 81.77 0 4.119
1634627040 22.73 81.7 0 4.119
1634627100 22.76 81.64 0 4.119
1634627160 22.72 81.56 0 4.119
1634627220 22.73 81.51 0 4.119
1634627280 22.72 81.5 0 4.119
1634627340 22.72 81.5 0 4.119
1634627400 22.72 81.52 0 4.119
1634627460 22.69 81.56 0 4.119
1634627520 22.66 81.58 0 4.119
1634627580 22.62 81.62 0 4.119
1634627640 22.59 81.66 0 4.119
1634627700 22.61 81.76 0 4.119
1634627760 22.56 81.81 0 4.119
1634627820 22.55 81.89 0 4.119
1634627880 22.49 81.95 0 4.114
1634627940 22.46 81.98 0 4.119
1634628000 22.44 82.1 0 4.119
1634628060 22.41 82.19 0 4.119
1634628120 22.39 82.32 0 4.119
1634628180 22.44 82.64 0 4.119
1634628240 22.41 82.95 0 4.119
1634628300 22.45 83.41 0 4.119
1634628360 22.46 83.95 0 4.114
1634628420 22.42 84.41 0 4.119
1634628480 22.38 84.75 0 4.114
1634628540 22.36 85.11 0 4.119
1634628600 22.27 85.35 0 4.119
1634628660 22.35 85.68 0 4.114
1634628720 22.35 86 0 4.119
1634628780 22.35 86.28 0 4.119
1634628840 22.36 86.6 0 4.119
1634628900 22.35 86.85 0 4.119
1634628960 22.32 87.14 0 4.114
1634629020 22.28 87.39 0 4.119
1634629080 22.27 87.65 0 4.119
1634629140 22.27 87.87 0 4.119
1634629200 22.24 88.1 0 4.119
1634629260 22.21 88.28 0 4.119
1634629320 22.22 88.47 0 4.119
1634629380 22.22 88.6 0 4.119
1634629440 22.25 88.73 0 4.119
1634629500 22.21 88.93 0 4.119
1634629560 22.22 89.04 0 4.114
1634629620 22.21 89.19 0 4.114
1634629680 22.22 89.3 0 4.114
1634629740 22.19 89.41 0 4.119
1634629800 22.21 89.53 0 4.119
1634629860 22.18 89.58 0 4.119
1634629920 22.14 89.68 0 4.114
1634629980 22.14 89.72 0 4.119
1634630040 22.15 89.8 0 4.119
1634630100 22.15 89.85 0 4.119
1634630160 22.18 89.89 0 4.119
1634630220 22.16 89.95 0 4.114
1634630280 22.19 89.98 0 4.119
1634630340 22.19 90.02 0 4.114
1634630400 22.16 90.06 0 4.114
1634630460 22.14 89.94 0 4.114
1634630520 22.08 89.78 0 4.114
1634630580 22.14 89.65 0 4.114
1634630640 22.15 89.5 0 4.114
1634630700 22.15 89.36 0 4.119
1634630760 22.18 89.29 0 4.114
1634630820 22.18 89.23 0 4.119
1634630880 22.14 89.18 0 4.119
1634630940 22.1 89.1 0 4.119
1634631000 22.05 88.96 0 4.119
1634631060 22.03 88.81 0 4.114
1634631120 22.01 88.66 0 4.119
1634631180 22.04 88.63 0 4.114
1634631240 22.04 88.55 0 4.119
1634631300 22.01 88.54 0 4.119
1634631360 22 88.51 0 4.114
1634631420 21.98 88.5 0 4.119
1634631480 21.9 88.38 0 4.114
1634631540 21.93 88.35 0 4.114
1634631600 21.95 88.34 0 4.119
1634631660 21.91 88.35 0 4.114
1634631720 21.9 88.32 0 4.114
1634631780 21.85 88.22 0 4.119
1634631840 21.85 88.19 0 4.114
1634631900 21.84 88.11 0 4.114
1634631960 21.84 88.11 0 4.114
1634632020 21.8 88.06 0 4.114
1634632080 21.76 88.05 0 4.114
1634632140 21.73 88.03 0 4.119
1634632200 21.73 88.07 0 4.114
1634632260 21.68 88.07 0 4.108
1634632320 21.65 88.05 0 4.114
1634632380 21.63 88.08 0 4.114
1634632440 21.65 88.1 0 4.114
1634632500 21.63 88.09 0 4.114
1634632560 21.64 88.12 0 4.114
1634632620 21.63 88.16 0 4.114
1634632680 21.6 88.11 0 4.114
1634632740 21.61 88.08 0 4.114
1634632800 21.6 88.11 0 4.114
1634632860 21.61 88.14 0 4.114
1634632920 21.57 88.13 0 4.114
1634632980 21.6 88.16 0 4.114
1634633040 21.58 88.18 0 4.114
1634633100 21.57 88.17 0 4.114
1634633160 21.57 88.19 0 4.114
1634633220 21.54 88.18 0 4.114
1634633280 21.56 88.17 0 4.114
1634633340 21.56 88.22 0 4.114
1634633400 21.54 88.24 0 4.114
1634633460 21.53 88.22 0 4.114
1634633520 21.49 88.19 0 4.114
1634633580 21.49 88.19 0 4.114
1634633640 21.46 88.13 0 4.114
1634633700 21.44 88.13 0 4.114
1634633760 21.43 88.07 0 4.114
1634633820 21.44 87.96 0 4.114
1634633880 21.43 87.96 0 4.114
1634633940 21.39 87.88 0 4.114
1634634000 21.39 87.84 0 4.114
1634634060 21.37 87.75 0 4.103
1634634120 21.34 87.63 0 4.114
1634634180 21.33 87.66 0 4.114
1634634240 21.33 87.63 0 4.114
1634634300 21.3 87.58 0 4.114
1634634360 21.29 87.51 0 4.114
1634634420 21.28 87.54 0 4.114
1634634480 21.2 87.43 0 4.114
1634634540 21.22 87.25 0 4.114
1634634600 21.23 87.07 0 4.114
1634634660 21.28 86.96 0 4.114
1634634720 21.23 86.85 0 4.114
1634634780 21.28 86.77 0 4.114
1634634840 21.28 86.71 0 4.114
1634634900 21.29 86.65 0 4.114
1634635020 21.26 86.57 0 4.108
1634635080 21.26 86.5 0 4.114
1634635140 21.23 86.41 0 4.108
1634635200 21.25 86.36 0 4.108
1634635260 21.26 86.35 0 4.114
1634635320 21.25 86.35 0 4.114
1634635380 21.29 86.38 0 4.114
1634635440 21.28 86.37 0 4.114
1634635500 21.29 86.45 0 4.114
1634635560 21.29 86.51 0 4.114
1634635620 21.26 86.5 0 4.114
1634635680 21.25 86.49 0 4.114
1634635740 21.26 86.52 0 4.114
1634635800 21.23 86.5 0 4.114
1634635860 21.2 86.49 0 4.114
1634635920 21.2 86.43 0 4.108
1634635980 21.16 86.36 0 4.114
1634636040 21.19 86.39 0 4.114
1634636100 21.14 86.4 0 4.114
1634636160 21.14 86.43 0 4.108
1634636220 21.13 86.41 0 4.114
1634636280 21.12 86.39 0 4.114
1634636340 21.09 86.37 0 4.114
1634636400 21.12 86.39 0 4.114
1634636460 21.09 86.36 0 4.114
1634636520 21.1 86.38 0 4.114
1634636580 21.1 86.38 0 4.114
1634636640 21.07 86.37 0 4.114
1634636700 21.03 86.21 0 4.114
1634636760 21.02 85.91 0 4.114
1634636820 21.05 85.73 0 4.108
1634636880 21.07 85.58 0 4.108
1634636940 21.09 85.39 0 4.114
1634637000 21.09 85.17 0 4.108
1634637060 21.09 85.04 0 4.108
1634637120 21.06 84.93 0 4.114
1634637180 21.05 84.8 0 4.108
1634637240 21.06 84.76 0 4.114
1634637300 21.02 84.66 0 4.114
1634637360 20.99 84.58 0 4.114
1634637420 20.99 84.54 0 4.114
1634637480 20.96 84.47 0 4.114
1634637540 20.98 84.42 0 4.114
1634637600 20.95 84.42 0 4.114
1634637660 20.9 84.34 0 4.114
1634637720 20.9 84.22 0 4.108
1634637780 20.92 84.1 0 4.108
1634637840 20.92 84.01 0 4.114
1634637900 20.9 83.94 0 4.114
1634637960 20.9 83.87 0 4.114
1634638020 20.9 83.79 0 4.114
1634638080 20.89 83.72 0 4.114
1634638140 20.88 83.7 0 4.114
1634638200 20.88 83.62 0 4.108
1634638260 20.89 83.5 0 4.108
1634638320 20.89 83.44 0 4.114
1634638380 20.88 83.33 0 4.114
1634638440 20.89 83.23 0 4.108
1634638500 20.89 83.14 0 4.108
1634638560 20.85 83.05 0 4.114
1634638620 20.9 83.17 0 4.108
1634638680 20.9 83.16 0 4.108
1634638740 20.92 83.21 0 4.108
1634638800 20.89 83.3 0 4.108
1634638860 20.83 83.26 0 4.114
1634638920 20.89 83.32 0 4.108
1634638980 20.88 83.36 0 4.114
1634639040 20.85 83.4 0 4.114
1634639100 20.83 83.41 0 4.114
1634639160 20.82 83.39 0 4.114
1634639220 20.78 83.35 0 4.114
1634639280 20.78 83.27 0 4.114
1634639340 20.79 83.3 0 4.114
1634639400 20.78 83.36 0 4.114
1634639460 20.79 83.38 0 4.114
1634639520 20.78 83.51 0 4.108
1634639580 20.72 83.56 0 4.114
1634639640 20.71 83.55 0 4.108
1634639700 20.69 83.59 0 4.108
1634639760 20.65 83.56 0 4.108
1634639820 20.64 83.45 0 4.108
1634639880 20.69 83.42 0 4.114
1634639940 20.71 83.46 0 4.114
1634640000 20.69 83.48 6 4.108
1634640060 20.68 83.57 0 4.108
1634640120 20.68 83.54 0 4.114
1634640180 20.68 83.57 0 4.114
1634640240 20.65 83.62 0 4.114
1634640300 20.65 83.59 6 4.108
1634640360 20.67 83.65 6 4.108
1634640420 20.65 83.72 6 4.108
1634640480 20.67 83.73 6 4.108
1634640540 20.68 83.82 6 4.114
1634640600 20.64 83.89 6 4.114
1634640660 20.67 83.93 6 4.114
1634640720 20.65 83.93 6 4.114
1634640780 20.65 83.94 6 4.108
1634640840 20.67 83.95 6 4.114
1634640900 20.68 83.97 6 4.108
1634640960 20.68 83.96 6 4.108
1634641020 20.69 83.9 6 4.114
1634641080 20.74 83.9 6 4.108
1634641140 20.71 83.9 6 4.108
1634641200 20.74 83.9 6 4.108
1634641260 20.75 83.88 6 4.108
1634641320 20.74 83.91 6 4.108
1634641380 20.75 84.01 12 4.108
1634641440 20.75 84 6 4.108
1634641500 20.74 84.01 12 4.108
1634641560 20.74 83.93 12 4.108
1634641620 20.77 83.92 12 4.108
1634641680 20.71 83.79 12 4.108
1634641740 20.77 83.65 12 4.108
1634641800 20.78 83.53 12 4.108
1634641860 20.81 83.38 12 4.108
1634641920 20.83 83.3 12 4.114
1634641980 20.83 83.24 12 4.114
1634642040 20.85 83.07 12 4.114
1634642100 20.86 82.96 12 4.108
1634642160 20.92 82.83 12 4.108
1634642220 20.92 82.73 12 4.108
1634642280 20.95 82.68 12 4.108
1634642340 20.96 82.65 12 4.108
1634642400 20.96 82.67 18 4.108
1634642460 20.95 82.67 24 4.108
1634642520 20.98 82.68 30 4.108
1634642580 20.98 82.7 30 4.108
1634642640 20.99 82.68 30 4.108
1634642700 21 82.66 36 4.108
1634642760 21.05 82.6 30 4.108
1634642820 21.09 82.58 36 4.108
1634642880 21.12 82.55 36 4.108
1634642940 21.18 82.55 36 4.108
1634643000 21.25 82.54 36 4.114
1634643060 21.23 82.6 36 4.108
1634643120 21.3 82.57 42 4.108
1634643180 21.34 82.52 42 4.108
1634643240 21.4 82.51 36 4.108
1634643300 21.4 82.45 42 4.108
1634643360 21.4 82.34 42 4.108
1634643420 21.46 82.31 42 4.114
1634643480 21.5 82.27 42 4.108
1634643540 21.57 82.36 42 4.108
1634643600 21.56 82.3 42 4.114
1634643660 21.58 82.19 48 4.108
1634643720 21.64 82.11 48 4.114
1634643780 21.67 82.22 48 4.108
1634643840 21.7 82.21 48 4.114
1634643900 21.7 82.25 48 4.114
1634643960 21.68 82.28 48 4.108
1634644020 21.7 82.32 48 4.108
1634644080 21.68 82.42 54 4.108
1634644140 21.65 82.48 54 4.114
1634644200 21.67 82.48 54 4.114
1634644260 21.71 82.48 54 4.108
1634644320 21.8 82.57 54 4.114
1634644380 21.77 82.53 54 4.108
1634644440 21.81 82.58 60 4.114
1634644500 21.84 82.63 54 4.108
1634644560 21.85 82.54 60 4.114
1634644620 21.9 82.58 60 4.114
1634644680 21.93 82.58 60 4.108
1634644740 21.95 82.52 60 4.114
1634644800 22 82.53 60 4.114
1634644860 22.1 82.53 60 4.108
1634644920 22.1 82.5 60 4.114
1634644980 22.15 82.46 60 4.114
1634645040 22.18 82.45 66 4.114
1634645100 22.19 82.45 66 4.108
1634645160 22.27 82.52 66 4.114
1634645220 22.34 82.52 66 4.108
1634645280 22.38 82.48 66 4.114
1634645340 22.48 82.55 66 4.114
1634645400 22.52 82.6 72 4.114
1634645460 22.59 82.63 72 4.114
1634645520 22.68 82.62 72 4.114
1634645580 22.75 82.58 72 4.114
1634645640 22.8 82.57 72 4.114
1634645700 22.85 82.46 72 4.114
1634645760 22.83 82.52 72 4.114
1634645820 22.8 82.54 72 4.114
1634645880 22.88 82.55 72 4.114
1634645940 22.89 82.62 72 4.114
1634646000 22.93 82.55 72 4.114
1634646060 22.99 82.51 72 4.108
1634646120 23.02 82.39 78 4.114
1634646180 23.05 82.27 78 4.114
1634646240 23.09 82.15 78 4.114
1634646300 23.13 82.02 78 4.108
1634646360 23.17 81.96 78 4.114
1634646420 23.17 81.82 78 4.114
1634646480 23.19 81.68 78 4.114
1634646540 23.19 81.54 78 4.114
1634646600 23.27 81.5 78 4.114
1634646660 23.3 81.43 78 4.114
1634646720 23.36 81.31 78 4.114
1634646780 23.41 81.28 78 4.114
1634646840 23.53 81.2 78 4.114
1634646900 23.49 80.91 78 4.114
1634646960 23.5 80.58 78 4.114
1634647020 23.57 80.36 78 4.114
1634647080 23.64 80.29 78 4.114
1634647140 23.75 80.15 78 4.114
1634647200 23.8 80.06 78 4.114
1634647260 23.8 79.93 78 4.114
1634647320 23.82 79.81 78 4.114
1634647380 23.87 79.7 78 4.114
1634647440 23.84 79.41 78 4.108
1634647500 23.91 79.36 78 4.114
1634647560 23.95 79.19 84 4.114
1634647620 24 79.12 78 4.114
1634647680 24.04 79.03 84 4.114
1634647740 23.98 78.82 84 4.114
1634647800 24.01 78.6 84 4.114
1634647860 24.12 78.44 84 4.114
1634647920 24.18 78.25 84 4.114
1634647980 24.22 78.2 84 4.114
1634648040 24.23 77.97 84 4.114
1634648100 24.22 77.68 84 4.114
1634648160 24.18 77.36 84 4.114
1634648220 24.28 77.11 90 4.114
1634648280 24.26 76.94 84 4.114
1634648340 24.31 76.87 84 4.114
1634648400 24.31 76.79 84 4.114
1634648460 24.28 76.55 84 4.114
1634648520 24.26 76.45 90 4.114
1634648580 24.26 76.41 90 4.114
1634648640 24.31 76.36 96 4.114
1634648700 24.32 76.33 90 4.114
1634648760 24.33 76.2 90 4.114
1634648820 24.42 76.18 90 4.114
1634648880 24.46 76.02 90 4.114
1634648940 24.52 75.98 90 4.114
1634649000 24.62 75.87 90 4.114
1634649060 24.65 75.64 90 4.114
1634649120 24.69 75.5 90 4.114
1634649180 24.66 75.33 90 4.114
1634649240 24.7 75.23 90 4.114
1634649300 24.8 75.08 90 4.114
1634649360 24.91 74.98 90 4.119
1634649420 24.91 74.95 90 4.114
1634649480 24.96 74.97 90 4.114
1634649540 25 74.97 90 4.114
1634649600 25.02 74.92 90 4.114
1634649660 25.06 75 90 4.114
1634649720 25.09 74.94 90 4.114
1634649780 25.12 74.99 96 4.114
1634649840 25.14 75 96 4.114
1634649900 25.17 74.81 90 4.114
1634649960 25.27 74.8 96 4.114
1634650020 25.3 74.68 96 4.119
1634650080 25.37 74.5 96 4.114
1634650140 25.38 74.29 96 4.114
1634650200 25.41 74.18 96 4.114
1634650260 25.47 74.16 96 4.114
1634650320 25.49 74.01 96 4.114
1634650380 25.56 73.94 96 4.114
1634650440 25.67 73.89 102 4.114
1634650500 25.72 73.74 108 4.114
1634650560 25.79 73.66 120 4.114
1634650620 25.79 73.38 120 4.114
1634650680 25.75 73.15 120 4.114
1634650740 25.74 73.02 120 4.119
1634650800 25.78 72.91 120 4.119
1634650860 25.85 72.81 120 4.114
1634650920 25.96 72.72 114 4.119
1634650980 26.11 72.54 114 4.114
1634651040 26.06 72.27 216 4.114
1634651100 26.14 71.98 240 4.114
1634651160 26.16 71.67 156 4.119
1634651220 26.23 71.46 144 4.119
1634651280 26.28 71.22 114 4.114
1634651340 26.18 70.91 138 4.119
1634651400 26.28 70.92 284 4.114
1634651460 26.29 70.65 417 4.119
1634651520 26.38 70.53 501 4.119
1634651580 26.46 70.32 629 4.119
1634651640 26.49 69.94 549 4.114
1634651700 26.6 69.85 204 4.119
1634651760 26.79 69.6 144 4.119
1634651820 26.83 69.36 138 4.119
1634651880 26.76 69.06 114 4.119
1634651940 26.7 68.83 102 4.119
1634652000 26.73 68.75 102 4.119
1634652060 26.56 68.57 102 4.114
1634652120 26.46 68.46 102 4.119
1634652180 26.4 68.46 102 4.119
1634652240 26.44 68.43 102 4.119
1634652300 26.54 68.52 102 4.114
1634652360 26.69 68.53 108 4.114
1634652420 26.74 68.43 126 4.119
1634652480 26.73 68.29 108 4.114
1634652540 26.8 68.26 108 4.114
1634652600 26.89 67.99 102 4.119
1634652660 26.8 67.72 102 4.114
1634652720 26.8 67.5 102 4.119
1634652780 26.76 67.13 102 4.119
1634652840 26.57 66.82 102 4.114
1634652900 26.57 66.64 102 4.114
1634652960 26.62 66.55 108 4.114
1634653020 26.47 66.33 102 4.114
1634653080 26.54 66.24 102 4.119
1634653140 26.66 66.18 102 4.119
1634653200 26.77 66.23 102 4.119
1634653260 26.89 66.22 102 4.119
1634653320 26.9 66.03 102 4.119
1634653380 26.9 65.85 114 4.119
1634653440 26.91 65.59 114 4.119
1634653500 26.9 65.53 114 4.114
1634653560 26.91 65.49 102 4.114
1634653620 26.94 65.47 108 4.114
1634653680 26.96 65.31 108 4.119
1634653740 26.89 65.05 120 4.119
1634653800 26.89 64.87 114 4.119
1634653860 27.03 64.65 120 4.119
1634653920 27.11 64.5 132 4.119
1634653980 27.15 64.34 120 4.119
1634654040 27.18 63.9 126 4.119
1634654100 27.08 63.27 114 4.119
1634654160 27.07 62.98 114 4.119
1634654220 27.1 62.96 120 4.119
1634654280 27.1 62.9 114 4.114
1634654340 27.21 62.95 114 4.119
1634654400 27.4 63.03 108 4.119
1634654460 27.44 62.88 108 4.119
1634654520 27.54 62.76 120 4.114
1634654580 27.62 62.65 150 4.119
1634654640 27.59 62.45 150 4.119
1634654700 27.58 62.26 126 4.119
1634654760 27.56 62.12 132 4.119
1634654820 27.47 61.99 144 4.119
1634654880 27.44 61.84 162 4.119
1634654940 27.54 61.81 216 4.119
1634655000 27.64 61.66 240 4.119
1634655060 27.75 61.67 180 4.119
1634655120 27.82 61.77 156 4.119
1634655180 27.84 61.7 132 4.114
1634655240 27.96 61.73 120 4.119
1634655300 28.05 61.77 126 4.119
1634655360 28.13 61.7 138 4.119
1634655420 28.27 61.58 138 4.119
1634655480 28.2 61.41 126 4.119
1634655540 28.27 61.22 150 4.119
1634655600 28.32 61.06 222 4.119
1634655660 28.39 60.93 186 4.119
1634655720 28.51 60.84 126 4.119
1634655780 28.61 60.76 132 4.114
1634655840 28.43 60.52 126 4.119
1634655900 28.45 60.46 126 4.119
1634655960 28.67 60.4 126 4.119
1634656020 28.67 60.24 126 4.119
1634656080 28.73 60.12 132 4.119
1634656140 28.89 59.93 132 4.119
1634656200 28.97 59.68 144 4.119
1634656260 29.07 59.39 162 4.119
1634656320 29.11 59.23 138 4.119
1634656380 29.14 59.02 144 4.119
1634656440 29.18 58.81 216 4.119
1634656500 28.91 58.33 234 4.119
1634656560 28.97 58.08 234 4.119
1634656620 28.9 57.65 308 4.119
1634656680 29 57.36 234 4.119
1634656740 29.08 57.11 144 4.119
1634656800 29.15 56.97 168 4.119
1634656860 29.17 56.77 180 4.119
1634656920 29.15 56.61 162 4.119
1634656980 29.14 56.27 162 4.119
1634657040 29.14 55.94 150 4.119
1634657100 29.17 55.59 138 4.119
1634657160 29.12 55.39 126 4.119
1634657220 29.22 55.31 144 4.119
1634657280 29.32 55.22 132 4.119
1634657340 29.42 55.11 138 4.119
1634657400 29.47 55.12 138 4.119
1634657460 29.51 54.91 132 4.119
1634657520 29.31 54.48 120 4.119
1634657580 29.32 54.37 120 4.119
1634657640 29.41 54.24 120 4.119
1634657700 29.59 54.1 120 4.119
1634657760 29.61 53.95 174 4.119
1634657820 29.77 53.83 144 4.119
1634657880 29.86 53.7 150 4.125
1634657940 29.96 53.62 138 4.119
1634658000 30.02 53.4 186 4.119
1634658060 29.93 53.15 399 4.119
1634658120 29.89 52.95 290 4.119
1634658180 29.83 52.82 465 4.125
1634658240 29.71 52.59 356 4.119
1634658300 29.71 52.45 156 4.125
1634658360 29.65 52.4 162 4.125
1634658420 29.83 52.27 290 4.119
1634658480 29.83 52.11 501 4.119
1634658540 30.05 52.06 472 4.125
1634658600 30.16 52.05 563 4.119
1634658660 30.1 51.89 332 4.125
1634658720 29.93 51.9 162 4.125
1634658780 29.73 51.9 150 4.125
1634658840 29.65 51.88 290 4.119
1634658900 29.76 51.81 150 4.119
1634658960 29.89 51.76 168 4.125
1634659020 29.87 51.6 265 4.125
1634659080 29.87 51.55 302 4.125
1634659140 29.96 51.51 236 4.125
1634659200 30.22 51.6 218 4.125
1634659260 30.34 51.49 186 4.119
1634659320 30.33 51.4 180 4.119
1634659380 30.3 51.45 204 4.114
1634659440 30.3 51.35 192 4.119
1634659500 30.26 51.35 222 4.119
1634659560 30.41 51.2 314 4.114
1634659620 30.4 51.16 374 4.119
1634659680 30.5 51.01 1108 4.119
1634659740 30.6 50.91 932 4.119
1634659800 30.6 50.81 1096 4.119
1634659860 30.88 50.91 1106 4.119
1634659920 30.77 50.71 1132 4.114
1634659980 31.07 50.84 1088 4.114
1634660040 31.32 50.79 1117 4.119
1634660100 31.61 50.6 1156 4.114
1634660160 31.68 50.52 1106 4.114
1634660220 32 50.45 947 4.135
1634660280 32.2 50.15 284 4.119
1634660340 31.75 49.84 222 4.114
1634660400 31.56 49.69 240 4.114
1634660460 31.43 49.56 362 4.114
1634660520 30.94 49.53 1118 4.119
1634660580 30.82 49.66 1136 4.114
1634660640 31.22 49.75 1106 4.114
1634660700 31.51 49.76 701 4.114
1634660760 31.58 49.83 277 4.114
1634660820 31.59 49.92 246 4.119
1634660880 31.52 50.02 252 4.119
1634660940 31.45 50.05 338 4.114
1634661000 31.38 49.98 1094 4.119
1634661060 31.26 50.16 1215 4.114
1634661120 31.51 50.09 1185 4.114
1634661180 31.72 50.05 1167 4.114
1634661240 31.7 50 1173 4.114
1634661300 31.66 50.08 1203 4.119
1634661360 31.87 50.36 621 4.114
1634661420 32.06 50.54 252 4.114
1634661480 32.06 50.85 222 4.114
1634661540 31.76 51.35 222 4.114
1634661600 31.55 51.77 240 4.114
1634661660 31.11 52.17 537 4.114
1634661720 31.09 52.62 441 4.114
1634661780 31.21 53 737 4.114
1634661840 31.28 53.36 942 4.114
1634661900 31.21 53.62 1167 4.114
1634661960 31.14 53.78 1173 4.114
1634662020 31.29 54.06 332 4.125
1634662080 31.08 54.21 283 4.114
1634662140 31.02 54.45 301 4.114
1634662200 31.08 54.61 489 4.119
1634662260 30.87 54.82 399 4.114
1634662320 30.75 55.14 265 4.114
1634662380 30.79 55.43 417 4.114
1634662440 30.84 55.53 960 4.114
1634662500 30.58 55.59 1082 4.114
1634662560 30.61 55.7 234 4.114
1634662620 30.51 55.78 591 4.114
1634662680 30.44 55.94 505 4.114
1634662740 30.24 56.19 301 4.114
1634662800 30.2 56.44 1046 4.114
1634662860 30.09 56.7 609 4.114
1634662920 30.09 56.9 558 4.13
1634662980 30.19 57.17 387 4.114
1634663040 30.22 57.32 356 4.114
1634663100 30.26 57.38 361 4.114
1634663160 30.23 57.44 405 4.114
1634663220 30.13 57.53 325 4.114
1634663280 30.03 57.63 350 4.114
1634663340 29.93 57.86 972 4.114
1634663400 29.76 58.01 888 4.108
1634663460 29.98 58.14 368 4.114
1634663520 30.34 58.3 319 4.114
1634663580 30.38 58.35 301 4.114
1634663640 30.31 58.37 519 4.114
1634663700 29.95 58.41 1094 4.114
1634663760 29.99 58.53 1094 4.114
1634663820 30.12 58.62 1106 4.141
1634663880 30.22 58.61 344 4.119
1634663940 30.41 58.62 301 4.114
1634664000 30.53 58.52 252 4.114
1634664060 30.4 58.39 210 4.114
1634664120 30.3 58.26 186 4.114
1634664180 30.03 58.25 180 4.114
1634664240 29.79 58.22 192 4.114
1634664300 29.53 58.28 204 4.114
1634664360 29.39 58.36 198 4.114
1634664420 29.26 58.54 180 4.114
1634664480 29.21 58.7 180 4.114
1634664540 29.05 58.81 350 4.114
1634664600 28.96 58.93 216 4.108
1634664660 28.97 59.26 204 4.114
1634664720 29.05 59.49 168 4.114
1634664780 29.05 59.73 156 4.119
1634664840 28.97 59.97 156 4.119
1634664900 28.91 60.11 156 4.119
1634664960 28.71 60.45 168 4.119
1634665020 28.73 60.62 174 4.119
1634665080 28.63 60.85 186 4.119
1634665140 28.49 61.13 210 4.119
1634665200 28.51 61.24 259 4.125
1634665260 28.37 61.57 301 4.114
1634665320 28.45 61.89 234 4.114
1634665380 28.51 62 216 4.114
1634665440 28.61 62.07 222 4.114
1634665500 28.64 62.18 228 4.114
1634665560 28.54 62.29 246 4.114
1634665620 28.56 62.33 259 4.125
1634665680 28.54 62.52 254 4.125
1634665740 28.47 62.64 272 4.119
1634665800 28.47 62.81 260 4.125
1634665860 28.59 62.98 224 4.119
1634665920 28.66 62.95 198 4.119
1634665980 28.57 63.12 210 4.125
1634666040 28.67 63.21 242 4.125
1634666100 28.53 63.12 368 4.119
1634666160 28.47 63.07 326 4.114
1634666220 28.49 63.24 804 4.119
1634666280 28.67 63.32 914 4.114
1634666340 28.9 63.51 912 4.114
1634666400 29.18 63.38 944 4.119
1634666460 29.39 63.21 960 4.114
1634666520 29.62 62.97 673 4.125
1634666580 30.15 62.75 906 4.141
1634666640 30.1 62.57 999 4.141
1634666700 30.1 62.22 924 4.141
1634666760 30.07 61.97 980 4.146
1634666820 30.13 61.75 980 4.146
1634666880 30.34 61.57 962 4.146
1634666940 30.47 61.33 938 4.146
1634667000 30.67 60.96 883 4.146
1634667060 30.57 60.59 877 4.146
1634667120 30.73 60.41 515 4.125
1634667180 30.81 60.29 489 4.119
1634667240 30.88 60.02 719 4.119
1634667300 30.85 59.75 992 4.119
1634667360 31.14 59.39 956 4.119
1634667420 31.17 59.18 954 4.141
1634667480 31.19 59.07 900 4.141
1634667540 31.19 58.83 852 4.146
1634667600 31.18 58.6 900 4.146
1634667660 31.45 58.4 442 4.125
1634667720 31.18 58.07 344 4.125
1634667780 30.85 57.92 545 4.125
1634667840 30.54 57.81 643 4.125
1634667900 30.38 57.75 835 4.125
1634667960 30.47 57.91 581 4.119
1634668020 30.34 57.95 387 4.125
1634668080 30.6 58.04 477 4.125
1634668140 30.5 57.88 871 4.125
1634668200 30.58 57.86 823 4.119
1634668260 30.73 57.8 374 4.119
1634668320 30.68 57.88 465 4.119
1634668380 30.74 58.05 423 4.119
1634668440 30.63 58.11 956 4.125
1634668500 30.82 58.34 1058 4.119
1634668560 31.01 58.29 896 4.119
1634668620 31.19 58.17 326 4.119
1634668680 30.87 57.82 435 4.119
1634668740 30.56 57.81 399 4.119
1634668800 30.44 57.87 234 4.119
1634668860 30.09 57.8 519 4.119
1634668920 30.13 57.83 483 4.119
1634668980 30.03 57.88 581 4.119
1634669040 30.26 58.06 240 4.119
1634669100 30.3 58.15 228 4.119
1634669160 30.13 58.16 216 4.119
1634669220 29.72 58.29 198 4.119
1634669280 29.61 58.52 192 4.125
1634669340 29.39 58.83 192 4.125
1634669400 29.35 59.04 186 4.125
1634669460 29.35 59.09 192 4.125
1634669520 29.2 59.06 198 4.125
1634669580 29.17 59.08 210 4.13
1634669640 29.24 59.19 230 4.125
1634669700 29.11 59.43 248 4.13
1634669760 29.01 59.53 260 4.13
1634669820 29.1 59.58 272 4.13
1634669880 29 59.63 356 4.13
1634669940 29 59.63 320 4.125
1634670000 29.1 59.76 883 4.125
1634670060 29.17 59.91 871 4.125
1634670120 29.26 60.01 236 4.125
1634670180 29.48 60.12 198 4.125
1634670240 29.51 60.05 186 4.125
1634670300 29.55 59.98 192 4.125
1634670360 29.59 60.17 180 4.125
1634670420 29.61 60.29 180 4.13
1634670480 29.49 60.33 192 4.13
1634670540 29.39 60.3 200 4.13
1634670600 29.26 60.15 248 4.13
1634670660 29.18 60.11 230 4.13
1634670720 29.17 60.07 236 4.13
1634670780 29.17 60.16 242 4.13
1634670840 29.18 60.29 248 4.13
1634670900 29.24 60.43 248 4.13
1634670960 29.17 60.5 266 4.135
1634671020 29.1 60.67 649 4.119
1634671080 29.34 60.75 811 4.119
1634671140 29.48 60.82 513 4.119
1634671200 29.65 60.86 240 4.119
1634671260 29.83 60.84 216 4.125
1634671320 29.9 60.74 204 4.125
1634671380 29.75 60.62 192 4.119
1634671440 29.61 60.63 192 4.119
1634671500 29.53 60.65 180 4.119
1634671560 29.44 60.77 180 4.119
1634671620 29.24 60.84 192 4.119
1634671680 29.11 61.01 198 4.119
1634671740 29.01 61.14 228 4.119
1634671800 28.97 61.23 459 4.119
1634671860 28.97 61.31 599 4.119
1634671920 29.07 61.39 246 4.119
1634671980 29.14 61.28 234 4.119
1634672040 29.1 61.16 198 4.119
1634672100 29.07 61.17 168 4.119
1634672160 28.91 61.2 156 4.119
1634672220 28.82 61.3 168 4.119
1634672280 28.77 61.41 198 4.119
1634672340 28.7 61.54 387 4.119
1634672400 28.6 61.63 240 4.119
1634672460 28.63 61.73 272 4.119
1634672520 28.66 61.79 246 4.119
1634672580 28.7 61.93 265 4.119
1634672640 28.77 62.24 246 4.119
1634672700 28.8 62.3 240 4.119
1634672760 28.8 62.39 240 4.119
1634672820 28.87 62.47 713 4.119
1634672880 28.93 62.42 563 4.119
1634672940 28.98 62.36 701 4.119
1634673000 29.28 62.42 252 4.119
1634673060 29.48 62.33 222 4.119
1634673120 29.38 62.18 210 4.119
1634673180 29.28 62.18 471 4.119
1634673240 29.25 62.13 587 4.119
1634673300 29.28 62.07 216 4.119
1634673360 29.25 61.89 204 4.119
1634673420 29.17 61.83 393 4.119
1634673480 29.05 61.94 575 4.119
1634673540 29.21 61.92 641 4.114
1634673600 29.52 61.84 495 4.119
1634673660 29.71 61.75 507 4.119
1634673720 29.89 61.64 533 4.125
1634673780 29.99 61.43 246 4.125
1634673840 29.98 61.14 198 4.125
1634673900 29.76 60.84 186 4.125
1634673960 29.41 60.77 180 4.125
1634674020 29.39 60.73 174 4.125
1634674080 29.17 60.78 168 4.125
1634674140 29.04 60.88 204 4.125
1634674200 28.91 60.82 204 4.125
1634674260 28.86 60.7 545 4.13
1634674320 28.94 60.7 174 4.125
1634674380 28.9 60.8 162 4.125
1634674440 28.9 60.97 168 4.125
1634674500 28.84 61.15 230 4.13
1634674560 28.77 61.33 558 4.13
1634674620 28.7 61.55 515 4.13
1634674680 28.89 61.69 296 4.13
1634674740 28.81 61.83 180 4.125
1634674800 28.73 61.83 186 4.125
1634674860 28.78 61.79 278 4.13
1634674920 28.82 61.75 539 4.13
1634674980 28.9 61.79 545 4.135
1634675040 28.93 61.77 356 4.13
1634675100 28.94 61.91 508 4.13
1634675160 28.98 61.86 370 4.13
1634675220 29.02 61.85 254 4.125
1634675280 29.17 61.96 472 4.13
1634675340 29.08 61.9 406 4.13
1634675400 29.24 61.93 248 4.13
1634675460 29.41 61.82 278 4.13
1634675520 29.45 61.68 406 4.13
1634675580 29.41 61.58 388 4.13
1634675640 29.39 61.4 314 4.13
1634675700 29.31 61.31 194 4.13
1634675760 29.42 61.31 138 4.125
1634675820 29.48 61.17 138 4.125
1634675880 29.35 61.06 144 4.13
1634675940 29.34 61.12 150 4.13
1634676000 29.2 61.25 156 4.13
1634676060 29.07 61.42 188 4.13
1634676120 28.89 61.48 150 4.125
1634676180 28.9 61.68 162 4.13
1634676240 28.94 61.78 144 4.125
1634676300 28.77 61.87 156 4.13
1634676360 28.74 62.04 156 4.13
1634676420 28.8 62.19 156 4.125
1634676480 28.74 62.28 132 4.125
1634676540 28.6 62.36 132 4.125
1634676600 28.53 62.48 132 4.125
1634676660 28.59 62.61 132 4.125
1634676720 28.64 62.77 126 4.13
1634676780 28.56 62.88 120 4.125
1634676840 28.53 62.97 120 4.125
1634676900 28.47 63.04 120 4.125
1634676960 28.4 63.17 120 4.125
1634677020 28.47 63.42 120 4.125
1634677080 28.45 63.57 132 4.125
1634677140 28.39 63.79 144 4.13
1634677200 28.4 64.06 138 4.13
1634677260 28.33 64.17 138 4.13
1634677320 28.27 64.19 138 4.125
1634677380 28.33 64.26 132 4.125
1634677440 28.35 64.32 126 4.125
1634677500 28.39 64.36 126 4.125
1634677560 28.32 64.35 132 4.125
1634677620 28.32 64.36 132 4.125
1634677680 28.32 64.36 132 4.13
1634677740 28.33 64.51 132 4.13
1634677800 28.32 64.68 126 4.13
1634677860 28.32 64.76 120 4.125
1634677920 28.35 64.83 120 4.125
1634677980 28.33 64.89 126 4.125
1634678040 28.3 65.03 126 4.13
1634678100 28.2 65.07 126 4.13
1634678160 28.15 65.18 132 4.125
1634678220 28.18 65.25 138 4.125
1634678280 28.27 65.32 144 4.125
1634678340 28.19 65.29 144 4.125
1634678400 28.18 65.34 138 4.13
1634678460 28.16 65.44 138 4.13
1634678520 28.18 65.54 138 4.125
1634678580 28.2 65.6 132 4.13
1634678640 28.26 65.64 138 4.13
1634678700 28.3 65.59 138 4.13
1634678760 28.42 65.62 138 4.13
1634678820 28.42 65.56 138 4.13
1634678880 28.49 65.54 138 4.13
1634678940 28.54 65.53 138 4.125
1634679000 28.49 65.48 126 4.13
1634679060 28.45 65.34 126 4.125
1634679120 28.43 65.28 120 4.125
1634679180 28.45 65.26 114 4.125
1634679240 28.47 65.23 114 4.125
1634679300 28.42 65.21 114 4.125
1634679360 28.4 65.34 108 4.125
1634679420 28.37 65.45 102 4.13
1634679480 28.33 65.44 96 4.125
1634679540 28.35 65.39 90 4.125
1634679600 28.29 65.43 78 4.125
1634679660 28.2 65.49 78 4.125
1634679720 28.15 65.56 78 4.13
1634679780 28.05 65.6 78 4.125
1634679840 28 65.69 72 4.125
1634679900 27.94 65.72 60 4.125
1634679960 27.94 65.93 54 4.125
1634680020 27.86 66.06 48 4.119
1634680080 27.81 66.19 48 4.125
1634680140 27.72 66.3 42 4.125
1634680200 27.71 66.4 42 4.125
1634680260 27.65 66.48 42 4.125
1634680320 27.55 66.63 42 4.125
1634680380 27.47 66.85 42 4.125
1634680440 27.44 67.03 42 4.125
1634680500 27.45 67.14 48 4.125
1634680560 27.43 67.23 48 4.125
1634680620 27.35 67.38 54 4.125
1634680680 27.28 67.54 54 4.125
1634680740 27.17 67.67 54 4.125
1634680800 27.15 67.85 54 4.125
1634680860 27.05 68.11 54 4.125
1634680920 27.04 68.31 48 4.125
1634680980 27.01 68.49 42 4.125
1634681040 27 68.57 42 4.125
1634681100 26.97 68.68 36 4.125
1634681160 26.96 68.75 24 4.119
1634681220 26.93 68.89 24 4.125
1634681280 26.93 69.03 18 4.125
1634681340 26.93 69.14 18 4.125
1634681400 26.84 69.23 18 4.125
1634681460 26.82 69.33 18 4.125
1634681520 26.86 69.46 18 4.125
1634681580 26.74 69.56 18 4.125
1634681640 26.73 69.61 18 4.125
1634681700 26.7 69.76 18 4.119
1634681760 26.67 69.85 18 4.119
1634681820 26.66 69.96 18 4.119
1634681880 26.63 70.13 12 4.125
1634681940 26.59 70.25 12 4.125
1634682000 26.57 70.33 12 4.125
1634682060 26.56 70.48 6 4.125
1634682120 26.56 70.55 6 4.125
1634682180 26.5 70.62 12 4.125
1634682240 26.47 70.65 12 4.125
1634682300 26.47 70.74 12 4.125
1634682360 26.44 70.82 6 4.125
1634682420 26.42 70.83 6 4.125
1634682480 26.39 70.93 6 4.125
1634682540 26.4 71 6 4.125
1634682600 26.35 71.14 6 4.125
1634682660 26.33 71.21 0 4.125
1634682720 26.33 71.27 0 4.125
1634682780 26.33 71.36 0 4.125
1634682840 26.32 71.45 0 4.119
1634682900 26.33 71.57 0 4.125
1634682960 26.28 71.73 0 4.125
1634683020 26.28 71.84 0 4.125
1634683080 26.28 71.9 0 4.125
1634683140 26.28 72 0 4.125
1634683200 26.26 72.07 0 4.119
1634683260 26.23 72.17 0 4.125
1634683320 26.22 72.31 0 4.125
1634683380 26.19 72.33 0 4.125
1634683440 26.18 72.4 0 4.125
1634683500 26.15 72.47 0 4.125
1634683560 26.12 72.6 0 4.119
1634683620 26.15 72.69 0 4.125
1634683680 26.12 72.74 0 4.119
1634683740 26.09 72.93 0 4.125
1634683800 26.09 73.09 0 4.125
1634683860 26.02 73.2 0 4.119
1634683920 25.99 73.4 0 4.125
1634683980 26.02 73.58 0 4.119
1634684040 26.01 73.73 0 4.119
1634684100 25.99 73.83 0 4.125
1634684160 25.98 73.95 0 4.125
1634684220 25.95 74.04 0 4.119
1634684280 25.95 74.19 0 4.125
1634684340 25.92 74.28 0 4.125
1634684400 25.89 74.42 0 4.125
1634684460 25.89 74.55 0 4.119
1634684520 25.91 74.68 0 4.119
1634684580 25.92 74.81 0 4.119
1634684640 25.89 74.93 0 4.119
1634684700 25.82 75.09 0 4.119
1634684760 25.78 75.31 0 4.119
1634684820 25.78 75.45 0 4.119
1634684880 25.77 75.57 0 4.125
1634684940 25.78 75.63 0 4.119
1634685000 25.77 75.68 0 4.119
1634685060 25.77 75.75 0 4.125
1634685120 25.74 75.69 0 4.125
1634685180 25.74 75.7 0 4.119
1634685240 25.74 75.74 0 4.119
1634685300 25.71 75.78 0 4.119
1634685360 25.68 75.87 0 4.119
1634685420 25.65 75.88 0 4.119
1634685480 25.68 75.96 0 4.119
1634685540 25.68 75.94 0 4.119
1634685600 25.65 75.95 0 4.119
1634685660 25.65 75.97 0 4.119
1634685720 25.65 75.99 0 4.119
1634685780 25.67 76.04 0 4.125
1634685840 25.64 76.09 0 4.119
1634685900 25.58 76.19 0 4.119
1634685960 25.51 76.34 0 4.119
1634686020 25.45 76.36 0 4.119
1634686080 25.44 76.46 0 4.125
1634686140 25.47 76.59 0 4.125
1634686200 25.45 76.66 0 4.125
1634686260 25.45 76.71 0 4.119
1634686320 25.47 76.72 0 4.119
1634686380 25.45 76.72 0 4.119
1634686440 25.44 76.84 0 4.119
1634686500 25.45 76.93 0 4.125
1634686560 25.42 76.96 0 4.119
1634686620 25.41 77.09 0 4.125
1634686680 25.36 77.21 0 4.125
1634686740 25.31 77.32 0 4.119
1634686800 25.3 77.38 0 4.125
1634686860 25.28 77.44 0 4.125
1634686920 25.24 77.6 0 4.119
1634686980 25.27 77.61 0 4.119
1634687040 25.3 77.61 0 4.119
1634687100 25.3 77.66 0 4.119
1634687160 25.31 77.66 0 4.119
1634687220 25.26 77.74 0 4.119
1634687280 25.23 77.84 0 4.119
1634687340 25.17 77.95 0 4.119
1634687400 25.17 78.05 0 4.119
1634687460 25.14 78.17 0 4.119
1634687520 25.12 78.25 0 4.119
1634687580 25.06 78.38 0 4.119
1634687640 25 78.48 0 4.119
1634687700 25 78.57 0 4.119
1634687760 24.98 78.73 0 4.119
1634687820 24.91 78.84 0 4.119
1634687880 24.87 78.97 0 4.119
1634687940 24.86 79.06 0 4.119
1634688000 24.85 79.27 0 4.119
1634688060 24.79 79.37 0 4.119
1634688120 24.75 79.52 0 4.119
1634688180 24.72 79.76 0 4.119
1634688240 24.7 79.82 0 4.119
1634688300 24.7 79.89 0 4.119
1634688360 24.67 79.98 0 4.119
1634688420 24.69 80.02 0 4.119
1634688480 24.67 80.11 0 4.119
1634688540 24.66 80.19 0 4.119
1634688600 24.63 80.25 0 4.119
1634688660 24.63 80.39 0 4.119
1634688720 24.62 80.43 0 4.119
1634688780 24.59 80.48 0 4.119
1634688840 24.56 80.56 0 4.125
1634688900 24.58 80.57 0 4.119
1634688960 24.55 80.6 0 4.119
1634689020 24.56 80.7 0 4.119
1634689080 24.55 80.82 0 4.119
1634689140 24.51 80.79 0 4.119
1634689200 24.48 80.7 0 4.119
1634689260 24.48 80.55 0 4.119
1634689320 24.48 80.31 0 4.119
1634689380 24.49 80.12 0 4.119
1634689440 24.49 79.97 0 4.119
1634689500 24.52 79.81 0 4.119
1634689560 24.49 79.69 0 4.119
1634689620 24.48 79.53 0 4.119
1634689680 24.48 79.38 0 4.119
1634689740 24.46 79.28 0 4.119
1634689800 24.43 79.18 0 4.119
1634689860 24.4 79.05 0 4.119
1634689920 24.39 78.94 0 4.119
1634689980 24.33 78.78 0 4.119
1634690040 24.31 78.64 0 4.119
1634690100 24.25 78.59 0 4.119
1634690160 24.25 78.47 0 4.119
1634690220 24.25 78.45 0 4.119
1634690280 24.19 78.36 0 4.119
1634690340 24.15 78.32 0 4.119
1634690400 24.16 78.29 0 4.119
1634690460 24.14 78.2 0 4.119
1634690520 24.11 78.16 0 4.119
1634690580 24.11 78.22 0 4.119
1634690640 24.1 78.2 0 4.119
1634690700 24.08 78.16 0 4.119
1634690760 24.05 78.19 0 4.119
1634690820 24.04 78.2 0 4.119
1634690880 24.02 78.15 0 4.119
1634690940 24.02 78.15 0 4.119
1634691000 24.07 78.18 0 4.119
1634691060 24.05 78.19 0 4.119
1634691120 24.08 78.26 0 4.119
1634691180 24.05 78.22 0 4.119
1634691240 24.04 78.18 0 4.119
1634691300 24.02 78.1 0 4.119
1634691360 24.01 78.01 0 4.119
1634691420 24.01 77.93 0 4.119
1634691480 24 77.81 0 4.119
1634691540 24 77.76 0 4.119
1634691600 23.97 77.73 0 4.119
1634691660 23.95 77.74 0 4.119
1634691720 23.92 77.79 0 4.119
1634691780 23.91 77.77 0 4.119
1634691840 23.91 77.75 0 4.119
1634691900 23.87 77.8 0 4.119
1634691960 23.89 77.83 0 4.119
1634692020 23.85 77.88 0 4.119
1634692080 23.85 78.01 0 4.119
1634692140 23.84 78.1 0 4.119
1634692200 23.78 78.18 0 4.119
1634692260 23.8 78.23 0 4.119
1634692320 23.77 78.3 0 4.119
1634692380 23.75 78.33 0 4.119
1634692440 23.72 78.41 0 4.114
1634692500 23.72 78.42 0 4.114
1634692560 23.7 78.47 0 4.119
1634692620 23.68 78.55 0 4.119
1634692680 23.67 78.65 0 4.119
1634692740 23.65 78.76 0 4.119
1634692800 23.64 78.85 0 4.119
1634692860 23.63 79 0 4.119
1634692920 23.61 79.03 0 4.119
1634692980 23.6 79.11 0 4.114
1634693040 23.57 79.2 0 4.119
1634693100 23.53 79.31 0 4.119
1634693160 23.54 79.47 0 4.119
1634693220 23.51 79.54 0 4.119
1634693280 23.47 79.63 0 4.119
1634693340 23.47 79.6 0 4.119
1634693400 23.46 79.63 0 4.119
1634693460 23.47 79.71 0 4.119
1634693520 23.47 79.81 0 4.114
1634693580 23.46 79.78 0 4.119
1634693640 23.41 79.82 0 4.119
1634693700 23.41 79.89 0 4.119
1634693760 23.4 79.87 0 4.119
1634693820 23.4 79.84 0 4.119
1634693880 23.41 79.83 0 4.114
1634693940 23.39 79.78 0 4.119
1634694000 23.43 79.82 0 4.114
1634694060 23.4 79.89 0 4.119
1634694120 23.4 79.91 0 4.119
1634694180 23.34 79.95 0 4.119
1634694240 23.36 80.02 0 4.119
1634694300 23.33 80.1 0 4.119
1634694360 23.31 80.17 0 4.119
1634694420 23.3 80.18 0 4.119
1634694480 23.27 80.06 0 4.114
1634694540 23.27 80.04 0 4.114
1634694600 23.26 79.98 0 4.119
1634694660 23.29 79.87 0 4.119
1634694720 23.3 79.74 0 4.119
1634694780 23.34 79.58 0 4.119
1634694840 23.37 79.44 0 4.119
1634694900 23.37 79.24 0 4.114
1634694960 23.39 79.13 0 4.114
1634695020 23.4 79 0 4.114
1634695080 23.4 78.88 0 4.114
1634695140 23.39 78.8 0 4.119
1634695200 23.4 78.67 0 4.114
1634695260 23.37 78.51 0 4.119
1634695320 23.37 78.45 0 4.114
1634695380 23.36 78.34 0 4.114
1634695440 23.39 78.29 0 4.119
1634695500 23.36 78.21 0 4.114
1634695560 23.36 78.12 0 4.114
1634695620 23.37 78.06 0 4.114
1634695680 23.34 77.98 0 4.114
1634695740 23.33 77.93 0 4.114
1634695800 23.34 77.88 0 4.119
1634695860 23.36 77.89 0 4.114
1634695920 23.33 77.88 0 4.119
1634695980 23.36 77.89 0 4.119
1634696040 23.34 77.87 0 4.119
1634696100 23.33 77.83 0 4.119
1634696160 23.33 77.81 0 4.119
1634696220 23.31 77.82 0 4.114
1634696280 23.3 77.72 0 4.114
1634696340 23.37 77.75 0 4.114
1634696400 23.36 77.78 0 4.119
1634696460 23.34 77.74 0 4.114
1634696520 23.37 77.71 0 4.114
1634696580 23.34 77.68 0 4.114
1634696640 23.34 77.64 0 4.119
1634696700 23.34 77.59 0 4.114
1634696760 23.36 77.47 0 4.119
1634696820 23.34 77.36 0 4.114
1634696880 23.4 77.33 0 4.114
1634696940 23.39 77.3 0 4.119
1634697000 23.41 77.3 0 4.119
1634697060 23.41 77.22 0 4.114
1634697120 23.4 77.15 0 4.103
1634697180 23.4 77.04 0 4.114
1634697240 23.4 76.96 0 4.114
1634697300 23.43 76.91 0 4.114
1634697360 23.43 76.77 0 4.114
1634697420 23.44 76.64 0 4.114
1634697480 23.44 76.58 0 4.114
1634697540 23.46 76.47 0 4.114
1634697600 23.46 76.39 0 4.114
1634697660 23.49 76.32 0 4.114
1634697720 23.5 76.28 0 4.114
1634697780 23.51 76.21 0 4.119
1634697840 23.5 76.16 0 4.114
1634697900 23.49 76.06 0 4.114
1634697960 23.5 76.04 0 4.119
1634698020 23.5 76.06 0 4.114
1634698080 23.49 76.03 0 4.114
1634698140 23.47 75.94 0 4.114
1634698200 23.47 75.9 0 4.114
1634698260 23.49 75.86 0 4.114
1634698320 23.5 75.85 0 4.114
1634698380 23.49 75.86 0 4.114
1634698440 23.49 75.77 0 4.114
1634698500 23.49 75.69 0 4.114
1634698560 23.5 75.68 0 4.114
1634698620 23.5 75.66 0 4.114
1634698680 23.54 75.6 0 4.114
1634698740 23.51 75.57 0 4.114
1634698800 23.51 75.53 0 4.114
1634698860 23.51 75.51 0 4.114
1634698920 23.51 75.51 0 4.114
1634698980 23.51 75.48 0 4.114
1634699040 23.5 75.49 0 4.114
1634699100 23.53 75.5 0 4.114
1634699160 23.51 75.51 0 4.114
1634699220 23.5 75.53 0 4.114
1634699280 23.47 75.54 0 4.114
1634699340 23.47 75.49 0 4.114
1634699400 23.49 75.45 0 4.114
1634699460 23.46 75.49 0 4.114
1634699520 23.49 75.55 0 4.114
1634699580 23.46 75.56 0 4.114
1634699640 23.44 75.58 0 4.114
1634699700 23.43 75.62 0 4.114
1634699760 23.4 75.67 0 4.114
1634699820 23.4 75.69 0 4.114
1634699880 23.39 75.71 0 4.114
1634699940 23.36 75.8 0 4.114
1634700000 23.31 75.8 0 4.114
1634700060 23.31 75.89 0 4.114
1634700120 23.29 75.86 0 4.114
1634700180 23.33 75.92 0 4.114
1634700240 23.33 75.98 0 4.114
1634700300 23.31 76 0 4.114
1634700360 23.31 76.07 0 4.114
1634700420 23.3 76.1 0 4.114
1634700480 23.3 76.2 0 4.114
1634700540 23.27 76.2 0 4.114
1634700600 23.24 76.23 0 4.114
1634700660 23.26 76.26 0 4.114
1634700720 23.24 76.29 0 4.114
1634700780 23.23 76.35 0 4.114
1634700840 23.21 76.36 0 4.114
1634700900 23.2 76.34 0 4.114
1634700960 23.23 76.39 0 4.114
1634701020 23.23 76.39 0 4.114
1634701080 23.24 76.38 0 4.114
1634701140 23.24 76.42 0 4.114
1634701200 23.27 76.51 0 4.114
1634701260 23.26 76.55 0 4.114
1634701320 23.27 76.53 0 4.114
1634701380 23.24 76.55 0 4.114
1634701440 23.23 76.54 0 4.114
1634701500 23.24 76.53 0 4.114
1634701560 23.24 76.49 0 4.114
1634701620 23.23 76.55 0 4.114
1634701680 23.23 76.54 0 4.114
1634701740 23.2 76.58 0 4.114
1634701800 23.17 76.62 0 4.108
1634701860 23.16 76.66 0 4.114
1634701920 23.13 76.72 0 4.114
1634701980 23.1 76.75 0 4.114
1634702040 23.09 76.78 0 4.114
1634702100 23.09 76.87 0 4.114
1634702160 23.07 76.96 0 4.114
1634702220 23 77.05 0 4.114
1634702280 23 77.16 0 4.114
1634702340 22.97 77.28 0 4.108
1634702400 22.92 77.42 0 4.114
1634702460 22.89 77.52 0 4.114
1634702520 22.86 77.6 0 4.108
1634702580 22.85 77.64 0 4.114
1634702640 22.85 77.58 0 4.108
1634702700 22.9 77.71 0 4.114
1634702760 22.89 77.66 0 4.114
1634702820 22.85 77.72 0 4.114
1634702880 22.83 77.79 0 4.114
1634702940 22.83 77.88 0 4.114
1634703000 22.76 77.99 0 4.114
1634703060 22.73 78.09 0 4.114
1634703120 22.7 78.19 0 4.114
1634703180 22.66 78.23 0 4.114
1634703240 22.69 78.4 0 4.114
1634703300 22.66 78.48 0 4.108
1634703360 22.63 78.58 0 4.114
1634703420 22.63 78.67 0 4.098
1634703480 22.58 78.8 0 4.108
1634703540 22.56 78.84 0 4.108
1634703600 22.58 79 0 4.108
1634703660 22.55 79.11 0 4.114
1634703720 22.55 79.16 0 4.114
1634703780 22.59 79.19 0 4.108
1634703840 22.61 79.24 0 4.114
1634703900 22.65 79.31 0 4.108
1634703960 22.66 79.51 0 4.114
1634704020 22.66 79.71 0 4.114
1634704080 22.62 79.73 0 4.108
1634704140 22.52 79.79 0 4.108
1634704200 22.52 79.89 0 4.114
1634704260 22.49 80.01 0 4.108
1634704320 22.48 80.2 0 4.098
1634704380 22.44 80.41 0 4.108
1634704440 22.42 80.51 0 4.108
1634704500 22.39 80.64 0 4.108
1634704560 22.36 80.75 0 4.108
1634704620 22.34 80.91 0 4.114
1634704680 22.28 81.1 0 4.108
1634704740 22.28 81.27 0 4.108
1634704800 22.27 81.44 0 4.108
1634704860 22.27 81.61 0 4.108
1634704920 22.28 81.86 0 4.114
1634704980 22.28 81.99 0 4.114
1634705040 22.25 82.11 0 4.114
1634705100 22.24 82.04 0 4.108
1634705160 22.21 82 0 4.108
1634705220 22.22 81.99 0 4.108
1634705280 22.22 82.06 0 4.108
1634705340 22.15 82.01 0 4.108
1634705400 22.16 81.98 0 4.108
1634705460 22.14 81.95 0 4.108
1634705520 22.12 81.96 0 4.114
1634705580 22.08 81.9 0 4.108
1634705640 22.04 81.7 0 4.108
1634705700 22.07 81.53 0 4.108
1634705760 22.1 81.41 0 4.114
1634705820 22.11 81.33 0 4.114
1634705880 22.15 81.3 0 4.108
1634705940 22.15 81.24 0 4.114
