1637298000 23.14 76.51 0 4.071
1637298060 23.17 76.45 0 4.071
1637298120 23.19 76.35 0 4.071
1637298180 23.19 76.29 0 4.071
1637298240 23.2 76.24 0 4.071
1637298300 23.2 76.2 0 4.071
1637298360 23.2 76.12 0 4.071
1637298420 23.21 76.1 0 4.076
1637298480 23.23 76.1 0 4.071
1637298540 23.2 76.09 0 4.071
1637298600 23.23 76.07 0 4.071
1637298660 23.26 76.02 0 4.071
1637298720 23.24 75.98 0 4.071
1637298780 23.24 75.94 0 4.071
1637298840 23.27 75.98 0 4.071
1637298900 23.26 75.9 0 4.071
1637298960 23.26 75.87 0 4.071
1637299020 23.27 75.84 0 4.071
1637299080 23.26 75.78 0 4.071
1637299140 23.29 75.72 0 4.071
1637299200 23.3 75.63 0 4.071
1637299260 23.29 75.61 0 4.071
1637299320 23.3 75.58 0 4.071
1637299380 23.29 75.54 0 4.071
1637299440 23.3 75.48 0 4.071
1637299500 23.26 75.43 0 4.071
1637299560 23.3 75.38 0 4.071
1637299620 23.3 75.37 0 4.071
1637299680 23.31 75.31 0 4.071
1637299740 23.3 75.3 0 4.071
1637299800 23.29 75.27 0 4.071
1637299860 23.31 75.26 0 4.071
1637299920 23.31 75.23 0 4.065
1637299980 23.33 75.21 0 4.071
1637300040 23.33 75.17 0 4.071
1637300100 23.34 75.16 0 4.071
1637300160 23.31 75.11 0 4.071
1637300220 23.36 75.12 0 4.071
1637300280 23.36 75.12 0 4.071
1637300340 23.34 75.15 0 4.071
1637300400 23.31 75.1 0 4.071
1637300460 23.33 75.13 0 4.071
1637300520 23.31 75.1 0 4.071
1637300580 23.3 75.1 0 4.071
1637300700 23.31 75.08 0 4.071
1637300760 23.31 75.15 0 4.071
1637300820 23.29 75.27 0 4.071
1637300880 23.24 75.4 0 4.065
1637300940 23.2 75.52 0 4.071
1637301000 23.14 75.65 0 4.071
1637301060 23.06 75.78 0 4.071
1637301120 23.09 75.88 0 4.071
1637301180 23.06 75.97 0 4.071
1637301240 23.02 76.1 0 4.071
1637301300 22.96 76.17 0 4.071
1637301360 22.93 76.24 0 4.065
1637301420 22.95 76.31 0 4.071
1637301480 22.88 76.34 0 4.071
1637301540 22.88 76.4 0 4.071
1637301600 22.86 76.46 0 4.071
1637301660 22.85 76.47 0 4.071
1637301720 22.82 76.56 0 4.071
1637301780 22.82 76.63 0 4.071
1637301840 22.8 76.58 0 4.071
1637301900 22.79 76.65 0 4.071
1637301960 22.8 76.67 0 4.071
1637302020 22.76 76.74 0 4.071
1637302080 22.76 76.78 0 4.065
1637302140 22.76 76.85 0 4.071
1637302200 22.73 76.89 0 4.071
1637302260 22.73 76.91 0 4.071
1637302320 22.72 76.88 0 4.071
1637302380 22.73 76.97 0 4.065
1637302440 22.73 77.04 0 4.071
1637302560 22.73 77.12 0 4.071
1637302620 22.73 77.2 0 4.071
1637302680 22.72 77.29 0 4.071
1637302740 22.7 77.45 0 4.065
1637302800 22.7 77.59 0 4.065
1637302860 22.66 77.71 0 4.065
1637302920 22.62 77.74 0 4.071
1637302980 22.61 77.66 0 4.071
1637303040 22.59 77.62 0 4.071
1637303100 22.62 77.57 0 4.065
1637303160 22.65 77.59 0 4.071
1637303220 22.63 77.61 0 4.071
1637303280 22.62 77.65 0 4.065
1637303340 22.61 77.72 0 4.065
1637303400 22.58 77.72 0 4.071
1637303460 22.54 77.77 0 4.071
1637303520 22.54 77.84 0 4.071
1637303580 22.52 77.86 0 4.071
1637303640 22.48 77.92 0 4.065
1637303700 22.49 78 0 4.065
1637303760 22.46 78.04 0 4.071
1637303820 22.44 78.1 0 4.071
1637303880 22.45 78.21 0 4.071
1637303940 22.42 78.26 0 4.065
1637304000 22.41 78.39 0 4.071
1637304060 22.38 78.4 0 4.065
1637304120 22.35 78.48 0 4.071
1637304180 22.32 78.6 0 4.071
1637304240 22.31 78.68 0 4.065
1637304300 22.3 78.75 0 4.065
1637304360 22.22 78.83 0 4.071
1637304420 22.22 78.92 0 4.065
1637304480 22.16 79.04 0 4.065
1637304540 22.14 79.13 0 4.06
1637304600 22.1 79.3 0 4.065
1637304660 22.1 79.33 0 4.065
1637304720 22.05 79.38 0 4.065
1637304780 22.03 79.5 0 4.065
1637304840 21.98 79.62 0 4.065
1637304900 21.95 79.7 0 4.065
1637304960 21.93 79.81 0 4.065
1637305020 21.91 79.94 0 4.065
1637305080 21.94 80.03 0 4.065
1637305140 21.87 80.13 0 4.065
1637305200 21.85 80.12 0 4.065
1637305260 21.88 80.17 0 4.071
1637305320 21.84 80.18 0 4.065
1637305380 21.87 80.23 0 4.065
1637305440 21.84 80.16 0 4.06
1637305500 21.8 80.21 0 4.065
1637305560 21.8 80.16 0 4.065
1637305620 21.77 80.16 0 4.065
1637305680 21.77 80.21 0 4.065
1637305740 21.79 80.17 0 4.071
1637305800 21.76 80.13 0 4.065
1637305860 21.79 80.14 0 4.065
1637305920 21.8 80.12 0 4.065
1637305980 21.79 80.12 0 4.065
1637306040 21.76 80.08 0 4.065
1637306100 21.76 80.09 0 4.065
1637306160 21.74 80.12 0 4.065
1637306220 21.71 80.15 0 4.065
1637306280 21.7 80.14 0 4.071
1637306340 21.65 80.13 0 4.055
1637306400 21.64 80.21 0 4.065
1637306460 21.63 80.22 0 4.065
1637306520 21.6 80.24 0 4.065
1637306580 21.63 80.28 0 4.065
1637306640 21.61 80.28 0 4.065
1637306700 21.63 80.32 0 4.065
1637306760 21.6 80.33 0 4.065
1637306820 21.61 80.36 0 4.065
1637306880 21.63 80.36 0 4.065
1637306940 21.63 80.41 0 4.065
1637307000 21.64 80.48 0 4.065
1637307060 21.6 80.52 0 4.06
1637307120 21.61 80.59 0 4.065
1637307180 21.64 80.63 0 4.065
1637307240 21.6 80.7 0 4.06
1637307300 21.6 80.74 0 4.065
1637307360 21.57 80.79 0 4.065
1637307420 21.54 80.86 0 4.065
1637307480 21.54 80.92 0 4.065
1637307540 21.52 81.01 0 4.065
1637307600 21.49 81.07 0 4.065
1637307660 21.47 81.12 0 4.065
1637307720 21.47 81.21 0 4.065
1637307780 21.42 81.25 0 4.065
1637307840 21.4 81.33 0 4.065
1637307900 21.42 81.41 0 4.065
1637307960 21.37 81.51 0 4.065
1637308020 21.4 81.57 0 4.065
1637308080 21.39 81.63 0 4.065
1637308140 21.36 81.68 0 4.06
1637308200 21.33 81.76 0 4.06
1637308260 21.32 81.84 0 4.065
1637308320 21.3 81.92 0 4.065
1637308380 21.3 81.96 0 4.065
1637308440 21.29 82.05 0 4.065
1637308500 21.28 82.17 0 4.065
1637308560 21.26 82.27 0 4.065
1637308620 21.26 82.37 0 4.06
1637308680 21.23 82.45 0 4.065
1637308740 21.2 82.54 0 4.065
1637308800 21.18 82.61 0 4.065
1637308860 21.14 82.64 0 4.06
1637308920 21.14 82.71 0 4.065
1637308980 21.1 82.83 0 4.065
1637309040 21.1 82.92 0 4.065
1637309100 21.07 82.99 0 4.065
1637309160 21.06 83.11 0 4.065
1637309220 21.02 83.14 0 4.065
1637309280 20.98 83.21 0 4.065
1637309340 20.99 83.29 0 4.065
1637309400 20.96 83.34 0 4.06
1637309460 20.95 83.45 0 4.065
1637309520 20.93 83.51 0 4.065
1637309580 20.9 83.58 0 4.065
1637309640 20.89 83.66 0 4.065
1637309700 20.85 83.73 0 4.065
1637309760 20.85 83.8 0 4.065
1637309820 20.83 83.87 0 4.06
1637309880 20.83 84 0 4.065
1637309940 20.83 84.09 0 4.065
1637310000 20.83 84.13 0 4.065
1637310060 20.81 84.2 0 4.065
1637310120 20.79 84.3 0 4.065
1637310180 20.78 84.32 0 4.065
1637310240 20.77 84.41 0 4.065
1637310300 20.72 84.51 0 4.065
1637310360 20.69 84.55 0 4.065
1637310420 20.69 84.68 0 4.065
1637310480 20.71 84.75 0 4.065
1637310540 20.69 84.8 0 4.065
1637310600 20.69 84.86 0 4.06
1637310660 20.71 84.95 0 4.065
1637310720 20.69 84.96 0 4.065
1637310780 20.72 85.02 0 4.06
1637310840 20.74 85.06 0 4.065
1637310900 20.72 85.13 0 4.06
1637310960 20.68 85.15 0 4.065
1637311020 20.71 85.23 0 4.065
1637311080 20.68 85.26 0 4.065
1637311140 20.67 85.3 0 4.065
1637311200 20.67 85.33 0 4.065
1637311260 20.65 85.32 0 4.06
1637311320 20.67 85.36 0 4.065
1637311380 20.67 85.41 0 4.065
1637311440 20.69 85.42 0 4.065
1637311500 20.69 85.45 0 4.065
1637311560 20.69 85.45 0 4.06
1637311620 20.68 85.47 0 4.065
1637311680 20.69 85.48 0 4.065
1637311740 20.68 85.5 0 4.065
1637311800 20.65 85.53 0 4.065
1637311860 20.65 85.53 0 4.06
1637311920 20.64 85.54 0 4.06
1637311980 20.59 85.55 0 4.06
1637312040 20.65 85.57 0 4.06
1637312100 20.64 85.58 0 4.06
1637312160 20.64 85.62 0 4.065
1637312220 20.61 85.6 0 4.06
1637312280 20.61 85.6 0 4.06
1637312340 20.59 85.58 0 4.065
1637312400 20.61 85.53 0 4.065
1637312460 20.59 85.44 0 4.06
1637312520 20.64 85.41 0 4.06
1637312580 20.67 85.36 0 4.065
1637312640 20.67 85.33 0 4.06
1637312700 20.67 85.25 0 4.06
1637312760 20.67 85.16 0 4.06
1637312820 20.68 85.13 0 4.065
1637312880 20.65 85.08 0 4.06
1637312940 20.65 85.06 0 4.06
1637313000 20.62 85.03 0 4.06
1637313060 20.62 84.95 0 4.06
1637313120 20.61 84.9 0 4.065
1637313180 20.65 84.86 0 4.06
1637313240 20.59 84.8 0 4.065
1637313300 20.59 84.76 0 4.06
1637313360 20.59 84.69 0 4.06
1637313420 20.58 84.72 0 4.065
1637313480 20.58 84.68 0 4.06
1637313540 20.61 84.67 0 4.06
1637313600 20.59 84.66 0 4.06
1637313660 20.59 84.66 0 4.06
1637313720 20.59 84.69 0 4.06
1637313780 20.58 84.7 0 4.06
1637313840 20.56 84.7 0 4.065
1637313900 20.56 84.66 0 4.06
1637313960 20.56 84.62 0 4.06
1637314020 20.59 84.55 0 4.06
1637314080 20.61 84.49 0 4.06
1637314140 20.64 84.44 0 4.06
1637314200 20.68 84.47 0 4.065
1637314260 20.68 84.42 0 4.065
1637314320 20.69 84.37 0 4.06
1637314380 20.68 84.37 0 4.06
1637314440 20.68 84.38 0 4.06
1637314500 20.69 84.38 0 4.06
1637314560 20.67 84.39 0 4.06
1637314620 20.64 84.41 0 4.06
1637314680 20.64 84.4 0 4.06
1637314740 20.62 84.42 0 4.06
1637314800 20.59 84.43 0 4.06
1637314860 20.58 84.46 0 4.06
1637314920 20.58 84.49 0 4.06
1637314980 20.51 84.53 0 4.065
1637315040 20.54 84.58 0 4.065
1637315100 20.48 84.59 0 4.065
1637315160 20.47 84.62 0 4.06
1637315220 20.47 84.62 0 4.06
1637315280 20.44 84.65 0 4.06
1637315340 20.45 84.63 0 4.06
1637315400 20.45 84.63 0 4.06
1637315460 20.45 84.66 0 4.06
1637315520 20.45 84.68 0 4.06
1637315580 20.41 84.63 0 4.06
1637315640 20.39 84.56 0 4.06
1637315700 20.41 84.5 0 4.06
1637315760 20.39 84.43 0 4.06
1637315820 20.37 84.36 0 4.06
1637315880 20.35 84.25 0 4.06
1637315940 20.37 84.12 0 4.065
1637316000 20.37 84.05 0 4.06
1637316060 20.35 83.95 0 4.06
1637316120 20.34 83.79 0 4.06
1637316180 20.37 83.7 0 4.06
1637316240 20.39 83.59 0 4.06
1637316300 20.37 83.45 0 4.06
1637316360 20.39 83.35 0 4.06
1637316420 20.41 83.21 0 4.06
1637316480 20.42 83.1 0 4.065
1637316540 20.42 83.03 0 4.06
1637316600 20.45 83 0 4.06
1637316660 20.44 82.92 0 4.06
1637316720 20.44 82.88 0 4.06
1637316780 20.42 82.82 0 4.06
1637316840 20.42 82.76 0 4.06
1637316900 20.42 82.69 0 4.06
1637316960 20.39 82.69 0 4.06
1637317020 20.38 82.64 0 4.06
1637317080 20.38 82.63 0 4.06
1637317140 20.38 82.61 0 4.06
1637317200 20.35 82.62 0 4.06
1637317260 20.34 82.65 0 4.06
1637317320 20.31 82.64 0 4.06
1637317380 20.28 82.64 0 4.06
1637317440 20.28 82.69 0 4.06
1637317500 20.27 82.71 0 4.06
1637317560 20.23 82.76 0 4.06
1637317620 20.24 82.79 0 4.06
1637317680 20.21 82.84 0 4.06
1637317740 20.21 82.89 0 4.06
1637317800 20.2 82.9 0 4.06
1637317860 20.18 82.95 0 4.06
1637317920 20.16 82.95 0 4.06
1637317980 20.14 82.89 0 4.06
1637318040 20.16 82.88 0 4.06
1637318100 20.16 82.86 0 4.06
1637318160 20.17 82.83 0 4.06
1637318220 20.16 82.82 0 4.06
1637318280 20.16 82.75 0 4.06
1637318340 20.14 82.71 0 4.06
1637318400 20.16 82.63 0 4.06
1637318460 20.16 82.61 0 4.06
1637318520 20.17 82.55 0 4.06
1637318580 20.2 82.57 0 4.06
1637318640 20.18 82.54 0 4.06
1637318700 20.23 82.52 0 4.06
1637318760 20.26 82.54 0 4.06
1637318820 20.27 82.55 0 4.06
1637318880 20.26 82.54 0 4.06
1637318940 20.27 82.55 0 4.06
1637319000 20.3 82.54 0 4.06
1637319060 20.3 82.53 0 4.06
1637319120 20.28 82.52 0 4.06
1637319180 20.28 82.48 0 4.06
1637319240 20.3 82.53 0 4.06
1637319300 20.28 82.39 0 4.06
1637319360 20.35 82.33 0 4.06
1637319420 20.37 82.17 0 4.06
1637319480 20.39 82.14 0 4.06
1637319540 20.44 82.11 0 4.06
1637319600 20.45 82.17 0 4.06
1637319660 20.47 82.23 0 4.06
1637319720 20.45 82.34 0 4.06
1637319780 20.42 82.33 0 4.06
1637319840 20.39 82.29 0 4.06
1637319900 20.42 82.29 0 4.055
1637319960 20.37 82.29 0 4.06
1637320020 20.35 82.31 0 4.055
1637320080 20.37 82.41 0 4.06
1637320140 20.34 82.46 0 4.06
1637320200 20.35 82.52 0 4.06
1637320260 20.32 82.59 0 4.06
1637320320 20.34 82.69 0 4.06
1637320380 20.32 82.76 0 4.06
1637320440 20.3 82.81 0 4.06
1637320500 20.3 82.88 0 4.06
1637320560 20.27 82.88 0 4.06
1637320620 20.24 82.95 0 4.06
1637320680 20.21 82.96 0 4.06
1637320740 20.23 83.02 0 4.06
1637320800 20.16 83.03 0 4.06
1637320860 20.18 83.11 0 4.06
1637320920 20.16 83.1 0 4.06
1637320980 20.14 83.11 0 4.06
1637321040 20.14 83.14 0 4.06
1637321100 20.17 83.17 0 4.06
1637321160 20.13 83.2 0 4.06
1637321220 20.13 83.23 0 4.06
1637321280 20.13 83.23 0 4.06
1637321340 20.1 83.22 0 4.06
1637321400 20.08 83.19 0 4.06
1637321460 20.1 83.25 0 4.06
1637321520 20.06 83.22 0 4.06
1637321580 20.06 83.28 0 4.06
1637321640 20.03 83.35 0 4.06
1637321700 20 83.38 0 4.06
1637321760 19.98 83.41 0 4.06
1637321820 19.94 83.47 0 4.055
1637321880 19.91 83.53 0 4.055
1637321940 19.88 83.51 0 4.06
1637322000 19.88 83.56 0 4.06
1637322060 19.86 83.58 0 4.06
1637322120 19.86 83.55 0 4.055
1637322180 19.87 83.55 0 4.06
1637322240 19.88 83.56 0 4.06
1637322300 19.87 83.65 0 4.06
1637322360 19.86 83.73 0 4.06
1637322420 19.79 83.72 0 4.055
1637322480 19.76 83.72 0 4.06
1637322540 19.79 83.77 0 4.055
1637322600 19.77 83.83 0 4.055
1637322660 19.7 83.85 0 4.06
1637322720 19.72 83.84 0 4.06
1637322780 19.7 83.9 0 4.06
1637322840 19.72 83.96 0 4.06
1637322900 19.73 84 0 4.06
1637322960 19.74 84.15 0 4.06
1637323020 19.74 84.32 0 4.06
1637323080 19.76 84.5 0 4.055
1637323140 19.72 84.7 0 4.055
1637323200 19.69 84.85 0 4.06
1637323260 19.67 85.04 0 4.06
1637323320 19.64 85.17 0 4.06
1637323380 19.64 85.33 4 4.06
1637323440 19.63 85.46 0 4.06
1637323500 19.63 85.63 4 4.06
1637323560 19.63 85.76 4 4.06
1637323620 19.62 85.86 0 4.06
1637323680 19.6 85.99 4 4.06
1637323740 19.57 86.11 4 4.06
1637323800 19.59 86.24 4 4.055
1637323860 19.57 86.34 4 4.06
1637323920 19.56 86.42 4 4.055
1637323980 19.56 86.49 4 4.06
1637324040 19.57 86.59 4 4.055
1637324100 19.57 86.62 4 4.06
1637324160 19.56 86.67 10 4.055
1637324220 19.6 86.71 10 4.055
1637324280 19.62 86.72 10 4.06
1637324340 19.63 86.72 10 4.055
1637324400 19.64 86.71 10 4.06
1637324460 19.67 86.69 10 4.06
1637324520 19.7 86.76 10 4.055
1637324580 19.72 86.75 10 4.06
1637324640 19.73 86.72 10 4.055
1637324700 19.74 86.64 10 4.055
1637324760 19.74 86.54 10 4.055
1637324820 19.69 86.37 10 4.055
1637324880 19.76 86.23 10 4.06
1637324940 19.81 86.07 10 4.06
1637325000 19.83 85.97 10 4.055
1637325060 19.83 85.87 10 4.055
1637325120 19.83 85.84 10 4.055
1637325180 19.81 85.79 10 4.06
1637325240 19.83 85.7 10 4.055
1637325300 19.84 85.67 10 4.055
1637325360 19.86 85.62 10 4.06
1637325420 19.86 85.58 16 4.055
1637325480 19.88 85.58 10 4.06
1637325540 19.91 85.58 10 4.055
1637325600 19.93 85.53 16 4.055
1637325660 19.94 85.5 16 4.055
1637325720 19.97 85.49 16 4.055
1637325780 19.97 85.44 22 4.06
1637325840 19.96 85.43 22 4.06
1637325900 20 85.34 22 4.055
1637325960 20.06 85.31 22 4.055
1637326020 20.11 85.3 22 4.055
1637326080 20.1 85.24 22 4.055
1637326140 20.11 85.24 28 4.055
1637326200 20.16 85.23 28 4.055
1637326260 20.18 85.16 28 4.055
1637326320 20.21 85.14 34 4.055
1637326380 20.26 85.09 34 4.06
1637326440 20.28 84.93 34 4.06
1637326500 20.37 84.86 34 4.055
1637326560 20.41 84.78 34 4.055
1637326620 20.42 84.67 40 4.055
1637326680 20.48 84.64 40 4.06
1637326740 20.49 84.52 40 4.06
1637326800 20.55 84.4 40 4.055
1637326860 20.58 84.27 46 4.055
1637326920 20.67 84.19 46 4.06
1637326980 20.69 83.96 46 4.055
1637327040 20.74 83.63 46 4.055
1637327100 20.82 83.39 46 4.055
1637327160 20.89 83.17 46 4.055
1637327220 20.9 82.94 46 4.055
1637327280 20.93 82.76 52 4.055
1637327340 20.93 82.7 52 4.055
1637327400 20.93 82.6 52 4.055
1637327460 20.93 82.49 52 4.055
1637327520 20.96 82.43 52 4.055
1637327580 20.99 82.39 52 4.055
1637327640 20.99 82.28 52 4.055
1637327700 21.02 82.24 52 4.055
1637327760 21.07 82.14 58 4.055
1637327820 21.13 81.97 58 4.06
1637327880 21.16 81.78 58 4.055
1637327940 21.26 81.63 58 4.055
1637328000 21.25 81.58 58 4.055
1637328060 21.33 81.36 58 4.055
1637328120 21.37 81.19 58 4.055
1637328180 21.39 81.15 58 4.06
1637328240 21.4 81.01 64 4.055
1637328300 21.44 80.87 64 4.055
1637328360 21.49 80.75 64 4.055
1637328420 21.56 80.57 64 4.055
1637328480 21.61 80.4 64 4.055
1637328540 21.67 80.24 64 4.055
1637328600 21.73 80.1 70 4.055
1637328660 21.79 79.93 70 4.055
1637328720 21.83 79.78 70 4.055
1637328780 21.88 79.54 70 4.055
1637328840 21.93 79.35 70 4.055
1637328900 21.97 79.16 70 4.055
1637328960 22 79.02 70 4.055
1637329020 22.04 78.83 70 4.055
1637329080 22.14 78.67 70 4.055
1637329140 22.16 78.49 70 4.055
1637329200 22.25 78.34 70 4.055
1637329260 22.31 78.17 70 4.055
1637329320 22.31 78.03 76 4.055
1637329380 22.35 77.99 76 4.055
1637329440 22.39 77.99 76 4.055
1637329500 22.42 78.07 76 4.055
1637329560 22.38 78.05 76 4.055
1637329620 22.39 78.06 76 4.055
1637329680 22.39 78.12 76 4.055
1637329740 22.44 78.21 76 4.055
1637329800 22.46 78.34 76 4.055
1637329860 22.48 78.43 82 4.055
1637329920 22.56 78.54 82 4.055
1637329980 22.62 78.63 76 4.055
1637330040 22.56 78.63 82 4.055
1637330100 22.59 78.58 82 4.055
1637330160 22.66 78.65 82 4.055
1637330220 22.73 78.67 82 4.055
1637330280 22.75 78.53 82 4.055
1637330340 22.82 78.44 82 4.055
1637330400 22.79 78.36 82 4.055
1637330460 22.86 78.34 82 4.055
1637330520 22.9 78.32 88 4.055
1637330580 22.9 78.28 82 4.055
1637330640 22.9 78.35 88 4.055
1637330700 22.97 78.34 88 4.055
1637330760 23.1 78.37 88 4.055
1637330820 23.17 78.35 88 4.055
1637330880 23.21 78.34 88 4.055
1637330940 23.26 78.21 88 4.055
1637331000 23.24 78.04 88 4.055
1637331060 23.33 77.86 88 4.055
1637331120 23.31 77.76 88 4.055
1637331180 23.33 77.76 94 4.055
1637331240 23.27 77.82 88 4.055
1637331300 23.26 77.82 88 4.055
1637331360 23.16 77.75 88 4.055
1637331420 23.06 77.74 88 4.055
1637331480 23.09 77.77 94 4.055
1637331540 23.03 77.76 88 4.049
1637331600 23.09 77.82 88 4.055
1637331660 23.13 77.81 94 4.055
1637331720 23.2 77.81 94 4.055
1637331780 23.24 77.78 94 4.055
1637331840 23.33 77.75 94 4.055
1637331900 23.41 77.7 94 4.055
1637331960 23.46 77.59 94 4.055
1637332020 23.51 77.47 94 4.055
1637332080 23.54 77.36 94 4.055
1637332140 23.56 77.29 94 4.055
1637332200 23.61 77.21 94 4.055
1637332260 23.68 77.09 94 4.055
1637332320 23.77 77.01 100 4.055
1637332380 23.84 76.96 100 4.055
1637332440 23.89 76.86 100 4.055
1637332500 23.89 76.8 100 4.06
1637332560 23.91 76.63 100 4.055
1637332620 24.01 76.55 106 4.055
1637332680 24.05 76.45 100 4.055
1637332740 24.12 76.39 106 4.055
1637332800 24.1 76.15 106 4.055
1637332860 24.11 76 106 4.055
1637332920 24.1 75.83 106 4.06
1637332980 24.12 75.72 106 4.055
1637333040 24.19 75.56 112 4.055
1637333100 24.28 75.48 112 4.055
1637333160 24.25 75.31 112 4.055
1637333220 24.25 75.16 112 4.055
1637333280 24.26 75.06 118 4.055
1637333340 24.36 74.9 118 4.055
1637333400 24.43 74.69 118 4.055
1637333460 24.48 74.53 118 4.055
1637333520 24.49 74.38 124 4.055
1637333580 24.53 74.22 124 4.055
1637333640 24.61 74.04 124 4.055
1637333700 24.69 73.88 124 4.06
1637333760 24.82 73.71 124 4.055
1637333820 24.85 73.53 124 4.055
1637333880 24.93 73.36 137 4.06
1637333940 24.91 73.23 147 4.06
1637334000 24.96 73.14 124 4.06
1637334060 25.07 73.06 137 4.055
1637334120 25.07 72.92 124 4.055
1637334180 25.18 72.86 161 4.055
1637334240 25.23 72.67 189 4.06
1637334300 25.27 72.45 207 4.055
1637334360 25.3 72.25 159 4.055
1637334420 25.4 72.05 131 4.055
1637334480 25.33 71.75 118 4.055
1637334540 25.24 71.55 118 4.055
1637334600 25.27 71.37 124 4.055
1637334660 25.28 71.19 118 4.06
1637334720 25.36 71.05 112 4.06
1637334780 25.31 70.88 118 4.055
1637334840 25.13 70.72 118 4.055
1637334900 25.13 70.59 118 4.055
1637334960 25.2 70.45 118 4.055
1637335020 25.21 70.29 118 4.055
1637335080 25.21 70.19 118 4.06
1637335140 25.28 70.05 118 4.055
1637335200 25.27 69.91 118 4.06
1637335260 25.18 69.74 124 4.055
1637335320 25.2 69.63 118 4.055
1637335380 25.2 69.5 189 4.055
1637335440 25.28 69.42 356 4.055
1637335500 25.23 69.28 292 4.055
1637335560 25.27 69.21 213 4.06
1637335620 25.36 69.11 280 4.055
1637335680 25.28 68.96 298 4.055
1637335740 25.38 68.92 219 4.06
1637335800 25.57 68.84 143 4.06
1637335860 25.77 68.76 118 4.055
1637335920 25.91 68.62 118 4.06
1637335980 25.95 68.42 124 4.055
1637336040 25.79 68.22 137 4.055
1637336100 25.72 68.07 147 4.055
1637336160 25.74 67.96 147 4.055
1637336220 25.71 67.81 177 4.055
1637336280 25.75 67.67 147 4.055
1637336340 25.84 67.52 268 4.06
1637336400 25.87 67.38 350 4.055
1637336460 25.93 67.19 268 4.06
1637336520 26.03 67.01 286 4.06
1637336580 26.14 66.89 518 4.06
1637336640 26.28 66.68 697 4.055
1637336700 26.39 66.54 512 4.055
1637336760 26.4 66.38 368 4.055
1637336820 26.63 66.24 286 4.055
1637336880 26.66 66.02 477 4.06
1637336940 26.73 65.87 362 4.055
1637337000 26.89 65.7 262 4.055
1637337060 27.03 65.65 380 4.055
1637337120 27.15 65.5 469 4.06
1637337180 27.3 65.33 554 4.055
1637337240 27.34 65.17 512 4.06
1637337300 27.37 64.92 304 4.055
1637337360 27.54 64.84 183 4.055
1637337420 27.64 64.59 143 4.06
1637337480 27.66 64.43 243 4.06
1637337540 27.71 64.18 149 4.055
1637337600 27.55 63.89 183 4.06
1637337660 27.48 63.68 183 4.055
1637337720 27.44 63.52 159 4.055
1637337780 27.56 63.52 153 4.055
1637337840 27.62 63.42 201 4.055
1637337900 27.56 63.21 143 4.055
1637337960 27.21 62.94 137 4.055
1637338020 26.97 62.76 338 4.055
1637338080 26.97 62.77 137 4.06
1637338140 27.03 62.62 131 4.06
1637338200 26.89 62.46 137 4.06
1637338260 26.9 62.38 143 4.06
1637338320 27.04 62.3 155 4.055
1637338380 27.24 62.17 147 4.055
1637338440 27.41 62.04 143 4.055
1637338500 27.52 61.91 149 4.06
1637338560 27.52 61.67 213 4.055
1637338620 27.4 61.42 310 4.06
1637338680 27.49 61.28 286 4.06
1637338740 27.48 60.99 237 4.055
1637338800 27.59 60.78 231 4.06
1637338860 27.72 60.53 262 4.06
1637338920 27.84 60.36 453 4.06
1637338980 28 60.09 495 4.065
1637339040 28.1 59.81 573 4.065
1637339100 27.95 59.4 328 4.065
1637339160 28.09 59.1 304 4.065
1637339220 28.15 58.82 561 4.065
1637339280 28.35 58.63 525 4.06
1637339340 28.37 58.64 507 4.071
1637339400 28.47 58.67 262 4.065
1637339460 28.47 58.68 207 4.065
1637339520 28.5 58.71 167 4.06
1637339580 28.5 58.7 149 4.06
1637339640 28.37 58.83 159 4.06
1637339700 28.13 58.93 161 4.06
1637339760 27.94 59.09 171 4.06
1637339820 27.66 59.24 189 4.06
1637339880 27.54 59.46 183 4.06
1637339940 27.43 59.58 189 4.065
1637340000 27.35 59.8 207 4.06
1637340060 27.33 59.98 219 4.065
1637340120 27.28 60.29 256 4.065
1637340180 27.2 60.59 262 4.065
1637340240 27.14 60.82 268 4.065
1637340300 27.18 61.05 274 4.071
1637340360 27.31 61.21 274 4.065
1637340420 27.38 61.42 280 4.071
1637340480 27.54 61.57 286 4.071
1637340540 27.61 61.64 304 4.065
1637340600 27.56 61.74 334 4.071
1637340660 27.41 61.73 370 4.076
1637340720 27.33 61.83 382 4.076
1637340780 27.23 61.9 406 4.076
1637340840 27.4 61.95 394 4.076
1637340900 27.56 62.01 400 4.076
1637340960 27.59 61.99 406 4.076
1637341020 27.65 62.02 418 4.076
1637341080 27.66 62.02 430 4.076
1637341140 27.78 62.11 490 4.076
1637341200 27.82 62.15 424 4.082
1637341260 27.78 62.15 420 4.076
1637341320 27.81 62.18 414 4.082
1637341380 27.81 62.22 394 4.082
1637341440 27.78 62.18 382 4.071
1637341500 28 62.2 376 4.076
1637341560 28.09 62.17 370 4.076
1637341620 28.06 62.06 370 4.076
1637341680 28.08 61.97 365 4.082
1637341740 28.12 61.85 358 4.076
1637341800 28.02 61.75 359 4.076
1637341860 28.03 61.71 364 4.076
1637341920 28.09 61.64 371 4.082
1637341980 28.08 61.55 370 4.082
1637342040 27.94 61.46 364 4.082
1637342100 27.86 61.37 365 4.082
1637342160 27.86 61.28 359 4.082
1637342220 27.95 61.13 359 4.082
1637342280 28 60.99 359 4.082
1637342340 27.86 60.92 358 4.076
1637342400 27.82 60.9 358 4.082
1637342460 28.02 60.84 359 4.082
1637342520 28.02 60.82 359 4.082
1637342580 28.06 60.73 390 4.082
1637342640 28.02 60.6 390 4.082
1637342700 28.18 60.53 396 4.082
1637342760 28.39 60.5 402 4.087
1637342820 28.46 60.37 371 4.082
1637342880 28.45 60.28 353 4.082
1637342940 28.35 60.2 341 4.082
1637343000 28.2 60.14 335 4.082
1637343060 28.15 60.13 335 4.082
1637343120 28.13 60.11 329 4.082
1637343180 28.18 60.16 329 4.087
1637343240 28.29 60.17 323 4.076
1637343300 28.29 60.16 329 4.082
1637343360 28.23 60.05 323 4.082
1637343420 28.08 59.99 317 4.082
1637343480 28.19 60.07 317 4.082
1637343540 28.15 60.09 311 4.082
1637343600 28.08 60.03 305 4.082
1637343660 27.89 60.08 287 4.082
1637343720 27.75 60.07 287 4.082
1637343780 27.72 60.08 281 4.082
1637343840 27.62 60.17 281 4.082
1637343900 27.65 60.26 287 4.082
1637343960 27.64 60.25 287 4.082
1637344020 27.79 60.36 287 4.082
1637344080 27.94 60.44 293 4.082
1637344140 28.06 60.61 293 4.082
1637344200 27.86 60.52 299 4.082
1637344260 27.79 60.56 299 4.082
1637344320 27.75 60.62 287 4.082
1637344380 27.68 60.69 281 4.082
1637344440 27.71 60.71 281 4.082
1637344500 27.66 60.79 287 4.082
1637344560 27.62 60.9 299 4.082
1637344620 27.68 60.96 305 4.082
1637344680 27.73 61.04 317 4.082
1637344740 27.68 61.04 329 4.087
1637344800 27.72 61.15 341 4.087
1637344860 27.68 61.14 335 4.087
1637344920 27.58 61.15 329 4.087
1637344980 27.64 61.3 311 4.087
1637345040 27.76 61.4 287 4.082
1637345100 27.88 61.43 269 4.087
1637345160 27.71 61.36 257 4.082
1637345220 27.75 61.36 257 4.082
1637345280 27.79 61.37 257 4.082
1637345340 27.86 61.42 257 4.082
1637345400 27.95 61.39 263 4.082
1637345460 28.08 61.42 269 4.082
1637345520 27.91 61.41 275 4.087
1637345580 27.89 61.32 263 4.082
1637345640 27.84 61.27 263 4.082
1637345700 27.92 61.26 257 4.087
1637345760 27.81 61.23 257 4.082
1637345820 27.78 61.16 251 4.082
1637345880 27.82 61.02 251 4.082
1637345940 27.82 60.95 251 4.082
1637346000 27.68 60.88 251 4.082
1637346060 27.69 60.86 245 4.082
1637346120 27.69 60.84 239 4.082
1637346180 27.68 60.79 233 4.082
1637346240 27.66 60.79 215 4.082
1637346300 27.66 60.84 203 4.082
1637346360 27.51 60.82 185 4.082
1637346420 27.38 60.89 167 4.082
1637346480 27.38 60.92 149 4.076
1637346540 27.31 61.05 143 4.076
1637346600 27.25 61.18 131 4.076
1637346660 27.28 61.27 137 4.082
1637346720 27.27 61.41 137 4.076
1637346780 27.31 61.52 149 4.076
1637346840 27.3 61.63 161 4.076
1637346900 27.33 61.78 167 4.076
1637346960 27.31 61.86 179 4.082
1637347020 27.27 61.92 197 4.082
1637347080 27.27 61.96 203 4.082
1637347140 27.35 62.07 209 4.082
1637347200 27.27 62.2 221 4.082
1637347260 27.3 62.31 233 4.087
1637347320 27.25 62.36 251 4.087
1637347380 27.15 62.4 269 4.087
1637347440 27.18 62.53 281 4.087
1637347500 27.23 62.73 287 4.087
1637347560 27.35 62.9 287 4.087
1637347620 27.45 62.95 293 4.087
1637347680 27.55 62.91 287 4.087
1637347740 27.64 62.89 287 4.082
1637347800 27.59 62.91 275 4.087
1637347860 27.54 62.9 269 4.087
1637347920 27.51 62.96 269 4.087
1637347980 27.51 62.95 269 4.087
1637348040 27.44 62.99 269 4.087
1637348100 27.37 63.01 275 4.087
1637348160 27.31 63.02 263 4.087
1637348220 27.2 63.06 257 4.087
1637348280 27.15 63.08 239 4.087
1637348340 27.18 63.1 221 4.087
1637348400 27.28 63.11 215 4.082
1637348460 27.4 63.08 221 4.082
1637348520 27.4 63.06 227 4.087
1637348580 27.33 63.06 233 4.087
1637348640 27.25 63.11 239 4.082
1637348700 27.28 63.24 239 4.087
1637348760 27.4 63.36 239 4.087
1637348820 27.38 63.27 227 4.082
1637348880 27.45 63.27 209 4.082
1637348940 27.44 63.26 191 4.082
1637349000 27.4 63.31 185 4.082
1637349060 27.45 63.17 185 4.082
1637349120 27.49 63.06 185 4.087
1637349180 27.49 62.96 185 4.082
1637349240 27.47 62.93 191 4.082
1637349300 27.47 62.86 191 4.087
1637349360 27.45 62.86 191 4.087
1637349420 27.4 62.83 197 4.082
1637349480 27.3 62.87 203 4.087
1637349540 27.35 62.89 209 4.082
1637349600 27.3 62.99 215 4.087
1637349660 27.3 63.02 215 4.087
1637349720 27.24 63.09 209 4.087
1637349780 27.15 63.18 209 4.087
1637349840 27.15 63.31 203 4.087
1637349900 27.11 63.36 203 4.087
1637349960 27.15 63.47 197 4.087
1637350020 27.14 63.49 203 4.087
1637350080 27.11 63.59 209 4.087
1637350140 27.14 63.66 215 4.087
1637350200 27.07 63.68 221 4.087
1637350260 27.05 63.77 233 4.092
1637350320 27.1 63.86 239 4.087
1637350380 27.05 63.93 245 4.087
1637350440 27.05 63.93 251 4.087
1637350500 27.1 63.98 251 4.087
1637350560 27.15 63.99 251 4.092
1637350620 27.21 64.04 251 4.087
1637350680 27.21 64.02 251 4.087
1637350740 27.23 64.06 251 4.087
1637350800 27.23 64.05 251 4.092
1637350860 27.3 64.08 245 4.087
1637350920 27.23 64.02 245 4.087
1637350980 27.23 64.01 245 4.087
1637351040 27.24 63.99 239 4.087
1637351100 27.27 63.96 245 4.087
1637351160 27.34 63.98 251 4.092
1637351220 27.38 63.98 257 4.087
1637351280 27.34 63.94 263 4.092
1637351340 27.33 63.9 275 4.087
1637351400 27.27 63.88 281 4.087
1637351460 27.35 63.88 287 4.092
1637351520 27.51 63.79 293 4.092
1637351580 27.56 63.74 299 4.092
1637351640 27.68 63.64 305 4.092
1637351700 27.64 63.45 305 4.092
1637351760 27.58 63.34 305 4.092
1637351820 27.51 63.19 299 4.092
1637351880 27.52 63.1 293 4.092
1637351940 27.49 63.03 293 4.092
1637352000 27.51 62.95 299 4.098
1637352060 27.49 62.88 307 4.092
1637352120 27.55 62.83 331 4.092
1637352180 27.62 62.79 713 4.082
1637352240 27.61 62.71 420 4.092
1637352300 27.75 62.66 384 4.098
1637352360 27.79 62.61 426 4.092
1637352420 27.85 62.56 341 4.092
1637352480 27.88 62.51 335 4.098
1637352540 27.99 62.45 373 4.092
1637352600 28.06 62.4 420 4.087
1637352660 28.16 62.38 379 4.098
1637352720 28.15 62.27 397 4.098
1637352780 28.15 62.15 402 4.087
1637352840 28.19 62.15 408 4.082
1637352900 28.29 62.14 510 4.087
1637352960 28.45 61.94 478 4.082
1637353020 28.4 61.85 384 4.098
1637353080 28.35 61.75 1075 4.087
1637353140 28.43 61.72 1075 4.082
1637353200 28.78 61.64 1099 4.082
1637353260 29.15 61.48 1085 4.082
1637353320 29.53 61.29 450 4.092
1637353380 29.92 61.03 329 4.092
1637353440 29.69 60.69 305 4.092
1637353500 29.8 60.34 293 4.087
1637353560 29.82 60.08 287 4.098
1637353620 29.62 59.76 287 4.092
1637353680 29.34 59.59 299 4.092
1637353740 29.32 59.41 323 4.092
1637353800 29.07 59.29 612 4.092
1637353860 29.15 59.19 498 4.092
1637353920 29.15 59.11 414 4.098
1637353980 29.24 59.02 469 4.092
1637354040 29.18 58.88 420 4.092
1637354100 29.2 58.75 576 4.092
1637354160 29.22 58.72 373 4.098
1637354220 29.21 58.58 451 4.092
1637354280 28.98 58.56 897 4.098
1637354340 29.1 58.53 775 4.098
1637354400 29.2 58.59 582 4.098
1637354460 29.24 58.58 408 4.092
1637354520 29.38 58.53 433 4.092
1637354580 29.25 58.44 909 4.092
1637354640 29.18 58.43 891 4.098
1637354700 29.21 58.43 879 4.092
1637354760 29.38 58.39 885 4.098
1637354820 29.63 58.43 606 4.092
1637354880 29.85 58.29 853 4.092
1637354940 29.85 58.21 853 4.092
1637355000 30.03 58.09 829 4.092
1637355060 30.15 57.94 805 4.092
1637355120 30.15 57.82 811 4.098
1637355180 30.36 57.65 799 4.092
1637355240 30.6 57.52 769 4.092
1637355300 30.61 57.29 763 4.092
1637355360 30.71 57.08 359 4.092
1637355420 30.2 56.86 245 4.092
1637355480 29.77 56.76 335 4.092
1637355540 29.58 56.8 715 4.092
1637355600 29.61 56.76 715 4.087
1637355660 29.83 56.79 703 4.092
1637355720 29.86 56.78 709 4.092
1637355780 29.8 56.72 713 4.092
1637355840 29.92 56.71 721 4.092
1637355900 30.27 56.73 721 4.092
1637355960 30.33 56.63 733 4.092
1637356020 30.6 56.59 655 4.092
1637356080 30.57 56.51 733 4.092
1637356140 30.4 56.43 528 4.092
1637356200 30.44 56.35 564 4.098
1637356260 30.2 56.34 221 4.092
1637356320 30.1 56.35 191 4.092
1637356380 29.83 56.43 191 4.087
1637356440 29.48 56.45 287 4.092
1637356500 29.17 56.62 215 4.092
1637356560 28.91 56.83 221 4.092
1637356620 28.77 57.13 667 4.098
1637356680 28.6 57.46 630 4.092
1637356740 28.77 57.78 179 4.092
1637356800 29.02 58.09 347 4.092
1637356860 28.94 58.27 636 4.092
1637356920 28.9 58.43 630 4.098
1637356980 28.93 58.65 612 4.092
1637357040 29.24 58.92 606 4.092
1637357100 29.38 59.01 594 4.092
1637357160 29.65 59.08 576 4.092
1637357220 29.66 59.16 576 4.092
1637357280 29.58 59.18 564 4.092
1637357340 29.36 59.19 564 4.092
1637357400 29.14 59.35 570 4.092
1637357460 28.91 59.46 564 4.092
1637357520 28.81 59.59 564 4.092
1637357580 28.74 59.7 558 4.098
1637357640 28.63 59.84 546 4.092
1637357700 28.71 60.01 426 4.092
1637357760 28.71 60.11 203 4.087
1637357820 28.63 60.19 155 4.092
1637357880 28.35 60.3 137 4.087
1637357940 28.27 60.38 143 4.087
1637358000 28.09 60.5 88 4.092
1637358060 28.08 60.69 94 4.092
1637358120 28 60.86 215 4.092
1637358180 27.95 61.11 203 4.092
1637358240 27.91 61.29 131 4.087
1637358300 27.88 61.44 100 4.087
1637358360 27.82 61.52 94 4.087
1637358420 27.78 61.59 94 4.092
1637358480 27.65 61.71 82 4.092
1637358540 27.58 61.91 112 4.087
1637358600 27.56 62.09 94 4.087
1637358660 27.49 62.25 88 4.087
1637358720 27.45 62.34 88 4.087
1637358780 27.44 62.42 94 4.087
1637358840 27.44 62.47 88 4.092
1637358900 27.4 62.56 88 4.087
1637358960 27.31 62.61 88 4.087
1637359020 27.28 62.72 82 4.087
1637359080 27.27 62.87 88 4.087
1637359140 27.23 62.99 88 4.087
1637359200 27.15 63.05 82 4.087
1637359260 27.11 63.21 82 4.087
1637359320 27.11 63.28 76 4.087
1637359380 27.13 63.41 70 4.087
1637359440 27.1 63.52 70 4.087
1637359500 27.11 63.64 70 4.087
1637359560 27.15 63.74 70 4.087
1637359620 27.2 63.81 70 4.087
1637359680 27.2 63.83 70 4.087
1637359740 27.14 63.81 70 4.087
1637359800 27.05 63.94 70 4.087
1637359860 26.97 63.96 70 4.087
1637359920 26.96 64.05 76 4.087
1637359980 26.94 64.14 88 4.087
1637360040 26.94 64.28 94 4.087
1637360100 26.98 64.31 106 4.087
1637360160 27.01 64.43 100 4.087
1637360220 27.04 64.51 94 4.087
1637360280 26.98 64.61 88 4.087
1637360340 27 64.73 82 4.082
1637360400 27 64.77 76 4.087
1637360460 27 64.87 82 4.087
1637360520 27.03 64.94 82 4.087
1637360580 27.01 65.01 82 4.087
1637360640 27.01 65.08 88 4.087
1637360700 26.97 65.16 76 4.087
1637360760 26.93 65.3 76 4.087
1637360820 26.91 65.41 70 4.087
1637360880 26.9 65.58 76 4.087
1637360940 26.89 65.71 70 4.087
1637361000 26.83 65.82 64 4.087
1637361060 26.82 65.93 70 4.087
1637361120 26.74 65.99 70 4.087
1637361180 26.7 66.04 70 4.087
1637361240 26.64 66.12 70 4.087
1637361300 26.64 66.24 70 4.087
1637361360 26.64 66.33 70 4.087
1637361420 26.64 66.46 76 4.087
1637361480 26.6 66.57 76 4.087
1637361540 26.57 66.69 70 4.087
1637361600 26.6 66.85 64 4.087
1637361660 26.64 66.9 58 4.087
1637361720 26.67 67.04 58 4.087
1637361780 26.64 67.12 52 4.087
1637361840 26.64 67.19 58 4.087
1637361900 26.53 67.23 58 4.087
1637361960 26.54 67.27 70 4.087
1637362020 26.47 67.29 64 4.087
1637362080 26.43 67.38 70 4.087
1637362140 26.44 67.4 76 4.087
1637362200 26.42 67.41 64 4.087
1637362260 26.43 67.46 70 4.087
1637362320 26.39 67.46 70 4.087
1637362380 26.39 67.5 70 4.087
1637362440 26.33 67.6 58 4.087
1637362500 26.36 67.64 52 4.087
1637362560 26.36 67.75 46 4.087
1637362620 26.33 67.83 46 4.082
1637362680 26.26 67.91 40 4.087
1637362740 26.12 68.01 34 4.087
1637362800 26.11 68.14 34 4.082
1637362860 26.12 68.3 34 4.087
1637362920 26.05 68.45 34 4.087
1637362980 26.06 68.49 34 4.087
1637363040 26.06 68.59 34 4.082
1637363100 26.03 68.67 40 4.087
1637363160 25.98 68.77 40 4.087
1637363220 25.95 68.83 34 4.087
1637363280 25.92 68.9 34 4.087
1637363340 25.88 68.88 34 4.082
1637363400 25.87 68.87 28 4.087
1637363460 25.84 68.89 34 4.087
1637363520 25.81 68.94 34 4.087
1637363580 25.79 69.07 34 4.087
1637363640 25.79 69.11 34 4.087
1637363700 25.78 69.23 34 4.087
1637363760 25.79 69.32 34 4.087
1637363820 25.77 69.44 34 4.087
1637363880 25.75 69.53 34 4.087
1637363940 25.72 69.66 34 4.087
1637364000 25.68 69.82 34 4.087
1637364060 25.63 69.9 34 4.082
1637364120 25.63 70 28 4.087
1637364180 25.58 70.15 28 4.087
1637364240 25.57 70.29 28 4.087
1637364300 25.52 70.37 28 4.087
1637364360 25.56 70.44 22 4.082
1637364420 25.52 70.47 22 4.087
1637364480 25.47 70.44 22 4.087
1637364540 25.49 70.52 16 4.082
1637364600 25.45 70.53 16 4.087
1637364660 25.44 70.66 16 4.087
1637364720 25.38 70.69 16 4.087
1637364780 25.34 70.75 10 4.082
1637364840 25.36 70.82 10 4.087
1637364900 25.36 70.9 10 4.087
1637364960 25.34 70.99 10 4.087
1637365020 25.33 71.03 10 4.087
1637365080 25.33 71.12 10 4.087
1637365140 25.31 71.23 10 4.087
1637365200 25.26 71.25 10 4.087
1637365260 25.26 71.34 4 4.087
1637365320 25.26 71.41 4 4.082
1637365380 25.21 71.5 4 4.087
1637365440 25.21 71.58 0 4.087
1637365500 25.18 71.66 4 4.087
1637365560 25.13 71.82 4 4.087
1637365620 25.12 71.97 4 4.082
1637365680 25.09 72.02 0 4.087
1637365740 25.03 72 0 4.082
1637365800 25.07 72 4 4.087
1637365860 25.04 71.93 0 4.087
1637365920 25.04 71.95 0 4.087
1637365980 25.03 71.94 0 4.082
1637366040 25 71.98 0 4.082
1637366100 24.98 72.06 0 4.082
1637366160 24.96 72.17 0 4.082
1637366220 24.9 72.2 0 4.082
1637366280 24.89 72.2 0 4.087
1637366340 24.9 72.28 0 4.087
1637366400 24.87 72.34 0 4.082
1637366460 24.83 72.37 0 4.087
1637366520 24.83 72.43 0 4.082
1637366580 24.8 72.35 0 4.087
1637366640 24.82 72.38 0 4.082
1637366700 24.8 72.27 0 4.082
1637366760 24.82 72.28 0 4.082
1637366820 24.87 72.27 0 4.082
1637366880 24.86 72.24 0 4.087
1637366940 24.87 72.22 0 4.082
1637367000 24.89 72.19 0 4.082
1637367060 24.89 72.17 0 4.082
1637367120 24.89 72.16 0 4.082
1637367180 24.87 72.16 0 4.082
1637367240 24.87 72.16 0 4.082
1637367300 24.82 72.17 0 4.087
1637367360 24.82 72.2 0 4.087
1637367420 24.86 72.16 0 4.082
1637367480 24.86 72.13 0 4.082
1637367540 24.86 72.15 0 4.082
1637367600 24.86 72.21 0 4.082
1637367660 24.86 72.29 0 4.082
1637367720 24.79 72.6 0 4.082
1637367780 24.76 72.79 0 4.082
1637367840 24.73 72.91 0 4.082
1637367900 24.7 73.13 0 4.082
1637367960 24.67 73.35 0 4.087
1637368020 24.67 73.61 0 4.087
1637368080 24.65 73.84 0 4.082
1637368140 24.65 74.09 0 4.082
1637368200 24.62 74.34 0 4.082
1637368260 24.59 74.53 0 4.082
1637368320 24.58 74.74 0 4.082
1637368380 24.58 74.91 0 4.082
1637368440 24.56 75.1 0 4.082
1637368500 24.55 75.27 0 4.082
1637368560 24.53 75.42 0 4.087
1637368620 24.52 75.6 0 4.082
1637368680 24.52 75.7 0 4.082
1637368740 24.48 75.85 0 4.082
1637368800 24.49 76.01 0 4.082
1637368860 24.48 76.1 0 4.082
1637368920 24.48 76.19 0 4.082
1637368980 24.48 76.3 0 4.082
1637369040 24.45 76.39 0 4.082
1637369100 24.42 76.52 0 4.082
1637369160 24.45 76.63 0 4.082
1637369220 24.42 76.72 0 4.082
1637369280 24.42 76.87 0 4.082
1637369340 24.42 76.92 0 4.082
1637369400 24.39 77.03 0 4.082
1637369460 24.38 77.12 0 4.082
1637369520 24.36 77.21 0 4.082
1637369580 24.39 77.26 0 4.082
1637369640 24.39 77.36 0 4.082
1637369700 24.38 77.44 0 4.082
1637369760 24.33 77.51 0 4.082
1637369820 24.33 77.6 0 4.082
1637369880 24.33 77.71 0 4.082
1637369940 24.33 77.74 0 4.082
1637370000 24.33 77.78 0 4.082
1637370060 24.35 77.86 0 4.082
1637370120 24.31 77.92 0 4.082
1637370180 24.31 77.96 0 4.082
1637370240 24.29 78 0 4.076
1637370300 24.28 78.08 0 4.076
1637370360 24.29 78.16 0 4.082
1637370420 24.28 78.23 0 4.082
1637370480 24.25 78.36 0 4.082
1637370540 24.25 78.38 0 4.082
1637370600 24.21 78.46 0 4.082
1637370660 24.21 78.5 0 4.082
1637370720 24.16 78.58 0 4.082
1637370780 24.15 78.68 0 4.082
1637370840 24.14 78.72 0 4.082
1637370900 24.12 78.78 0 4.082
1637370960 24.12 78.89 0 4.082
1637371020 24.1 78.9 0 4.082
1637371080 24.08 78.98 0 4.082
1637371140 24.08 79.05 0 4.076
1637371200 24.05 79.14 0 4.082
1637371260 24.04 79.24 0 4.082
1637371320 24.04 79.29 0 4.082
1637371380 24.04 79.33 0 4.082
1637371440 24.04 79.39 0 4.082
1637371500 24.01 79.5 0 4.082
1637371560 24 79.61 0 4.082
1637371620 23.97 79.65 0 4.082
1637371680 23.95 79.74 0 4.082
1637371740 23.98 79.79 0 4.082
1637371800 23.92 79.84 0 4.082
1637371860 23.97 79.91 0 4.082
1637371920 23.94 79.97 0 4.082
1637371980 23.94 80.04 0 4.082
1637372040 23.89 80.05 0 4.076
1637372100 23.94 80.17 0 4.082
1637372160 23.91 80.16 0 4.082
1637372220 23.91 80.22 0 4.082
1637372280 23.88 80.27 0 4.082
1637372340 23.88 80.29 0 4.082
1637372400 23.91 80.37 0 4.082
1637372460 23.88 80.38 0 4.082
1637372520 23.88 80.43 0 4.082
1637372580 23.91 80.47 0 4.082
1637372640 23.87 80.48 0 4.082
1637372700 23.87 80.48 0 4.082
1637372760 23.89 80.56 0 4.082
1637372820 23.89 80.57 0 4.082
1637372880 23.92 80.58 0 4.082
1637372940 23.94 80.59 0 4.076
1637373000 23.95 80.6 0 4.082
1637373060 23.95 80.52 0 4.082
1637373120 23.97 80.49 0 4.082
1637373180 23.97 80.45 0 4.082
1637373240 24 80.44 0 4.076
1637373300 24.01 80.39 0 4.082
1637373360 24 80.36 0 4.082
1637373420 24.01 80.29 0 4.076
1637373480 23.98 80.26 0 4.082
1637373540 23.97 80.24 0 4.082
1637373600 23.98 80.24 0 4.082
1637373660 23.97 80.23 0 4.076
1637373720 23.92 80.26 0 4.082
1637373780 23.92 80.25 0 4.082
1637373840 23.85 80.28 0 4.076
1637373900 23.87 80.28 0 4.076
1637373960 23.84 80.32 0 4.076
1637374020 23.84 80.32 0 4.082
1637374080 23.84 80.35 0 4.076
1637374140 23.85 80.36 0 4.082
1637374200 23.85 80.39 0 4.082
1637374260 23.85 80.37 0 4.076
1637374320 23.84 80.45 0 4.082
1637374380 23.81 80.49 0 4.082
1637374440 23.81 80.53 0 4.082
1637374500 23.77 80.57 0 4.076
1637374560 23.77 80.62 0 4.076
1637374620 23.78 80.65 0 4.082
1637374680 23.81 80.68 0 4.076
1637374740 23.77 80.7 0 4.076
1637374800 23.74 80.75 0 4.076
1637374860 23.74 80.8 0 4.076
1637374920 23.75 80.85 0 4.076
1637374980 23.74 80.91 0 4.076
1637375040 23.71 80.97 0 4.076
1637375100 23.72 81.02 0 4.076
1637375160 23.7 81.05 0 4.076
1637375220 23.65 81.09 0 4.082
1637375280 23.65 81.13 0 4.082
1637375340 23.67 81.24 0 4.082
1637375400 23.65 81.28 0 4.082
1637375460 23.65 81.32 0 4.076
1637375520 23.65 81.38 0 4.076
1637375580 23.63 81.38 0 4.076
1637375640 23.67 81.42 0 4.065
1637375700 23.64 81.53 0 4.076
1637375760 23.63 81.51 0 4.076
1637375820 23.63 81.53 0 4.076
1637375880 23.64 81.59 0 4.076
1637375940 23.64 81.62 0 4.082
1637376000 23.63 81.64 0 4.076
1637376060 23.63 81.7 0 4.076
1637376120 23.64 81.71 0 4.082
1637376180 23.6 81.74 0 4.076
1637376240 23.6 81.77 0 4.076
1637376300 23.59 81.82 0 4.076
1637376360 23.59 81.84 0 4.082
1637376420 23.57 81.88 0 4.076
1637376480 23.59 81.89 0 4.076
1637376540 23.59 81.91 0 4.076
1637376600 23.59 81.96 0 4.076
1637376660 23.59 82.03 0 4.076
1637376720 23.59 82.06 0 4.076
1637376780 23.59 82.06 0 4.076
1637376840 23.57 82.14 0 4.076
1637376900 23.56 82.11 0 4.076
1637376960 23.56 82.15 0 4.076
1637377020 23.56 82.19 0 4.076
1637377080 23.56 82.21 0 4.076
1637377140 23.53 82.23 0 4.076
1637377200 23.56 82.27 0 4.076
1637377260 23.56 82.32 0 4.076
1637377320 23.54 82.36 0 4.076
1637377380 23.56 82.37 0 4.076
1637377440 23.53 82.39 0 4.076
1637377500 23.53 82.42 0 4.076
1637377560 23.51 82.45 0 4.076
1637377620 23.53 82.46 0 4.076
1637377680 23.5 82.46 0 4.076
1637377740 23.51 82.5 0 4.076
1637377800 23.51 82.52 0 4.076
1637377860 23.51 82.62 0 4.076
1637377920 23.5 82.61 0 4.076
1637377980 23.47 82.58 0 4.076
1637378040 23.51 82.65 0 4.076
1637378100 23.5 82.66 0 4.076
1637378160 23.5 82.68 0 4.076
1637378220 23.5 82.72 0 4.076
1637378280 23.5 82.77 0 4.076
1637378340 23.5 82.77 0 4.076
1637378400 23.5 82.8 0 4.076
1637378460 23.5 82.8 0 4.076
1637378520 23.5 82.85 0 4.076
1637378580 23.49 82.83 0 4.076
1637378640 23.49 82.88 0 4.076
1637378700 23.49 82.92 0 4.076
1637378760 23.47 82.91 0 4.076
1637378820 23.47 82.93 0 4.076
1637378880 23.46 82.93 0 4.076
1637378940 23.47 82.93 0 4.076
1637379000 23.49 82.96 0 4.076
1637379060 23.46 82.94 0 4.076
1637379120 23.43 82.95 0 4.076
1637379180 23.44 82.99 0 4.076
1637379240 23.47 82.98 0 4.071
1637379300 23.43 83.02 0 4.076
1637379360 23.44 83.04 0 4.071
1637379420 23.46 83.04 0 4.076
1637379480 23.44 83.06 0 4.076
1637379540 23.46 83.04 0 4.076
1637379600 23.43 83.07 0 4.076
1637379660 23.41 83.11 0 4.076
1637379720 23.41 83.12 0 4.076
1637379780 23.43 83.12 0 4.076
1637379840 23.4 83.15 0 4.076
1637379900 23.4 83.16 0 4.076
1637379960 23.4 83.2 0 4.076
1637380020 23.4 83.17 0 4.076
1637380080 23.39 83.19 0 4.076
1637380140 23.39 83.15 0 4.071
1637380200 23.41 83.19 0 4.076
1637380260 23.4 83.2 0 4.071
1637380320 23.34 83.22 0 4.076
1637380380 23.36 83.28 0 4.076
1637380440 23.37 83.3 0 4.076
1637380500 23.36 83.35 0 4.076
1637380560 23.34 83.35 0 4.076
1637380620 23.36 83.36 0 4.076
1637380680 23.34 83.42 0 4.076
1637380740 23.33 83.44 0 4.076
1637380800 23.31 83.48 0 4.076
1637380860 23.3 83.47 0 4.076
1637380920 23.29 83.49 0 4.076
1637380980 23.31 83.52 0 4.071
1637381040 23.29 83.52 0 4.071
1637381100 23.3 83.57 0 4.071
1637381160 23.24 83.56 0 4.076
1637381220 23.26 83.57 0 4.076
1637381280 23.26 83.6 0 4.076
1637381340 23.21 83.62 0 4.071
1637381400 23.21 83.66 0 4.076
1637381460 23.19 83.7 0 4.076
1637381520 23.19 83.75 0 4.076
1637381580 23.14 83.8 0 4.071
1637381640 23.16 83.83 0 4.076
1637381700 23.16 83.87 0 4.071
1637381760 23.16 83.9 0 4.076
1637381820 23.16 83.94 0 4.076
1637381880 23.17 83.93 0 4.076
1637381940 23.17 83.95 0 4.071
1637382000 23.14 83.94 0 4.071
1637382060 23.14 83.95 0 4.071
1637382120 23.13 83.95 0 4.076
1637382180 23.12 83.93 0 4.071
1637382240 23.1 83.93 0 4.076
1637382300 23.1 83.9 0 4.076
1637382360 23.13 83.89 0 4.076
1637382420 23.1 83.83 0 4.076
1637382480 23.1 83.84 0 4.076
1637382540 23.06 83.77 0 4.076
1637382600 23.09 83.77 0 4.071
1637382660 23.07 83.78 0 4.071
1637382720 23.09 83.78 0 4.071
1637382780 23.06 83.75 0 4.071
1637382840 23.06 83.72 0 4.071
1637382900 23.09 83.74 0 4.071
1637382960 23.12 83.72 0 4.071
1637383020 23.1 83.68 0 4.076
1637383080 23.14 83.68 0 4.076
1637383140 23.14 83.65 0 4.071
1637383200 23.17 83.63 0 4.071
1637383260 23.14 83.55 0 4.071
1637383320 23.17 83.57 0 4.071
1637383380 23.16 83.44 0 4.076
1637383440 23.16 83.36 0 4.071
1637383500 23.16 83.28 0 4.071
1637383560 23.14 83.2 0 4.071
1637383620 23.16 83.16 0 4.071
1637383680 23.17 83.12 0 4.076
1637383740 23.19 83.08 0 4.071
1637383800 23.16 83.06 0 4.071
1637383860 23.19 83.04 0 4.071
1637383920 23.16 83.05 0 4.071
1637383980 23.12 83.01 0 4.071
1637384040 23.12 82.87 0 4.071
1637384100 23.1 82.79 0 4.071
1637384160 23.09 82.72 0 4.071
1637384220 23.07 82.68 0 4.071
1637384280 23.05 82.58 0 4.071
1637384340 23.05 82.6 0 4.071
