1637298000 22.16 79.8 0 4.012
1637298060 22.13 79.84 0 4.012
1637298120 22.12 79.98 0 4.012
1637298180 22.09 80.23 0 4.012
1637298240 22.07 80.35 0 4.012
1637298300 22.13 80.32 0 4.012
1637298360 22.13 80.6 0 4.012
1637298420 22.09 80.88 0 4.012
1637298480 22 81.01 0 4.012
1637298540 21.99 81.35 0 4.006
1637298600 21.88 81.82 0 4.006
1637298660 21.75 82.22 0 4.012
1637298720 21.72 82.46 0 4.012
1637298780 21.65 82.59 0 4.012
1637298840 21.59 82.79 0 4.006
1637298900 21.56 82.95 0 4.012
1637298960 21.55 83.15 0 4.012
1637299020 21.52 83.17 0 4.012
1637299080 21.49 83.08 0 4.012
1637299140 21.46 83.37 0 4.012
1637299200 21.41 83.28 0 4.012
1637299260 21.41 83.39 0 4.012
1637299320 21.4 83.23 0 4.012
1637299380 21.49 82.79 0 4.006
1637299440 21.52 82.54 0 4.006
1637299500 21.52 82.52 0 4.006
1637299560 21.51 82.54 0 4.006
1637299620 21.55 82.55 0 4.006
1637299680 21.55 82.48 0 4.006
1637299740 21.54 82.55 0 4.006
1637299800 21.52 82.53 0 4.006
1637299860 21.48 82.65 0 4.006
1637299920 21.49 82.64 0 4.006
1637299980 21.46 82.58 0 4.006
1637300040 21.49 82.41 0 4.006
1637300100 21.48 82.32 0 4.006
1637300160 21.48 82.6 0 4.006
1637300220 21.49 82.36 0 4.006
1637300280 21.51 82.11 0 4.006
1637300340 21.52 81.95 0 4.006
1637300400 21.55 81.8 0 4.001
1637300460 21.55 81.38 0 4.006
1637300520 21.58 81.21 0 4.006
1637300580 21.73 80.69 0 4.006
1637300640 21.76 80.21 0 4.006
1637300700 21.69 80.62 0 4.006
1637300760 21.78 80.4 0 4.006
1637300820 21.82 80.31 0 4.006
1637300880 21.85 80.07 0 4.006
1637300940 21.91 79.97 0 4.006
1637301000 21.95 79.73 0 4.006
1637301060 21.99 79.48 0 4.006
1637301120 22.05 79.24 0 4.006
1637301180 22.07 79.1 0 4.006
1637301240 22.05 79.22 0 4.001
1637301300 22 79.34 0 4.001
1637301360 21.93 79.51 0 4.006
1637301420 21.86 79.85 0 4.001
1637301480 21.81 79.92 0 4.001
1637301540 21.79 80.08 0 4.006
1637301600 21.81 79.88 0 4.006
1637301660 21.76 80.06 0 4.001
1637301720 21.85 79.8 0 4.001
1637301780 21.93 79.49 0 4.006
1637301840 21.96 79.33 0 4.006
1637301900 21.96 79.49 0 4.006
1637301960 21.99 79.58 0 4.006
1637302020 21.93 79.86 0 4.001
1637302080 21.88 80.1 0 4.001
1637302140 21.85 80.34 0 4.001
1637302200 21.78 80.57 0 4.001
1637302260 21.73 80.95 0 4.001
1637302320 21.66 81.22 0 4.001
1637302380 21.61 81.52 0 4.001
1637302440 21.55 81.82 0 4.001
1637302500 21.52 82.3 0 4.001
1637302560 21.45 82.43 0 4.006
1637302620 21.42 82.59 0 4.001
1637302680 21.4 82.68 0 4.001
1637302740 21.35 82.56 0 4.001
1637302800 21.28 82.69 0 4.001
1637302860 21.21 82.81 0 4.001
1637302920 21.11 83.12 0 4.001
1637302980 21.02 83.81 0 4.001
1637303040 20.93 84.42 0 4.001
1637303100 20.94 84.5 0 4.001
1637303160 20.97 84.56 0 4.001
1637303220 20.91 84.93 0 4.001
1637303280 20.83 85.56 0 4.001
1637303340 20.73 86 0 4.001
1637303400 20.69 86.51 0 4.001
1637303460 20.63 86.89 0 4.001
1637303520 20.63 86.99 0 4.001
1637303580 20.66 86.97 0 4.001
1637303640 20.66 87.14 0 4.001
1637303700 20.63 87.42 0 4.001
1637303760 20.59 87.87 0 4.001
1637303820 20.6 88.15 0 4.001
1637303880 20.6 88.38 0 4.001
1637303940 20.62 88.21 0 3.996
1637304000 20.69 88.73 0 4.001
1637304060 20.67 88.82 0 3.996
1637304120 20.69 88.87 0 4.001
1637304180 20.65 88.59 0 4.001
1637304240 20.66 88.99 0 3.996
1637304300 20.67 89.04 0 4.001
1637304360 20.66 89.12 0 3.996
1637304420 20.6 89.13 0 4.001
1637304480 20.66 89.42 0 4.001
1637304540 20.63 89.57 0 3.996
1637304600 20.59 89.46 0 4.001
1637304660 20.59 89.5 0 4.001
1637304720 20.59 89.61 0 3.996
1637304780 20.57 89.81 0 4.001
1637304840 20.6 90.24 0 3.996
1637304900 20.56 90.34 0 3.996
1637304960 20.59 90.51 0 3.996
1637305020 20.54 90.62 0 3.996
1637305080 20.54 90.7 0 3.996
1637305140 20.56 90.78 0 3.996
1637305200 20.59 90.78 0 3.996
1637305260 20.59 90.8 0 3.996
1637305320 20.62 91.01 0 3.996
1637305380 20.59 91.11 0 3.996
1637305440 20.62 91.48 0 4.001
1637305500 20.62 91.38 0 3.996
1637305560 20.59 91.48 0 3.996
1637305620 20.62 91.64 0 3.996
1637305680 20.63 91.4 0 3.996
1637305740 20.65 91.59 0 3.996
1637305800 20.65 91.68 0 3.996
1637305860 20.65 91.76 0 3.996
1637305920 20.65 91.79 0 3.996
1637305980 20.63 91.9 0 3.996
1637306040 20.62 91.87 0 3.996
1637306100 20.63 92.02 0 3.996
1637306160 20.6 91.92 0 3.996
1637306220 20.6 92.01 0 3.996
1637306280 20.59 92.03 0 3.996
1637306340 20.62 92 0 3.996
1637306400 20.6 92.15 0 3.996
1637306460 20.59 92.2 0 3.996
1637306520 20.57 92.25 0 3.996
1637306580 20.53 92.43 0 3.996
1637306640 20.59 92.59 0 3.99
1637306700 20.6 92.63 0 3.99
1637306760 20.63 92.6 0 3.99
1637306820 20.65 92.62 0 3.99
1637306880 20.63 92.57 0 3.99
1637306940 20.62 92.55 0 3.996
1637307000 20.6 92.42 0 3.996
1637307060 20.59 92.52 0 3.996
1637307120 20.56 92.71 0 3.996
1637307180 20.56 92.59 0 3.99
1637307240 20.54 92.41 0 3.996
1637307300 20.53 92.51 0 3.996
1637307360 20.53 92.58 0 3.996
1637307420 20.47 92.42 0 3.996
1637307480 20.42 92.48 0 3.99
1637307540 20.35 92.54 0 3.996
1637307600 20.35 92.74 0 3.99
1637307660 20.32 92.84 0 3.996
1637307720 20.3 92.86 0 3.99
1637307780 20.28 92.91 0 3.99
1637307840 20.26 92.88 0 3.996
1637307900 20.25 92.67 0 3.99
1637307960 20.25 92.53 0 3.996
1637308020 20.23 92.55 0 3.99
1637308080 20.22 92.39 0 3.996
1637308140 20.25 92.4 0 3.99
1637308200 20.23 92.55 0 3.99
1637308260 20.23 92.4 0 3.99
1637308320 20.23 92.19 0 3.99
1637308380 20.2 92.22 0 3.99
1637308440 20.22 92.11 0 3.99
1637308500 20.18 92 0 3.99
1637308560 20.2 91.98 0 3.99
1637308620 20.2 91.47 0 3.99
1637308680 20.26 91.53 0 3.99
1637308740 20.36 91.36 0 3.99
1637308800 20.42 91.1 0 3.99
1637308860 20.42 90.76 0 3.99
1637308920 20.39 90.74 0 3.99
1637308980 20.36 90.79 0 3.99
1637309040 20.35 90.79 0 3.99
1637309100 20.33 90.73 0 3.99
1637309160 20.32 90.6 0 3.99
1637309220 20.3 90.39 0 3.99
1637309280 20.29 90.32 0 3.99
1637309340 20.3 90.19 0 3.985
1637309400 20.32 90.29 0 3.985
1637309460 20.26 89.97 0 3.985
1637309520 20.26 89.46 0 3.99
1637309580 20.28 89.91 0 3.985
1637309640 20.28 89.59 0 3.99
1637309700 20.3 89.51 0 3.99
1637309760 20.28 89.43 0 3.99
1637309820 20.29 89.16 0 3.99
1637309880 20.3 89.36 0 3.99
1637309940 20.3 89.21 0 3.99
1637310000 20.25 88.97 0 3.985
1637310060 20.22 88.3 0 3.99
1637310120 20.26 87.36 0 3.99
1637310180 20.29 86.77 0 3.99
1637310240 20.36 86.58 0 3.985
1637310300 20.33 86.08 0 3.99
1637310360 20.42 86.32 0 3.985
1637310420 20.44 86.6 0 3.985
1637310480 20.46 86.39 0 3.985
1637310540 20.47 86.67 0 3.985
1637310600 20.4 86.53 0 3.985
1637310660 20.36 86.9 0 3.985
1637310720 20.35 86.66 0 3.99
1637310780 20.3 86.76 0 3.99
1637310840 20.36 87.24 0 3.985
1637310900 20.35 86.06 0 3.985
1637310960 20.43 85.55 0 3.985
1637311020 20.43 85.28 0 3.985
1637311080 20.49 85.31 0 3.99
1637311140 20.46 85.14 0 3.985
1637311200 20.43 85.01 0 3.985
1637311260 20.35 85.23 0 3.985
1637311320 20.35 85.72 0 3.985
1637311380 20.33 85.86 0 3.985
1637311440 20.4 86.41 0 3.985
1637311500 20.46 87.35 0 3.985
1637311560 20.5 87.21 0 3.985
1637311620 20.49 87.18 0 3.985
1637311680 20.44 87.5 0 3.985
1637311740 20.47 87.69 0 3.985
1637311800 20.46 87.71 0 3.985
1637311860 20.51 87.92 0 3.985
1637311920 20.63 88.79 0 3.985
1637311980 20.66 88.95 0 3.985
1637312040 20.69 88.81 0 3.979
1637312100 20.69 88.58 0 3.985
1637312160 20.76 88.77 0 3.985
1637312220 20.73 88.63 0 3.985
1637312280 20.71 88.92 0 3.985
1637312340 20.69 88.94 0 3.985
1637312400 20.65 88.98 0 3.985
1637312460 20.66 88.96 0 3.985
1637312520 20.62 88.85 0 3.985
1637312580 20.59 88.67 0 3.985
1637312640 20.6 88.74 0 3.985
1637312700 20.65 88.51 0 3.985
1637312760 20.63 88.35 0 3.985
1637312820 20.62 88.6 0 3.985
1637312880 20.62 88.6 0 3.985
1637312940 20.57 88.79 0 3.979
1637313000 20.54 89.06 0 3.979
1637313060 20.62 89.11 0 3.979
1637313120 20.54 88.92 0 3.979
1637313180 20.49 89.25 0 3.979
1637313240 20.53 89.17 0 3.985
1637313300 20.51 89.26 0 3.985
1637313360 20.53 88.9 0 3.985
1637313420 20.5 89.04 0 3.979
1637313480 20.47 89.1 0 3.985
1637313540 20.43 89.09 0 3.979
1637313600 20.42 89.47 0 3.979
1637313660 20.43 89.32 0 3.979
1637313720 20.44 89.57 0 3.979
1637313780 20.47 89.97 0 3.985
1637313840 20.51 89.28 0 3.979
1637313900 20.56 89.71 0 3.979
1637313960 20.63 89.45 0 3.985
1637314020 20.63 89.2 0 3.979
1637314080 20.57 89.01 0 3.979
1637314140 20.51 89.42 0 3.979
1637314200 20.56 89.79 0 3.979
1637314260 20.56 89.62 0 3.979
1637314320 20.54 89.77 0 3.979
1637314380 20.49 89.63 0 3.979
1637314440 20.5 90.01 0 3.979
1637314500 20.53 89.87 0 3.979
1637314560 20.49 89.85 0 3.979
1637314620 20.47 89.91 0 3.979
1637314680 20.47 90.03 0 3.979
1637314740 20.5 89.93 0 3.974
1637314800 20.49 89.82 0 3.979
1637314860 20.46 89.55 0 3.979
1637314920 20.47 89.83 0 3.979
1637314980 20.49 89.77 0 3.979
1637315040 20.44 89.58 0 3.979
1637315100 20.5 89.87 0 3.979
1637315160 20.54 89.47 0 3.979
1637315220 20.5 89.46 0 3.979
1637315280 20.49 89.59 0 3.979
1637315340 20.5 89.71 0 3.979
1637315400 20.54 89.58 0 3.979
1637315460 20.56 89.17 0 3.979
1637315520 20.6 88.94 0 3.979
1637315580 20.7 88.8 0 3.979
1637315640 20.7 88.54 0 3.974
1637315700 20.76 88.48 0 3.974
1637315760 20.7 88.47 0 3.974
1637315820 20.6 88.74 0 3.979
1637315880 20.51 89.72 0 3.974
1637315940 20.4 90.41 0 3.974
1637316000 20.32 90.77 0 3.979
1637316060 20.14 90.62 0 3.974
1637316120 20.09 90.84 0 3.979
1637316180 20 90.56 0 3.979
1637316240 19.84 89.53 0 3.979
1637316300 19.79 88.98 0 3.979
1637316360 19.78 88.63 0 3.979
1637316420 19.75 88.56 0 3.979
1637316480 19.71 88.97 0 3.979
1637316540 19.74 89.65 0 3.974
1637316600 19.74 89.95 0 3.979
1637316660 19.77 90.04 0 3.974
1637316720 19.69 89.63 0 3.979
1637316780 19.65 89.64 0 3.974
1637316840 19.62 89.33 0 3.974
1637316900 19.65 89.48 0 3.974
1637316960 19.65 89.59 0 3.974
1637317020 19.67 89.45 0 3.974
1637317080 19.67 88.7 0 3.974
1637317140 19.65 87.54 0 3.974
1637317200 19.61 86.42 0 3.974
1637317260 19.65 85.89 0 3.974
1637317320 19.69 85.88 0 3.974
1637317380 19.64 86.03 0 3.974
1637317440 19.58 85.79 0 3.974
1637317500 19.54 86.01 0 3.974
1637317560 19.5 86.06 0 3.974
1637317620 19.47 86.1 0 3.974
1637317680 19.31 84.62 0 3.974
1637317740 19.24 84.54 0 3.974
1637317800 19.21 84.76 0 3.974
1637317860 19.2 84.65 0 3.974
1637317920 19.16 84.93 0 3.974
1637317980 19.13 85.61 0 3.974
1637318040 19.13 84.91 0 3.974
1637318100 19.06 83.72 4 3.974
1637318160 19.06 83.63 0 3.974
1637318220 19.06 84.11 0 3.974
1637318280 19.06 84.13 4 3.974
1637318340 19.02 83.75 0 3.969
1637318400 18.99 83.57 4 3.974
1637318460 19.02 84.06 4 3.969
1637318520 18.97 83.06 4 3.974
1637318580 18.97 83.36 4 3.974
1637318640 18.92 83.47 4 3.974
1637318700 18.93 82.04 4 3.974
1637318760 19 81.44 4 3.974
1637318820 19.02 81.38 4 3.974
1637318880 19.1 80.56 4 3.974
1637318940 19.2 79.91 4 3.974
1637319000 19.23 79.74 4 3.969
1637319060 19.27 79.63 4 3.974
1637319120 19.3 79.75 10 3.974
1637319180 19.3 79.88 10 3.974
1637319240 19.33 80.17 10 3.969
1637319300 19.27 80.03 10 3.969
1637319360 19.33 79.65 10 3.969
1637319420 19.38 79.76 10 3.969
1637319480 19.33 79.85 16 3.969
1637319540 19.33 79.81 16 3.974
1637319600 19.31 79.49 16 3.974
1637319660 19.28 79.33 16 3.969
1637319720 19.24 79.42 22 3.974
1637319780 19.27 79.33 22 3.974
1637319840 19.34 78.39 22 3.969
1637319900 19.38 78.42 22 3.969
1637319960 19.43 77.82 22 3.969
1637320020 19.4 77.76 22 3.974
1637320080 19.46 77.46 28 3.974
1637320140 19.5 77.32 28 3.963
1637320200 19.56 76.57 34 3.969
1637320260 19.67 76.36 34 3.969
1637320320 19.71 76.16 34 3.969
1637320380 19.78 76.39 34 3.969
1637320440 19.75 75.93 40 3.969
1637320500 19.79 75.53 40 3.969
1637320560 19.77 75.54 40 3.969
1637320620 19.75 75.9 40 3.969
1637320680 19.75 75.89 40 3.969
1637320740 19.72 75.91 46 3.969
1637320800 19.74 75.48 75 3.969
1637320860 19.82 74.94 97 3.974
1637320920 19.93 75 97 3.969
1637320980 20.15 74.69 103 3.969
1637321040 20.32 73.87 109 3.969
1637321100 20.5 73.24 109 3.969
1637321160 20.66 72.48 115 3.969
1637321220 20.8 71.95 115 3.969
1637321280 20.91 71.56 121 3.969
1637321340 21.05 71.04 103 3.969
1637321400 21.1 70.73 87 3.969
1637321460 21.04 70.59 134 3.969
1637321520 21.05 70.73 140 3.969
1637321580 21.17 70.63 150 3.969
1637321640 21.32 69.95 156 3.969
1637321700 21.46 69.95 121 3.969
1637321760 21.52 69.45 87 3.969
1637321820 21.59 69.79 103 3.969
1637321880 21.58 70.11 121 3.974
1637321940 21.65 70.09 144 3.969
1637322000 21.69 69.99 140 3.969
1637322060 21.85 69.67 197 3.969
1637322120 22 69.24 209 3.969
1637322180 22.2 68.68 221 3.974
1637322240 22.54 67.76 233 3.979
1637322300 22.78 66.74 243 3.974
1637322360 22.81 66.65 256 3.979
1637322420 22.71 66.95 262 3.974
1637322480 22.74 66.97 180 3.979
1637322540 22.74 67.26 209 3.974
1637322600 22.91 66.69 227 3.979
1637322660 23.08 66.36 262 3.979
1637322720 23.22 66.1 268 3.979
1637322780 23.48 65.1 274 3.979
1637322840 23.53 64.88 262 3.974
1637322900 23.95 63.93 251 3.974
1637322960 24.06 63.31 239 3.974
1637323020 24.17 62.79 233 3.979
1637323080 24.26 62.03 233 3.979
1637323140 24.01 61.33 233 3.974
1637323200 23.42 62.82 233 3.974
1637323260 23.45 63.71 239 3.979
1637323320 23.59 63.11 245 3.979
1637323380 23.89 62.99 249 3.979
1637323440 23.77 63.38 249 3.979
1637323500 23.73 63.68 251 3.979
1637323560 23.36 65.27 262 3.979
1637323620 23.39 65.24 274 3.979
1637323680 23.49 64.92 274 3.979
1637323740 23.48 65.18 280 3.979
1637323800 23.5 65.63 286 3.979
1637323860 23.63 65.63 256 3.979
1637323920 23.49 66.44 286 3.979
1637323980 23.41 67.03 140 3.974
1637324040 23.25 67.82 262 3.979
1637324100 23.21 68.49 286 3.979
1637324160 23.29 69.14 292 3.979
1637324220 23.18 70.35 298 3.985
1637324280 23.33 70.25 298 3.985
1637324340 23.05 71.74 304 3.985
1637324400 22.88 72.91 304 3.985
1637324460 22.98 73.42 310 3.985
1637324520 23.24 72.56 310 3.985
1637324580 23.14 73.18 316 3.99
1637324640 23.11 73.6 316 3.985
1637324700 23.05 74.08 316 3.985
1637324760 23.09 74.04 322 3.985
1637324820 23.05 74.58 328 3.985
1637324880 23.04 74.8 334 3.99
1637324940 23.32 74.49 338 3.99
1637325000 23.42 73.62 338 3.99
1637325060 23.63 73.04 344 3.996
1637325120 23.53 73.17 352 3.996
1637325180 23.79 73.11 358 3.996
1637325240 23.99 72 364 3.996
1637325300 23.89 72.44 370 4.001
1637325360 24.16 72.17 376 4.001
1637325420 24.01 72.09 376 4.001
1637325480 23.86 72.67 376 4.006
1637325540 23.86 73.17 380 4.001
1637325600 23.96 73.15 388 4.006
1637325660 24.06 72.61 388 4.006
1637325720 24.07 72.84 388 4.006
1637325780 23.84 73.23 394 4.006
1637325840 23.76 73.96 400 4.012
1637325900 23.92 73.44 400 4.012
1637325960 24.16 73.35 412 4.012
1637326020 24.03 73.08 418 4.012
1637326080 23.93 73.56 424 4.017
1637326140 23.8 74.17 424 4.017
1637326200 24.07 73.74 424 4.017
1637326260 23.97 73.34 436 4.022
1637326320 23.95 73.61 436 4.022
1637326380 23.92 73.93 442 4.028
1637326440 24.19 72.82 436 4.022
1637326500 24.3 72.18 454 4.028
1637326560 24.21 72.54 448 4.028
1637326620 24.41 72.23 454 4.028
1637326680 24.55 71.49 468 4.033
1637326740 24.4 71.45 474 4.033
1637326800 24.6 71.24 355 4.028
1637326860 24.82 71.29 462 4.033
1637326920 24.88 70.05 337 4.033
1637326980 25.22 69.25 359 4.028
1637327040 25.7 68.29 254 4.028
1637327100 25.88 67.1 230 4.022
1637327160 25.83 67.44 283 4.028
1637327220 25.94 67.45 313 4.033
1637327280 26.23 66.35 414 4.033
1637327340 25.94 66.55 539 4.039
1637327400 26.04 66.75 540 4.044
1637327460 26.05 62 540 4.044
1637327520 25.6 61.24 480 4.044
1637327580 25.9 61.27 499 4.049
1637327640 26.24 60.13 540 4.049
1637327700 26.46 58.35 542 4.055
1637327760 26.54 57.93 554 4.06
1637327820 26.78 57.47 554 4.06
1637327880 26.82 57.18 560 4.06
1637327940 26.76 58.82 561 4.065
1637328000 26.45 58.55 561 4.065
1637328060 26.25 60.09 567 4.071
1637328120 26.37 59.93 579 4.071
1637328180 26.54 58.79 587 4.076
1637328240 26.69 59.08 599 4.071
1637328300 26.83 58.85 611 4.076
1637328360 26.3 60.6 605 4.082
1637328420 26.13 61.46 617 4.082
1637328480 26.11 61.5 618 4.087
1637328540 26.21 62.17 636 4.092
1637328600 26.46 60.98 655 4.092
1637328660 26.37 60.56 656 4.098
1637328720 26.41 60.79 644 4.098
1637328780 27.05 60.29 185 4.065
1637328840 26.89 59.82 191 4.071
1637328900 26.76 59.95 197 4.071
1637328960 26.66 61.89 548 4.06
1637329020 26.32 62.58 655 4.055
1637329080 26.42 61.94 499 4.055
1637329140 26.44 61.91 624 4.049
1637329200 26.49 61.7 665 4.049
1637329260 26.74 61.12 659 4.049
1637329320 26.71 60.97 659 4.049
1637329380 26.86 60.19 677 4.049
1637329440 26.66 60.37 695 4.049
1637329500 27.19 59.9 695 4.049
1637329560 26.65 61.7 712 4.049
1637329620 26.49 62.49 612 4.044
1637329680 26.71 62.51 153 4.049
1637329740 26.55 62.74 219 4.06
1637329800 26.31 62.63 338 4.049
1637329860 25.94 64.06 243 4.049
1637329920 25.67 64.8 165 4.055
1637329980 25.43 65.45 683 4.044
1637330040 25.47 65.91 707 4.087
1637330100 25.57 65.28 624 4.092
1637330160 25.6 65 716 4.098
1637330220 26.08 64.13 730 4.108
1637330280 26.79 62.28 737 4.114
1637330340 26.78 61.26 743 4.119
1637330400 26.59 61.84 745 4.092
1637330460 26.65 61.66 748 4.082
1637330520 26.52 62.22 688 4.076
1637330580 26.69 61.7 734 4.071
1637330640 26.66 61.72 777 4.071
1637330700 26.46 62.13 789 4.071
1637330760 26.52 62.5 716 4.065
1637330820 26.99 61.23 764 4.065
1637330880 27.9 58.89 262 4.065
1637330940 28.34 57.27 450 4.087
1637331000 28 57.16 768 4.114
1637331060 27.68 58.21 798 4.087
1637331120 27.09 59.93 832 4.076
1637331180 27.13 60.26 849 4.071
1637331240 27.41 59.84 867 4.076
1637331300 27.57 59.08 819 4.071
1637331360 27.91 58.35 835 4.065
1637331420 27.97 57.93 847 4.065
1637331480 27.95 57.79 865 4.071
1637331540 27.87 58.17 871 4.065
1637331600 27.64 58.8 889 4.065
1637331660 27.83 58.62 889 4.065
1637331720 28.12 58.57 894 4.065
1637331780 28.21 57.8 894 4.06
1637331840 28.19 57.79 892 4.06
1637331900 28.36 57.4 918 4.06
1637331960 28.35 57.65 930 4.055
1637332020 28.58 56.78 936 4.055
1637332080 28.25 57.08 954 4.06
1637332140 28.16 57.69 954 4.06
1637332200 28.26 57.43 947 4.055
1637332260 28.34 57.39 876 4.055
1637332320 28.35 57.11 286 4.071
1637332380 28.16 57.88 338 4.06
1637332440 28 58.6 304 4.055
1637332500 28.16 57.52 989 4.055
1637332560 28.26 57.82 1007 4.06
1637332620 28.29 56.97 326 4.055
1637332680 28.76 56.53 618 4.055
1637332740 28.87 55.6 292 4.065
1637332800 28.82 55.55 292 4.065
1637332860 28.62 55.71 280 4.071
1637332920 27.97 57.54 274 4.071
1637332980 27.67 59.03 268 4.071
1637333040 27.33 59.74 256 4.076
1637333100 27.2 60.25 245 4.076
1637333160 26.81 61.53 233 4.071
1637333220 26.37 63.02 221 4.076
1637333280 26.17 64.02 209 4.076
1637333340 25.98 64.73 215 4.071
1637333400 26.04 64.88 215 4.076
1637333460 25.88 65.17 221 4.076
1637333520 25.72 65.67 227 4.076
1637333580 25.66 66.04 233 4.082
1637333640 25.5 66.36 251 4.076
1637333700 25.39 66.99 257 4.076
1637333760 25.46 66.97 257 4.082
1637333820 25.37 67.35 251 4.082
1637333880 25.32 67.18 251 4.082
1637333940 25.28 67.47 263 4.087
1637334000 25.34 67.22 275 4.087
1637334060 25.12 67.85 293 4.087
1637334120 25.16 68.13 299 4.076
1637334180 25.16 68.21 561 4.076
1637334240 25.23 67.98 346 4.071
1637334300 25.44 67.51 478 4.071
1637334360 25.57 67.01 724 4.071
1637334420 25.53 67.33 873 4.071
1637334480 26.05 66.41 1021 4.065
1637334540 26.14 65.28 939 4.071
1637334600 26.2 65.24 1021 4.071
1637334660 26.66 64.15 1045 4.071
1637334720 26.63 63.87 1075 4.065
1637334780 27.03 63.18 936 4.065
1637334840 27.16 62.14 614 4.065
1637334900 27.43 61.26 680 4.06
1637334960 27.25 62.08 507 4.065
1637335020 27.22 61.95 620 4.06
1637335080 27.34 61.28 620 4.065
1637335140 26.99 62.94 507 4.06
1637335200 26.96 63.77 465 4.06
1637335260 26.96 63.75 447 4.06
1637335320 26.79 63.87 483 4.06
1637335380 26.82 63.99 620 4.06
1637335440 27.03 63.45 614 4.103
1637335500 26.99 63.54 1114 4.076
1637335560 27.05 63.58 700 4.071
1637335620 27.6 62.14 980 4.071
1637335680 27.02 62.98 555 4.065
1637335740 27.25 63.05 591 4.06
1637335800 27.19 63.17 1039 4.065
1637335860 27.41 62.96 1039 4.065
1637335920 27.94 61.44 1051 4.06
1637335980 28.48 59.41 374 4.065
1637336040 28.08 59.74 870 4.06
1637336100 27.84 60.23 1049 4.06
1637336160 27.72 60.68 1049 4.06
1637336220 27.74 60.35 1055 4.06
1637336280 27.6 61.16 1043 4.06
1637336340 28.35 59.6 1085 4.13
1637336400 28.58 58.64 1115 4.151
1637336460 28.82 58.16 1124 4.162
1637336520 29.33 56.9 640 4.108
1637336580 29.06 56.26 403 4.092
1637336640 28.86 56.67 420 4.092
1637336700 28.18 58.35 643 4.087
1637336760 27.57 59.82 1093 4.087
1637336820 27.64 60.59 1081 4.082
1637336880 27.78 60.14 1091 4.082
1637336940 28.14 59 1097 4.082
1637337000 28.21 58.68 1115 4.082
1637337060 28.18 58.54 1158 4.082
1637337120 28.39 58.34 1227 4.076
1637337180 29.12 56.39 508 4.076
1637337240 29.14 55.67 623 4.082
1637337300 28.99 56.2 581 4.076
1637337360 28.87 56.39 933 4.076
1637337420 28.26 58.14 539 4.076
1637337480 28.02 58.79 418 4.076
1637337540 27.72 59.65 418 4.076
1637337600 27.64 60.05 430 4.076
1637337660 27.26 60.95 400 4.071
1637337720 27.67 58.62 412 4.071
1637337780 27.76 57.63 531 4.071
1637337840 27.65 58.31 856 4.076
1637337900 27.49 58.27 507 4.071
1637337960 27.56 58.55 406 4.071
1637338020 27.4 58.95 340 4.071
1637338080 27.34 60.21 304 4.065
1637338140 27.5 60.74 269 4.082
1637338200 27.71 60.95 251 4.082
1637338260 27.61 61.38 233 4.082
1637338320 27.44 62.28 233 4.082
1637338380 27.51 62.01 245 4.082
1637338440 27.51 62.16 251 4.087
1637338500 27.4 61.99 269 4.092
1637338560 27.3 61.64 563 4.076
1637338620 27.13 60.88 316 4.076
1637338680 27.07 60.72 334 4.076
1637338740 27.05 60.85 382 4.076
1637338800 27 60.71 627 4.076
1637338860 26.99 60.36 454 4.071
1637338920 26.98 60.92 424 4.071
1637338980 27.02 60.64 460 4.071
1637339040 27.12 60.08 566 4.103
1637339100 27.2 60.03 537 4.108
1637339160 27.36 59.77 593 4.082
1637339220 27.57 59.4 1079 4.076
1637339280 27.68 58.57 563 4.076
1637339340 27.85 58.22 496 4.076
1637339400 27.77 58.4 448 4.076
1637339460 27.95 58.51 382 4.071
1637339520 28.07 59.2 310 4.071
1637339580 28.15 58.84 281 4.071
1637339640 27.64 61.51 262 4.071
1637339700 27.2 63.45 239 4.071
1637339760 26.99 64.51 227 4.071
1637339820 26.81 65.21 215 4.071
1637339880 26.62 64.95 209 4.071
1637339940 26.71 65.42 197 4.076
1637340000 26.55 66.08 191 4.076
1637340060 26.21 67.17 173 4.076
1637340120 26.18 67.59 167 4.076
1637340180 26.13 67.77 161 4.076
1637340240 26.07 68.2 161 4.076
1637340300 26.14 68.16 173 4.076
1637340360 26.08 68.58 185 4.076
1637340420 26.15 68.57 203 4.082
1637340480 26.14 68.69 209 4.082
1637340540 26.23 67.96 209 4.087
1637340600 26.2 67.25 215 4.087
1637340660 26.15 67 209 4.087
1637340720 25.94 67.52 197 4.087
1637340780 25.97 67.42 191 4.087
1637340840 26.01 67.09 185 4.082
1637340900 25.91 66.65 185 4.082
1637340960 26.03 66.47 185 4.082
1637341020 26.05 66.3 185 4.087
1637341080 26.13 66.21 179 4.087
1637341140 26 66.62 173 4.087
1637341200 25.98 66.76 173 4.087
1637341260 26.08 66.29 179 4.087
1637341320 25.98 65.94 185 4.087
1637341380 26 66.29 191 4.087
1637341440 26.13 66.29 203 4.092
1637341500 26.2 66.11 215 4.092
1637341560 26.25 66.56 233 4.092
1637341620 26.28 66.49 245 4.098
1637341680 26.25 66.83 265 4.098
1637341740 26.28 67.21 271 4.098
1637341800 26.37 67.47 265 4.098
1637341860 26.54 67.25 277 4.098
1637341920 26.3 67.83 295 4.103
1637341980 26.23 68.33 311 4.092
1637342040 26.2 68 329 4.087
1637342100 26.08 68.37 335 4.087
1637342160 26.31 67.77 353 4.087
1637342220 26.3 67.42 371 4.082
1637342280 26.38 67.07 377 4.087
1637342340 26.41 66.91 390 4.082
1637342400 26.51 66 390 4.082
1637342460 26.32 66.59 390 4.082
1637342520 26.51 66.35 396 4.082
1637342580 26.46 66.19 396 4.082
1637342640 26.52 66.59 403 4.103
1637342700 26.95 65.28 409 4.108
1637342760 27 63.05 399 4.114
1637342820 26.95 63.85 387 4.114
1637342880 26.86 64.28 374 4.119
1637342940 26.85 64.26 374 4.119
1637343000 26.9 64.14 380 4.125
1637343060 27.02 64.33 393 4.125
1637343120 27.03 64.89 421 4.103
1637343180 27.09 64.76 463 4.103
1637343240 27.02 64.76 463 4.098
1637343300 27.07 64.84 475 4.098
1637343360 27.02 64.52 661 4.092
1637343420 26.83 64.58 487 4.098
1637343480 26.85 64.73 462 4.098
1637343540 27.06 64.54 453 4.119
1637343600 27.14 63.75 436 4.125
1637343660 27.06 63.89 433 4.103
1637343720 26.96 64.32 427 4.098
1637343780 26.81 64.6 439 4.098
1637343840 26.79 65.14 457 4.098
1637343900 26.82 65.08 480 4.092
1637343960 26.93 64.91 534 4.092
1637344020 27.29 63.83 630 4.092
1637344080 27.37 63.75 462 4.092
1637344140 27.64 62.38 534 4.092
1637344200 27.5 62.52 438 4.087
1637344260 27.83 61.55 420 4.092
1637344320 27.71 61.72 414 4.087
1637344380 27.8 61.45 402 4.087
1637344440 27.71 61.57 409 4.108
1637344500 27.81 61.74 411 4.114
1637344560 27.81 61.51 405 4.119
1637344620 27.81 61.95 393 4.125
1637344680 27.68 61.43 387 4.13
1637344740 27.58 62.19 409 4.108
1637344800 27.4 62.58 433 4.103
1637344860 27.33 62.96 433 4.098
1637344920 27.2 62.55 433 4.103
1637344980 26.99 63.02 439 4.098
1637345040 27.16 63 451 4.098
1637345100 26.89 63.23 456 4.098
1637345160 26.74 63.91 469 4.098
1637345220 26.78 63.55 462 4.092
1637345280 27.07 63.1 444 4.092
1637345340 27.14 62.28 435 4.114
1637345400 27.12 62.27 436 4.125
1637345460 27.09 62.73 439 4.108
1637345520 26.95 63.35 433 4.103
1637345580 27 63.13 421 4.098
1637345640 26.79 63.66 421 4.098
1637345700 26.86 64.36 439 4.098
1637345760 27.17 63.37 445 4.092
1637345820 27.3 63.06 439 4.098
1637345880 27.23 63.05 439 4.092
1637345940 27.36 63.27 432 4.092
1637346000 27.44 62.89 432 4.092
1637346060 27.64 62.19 438 4.092
1637346120 27.56 61.96 444 4.092
1637346180 27.71 61.63 450 4.092
1637346240 27.88 61.34 465 4.119
1637346300 27.83 61.6 484 4.13
1637346360 28.01 61.05 512 4.098
1637346420 27.88 61.12 505 4.098
1637346480 27.74 61.57 499 4.098
1637346540 27.92 61.06 492 4.092
1637346600 27.63 61.34 504 4.092
1637346660 27.56 61.76 498 4.092
1637346720 27.63 61.78 498 4.092
1637346780 27.44 62.18 498 4.087
1637346840 27.51 62.3 492 4.092
1637346900 27.7 61.66 498 4.092
1637346960 27.95 61.06 492 4.092
1637347020 27.91 61.52 480 4.092
1637347080 28.01 61.46 474 4.092
1637347140 27.84 61.76 459 4.114
1637347200 27.51 62.85 447 4.119
1637347260 27.76 62.65 436 4.125
1637347320 27.58 62.65 415 4.108
1637347380 27.51 62.75 403 4.103
1637347440 27.85 62.59 391 4.098
1637347500 27.77 61.88 391 4.098
1637347560 27.85 62.27 403 4.092
1637347620 28.05 62.29 421 4.098
1637347680 28.32 61.8 439 4.092
1637347740 28.51 61.28 463 4.092
1637347800 28.73 60.46 480 4.092
1637347860 28.55 60.64 468 4.092
1637347920 28.08 62.12 480 4.092
1637347980 28.15 61.97 498 4.092
1637348040 27.71 63.04 495 4.119
1637348100 27.98 62.99 530 4.103
1637348160 27.95 62.57 524 4.098
1637348220 28.01 62.52 516 4.092
1637348280 28.22 62.21 546 4.098
1637348340 28.32 61.62 528 4.092
1637348400 28.28 61.7 540 4.092
1637348460 28.35 61.33 492 4.092
1637348520 28.12 62.12 594 4.092
1637348580 27.97 62.46 630 4.092
1637348640 27.74 63.31 630 4.087
1637348700 27.88 62.6 612 4.092
1637348760 27.67 63.22 600 4.092
1637348820 27.78 62.97 498 4.087
1637348880 27.78 62.63 444 4.087
1637348940 27.65 62.86 421 4.108
1637349000 27.34 64.03 423 4.114
1637349060 27.39 64.28 442 4.125
1637349120 27.67 63.91 518 4.103
1637349180 27.74 63.55 493 4.098
1637349240 28 62.82 469 4.098
1637349300 27.64 63.47 469 4.098
1637349360 27.4 63.93 709 4.098
1637349420 27 65.13 787 4.092
1637349480 27.56 64.35 414 4.092
1637349540 27.5 64.04 414 4.087
1637349600 27.19 64.86 414 4.092
1637349660 27.12 65.89 432 4.092
1637349720 27.19 65.14 480 4.092
1637349780 27.17 65.43 649 4.092
1637349840 27.33 65.01 828 4.087
1637349900 27.85 64.04 635 4.087
1637349960 28.32 62.3 444 4.087
1637350020 28.8 60.99 408 4.087
1637350080 28.55 61.16 402 4.082
1637350140 28.21 62.01 408 4.087
1637350200 28 62.74 408 4.082
1637350260 27.74 63.73 396 4.082
1637350320 27.63 64.31 396 4.082
1637350380 27.63 64.45 390 4.082
1637350440 27.68 64.75 402 4.082
1637350500 27.5 64.17 396 4.082
1637350560 27.36 65.29 396 4.082
1637350620 27.12 65.95 390 4.082
1637350680 26.95 66.61 396 4.082
1637350740 26.74 67.54 409 4.103
1637350800 26.61 68.43 667 4.092
1637350860 26.52 68.62 600 4.087
1637350920 26.72 68.38 371 4.087
1637350980 26.78 68.09 365 4.082
1637351040 26.86 67.76 365 4.082
1637351100 26.82 67.96 365 4.082
1637351160 26.66 68.81 358 4.082
1637351220 26.52 68.88 358 4.082
1637351280 26.58 69.03 358 4.082
1637351340 26.76 68.44 365 4.076
1637351400 26.71 68.6 370 4.082
1637351460 26.35 68.61 394 4.082
1637351520 26.39 69.28 605 4.082
1637351580 26.45 68.96 394 4.076
1637351640 26.69 68.57 385 4.103
1637351700 27.07 67.26 409 4.108
1637351760 27.16 66.72 537 4.125
1637351820 27.12 66.44 786 4.087
1637351880 27.14 66.71 480 4.087
1637351940 27.4 65.87 426 4.082
1637352000 27.58 65 426 4.087
1637352060 27.32 65.84 551 4.082
1637352120 27.49 65.58 426 4.082
1637352180 27.67 64.75 743 4.082
1637352240 27.87 63.98 652 4.082
1637352300 27.91 64 749 4.076
1637352360 28.26 62.74 545 4.082
1637352420 28.52 61.95 370 4.082
1637352480 28.65 61.28 358 4.082
1637352540 28.41 61.79 379 4.098
1637352600 28.05 62.88 435 4.114
1637352660 27.83 63.6 362 4.108
1637352720 28.02 63.28 578 4.098
1637352780 27.7 64.17 317 4.092
1637352840 27.71 64.43 305 4.092
1637352900 27.51 64.37 299 4.087
1637352960 27.29 64.99 287 4.087
1637353020 26.96 66.03 275 4.087
1637353080 26.74 67.47 275 4.082
1637353140 26.66 67.9 269 4.082
1637353200 26.69 67.67 269 4.082
1637353260 26.58 67.88 263 4.082
1637353320 26.76 67.5 263 4.082
1637353380 26.93 66.63 263 4.082
1637353440 26.88 66.24 263 4.092
1637353500 26.92 66.6 265 4.098
1637353560 26.96 66.35 305 4.087
1637353620 27.02 66.21 323 4.082
1637353680 27.09 65.93 335 4.082
1637353740 27.27 65.92 263 4.082
1637353800 27.06 65.35 263 4.082
1637353860 27.06 66.12 269 4.082
1637353920 27.02 66.35 305 4.082
1637353980 26.85 67.51 551 4.076
1637354040 26.65 68.31 394 4.076
1637354100 26.55 69.25 545 4.082
1637354160 26.89 68.62 527 4.076
1637354220 27.13 68.02 502 4.076
1637354280 27.26 67.54 484 4.076
1637354340 27.25 67.67 469 4.108
1637354400 27.34 67.57 453 4.114
1637354460 27.4 67.08 441 4.125
1637354520 27.39 67.43 433 4.098
1637354580 27.44 66.98 426 4.092
1637354640 27.8 66.27 420 4.092
1637354700 27.92 65.96 414 4.087
1637354760 27.94 65.63 317 4.087
1637354820 27.6 66.3 402 4.087
1637354880 26.98 68.25 396 4.087
1637354940 26.89 68.91 396 4.082
1637355000 27.09 68.32 390 4.082
1637355060 27.33 67.63 384 4.082
1637355120 27.64 66.8 384 4.082
1637355180 27.8 65.96 377 4.082
1637355240 27.71 66.26 373 4.108
1637355300 27.47 66.53 368 4.114
1637355360 27.29 67.46 368 4.119
1637355420 27.26 68.05 362 4.119
1637355480 27.13 68.5 356 4.13
1637355540 27.07 68.49 355 4.108
1637355600 27.22 68.19 349 4.098
1637355660 27.36 67.57 349 4.098
1637355720 27.51 67.09 343 4.098
1637355780 27.49 67.08 335 4.092
1637355840 27.16 68.04 329 4.092
1637355900 26.89 68.87 329 4.092
1637355960 26.82 69.39 323 4.092
1637356020 27 69.02 317 4.092
1637356080 26.9 69.22 317 4.092
1637356140 26.92 69.01 313 4.114
1637356200 27.03 69.17 313 4.114
1637356260 26.92 68.87 308 4.119
1637356320 26.65 69.96 84 4.103
1637356380 26.41 70.3 295 4.098
1637356440 26.24 71.31 277 4.098
1637356500 26.31 71.29 281 4.098
1637356560 26.32 71.07 275 4.092
1637356620 26.44 70.59 106 4.092
1637356680 26.48 70.3 106 4.092
1637356740 26.42 70.28 257 4.092
1637356800 26.31 70.97 257 4.092
1637356860 26.3 71.09 257 4.087
1637356920 26.42 70.91 251 4.092
1637356980 26.56 70.15 70 4.087
1637357040 26.52 70.05 143 4.092
1637357100 26.21 71.17 240 4.108
1637357160 26.28 71.13 234 4.108
1637357220 26.04 71.51 228 4.114
1637357280 25.9 72.1 228 4.114
1637357340 25.91 72.5 180 4.108
1637357400 26.04 72.05 222 4.114
1637357460 25.91 72.55 78 4.103
1637357520 25.63 73.2 84 4.103
1637357580 25.54 73.96 168 4.108
1637357640 25.62 73.72 102 4.103
1637357700 25.46 74.09 72 4.103
1637357760 25.33 74.67 72 4.103
1637357820 25.32 75.03 78 4.103
1637357880 25.37 74.83 78 4.103
1637357940 25.42 74.83 84 4.092
1637358000 25.29 75.08 84 4.098
1637358060 25.16 75.86 84 4.098
1637358120 25.13 75.29 82 4.098
1637358180 25.05 75.58 82 4.098
1637358240 24.89 75.82 82 4.092
1637358300 24.86 76.33 78 4.092
1637358360 24.91 76.28 76 4.092
1637358420 24.85 76.71 76 4.092
1637358480 24.83 77.07 76 4.098
1637358540 24.89 77.04 70 4.092
1637358600 24.98 76.81 70 4.092
1637358660 25.11 76.24 70 4.092
1637358720 25.13 76 70 4.092
1637358780 25.13 75.72 64 4.092
1637358840 25.02 76.12 64 4.092
1637358900 24.92 76.28 64 4.092
1637358960 24.82 76.2 64 4.092
1637359020 24.81 76.35 64 4.092
1637359080 24.74 76.48 58 4.092
1637359140 24.77 76.42 58 4.087
1637359200 24.79 75.93 58 4.087
1637359260 24.77 75.97 58 4.087
1637359320 24.75 75.83 64 4.087
1637359380 24.67 75.82 64 4.087
1637359440 24.62 76.15 64 4.087
1637359500 24.6 76.6 58 4.087
1637359560 24.54 76.64 58 4.087
1637359620 24.53 76.58 52 4.087
1637359680 24.51 76.88 52 4.087
1637359740 24.42 77.55 46 4.082
1637359800 24.44 77.6 46 4.082
1637359860 24.41 77.82 40 4.082
1637359920 24.31 76.98 40 4.087
1637359980 24.31 77.45 34 4.082
1637360040 24.27 77.71 34 4.082
1637360100 24.11 78.12 34 4.087
1637360160 24 78.68 34 4.082
1637360220 23.92 79.12 28 4.082
1637360280 23.93 79.11 28 4.082
1637360340 23.92 79.33 22 4.082
1637360400 23.95 79.22 22 4.082
1637360460 23.95 79.44 16 4.082
1637360520 23.97 79.25 16 4.082
1637360580 23.95 79.42 10 4.082
1637360640 23.97 79.52 10 4.082
1637360700 23.97 79.54 10 4.076
1637360760 23.99 79.55 4 4.082
1637360820 23.95 79.59 4 4.082
1637360880 23.86 79.92 4 4.082
1637360940 23.86 79.95 4 4.076
1637361000 23.83 79.98 4 4.082
1637361060 23.77 80.37 4 4.082
1637361120 23.77 80.46 0 4.076
1637361180 23.77 80.46 0 4.082
1637361240 23.81 80.4 0 4.082
1637361300 23.8 80.36 0 4.076
1637361360 23.73 80.55 0 4.082
1637361420 23.75 80.69 0 4.076
1637361480 23.73 80.71 0 4.076
1637361540 23.75 80.71 0 4.076
1637361600 23.7 81.06 0 4.076
1637361660 23.7 81.25 0 4.071
1637361720 23.72 81.05 0 4.076
1637361780 23.69 81.16 0 4.076
1637361840 23.69 81.33 0 4.076
1637361900 23.62 81.56 0 4.076
1637361960 23.66 81.54 0 4.076
1637362020 23.56 81.89 0 4.071
1637362080 23.55 81.92 0 4.076
1637362140 23.53 82.12 0 4.076
1637362200 23.52 82.14 0 4.076
1637362260 23.52 82.18 0 4.076
1637362320 23.55 82.17 0 4.076
1637362380 23.56 82.2 0 4.071
1637362440 23.53 82.28 0 4.071
1637362500 23.5 82.38 0 4.071
1637362560 23.46 82.52 0 4.071
1637362620 23.46 82.63 0 4.076
1637362680 23.46 82.62 0 4.071
1637362740 23.52 82.55 0 4.071
1637362800 23.44 82.67 0 4.076
1637362860 23.44 82.71 0 4.071
1637362920 23.42 82.92 0 4.076
1637362980 23.45 82.79 0 4.071
1637363040 23.45 82.72 0 4.071
1637363100 23.48 82.71 0 4.071
1637363160 23.49 82.78 0 4.071
1637363220 23.42 82.79 0 4.071
1637363280 23.44 82.9 0 4.071
1637363340 23.41 82.91 0 4.065
1637363400 23.35 83.02 0 4.065
1637363460 23.28 83.43 0 4.065
1637363520 23.26 83.57 0 4.065
1637363580 23.24 83.58 0 4.071
1637363640 23.25 83.61 0 4.065
1637363700 23.25 83.48 0 4.071
1637363760 23.25 83.5 0 4.071
1637363820 23.26 83.5 0 4.065
1637363880 23.24 83.74 0 4.065
1637363940 23.22 83.68 0 4.071
1637364000 23.15 83.87 0 4.071
1637364060 23.12 84.12 0 4.065
1637364120 23.09 84.21 0 4.071
1637364180 23.05 84.36 0 4.071
1637364240 23.04 84.57 0 4.065
1637364300 23.07 84.44 0 4.065
1637364360 23.08 84.43 0 4.065
1637364420 23.11 84.37 0 4.065
1637364480 23.08 84.48 0 4.065
1637364540 23.08 84.53 0 4.065
1637364600 23.11 84.41 0 4.065
1637364660 23.11 84.37 0 4.065
1637364720 23.11 84.44 0 4.065
1637364780 23.14 84.31 0 4.065
1637364840 23.14 84.31 0 4.065
1637364900 23.15 84.25 0 4.065
1637364960 23.14 84.32 0 4.065
1637365020 23.11 84.31 0 4.065
1637365080 23.07 84.59 0 4.065
1637365140 23.04 84.75 0 4.06
1637365200 23.04 84.77 0 4.06
1637365260 23.02 84.84 0 4.06
1637365320 23.04 85 0 4.06
1637365380 23.02 84.92 0 4.06
1637365440 22.99 84.97 0 4.06
1637365500 22.99 85.05 0 4.06
1637365560 22.95 85.12 0 4.06
1637365620 22.93 85.4 0 4.06
1637365680 22.9 85.58 0 4.06
1637365740 22.9 85.73 0 4.06
1637365800 22.91 85.74 0 4.06
1637365860 22.9 85.76 0 4.06
1637365920 22.9 85.74 0 4.06
1637365980 22.88 85.82 0 4.06
1637366040 22.88 85.8 0 4.055
1637366100 22.88 85.89 0 4.06
1637366160 22.88 85.88 0 4.06
1637366220 22.9 85.98 0 4.06
1637366280 22.88 86.1 0 4.06
1637366340 22.83 86.25 0 4.06
1637366400 22.79 86.35 0 4.06
1637366460 22.81 86.6 0 4.055
1637366520 22.83 86.66 0 4.06
1637366580 22.74 86.62 0 4.06
1637366640 22.73 86.8 0 4.06
1637366700 22.78 86.97 0 4.06
1637366760 22.87 86.64 0 4.06
1637366820 22.84 86.33 0 4.06
1637366880 22.83 86.52 0 4.055
1637366940 22.84 86.41 0 4.055
1637367000 22.81 86.51 0 4.055
1637367060 22.81 86.48 0 4.055
1637367120 22.79 86.61 0 4.055
1637367180 22.83 86.65 0 4.06
1637367240 22.81 86.59 0 4.055
1637367300 22.83 86.65 0 4.055
1637367360 22.81 86.73 0 4.055
1637367420 22.78 86.72 0 4.055
1637367480 22.78 86.72 0 4.055
1637367540 22.75 86.74 0 4.055
1637367600 22.73 86.56 0 4.055
1637367660 22.71 86.85 0 4.055
1637367720 22.7 86.98 0 4.055
1637367780 22.66 87.2 0 4.055
1637367840 22.67 87.31 0 4.049
1637367900 22.66 87.34 0 4.055
1637367960 22.63 87.5 0 4.055
1637368020 22.63 87.65 0 4.049
1637368080 22.63 87.53 0 4.055
1637368140 22.63 87.54 0 4.049
1637368200 22.63 87.57 0 4.055
1637368260 22.6 87.62 0 4.055
1637368320 22.61 87.7 0 4.049
1637368380 22.63 87.63 0 4.049
1637368440 22.61 87.54 0 4.055
1637368500 22.64 87.53 0 4.049
1637368560 22.61 87.59 0 4.049
1637368620 22.6 87.69 0 4.049
1637368680 22.61 87.57 0 4.055
1637368740 22.61 87.47 0 4.049
1637368800 22.64 87.46 0 4.049
1637368860 22.63 87.69 0 4.049
1637368920 22.63 87.49 0 4.049
1637368980 22.56 87.55 0 4.049
1637369040 22.56 87.74 0 4.049
1637369100 22.57 87.75 0 4.049
1637369160 22.57 87.8 0 4.049
1637369220 22.54 88.03 0 4.044
1637369280 22.53 88.07 0 4.049
1637369340 22.54 87.91 0 4.049
1637369400 22.56 88.05 0 4.049
1637369460 22.57 87.98 0 4.049
1637369520 22.54 87.93 0 4.049
1637369580 22.53 88.05 0 4.049
1637369640 22.51 88.18 0 4.044
1637369700 22.5 88.24 0 4.044
1637369760 22.54 88.27 0 4.044
1637369820 22.5 88.12 0 4.044
1637369880 22.48 88.33 0 4.049
1637369940 22.44 88.52 0 4.044
1637370000 22.44 88.51 0 4.044
1637370060 22.47 88.56 0 4.049
1637370120 22.47 88.61 0 4.044
1637370180 22.44 88.71 0 4.044
1637370240 22.43 88.74 0 4.049
1637370300 22.4 88.83 0 4.044
1637370360 22.4 88.84 0 4.044
1637370420 22.36 89.05 0 4.049
1637370480 22.36 89.07 0 4.049
1637370540 22.37 89.18 0 4.039
1637370600 22.4 89.14 0 4.044
1637370660 22.39 89.08 0 4.044
1637370720 22.39 89.2 0 4.044
1637370780 22.36 89.26 0 4.044
1637370840 22.37 89.46 0 4.044
1637370900 22.42 89.1 0 4.044
1637370960 22.42 89.07 0 4.044
1637371020 22.34 89.12 0 4.044
1637371080 22.32 89.44 0 4.044
1637371140 22.32 89.51 0 4.044
1637371200 22.34 89.46 0 4.044
1637371260 22.33 89.46 0 4.044
1637371320 22.3 89.57 0 4.044
1637371380 22.3 89.56 0 4.044
1637371440 22.29 89.58 0 4.039
1637371500 22.27 89.75 0 4.044
1637371560 22.29 89.71 0 4.039
1637371620 22.29 89.68 0 4.044
1637371680 22.27 89.69 0 4.039
1637371740 22.29 89.62 0 4.044
1637371800 22.32 89.67 0 4.039
1637371860 22.29 89.75 0 4.044
1637371920 22.27 89.8 0 4.044
1637371980 22.26 89.8 0 4.044
1637372040 22.26 89.92 0 4.044
1637372100 22.3 89.84 0 4.039
1637372160 22.29 89.84 0 4.044
1637372220 22.26 89.77 0 4.044
1637372280 22.26 89.82 0 4.044
1637372340 22.26 90.04 0 4.039
1637372400 22.24 90 0 4.039
1637372460 22.24 90.2 0 4.039
1637372520 22.24 89.94 0 4.039
1637372580 22.23 89.95 0 4.039
1637372640 22.2 90 0 4.039
1637372700 22.17 90.14 0 4.039
1637372760 22.14 90.36 0 4.039
1637372820 22.17 90.19 0 4.039
1637372880 22.16 90.27 0 4.039
1637372940 22.13 90.28 0 4.039
1637373000 22.12 90.49 0 4.039
1637373060 22.03 90.65 0 4.039
1637373120 22.02 90.89 0 4.039
1637373180 22 90.82 0 4.039
1637373240 21.99 90.87 0 4.033
1637373300 21.99 90.84 0 4.039
1637373360 21.99 90.89 0 4.039
1637373420 21.97 90.82 0 4.039
1637373480 21.97 90.72 0 4.039
1637373540 21.97 90.73 0 4.039
1637373600 21.96 90.64 0 4.039
1637373660 21.96 90.66 0 4.039
1637373720 21.95 90.78 0 4.039
1637373780 21.95 90.91 0 4.039
1637373840 21.99 90.72 0 4.033
1637373900 21.97 90.67 0 4.033
1637373960 21.96 90.69 0 4.039
1637374020 21.96 90.72 0 4.033
1637374080 21.96 90.75 0 4.039
1637374140 21.93 90.69 0 4.033
1637374200 21.95 90.65 0 4.033
1637374260 21.89 90.74 0 4.033
1637374320 21.91 90.73 0 4.033
1637374380 21.93 90.85 0 4.033
1637374440 21.89 90.54 0 4.033
1637374500 21.89 90.74 0 4.033
1637374560 21.91 90.72 0 4.033
1637374620 21.89 90.35 0 4.033
1637374680 21.91 90.66 0 4.033
1637374740 21.96 90.52 0 4.033
1637374800 21.96 90.39 0 4.033
1637374860 21.95 90.22 0 4.033
1637374920 21.96 90.29 0 4.033
1637374980 21.96 90.06 0 4.033
1637375040 21.96 90.16 0 4.033
1637375100 21.96 90.09 0 4.033
1637375160 22.02 90.04 0 4.033
1637375220 22.03 90.02 0 4.033
1637375280 22.02 89.96 0 4.033
1637375340 22.02 89.89 0 4.033
1637375400 22.02 89.79 0 4.033
1637375460 22.03 89.87 0 4.033
1637375520 22.06 89.81 0 4.033
1637375580 22.06 89.71 0 4.033
1637375640 22.02 89.78 0 4.033
1637375700 22.03 89.77 0 4.033
1637375760 21.99 89.76 0 4.033
1637375820 22.02 89.77 0 4.033
1637375880 22.05 89.2 0 4.033
1637375940 22.03 89.28 0 4.028
1637376000 22.05 89.48 0 4.033
1637376060 22.07 89.32 0 4.028
1637376120 22.05 89.63 0 4.028
1637376180 22.02 89.7 0 4.028
1637376240 22.03 89.75 0 4.028
1637376300 22.02 89.74 0 4.033
1637376360 22.03 89.8 0 4.033
1637376420 22.02 89.92 0 4.028
1637376480 22 90.02 0 4.028
1637376540 22.02 90.04 0 4.028
1637376600 22.03 90.11 0 4.028
1637376660 22.05 89.97 0 4.028
1637376720 22.02 89.86 0 4.033
1637376780 22 89.6 0 4.028
1637376840 22.02 89.33 0 4.028
1637376900 22 89.08 0 4.028
1637376960 22 88.93 0 4.028
1637377020 22.02 88.99 0 4.028
1637377080 22.02 88.79 0 4.028
1637377140 22 88.67 0 4.028
1637377200 22.02 88.55 0 4.028
1637377260 22.02 88.35 0 4.028
1637377320 22.05 88.32 0 4.028
1637377380 22.05 88.05 0 4.028
1637377440 22.05 87.72 0 4.028
1637377500 22.07 87.42 0 4.028
1637377560 22.1 87.2 0 4.028
1637377620 22.12 87.08 0 4.028
1637377680 22.09 87.13 0 4.028
1637377740 22.07 87.19 0 4.022
1637377800 22.07 87.31 0 4.022
1637377860 22.03 87.42 0 4.028
1637377920 22.05 87.46 0 4.028
1637377980 22.06 87.54 0 4.022
1637378040 22.06 87.67 0 4.028
1637378100 22.05 87.56 0 4.028
1637378160 22.07 87.58 0 4.028
1637378220 22.06 87.5 0 4.028
1637378280 22.05 87.64 0 4.028
1637378340 22.06 87.56 0 4.022
1637378400 22.06 87.58 0 4.028
1637378460 22.06 87.64 0 4.028
1637378520 22.06 87.72 0 4.028
1637378580 22.05 87.67 0 4.028
1637378640 22.02 87.78 0 4.022
1637378700 22.02 87.73 0 4.022
1637378760 22.02 87.61 0 4.022
1637378820 22 87.79 0 4.022
1637378880 22.05 87.75 0 4.022
1637378940 22.03 87.69 0 4.022
1637379000 22.05 87.44 0 4.022
1637379060 22.06 87.36 0 4.022
1637379120 22.07 87.29 0 4.022
1637379180 22.05 87.45 0 4.022
1637379240 22.06 87.29 0 4.028
1637379300 22.03 87.11 0 4.022
1637379360 22 86.94 0 4.028
1637379420 21.99 86.79 0 4.022
1637379480 21.96 86.64 0 4.022
1637379540 21.96 86.53 0 4.017
1637379600 21.91 86.27 0 4.017
1637379660 21.95 85.89 0 4.022
1637379720 21.92 85.78 0 4.022
1637379780 21.89 85.83 0 4.022
1637379840 21.92 85.78 0 4.022
1637379900 21.91 85.74 0 4.022
1637379960 21.86 85.83 0 4.022
1637380020 21.85 86.02 0 4.022
1637380080 21.83 86.32 0 4.022
1637380140 21.82 86.47 0 4.022
1637380200 21.76 86.45 0 4.022
1637380260 21.78 86.62 0 4.022
1637380320 21.79 86.86 0 4.022
1637380380 21.78 86.91 0 4.022
1637380440 21.76 86.77 0 4.017
1637380500 21.78 86.58 0 4.017
1637380560 21.79 86.16 0 4.017
1637380620 21.76 86.13 0 4.017
1637380680 21.75 85.93 0 4.017
1637380740 21.76 85.74 0 4.017
1637380800 21.82 85.56 0 4.017
1637380860 21.81 85.33 0 4.022
1637380920 21.86 85.54 0 4.022
1637380980 21.86 85.44 0 4.017
1637381040 21.86 85.33 0 4.022
1637381100 21.85 85.39 0 4.017
1637381160 21.81 85.6 0 4.022
1637381220 21.78 85.83 0 4.022
1637381280 21.79 86.08 0 4.017
1637381340 21.78 86.32 0 4.017
1637381400 21.69 86.59 0 4.017
1637381460 21.71 86.7 0 4.017
1637381520 21.69 86.79 0 4.017
1637381580 21.68 86.98 0 4.017
1637381640 21.59 86.99 0 4.017
1637381700 21.61 87.23 0 4.017
1637381760 21.59 87.3 0 4.017
1637381820 21.59 87.57 0 4.017
1637381880 21.58 87.63 0 4.017
1637381940 21.56 87.7 0 4.022
1637382000 21.52 87.81 0 4.017
1637382060 21.51 87.8 0 4.017
1637382120 21.51 87.75 0 4.017
1637382180 21.52 87.61 0 4.017
1637382240 21.49 87.64 0 4.017
1637382300 21.44 87.73 0 4.012
1637382360 21.44 87.98 0 4.017
1637382420 21.46 87.9 0 4.017
1637382480 21.41 87.89 0 4.017
1637382540 21.42 87.7 0 4.012
1637382600 21.41 87.66 0 4.017
1637382660 21.4 87.6 0 4.017
1637382720 21.44 87.61 0 4.017
1637382780 21.42 87.48 0 4.012
1637382840 21.44 87.67 0 4.017
1637382900 21.38 87.62 0 4.017
1637382960 21.4 87.77 0 4.017
1637383020 21.4 87.69 0 4.017
1637383080 21.37 88.25 0 4.017
1637383140 21.32 87.97 0 4.012
1637383200 21.35 88.14 0 4.012
1637383260 21.37 88.05 0 4.012
1637383320 21.34 87.91 0 4.012
1637383380 21.34 87.98 0 4.012
1637383440 21.31 87.97 0 4.017
1637383500 21.28 87.99 0 4.012
1637383560 21.32 87.89 0 4.017
1637383620 21.32 87.62 0 4.012
1637383680 21.34 87.59 0 4.017
1637383740 21.31 87.55 0 4.017
1637383800 21.27 87.7 0 4.017
1637383860 21.27 87.97 0 4.017
1637383920 21.27 87.99 0 4.012
1637383980 21.22 87.96 0 4.012
1637384040 21.21 88.32 0 4.012
1637384100 21.21 88.22 0 4.012
1637384160 21.21 88.32 0 4.012
1637384220 21.17 88.24 0 4.012
1637384280 21.11 88.66 0 4.012
1637384340 21.08 88.82 0 4.012
