1640408400 22.59 88.3 0 4.076
1640408460 22.55 88.31 0 4.076
1640408520 22.58 88.33 0 4.076
1640408580 22.56 88.4 0 4.076
1640408640 22.55 88.43 0 4.076
1640408700 22.54 88.43 0 4.076
1640408760 22.58 88.46 0 4.076
1640408820 22.56 88.51 0 4.076
1640408880 22.56 88.52 0 4.076
1640408940 22.58 88.52 0 4.076
1640409000 22.58 88.6 0 4.076
1640409060 22.58 88.59 0 4.076
1640409120 22.58 88.63 0 4.076
1640409180 22.61 88.66 0 4.071
1640409240 22.61 88.71 0 4.076
1640409300 22.61 88.75 0 4.076
1640409360 22.59 88.8 0 4.076
1640409420 22.59 88.84 0 4.076
1640409480 22.58 88.8 0 4.076
1640409540 22.58 88.9 0 4.076
1640409600 22.58 88.88 0 4.076
1640409660 22.56 88.9 0 4.076
1640409720 22.56 88.94 0 4.076
1640409780 22.59 88.96 0 4.076
1640409840 22.54 88.95 0 4.076
1640409900 22.55 88.98 0 4.071
1640409960 22.54 88.92 0 4.076
1640410020 22.55 89.01 0 4.076
1640410080 22.52 89.01 0 4.071
1640410140 22.51 89.01 0 4.076
1640410200 22.49 88.99 0 4.076
1640410260 22.49 88.99 0 4.076
1640410320 22.49 89.01 0 4.076
1640410380 22.49 89 0 4.076
1640410440 22.52 88.98 0 4.076
1640410500 22.51 88.97 0 4.076
1640410560 22.51 88.95 0 4.076
1640410620 22.51 88.93 0 4.076
1640410680 22.51 88.9 0 4.076
1640410740 22.52 88.87 0 4.076
1640410800 22.55 88.86 0 4.076
1640410860 22.59 88.86 0 4.076
1640410920 22.62 88.84 0 4.076
1640410980 22.56 88.81 0 4.071
1640411040 22.56 88.75 0 4.071
1640411100 22.58 88.68 0 4.076
1640411160 22.58 88.67 0 4.076
1640411220 22.58 88.63 0 4.076
1640411280 22.61 88.61 0 4.076
1640411340 22.58 88.54 0 4.076
1640411400 22.61 88.5 0 4.076
1640411460 22.62 88.45 0 4.076
1640411520 22.65 88.48 0 4.071
1640411580 22.68 88.45 0 4.071
1640411640 22.62 88.38 0 4.071
1640411700 22.63 88.34 0 4.076
1640411760 22.63 88.28 0 4.076
1640411820 22.63 88.22 0 4.076
1640411880 22.66 88.18 0 4.071
1640411940 22.65 88.13 0 4.076
1640412000 22.65 88.07 0 4.076
1640412060 22.65 88.01 0 4.071
1640412120 22.62 87.95 0 4.071
1640412180 22.65 87.95 0 4.076
1640412240 22.66 87.89 0 4.076
1640412300 22.61 87.84 0 4.076
1640412360 22.59 87.78 0 4.076
1640412420 22.63 87.78 0 4.076
1640412480 22.59 87.69 0 4.076
1640412540 22.62 87.68 0 4.071
1640412600 22.59 87.66 0 4.076
1640412660 22.56 87.64 0 4.071
1640412720 22.55 87.58 0 4.076
1640412780 22.55 87.58 0 4.071
1640412840 22.55 87.57 0 4.071
1640412900 22.55 87.56 0 4.076
1640412960 22.51 87.56 0 4.071
1640413020 22.52 87.56 0 4.076
1640413080 22.51 87.59 0 4.071
1640413140 22.49 87.62 0 4.076
1640413200 22.49 87.64 0 4.071
1640413260 22.49 87.68 0 4.071
1640413320 22.45 87.72 0 4.071
1640413380 22.48 87.72 0 4.071
1640413440 22.45 87.76 0 4.076
1640413500 22.46 87.78 0 4.071
1640413560 22.38 87.7 0 4.071
1640413620 22.41 87.69 0 4.076
1640413680 22.44 87.7 0 4.076
1640413740 22.44 87.65 0 4.071
1640413800 22.44 87.68 0 4.071
1640413860 22.44 87.68 0 4.076
1640413920 22.44 87.65 0 4.076
1640413980 22.51 87.72 0 4.076
1640414040 22.44 87.76 0 4.076
1640414100 22.49 87.8 0 4.071
1640414160 22.45 87.8 0 4.076
1640414220 22.48 87.85 0 4.071
1640414280 22.46 87.9 0 4.071
1640414340 22.42 87.97 0 4.076
1640414400 22.46 87.94 0 4.071
1640414460 22.45 87.99 0 4.071
1640414520 22.46 87.99 0 4.071
1640414580 22.45 88.02 0 4.071
1640414640 22.46 88.07 0 4.071
1640414700 22.46 88.11 0 4.071
1640414760 22.45 88.14 0 4.071
1640414820 22.45 88.13 0 4.071
1640414880 22.44 88.2 0 4.076
1640414940 22.42 88.2 0 4.071
1640415000 22.46 88.24 0 4.071
1640415060 22.42 88.28 0 4.071
1640415120 22.39 88.27 0 4.071
1640415180 22.44 88.28 0 4.071
1640415240 22.41 88.27 0 4.071
1640415300 22.39 88.26 0 4.076
1640415360 22.38 88.27 0 4.071
1640415420 22.36 88.26 0 4.071
1640415480 22.38 88.25 0 4.065
1640415540 22.36 88.23 0 4.071
1640415600 22.36 88.22 0 4.076
1640415660 22.36 88.25 0 4.071
1640415720 22.38 88.29 0 4.071
1640415780 22.36 88.26 0 4.076
1640415840 22.34 88.3 0 4.071
1640415900 22.34 88.31 0 4.071
1640415960 22.31 88.32 0 4.076
1640416020 22.31 88.37 0 4.071
1640416080 22.3 88.34 0 4.071
1640416140 22.28 88.46 0 4.071
1640416200 22.28 88.42 0 4.071
1640416260 22.28 88.46 0 4.071
1640416320 22.25 88.49 0 4.071
1640416380 22.25 88.55 0 4.071
1640416440 22.27 88.6 0 4.071
1640416500 22.27 88.64 0 4.071
1640416560 22.25 88.63 0 4.071
1640416620 22.24 88.72 0 4.071
1640416680 22.25 88.74 0 4.071
1640416740 22.25 88.81 0 4.071
1640416800 22.22 88.83 0 4.071
1640416860 22.21 88.92 0 4.071
1640416920 22.16 88.93 0 4.071
1640416980 22.18 88.97 0 4.071
1640417040 22.18 89.05 0 4.071
1640417100 22.18 89.09 0 4.071
1640417160 22.28 89.2 0 4.071
1640417220 22.19 89.3 0 4.071
1640417280 22.15 89.45 0 4.071
1640417340 22.1 89.49 0 4.071
1640417400 22.01 89.6 0 4.071
1640417460 21.93 89.61 0 4.071
1640417520 21.91 89.59 0 4.071
1640417580 21.95 89.62 0 4.071
1640417640 21.94 89.64 0 4.071
1640417700 21.94 89.68 0 4.071
1640417760 21.94 89.72 0 4.071
1640417820 21.88 89.71 0 4.065
1640417880 21.88 89.77 0 4.071
1640417940 21.87 89.8 0 4.071
1640418000 21.88 89.83 0 4.071
1640418060 21.83 89.86 0 4.071
1640418120 21.84 89.92 0 4.071
1640418180 21.87 89.97 0 4.071
1640418240 21.83 89.99 0 4.071
1640418300 21.84 90.09 0 4.071
1640418360 21.81 90.13 0 4.071
1640418420 21.81 90.24 0 4.071
1640418480 21.84 90.28 0 4.071
1640418540 21.83 90.35 0 4.071
1640418600 21.87 90.45 0 4.071
1640418660 21.85 90.54 0 4.071
1640418720 21.87 90.62 0 4.071
1640418780 21.85 90.72 0 4.071
1640418840 21.87 90.86 0 4.071
1640418900 21.87 90.91 0 4.065
1640418960 21.83 91 0 4.071
1640419020 21.83 91.1 0 4.065
1640419080 21.83 91.2 0 4.071
1640419140 21.81 91.27 0 4.071
1640419200 21.83 91.37 0 4.071
1640419260 21.87 91.46 0 4.071
1640419320 21.84 91.54 0 4.071
1640419380 21.83 91.63 0 4.071
1640419440 21.8 91.75 0 4.071
1640419500 21.85 91.86 0 4.071
1640419560 21.81 91.94 0 4.071
1640419620 21.79 92.03 0 4.065
1640419680 21.79 92.17 0 4.071
1640419740 21.79 92.25 0 4.065
1640419800 21.8 92.33 0 4.065
1640419860 21.81 92.44 0 4.071
1640419920 21.84 92.52 0 4.071
1640419980 21.83 92.59 0 4.071
1640420040 21.85 92.68 0 4.071
1640420100 21.87 92.77 0 4.071
1640420160 21.85 92.85 0 4.071
1640420220 21.9 92.98 0 4.071
1640420280 21.9 92.99 0 4.071
1640420340 21.93 93.08 0 4.065
1640420400 21.91 93.11 0 4.071
1640420460 21.95 93.21 0 4.071
1640420520 21.97 93.3 0 4.065
1640420580 21.98 93.38 0 4.071
1640420640 21.95 93.35 0 4.071
1640420700 21.98 93.45 0 4.065
1640420760 21.97 93.52 0 4.071
1640420820 21.95 93.56 0 4.071
1640420880 21.98 93.62 0 4.071
1640420940 21.98 93.69 0 4.065
1640421000 22.04 93.7 0 4.065
1640421060 22.03 93.75 0 4.065
1640421120 22.05 93.79 0 4.071
1640421180 22.01 93.84 0 4.071
1640421240 21.95 93.86 0 4.071
1640421300 21.91 93.87 0 4.065
1640421360 21.91 93.92 0 4.071
1640421420 21.88 93.89 0 4.065
1640421480 21.87 93.93 0 4.065
1640421540 21.87 93.96 0 4.065
1640421600 21.8 93.94 0 4.065
1640421660 21.81 93.97 0 4.071
1640421720 21.8 93.95 0 4.071
1640421780 21.77 93.98 0 4.071
1640421840 21.83 93.98 0 4.071
1640421900 21.79 93.92 0 4.071
1640421960 21.8 93.93 0 4.071
1640422020 21.8 93.94 0 4.071
1640422080 21.83 93.93 0 4.065
1640422140 21.81 93.86 0 4.065
1640422200 21.8 93.87 0 4.065
1640422260 21.79 93.81 0 4.065
1640422320 21.8 93.75 0 4.065
1640422380 21.84 93.74 0 4.071
1640422440 21.8 93.69 0 4.065
1640422500 21.81 93.6 0 4.071
1640422560 21.88 93.52 0 4.065
1640422620 21.94 93.47 0 4.065
1640422680 21.94 93.4 0 4.065
1640422740 21.88 93.34 0 4.071
1640422800 21.93 93.23 0 4.065
1640422860 21.9 93.17 0 4.065
1640422920 21.93 93.08 0 4.065
1640422980 21.94 93.01 0 4.071
1640423040 21.93 92.89 0 4.071
1640423100 21.94 92.74 0 4.065
1640423160 22.03 92.63 0 4.065
1640423220 22.01 92.51 0 4.06
1640423280 22.03 92.42 0 4.065
1640423340 22.01 92.24 0 4.065
1640423400 22.05 92.13 0 4.071
1640423460 22.08 92 0 4.065
1640423520 22.14 91.87 0 4.065
1640423580 22.1 91.69 0 4.065
1640423640 22.08 91.62 0 4.065
1640423700 22.07 91.5 0 4.065
1640423760 22.08 91.36 0 4.071
1640423820 22.05 91.25 0 4.065
1640423880 22.08 91.16 0 4.065
1640423940 22.03 91.03 0 4.065
1640424000 22.04 90.97 0 4.065
1640424060 22.04 90.84 0 4.071
1640424120 22 90.75 0 4.065
1640424180 22.01 90.62 0 4.065
1640424240 22.01 90.54 0 4.065
1640424300 22.01 90.48 0 4.065
1640424360 22.01 90.38 0 4.065
1640424420 22.01 90.32 0 4.065
1640424480 22 90.25 0 4.065
1640424540 21.97 90.2 0 4.071
1640424600 21.97 90.06 0 4.065
1640424660 21.95 90.02 0 4.065
1640424720 21.97 89.98 0 4.065
1640424780 21.94 89.95 0 4.065
1640424840 21.93 89.9 0 4.065
1640424900 21.93 89.9 0 4.065
1640424960 21.9 89.86 0 4.065
1640425020 21.88 89.86 0 4.06
1640425080 21.94 89.88 0 4.065
1640425140 21.88 89.89 0 4.065
1640425200 21.88 89.87 0 4.065
1640425260 21.88 89.92 0 4.065
1640425320 21.85 89.91 0 4.065
1640425380 21.83 89.96 0 4.065
1640425440 21.81 90.02 0 4.065
1640425500 21.79 90.01 0 4.065
1640425560 21.73 90.05 0 4.065
1640425620 21.7 90.11 0 4.065
1640425680 21.68 90.13 0 4.065
1640425740 21.68 90.2 0 4.065
1640425800 21.67 90.2 0 4.065
1640425860 21.63 90.21 0 4.065
1640425920 21.65 90.33 0 4.06
1640425980 21.67 90.39 0 4.065
1640426040 21.64 90.46 0 4.065
1640426100 21.67 90.55 0 4.065
1640426160 21.63 90.58 0 4.065
1640426220 21.61 90.72 0 4.065
1640426280 21.61 90.86 0 4.065
1640426340 21.6 90.93 0 4.065
1640426400 21.54 90.99 0 4.065
1640426460 21.5 91.07 0 4.065
1640426520 21.47 91.2 0 4.065
1640426580 21.46 91.3 0 4.065
1640426640 21.44 91.36 0 4.065
1640426700 21.49 91.52 0 4.065
1640426760 21.54 91.6 0 4.065
1640426820 21.61 91.76 0 4.06
1640426880 21.57 91.85 0 4.065
1640426940 21.53 91.98 0 4.065
1640427000 21.6 92.12 0 4.06
1640427060 21.64 92.24 0 4.065
1640427120 21.61 92.36 0 4.065
1640427180 21.57 92.52 0 4.065
1640427240 21.56 92.6 0 4.065
1640427300 21.58 92.71 0 4.065
1640427360 21.6 92.84 0 4.065
1640427420 21.57 92.91 0 4.065
1640427480 21.54 93.04 0 4.065
1640427540 21.53 93.11 0 4.06
1640427600 21.52 93.21 0 4.065
1640427660 21.52 93.32 0 4.065
1640427720 21.49 93.42 0 4.065
1640427780 21.49 93.47 0 4.065
1640427840 21.49 93.55 0 4.065
1640427900 21.43 93.63 0 4.065
1640427960 21.42 93.7 0 4.065
1640428020 21.42 93.77 0 4.065
1640428080 21.42 93.83 0 4.065
1640428140 21.4 93.89 0 4.065
1640428200 21.37 93.97 0 4.065
1640428260 21.37 93.98 0 4.065
1640428320 21.34 94.03 0 4.065
1640428380 21.32 94.11 0 4.065
1640428440 21.3 94.14 0 4.065
1640428500 21.3 94.2 0 4.065
1640428560 21.28 94.25 0 4.065
1640428620 21.29 94.33 0 4.065
1640428680 21.25 94.3 0 4.06
1640428740 21.26 94.36 0 4.065
1640428800 21.26 94.41 0 4.065
1640428860 21.22 94.43 0 4.065
1640428920 21.18 94.49 0 4.065
1640428980 21.19 94.54 0 4.065
1640429040 21.14 94.58 0 4.065
1640429100 21.14 94.65 0 4.065
1640429160 21.14 94.66 0 4.065
1640429220 21.12 94.7 0 4.06
1640429280 21.03 94.73 0 4.065
1640429340 20.96 94.73 0 4.065
1640429400 20.92 94.79 0 4.065
1640429460 20.82 94.77 0 4.065
1640429520 20.83 94.83 0 4.065
1640429580 20.78 94.78 0 4.065
1640429640 20.81 94.84 0 4.065
1640429700 20.85 94.81 0 4.065
1640429760 20.82 94.83 0 4.065
1640429820 20.78 94.83 0 4.06
1640429880 20.79 94.79 0 4.06
1640429940 20.81 94.77 0 4.065
1640430000 20.82 94.77 0 4.065
1640430060 20.78 94.72 0 4.065
1640430120 20.78 94.76 0 4.06
1640430180 20.82 94.67 0 4.065
1640430240 20.81 94.59 0 4.065
1640430300 20.86 94.53 0 4.065
1640430360 20.89 94.47 0 4.065
1640430420 20.92 94.4 0 4.06
1640430480 20.9 94.35 0 4.065
1640430540 20.92 94.26 0 4.065
1640430600 20.95 94.21 0 4.065
1640430660 21 94.12 0 4.065
1640430720 21 93.98 0 4.065
1640430780 21.02 93.92 0 4.065
1640430840 21.07 93.78 4 4.065
1640430900 21.07 93.7 0 4.06
1640430960 21.07 93.53 0 4.065
1640431020 21.09 93.45 0 4.065
1640431080 21.09 93.28 4 4.065
1640431140 21.06 93.19 0 4.06
1640431200 21.05 93.07 0 4.065
1640431260 21.03 92.94 0 4.065
1640431320 21.05 92.87 4 4.055
1640431380 21.03 92.68 4 4.06
1640431440 21.07 92.63 4 4.06
1640431500 21.02 92.51 4 4.065
1640431560 20.99 92.41 4 4.065
1640431620 20.96 92.29 4 4.06
1640431680 20.95 92.19 4 4.06
1640431740 20.93 92.14 4 4.06
1640431800 20.96 92.1 4 4.065
1640431860 20.95 92.03 4 4.065
1640431920 20.93 91.96 4 4.06
1640431980 20.95 91.95 10 4.065
1640432040 20.93 91.9 10 4.065
1640432100 20.89 91.84 10 4.06
1640432160 20.88 91.81 10 4.065
1640432220 20.89 91.73 10 4.049
1640432280 20.9 91.59 10 4.06
1640432340 20.99 91.57 10 4.06
1640432400 21.03 91.49 10 4.06
1640432460 21.05 91.38 4 4.06
1640432520 21.07 91.26 4 4.06
1640432580 21.1 91.18 4 4.065
1640432640 21.12 91.09 4 4.06
1640432700 21.14 90.94 4 4.06
1640432760 21.16 90.78 4 4.06
1640432820 21.22 90.68 4 4.06
1640432880 21.22 90.55 4 4.06
1640432940 21.25 90.44 4 4.06
1640433000 21.28 90.32 4 4.06
1640433060 21.29 90.22 4 4.06
1640433120 21.32 90.07 4 4.06
1640433180 21.32 89.95 4 4.06
1640433240 21.36 89.86 4 4.065
1640433300 21.34 89.8 4 4.065
1640433360 21.37 89.73 4 4.06
1640433420 21.37 89.65 4 4.06
1640433480 21.34 89.6 4 4.06
1640433540 21.34 89.5 4 4.06
1640433600 21.37 89.48 4 4.06
1640433660 21.39 89.47 4 4.06
1640433720 21.4 89.37 4 4.06
1640433780 21.4 89.32 4 4.06
1640433840 21.42 89.28 4 4.06
1640433900 21.4 89.25 4 4.06
1640433960 21.39 89.25 4 4.06
1640434020 21.4 89.21 4 4.06
1640434080 21.43 89.24 4 4.06
1640434140 21.43 89.22 4 4.06
1640434200 21.43 89.25 4 4.06
1640434260 21.42 89.23 10 4.06
1640434320 21.43 89.23 10 4.06
1640434380 21.43 89.23 10 4.065
1640434440 21.43 89.22 10 4.06
1640434500 21.44 89.26 10 4.06
1640434560 21.46 89.31 16 4.06
1640434620 21.44 89.29 16 4.06
1640434680 21.49 89.3 16 4.06
1640434740 21.53 89.35 16 4.06
1640434800 21.52 89.36 16 4.06
1640434860 21.53 89.41 16 4.06
1640434920 21.53 89.4 22 4.06
1640434980 21.54 89.43 22 4.06
1640435040 21.56 89.43 22 4.06
1640435100 21.58 89.48 28 4.06
1640435160 21.61 89.5 28 4.06
1640435220 21.65 89.55 34 4.06
1640435280 21.67 89.61 34 4.06
1640435340 21.68 89.63 34 4.06
1640435400 21.71 89.67 34 4.06
1640435460 21.76 89.75 34 4.06
1640435520 21.8 89.8 34 4.06
1640435580 21.8 89.89 34 4.06
1640435640 21.76 89.91 28 4.06
1640435700 21.73 89.98 28 4.06
1640435760 21.73 89.99 28 4.06
1640435820 21.73 90 28 4.06
1640435880 21.76 90.04 34 4.06
1640435940 21.71 90.1 34 4.06
1640436000 21.7 90.1 34 4.06
1640436060 21.7 90.17 34 4.06
1640436120 21.71 90.13 34 4.06
1640436180 21.71 90.19 28 4.06
1640436240 21.71 90.25 34 4.06
1640436300 21.74 90.27 34 4.06
1640436360 21.73 90.3 40 4.06
1640436420 21.81 90.37 40 4.06
1640436480 21.77 90.4 46 4.06
1640436540 21.74 90.39 46 4.06
1640436600 21.8 90.43 52 4.06
1640436660 21.79 90.45 58 4.06
1640436720 21.81 90.41 70 4.06
1640436780 21.87 90.47 76 4.06
1640436840 21.94 90.51 82 4.06
1640436900 21.93 90.52 82 4.06
1640436960 21.91 90.52 76 4.06
1640437020 21.97 90.55 70 4.06
1640437080 21.97 90.49 76 4.055
1640437140 21.94 90.49 76 4.06
1640437200 22.01 90.44 82 4.06
1640437260 22.12 90.39 82 4.06
1640437320 22.15 90.36 88 4.06
1640437380 22.22 90.31 94 4.06
1640437440 22.27 90.25 100 4.06
1640437500 22.35 90.18 100 4.06
1640437560 22.46 90.15 100 4.06
1640437620 22.48 90.1 106 4.06
1640437680 22.56 90.01 106 4.065
1640437740 22.61 89.94 106 4.06
1640437800 22.69 89.9 106 4.06
1640437860 22.76 89.8 100 4.06
1640437920 22.82 89.75 100 4.06
1640437980 22.85 89.63 100 4.06
1640438040 22.93 89.56 100 4.06
1640438100 23.02 89.45 106 4.06
1640438160 22.99 89.33 106 4.06
1640438220 22.89 89.18 100 4.065
1640438280 22.9 89.09 100 4.06
1640438340 22.93 88.99 112 4.06
1640438400 22.99 88.92 149 4.06
1640438460 23.05 88.83 118 4.06
1640438520 23.07 88.74 64 4.06
1640438580 23.12 88.66 46 4.06
1640438640 23.16 88.57 40 4.06
1640438700 23.16 88.54 40 4.06
1640438760 23.2 88.49 40 4.06
1640438820 23.2 88.42 46 4.06
1640438880 23.14 88.34 58 4.06
1640438940 23.16 88.3 100 4.06
1640439000 23.2 88.3 100 4.06
1640439060 23.31 88.26 100 4.06
1640439120 23.37 88.19 100 4.06
1640439180 23.46 88.18 100 4.06
1640439240 23.53 88.1 106 4.06
1640439300 23.65 88.05 112 4.06
1640439360 23.65 87.96 112 4.06
1640439420 23.64 87.88 112 4.055
1640439480 23.71 87.77 112 4.06
1640439540 23.8 87.74 118 4.06
1640439600 23.85 87.61 118 4.06
1640439660 23.92 87.53 124 4.06
1640439720 23.8 87.4 124 4.06
1640439780 23.72 87.32 124 4.06
1640439840 23.81 87.25 131 4.06
1640439900 23.94 87.2 137 4.06
1640439960 24.04 87.13 143 4.06
1640440020 24.07 87.09 124 4.06
1640440080 24.19 86.98 112 4.06
1640440140 24.26 86.89 94 4.06
1640440200 24.32 86.68 100 4.06
1640440260 24.16 86.48 94 4.06
1640440320 24.18 86.34 118 4.06
1640440380 24.25 86.22 106 4.06
1640440440 24.33 86.14 118 4.06
1640440500 24.33 85.98 124 4.06
1640440560 24.32 85.78 124 4.06
1640440620 24.29 85.57 124 4.06
1640440680 24.49 85.35 118 4.06
1640440740 24.56 85.11 118 4.06
1640440800 24.63 84.92 112 4.06
1640440860 24.7 84.73 112 4.06
1640440920 24.76 84.51 112 4.06
1640440980 24.89 84.27 112 4.06
1640441040 24.9 83.98 112 4.06
1640441100 24.93 83.75 106 4.06
1640441160 24.77 83.52 106 4.06
1640441220 24.72 83.3 106 4.06
1640441280 24.66 83.12 106 4.06
1640441340 24.73 82.95 106 4.06
1640441400 24.9 82.79 106 4.06
1640441460 24.94 82.71 106 4.06
1640441520 24.97 82.56 106 4.06
1640441580 24.98 82.33 106 4.06
1640441640 25.04 82.13 106 4.06
1640441700 25.07 81.91 112 4.06
1640441760 25.14 81.73 112 4.065
1640441820 25.24 81.57 112 4.06
1640441880 25.3 81.44 112 4.06
1640441940 25.37 81.35 112 4.06
1640442000 25.34 81.2 112 4.06
1640442060 25.41 81.08 112 4.06
1640442120 25.49 81.04 112 4.06
1640442180 25.49 80.86 112 4.06
1640442240 25.54 80.76 131 4.06
1640442300 25.61 80.68 143 4.06
1640442360 25.6 80.48 112 4.06
1640442420 25.65 80.35 112 4.06
1640442480 25.72 80.26 112 4.06
1640442540 25.63 80.01 112 4.06
1640442600 25.61 79.78 112 4.065
1640442660 25.67 79.64 124 4.06
1640442720 25.72 79.47 143 4.06
1640442780 25.75 79.24 149 4.06
1640442840 25.84 79.11 219 4.065
1640442900 25.89 78.94 256 4.06
1640442960 25.95 78.85 322 4.065
1640443020 26.01 78.7 423 4.06
1640443080 25.99 78.59 405 4.06
1640443140 26.11 78.48 435 4.06
1640443200 26.32 78.4 518 4.06
1640443260 26.44 78.16 465 4.06
1640443320 26.54 77.85 489 4.06
1640443380 26.66 77.61 477 4.06
1640443440 26.8 77.3 453 4.06
1640443500 26.98 77.02 483 4.06
1640443560 27.08 76.72 362 4.06
1640443620 27.24 76.42 364 4.06
1640443680 27.3 76.14 356 4.06
1640443740 27.47 75.79 380 4.06
1640443800 27.45 75.5 338 4.06
1640443860 27.28 75.17 423 4.06
1640443920 27.38 74.93 495 4.06
1640443980 27.31 74.67 393 4.06
1640444040 27.31 74.46 374 4.06
1640444100 27.28 74.17 249 4.06
1640444160 27.27 73.88 149 4.06
1640444220 27.35 73.71 131 4.06
1640444280 27.33 73.39 143 4.06
1640444340 27.27 73.1 195 4.06
1640444400 27.2 72.84 292 4.065
1640444460 27.24 72.66 219 4.06
1640444520 27.35 72.5 219 4.06
1640444580 27.49 72.37 393 4.06
1640444640 27.49 72.14 614 4.06
1640444700 27.41 71.92 733 4.06
1640444760 27.3 71.66 727 4.06
1640444820 27.33 71.44 739 4.06
1640444880 27.24 71.18 685 4.06
1640444940 27.34 70.99 560 4.06
1640445000 27.35 70.83 362 4.06
1640445060 27.61 70.61 243 4.06
1640445120 27.78 70.49 219 4.06
1640445180 27.64 70.3 380 4.06
1640445240 27.62 70.11 435 4.06
1640445300 27.72 70.03 344 4.065
1640445360 27.76 69.89 292 4.06
1640445420 28.02 69.78 243 4.065
1640445480 28.24 69.67 155 4.06
1640445540 28.43 69.49 161 4.06
1640445600 28.47 69.24 207 4.06
1640445660 28.4 68.93 171 4.06
1640445720 28.24 68.65 195 4.06
1640445780 27.96 68.37 316 4.06
1640445840 27.88 68.13 638 4.06
1640445900 27.84 67.92 757 4.06
1640445960 27.78 67.7 542 4.065
1640446020 27.82 67.55 393 4.065
1640446080 27.79 67.31 650 4.06
1640446140 28 67.17 889 4.06
1640446200 28.03 67.08 882 4.06
1640446260 28.06 66.96 906 4.06
1640446320 28.2 66.76 769 4.06
1640446380 28.24 66.53 954 4.065
1640446440 28.35 66.4 962 4.06
1640446500 28.29 66.14 805 4.06
1640446560 28.35 65.91 638 4.065
1640446620 28.16 65.65 441 4.06
1640446680 28.32 65.56 256 4.06
1640446740 28.49 65.44 231 4.06
1640446800 28.46 65.34 334 4.06
1640446860 28.5 65.21 429 4.06
1640446920 28.66 65.13 417 4.06
1640446980 28.78 64.98 256 4.06
1640447040 28.78 64.84 243 4.06
1640447100 28.87 64.64 161 4.06
1640447160 28.96 64.48 207 4.06
1640447220 28.94 64.33 201 4.06
1640447280 28.86 64.12 201 4.065
1640447340 28.84 63.91 207 4.06
1640447400 28.9 63.71 268 4.06
1640447460 28.97 63.63 249 4.065
1640447520 28.94 63.46 149 4.06
1640447580 28.82 63.37 137 4.06
1640447640 28.94 63.28 161 4.06
1640447700 28.97 63.17 171 4.065
1640447760 28.93 62.94 137 4.06
1640447820 28.97 62.81 143 4.06
1640447880 29.07 62.61 137 4.06
1640447940 29 62.49 143 4.06
1640448000 28.86 62.32 155 4.065
1640448060 28.82 62.19 167 4.06
1640448120 28.87 62.1 149 4.065
1640448180 28.97 61.99 268 4.065
1640448240 28.97 61.97 423 4.06
1640448300 29.05 61.93 638 4.06
1640448360 29.05 61.9 704 4.06
1640448420 29.07 61.81 405 4.06
1640448480 29.18 61.8 507 4.065
1640448540 29.36 61.8 298 4.06
1640448600 29.38 61.72 292 4.065
1640448660 29.42 61.63 376 4.065
1640448720 29.48 61.57 346 4.065
1640448780 29.53 61.51 704 4.065
1640448840 29.62 61.49 1057 4.065
1640448900 29.55 61.34 1093 4.071
1640448960 29.66 61.24 950 4.071
1640449020 29.79 61.09 466 4.065
1640449080 30.12 60.89 292 4.071
1640449140 30.47 60.74 322 4.071
1640449200 30.53 60.52 310 4.071
1640449260 30.4 60.24 340 4.071
1640449320 30.57 60.01 268 4.065
1640449380 30.58 59.79 227 4.065
1640449440 30.56 59.5 280 4.071
1640449500 30.58 59.26 441 4.071
1640449560 30.53 58.98 752 4.071
1640449620 30.56 58.7 712 4.071
1640449680 30.54 58.38 364 4.071
1640449740 30.53 58.21 418 4.076
1640449800 30.44 57.99 316 4.071
1640449860 30.17 57.74 828 4.087
1640449920 30.34 57.59 400 4.076
1640449980 30.33 57.47 280 4.071
1640450040 30.26 57.3 382 4.071
1640450100 30.26 57.29 521 4.082
1640450160 30.15 57.16 490 4.087
1640450220 30.3 57.12 768 4.082
1640450280 30.5 57.03 1225 4.087
1640450340 30.67 57.01 1299 4.071
1640450400 30.97 57.01 1301 4.071
1640450460 31.51 56.99 1334 4.098
1640450520 31.7 56.87 1367 4.098
1640450580 31.97 56.64 1367 4.076
1640450640 31.99 56.35 1352 4.087
1640450700 32.02 56.18 546 4.087
1640450760 31.87 55.98 498 4.087
1640450820 31.66 55.75 1310 4.076
1640450880 31.72 55.62 353 4.082
1640450940 31.65 55.45 305 4.076
1640451000 31.52 55.34 287 4.076
1640451060 31.32 55.36 299 4.076
1640451120 31.18 55.33 329 4.076
1640451180 30.99 55.37 353 4.082
1640451240 30.77 55.43 317 4.076
1640451300 30.74 55.57 322 4.082
1640451360 30.6 55.7 323 4.082
1640451420 30.06 55.85 316 4.082
1640451480 29.79 56.13 323 4.082
1640451540 29.44 56.46 329 4.082
1640451600 29.31 56.78 341 4.082
1640451660 29.11 57.19 414 4.087
1640451720 29.02 57.65 438 4.092
1640451780 28.96 58.11 359 4.087
1640451840 28.89 58.47 311 4.082
1640451900 28.78 58.95 287 4.082
1640451960 28.86 59.41 275 4.082
1640452020 28.78 59.78 275 4.082
1640452080 28.75 60.1 287 4.082
1640452140 28.66 60.39 281 4.082
1640452200 28.47 60.8 293 4.082
1640452260 28.37 61.23 311 4.082
1640452320 28.33 61.56 341 4.087
1640452380 28.4 61.97 450 4.087
1640452440 28.57 62.32 557 4.076
1640452500 28.69 62.63 802 4.076
1640452560 28.86 62.93 480 4.087
1640451720 29.02 57.65 438 4.092
1640451780 28.96 58.11 359 4.087
1640451840 28.89 58.47 311 4.082
1640451900 28.78 58.95 287 4.082
1640451960 28.86 59.41 275 4.082
1640452020 28.78 59.78 275 4.082
1640452080 28.75 60.1 287 4.082
1640452140 28.66 60.39 281 4.082
1640452200 28.47 60.8 293 4.082
1640452260 28.37 61.23 311 4.082
1640452320 28.33 61.56 341 4.087
1640452380 28.4 61.97 450 4.087
1640452440 28.57 62.32 557 4.076
1640452500 28.69 62.63 802 4.076
1640452560 28.86 62.93 480 4.087
1640452620 28.87 63.16 438 4.087
1640452680 28.86 63.36 438 4.087
1640452740 29.02 63.6 438 4.092
1640452800 29.17 63.77 468 4.087
1640452860 29.24 63.93 468 4.092
1640452920 29.2 64.06 462 4.092
1640452980 29.28 64.21 438 4.087
1640453040 29.34 64.29 402 4.092
1640453100 29.39 64.32 384 4.087
1640453160 29.35 64.37 377 4.087
1640453220 28.97 64.38 371 4.092
1640453280 29.07 64.51 365 4.087
1640453340 29.2 64.56 365 4.092
1640453400 29.1 64.55 359 4.092
1640453460 29.18 64.67 353 4.092
1640453520 29.15 64.8 359 4.092
1640453580 29.29 64.89 353 4.087
1640453640 29.29 64.94 341 4.087
1640453700 29.32 65.05 335 4.087
1640453760 29.07 65.05 329 4.092
1640453820 28.86 65.09 335 4.087
1640453880 28.87 65.16 335 4.087
1640453940 28.74 65.15 341 4.087
1640454000 28.6 65.2 341 4.092
1640454060 28.67 65.36 341 4.087
1640454120 28.51 65.49 341 4.087
1640454180 28.45 65.52 353 4.092
1640454240 28.45 65.65 371 4.087
1640454300 28.47 65.7 445 4.098
1640454360 28.59 65.77 451 4.092
1640454420 28.64 65.77 695 4.082
1640454480 28.78 65.82 450 4.092
1640454540 28.84 65.78 475 4.098
1640454600 28.87 65.78 814 4.082
1640454660 29.05 65.85 1236 4.082
1640454720 29.15 65.87 624 4.092
1640454780 29.59 65.83 492 4.092
1640454840 29.58 65.78 420 4.092
1640454900 29.47 65.62 391 4.098
1640454960 29.53 65.62 377 4.092
1640455020 29.32 65.51 377 4.092
1640455080 29.28 65.42 373 4.098
1640455140 29.11 65.35 377 4.092
1640455200 28.89 65.34 390 4.092
1640455260 28.86 65.32 512 4.098
1640455320 28.77 65.32 725 4.087
1640455380 28.71 65.32 593 4.082
1640455440 28.69 65.44 487 4.098
1640455500 28.66 65.48 463 4.092
1640455560 28.82 65.61 612 4.087
1640455620 28.87 65.7 408 4.092
1640455680 28.94 65.72 396 4.092
1640455740 28.94 65.77 396 4.092
1640455800 28.89 65.77 391 4.092
1640455860 28.86 65.8 384 4.098
1640455920 28.82 65.83 371 4.092
1640455980 28.86 65.93 371 4.092
1640456040 29.04 65.91 367 4.092
1640456100 28.97 65.88 353 4.098
1640456160 28.86 65.81 349 4.092
1640456220 28.87 65.89 353 4.098
1640456280 28.69 65.98 347 4.098
1640456340 28.77 66 349 4.092
1640456400 28.82 66.04 335 4.098
1640456460 28.8 66.09 329 4.098
1640456520 28.74 66.14 335 4.092
1640456580 28.73 66.16 329 4.092
1640456640 28.56 66.22 323 4.098
1640456700 28.49 66.25 317 4.098
1640456760 28.51 66.3 305 4.098
1640456820 28.4 66.33 305 4.098
1640456880 28.45 66.4 305 4.098
1640456940 28.53 66.45 293 4.092
1640457000 28.33 66.41 287 4.092
1640457060 28.2 66.45 281 4.092
1640457120 28.05 66.54 277 4.098
1640457180 27.99 66.59 271 4.092
1640457240 28.13 66.65 263 4.098
1640457300 28.13 66.77 257 4.092
1640457360 28.03 66.84 246 4.092
1640457420 27.98 66.97 245 4.092
1640457480 27.91 67.08 239 4.092
1640457540 27.85 67.27 239 4.092
1640457600 27.84 67.37 239 4.092
1640457660 27.81 67.54 239 4.092
1640457720 27.82 67.67 239 4.092
1640457780 27.81 67.79 239 4.092
1640457840 27.81 67.96 239 4.092
1640457900 27.76 68.02 228 4.092
1640457960 27.85 68.07 221 4.092
1640458020 27.75 68.1 215 4.092
1640458080 27.81 68.17 215 4.092
1640458140 27.75 68.2 215 4.098
1640458200 27.72 68.3 215 4.092
1640458260 27.62 68.32 215 4.092
1640458320 27.64 68.37 227 4.092
1640458380 27.59 68.35 227 4.092
1640458440 27.66 68.37 234 4.092
1640458500 27.75 68.41 233 4.098
1640458560 27.76 68.47 239 4.092
1640458620 27.78 68.56 251 4.098
1640458680 27.86 68.68 259 4.092
1640458740 27.92 68.68 277 4.098
1640458800 27.85 68.67 295 4.098
1640458860 27.88 68.69 301 4.092
1640458980 27.96 68.71 325 4.098
1640459040 28.03 68.71 420 4.087
1640459100 28.19 68.64 594 4.087
1640459160 28.23 68.62 960 4.087
1640459220 28.39 68.57 768 4.087
1640459280 28.67 68.4 656 4.092
1640459340 29.14 67.92 570 4.087
1640459400 29.26 67.83 725 4.087
1640459460 29.51 67.65 858 4.087
1640459520 29.89 67.4 816 4.087
1640459580 30.12 67.14 643 4.087
1640459640 30 66.74 643 4.087
1640459700 29.83 66.37 948 4.087
1640459760 29.87 66.09 942 4.087
1640459820 30.16 65.84 719 4.087
1640459880 30.22 65.53 679 4.087
1640459940 30.22 65.21 924 4.087
1640460000 30.33 64.91 840 4.087
1640460060 30.34 64.54 701 4.087
1640460120 30.3 64.32 719 4.087
1640460180 30.26 63.98 996 4.092
1640460240 30.24 63.7 1111 4.082
1640460300 29.93 63.45 1014 4.087
1640460360 30.19 63.32 1194 4.087
1640460420 30.3 63.15 1248 4.082
1640460480 30.44 62.96 1254 4.087
1640460540 30.5 62.75 1049 4.082
1640460600 30.94 62.65 899 4.087
1640460660 31.15 62.47 524 4.098
1640460720 31.29 62.18 451 4.098
1640460780 31.39 61.97 469 4.098
1640460840 31.26 61.7 505 4.098
1640460900 31.05 61.49 786 4.087
1640460960 30.88 61.35 512 4.098
1640461020 30.63 61.1 475 4.103
1640461080 30.48 61.02 674 4.098
1640461140 30.37 60.96 433 4.098
1640461200 30.34 60.93 426 4.087
1640461260 30.13 60.89 421 4.098
1640461320 29.89 60.93 415 4.098
1640461380 29.86 61.03 426 4.087
1640461440 29.98 61.11 426 4.087
1640461500 29.98 61.3 432 4.087
1640461560 30.02 61.44 545 4.087
1640461620 29.92 61.48 438 4.087
1640461680 29.89 61.58 528 4.082
1640461740 29.82 61.71 558 4.087
1640461800 29.86 61.82 630 4.082
1640461860 29.82 61.91 683 4.087
1640461920 29.89 62.03 618 4.087
1640461980 29.92 62.05 582 4.098
1640462040 29.93 62.14 408 4.098
1640462100 30.03 62.26 572 4.098
1640462160 29.99 62.28 655 4.087
1640462220 29.93 62.35 840 4.082
1640462280 29.95 62.38 701 4.087
1640462340 30.23 62.37 391 4.092
1640462400 30.46 62.47 367 4.098
1640462460 30.6 62.57 397 4.098
1640462520 30.47 62.46 396 4.098
1640462580 30.37 62.48 379 4.098
1640462640 30.27 62.47 367 4.098
1640462700 30.23 62.57 385 4.098
1640462760 30.31 62.53 421 4.098
1640462820 30.31 62.53 373 4.098
1640462880 30.22 62.59 359 4.098
1640462940 30.13 62.55 337 4.098
1640463000 29.79 62.48 307 4.098
1640463060 29.82 62.56 283 4.098
1640463120 29.73 62.53 259 4.098
1640463180 29.71 62.55 246 4.098
1640463240 29.56 62.55 233 4.098
1640463300 29.32 62.55 228 4.092
1640463360 29.07 62.46 221 4.092
1640463420 28.96 62.58 216 4.092
1640463480 28.78 62.69 210 4.098
1640463540 28.78 62.88 203 4.098
1640463600 28.7 63.08 191 4.092
1640463660 28.57 63.23 180 4.092
1640463720 28.46 63.38 180 4.092
1640463780 28.35 63.49 173 4.092
1640463840 28.35 63.63 173 4.092
1640463900 28.3 63.87 167 4.092
1640463960 28.26 64 167 4.092
1640464020 28.32 64.24 167 4.092
1640464080 28.27 64.36 167 4.092
1640464140 28.12 64.6 167 4.092
1640464200 28.09 64.8 161 4.092
1640464260 27.99 65.02 161 4.092
1640464320 28 65.16 161 4.092
1640464380 27.99 65.37 174 4.092
1640464440 27.95 65.48 173 4.092
1640464500 27.94 65.69 180 4.092
1640464560 27.91 65.91 179 4.092
1640464620 27.91 66.08 185 4.092
1640464680 27.94 66.27 191 4.092
1640464740 27.96 66.5 192 4.092
1640464800 27.95 66.7 204 4.098
1640464860 27.92 66.88 209 4.098
1640464920 27.88 67.02 210 4.092
1640464980 27.94 67.2 198 4.098
1640465040 28 67.42 192 4.092
1640465100 27.96 67.54 185 4.092
1640465160 27.98 67.62 209 4.092
1640465220 28 67.68 203 4.092
1640465280 28.06 67.82 204 4.092
1640465340 27.99 67.89 209 4.092
1640465400 27.91 68.05 209 4.092
1640465460 27.88 68.15 209 4.092
1640465520 27.85 68.27 203 4.092
1640465580 27.84 68.36 197 4.092
1640465640 27.86 68.46 179 4.092
1640465700 27.92 68.56 161 4.092
1640465760 27.86 68.59 137 4.092
1640465820 27.95 68.64 124 4.092
1640465880 27.99 68.63 124 4.092
1640465940 27.92 68.62 131 4.092
1640466000 27.85 68.67 143 4.092
1640466060 27.86 68.74 155 4.092
1640466120 27.82 68.8 155 4.092
1640466180 27.76 68.9 149 4.092
1640466240 27.71 69.03 149 4.092
1640466300 27.72 69.2 155 4.092
1640466360 27.72 69.3 156 4.092
1640466420 27.76 69.37 155 4.092
1640466480 27.76 69.4 173 4.092
1640466540 27.78 69.44 167 4.092
1640466600 27.85 69.49 155 4.092
1640466660 27.81 69.57 143 4.092
1640466720 27.84 69.62 149 4.092
1640466780 27.81 69.62 149 4.092
1640466840 27.81 69.68 149 4.092
1640466900 27.86 69.71 155 4.092
1640466960 27.79 69.71 143 4.092
1640467020 27.78 69.76 131 4.092
1640467080 27.81 69.85 131 4.087
1640467140 27.79 69.91 143 4.092
1640467200 27.79 69.95 144 4.092
1640467260 27.76 70.04 131 4.092
1640467320 27.73 70.1 149 4.092
1640467380 27.68 70.15 179 4.092
1640467440 27.66 70.21 185 4.092
1640467500 27.61 70.3 156 4.098
1640467560 27.55 70.42 161 4.092
1640467620 27.48 70.46 149 4.092
1640467680 27.38 70.58 137 4.092
1640467740 27.27 70.71 124 4.092
1640467800 27.23 70.85 124 4.092
1640467860 27.25 71.02 124 4.092
1640467920 27.28 71.11 124 4.092
1640467980 27.27 71.26 131 4.092
1640468040 27.23 71.45 137 4.092
1640468100 27.23 71.54 143 4.092
1640468160 27.28 71.58 155 4.092
1640468220 27.28 71.64 155 4.098
1640468280 27.27 71.69 155 4.092
1640468340 27.23 71.76 149 4.092
1640468400 27.21 71.85 131 4.092
1640468460 27.21 71.9 124 4.092
1640468520 27.23 71.93 131 4.092
1640468580 27.21 71.98 149 4.092
1640468640 27.21 72.12 156 4.092
1640468700 27.27 72.19 167 4.092
1640468760 27.23 72.18 161 4.092
1640468820 27.18 72.16 161 4.092
1640468880 27.18 72.1 155 4.092
1640468940 27.14 72.02 161 4.092
1640469000 27.13 71.98 161 4.092
1640469060 27.14 71.97 155 4.098
1640469120 27.11 71.99 149 4.092
1640469180 27.11 71.98 161 4.092
1640469240 27.17 72.1 167 4.092
1640469300 27.17 72.12 173 4.092
1640469360 27.23 72.08 167 4.092
1640469420 27.33 72.09 168 4.092
1640469480 27.33 72.08 161 4.092
1640469540 27.34 72.12 155 4.092
1640469600 27.44 72.21 155 4.092
1640469660 27.44 72.25 131 4.092
1640469720 27.45 72.22 124 4.092
1640469780 27.35 72.21 118 4.092
1640469840 27.33 72.28 112 4.092
1640469900 27.23 72.3 112 4.092
1640469960 27.2 72.3 106 4.092
1640470020 27.14 72.37 112 4.092
1640470080 27.14 72.45 106 4.092
1640470140 27.17 72.51 106 4.092
1640470200 27.08 72.55 100 4.092
1640470260 27.03 72.61 100 4.087
1640470320 26.89 72.66 94 4.092
1640470380 26.87 72.7 96 4.092
1640470440 26.83 72.79 88 4.092
1640470500 26.84 72.88 88 4.087
1640470560 26.83 72.99 88 4.092
1640470620 26.8 73.04 82 4.092
1640470680 26.8 73.14 82 4.092
1640470740 26.74 73.17 82 4.087
1640470800 26.73 73.23 82 4.092
1640470860 26.72 73.19 76 4.092
1640470920 26.67 73.1 76 4.092
1640470980 26.69 73.15 76 4.087
1640471040 26.64 73.15 70 4.092
1640471100 26.62 73.11 70 4.087
1640471160 26.63 73.16 70 4.092
1640471220 26.62 73.19 70 4.087
1640471280 26.57 73.18 64 4.092
1640471340 26.57 73.25 64 4.092
1640471400 26.59 73.32 64 4.092
1640471460 26.52 73.39 58 4.092
1640471520 26.52 73.5 52 4.087
1640471580 26.49 73.48 52 4.092
1640471640 26.49 73.54 52 4.087
1640471700 26.47 73.65 46 4.087
1640471760 26.42 73.69 46 4.087
1640471820 26.44 73.84 40 4.087
1640471880 26.36 73.95 40 4.087
1640471940 26.38 74.07 34 4.087
1640472000 26.32 74.13 34 4.087
1640472060 26.29 74.23 34 4.087
1640472120 26.25 74.29 28 4.087
1640472180 26.26 74.45 28 4.087
1640472240 26.19 74.56 22 4.092
1640472300 26.16 74.68 22 4.087
1640472360 26.11 74.81 16 4.087
1640472420 26.08 74.95 16 4.087
1640472480 26.02 75.12 16 4.092
1640472540 25.95 75.15 16 4.092
1640472600 25.91 75.33 10 4.092
1640472660 25.88 75.44 10 4.087
1640472720 25.84 75.57 10 4.087
1640472780 25.82 75.65 10 4.087
1640472840 25.78 75.78 10 4.092
1640472900 25.72 75.9 10 4.087
1640472960 25.71 76.02 4 4.092
1640473020 25.65 76.14 4 4.092
1640473080 25.64 76.22 4 4.087
1640473140 25.6 76.34 0 4.087
1640473200 25.63 76.48 0 4.087
1640473260 25.57 76.56 0 4.087
1640473320 25.57 76.69 0 4.092
1640473380 25.51 76.82 0 4.092
1640473440 25.47 76.91 0 4.092
1640473500 25.42 77 0 4.087
1640473560 25.42 77.1 0 4.087
1640473620 25.41 77.23 0 4.087
1640473680 25.37 77.34 0 4.087
1640473740 25.36 77.41 0 4.087
1640473800 25.34 77.53 0 4.087
1640473860 25.34 77.7 0 4.092
1640473920 25.3 77.8 0 4.087
1640473980 25.27 77.94 0 4.087
1640474040 25.21 77.99 0 4.092
1640474100 25.23 78.13 0 4.087
1640474160 25.24 78.19 0 4.087
1640474220 25.26 78.25 0 4.087
1640474280 25.24 78.33 0 4.087
1640474340 25.24 78.42 0 4.087
1640474400 25.18 78.56 0 4.092
1640474460 25.2 78.64 0 4.092
1640474520 25.17 78.78 0 4.087
1640474580 25.13 78.88 0 4.087
1640474640 25.12 78.97 0 4.087
1640474700 25.1 79.07 0 4.087
1640474760 25.06 79.11 0 4.087
1640474820 25.07 79.18 0 4.087
1640474880 25.09 79.2 0 4.087
1640474940 25.06 79.27 0 4.087
1640475000 25.06 79.31 0 4.087
1640475060 25.06 79.41 0 4.087
1640475120 25.03 79.45 0 4.087
1640475180 24.97 79.52 0 4.087
1640475240 24.98 79.59 0 4.087
1640475300 24.96 79.64 0 4.087
1640475360 24.97 79.72 0 4.087
1640475420 24.97 79.78 0 4.087
1640475480 24.94 79.83 0 4.087
1640475540 24.93 79.87 0 4.087
1640475600 24.93 79.91 0 4.087
1640475660 24.89 79.93 0 4.087
1640475720 24.9 79.97 0 4.087
1640475780 24.87 80.06 0 4.087
1640475840 24.87 80.07 0 4.087
1640475900 24.85 80.1 0 4.087
1640475960 24.85 80.16 0 4.087
1640476020 24.82 80.17 0 4.087
1640476080 24.83 80.2 0 4.087
1640476140 24.83 80.24 0 4.087
1640476200 24.8 80.27 0 4.087
1640476260 24.79 80.31 0 4.087
1640476320 24.79 80.37 0 4.087
1640476380 24.77 80.41 0 4.076
1640476440 24.75 80.47 0 4.082
1640476500 24.75 80.51 0 4.087
1640476560 24.76 80.59 0 4.087
1640476620 24.72 80.67 0 4.087
1640476680 24.67 80.77 0 4.087
1640476740 24.62 80.84 0 4.087
1640476800 24.58 80.9 0 4.087
1640476860 24.56 81.02 0 4.087
1640476920 24.52 81.09 0 4.087
1640476980 24.51 81.19 0 4.087
1640477040 24.53 81.25 0 4.087
1640477100 24.55 81.32 0 4.087
1640477160 24.55 81.32 0 4.087
1640477220 24.53 81.37 0 4.087
1640477280 24.55 81.4 0 4.087
1640477340 24.55 81.43 0 4.082
1640477400 24.55 81.48 0 4.087
1640477460 24.53 81.54 0 4.087
1640477520 24.52 81.57 0 4.087
1640477580 24.51 81.63 0 4.087
1640477640 24.52 81.69 0 4.087
1640477700 24.49 81.74 0 4.087
1640477760 24.48 81.79 0 4.087
1640477820 24.48 81.84 0 4.087
1640477880 24.49 81.87 0 4.087
1640477940 24.46 81.93 0 4.087
1640478000 24.45 81.94 0 4.087
1640478060 24.43 82.06 0 4.087
1640478120 24.42 82.11 0 4.087
1640478180 24.38 82.16 0 4.087
1640478240 24.38 82.25 0 4.087
1640478300 24.39 82.3 0 4.087
1640478360 24.38 82.39 0 4.087
1640478420 24.36 82.42 0 4.087
1640478480 24.36 82.52 0 4.087
1640478540 24.31 82.55 0 4.087
1640478600 24.33 82.66 0 4.082
1640478660 24.31 82.71 0 4.082
1640478720 24.31 82.81 0 4.087
1640478780 24.28 82.89 0 4.087
1640478840 24.25 82.94 0 4.087
1640478900 24.25 82.99 0 4.087
1640478960 24.25 83.09 0 4.087
1640479020 24.25 83.17 0 4.087
1640479080 24.28 83.25 0 4.087
1640479140 24.22 83.37 0 4.082
1640479200 24.18 83.49 0 4.087
1640479260 24.11 83.51 0 4.082
1640479320 24.12 83.61 0 4.082
1640479380 24.07 83.64 0 4.087
1640479440 24.02 83.68 0 4.087
1640479500 24.02 83.72 0 4.087
1640479560 24 83.79 0 4.087
1640479620 24.01 83.82 0 4.082
1640479680 23.98 83.88 0 4.087
1640479740 23.98 83.96 0 4.087
1640479800 23.94 84.02 0 4.087
1640479860 23.91 84.06 0 4.087
1640479920 23.89 84.12 0 4.087
1640479980 23.85 84.17 0 4.082
1640480040 23.84 84.21 0 4.082
1640480100 23.8 84.3 0 4.087
1640480160 23.77 84.3 0 4.082
1640480220 23.77 84.35 0 4.082
1640480280 23.72 84.32 0 4.087
1640480340 23.74 84.37 0 4.087
1640480400 23.74 84.42 0 4.087
1640480460 23.68 84.41 0 4.087
1640480520 23.68 84.49 0 4.082
1640480580 23.65 84.49 0 4.087
1640480640 23.63 84.53 0 4.087
1640480700 23.63 84.62 0 4.087
1640480760 23.6 84.63 0 4.087
1640480820 23.59 84.71 0 4.082
1640480880 23.56 84.71 0 4.082
1640480940 23.57 84.77 0 4.087
1640481000 23.59 84.83 0 4.082
1640481060 23.56 84.82 0 4.087
1640481120 23.53 84.87 0 4.082
1640481180 23.53 84.87 0 4.082
1640481240 23.54 84.91 0 4.087
1640481300 23.56 84.93 0 4.082
1640481360 23.56 84.95 0 4.082
1640481420 23.56 84.99 0 4.087
1640481480 23.56 85.02 0 4.082
1640481540 23.54 85.03 0 4.082
1640481600 23.53 85.06 0 4.087
1640481660 23.51 85.04 0 4.087
1640481720 23.51 85.05 0 4.082
1640481780 23.51 85.01 0 4.082
1640481840 23.51 85.04 0 4.082
1640481900 23.51 84.95 0 4.082
1640481960 23.5 84.94 0 4.082
1640482020 23.51 84.93 0 4.082
1640482080 23.53 84.91 0 4.082
1640482140 23.51 84.88 0 4.082
1640482200 23.49 84.84 0 4.082
1640482260 23.51 84.85 0 4.082
1640482320 23.49 84.8 0 4.082
1640482380 23.54 84.84 0 4.082
1640482440 23.54 84.84 0 4.082
1640482500 23.5 84.8 0 4.082
1640482560 23.51 84.77 0 4.082
1640482620 23.54 84.8 0 4.087
1640482680 23.53 84.73 0 4.082
1640482740 23.53 84.72 0 4.082
1640482800 23.53 84.74 0 4.087
1640482860 23.56 84.71 0 4.082
1640482920 23.54 84.67 0 4.082
1640482980 23.54 84.66 0 4.082
1640483040 23.56 84.63 0 4.082
1640483100 23.53 84.57 0 4.087
1640483160 23.54 84.6 0 4.087
1640483220 23.51 84.54 0 4.082
1640483280 23.51 84.53 0 4.082
1640483340 23.54 84.5 0 4.082
1640483400 23.54 84.46 0 4.082
1640483460 23.54 84.44 0 4.082
1640483520 23.54 84.43 0 4.082
1640483580 23.53 84.39 0 4.082
1640483640 23.53 84.37 0 4.082
1640483700 23.54 84.3 0 4.082
1640483760 23.57 84.33 0 4.082
1640483820 23.57 84.35 0 4.082
1640483880 23.53 84.32 0 4.082
1640483940 23.54 84.29 0 4.082
1640484000 23.51 84.3 0 4.082
1640484060 23.51 84.24 0 4.082
1640484120 23.51 84.18 0 4.082
1640484180 23.56 84.2 0 4.082
1640484240 23.53 84.17 0 4.082
1640484300 23.53 84.15 0 4.082
1640484360 23.59 84.12 0 4.082
1640484420 23.51 84.09 0 4.082
1640484480 23.53 84.09 0 4.082
1640484540 23.53 84.07 0 4.087
1640484600 23.51 84.02 0 4.082
1640484660 23.54 84.02 0 4.082
1640484720 23.53 84.02 0 4.082
1640484780 23.53 84.06 0 4.082
1640484840 23.53 84.05 0 4.082
1640484900 23.51 84.06 0 4.082
1640484960 23.49 84.07 0 4.082
1640485020 23.49 84.06 0 4.082
1640485080 23.49 84.03 0 4.082
1640485140 23.49 84.04 0 4.082
1640485200 23.49 84.06 0 4.082
1640485260 23.49 84.07 0 4.082
1640485320 23.51 84.1 0 4.082
1640485380 23.5 84.08 0 4.082
1640485440 23.49 84.1 0 4.082
1640485500 23.46 84.08 0 4.082
1640485560 23.47 84.13 0 4.082
1640485620 23.46 84.1 0 4.082
1640485680 23.46 84.11 0 4.082
1640485740 23.44 84.11 0 4.082
1640485800 23.43 84.13 0 4.082
1640485860 23.44 84.17 0 4.082
1640485920 23.46 84.14 0 4.082
1640485980 23.44 84.18 0 4.082
1640486040 23.44 84.24 0 4.082
1640486100 23.41 84.28 0 4.082
1640486160 23.39 84.32 0 4.082
1640486220 23.34 84.31 0 4.082
1640486280 23.31 84.35 0 4.076
1640486340 23.34 84.38 0 4.082
1640486400 23.3 84.38 0 4.082
1640486460 23.3 84.47 0 4.076
1640486520 23.3 84.51 0 4.082
1640486580 23.26 84.57 0 4.082
1640486640 23.26 84.62 0 4.082
1640486700 23.26 84.68 0 4.082
1640486760 23.21 84.75 0 4.082
1640486820 23.19 84.77 0 4.082
1640486880 23.2 84.8 0 4.082
1640486940 23.16 84.81 0 4.082
1640487000 23.19 84.87 0 4.082
1640487060 23.14 84.86 0 4.082
1640487120 23.14 84.9 0 4.082
1640487180 23.13 84.87 0 4.076
1640487240 23.1 84.9 0 4.082
1640487300 23.12 84.95 0 4.082
1640487360 23.1 84.92 0 4.082
1640487420 23.13 84.96 0 4.076
1640487480 23.1 84.95 0 4.082
1640487540 23.09 84.91 0 4.076
1640487600 23.12 84.92 0 4.082
1640487660 23.1 84.91 0 4.082
1640487720 23.09 84.93 0 4.082
1640487780 23.09 84.93 0 4.082
1640487840 23.03 84.95 0 4.082
1640487900 23.06 84.96 0 4.082
1640487960 23.07 84.99 0 4.082
1640488020 23.06 85.04 0 4.082
1640488080 23.06 85.07 0 4.082
1640488140 23.05 85.09 0 4.082
1640488200 23 85.09 0 4.076
1640488260 23.06 85.12 0 4.082
1640488320 23.02 85.16 0 4.076
1640488380 23 85.18 0 4.082
1640488440 23.02 85.18 0 4.082
1640488500 22.99 85.22 0 4.082
1640488560 22.99 85.25 0 4.082
1640488620 22.97 85.26 0 4.082
1640488680 22.96 85.3 0 4.082
1640488740 22.96 85.34 0 4.082
1640488800 22.92 85.41 0 4.082
1640488860 22.95 85.44 0 4.082
1640488920 22.93 85.45 0 4.082
1640488980 22.9 85.52 0 4.076
1640489040 22.9 85.54 0 4.082
1640489100 22.88 85.56 0 4.076
1640489160 22.89 85.61 0 4.082
1640489220 22.88 85.58 0 4.076
1640489280 22.9 85.6 0 4.082
1640489340 22.89 85.63 0 4.082
1640489400 22.88 85.67 0 4.082
1640489460 22.89 85.69 0 4.082
1640489520 22.88 85.75 0 4.082
1640489580 22.88 85.76 0 4.076
1640489640 22.85 85.81 0 4.076
1640489700 22.82 85.82 0 4.082
1640489760 22.79 85.82 0 4.082
1640489820 22.78 85.86 0 4.082
1640489880 22.8 85.83 0 4.076
1640489940 22.79 85.74 0 4.082
1640490000 22.82 85.71 0 4.082
1640490060 22.83 85.7 0 4.076
1640490120 22.83 85.7 0 4.076
1640490180 22.79 85.65 0 4.082
1640490240 22.79 85.64 0 4.082
1640490300 22.75 85.63 0 4.082
1640490360 22.7 85.56 0 4.082
1640490420 22.72 85.56 0 4.082
1640490480 22.72 85.53 0 4.076
1640490540 22.7 85.47 0 4.082
1640490600 22.69 85.46 0 4.076
1640490660 22.7 85.41 0 4.076
1640490720 22.66 85.41 0 4.082
1640490780 22.66 85.43 0 4.076
1640490840 22.61 85.37 0 4.082
1640490900 22.58 85.43 0 4.082
1640490960 22.58 85.46 0 4.076
1640491020 22.56 85.46 0 4.082
1640491080 22.56 85.54 0 4.082
1640491140 22.54 85.6 0 4.082
1640491200 22.52 85.67 0 4.076
1640491260 22.49 85.72 0 4.076
1640491320 22.48 85.76 0 4.076
1640491380 22.45 85.85 0 4.082
1640491440 22.45 85.9 0 4.082
1640491500 22.39 85.97 0 4.082
1640491560 22.39 86.02 0 4.082
1640491620 22.34 86.11 0 4.076
1640491680 22.31 86.17 0 4.065
1640491740 22.3 86.23 0 4.076
1640491800 22.28 86.3 0 4.076
1640491860 22.3 86.35 0 4.076
1640491920 22.28 86.42 0 4.076
1640491980 22.25 86.48 0 4.076
1640492040 22.24 86.54 0 4.082
1640492100 22.24 86.66 0 4.082
1640492160 22.19 86.7 0 4.076
1640492220 22.19 86.76 0 4.082
1640492280 22.16 86.78 0 4.082
1640492340 22.16 86.8 0 4.076
1640492400 22.21 86.75 0 4.082
1640492460 22.25 86.74 0 4.082
1640492520 22.31 86.69 0 4.082
1640492580 22.34 86.61 0 4.076
1640492640 22.39 86.55 0 4.076
1640492700 22.42 86.46 0 4.076
1640492760 22.46 86.37 0 4.076
1640492820 22.49 86.3 0 4.076
1640492880 22.49 86.26 0 4.076
1640492940 22.51 86.18 0 4.076
1640493000 22.51 86.09 0 4.076
1640493060 22.55 86.04 0 4.076
1640493120 22.56 86 0 4.076
1640493180 22.56 85.97 0 4.076
1640493240 22.54 85.91 0 4.076
1640493300 22.54 85.88 0 4.076
1640493360 22.52 85.8 0 4.076
1640493420 22.54 85.78 0 4.076
1640493480 22.49 85.74 0 4.076
1640493540 22.54 85.67 0 4.076
1640493600 22.51 85.62 0 4.076
1640493660 22.55 85.56 0 4.076
1640493720 22.52 85.55 0 4.076
1640493780 22.55 85.51 0 4.076
1640493840 22.52 85.47 0 4.076
1640493900 22.51 85.44 0 4.076
1640493960 22.51 85.41 0 4.076
1640494020 22.51 85.42 0 4.076
1640494080 22.45 85.39 0 4.076
1640494140 22.46 85.36 0 4.076
1640494200 22.46 85.38 0 4.076
1640494260 22.44 85.34 0 4.076
1640494320 22.44 85.32 0 4.076
1640494380 22.42 85.24 0 4.076
1640494440 22.44 85.31 0 4.076
1640494500 22.42 85.32 0 4.076
1640494560 22.41 85.36 0 4.076
1640494620 22.38 85.43 0 4.076
1640494680 22.36 85.46 0 4.076
1640494740 22.36 85.52 0 4.082
