1641445200 20.52 77.18 0 4.065
1641445260 20.51 77.6 0 4.065
1641445320 20.47 78.01 0 4.071
1641445380 20.45 78.37 0 4.071
1641445440 20.42 78.76 0 4.065
1641445500 20.39 79.06 0 4.071
1641445560 20.37 79.38 0 4.065
1641445620 20.38 79.67 0 4.065
1641445680 20.35 79.92 0 4.065
1641445740 20.3 80.19 0 4.065
1641445800 20.26 80.4 0 4.065
1641445860 20.26 80.64 0 4.065
1641445920 20.21 80.85 0 4.065
1641445980 20.18 81.01 0 4.065
1641446040 20.18 81.19 0 4.071
1641446100 20.16 81.41 0 4.065
1641446160 20.16 81.57 0 4.06
1641446220 20.1 81.78 0 4.065
1641446280 20.08 81.82 0 4.065
1641446340 20.08 81.93 0 4.065
1641446400 20.07 82 0 4.065
1641446460 20.1 82.13 0 4.065
1641446520 20.1 82.25 0 4.065
1641446580 20.08 82.33 0 4.065
1641446640 20.08 82.43 0 4.065
1641446700 20.06 82.53 0 4.065
1641446760 20.04 82.6 0 4.065
1641446820 19.97 82.58 0 4.065
1641446880 20.06 82.63 0 4.065
1641446940 20.04 82.64 0 4.065
1641447000 20.08 82.75 0 4.065
1641447060 20.06 82.81 0 4.065
1641447120 20.08 82.87 0 4.065
1641447180 20.08 82.98 0 4.065
1641447240 20.08 83.07 0 4.065
1641447300 20.03 83.07 0 4.065
1641447360 20.06 83.12 0 4.065
1641447420 20.04 83.17 0 4.065
1641447480 19.98 83.06 0 4.065
1641447540 20.07 82.85 0 4.065
1641447600 20.08 82.63 0 4.065
1641447660 20.18 82.45 0 4.065
1641447720 20.17 82.28 0 4.065
1641447780 20.18 82.05 0 4.065
1641447840 20.23 81.82 0 4.065
1641447900 20.26 81.65 0 4.065
1641447960 20.31 81.49 0 4.065
1641448020 20.28 81.22 0 4.065
1641448080 20.31 80.91 0 4.065
1641448140 20.38 80.53 0 4.065
1641448200 20.45 80.24 0 4.065
1641448260 20.55 79.93 0 4.065
1641448320 20.64 79.62 0 4.065
1641448380 20.82 79.31 0 4.065
1641448440 20.85 79 0 4.065
1641448500 20.85 78.7 0 4.065
1641448560 20.82 78.49 0 4.065
1641448620 20.83 78.24 0 4.065
1641448680 20.86 78.06 0 4.065
1641448740 20.78 77.86 0 4.065
1641448800 20.75 77.73 0 4.065
1641448860 20.74 77.75 0 4.065
1641448920 20.71 77.76 0 4.065
1641448980 20.68 77.75 0 4.065
1641449040 20.69 77.83 0 4.065
1641449100 20.64 77.84 0 4.065
1641449160 20.59 77.9 0 4.065
1641449220 20.55 78.03 0 4.065
1641449280 20.49 78.16 0 4.065
1641449340 20.44 78.23 0 4.065
1641449400 20.37 78.37 0 4.065
1641449460 20.3 78.51 0 4.065
1641449520 20.24 78.75 0 4.065
1641449580 20.2 78.91 0 4.065
1641449640 20.14 79.09 0 4.065
1641449700 20.1 79.28 0 4.065
1641449760 20.08 79.45 0 4.06
1641449820 20.01 79.65 0 4.065
1641449880 20 79.79 0 4.065
1641449940 19.96 79.95 0 4.065
1641450000 19.96 80.13 0 4.065
1641450060 19.93 80.27 0 4.06
1641450120 19.91 80.49 0 4.065
1641450180 19.84 80.63 0 4.065
1641450240 19.83 80.79 0 4.065
1641450300 19.84 80.96 0 4.065
1641450360 19.77 81.07 0 4.065
1641450420 19.76 81.24 0 4.065
1641450480 19.76 81.35 0 4.065
1641450540 19.77 81.42 0 4.065
1641450600 19.76 81.52 0 4.065
1641450660 19.73 81.55 0 4.065
1641450720 19.72 81.61 0 4.065
1641450780 19.72 81.62 0 4.06
1641450840 19.69 81.68 0 4.065
1641450900 19.66 81.74 0 4.065
1641450960 19.62 81.77 0 4.065
1641451020 19.6 81.81 0 4.065
1641451080 19.57 81.85 0 4.065
1641451140 19.56 81.93 0 4.065
1641451200 19.52 81.99 0 4.065
1641451260 19.53 82.03 0 4.065
1641451320 19.48 82.09 0 4.065
1641451380 19.45 82.09 0 4.065
1641451440 19.46 82.01 0 4.065
1641451500 19.45 81.91 0 4.065
1641451560 19.46 81.86 0 4.06
1641451620 19.49 81.83 0 4.06
1641451680 19.45 81.75 0 4.065
1641451740 19.46 81.63 0 4.065
1641451800 19.49 81.56 0 4.065
1641451860 19.48 81.44 0 4.065
1641451920 19.45 81.32 0 4.065
1641451980 19.42 81.23 0 4.065
1641452040 19.43 81.11 0 4.06
1641452100 19.42 81.02 0 4.065
1641452160 19.37 80.95 0 4.065
1641452220 19.4 80.85 0 4.065
1641452280 19.37 80.8 0 4.065
1641452340 19.36 80.71 0 4.065
1641452400 19.35 80.67 0 4.065
1641452460 19.33 80.67 0 4.06
1641452520 19.32 80.65 0 4.065
1641452580 19.29 80.61 0 4.06
1641452640 19.29 80.66 0 4.06
1641452700 19.25 80.65 0 4.06
1641452760 19.26 80.71 0 4.065
1641452820 19.23 80.75 0 4.065
1641452880 19.25 80.82 0 4.065
1641452940 19.22 80.88 0 4.065
1641453000 19.23 80.92 0 4.065
1641453060 19.21 80.97 0 4.065
1641453120 19.22 81 0 4.065
1641453180 19.22 81.05 0 4.065
1641453240 19.21 81.03 0 4.065
1641453300 19.22 81.07 0 4.065
1641453360 19.22 81.07 0 4.06
1641453420 19.15 81.07 0 4.06
1641453480 19.18 81.07 0 4.06
1641453540 19.16 81.06 0 4.06
1641453600 19.19 81.08 0 4.06
1641453660 19.19 81.13 0 4.06
1641453720 19.21 81.16 0 4.06
1641453780 19.18 81.15 0 4.065
1641453840 19.18 81.12 0 4.06
1641453900 19.16 81.08 0 4.065
1641453960 19.18 81.01 0 4.065
1641454020 19.21 80.99 0 4.06
1641454080 19.19 80.97 0 4.06
1641454140 19.18 80.92 0 4.065
1641454200 19.21 80.83 0 4.06
1641454260 19.23 80.65 0 4.049
1641454320 19.28 80.46 0 4.06
1641454380 19.3 80.4 0 4.06
1641454440 19.32 80.28 0 4.06
1641454500 19.3 80.2 0 4.065
1641454560 19.3 80.09 0 4.065
1641454620 19.28 80.01 0 4.06
1641454680 19.3 79.93 0 4.06
1641454740 19.29 79.89 0 4.06
1641454800 19.28 79.8 0 4.06
1641454860 19.26 79.76 0 4.06
1641454920 19.25 79.71 0 4.06
1641454980 19.25 79.71 0 4.06
1641455040 19.22 79.74 0 4.065
1641455100 19.21 79.74 0 4.065
1641455160 19.16 79.77 0 4.044
1641455220 19.15 79.74 0 4.06
1641455280 19.12 79.72 0 4.06
1641455340 19.13 79.73 0 4.06
1641455400 19.12 79.77 0 4.06
1641455460 19.11 79.81 0 4.06
1641455520 19.11 79.82 0 4.06
1641455580 19.08 79.86 0 4.06
1641455640 19.08 79.86 0 4.06
1641455700 19.06 79.77 0 4.06
1641455880 19.11 79.72 0 4.06
1641455940 19.12 79.71 0 4.06
1641456000 19.15 79.63 0 4.06
1641456060 19.18 79.65 0 4.06
1641456120 19.16 79.61 0 4.06
1641456180 19.16 79.62 0 4.055
1641456240 19.13 79.6 0 4.055
1641456300 19.15 79.6 0 4.06
1641456360 19.18 79.67 0 4.06
1641456420 19.18 79.72 0 4.06
1641456480 19.18 79.76 0 4.06
1641456540 19.16 79.83 0 4.06
1641456600 19.16 79.95 0 4.06
1641456660 19.12 80.03 0 4.06
1641456720 19.11 80.12 0 4.06
1641456780 19.09 80.22 0 4.06
1641456840 19.08 80.27 0 4.06
1641456900 19.06 80.35 0 4.06
1641456960 19.05 80.45 4 4.06
1641457020 19.02 80.51 0 4.06
1641457080 18.98 80.54 0 4.055
1641457140 18.98 80.65 0 4.055
1641457200 18.97 80.7 0 4.06
1641457260 18.94 80.81 0 4.06
1641457320 18.9 80.86 0 4.06
1641457380 18.87 80.95 0 4.06
1641457440 18.81 81 0 4.06
1641457500 18.75 81 0 4.06
1641457560 18.78 81.06 0 4.06
1641457620 18.78 81.12 0 4.06
1641457680 18.77 81.16 0 4.055
1641457740 18.68 81.23 0 4.06
1641457800 18.71 81.29 0 4.06
1641457860 18.65 81.34 0 4.06
1641457920 18.65 81.4 0 4.06
1641457980 18.65 81.49 0 4.055
1641458040 18.65 81.58 0 4.055
1641458100 18.58 81.65 0 4.055
1641458160 18.54 81.72 0 4.06
1641458220 18.54 81.81 0 4.06
1641458280 18.55 81.92 0 4.06
1641458340 18.52 82.01 0 4.055
1641458400 18.54 82.1 0 4.055
1641458460 18.55 82.2 0 4.06
1641458520 18.55 82.31 0 4.06
1641458580 18.51 82.38 0 4.055
1641458640 18.52 82.46 0 4.055
1641458700 18.5 82.55 0 4.06
1641458760 18.51 82.64 0 4.06
1641458820 18.5 82.71 0 4.06
1641458880 18.48 82.79 0 4.055
1641458940 18.5 82.84 0 4.06
1641459000 18.46 82.87 0 4.055
1641459060 18.47 82.92 0 4.06
1641459120 18.46 82.97 0 4.055
1641459180 18.47 83.01 0 4.06
1641459240 18.44 83.05 0 4.06
1641459300 18.46 83.07 0 4.055
1641459360 18.43 83.11 0 4.06
1641459420 18.47 83.12 0 4.06
1641459480 18.46 83.16 0 4.06
1641459540 18.43 83.14 0 4.06
1641459600 18.41 83.17 0 4.06
1641459660 18.44 83.19 0 4.06
1641459720 18.44 83.21 0 4.06
1641459780 18.44 83.27 0 4.055
1641459840 18.44 83.27 0 4.055
1641459900 18.43 83.3 0 4.06
1641459960 18.46 83.35 0 4.06
1641460020 18.41 83.38 0 4.06
1641460080 18.41 83.41 0 4.055
1641460140 18.41 83.42 0 4.06
1641460200 18.41 83.43 0 4.06
1641460260 18.46 83.45 0 4.055
1641460320 18.47 83.44 0 4.055
1641460380 18.48 83.45 0 4.06
1641460440 18.5 83.45 0 4.06
1641460500 18.47 83.46 0 4.06
1641460560 18.47 83.46 0 4.06
1641460620 18.47 83.46 0 4.06
1641460680 18.47 83.47 0 4.055
1641460740 18.5 83.5 0 4.06
1641460800 18.51 83.52 0 4.055
1641460860 18.51 83.5 0 4.055
1641460920 18.51 83.57 0 4.06
1641460980 18.5 83.54 0 4.055
1641461040 18.47 83.58 0 4.055
1641461100 18.48 83.61 0 4.06
1641461160 18.48 83.66 0 4.055
1641461220 18.47 83.66 0 4.055
1641461280 18.5 83.65 0 4.055
1641461340 18.5 83.74 0 4.055
1641461400 18.5 83.72 0 4.055
1641461460 18.5 83.71 0 4.055
1641461520 18.47 83.73 0 4.055
1641461580 18.47 83.71 0 4.06
1641461640 18.48 83.73 0 4.055
1641461700 18.5 83.68 0 4.055
1641461760 18.51 83.69 0 4.055
1641461820 18.52 83.72 0 4.06
1641461880 18.5 83.69 0 4.055
1641461940 18.48 83.63 0 4.06
1641462000 18.48 83.63 0 4.055
1641462060 18.52 83.63 0 4.055
1641462120 18.52 83.61 0 4.055
1641462180 18.52 83.6 0 4.06
1641462240 18.52 83.55 0 4.055
1641462300 18.5 83.56 0 4.055
1641462360 18.52 83.51 0 4.055
1641462420 18.52 83.49 0 4.06
1641462480 18.55 83.46 0 4.055
1641462540 18.52 83.46 0 4.055
1641462600 18.54 83.4 0 4.055
1641462660 18.54 83.39 0 4.06
1641462720 18.52 83.32 0 4.06
1641462780 18.55 83.31 0 4.06
1641462840 18.55 83.25 0 4.06
1641462900 18.54 83.2 0 4.055
1641462960 18.52 83.17 0 4.055
1641463020 18.51 83.14 0 4.06
1641463080 18.51 83.17 0 4.06
1641463140 18.48 83.16 0 4.06
1641463200 18.5 83.17 0 4.06
1641463260 18.46 83.18 0 4.055
1641463320 18.46 83.23 0 4.06
1641463380 18.44 83.27 0 4.055
1641463440 18.41 83.32 0 4.06
1641463500 18.37 83.35 0 4.06
1641463560 18.36 83.45 0 4.055
1641463620 18.33 83.47 0 4.055
1641463680 18.3 83.52 0 4.055
1641463740 18.26 83.55 0 4.06
1641463800 18.24 83.64 0 4.055
1641463860 18.23 83.71 0 4.055
1641463920 18.17 83.74 0 4.06
1641463980 18.16 83.82 0 4.055
1641464040 18.13 83.88 0 4.055
1641464100 18.13 83.92 0 4.06
1641464160 18.14 83.93 0 4.06
1641464220 18.14 83.97 0 4.055
1641464280 18.14 83.95 0 4.055
1641464340 18.17 83.96 0 4.055
1641464400 18.2 83.94 0 4.06
1641464460 18.23 83.94 0 4.06
1641464520 18.3 83.92 0 4.055
1641464580 18.33 83.94 0 4.055
1641464640 18.34 83.95 0 4.055
1641464700 18.27 83.93 0 4.055
1641464760 18.27 83.94 0 4.055
1641464820 18.31 83.98 0 4.055
1641464880 18.33 84.01 0 4.055
1641464940 18.3 83.95 0 4.055
1641465000 18.29 83.97 0 4.06
1641465060 18.29 84.01 0 4.055
1641465120 18.3 84.04 0 4.06
1641465180 18.31 84.04 0 4.055
1641465240 18.33 84.05 0 4.055
1641465300 18.36 84.13 0 4.055
1641465360 18.34 84.12 0 4.06
1641465420 18.36 84.16 0 4.055
1641465480 18.37 84.17 0 4.06
1641465540 18.33 84.23 0 4.055
1641465600 18.3 84.26 0 4.055
1641465660 18.26 84.26 0 4.055
1641465720 18.2 84.31 0 4.055
1641465780 18.19 84.32 0 4.06
1641465840 18.17 84.34 0 4.055
1641465900 18.19 84.4 0 4.055
1641465960 18.14 84.4 0 4.055
1641466020 18.16 84.45 0 4.055
1641466080 18.19 84.46 0 4.055
1641466140 18.2 84.48 0 4.055
1641466200 18.26 84.49 0 4.055
1641466260 18.29 84.5 0 4.055
1641466320 18.29 84.51 0 4.055
1641466380 18.36 84.51 0 4.055
1641466440 18.39 84.47 0 4.055
1641466500 18.43 84.49 0 4.055
1641466560 18.46 84.45 0 4.055
1641466620 18.47 84.4 0 4.055
1641466680 18.5 84.4 0 4.055
1641466740 18.47 84.32 0 4.055
1641466800 18.54 84.35 0 4.06
1641466860 18.55 84.32 0 4.06
1641466920 18.58 84.28 0 4.055
1641466980 18.58 84.23 0 4.055
1641467040 18.6 84.21 0 4.055
1641467100 18.57 84.17 0 4.055
1641467160 18.57 84.14 0 4.055
1641467220 18.61 84.09 0 4.055
1641467280 18.6 84.06 0 4.055
1641467340 18.58 84.04 0 4.055
1641467400 18.52 84 4 4.055
1641467460 18.48 84.01 4 4.055
1641467520 18.47 83.94 4 4.055
1641467580 18.4 83.91 4 4.055
1641467640 18.43 83.84 4 4.055
1641467700 18.39 83.83 4 4.055
1641467760 18.36 83.82 4 4.055
1641467820 18.36 83.81 4 4.055
1641467880 18.33 83.74 4 4.055
1641467940 18.34 83.73 4 4.055
1641468000 18.31 83.7 4 4.055
1641468060 18.3 83.64 10 4.055
1641468120 18.29 83.63 10 4.055
1641468180 18.27 83.61 4 4.055
1641468240 18.27 83.62 10 4.055
1641468300 18.26 83.62 10 4.055
1641468360 18.23 83.59 10 4.055
1641468420 18.22 83.6 10 4.055
1641468480 18.2 83.54 10 4.055
1641468540 18.19 83.51 10 4.055
1641468600 18.24 83.53 10 4.055
1641468660 18.23 83.51 10 4.06
1641468720 18.26 83.51 10 4.055
1641468780 18.24 83.48 10 4.055
1641468840 18.31 83.51 10 4.055
1641468900 18.33 83.52 10 4.055
1641468960 18.3 83.52 10 4.055
1641469020 18.3 83.5 10 4.055
1641469080 18.3 83.5 16 4.055
1641469140 18.3 83.47 10 4.055
1641469200 18.33 83.5 10 4.055
1641469260 18.27 83.54 16 4.055
1641469320 18.31 83.53 16 4.055
1641469380 18.27 83.55 10 4.055
1641469440 18.24 83.58 16 4.055
1641469500 18.2 83.63 16 4.055
1641469560 18.2 83.68 16 4.055
1641469620 18.19 83.72 16 4.055
1641469680 18.19 83.76 16 4.055
1641469740 18.17 83.84 16 4.055
1641469800 18.16 83.87 16 4.055
1641469860 18.16 83.91 22 4.055
1641469920 18.16 83.95 16 4.055
1641469980 18.2 84 22 4.055
1641470040 18.2 84.05 22 4.055
1641470100 18.22 84.06 22 4.055
1641470160 18.24 84.12 22 4.055
1641470220 18.24 84.1 22 4.055
1641470280 18.29 84.11 28 4.055
1641470340 18.33 84.13 28 4.055
1641470400 18.36 84.14 34 4.055
1641470460 18.37 84.12 34 4.055
1641470520 18.43 84.11 40 4.055
1641470580 18.41 84.12 40 4.049
1641470640 18.55 84.12 40 4.055
1641470700 18.62 84.09 40 4.055
1641470760 18.7 84.12 46 4.055
1641470820 18.74 84.1 46 4.055
1641470880 18.75 84.09 52 4.055
1641470940 18.81 84.08 52 4.055
1641471000 18.85 84.03 52 4.055
1641471060 18.87 83.96 52 4.055
1641471120 18.94 83.95 52 4.055
1641471180 18.95 83.9 58 4.055
1641471240 19.01 83.88 58 4.055
1641471300 19.05 83.86 58 4.055
1641471360 19.08 83.87 58 4.049
1641471420 19.08 83.8 58 4.049
1641471480 19.15 83.78 58 4.049
1641471540 19.21 83.76 64 4.049
1641471600 19.21 83.77 64 4.055
1641471660 19.28 83.69 64 4.055
1641471720 19.32 83.67 64 4.049
1641471780 19.35 83.63 64 4.055
1641471840 19.43 83.59 64 4.055
1641471900 19.48 83.56 64 4.049
1641471960 19.52 83.52 70 4.049
1641472020 19.56 83.45 70 4.055
1641472080 19.64 83.38 70 4.055
1641472140 19.67 83.34 70 4.049
1641472200 19.7 83.32 70 4.049
1641472260 19.74 83.26 70 4.055
1641472320 19.74 83.18 70 4.055
1641472380 19.81 83.13 70 4.049
1641472440 19.87 83.14 70 4.049
1641472500 19.9 83.1 76 4.049
1641472560 20 83.04 76 4.049
1641472620 20.01 83.04 76 4.055
1641472680 20.04 83.03 76 4.055
1641472740 20.07 83 82 4.049
1641472800 20.14 83.01 76 4.055
1641472860 20.17 82.93 76 4.049
1641472920 20.24 82.86 82 4.055
1641472980 20.3 82.82 76 4.055
1641473040 20.37 82.82 76 4.049
1641473100 20.38 82.79 82 4.055
1641473160 20.35 82.72 82 4.049
1641473220 20.42 82.63 82 4.049
1641473280 20.49 82.55 82 4.049
1641473340 20.52 82.45 82 4.049
1641473400 20.64 82.39 82 4.049
1641473460 20.72 82.26 82 4.049
1641473520 20.75 82.16 82 4.049
1641473580 20.88 82.02 82 4.055
1641473640 20.92 81.9 82 4.049
1641473700 20.99 81.66 88 4.049
1641473760 21.06 81.56 88 4.055
1641473820 21.06 81.42 88 4.055
1641473880 21.09 81.25 88 4.055
1641473940 21.19 81.1 88 4.049
1641474000 21.28 80.97 88 4.049
1641474060 21.29 80.84 88 4.049
1641474120 21.33 80.69 88 4.049
1641474180 21.36 80.57 88 4.049
1641474240 21.37 80.48 88 4.055
1641474300 21.42 80.36 94 4.049
1641474360 21.42 80.21 94 4.049
1641474420 21.44 80.03 94 4.049
1641474480 21.49 79.83 88 4.055
1641474540 21.57 79.65 88 4.049
1641474600 21.61 79.49 94 4.055
1641474660 21.64 79.28 94 4.049
1641474720 21.71 79.11 94 4.055
1641474780 21.65 78.92 94 4.049
1641474840 21.65 78.67 94 4.055
1641474900 21.71 78.49 94 4.055
1641474960 21.74 78.26 94 4.049
1641475020 21.84 77.98 94 4.055
1641475080 21.95 77.73 94 4.049
1641475140 21.98 77.53 94 4.049
1641475200 22.01 77.27 100 4.049
1641475260 22.01 77.03 94 4.049
1641475320 22.05 76.78 100 4.049
1641475380 22.15 76.62 100 4.049
1641475440 22.21 76.39 94 4.055
1641475500 22.19 76.23 100 4.049
1641475560 22.18 76.13 100 4.055
1641475620 22.31 76.01 100 4.055
1641475680 22.25 75.86 100 4.055
1641475740 22.31 75.7 100 4.049
1641475800 22.34 75.54 100 4.049
1641475860 22.39 75.42 106 4.049
1641475920 22.42 75.25 100 4.055
1641475980 22.46 75.14 100 4.049
1641476040 22.59 75.01 100 4.049
1641476100 22.62 74.83 100 4.055
1641476160 22.72 74.66 100 4.055
1641476220 22.78 74.55 100 4.049
1641476280 22.76 74.39 100 4.055
1641476340 22.73 74.22 100 4.049
1641476400 22.82 74.04 100 4.049
1641476460 22.8 73.84 100 4.049
1641476520 22.86 73.75 100 4.049
1641476580 22.89 73.59 100 4.049
1641476640 22.93 73.36 100 4.049
1641476700 22.97 73.16 106 4.049
1641476760 23.06 72.86 100 4.049
1641476820 23.1 72.6 106 4.055
1641476880 23.13 72.3 106 4.049
1641476940 23.2 72.07 106 4.049
1641477000 23.27 71.84 106 4.049
1641477060 23.3 71.61 106 4.055
1641477120 23.4 71.34 106 4.049
1641477180 23.43 71.12 106 4.055
1641477240 23.47 70.93 106 4.049
1641477300 23.44 70.66 106 4.049
1641477360 23.47 70.38 106 4.049
1641477420 23.53 70.16 106 4.055
1641477480 23.61 69.97 106 4.049
1641477540 23.74 69.74 106 4.049
1641477600 23.8 69.46 106 4.055
1641477660 23.88 69.24 106 4.049
1641477720 23.94 68.94 106 4.049
1641477780 24.01 68.72 106 4.049
1641477840 24.16 68.47 112 4.049
1641477900 24.26 68.14 112 4.055
1641477960 24.29 67.94 112 4.049
1641478020 24.29 67.7 112 4.055
1641478080 24.31 67.45 112 4.055
1641478140 24.38 67.22 112 4.049
1641478200 24.45 66.89 112 4.049
1641478260 24.49 66.56 112 4.049
1641478320 24.63 66.26 112 4.049
1641478380 24.66 66.03 112 4.049
1641478440 24.73 65.72 118 4.049
1641478500 24.76 65.43 112 4.055
1641478560 24.82 65.1 118 4.049
1641478620 24.94 64.84 118 4.055
1641478680 24.9 64.62 118 4.049
1641478740 24.89 64.38 118 4.049
1641478800 24.9 64.02 118 4.049
1641478860 24.93 63.71 124 4.049
1641478920 24.98 63.47 159 4.049
1641478980 25.03 63.23 159 4.049
1641479040 25.1 62.94 135 4.049
1641479100 25.23 62.62 141 4.049
1641479160 25.24 62.39 237 4.049
1641479220 25.17 62.04 344 4.049
1641479280 25.3 61.79 481 4.049
1641479340 25.44 61.54 469 4.049
1641479400 25.56 61.26 578 4.049
1641479460 25.64 60.99 594 4.055
1641479520 25.89 60.74 505 4.055
1641479580 26.08 60.51 588 4.049
1641479640 26.19 60.29 768 4.049
1641479700 26.43 60.01 677 4.049
1641479760 26.62 59.75 493 4.055
1641479820 26.62 59.42 540 4.049
1641479880 26.56 59.15 588 4.049
1641479940 26.79 58.87 558 4.049
1641480000 26.94 58.68 350 4.055
1641480060 27.01 58.53 171 4.055
1641480120 27.18 58.28 171 4.049
1641480180 27.37 58.11 183 4.049
1641480240 27.48 57.98 308 4.055
1641480300 27.47 57.82 409 4.049
1641480360 27.35 57.66 338 4.049
1641480420 27.31 57.57 272 4.055
1641480480 27.37 57.4 256 4.049
1641480540 27.27 57.24 201 4.055
1641480600 27.25 57.17 201 4.049
1641480660 27.28 57.03 249 4.049
1641480720 27.24 56.91 374 4.049
1641480780 26.93 56.82 481 4.049
1641480840 27 56.82 636 4.049
1641480900 27.03 56.78 552 4.055
1641480960 27.17 56.82 356 4.055
1641481020 27.27 56.73 268 4.049
1641481080 27.34 56.76 433 4.049
1641481140 27.43 56.71 761 4.055
1641481200 27.49 56.73 856 4.055
1641481260 27.54 56.68 643 4.049
1641481320 27.65 56.58 387 4.049
1641481380 27.94 56.58 338 4.049
1641481440 27.94 56.47 219 4.049
1641481500 27.86 56.45 266 4.049
1641481560 28 56.43 225 4.055
1641481620 27.82 56.25 147 4.049
1641481680 27.72 56.19 177 4.055
1641481740 27.91 56.18 290 4.049
1641481800 27.96 56.04 207 4.049
1641481860 27.89 55.97 225 4.049
1641481920 27.88 55.94 249 4.055
1641481980 27.85 55.87 237 4.055
1641482040 27.75 55.74 243 4.055
1641482100 27.62 55.66 207 4.049
1641482160 27.51 55.56 213 4.055
1641482220 27.45 55.57 207 4.049
1641482280 27.58 55.6 189 4.049
1641482340 27.64 55.62 231 4.049
1641482400 27.64 55.58 344 4.055
1641482460 27.64 55.46 445 4.055
1641482520 27.76 55.46 314 4.055
1641482580 27.61 55.29 445 4.055
1641482640 27.54 55.18 387 4.055
1641482700 27.76 55.02 290 4.049
1641482760 27.79 54.97 256 4.049
1641482820 27.91 54.82 368 4.049
1641482880 27.94 54.66 268 4.049
1641482940 27.88 54.47 249 4.049
1641483000 27.84 54.28 445 4.049
1641483060 27.65 54 487 4.049
1641483120 27.72 53.84 320 4.055
1641483180 27.89 53.62 159 4.055
1641483240 28.05 53.47 129 4.049
1641483300 28.1 53.29 131 4.049
1641483360 28.09 53.1 135 4.049
1641483420 27.91 52.92 135 4.049
1641483480 27.88 52.75 141 4.049
1641483540 27.72 52.62 141 4.049
1641483600 27.68 52.47 165 4.055
1641483660 27.84 52.36 131 4.049
1641483720 27.88 52.24 135 4.055
1641483780 27.76 52.11 159 4.055
1641483840 27.64 51.91 225 4.049
1641483900 27.66 51.75 225 4.055
1641483960 27.66 51.58 159 4.055
1641484020 27.56 51.39 177 4.055
1641484080 27.51 51.24 387 4.049
1641484140 27.35 51.07 350 4.044
1641484200 27.38 50.97 243 4.049
1641484260 27.48 50.89 189 4.049
1641484320 27.56 50.8 207 4.049
1641484380 27.76 50.79 278 4.049
1641484440 27.88 50.79 308 4.049
1641484500 27.96 50.76 302 4.049
1641484560 28.02 50.74 296 4.049
1641484620 28.03 50.67 326 4.049
1641484680 27.98 50.64 368 4.049
1641484740 28.18 50.59 314 4.055
1641484800 28.37 50.6 308 4.049
1641484860 28.56 50.64 423 4.049
1641484920 28.73 50.6 989 4.049
1641484980 28.89 50.56 975 4.049
1641485040 29 50.47 1064 4.049
1641485100 29.08 50.42 1076 4.055
1641485160 29.15 50.3 1078 4.049
1641485220 29.25 50.24 1082 4.049
1641485280 29.55 50.17 1064 4.049
1641485340 30.02 50.06 1001 4.055
1641485400 30.26 49.95 989 4.055
1641485460 30.5 49.79 691 4.06
1641485520 30.82 49.58 292 4.06
1641485580 30.95 49.28 308 4.055
1641485640 31.01 49.02 332 4.055
1641485700 30.98 48.74 292 4.055
1641485760 30.87 48.47 308 4.055
1641485820 30.71 48.23 475 4.055
1641485880 30.73 47.91 572 4.049
1641485940 30.61 47.57 768 4.055
1641486000 30.56 47.27 249 4.055
1641486060 30.97 47.05 256 4.055
1641486120 31.08 46.7 225 4.055
1641486180 30.82 46.42 256 4.055
1641486240 30.79 46.2 671 4.049
1641486300 30.68 45.96 763 4.06
1641486360 30.57 45.7 847 4.06
1641486420 30.57 45.59 1087 4.065
1641486480 30.73 45.46 1118 4.071
1641486540 30.71 45.32 1126 4.076
1641486600 30.91 45.27 1133 4.076
1641486660 30.94 45.06 1133 4.082
1641486720 30.95 45 1109 4.082
1641486780 31.17 44.85 1127 4.082
1641486840 31.33 44.72 1121 4.082
1641486900 31.65 44.57 1117 4.082
1641486960 31.41 44.35 1117 4.087
1641487020 31.35 44.14 1118 4.087
1641487080 31.62 43.99 1117 4.092
1641487140 31.75 43.76 1130 4.092
1641487200 32.07 43.5 1130 4.092
1641487260 32.04 43.23 1144 4.098
1641487320 32.29 43.11 1138 4.098
1641487380 32.24 42.89 1138 4.103
1641487440 32.34 42.79 1138 4.098
1641487500 32.1 42.59 1138 4.098
1641487560 32.03 42.4 1136 4.092
1641487620 31.87 42.32 1139 4.103
1641487680 31.8 42.14 1142 4.092
1641487740 32.1 41.99 1145 4.103
1641487800 32.37 41.95 1144 4.092
1641487860 32.31 41.79 1144 4.098
1641487920 32.45 41.61 1144 4.098
1641487980 32.43 41.41 1141 4.103
1641488040 32.53 41.38 1132 4.098
1641488100 32.61 41.3 1126 4.098
1641488160 32.51 41.19 1136 4.092
1641488220 32.1 41.17 1141 4.108
1641488280 32.53 41.21 1120 4.098
1641488340 32.41 41.08 1126 4.098
1641488400 32.14 41.02 1130 4.114
1641488460 32.14 40.95 1123 4.108
1641488520 32.3 40.94 1121 4.103
1641488580 31.94 40.84 1121 4.103
1641488640 31.94 40.81 1121 4.103
1641488700 31.89 40.76 1121 4.103
1641488760 31.61 40.71 1121 4.103
1641488820 31.56 40.81 1121 4.103
1641488880 31.99 40.9 1123 4.103
1641488940 31.83 40.98 1115 4.108
1641489000 31.68 41.02 1115 4.108
1641489060 31.41 41.04 1127 4.108
1641489120 31.52 41.2 1129 4.108
1641489180 31.75 41.26 1129 4.108
1641489240 31.42 41.31 1123 4.108
1641489300 31.61 41.54 1123 4.108
1641489360 31.59 41.74 1117 4.108
1641489420 31.45 42.06 1117 4.108
1641489480 31.29 42.34 1117 4.108
1641489540 31.48 42.72 1117 4.108
1641489600 31.65 43.25 1111 4.108
1641489660 31.97 43.62 1135 4.114
1641489720 31.96 44.07 1145 4.082
1641489780 31.77 44.44 1152 4.082
1641489840 31.86 44.86 1185 4.103
1641489900 31.79 45.24 1188 4.082
1641489960 31.97 45.64 1185 4.087
1641490020 31.89 45.87 761 4.082
1641490080 31.83 46.26 185 4.082
1641490140 31.49 46.52 299 4.087
1641490200 31.19 46.84 1194 4.082
1641490260 30.74 47.19 1109 4.082
1641490320 30.47 47.59 1133 4.082
1641490380 30.51 48.05 1121 4.103
1641490440 30.68 48.47 1117 4.108
1641490500 30.71 48.79 1105 4.108
1641490560 30.66 49.21 1105 4.108
1641490620 30.79 49.53 1106 4.114
1641490680 30.81 49.82 1106 4.114
1641490740 30.73 50.06 1106 4.114
1641490800 30.4 50.33 1106 4.114
1641490860 30.13 50.62 1100 4.114
1641490920 30.23 50.97 1112 4.114
1641490980 30.47 51.28 1106 4.119
1641491040 30.81 51.58 1112 4.114
1641491100 30.82 51.79 1112 4.114
1641491160 30.77 51.98 1112 4.114
1641491220 30.74 52.14 1112 4.119
1641491280 30.74 52.35 1111 4.087
1641491340 30.87 52.46 1111 4.092
1641491400 30.56 52.53 1087 4.087
1641491460 30.66 52.75 1141 4.087
1641491520 30.84 52.85 1117 4.087
1641491580 31.01 52.98 1105 4.087
1641491640 31.08 52.97 1111 4.087
1641491700 31.21 52.99 1097 4.087
1641491760 31.14 52.91 1099 4.087
1641491820 31.05 52.91 1105 4.108
1641491880 31.18 52.96 1123 4.087
1641491940 31.32 52.94 1135 4.092
1641492000 31.46 52.83 1135 4.108
1641492060 31.45 52.76 879 4.103
1641492120 31.49 52.66 1153 4.092
1641492180 31.68 52.55 1171 4.087
1641492240 31.53 52.49 1159 4.108
1641492300 31.55 52.41 554 4.098
1641492360 31.55 52.33 1141 4.108
1641492420 31.43 52.27 1135 4.087
1641492480 31.48 52.23 1141 4.087
1641492540 31.38 52.15 1141 4.087
1641492600 31.11 52.01 1127 4.087
1641492660 30.92 52 1139 4.103
1641492720 30.88 52.02 1158 4.103
1641492780 30.88 52.06 173 4.087
1641492840 30.31 52.03 1069 4.087
1641492900 30.15 52.12 1109 4.087
1641492960 29.98 52.2 1129 4.087
1641493020 30.28 52.39 834 4.087
1641493080 30.44 52.47 1159 4.082
1641493140 30.54 52.55 1115 4.082
1641493200 30.53 52.65 1111 4.082
1641493260 30.68 52.77 1115 4.087
1641493320 30.85 52.8 1133 4.103
1641493380 31.02 52.88 1152 4.103
1641493440 31.38 52.93 692 4.098
1641493500 31.39 52.9 299 4.092
1641493560 31.43 52.82 420 4.092
1641493620 31.04 52.79 1164 4.087
1641493680 30.73 52.68 438 4.092
1641493740 30.44 52.68 365 4.098
1641493800 30.27 52.67 239 4.087
1641493860 30.12 52.71 1085 4.087
1641493920 30.06 52.83 1123 4.087
1641493980 30.13 52.94 1033 4.087
1641494040 30.07 53.04 1117 4.087
1641494100 30.13 53.13 1129 4.082
1641494160 30.09 53.18 1123 4.087
1641494220 30.2 53.29 1127 4.082
1641494280 30.28 53.44 474 4.098
1641494340 30.53 53.51 1139 4.082
1641494400 30.38 53.52 486 4.092
1641494460 30.67 53.6 888 4.087
1641494520 30.79 53.6 197 4.087
1641494580 30.75 53.67 197 4.087
1641494640 30.61 53.64 1008 4.087
1641494700 30.36 53.62 492 4.092
1641494760 30.02 53.59 1087 4.082
1641494820 29.79 53.62 834 4.087
1641494880 29.76 53.62 179 4.087
1641494940 29.66 53.67 1057 4.087
1641495000 29.52 53.72 185 4.087
1641495060 29.41 53.76 185 4.087
1641495120 29.14 53.88 209 4.092
1641495180 28.9 54.02 1087 4.082
1641495240 28.77 54.15 1014 4.087
1641495300 28.86 54.33 701 4.087
1641495360 28.84 54.53 137 4.087
1641495420 28.74 54.7 124 4.087
1641495480 28.73 54.88 990 4.087
1641495540 28.64 55.08 1013 4.087
1641495600 28.71 55.22 1021 4.082
1641495660 28.75 55.38 840 4.087
1641495720 28.91 55.57 1069 4.082
1641495780 29.08 55.7 1043 4.082
1641495840 29.31 55.79 1037 4.082
1641495900 29.52 55.92 953 4.087
1641495960 29.86 56.04 1001 4.082
1641496020 30.26 56.12 1033 4.087
1641496080 30.53 56.16 1013 4.082
1641496140 30.73 56.02 1007 4.087
1641496200 31.14 55.98 1005 4.098
1641496260 30.98 55.72 978 4.087
1641496320 31.28 55.49 191 4.082
1641496380 31.33 55.24 191 4.087
1641496440 31.14 54.95 793 4.098
1641496500 30.81 54.69 880 4.087
1641496560 30.66 54.42 990 4.087
1641496620 30.5 54.21 977 4.087
1641496680 30.34 54.09 986 4.092
1641496740 30.22 53.98 939 4.098
1641496800 30.31 53.89 927 4.098
1641496860 30.36 53.77 155 4.087
1641496920 30.23 53.63 167 4.087
1641496980 30.05 53.55 191 4.087
1641497040 29.82 53.53 951 4.098
1641497100 29.73 53.51 960 4.087
1641497160 29.82 53.57 880 4.087
1641497220 29.77 53.65 299 4.092
1641497280 29.69 53.6 960 4.087
1641497340 29.87 53.67 969 4.098
1641497400 30.16 53.75 948 4.087
1641497460 30.33 53.74 936 4.087
1641497520 30.28 53.8 930 4.087
1641497580 30.22 53.73 914 4.092
1641497640 30.46 53.78 915 4.092
1641497700 30.71 53.81 920 4.092
1641497760 30.87 53.79 915 4.098
1641497820 31.01 53.75 915 4.098
1641497880 31.14 53.67 924 4.087
1641497940 31.11 53.57 929 4.087
1641498000 30.89 53.46 945 4.098
1641498060 30.89 53.35 385 4.098
1641498120 31.05 53.24 936 4.087
1641498180 31.28 53.15 879 4.092
1641498240 31.43 53.01 746 4.092
1641498300 31.48 52.87 933 4.098
1641498360 31.53 52.7 927 4.098
1641498420 31.46 52.57 921 4.098
1641498480 31.32 52.38 932 4.092
1641498540 31.26 52.32 915 4.098
1641498600 31.01 52.18 733 4.098
1641498660 31.04 52.04 883 4.098
1641498720 30.91 51.97 233 4.092
1641498780 31.08 51.94 239 4.087
1641498840 30.88 51.86 251 4.092
1641498900 30.48 51.79 209 4.092
1641498960 30.38 51.82 221 4.092
1641499020 30.05 51.77 769 4.092
1641499080 29.79 51.8 745 4.092
1641499140 29.61 51.91 149 4.092
1641499200 29.44 51.95 161 4.087
1641499260 29.15 52.11 745 4.092
1641499320 29.02 52.25 751 4.092
1641499380 28.87 52.39 749 4.087
1641499440 29.07 52.61 731 4.092
1641499500 29.26 52.84 733 4.092
1641499560 29.42 52.99 733 4.098
1641499620 29.68 53.12 745 4.092
1641499680 29.82 53.22 757 4.092
1641499740 29.98 53.31 758 4.092
1641499800 30.26 53.35 752 4.092
1641499860 30.27 53.39 733 4.098
1641499920 30.37 53.35 722 4.092
1641499980 29.89 53.32 727 4.092
1641500040 29.79 53.34 722 4.092
1641500100 29.86 53.36 740 4.092
1641500160 29.75 53.38 751 4.098
1641500220 29.8 53.36 752 4.098
1641500280 29.73 53.36 739 4.092
1641500340 29.77 53.36 721 4.092
1641500400 29.95 53.41 710 4.098
1641500460 30.06 53.36 697 4.092
1641500520 30.07 53.35 698 4.092
1641500580 30.17 53.32 704 4.092
1641500640 30.07 53.25 191 4.092
1641500700 30.05 53.28 161 4.092
1641500760 29.98 53.27 161 4.087
1641500820 29.83 53.23 624 4.092
1641500880 29.34 53.19 643 4.092
1641500940 29.21 53.23 655 4.092
1641501000 29.21 53.29 649 4.092
1641501060 29.02 53.35 649 4.098
1641501120 29.04 53.51 632 4.092
1641501180 29.08 53.56 612 4.092
1641501240 28.96 53.63 438 4.092
1641501300 28.97 53.78 492 4.092
1641501360 29.11 53.95 444 4.092
1641501420 29.49 54.12 179 4.092
1641501480 29.53 54.22 233 4.092
1641501540 29.32 54.3 197 4.092
1641501600 28.97 54.36 215 4.092
1641501660 28.91 54.44 209 4.098
1641501720 28.97 54.48 215 4.092
1641501780 28.97 54.55 239 4.092
1641501840 29.04 54.64 283 4.098
1641501900 29.08 54.73 287 4.098
1641501960 29.02 54.77 307 4.098
1641502020 28.89 54.9 227 4.098
1641502080 28.69 54.89 209 4.092
1641502140 28.63 55.05 179 4.092
1641502200 28.66 55.15 161 4.092
1641502260 28.54 55.23 143 4.092
1641502320 28.49 55.36 137 4.092
1641502380 28.4 55.43 137 4.092
1641502440 28.39 55.57 143 4.092
1641502500 28.35 55.7 143 4.092
1641502560 28.32 55.79 137 4.092
1641502620 28.29 55.91 124 4.092
1641502680 28.15 56.07 118 4.092
1641502740 28.1 56.14 112 4.092
1641502800 28.12 56.33 100 4.092
1641502860 28.08 56.44 100 4.092
1641502920 27.99 56.56 70 4.092
1641502980 27.89 56.71 70 4.092
1641503040 27.91 56.82 88 4.092
1641503100 27.79 56.97 82 4.087
1641503160 27.71 57.09 82 4.092
1641503220 27.64 57.22 82 4.087
1641503280 27.59 57.37 76 4.092
1641503340 27.58 57.53 88 4.092
1641503400 27.58 57.69 94 4.092
1641503460 27.52 57.87 106 4.087
1641503520 27.52 57.99 100 4.092
1641503580 27.56 58.1 94 4.092
1641503640 27.61 58.25 94 4.087
1641503700 27.51 58.31 82 4.092
1641503760 27.47 58.4 100 4.087
1641503820 27.43 58.5 100 4.087
1641503880 27.45 58.55 100 4.087
1641503940 27.43 58.59 100 4.092
1641504000 27.33 58.64 100 4.092
1641504060 27.33 58.68 100 4.087
1641504120 27.33 58.77 100 4.087
1641504180 27.28 58.77 94 4.092
1641504240 27.27 58.9 94 4.092
1641504300 27.34 58.96 94 4.087
1641504360 27.28 58.99 94 4.092
1641504420 27.3 59.07 88 4.092
1641504480 27.31 59.12 82 4.087
1641504540 27.31 59.16 82 4.087
1641504600 27.33 59.24 82 4.087
1641504660 27.25 59.29 88 4.092
1641504720 27.13 59.35 94 4.092
1641504780 27.18 59.38 94 4.087
1641504840 27.24 59.51 100 4.087
1641504900 27.25 59.53 100 4.092
1641504960 27.28 59.58 100 4.087
1641505020 27.31 59.64 106 4.087
1641505080 27.23 59.77 112 4.092
1641505140 27.21 59.8 112 4.092
1641505200 27.13 59.87 118 4.087
1641505260 27.14 59.95 112 4.087
1641505320 27.08 60.07 112 4.092
1641505380 27.05 60.18 106 4.092
1641505440 27.11 60.3 100 4.092
1641505500 27.04 60.39 94 4.087
1641505560 27 60.44 88 4.092
1641505620 26.94 60.49 88 4.092
1641505680 26.9 60.56 82 4.087
1641505740 26.82 60.61 76 4.092
1641505800 26.83 60.68 70 4.087
1641505860 26.83 60.75 58 4.087
1641505920 26.8 60.87 58 4.087
1641505980 26.77 60.92 58 4.087
1641506040 26.76 61.02 58 4.087
1641506100 26.79 61.11 58 4.092
1641506160 26.8 61.19 58 4.087
1641506220 26.79 61.31 52 4.087
1641506280 26.72 61.43 52 4.092
1641506340 26.73 61.52 46 4.092
1641506400 26.7 61.68 46 4.092
1641506460 26.63 61.78 46 4.087
1641506520 26.59 61.88 46 4.092
1641506580 26.54 62.03 52 4.092
1641506640 26.53 62.12 52 4.087
1641506700 26.5 62.19 52 4.092
1641506760 26.46 62.3 52 4.092
1641506820 26.46 62.39 52 4.087
1641506880 26.43 62.43 46 4.087
1641506940 26.43 62.52 40 4.087
1641507000 26.46 62.55 34 4.087
1641507060 26.38 62.6 34 4.087
1641507120 26.33 62.6 28 4.092
1641507180 26.25 62.62 28 4.087
1641507240 26.23 62.67 28 4.092
1641507300 26.22 62.71 28 4.092
1641507360 26.19 62.75 28 4.087
1641507420 26.18 62.82 22 4.092
1641507480 26.09 62.88 28 4.087
1641507540 26.03 62.94 22 4.087
1641507600 25.98 63 22 4.087
1641507660 25.98 63.07 22 4.087
1641507720 25.92 63.16 22 4.087
1641507780 25.89 63.2 22 4.092
1641507840 25.87 63.26 22 4.087
1641507900 25.81 63.33 22 4.092
1641507960 25.77 63.38 22 4.087
1641508020 25.74 63.46 22 4.087
1641508080 25.72 63.51 22 4.087
1641508140 25.71 63.59 22 4.092
1641508200 25.68 63.61 16 4.092
1641508260 25.65 63.67 16 4.087
1641508320 25.61 63.74 16 4.087
1641508380 25.58 63.81 16 4.087
1641508440 25.54 63.86 16 4.087
1641508500 25.51 63.91 16 4.087
1641508560 25.49 63.97 16 4.087
1641508620 25.48 64.05 16 4.087
1641508680 25.48 64.1 4 4.087
1641508740 25.44 64.19 4 4.087
1641508800 25.42 64.22 4 4.087
1641508860 25.38 64.3 4 4.087
1641508920 25.37 64.41 4 4.087
1641508980 25.34 64.41 4 4.087
1641509040 25.31 64.54 4 4.087
1641509100 25.28 64.58 4 4.087
1641509160 25.28 64.66 0 4.087
1641509220 25.28 64.7 0 4.087
1641509280 25.24 64.79 0 4.087
1641509340 25.23 64.87 0 4.087
1641509400 25.24 64.96 0 4.087
1641509460 25.23 65.02 0 4.087
1641509520 25.21 65.06 0 4.087
1641509580 25.21 65.17 0 4.087
1641509640 25.21 65.24 0 4.092
1641509700 25.14 65.3 0 4.087
1641509760 25.16 65.4 0 4.087
1641509820 25.12 65.53 0 4.087
1641509880 25.09 65.59 0 4.087
1641509940 25.06 65.72 0 4.087
1641510000 25 65.76 0 4.092
1641510060 24.93 65.9 0 4.087
1641510120 24.9 66.01 0 4.087
1641510180 24.86 66.11 0 4.082
1641510240 24.83 66.31 0 4.087
1641510300 24.82 66.38 0 4.087
1641510360 24.79 66.49 0 4.087
1641510420 24.79 66.63 0 4.087
1641510480 24.76 66.73 0 4.087
1641510540 24.73 66.84 0 4.087
1641510600 24.75 67 0 4.087
1641510660 24.7 67.09 0 4.087
1641510720 24.7 67.22 0 4.087
1641510780 24.66 67.37 0 4.087
1641510840 24.67 67.54 0 4.087
1641510900 24.66 67.66 0 4.087
1641510960 24.65 67.78 0 4.087
1641511020 24.62 67.98 0 4.087
1641511080 24.61 68.09 0 4.082
1641511140 24.58 68.24 0 4.087
1641511200 24.56 68.38 0 4.087
1641511260 24.53 68.52 0 4.087
1641511320 24.52 68.68 0 4.087
1641511380 24.51 68.84 0 4.087
1641511440 24.49 68.99 0 4.087
1641511500 24.46 69.11 0 4.087
1641511560 24.43 69.25 0 4.087
1641511620 24.45 69.41 0 4.087
1641511680 24.46 69.57 0 4.087
1641511740 24.45 69.69 0 4.082
1641511800 24.46 69.84 0 4.087
1641511860 24.48 69.97 0 4.087
1641511920 24.45 70.11 0 4.087
1641511980 24.48 70.23 0 4.087
1641512040 24.55 70.35 0 4.087
1641512100 24.58 70.52 0 4.082
1641512160 24.59 70.59 0 4.087
1641512220 24.58 70.7 0 4.087
1641512280 24.61 70.82 0 4.087
1641512340 24.62 70.88 0 4.082
1641512400 24.59 70.99 0 4.087
1641512460 24.59 71.1 0 4.082
1641512520 24.58 71.2 0 4.087
1641512580 24.61 71.33 0 4.087
1641512640 24.59 71.37 0 4.087
1641512700 24.58 71.46 0 4.087
1641512760 24.61 71.58 0 4.087
1641512820 24.59 71.66 0 4.087
1641512880 24.61 71.74 0 4.087
1641512940 24.63 71.83 0 4.082
1641513000 24.69 71.87 0 4.082
1641513060 24.72 71.88 0 4.082
1641513120 24.72 71.94 0 4.087
1641513180 24.72 71.97 0 4.087
1641513240 24.75 72.02 0 4.087
1641513300 24.75 72.03 0 4.087
1641513360 24.77 72.05 0 4.082
1641513420 24.79 72.06 0 4.082
1641513480 24.79 72.1 0 4.087
1641513540 24.8 72.07 0 4.087
1641513600 24.82 72.11 0 4.087
1641513660 24.83 72.09 0 4.087
1641513720 24.83 72.08 0 4.087
1641513780 24.85 72.12 0 4.087
1641513840 24.8 72.08 0 4.087
1641513900 24.8 72.07 0 4.082
1641513960 24.77 72.05 0 4.082
1641514020 24.8 72.04 0 4.082
1641514080 24.83 72.13 0 4.082
1641514140 24.8 72.08 0 4.082
1641514200 24.79 72.09 0 4.082
1641514260 24.79 72.07 0 4.087
1641514320 24.79 72.09 0 4.087
1641514380 24.79 72.08 0 4.087
1641514440 24.79 72.07 0 4.087
1641514500 24.8 72.05 0 4.087
1641514560 24.79 72.06 0 4.082
1641514620 24.82 72.01 0 4.087
1641514680 24.79 72.03 0 4.082
1641514740 24.76 72.05 0 4.082
1641514800 24.75 72.07 0 4.082
1641514860 24.73 72.13 0 4.082
1641514920 24.73 72.1 0 4.087
1641514980 24.73 72.14 0 4.082
1641515040 24.63 72.13 0 4.082
1641515100 24.62 72.12 0 4.082
1641515160 24.55 72.1 0 4.082
1641515220 24.55 72.11 0 4.082
1641515280 24.53 72.13 0 4.082
1641515340 24.53 72.1 0 4.082
1641515400 24.52 72.11 0 4.082
1641515460 24.49 72.08 0 4.082
1641515520 24.45 72.1 0 4.087
1641515580 24.45 72.12 0 4.082
1641515640 24.4 72.16 0 4.082
1641515700 24.39 72.14 0 4.082
1641515760 24.36 72.19 0 4.082
1641515820 24.36 72.19 0 4.082
1641515880 24.32 72.24 0 4.082
1641515940 24.32 72.26 0 4.082
1641516000 24.28 72.26 0 4.082
1641516060 24.26 72.3 0 4.082
1641516120 24.23 72.35 0 4.082
1641516180 24.25 72.38 0 4.082
1641516240 24.25 72.42 0 4.082
1641516300 24.22 72.44 0 4.087
1641516360 24.25 72.49 0 4.087
1641516420 24.25 72.53 0 4.082
1641516480 24.23 72.59 0 4.087
1641516540 24.26 72.64 0 4.082
1641516600 24.28 72.7 0 4.082
1641516660 24.28 72.74 0 4.082
1641516720 24.28 72.79 0 4.082
1641516780 24.28 72.88 0 4.082
1641516840 24.29 72.91 0 4.082
1641516900 24.26 72.94 0 4.082
1641516960 24.28 73.01 0 4.087
1641517020 24.29 73.02 0 4.082
1641517080 24.26 73.08 0 4.082
1641517140 24.26 73.15 0 4.082
1641517200 24.26 73.2 0 4.082
1641517260 24.25 73.24 0 4.082
1641517320 24.22 73.24 0 4.082
1641517380 24.22 73.29 0 4.082
1641517440 24.23 73.35 0 4.082
1641517500 24.22 73.39 0 4.082
1641517560 24.21 73.46 0 4.087
1641517620 24.21 73.49 0 4.082
1641517680 24.18 73.56 0 4.082
1641517740 24.14 73.56 0 4.082
1641517800 24.11 73.64 0 4.082
1641517860 24.1 73.67 0 4.082
1641517920 24.08 73.79 0 4.082
1641517980 24.02 73.82 0 4.082
1641518040 24.01 73.88 0 4.087
1641518100 23.98 73.98 0 4.082
1641518160 23.97 73.96 0 4.087
1641518220 23.98 74.01 0 4.082
1641518280 23.94 74.05 0 4.082
1641518340 23.95 74.11 0 4.082
1641518400 23.95 74.15 0 4.082
1641518460 23.92 74.21 0 4.082
1641518520 23.89 74.26 0 4.082
1641518580 23.87 74.33 0 4.082
1641518640 23.84 74.39 0 4.082
1641518700 23.8 74.43 0 4.082
1641518760 23.78 74.52 0 4.082
1641518820 23.72 74.57 0 4.082
1641518880 23.71 74.63 0 4.082
1641518940 23.71 74.7 0 4.082
1641519000 23.7 74.79 0 4.082
1641519060 23.71 74.85 0 4.082
1641519120 23.68 74.88 0 4.082
1641519180 23.63 74.93 0 4.082
1641519240 23.65 75.02 0 4.082
1641519300 23.59 75.08 0 4.082
1641519360 23.56 75.19 0 4.082
1641519420 23.54 75.23 0 4.082
1641519480 23.53 75.31 0 4.082
1641519540 23.51 75.41 0 4.082
1641519600 23.46 75.53 0 4.082
1641519660 23.44 75.62 0 4.082
1641519720 23.44 75.72 0 4.082
1641519780 23.43 75.88 0 4.082
1641519840 23.4 75.97 0 4.082
1641519900 23.34 76.07 0 4.082
1641519960 23.36 76.15 0 4.082
1641520020 23.3 76.26 0 4.082
1641520080 23.31 76.32 0 4.082
1641520140 23.29 76.38 0 4.082
1641520200 23.29 76.51 0 4.082
1641520260 23.27 76.64 0 4.082
1641520320 23.26 76.8 0 4.082
1641520380 23.26 76.92 0 4.082
1641520440 23.24 77.05 0 4.082
1641520500 23.26 77.22 0 4.082
1641520560 23.24 77.28 0 4.082
1641520620 23.21 77.43 0 4.082
1641520680 23.21 77.47 0 4.082
1641520740 23.2 77.53 0 4.082
1641520800 23.19 77.64 0 4.082
1641520860 23.16 77.69 0 4.082
1641520920 23.09 77.73 0 4.082
1641520980 23.1 77.8 0 4.076
1641521040 23.06 77.89 0 4.082
1641521100 23.03 77.95 0 4.076
1641521160 23.05 78.04 0 4.082
1641521220 23.02 78.11 0 4.082
1641521280 23.03 78.18 0 4.076
1641521340 23 78.2 0 4.082
1641521400 22.96 78.23 0 4.082
1641521460 22.92 78.31 0 4.082
1641521520 22.92 78.33 0 4.082
1641521580 22.92 78.4 0 4.082
1641521640 22.86 78.44 0 4.082
1641521700 22.83 78.53 0 4.082
1641521760 22.83 78.6 0 4.082
1641521820 22.79 78.65 0 4.082
1641521880 22.78 78.73 0 4.082
1641521940 22.76 78.79 0 4.082
1641522000 22.72 78.91 0 4.082
1641522060 22.69 79.04 0 4.082
1641522120 22.68 79.11 0 4.082
1641522180 22.63 79.24 0 4.082
1641522240 22.62 79.37 0 4.082
1641522300 22.56 79.43 0 4.082
1641522360 22.58 79.53 0 4.082
1641522420 22.56 79.62 0 4.082
1641522480 22.54 79.73 0 4.082
1641522540 22.51 79.86 0 4.082
1641522600 22.51 79.94 0 4.082
1641522660 22.48 80.02 0 4.082
1641522720 22.45 80.11 0 4.082
1641522780 22.46 80.21 0 4.076
1641522840 22.46 80.27 0 4.082
1641522900 22.46 80.34 0 4.082
1641522960 22.45 80.38 0 4.082
1641523020 22.45 80.41 0 4.082
1641523080 22.46 80.42 0 4.082
1641523140 22.49 80.5 0 4.082
1641523200 22.46 80.49 0 4.082
1641523260 22.49 80.53 0 4.082
1641523320 22.51 80.54 0 4.076
1641523380 22.52 80.57 0 4.082
1641523440 22.51 80.54 0 4.082
1641523500 22.49 80.53 0 4.082
1641523560 22.49 80.55 0 4.082
1641523620 22.52 80.51 0 4.076
1641523680 22.52 80.48 0 4.082
1641523740 22.52 80.43 0 4.082
1641523800 22.49 80.39 0 4.076
1641523860 22.54 80.35 0 4.076
1641523920 22.54 80.32 0 4.082
1641523980 22.52 80.3 0 4.082
1641524040 22.54 80.2 0 4.082
1641524100 22.54 80.18 0 4.082
1641524160 22.49 80.14 0 4.076
1641524220 22.51 80.03 0 4.076
1641524280 22.48 79.94 0 4.076
1641524340 22.48 79.85 0 4.082
1641524400 22.46 79.81 0 4.082
1641524460 22.49 79.78 0 4.076
1641524520 22.46 79.68 0 4.082
1641524580 22.46 79.64 0 4.076
1641524640 22.46 79.55 0 4.082
1641524700 22.45 79.5 0 4.076
1641524760 22.42 79.39 0 4.076
1641524820 22.38 79.33 0 4.082
1641524880 22.42 79.21 0 4.082
1641524940 22.41 79.13 0 4.076
1641525000 22.38 79.03 0 4.082
1641525060 22.36 78.98 0 4.082
1641525120 22.36 78.92 0 4.082
1641525180 22.38 78.87 0 4.082
1641525240 22.34 78.86 0 4.082
1641525300 22.31 78.78 0 4.082
1641525360 22.32 78.75 0 4.082
1641525420 22.32 78.7 0 4.082
1641525480 22.3 78.64 0 4.082
1641525540 22.3 78.56 0 4.076
1641525600 22.28 78.45 0 4.076
1641525660 22.31 78.35 0 4.082
1641525720 22.28 78.24 0 4.082
1641525780 22.27 78.1 0 4.082
1641525840 22.27 77.98 0 4.076
1641525900 22.27 77.84 0 4.076
1641525960 22.25 77.7 0 4.076
1641526020 22.25 77.59 0 4.082
1641526080 22.27 77.48 0 4.082
1641526140 22.24 77.35 0 4.076
1641526200 22.16 77.26 0 4.082
1641526260 22.15 77.11 0 4.076
1641526320 22.14 77 0 4.082
1641526380 22.14 76.94 0 4.076
1641526440 22.12 76.83 0 4.076
1641526500 22.16 76.68 0 4.076
1641526560 22.16 76.51 0 4.076
1641526620 22.22 76.42 0 4.076
1641526680 22.25 76.29 0 4.076
1641526740 22.27 76.18 0 4.076
1641526800 22.27 76.04 0 4.076
1641526860 22.27 75.95 0 4.076
1641526920 22.27 75.83 0 4.076
1641526980 22.25 75.76 0 4.076
1641527040 22.22 75.69 0 4.076
1641527100 22.3 75.59 0 4.076
1641527160 22.31 75.49 0 4.076
1641527220 22.3 75.46 0 4.082
1641527280 22.3 75.37 0 4.076
1641527340 22.27 75.37 0 4.076
1641527400 22.25 75.3 0 4.082
1641527460 22.25 75.3 0 4.082
1641527520 22.19 75.26 0 4.082
1641527580 22.14 75.26 0 4.076
1641527640 22.11 75.28 0 4.076
1641527700 22.08 75.29 0 4.082
1641527760 22.08 75.3 0 4.076
1641527820 22.04 75.34 0 4.082
1641527880 22.03 75.38 0 4.076
1641527940 22 75.46 0 4.076
1641528000 21.97 75.5 0 4.082
1641528060 21.98 75.66 0 4.076
1641528120 21.98 75.92 0 4.082
1641528180 21.95 76.2 0 4.076
1641528240 21.9 76.48 0 4.076
1641528300 21.88 76.74 0 4.076
1641528360 21.83 76.96 0 4.082
1641528420 21.84 77.16 0 4.082
1641528480 21.83 77.4 0 4.076
1641528540 21.83 77.6 0 4.076
1641528600 21.85 77.84 0 4.076
1641528660 21.84 78.04 0 4.076
1641528720 21.79 78.08 0 4.082
1641528780 21.76 77.97 0 4.076
1641528840 21.81 77.9 0 4.076
1641528900 21.84 77.86 0 4.082
1641528960 21.85 77.78 0 4.076
1641529020 21.85 77.71 0 4.076
1641529080 21.84 77.66 0 4.076
1641529140 21.84 77.59 0 4.076
1641529200 21.81 77.48 0 4.076
1641529260 21.81 77.34 0 4.076
1641529320 21.81 77.18 0 4.076
1641529380 21.83 77.03 0 4.076
1641529440 21.85 76.89 0 4.076
1641529500 21.87 76.73 0 4.076
1641529560 21.88 76.61 0 4.076
1641529620 21.9 76.5 0 4.082
1641529680 21.9 76.37 0 4.076
1641529740 21.91 76.24 0 4.082
1641529800 21.9 76.07 0 4.076
1641529860 21.91 75.97 0 4.082
1641529920 21.93 75.85 0 4.076
1641529980 21.91 75.74 0 4.076
1641530040 21.9 75.66 0 4.076
1641530100 21.94 75.6 0 4.076
1641530160 21.94 75.53 0 4.076
1641530220 21.93 75.46 0 4.076
1641530280 21.9 75.39 0 4.076
1641530340 21.91 75.26 0 4.076
1641530400 21.91 75.14 0 4.076
1641530460 21.9 75.1 0 4.076
1641530520 21.9 74.99 0 4.076
1641530580 21.93 74.95 0 4.076
1641530640 21.93 74.88 0 4.076
1641530700 21.91 74.83 0 4.076
1641530760 21.93 74.74 0 4.076
1641530820 21.93 74.67 0 4.076
1641530880 21.91 74.61 0 4.071
1641530940 21.87 74.58 0 4.071
1641531000 21.88 74.56 0 4.076
1641531060 21.84 74.5 0 4.076
1641531120 21.87 74.5 0 4.076
1641531180 21.85 74.45 0 4.076
1641531240 21.85 74.36 0 4.076
1641531300 21.84 74.32 0 4.076
1641531360 21.84 74.27 0 4.076
1641531420 21.85 74.23 0 4.076
1641531480 21.84 74.15 0 4.076
1641531540 21.84 74.1 0 4.076
