1636952400 22.82 84.77 0 4.044
1636952460 22.78 85.13 0 4.039
1636952520 21.46 91.26 0 4.039
1636952580 21.44 91.43 0 4.039
1636952640 21.38 91.35 0 4.039
1636952700 21.35 91.9 0 4.039
1636952760 21.32 91.84 0 4.039
1636952820 22.68 86.47 0 4.039
1636952880 22.66 86.46 0 4.044
1636952940 22.64 86.61 0 4.039
1636953000 22.59 86.89 0 4.044
1636953060 22.57 87.02 0 4.044
1636953120 22.55 87.25 0 4.039
1636953180 22.54 87.15 0 4.044
1636953240 22.52 87.23 0 4.044
1636953300 22.55 87.43 0 4.039
1636953360 22.54 87.61 0 4.039
1636953420 21.15 92.37 0 4.039
1636953480 21.14 92.66 0 4.039
1636953540 21.12 92.46 0 4.039
1636953600 21.07 91.46 0 4.039
1636953660 21.14 91.84 0 4.039
1636953720 22.52 87.59 0 4.044
1636953780 22.55 87.56 0 4.044
1636953840 22.57 87.47 0 4.039
1636953900 22.51 87.57 0 4.044
1636953960 22.5 87.51 0 4.044
1636954020 22.47 87.57 0 4.039
1636954080 22.47 87.46 0 4.039
1636954140 22.45 87.2 0 4.039
1636954200 22.45 87.14 0 4.044
1636954260 22.44 86.98 0 4.044
1636954320 21.22 91.86 0 4.039
1636954380 21.2 91.54 0 4.039
1636954440 21.21 91.51 0 4.039
1636954500 21.21 91.39 0 4.039
1636954560 21.25 91.49 0 4.039
1636954620 22.52 87.46 0 4.044
1636954680 22.51 87.39 0 4.039
1636954740 22.54 87.15 0 4.039
1636954800 22.57 86.95 0 4.039
1636954860 22.55 86.7 0 4.039
1636954920 22.57 87.04 0 4.039
1636954980 22.57 87.02 0 4.044
1636955040 22.51 86.57 0 4.039
1636955100 22.51 86.51 0 4.039
1636955160 22.52 86.66 0 4.039
1636955220 21.37 91.76 0 4.039
1636955280 21.38 91.83 0 4.039
1636955340 21.39 91.95 0 4.039
1636955400 21.37 91.79 0 4.039
1636955460 21.39 91.76 0 4.039
1636955520 22.47 86.83 0 4.044
1636955580 22.44 86.85 0 4.039
1636955640 22.41 87.25 0 4.039
1636955700 22.38 87.12 0 4.039
1636955760 22.4 87.35 0 4.039
1636955820 22.4 87.13 0 4.039
1636955880 22.37 87.21 0 4.039
1636955940 22.34 87.29 0 4.039
1636956000 22.34 87.72 0 4.039
1636956060 22.3 88.02 0 4.039
1636956120 21.38 92.08 0 4.039
1636956180 21.35 92.07 0 4.039
1636956240 21.37 92.15 0 4.039
1636956300 21.37 92.2 0 4.039
1636956360 21.34 92.18 0 4.039
1636956420 22.13 88.45 0 4.039
1636956480 22.14 88.66 0 4.039
1636956540 22.08 88.99 0 4.039
1636956600 22.06 89.43 0 4.039
1636956660 22.04 89.54 0 4.039
1636956720 21.97 89.74 0 4.039
1636956780 21.96 89.86 0 4.039
1636956840 21.97 90.18 0 4.039
1636956900 21.95 89.88 0 4.039
1636956960 21.96 89.94 0 4.039
1636957020 21.22 92.43 0 4.033
1636957080 21.25 92.25 0 4.033
1636957140 21.27 92.18 0 4.033
1636957200 21.29 92.37 0 4.033
1636957260 21.29 92.22 0 4.033
1636957320 21.75 90.48 0 4.039
1636957380 21.76 90.84 0 4.044
1636957440 21.76 90.86 0 4.039
1636957500 21.76 90.84 0 4.039
1636957560 21.75 90.74 0 4.039
1636957620 21.69 90.88 0 4.039
1636957680 21.68 91.26 0 4.039
1636957740 21.66 91.36 0 4.039
1636957800 21.63 91.29 0 4.039
1636957860 21.65 91.29 0 4.039
1636957920 21.63 91.46 0 4.039
1636957980 21.66 91.52 0 4.039
1636958040 21.68 91.46 0 4.039
1636958100 21.68 91.41 0 4.039
1636958160 21.68 91.48 0 4.039
1636958220 21.65 91.46 0 4.039
1636958280 21.65 91.45 0 4.039
1636958340 21.65 91.27 0 4.039
1636958400 21.62 91.3 0 4.039
1636958460 21.6 91.41 0 4.039
1636958520 21.58 91.54 0 4.039
1636958580 21.55 91.59 0 4.039
1636958640 21.58 91.48 0 4.039
1636958700 21.58 91.44 0 4.039
1636958760 21.6 91.22 0 4.039
1636958820 21.6 91.12 0 4.039
1636958880 21.63 91.08 0 4.039
1636958940 21.66 90.89 0 4.039
1636959000 21.68 90.65 0 4.039
1636959060 21.66 90.74 0 4.039
1636959120 21.63 90.79 0 4.039
1636959180 21.63 91.04 0 4.039
1636959240 21.62 91.05 0 4.039
1636959300 21.63 90.89 0 4.039
1636959360 21.62 90.84 0 4.033
1636959420 21.58 90.72 0 4.039
1636959480 21.6 90.92 0 4.039
1636959540 21.58 90.89 0 4.039
1636959600 21.55 90.91 0 4.039
1636959660 21.5 91.03 0 4.039
1636959720 21.46 91.26 0 4.039
1636959780 21.44 91.43 0 4.039
1636959840 21.38 91.35 0 4.039
1636959900 21.35 91.9 0 4.039
1636959960 21.32 91.84 0 4.039
1636960020 21.32 92.01 0 4.039
1636960080 21.32 92.12 0 4.039
1636960140 21.29 92.05 0 4.039
1636960200 21.28 91.94 0 4.039
1636960260 21.29 91.88 0 4.039
1636960320 21.24 91.9 0 4.039
1636960380 21.28 91.98 0 4.039
1636960440 21.24 91.87 0 4.039
1636960500 21.2 92.1 0 4.039
1636960560 21.18 92.35 0 4.039
1636960620 21.15 92.37 0 4.039
1636960680 21.14 92.66 0 4.039
1636960740 21.12 92.46 0 4.039
1636960800 21.07 91.46 0 4.039
1636960860 21.14 91.84 0 4.039
1636960920 21.27 91.57 0 4.039
1636960980 21.28 91.62 0 4.039
1636961040 21.21 91.09 0 4.039
1636961100 21.18 89.65 0 4.039
1636961160 21.35 90.38 0 4.039
1636961220 21.35 90.8 0 4.039
1636961280 21.35 91.23 0 4.039
1636961340 21.32 91.68 0 4.033
1636961400 21.28 91.94 0 4.039
1636961460 21.22 92 0 4.039
1636961520 21.22 91.86 0 4.039
1636961580 21.2 91.54 0 4.039
1636961640 21.21 91.51 0 4.039
1636961700 21.21 91.39 0 4.039
1636961760 21.25 91.49 0 4.039
1636961820 21.28 91.76 0 4.039
1636961880 21.28 91.85 0 4.039
1636961940 21.25 91.88 0 4.039
1636962000 21.25 91.85 0 4.039
1636962060 21.24 91.95 0 4.039
1636962120 21.29 91.85 0 4.039
1636962180 21.32 91.82 0 4.039
1636962240 21.34 91.56 0 4.039
1636962300 21.35 91.62 0 4.039
1636962360 21.34 91.68 0 4.039
1636962420 21.37 91.76 0 4.039
1636962480 21.38 91.83 0 4.039
1636962540 21.39 91.95 0 4.039
1636962600 21.37 91.79 0 4.039
1636962660 21.39 91.76 0 4.039
1636962720 21.39 91.9 0 4.039
1636962780 21.44 91.97 0 4.039
1636962840 21.41 91.88 0 4.039
1636962900 21.38 91.92 0 4.039
1636962960 21.38 92.09 0 4.033
1636963020 21.35 92.13 0 4.033
1636963080 21.37 92.22 0 4.039
1636963140 21.35 92.29 0 4.039
1636963200 21.37 92.18 0 4.039
1636963260 21.39 92.08 0 4.039
1636963320 21.38 92.08 0 4.039
1636963380 21.35 92.07 0 4.039
1636963440 21.37 92.15 0 4.039
1636963500 21.37 92.2 0 4.039
1636963560 21.34 92.18 0 4.039
1636963620 21.35 92.25 0 4.033
1636963680 21.35 92.27 0 4.033
1636963740 21.35 92.36 0 4.033
1636963800 21.29 92.17 0 4.039
1636963860 21.31 92.33 0 4.039
1636963920 21.28 92.28 0 4.033
1636963980 21.25 92.26 0 4.039
1636964040 21.22 92.29 0 4.039
1636964100 21.22 92.33 0 4.039
1636964160 21.27 92.34 0 4.033
1636964220 21.22 92.43 0 4.033
1636964280 21.25 92.25 0 4.033
1636964340 21.27 92.18 0 4.033
1636964400 21.29 92.37 0 4.033
1636964460 21.29 92.22 0 4.033
1636964520 21.22 92.28 0 4.033
1636964580 21.21 92.57 0 4.033
1636964640 21.17 92.48 0 4.033
1636964700 21.12 92.75 0 4.033
1636964760 21.11 92.8 0 4.039
1636964820 21.1 92.9 0 4.039
1636964880 21.1 92.9 0 4.033
1636964940 21.05 93.04 0 4.033
1636965000 21.08 93.07 0 4.033
1636965060 21.11 93.01 0 4.039
1636965120 21.1 93 0 4.033
1636965180 21.11 92.98 0 4.033
1636965240 21.11 92.93 0 4.033
1636965300 21.14 92.88 0 4.039
1636965360 21.12 92.95 0 4.033
1636965420 21.1 92.81 0 4.033
1636965480 21.11 92.93 0 4.033
1636965540 21.1 93.04 0 4.039
1636965600 21.05 93.07 0 4.033
1636965660 21.08 93.1 0 4.033
1636965720 21.08 93.18 0 4.033
1636965780 21.12 93.22 0 4.039
1636965840 21.14 93.09 0 4.039
1636965900 21.14 92.92 0 4.033
1636965960 21.14 92.88 0 4.033
1636966020 21.18 92.78 0 4.033
1636966080 21.15 92.82 0 4.039
1636966140 21.14 92.84 0 4.033
1636966200 21.14 92.8 0 4.039
1636966260 21.18 93.12 0 4.033
1636966320 21.2 92.57 0 4.033
1636966380 21.2 92.06 0 4.039
1636966440 21.27 91.64 0 4.033
1636966500 21.29 91.83 0 4.033
1636966560 21.28 91.97 0 4.033
1636966620 21.29 92.33 0 4.033
1636966680 21.25 92.45 0 4.033
1636966740 21.22 92.58 0 4.039
1636966800 21.24 92.72 0 4.033
1636966860 21.22 92.57 0 4.033
1636966920 21.22 92.53 0 4.033
1636966980 21.2 92.61 0 4.033
1636967040 21.22 92.79 0 4.039
1636967100 21.21 92.68 0 4.039
1636967160 21.2 92.7 0 4.039
1636967220 21.17 92.64 0 4.033
1636967280 21.15 92.75 0 4.033
1636967340 21.14 92.98 0 4.033
1636967400 21.08 93.04 0 4.033
1636967460 21.07 93.25 0 4.033
1636967520 21.05 93.35 0 4.039
1636967580 21.02 93.42 0 4.039
1636967640 21 93.58 0 4.033
1636967700 20.98 93.51 0 4.039
1636967760 20.97 93.38 0 4.039
1636967820 20.98 93.14 0 4.033
1636967880 21 93.02 0 4.033
1636967940 21.04 92.94 0 4.033
1636968000 21.07 92.45 0 4.033
1636968060 21.08 92.39 0 4.033
1636968120 21.08 92.08 0 4.033
1636968180 21.07 92.23 0 4.033
1636968240 21.07 92.19 0 4.033
1636968300 21.08 92.32 0 4.033
1636968360 21.07 92.24 0 4.033
1636968420 21.11 92.24 0 4.033
1636968480 21.1 92.37 0 4.039
1636968540 21.14 92.55 0 4.033
1636968600 21.11 92.59 0 4.033
1636968660 21.14 92.61 0 4.033
1636968720 21.11 92.53 0 4.033
1636968780 21.11 92.87 0 4.033
1636968840 21.14 93.06 0 4.033
1636968900 21.05 93.11 0 4.039
1636968960 21.02 93.36 0 4.033
1636969020 21 93.49 0 4.033
1636969080 20.94 93.68 0 4.033
1636969140 20.93 93.87 0 4.033
1636969200 20.94 93.97 0 4.033
1636969260 20.95 93.89 0 4.033
1636969320 20.93 93.96 0 4.033
1636969380 20.93 93.97 0 4.033
1636969440 20.91 93.93 0 4.033
1636969500 20.9 94.02 0 4.033
1636969560 20.9 93.98 0 4.033
1636969620 20.9 93.91 0 4.033
1636969680 20.91 93.89 0 4.033
1636969740 20.93 93.94 0 4.033
1636969800 20.94 93.83 0 4.033
1636969860 20.97 93.67 0 4.039
1636969920 20.94 93.66 0 4.033
1636969980 21 93.68 0 4.033
1636970040 21.02 93.55 0 4.033
1636970100 21.02 93.44 0 4.033
1636970160 21.05 93.12 0 4.033
1636970220 21.07 93.01 0 4.033
1636970280 21.05 92.78 0 4.039
1636970340 21.07 92.62 0 4.033
1636970400 21.05 92.66 0 4.033
1636970460 21.07 92.68 0 4.033
1636970520 21.05 92.42 0 4.033
1636970580 21.08 92.33 0 4.033
1636970640 21.11 92.32 0 4.033
1636970700 21.1 92.29 0 4.033
1636970760 21.1 92.35 0 4.033
1636970820 21.1 92.5 0 4.033
1636970880 21.11 92.41 0 4.033
1636970940 21.11 92.41 0 4.033
1636971000 21.11 92.5 0 4.033
1636971060 21.11 92.5 0 4.033
1636971120 21.14 92.61 0 4.033
1636971180 21.14 92.68 0 4.033
1636971240 21.17 92.86 0 4.033
1636971300 21.2 92.75 0 4.033
1636971360 21.22 92.64 0 4.033
1636971420 21.22 92.48 0 4.033
1636971480 21.24 92.14 0 4.033
1636971540 21.2 92.14 0 4.033
1636971600 21.12 92.23 0 4.033
1636971660 21.1 92.5 0 4.033
1636971720 21.05 92.65 0 4.033
1636971780 21.01 92.89 0 4.033
1636971840 21 93.02 0 4.033
1636971900 20.98 93.11 0 4.033
1636971960 21 93.32 0 4.033
1636972020 20.97 93.25 0 4.033
1636972080 20.95 93.2 0 4.033
1636972140 20.97 93.33 0 4.033
1636972200 20.97 93.38 0 4.033
1636972260 20.95 93.4 0 4.033
1636972320 20.97 93.34 0 4.033
1636972380 20.93 93.39 0 4.033
1636972440 20.91 93.32 0 4.033
1636972500 20.93 93.37 0 4.033
1636972560 20.89 93.41 0 4.033
1636972620 20.89 93.42 0 4.033
1636972680 20.87 93.46 0 4.033
1636972740 20.84 93.48 0 4.033
1636972800 20.87 93.76 0 4.033
1636972860 20.83 93.85 0 4.033
1636972920 20.83 93.74 0 4.033
1636972980 20.79 93.86 0 4.033
1636973040 20.8 93.85 0 4.033
1636973100 20.8 93.92 0 4.033
1636973160 20.81 93.8 0 4.033
1636973220 20.81 93.66 0 4.033
1636973280 20.8 93.56 0 4.033
1636973340 20.8 93.5 0 4.033
1636973400 20.79 93.53 0 4.033
1636973460 20.74 93.54 0 4.033
1636973520 20.79 93.42 0 4.033
1636973580 20.79 93.39 0 4.033
1636973640 20.77 93.4 0 4.033
1636973700 20.71 93.34 0 4.033
1636973760 20.7 93.38 0 4.033
1636973820 20.65 93.46 0 4.033
1636973880 20.65 93.65 0 4.033
1636973940 20.65 93.81 0 4.033
1636974000 20.6 93.56 0 4.033
1636974060 20.54 93.7 0 4.033
1636974120 20.52 93.74 0 4.033
1636974180 20.49 93.93 0 4.033
1636974240 20.52 93.71 0 4.033
1636974300 20.54 94.08 0 4.033
1636974360 20.53 93.8 0 4.033
1636974420 20.47 94.13 0 4.028
1636974480 20.47 94.08 0 4.033
1636974540 20.44 94.36 0 4.028
1636974600 20.44 94.3 0 4.028
1636974660 20.4 94.33 0 4.033
1636974720 20.39 94.37 0 4.033
1636974780 20.33 94.33 0 4.033
1636974840 20.28 94.35 0 4.033
1636974900 20.25 94.41 0 4.033
1636974960 20.26 94.72 0 4.033
1636975020 20.21 94.6 0 4.033
1636975080 20.16 94.74 0 4.033
1636975140 20.16 94.86 0 4.033
1636975200 20.12 94.96 0 4.033
1636975260 20.11 95.12 0 4.033
1636975320 20.11 95.21 0 4.028
1636975380 20.08 95.34 0 4.033
1636975440 20.05 95.42 0 4.033
1636975500 20.09 95.7 0 4.033
1636975560 20.11 95.75 0 4.033
1636975620 20.12 95.92 0 4.033
1636975680 20.12 95.88 0 4.033
1636975740 20.09 95.58 0 4.033
1636975800 20.07 95.32 0 4.033
1636975860 20.01 94.78 0 4.033
1636975920 20.01 94.54 0 4.033
1636975980 19.96 94.06 0 4.033
1636976040 19.94 93.87 0 4.033
1636976100 19.98 93.6 0 4.028
1636976160 19.96 93.54 0 4.033
1636976220 19.96 93.41 0 4.033
1636976280 19.94 93.35 0 4.028
1636976340 19.88 93.25 0 4.033
1636976400 19.88 93.12 0 4.033
1636976460 19.87 93.36 0 4.033
1636976520 19.89 93.55 0 4.028
1636976580 19.91 93.73 0 4.033
1636976640 19.87 93.76 0 4.033
1636976700 19.81 93.8 0 4.033
1636976760 19.75 94.08 0 4.033
1636976820 19.77 94.17 0 4.033
1636976880 19.81 94.4 0 4.033
1636976940 19.74 93.93 0 4.033
1636977000 19.67 93.92 0 4.033
1636977060 19.65 94.08 0 4.033
1636977120 19.65 93.85 0 4.028
1636977180 19.61 93.8 0 4.033
1636977240 19.57 93.78 0 4.033
1636977300 19.54 94 0 4.033
1636977360 19.56 94.2 0 4.033
1636977420 19.52 94.08 0 4.033
1636977480 19.56 94.44 0 4.028
1636977540 19.52 94.53 0 4.033
1636977600 19.5 95.06 0 4.033
1636977660 19.53 95.14 0 4.033
1636977720 19.49 95.26 0 4.028
1636977780 19.46 95.36 0 4.033
1636977840 19.44 95.4 0 4.033
1636977900 19.49 96.05 0 4.033
1636977960 19.57 96.32 0 4.033
1636978020 19.6 96.27 0 4.028
1636978080 19.61 96.34 0 4.033
1636978140 19.64 96.2 0 4.033
1636978200 19.58 95.92 0 4.028
1636978260 19.54 95.89 0 4.033
1636978320 19.53 95.91 0 4.033
1636978380 19.5 95.82 0 4.033
1636978440 19.56 95.96 0 4.033
1636978500 19.61 95.52 0 4.033
1636978560 19.53 95.08 0 4.033
1636978620 19.54 95.04 0 4.033
1636978680 19.5 94.19 0 4.028
1636978740 19.54 94.63 0 4.033
1636978800 19.56 94.55 0 4.028
1636978860 19.57 94.66 0 4.028
1636978920 19.6 94.87 4 4.028
1636978980 19.6 94.89 4 4.028
1636979040 19.54 94.81 4 4.028
1636979100 19.49 94.65 4 4.028
1636979160 19.47 94.76 4 4.028
1636979220 19.57 95.21 4 4.028
1636979280 19.57 95.24 4 4.028
1636979340 19.56 95.27 4 4.028
1636979400 19.53 95.42 4 4.033
1636979460 19.56 95.63 4 4.028
1636979520 19.53 95.59 4 4.028
1636979580 19.53 95.28 4 4.033
1636979640 19.47 95.14 4 4.033
1636979700 19.43 95.19 10 4.033
1636979760 19.41 95.12 10 4.033
1636979820 19.4 95.07 10 4.028
1636979880 19.44 95.23 10 4.028
1636979940 19.49 95.04 10 4.028
1636980000 19.5 95.19 16 4.028
1636980060 19.5 95.11 16 4.028
1636980120 19.49 94.93 16 4.028
1636980180 19.44 94.5 16 4.028
1636980240 19.46 93.93 16 4.028
1636980300 19.47 92.97 16 4.028
1636980360 19.41 92.72 16 4.028
1636980420 19.4 92.28 16 4.028
1636980480 19.33 92.57 22 4.028
1636980540 19.29 92.48 22 4.028
1636980600 19.19 92.42 22 4.028
1636980660 19.19 92.39 22 4.028
1636980720 19.25 92.1 22 4.028
1636980780 19.22 92.01 22 4.028
1636980840 19.12 91.79 28 4.028
1636980900 19.13 91.97 28 4.028
1636980960 19.12 92.33 28 4.028
1636981020 19.1 92.04 28 4.028
1636981080 19.06 92.06 28 4.028
1636981140 19.07 91.98 28 4.028
1636981200 19.09 91.8 34 4.028
1636981260 19.12 91.63 34 4.028
1636981320 19.19 91.92 34 4.028
1636981380 19.23 91.66 34 4.028
1636981440 19.26 92.05 40 4.028
1636981500 19.3 91.97 40 4.028
1636981560 19.29 91.91 40 4.028
1636981620 19.33 91.98 46 4.028
1636981680 19.34 92 46 4.028
1636981740 19.4 92.13 58 4.028
1636981800 19.46 92.35 64 4.028
1636981860 19.49 92.28 64 4.028
1636981920 19.53 92.28 58 4.028
1636981980 19.57 92.27 64 4.028
1636982040 19.61 92.25 70 4.028
1636982100 19.68 92.38 88 4.028
1636982160 19.74 92.29 99 4.028
1636982220 19.8 92.39 93 4.028
1636982280 19.89 92.16 82 4.033
1636982340 19.99 91.3 82 4.028
1636982400 20.01 90.13 82 4.028
1636982460 20.07 89.24 82 4.028
1636982520 20.28 90.24 93 4.028
1636982580 20.33 90.22 88 4.028
1636982640 20.38 89.69 76 4.028
1636982700 20.47 89.22 76 4.028
1636982760 20.56 88.91 76 4.028
1636982820 20.56 88.41 88 4.028
1636982880 20.6 88.15 99 4.028
1636982940 20.76 88.18 99 4.028
1636983000 20.86 88.04 88 4.028
1636983060 20.97 87.83 82 4.028
1636983120 21 86.56 82 4.028
1636983180 21.07 85.98 82 4.028
1636983240 21.11 86.05 93 4.028
1636983300 21.18 85.74 105 4.028
1636983360 21.27 86.05 117 4.033
1636983420 21.34 85.92 129 4.028
1636983480 21.42 86 135 4.033
1636983540 21.49 86.16 141 4.028
1636983600 21.55 85.69 147 4.033
1636983660 21.55 85.7 153 4.033
1636983720 21.62 85.8 159 4.033
1636983780 21.65 84.77 165 4.033
1636983840 21.76 84.75 171 4.033
1636983900 21.86 84.97 177 4.033
1636983960 21.96 84.31 189 4.033
1636984020 22.04 83.67 200 4.033
1636984080 22.16 82.73 224 4.033
1636984140 22.26 82.59 254 4.039
1636984200 22.28 82.09 278 4.039
1636984260 22.37 81.85 266 4.033
1636984320 22.47 82.46 212 4.033
1636984380 22.45 82.54 206 4.033
1636984440 22.44 82.27 206 4.033
1636984500 22.44 82.36 212 4.033
1636984560 22.55 82.52 218 4.039
1636984620 22.61 82.02 224 4.033
1636984680 22.64 82.19 230 4.039
1636984740 22.66 82.01 230 4.039
1636984800 22.75 81.73 224 4.033
1636984860 22.82 81.65 212 4.033
1636984920 22.84 81.8 200 4.033
1636984980 22.68 82.22 189 4.039
1636985040 22.58 82.35 177 4.033
1636985100 22.44 83.34 165 4.033
1636985160 22.31 82.89 159 4.039
1636985220 22.2 83.65 153 4.033
1636985280 22.27 83.89 147 4.033
1636985340 22.33 83.83 147 4.033
1636985400 22.4 82.97 147 4.033
1636985460 22.41 82 147 4.033
1636985520 22.43 81.78 159 4.033
1636985580 22.44 81.57 248 4.039
1636985640 22.51 81.78 266 4.039
1636985700 22.66 81.82 212 4.033
1636985760 22.71 81.54 266 4.039
1636985820 22.78 81.38 343 4.044
1636985880 23.01 81.38 355 4.044
1636985940 23.22 80.82 361 4.039
1636986000 23.32 80.47 367 4.044
1636986060 23.64 79.42 379 4.044
1636986120 23.97 78.04 385 4.044
1636986180 23.98 77.21 391 4.044
1636986240 24.18 75.59 391 4.044
1636986300 24.29 75.26 397 4.044
1636986360 24.39 74.7 391 4.044
1636986420 24.4 75.36 397 4.044
1636986480 24.23 75.07 397 4.044
1636986540 24.65 74.48 402 4.033
1636986600 24.74 73.98 408 4.033
1636986660 24.94 73.91 414 4.033
1636986720 25.25 73.18 414 4.033
1636986780 25.18 72.66 420 4.033
1636986840 25 73.15 426 4.033
1636986900 25.06 72.82 432 4.033
1636986960 25.32 72.76 438 4.033
1636987020 25.64 71.91 439 4.044
1636987080 25.73 72.42 445 4.044
1636987140 25.82 70.65 451 4.049
1636987200 25.99 70.85 457 4.049
1636987260 26.08 68.35 457 4.049
1636987320 25.72 69.85 457 4.049
1636987380 25.72 70.75 463 4.049
1636987440 25.92 69.85 469 4.049
1636987500 25.89 69.07 475 4.049
1636987560 25.96 69.32 481 4.049
1636987620 25.52 69.7 487 4.055
1636987680 25.03 72.08 493 4.055
1636987740 25 71.31 499 4.055
1636987800 25.18 71.18 505 4.055
1636987860 25.72 68.58 505 4.055
1636987920 26.13 67.53 505 4.055
1636987980 26.1 65.35 518 4.055
1636988040 26.38 64.9 518 4.055
1636988100 26.78 63.41 524 4.055
1636988160 27.14 61.96 530 4.055
1636988220 27.12 62.47 548 4.06
1636988280 27.43 62.29 548 4.06
1636988340 27.76 61.72 554 4.06
1636988400 28.12 60.32 560 4.06
1636988460 27.94 59.7 560 4.06
1636988520 27.88 60.24 566 4.06
1636988580 27.81 61.1 566 4.06
1636988640 27.68 61.48 573 4.06
1636988700 27.67 61.65 578 4.06
1636988760 27.81 61.1 585 4.06
1636988820 28.2 60.96 596 4.06
1636988880 28.34 60.28 596 4.065
1636988940 28.11 60.61 591 4.065
1636989000 28.18 59.73 596 4.065
1636989060 28.6 60.03 602 4.065
1636989120 28.8 59.2 602 4.065
1636989180 28.97 57.89 608 4.071
1636989240 29.05 57.24 608 4.065
1636989300 29 57.16 615 4.065
1636989360 28.14 57.83 615 4.071
1636988520 27.88 60.24 566 4.06
1636988580 27.81 61.1 566 4.06
1636988640 27.68 61.48 573 4.06
1636988700 27.67 61.65 578 4.06
1636988760 27.81 61.1 585 4.06
1636988820 28.2 60.96 596 4.06
1636988880 28.34 60.28 596 4.065
1636988940 28.11 60.61 591 4.065
1636989000 28.18 59.73 596 4.065
1636989060 28.6 60.03 602 4.065
1636989120 28.8 59.2 602 4.065
1636989180 28.97 57.89 608 4.071
1636989240 29.05 57.24 608 4.065
1636989300 29 57.16 615 4.065
1636989360 28.14 57.83 615 4.071
1636989420 28.32 57.01 615 4.065
1636989480 28.05 58.45 627 4.071
1636989540 28.29 58.95 633 4.071
1636989600 28.34 57.86 633 4.071
1636989660 28.43 57.95 640 4.071
1636989720 28.7 56.8 640 4.071
1636989780 28.84 56.38 640 4.071
1636989840 28.93 56.86 633 4.071
1636989900 28.81 55.51 646 4.076
1636989960 28.93 55.44 579 4.071
1636990020 28.77 55.41 658 4.076
1636990080 28.93 55.67 670 4.076
1636990140 28.98 54.71 676 4.076
1636990200 29.13 55.2 682 4.076
1636990260 29.32 54.39 682 4.076
1636990320 29.71 53.42 700 4.076
1636990380 29.84 53 706 4.082
1636990440 29.9 53.59 713 4.076
1636990500 30.09 52.67 730 4.082
1636990560 30.06 52.26 737 4.082
1636990620 30.47 51.83 737 4.082
1636990680 30.23 52.23 749 4.082
1636990740 30.24 51.77 755 4.082
1636990800 30.14 52.04 761 4.082
1636990860 30.21 53.32 768 4.087
1636990920 30.21 51.64 774 4.087
1636990980 29.9 52.41 786 4.087
1636991040 29.95 51.45 798 4.092
1636991100 29.77 52.26 804 4.087
1636991160 29.76 52.81 805 4.092
1636991220 29.75 53.5 811 4.092
1636991280 29.86 52.41 460 4.082
1636991340 29.86 53.12 191 4.071
1636991400 29.47 54.22 191 4.071
1636991460 29.07 55.35 203 4.071
1636991520 28.43 56.37 191 4.065
1636991580 28.12 58.25 716 4.065
1636991640 27.89 58.72 817 4.06
1636991700 27.94 57.1 823 4.06
1636991760 27.99 58.46 829 4.06
1636991820 28.42 58.88 835 4.06
1636991880 28.65 56.47 835 4.06
1636991940 29.04 54.33 835 4.06
1636992000 29.34 53.41 847 4.06
1636992060 29.42 53.01 858 4.06
1636992120 29.07 52.37 864 4.06
1636992180 29.58 51.79 882 4.06
1636992240 29.89 52.26 882 4.06
1636992300 30.23 49.72 876 4.06
1636992360 29.86 51.13 876 4.06
1636992420 29.95 51.4 888 4.06
1636992480 30.17 50.79 892 4.055
1636992540 30.17 52.23 899 4.06
1636992600 30.62 50.69 906 4.055
1636992660 30.77 50.76 900 4.055
1636992720 30.81 50.15 900 4.06
1636992780 30.88 50.94 900 4.055
1636992840 31.18 49.18 892 4.055
1636992900 31.41 49.5 899 4.055
1636992960 31.88 47.68 892 4.055
1636993020 32.18 47.14 892 4.055
1636993080 31.63 46.98 905 4.055
1636993140 31.66 47.09 917 4.055
1636993200 30.98 47.27 917 4.055
1636993260 30.79 48.76 780 4.055
1636993320 31.27 48.25 640 4.065
1636993380 31.39 47.54 912 4.082
1636993440 31.41 47.48 918 4.082
1636993500 31.54 47.13 923 4.071
1636993560 31.26 49.18 932 4.092
1636993620 31.46 48.22 930 4.092
1636993680 31.41 46.27 944 4.065
1636993740 31.71 47.97 948 4.06
1636993800 32.01 46.84 936 4.06
1636993860 32.08 45.81 948 4.06
1636993020 32.18 47.14 892 4.055
1636993080 31.63 46.98 905 4.055
1636993140 31.66 47.09 917 4.055
1636993200 30.98 47.27 917 4.055
1636993260 30.79 48.76 780 4.055
1636993320 31.27 48.25 640 4.065
1636993380 31.39 47.54 912 4.082
1636993440 31.41 47.48 918 4.082
1636993500 31.54 47.13 923 4.071
1636993560 31.26 49.18 932 4.092
1636993620 31.46 48.22 930 4.092
1636993680 31.41 46.27 944 4.065
1636993740 31.71 47.97 948 4.06
1636993800 32.01 46.84 936 4.06
1636993860 32.08 45.81 948 4.06
1636993920 31.94 46.67 948 4.06
1636993980 31.94 46.25 960 4.06
1636994040 31.6 46.09 966 4.06
1636994100 31.44 46.38 971 4.06
1636994160 31.51 47.13 971 4.06
1636994220 31.3 47.25 977 4.06
1636994280 31.46 47.37 989 4.055
1636994340 31.8 46.76 1014 4.06
1636994400 32.07 46.42 1043 4.06
1636994460 31.77 46.19 1078 4.06
1636994520 32.55 45.38 1103 4.055
1636994580 32.39 45.17 1126 4.055
1636994640 32.39 45.5 1145 4.06
1636994700 32.26 44.67 1144 4.055
1636994760 32.12 45.34 1133 4.06
1636994820 31.51 47.04 1138 4.055
1636994880 32.15 46.5 1150 4.055
1636994940 32.46 45.78 1162 4.055
1636995000 32.56 46.72 1090 4.055
1636995060 32.96 45.29 469 4.055
1636995120 30.95 46.69 447 4.071
1636995180 30.34 48.52 382 4.065
1636995240 29.98 49.7 362 4.055
1636995300 29.41 51.37 368 4.055
1636995360 29.04 52.32 405 4.06
1636995420 28.92 52.05 481 4.055
1636995480 28.77 52.37 697 4.055
1636995540 29.36 52.17 1174 4.055
1636995600 30.02 51.23 1215 4.055
1636995660 30.34 51.7 1144 4.055
1636995720 30.62 48.27 661 4.055
1636995780 30.75 48.43 1132 4.055
1636995840 30.96 48.42 618 4.055
1636995900 30.78 49.3 524 4.055
1636995960 31.06 49.19 417 4.055
1636996020 30.51 49.33 453 4.065
1636996080 29.82 50.82 465 4.071
1636996140 29.8 51.02 996 4.092
1636996200 29.71 51.39 1216 4.06
1636996260 30.04 50.63 1228 4.055
1636996320 30.37 50.22 499 4.028
1636996380 30.6 48.96 548 4.039
1636996440 30.71 49.22 810 4.055
1636996500 30.62 48.72 1233 4.055
1636996560 30.84 50.16 1013 4.055
1636996620 30.99 47.96 1152 4.055
1636996680 31.13 48.36 1197 4.055
1636996740 31.12 48.67 971 4.055
1636996800 30.88 47.89 1144 4.055
1636996860 31.22 48.98 1132 4.055
1636996920 31.78 47.15 1126 4.055
1636996980 31.57 45.97 1108 4.055
1636997040 30.84 48.82 1096 4.055
1636997100 31.15 49.49 1091 4.055
1636997160 31.44 47.18 1072 4.055
1636997220 31.47 45.56 1060 4.055
1636997280 31.54 44.09 1054 4.055
1636997340 31.53 45.51 1054 4.055
1636997400 31.9 45.38 1066 4.055
1636997460 31.84 45.44 1072 4.055
1636997520 31.77 44.66 1078 4.055
1636997580 31.5 44.19 1084 4.055
1636997640 31.09 45.24 1078 4.055
1636997700 31.16 45.99 1072 4.055
1636997760 31.09 46.86 1072 4.055
1636997820 31.48 44.26 1117 4.039
1636997880 31.63 42.83 1121 4.049
1636997940 31.61 43.41 1155 4.049
1636998000 32.03 43.68 1203 4.049
1636998060 32.01 43.44 725 4.049
1636998120 31.7 43.1 667 4.022
1636998180 31.47 43.25 822 4.049
1636998240 31.3 44.96 421 4.055
1636998300 31.16 45.15 909 4.055
1636998360 31.5 44.78 1088 4.055
1636997520 31.77 44.66 1078 4.055
1636997580 31.5 44.19 1084 4.055
1636997640 31.09 45.24 1078 4.055
1636997700 31.16 45.99 1072 4.055
1636997760 31.09 46.86 1072 4.055
1636997820 31.48 44.26 1117 4.039
1636997880 31.63 42.83 1121 4.049
1636997940 31.61 43.41 1155 4.049
1636998000 32.03 43.68 1203 4.049
1636998060 32.01 43.44 725 4.049
1636998120 31.7 43.1 667 4.022
1636998180 31.47 43.25 822 4.049
1636998240 31.3 44.96 421 4.055
1636998300 31.16 45.15 909 4.055
1636998360 31.5 44.78 1088 4.055
1636998420 31.68 44.34 1180 4.055
1636998480 31.92 44.19 905 4.049
1636998540 32.04 45.9 691 4.049
1636998600 31.87 43.93 892 4.049
1636998660 31.08 45.1 1225 4.049
1636998720 31.53 45.04 1201 4.044
1636998780 32.25 44.93 1189 4.049
1636998840 32.62 45.57 1118 4.049
1636998900 33.13 42.28 1183 4.049
1636998960 33.21 43.35 1177 4.049
1636999020 32.87 42.97 1177 4.049
1636999080 32.84 42.73 1195 4.055
1636999140 32.41 42.12 1213 4.049
1636999200 32.22 44.64 1255 4.049
1636999260 31.99 45.67 1261 4.049
1636999320 32.93 42.71 1261 4.049
1636999380 32.93 43.56 1273 4.049
1636999440 32.77 44.13 1286 4.049
1636999500 32.62 45.08 1243 4.049
1636999560 32.55 43.56 1314 4.049
1636999620 32.7 45.57 1036 4.049
1636999680 33.09 44.01 1207 4.049
1636999740 32.79 42.47 403 4.049
1636999800 32.48 43.84 350 4.049
1636999860 32.41 43.28 332 4.049
1636999920 32.36 43.09 344 4.049
1636999980 32.05 43.88 903 4.049
1637000040 31.6 45.78 1249 4.049
1637000100 32.04 44.61 1255 4.049
1637000160 31.44 45.57 1255 4.049
1637000220 31.84 44.34 1231 4.049
1637000280 32.04 43.33 1261 4.049
1637000340 32.16 44.11 1280 4.049
1637000400 32.34 45.51 1201 4.049
1637000460 31.54 48.23 1243 4.049
1637000520 31.84 48.54 468 4.049
1637000580 31.4 49.26 469 4.049
1637000640 31.39 49.07 540 4.049
1637000700 30.68 50.25 397 4.049
1637000760 30.48 52.1 409 4.049
1637000820 30.58 51.36 512 4.044
1637000880 29.62 54.53 1326 4.049
1637000940 30.14 54.1 1308 4.049
1637001000 30.74 52.3 1314 4.049
1637001060 31.1 50.7 1320 4.049
1637001120 31.51 50.77 1314 4.049
1637001180 31.9 48.37 671 4.049
1637001240 31.91 49.95 796 4.049
1637001300 31.56 49.73 796 4.044
1637001360 31.71 49.17 1332 4.049
1637001420 31.87 49.52 1373 4.044
1637001480 31.41 49.51 463 4.044
1637001540 31.51 50.54 468 4.049
1637001600 31.64 50.34 451 4.044
1637001660 31.51 51.49 528 4.049
1637001720 31.16 52.48 427 4.049
1637001780 30.92 52.51 838 4.049
1637001840 30.41 54.34 618 4.044
1637001900 30.62 54.5 718 4.049
1637001960 30.37 54.15 749 4.049
1637002020 30.32 55.04 671 4.044
1637002080 30.06 54.24 659 4.049
1637002140 30.04 53.68 671 4.049
1637002200 29.79 55.3 546 4.049
1637002260 30.11 54.73 480 4.049
1637002320 30.2 53.23 451 4.049
1637002380 29.9 55.48 522 4.049
1637002440 30.1 54.59 636 4.044
1637002500 30.09 53.91 629 4.049
1637002560 30.17 53.81 576 4.044
1637002620 30.24 54.4 819 4.049
1637002680 30.27 54.74 1242 4.049
1637002740 29.62 55.47 944 4.044
1637002800 29.87 55.15 1397 4.044
1637002860 30.24 55.46 1386 4.044
1637002920 30.77 52.99 1420 4.044
1637002980 31.53 51.17 724 4.044
1637003040 31.81 50.58 671 4.044
1637003100 31.06 50.93 683 4.044
1637003160 31.05 51.4 814 4.044
1637003220 31.09 52.33 760 4.044
1637003280 30.92 51.02 1278 4.044
1637003340 30.17 53.6 1403 4.049
1637003400 30.35 53.37 1261 4.044
1637003460 30.37 54.48 1403 4.044
1637003520 30.26 54.42 1147 4.044
1637003580 30.84 55.05 540 4.049
1637003640 30.74 51.61 1011 4.044
1637003700 30.71 52.94 885 4.044
1637003760 31.08 53.34 570 4.044
1637003820 31.16 52.03 1313 4.044
1637003880 31.08 52.44 1456 4.049
1637003940 30.85 52.45 1438 4.044
1637004000 30.38 52.5 1432 4.044
1637004060 29.93 55.33 1403 4.044
1637004120 30.51 54.98 778 4.044
1637004180 30.37 54.3 653 4.044
1637004240 30.03 55.76 534 4.044
1637004300 29.34 56.99 498 4.044
1637004360 28.92 58.49 486 4.044
1637004420 28.83 58.11 486 4.044
1637004480 28.49 58.64 468 4.044
1637004540 28.49 59.76 486 4.044
1637004600 28.45 59.39 1319 4.044
1637004660 28.66 59.05 1319 4.044
1637004720 28.98 58.87 522 4.044
1637004780 28.98 58.58 1391 4.044
1637004840 28.74 58.82 1170 4.044
1637004900 29.05 58.31 1266 4.044
1637004960 29.32 57.51 1087 4.044
1637005020 29.45 57.5 1188 4.082
1637005080 29.86 57.65 1255 4.087
1637005140 30.53 53.53 1245 4.092
1637005200 30.21 55.4 1209 4.055
1637005260 29.75 56.6 1144 4.049
1637005320 29.73 56.78 683 4.049
1637005380 29.69 57.29 1082 4.049
1637005440 29.26 57.95 1213 4.049
1637005500 29.31 57.68 1231 4.049
1637005560 29.38 57.42 1242 4.049
1637005620 29.58 57.76 1267 4.049
1637005680 29.26 57.68 1280 4.049
1637005740 29.71 58.08 1292 4.044
1637005800 29.79 57.23 1320 4.049
1637005860 30.14 56.55 1237 4.049
1637005920 29.99 55.84 570 4.049
1637005980 29.58 57.01 564 4.044
1637006040 29.17 58.99 564 4.049
1637006100 29.36 58.57 844 4.044
1637006160 29.07 59.42 505 4.044
1637006220 29.04 58.88 1260 4.044
1637006280 28.94 59.33 1218 4.049
1637006340 28.93 57.89 1224 4.049
1637006400 29.14 58.09 1004 4.049
1637006460 29.55 57.83 1213 4.049
1637006520 29.63 56.36 1254 4.044
1637006580 29.86 55.75 1242 4.049
1637006640 29.86 56.28 1219 4.044
1637006700 29.21 58.2 1188 4.044
1637006760 29.52 58.17 802 4.044
1637006820 29.89 56.85 1141 4.044
1637006880 30.32 57.08 1141 4.044
1637006940 30.13 55.58 1111 4.049
1637007000 29.82 56.66 861 4.044
1637007060 29.73 58.85 1099 4.044
1637007120 30.44 57 1093 4.044
1637007180 31.02 55.07 1036 4.044
1637007240 31.27 53.04 1075 4.049
1637007300 31.37 52.46 1081 4.044
1637007360 31.4 52.23 1093 4.044
1637007420 31.7 53.75 1105 4.044
1637007480 31.8 52.03 1123 4.044
1637007540 31.7 52.25 1135 4.044
1637007600 32.24 51.5 1129 4.044
1637007660 31.91 50.85 1117 4.044
1637007720 32.01 50.92 683 4.044
1637007780 31.95 51.39 308 4.049
1637007840 31.43 51.63 326 4.044
1637007900 30.65 53.56 367 4.044
1637007960 30.09 55.45 391 4.044
1637008020 30.37 55.32 355 4.044
1637008080 30.06 55.42 332 4.044
1637008140 29.75 57.04 332 4.039
1637008200 29.65 56.65 338 4.044
1637008260 29.69 57.08 355 4.044
1637008320 29.65 56.46 379 4.044
1637008380 29.55 57.53 385 4.044
1637008440 29.11 58.48 385 4.044
1637008500 28.84 58.82 385 4.049
1637008560 28.46 60.99 379 4.044
1637008620 28.78 60.47 387 4.055
1637008680 29.07 59.42 399 4.055
1637008740 29.17 59.5 423 4.055
1637008800 29.22 58.71 465 4.06
1637008860 29.21 58.61 716 4.065
1637008920 29.11 58.45 1200 4.082
1637008980 29.13 59.46 1219 4.087
1637009040 29.71 56.49 1031 4.082
1637009100 29.73 57.5 832 4.076
1637009160 30.03 56.36 465 4.065
1637009220 30.24 55.71 405 4.06
1637009280 30.09 56.18 374 4.055
1637009340 30.13 56.11 374 4.055
1637009400 29.96 55.71 524 4.055
1637009460 29.62 57.43 689 4.055
1637009520 29.52 57.05 673 4.049
1637009580 28.92 58.86 435 4.049
1637009640 28.45 60.5 1118 4.049
1637009700 28.59 60.87 1094 4.049
1637009760 29.18 59.08 1024 4.049
1637009820 29.55 58.54 1112 4.049
1637009880 29.55 59.18 1118 4.049
1637009940 29.59 58.4 1005 4.049
1637010000 30.35 57.05 1118 4.049
1637010060 30.6 57.37 1046 4.049
1637010120 30.68 56.41 433 4.049
1637010180 30.55 55.72 397 4.049
1637010240 30.23 55.84 380 4.049
1637010300 30.27 56.28 826 4.049
1637010360 30.03 57.15 237 4.049
1637010420 29.48 57.85 195 4.049
1637010480 28.89 59.83 165 4.049
1637010540 28.94 60.41 141 4.049
1637010600 28.42 60.88 129 4.049
1637010660 28.11 62.82 124 4.049
1637010720 27.92 62.53 118 4.049
1637010780 27.76 63.24 106 4.049
1637010840 27.76 63.31 106 4.049
1637010900 27.34 64.37 112 4.049
1637010960 27.37 64.54 112 4.049
1637011020 27.23 64.24 112 4.049
1637011080 27.17 64.35 106 4.049
1637011140 26.95 65.2 100 4.049
1637011200 27.05 65.05 100 4.049
1637011260 27.17 64.7 100 4.049
1637011320 27.23 64.87 94 4.049
1637011380 27.2 64.62 94 4.049
1637011440 27.23 64.7 94 4.049
1637011500 27.23 64.91 100 4.049
1637011560 27.05 66.07 100 4.049
1637011620 26.96 66.09 100 4.049
1637011680 26.85 67.06 100 4.049
1637011740 26.82 67.01 100 4.049
1637011800 26.79 67.38 112 4.049
1637011860 26.77 67.01 112 4.049
1637011920 26.68 67.42 112 4.049
1637011980 26.68 67.5 112 4.049
1637012040 26.77 67.58 112 4.049
1637012100 26.72 67.06 112 4.049
1637012160 26.67 67.37 112 4.049
1637012220 26.71 67.47 106 4.049
1637012280 26.82 67.06 106 4.049
1637012340 26.77 67.41 112 4.049
1637012400 26.86 67.37 112 4.049
1637012460 26.78 67.03 118 4.049
1637012520 26.75 66.47 124 4.049
1637012580 26.62 67.13 124 4.049
1637012640 26.58 67.18 124 4.049
1637012700 26.52 67.24 124 4.049
1637012760 26.51 67.48 124 4.049
1637012820 27.49 64.33 237 4.055
1637012880 27.7 63.61 225 4.055
1637012940 27.53 64.48 207 4.055
1637013000 27.51 63.5 195 4.055
1637013060 27.64 63.85 195 4.055
1637013120 27.67 62.92 207 4.049
1637013180 27.65 63.17 213 4.055
1637013240 27.65 63.25 213 4.06
1637013300 27.6 63.9 201 4.055
1637013360 27.67 63.81 183 4.055
1637013420 27.72 63.32 165 4.055
1637013480 27.8 63.38 153 4.055
1637013540 27.83 63.72 147 4.049
1637013600 27.78 63.65 135 4.055
1637013660 27.72 63.72 124 4.049
1637013720 27.47 64.34 118 4.049
1637013780 27.39 64.98 112 4.049
1637013840 27.36 65.79 112 4.049
1637013900 27.17 65.95 106 4.049
1637013960 27.22 65.91 100 4.049
1637014020 27.08 66.01 94 4.055
1637014080 26.96 66.43 82 4.049
1637014140 26.71 67.19 76 4.049
1637014200 26.61 67.77 70 4.049
1637014260 26.55 68.08 76 4.049
1637014320 26.55 68.42 82 4.049
1637014380 26.55 68.21 94 4.049
1637014440 26.57 68.38 112 4.049
1637014500 26.57 68.14 124 4.055
1637014560 26.48 68.23 137 4.049
1637014620 26.45 68.55 143 4.055
1637014680 26.59 68.9 147 4.055
1637014740 26.67 67.64 147 4.055
1637014800 26.55 68.6 153 4.055
1637014860 26.68 68.51 159 4.049
1637014920 26.77 68.34 165 4.049
1637014980 26.61 68.48 159 4.049
1637015040 26.61 69.06 159 4.055
1637015100 26.61 68.71 165 4.049
1637015160 26.62 68.67 165 4.055
1637015220 26.54 69.17 213 4.055
1637015280 26.62 69.16 189 4.055
1637015340 26.62 68.91 207 4.055
1637015400 26.74 68.72 501 4.06
1637015460 26.82 68.37 483 4.06
1637015520 26.99 68.01 380 4.055
1637015580 27.16 67.72 459 4.06
1637015640 26.98 68.27 459 4.06
1637015700 26.75 68.65 171 4.055
1637015760 26.54 70.07 344 4.055
1637015820 26.33 70.63 417 4.06
1637015880 26.35 70.52 399 4.055
1637015940 26.43 70.35 441 4.055
1637016000 26.4 69.49 429 4.06
1637016060 26.34 70.28 441 4.06
1637016120 26.38 70.66 429 4.06
1637016180 26.38 69.54 411 4.06
1637016240 26.47 69.22 387 4.06
1637016300 26.48 69.55 368 4.06
1637016360 26.57 69.24 350 4.055
1637016420 26.45 69.78 82 4.055
1637016480 26.31 70.42 58 4.055
1637016540 26.24 70.61 58 4.055
1637016600 26.2 70.85 100 4.055
1637016660 26.14 71.09 64 4.055
1637016720 26.16 71.07 52 4.049
1637016780 26.17 70.91 46 4.049
1637016840 26.27 70.49 46 4.049
1637016900 26.1 70.12 46 4.055
1637016960 26.14 70.09 40 4.055
1637017020 26.23 69.72 46 4.055
1637017080 26.13 69.82 46 4.055
1637017140 26.04 70.26 40 4.049
1637017200 25.99 70.32 46 4.055
1637017260 25.85 70.5 64 4.055
1637017320 25.92 70.7 207 4.055
1637017380 26 70.29 189 4.055
1637017440 26.22 69.67 143 4.055
1637017500 26.2 69.5 159 4.055
1637017560 26.23 68.89 141 4.055
1637017620 26.04 69.25 124 4.049
1637017680 26.08 69.32 124 4.049
1637017740 26.1 69.6 76 4.055
1637017800 25.94 68.23 70 4.049
1637017860 25.83 69.33 64 4.049
1637017920 25.9 68.54 112 4.049
1637017980 25.83 69.42 124 4.055
1637018040 25.86 69.26 124 4.049
1637018100 25.94 69.24 124 4.055
1637018160 26.02 68.93 118 4.049
1637018220 26.07 69.14 183 4.049
1637018280 25.94 68.54 189 4.055
1637018340 25.89 68.65 147 4.049
1637018400 25.87 69.08 124 4.049
1637018460 25.89 68.8 112 4.049
1637018520 25.69 69.36 100 4.049
1637018580 25.64 69.43 82 4.049
1637018640 25.64 69.68 58 4.055
1637018700 25.64 69.64 46 4.055
1637018760 25.59 69.47 34 4.055
1637018820 25.52 69.89 28 4.055
1637018880 25.52 69.84 28 4.055
1637018940 25.51 69.86 22 4.049
1637019000 25.51 70.04 28 4.049
1637019060 25.45 70.25 34 4.055
1637019120 25.38 70.7 22 4.049
1637019180 25.31 70.76 22 4.049
1637019240 25.24 71.07 28 4.055
1637019300 25.22 71.25 40 4.049
1637019360 25.24 71.47 58 4.049
1637019420 25.35 71.73 64 4.049
1637019480 25.44 71.51 76 4.049
1637019540 25.45 71.5 58 4.049
1637019600 25.44 71 70 4.049
1637019660 25.41 72.01 58 4.055
1637019720 25.24 72.14 58 4.049
1637019780 25.15 72.84 52 4.049
1637019840 25.06 73.27 40 4.049
1637019900 24.97 73.31 34 4.055
1637019960 24.9 74.25 28 4.049
1637020020 24.77 74.32 22 4.049
1637020080 24.74 74.59 22 4.055
1637020140 24.6 74.87 16 4.049
1637020200 24.55 76.04 16 4.049
1637020260 24.39 76.64 10 4.049
1637020320 24.32 77.4 10 4.049
1637020380 24.29 77.86 10 4.049
1637020440 24.23 78.45 4 4.049
1637020500 24.18 78.72 4 4.049
1637020560 24.19 78.97 4 4.049
1637020620 24.16 79.27 4 4.049
1637020680 24.14 79.55 0 4.049
1637020740 24.16 79.62 0 4.049
1637020800 24.16 79.68 0 4.049
1637020860 24.21 79.72 0 4.055
1637020920 24.15 79.38 0 4.049
1637020980 24.21 79.65 0 4.049
1637021040 24.16 79.63 0 4.049
1637021100 24.16 79.78 0 4.049
1637021160 24.09 79.82 0 4.055
1637021220 24.04 79.93 0 4.049
1637021280 24.04 80.27 0 4.049
1637021340 24.02 80.34 0 4.049
1637021400 24.08 80.06 0 4.049
1637021460 24.11 80.04 0 4.049
1637021520 24.07 79.85 0 4.049
1637021580 24.05 80.01 0 4.055
1637021640 24.02 80.41 0 4.049
1637021700 24.05 80.16 0 4.049
1637021760 24 80.54 0 4.049
1637021820 23.98 80.37 0 4.049
1637021880 23.97 80.38 0 4.049
1637021940 23.97 80.39 0 4.049
1637022000 23.97 80.51 0 4.049
1637022060 24.01 80.54 0 4.049
1637022120 24.01 80.35 0 4.049
1637022180 24.01 80 0 4.049
1637022240 24 80.09 0 4.049
1637022300 24.04 80.25 0 4.049
1637022360 24 80.22 0 4.049
1637022420 24 80.38 0 4.049
1637022480 24 80.47 0 4.049
1637022540 24.02 80.28 0 4.049
1637022600 24.02 80.53 0 4.049
1637022660 24.02 80.31 0 4.049
1637022720 24.04 80.24 0 4.049
1637022780 24.04 80.36 0 4.049
1637022840 24.05 80.09 0 4.044
1637022900 24.07 80.44 0 4.049
1637022960 24.08 80.48 0 4.049
1637023020 24 80.76 0 4.049
1637023080 23.98 80.93 0 4.049
1637023140 23.95 81.09 0 4.049
1637023200 24 81.07 0 4.049
1637023260 24.01 81.08 0 4.049
1637023320 23.94 80.9 0 4.049
1637023380 24 81.07 0 4.049
1637023440 23.97 80.98 0 4.049
1637023500 23.92 80.94 0 4.049
1637023560 23.88 81.08 0 4.049
1637023620 23.94 81.17 0 4.049
1637023680 23.97 80.92 0 4.049
1637023740 23.88 81.49 0 4.049
1637023800 23.85 81.66 0 4.049
1637023860 23.89 81.6 0 4.049
1637023920 23.87 81.33 0 4.049
1637023980 23.89 81.55 0 4.044
1637024040 23.87 81.49 0 4.049
1637024100 23.84 81.72 0 4.044
1637024160 23.81 81.93 0 4.049
1637024220 23.81 82.17 0 4.049
1637024280 23.81 82.29 0 4.049
1637024340 23.81 82.42 0 4.049
1637024400 23.74 82.67 0 4.049
1637024460 23.74 83 0 4.049
1637024520 23.74 83.22 0 4.049
1637024580 23.71 83.18 0 4.044
1637024640 23.7 83.21 0 4.044
1637024700 23.67 83.22 0 4.049
1637024760 23.65 83.5 0 4.049
1637024820 23.6 83.72 0 4.049
1637024880 23.59 84.07 0 4.049
1637024940 23.54 83.98 0 4.044
1637025000 23.57 83.92 0 4.049
1637025060 23.54 83.91 0 4.049
1637025120 23.51 84.04 0 4.049
1637025180 23.54 84.2 0 4.049
1637025240 23.53 84.16 0 4.049
1637025300 23.44 84.49 0 4.049
1637025360 23.42 84.72 0 4.049
1637025420 23.44 84.63 0 4.049
1637025480 23.47 84.44 0 4.049
1637025540 23.47 84.37 0 4.049
1637025600 23.5 84.4 0 4.049
1637025660 23.57 84.47 0 4.049
1637025720 23.53 84.08 0 4.044
1637025780 23.53 84.22 0 4.049
1637025840 23.47 84.31 0 4.044
1637025900 23.44 84.48 0 4.049
1637025960 23.43 84.33 0 4.049
1637026020 23.39 84.39 0 4.044
1637026080 23.36 84.72 0 4.049
1637026140 23.37 84.2 0 4.044
1637026200 23.36 84.31 0 4.049
1637026260 23.4 84.42 0 4.049
1637026320 23.39 84.44 0 4.044
1637026380 23.33 84.41 0 4.044
1637026440 23.3 84.54 0 4.044
1637026500 23.32 84.56 0 4.049
1637026560 23.33 84.55 0 4.049
1637026620 23.32 84.54 0 4.049
1637026680 23.29 84.8 0 4.044
1637026740 23.3 84.5 0 4.049
1637026800 23.27 84.66 0 4.044
1637026860 23.27 84.61 0 4.044
1637026920 23.29 84.58 0 4.049
1637026980 23.29 84.47 0 4.044
1637027040 23.23 84.74 0 4.044
1637027100 23.24 84.85 0 4.044
1637027160 23.24 84.82 0 4.044
1637027220 23.23 84.73 0 4.044
1637027280 23.22 84.77 0 4.049
1637027340 23.26 84.87 0 4.049
1637027400 23.23 85.03 0 4.044
1637027460 23.23 85.1 0 4.044
1637027520 23.22 85.1 0 4.044
1637027580 23.22 84.96 0 4.049
1637027640 23.26 84.62 0 4.044
1637027700 23.26 84.81 0 4.044
1637027760 23.29 84.46 0 4.049
1637027820 23.26 84.65 0 4.049
1637027880 23.23 84.82 0 4.044
1637027940 23.2 84.96 0 4.044
1637028000 23.24 84.66 0 4.044
1637028060 23.22 84.45 0 4.049
1637028120 23.23 84.53 0 4.044
1637028180 23.22 83.93 0 4.044
1637028240 23.22 84.22 0 4.044
1637028300 23.22 84.09 0 4.049
1637028360 23.23 83.76 0 4.049
1637028420 23.26 83.79 0 4.044
1637028480 23.3 83.96 0 4.044
1637028540 23.32 83.4 0 4.044
1637028600 23.29 83.44 0 4.044
1637028660 23.34 83.47 0 4.044
1637028720 23.33 83.5 0 4.044
1637028780 23.3 83.72 0 4.044
1637028840 23.29 83.97 0 4.044
1637028900 23.27 84.36 0 4.044
1637028960 23.26 84.36 0 4.044
1637029020 23.26 84.56 0 4.044
1637029080 23.24 84.62 0 4.044
1637029140 23.26 84.74 0 4.044
1637029200 23.29 84.72 0 4.049
1637029260 23.3 84.89 0 4.044
1637029320 23.27 84.95 0 4.044
1637029380 23.26 84.73 0 4.044
1637029440 23.26 84.66 0 4.044
1637029500 23.29 84.62 0 4.044
1637029560 23.26 85.02 0 4.044
1637029620 23.24 84.9 0 4.044
1637029680 23.2 85.11 0 4.044
1637029740 23.16 84.56 0 4.044
1637029800 23.16 85.24 0 4.044
1637029860 23.17 85.47 0 4.044
1637029920 23.16 85.06 0 4.044
1637029980 23.13 84.53 0 4.044
1637030040 23.14 84.6 0 4.044
1637030100 23.16 84.73 0 4.044
1637030160 23.12 84.01 0 4.044
1637030220 23.12 84.22 0 4.044
1637030280 23.06 84.84 0 4.044
1637030340 23.01 85.19 0 4.044
1637030400 22.99 85.2 0 4.044
1637030460 22.98 85.13 0 4.044
1637030520 23.05 84.96 0 4.044
1637030580 23.03 84.75 0 4.044
1637030640 23.05 84.87 0 4.044
1637030700 23.01 84.49 0 4.044
1637030760 22.96 83.89 0 4.044
1637030820 22.92 83.6 0 4.044
1637030880 22.93 82.6 0 4.044
1637030940 23.02 82.77 0 4.044
1637031000 22.96 82.52 0 4.044
1637031060 22.98 81.96 0 4.044
1637031120 22.98 81.6 0 4.039
1637031180 23.01 81.83 0 4.044
1637031240 22.99 81.7 0 4.044
1637031300 22.95 82.22 0 4.044
1637031360 22.91 82.83 0 4.044
1637031420 22.86 83.2 0 4.044
1637031480 22.81 83.49 0 4.044
1637031540 22.81 83.55 0 4.044
1637031600 22.78 83.78 0 4.044
1637031660 22.79 83.91 0 4.044
1637031720 22.78 84.17 0 4.044
1637031780 22.76 84.38 0 4.044
1637031840 22.76 84.53 0 4.044
1637031900 22.76 84.5 0 4.044
1637031960 22.76 84.74 0 4.044
1637032020 22.76 84.83 0 4.044
1637032080 22.75 84.96 0 4.039
1637032140 22.75 85.02 0 4.044
1637032200 22.76 84.9 0 4.044
1637032260 22.78 85.18 0 4.039
1637032320 22.76 85.37 0 4.044
1637032380 22.78 85.36 0 4.039
1637032440 22.79 85.59 0 4.044
1637032500 22.74 85.85 0 4.044
1637032560 22.76 85.84 0 4.044
1637032620 22.72 85.93 0 4.044
1637032680 22.74 86 0 4.044
1637032740 22.76 86.15 0 4.044
1637032800 22.72 86.19 0 4.044
1637032860 22.71 86.43 0 4.044
1637032920 22.72 86.6 0 4.044
1637032980 22.74 86.5 0 4.044
1637033040 22.74 86.65 0 4.039
1637033100 22.75 86.54 0 4.044
1637033160 22.81 86.59 0 4.044
1637033220 22.78 86.39 0 4.044
1637033280 22.74 86.62 0 4.044
1637033340 22.75 86.78 0 4.044
1637033400 22.81 86.72 0 4.044
1637033460 22.79 86.6 0 4.044
1637033520 22.78 86.71 0 4.044
1637033580 22.76 86.77 0 4.044
1637033640 22.76 86.53 0 4.044
1637033700 22.78 86.76 0 4.044
1637033760 22.78 86.64 0 4.044
1637033820 22.81 86.78 0 4.044
1637033880 22.82 86.65 0 4.039
1637033940 22.82 86.54 0 4.044
1637034000 22.84 86.7 0 4.044
1637034060 22.79 86.66 0 4.044
1637034120 22.79 86.71 0 4.044
1637034180 22.82 86.65 0 4.044
1637034240 22.84 86.74 0 4.044
1637034300 22.79 86.75 0 4.044
1637034360 22.82 86.8 0 4.044
1637034420 22.78 86.88 0 4.044
1637034480 22.84 87.06 0 4.044
1637034540 22.79 86.76 0 4.044
1637034600 22.76 87 0 4.044
1637034660 22.78 86.89 0 4.044
1637034720 22.78 86.86 0 4.039
1637034780 22.81 86.91 0 4.044
1637034840 22.78 86.95 0 4.044
1637034900 22.75 86.88 0 4.039
1637034960 22.76 87.03 0 4.044
1637035020 22.75 86.58 0 4.044
1637035080 22.79 86.54 0 4.044
1637035140 22.81 86.55 0 4.044
1637035200 22.79 86.11 0 4.044
1637035260 22.81 86.13 0 4.044
1637035320 22.88 86.41 0 4.044
1637035380 22.86 86.38 0 4.039
1637035440 22.92 86.36 0 4.044
1637035500 22.89 85.44 0 4.044
1637035560 22.92 85.26 0 4.044
1637035620 22.92 85.07 0 4.039
1637035680 22.91 85.07 0 4.039
1637035740 22.95 85.17 0 4.039
1637035800 22.99 85.22 0 4.039
1637035860 23.02 85.16 0 4.044
1637035920 23.03 85.04 0 4.039
1637035980 22.99 84.05 0 4.044
1637036040 22.99 84.06 0 4.044
1637036100 23.01 83.79 0 4.039
1637036160 22.98 84.09 0 4.039
1637036220 22.99 84.01 0 4.044
1637036280 22.99 83.98 0 4.044
1637036340 22.99 83.85 0 4.044
1637036400 22.96 83.95 0 4.039
1637036460 22.99 83.71 0 4.044
1637036520 22.96 83.68 0 4.039
1637036580 22.98 83.91 0 4.039
1637036640 22.99 84.15 0 4.039
1637036700 23.01 84.1 0 4.039
1637036760 23.01 83.86 0 4.039
1637036820 23.03 83.61 0 4.044
1637036880 23.09 83.62 0 4.039
1637036940 23.12 83.64 0 4.039
1637037000 23.09 83.65 0 4.044
1637037060 23.09 83.54 0 4.039
1637037120 23.1 83.86 0 4.044
1637037180 23.1 84.01 0 4.039
1637037240 23.1 84.39 0 4.044
1637037300 23.09 84.2 0 4.039
1637037360 23.05 84.28 0 4.039
1637037420 23.05 84.52 0 4.039
1637037480 23.05 84.47 0 4.039
1637037540 23.03 84.61 0 4.039
1637037600 23.03 84.56 0 4.039
1637037660 23.05 84.43 0 4.044
1637037720 23.06 84.3 0 4.044
1637037780 23.08 84.59 0 4.039
1637037840 23.05 84 0 4.039
1637037900 23.05 84.42 0 4.039
1637037960 23.05 84.8 0 4.039
1637038020 23.06 85.14 0 4.044
1637038080 23.01 85.09 0 4.044
1637038140 22.98 85.25 0 4.044
1637038200 22.95 85.53 0 4.044
1637038260 22.89 85.68 0 4.044
1637038320 22.89 85.77 0 4.039
1637038380 22.84 85.87 0 4.039
1637038440 22.82 86 0 4.039
1637038500 22.84 86 0 4.044
1637038560 22.78 85.47 0 4.039
1637038620 22.81 85.5 0 4.039
1637038680 22.81 85.65 0 4.039
1637038740 22.79 85.82 0 4.039
