1640667600 21.52 93.77 0 4.076
1640667660 21.53 93.8 0 4.076
1640667720 21.5 93.8 0 4.076
1640667780 21.47 93.8 0 4.076
1640667840 21.46 93.85 0 4.076
1640667900 21.47 93.86 0 4.076
1640667960 21.42 93.9 0 4.076
1640668020 21.44 93.93 0 4.076
1640668080 21.44 93.91 0 4.071
1640668140 21.39 93.96 0 4.071
1640668200 21.37 93.98 0 4.071
1640668260 21.33 94.03 0 4.076
1640668320 21.33 94.01 0 4.076
1640668380 21.36 94.07 0 4.076
1640668440 21.4 94.1 0 4.076
1640668500 21.44 94.11 0 4.076
1640668560 21.42 94.14 0 4.076
1640668620 21.4 94.14 0 4.076
1640668680 21.39 94.2 0 4.076
1640668740 21.36 94.21 0 4.076
1640668800 21.37 94.18 0 4.076
1640668860 21.42 94.24 0 4.076
1640668920 21.42 94.25 0 4.076
1640668980 21.39 94.27 0 4.071
1640669040 21.37 94.28 0 4.076
1640669100 21.33 94.27 0 4.076
1640669160 21.34 94.29 0 4.076
1640669220 21.36 94.29 0 4.076
1640669280 21.34 94.27 0 4.076
1640669340 21.34 94.29 0 4.076
1640669400 21.32 94.25 0 4.076
1640669460 21.32 94.27 0 4.076
1640669520 21.33 94.27 0 4.071
1640669640 21.36 94.26 0 4.076
1640669700 21.42 94.25 0 4.076
1640669760 21.44 94.26 0 4.076
1640669820 21.42 94.25 0 4.076
1640669880 21.4 94.25 0 4.076
1640669940 21.42 94.28 0 4.065
1640670000 21.36 94.29 0 4.071
1640670060 21.37 94.26 0 4.076
1640670120 21.3 94.23 0 4.076
1640670180 21.26 94.25 0 4.071
1640670240 21.28 94.24 0 4.071
1640670300 21.33 94.21 0 4.071
1640670360 21.34 94.2 0 4.076
1640670420 21.36 94.16 0 4.076
1640670480 21.39 94.15 0 4.071
1640670540 21.46 94.14 0 4.076
1640670600 21.4 94.08 0 4.076
1640670660 21.33 94.06 0 4.076
1640670720 21.39 94 0 4.076
1640670780 21.36 93.98 0 4.076
1640670840 21.36 93.94 0 4.071
1640670900 21.34 93.92 0 4.071
1640670960 21.32 93.91 0 4.071
1640671020 21.29 93.86 0 4.076
1640671080 21.33 93.83 0 4.071
1640671140 21.33 93.78 0 4.071
1640671200 21.34 93.77 0 4.071
1640671260 21.33 93.73 0 4.076
1640671320 21.32 93.69 0 4.071
1640671380 21.32 93.64 0 4.071
1640671440 21.32 93.64 0 4.076
1640671500 21.33 93.54 0 4.071
1640671560 21.29 93.55 0 4.071
1640671620 21.28 93.55 0 4.076
1640671680 21.28 93.5 0 4.076
1640671740 21.26 93.48 0 4.06
1640671800 21.26 93.43 0 4.071
1640671860 21.2 93.42 0 4.071
1640671920 21.18 93.42 0 4.071
1640671980 21.22 93.39 0 4.071
1640672040 21.16 93.42 0 4.071
1640672100 21.2 93.45 0 4.071
1640672160 21.16 93.45 0 4.076
1640672220 21.13 93.45 0 4.071
1640672280 21.14 93.5 0 4.071
1640672400 21.19 93.53 0 4.071
1640672460 21.16 93.55 0 4.076
1640672520 21.16 93.55 0 4.071
1640672580 21.14 93.59 0 4.071
1640672640 21.14 93.62 0 4.071
1640672700 21.12 93.65 0 4.065
1640672760 21.09 93.73 0 4.071
1640672820 21.09 93.75 0 4.071
1640672880 21.09 93.8 0 4.071
1640672940 21.05 93.85 0 4.071
1640673000 21.05 93.86 0 4.071
1640673060 21 93.93 0 4.071
1640673120 20.99 93.94 0 4.071
1640673180 21.02 93.98 0 4.071
1640673240 20.99 94.01 0 4.071
1640673300 20.98 94.06 0 4.071
1640673360 20.99 94.11 0 4.071
1640673420 21 94.15 0 4.071
1640673480 20.95 94.22 0 4.071
1640673540 20.85 94.18 0 4.071
1640673600 20.81 94.25 0 4.071
1640673660 20.83 94.28 0 4.071
1640673720 20.83 94.3 0 4.071
1640673780 20.85 94.31 0 4.071
1640673840 20.88 94.34 0 4.071
1640673900 20.92 94.35 0 4.071
1640673960 20.93 94.37 0 4.071
1640674020 20.98 94.39 0 4.071
1640674080 20.96 94.42 0 4.071
1640674140 20.95 94.4 0 4.071
1640674200 20.93 94.4 0 4.071
1640674260 20.93 94.38 0 4.071
1640674320 20.92 94.4 0 4.071
1640674380 20.95 94.39 0 4.076
1640674440 20.96 94.39 0 4.071
1640674500 20.99 94.39 0 4.071
1640674560 20.99 94.36 0 4.071
1640674620 21.02 94.39 0 4.071
1640674680 20.99 94.36 0 4.071
1640674740 21.03 94.38 0 4.071
1640674800 21.03 94.36 0 4.071
1640674860 21.06 94.37 0 4.076
1640674920 21.1 94.34 0 4.071
1640674980 21.06 94.32 0 4.071
1640675040 21.02 94.3 0 4.071
1640675100 21.1 94.33 0 4.071
1640675160 21.07 94.29 0 4.071
1640675220 21.12 94.3 0 4.071
1640675280 21.09 94.26 0 4.071
1640675340 21.09 94.22 0 4.071
1640675400 21.07 94.23 0 4.071
1640675460 21.05 94.19 0 4.071
1640675520 21.06 94.18 0 4.071
1640675580 21.05 94.22 0 4.071
1640675640 21.02 94.18 0 4.071
1640675700 21 94.18 0 4.071
1640675760 20.96 94.17 0 4.071
1640675820 20.93 94.15 0 4.071
1640675880 20.92 94.16 0 4.071
1640675940 20.93 94.13 0 4.071
1640676000 20.92 94.16 0 4.071
1640676060 20.92 94.17 0 4.071
1640676120 20.93 94.17 0 4.071
1640676180 20.95 94.14 0 4.071
1640676240 20.92 94.14 0 4.071
1640676300 20.92 94.14 0 4.071
1640676360 20.99 94.14 0 4.071
1640676420 20.92 94.15 0 4.071
1640676480 20.93 94.1 0 4.071
1640676540 20.89 94.12 0 4.071
1640676600 20.9 94.11 0 4.071
1640676660 20.92 94.12 0 4.071
1640676720 20.92 94.1 0 4.071
1640676780 20.83 94.11 0 4.071
1640676840 20.86 94.08 0 4.071
1640676900 20.86 94.09 0 4.071
1640676960 20.85 94.05 0 4.071
1640677020 20.83 94.03 0 4.071
1640677080 20.86 94.03 0 4.071
1640677140 20.83 94.01 0 4.071
1640677200 20.79 93.98 0 4.071
1640677260 20.81 93.93 0 4.071
1640677320 20.78 93.91 0 4.071
1640677380 20.77 93.89 0 4.071
1640677440 20.82 93.86 0 4.071
1640677500 20.83 93.83 0 4.071
1640677560 20.82 93.77 0 4.071
1640677620 20.83 93.8 0 4.071
1640677680 20.82 93.77 0 4.071
1640677740 20.82 93.74 0 4.071
1640677800 20.79 93.76 0 4.071
1640677860 20.77 93.74 0 4.071
1640677920 20.78 93.73 0 4.071
1640677980 20.78 93.7 0 4.071
1640678040 20.75 93.69 0 4.065
1640678100 20.74 93.68 0 4.065
1640678160 20.71 93.69 0 4.065
1640678220 20.69 93.67 0 4.071
1640678280 20.68 93.68 0 4.071
1640678340 20.59 93.65 0 4.071
1640678400 20.56 93.62 0 4.071
1640678460 20.62 93.6 0 4.071
1640678520 20.67 93.58 0 4.071
1640678580 20.71 93.51 0 4.071
1640678640 20.78 93.54 0 4.071
1640678700 20.81 93.47 0 4.071
1640678760 20.83 93.45 0 4.071
1640678820 20.86 93.41 0 4.071
1640678880 20.83 93.38 0 4.071
1640678940 20.85 93.35 0 4.071
1640679000 20.85 93.3 0 4.071
1640679060 20.86 93.26 0 4.071
1640679120 20.88 93.22 0 4.071
1640679180 20.86 93.23 0 4.071
1640679240 20.88 93.18 0 4.071
1640679300 20.89 93.19 0 4.071
1640679360 20.85 93.17 0 4.065
1640679420 20.86 93.16 0 4.065
1640679480 20.81 93.14 0 4.071
1640679540 20.82 93.11 0 4.065
1640679600 20.78 93.08 0 4.071
1640679660 20.79 93.05 0 4.071
1640679720 20.75 93.09 0 4.071
1640679780 20.72 93.11 0 4.071
1640679840 20.65 93.06 0 4.071
1640679900 20.67 93.09 0 4.071
1640679960 20.62 93.04 0 4.071
1640680020 20.61 93.02 0 4.071
1640680080 20.72 93.09 0 4.071
1640680140 20.72 93.08 0 4.071
1640680200 20.71 93.07 0 4.071
1640680260 20.69 93.09 0 4.071
1640680320 20.67 93.09 0 4.071
1640680380 20.65 93.09 0 4.071
1640680440 20.61 93.09 0 4.071
1640680500 20.61 93.09 0 4.071
1640680560 20.59 93.14 0 4.071
1640680620 20.56 93.12 0 4.071
1640680680 20.56 93.12 0 4.065
1640680740 20.62 93.14 0 4.071
1640680800 20.52 93.11 0 4.071
1640680860 20.56 93.19 0 4.071
1640680920 20.56 93.14 0 4.065
1640680980 20.56 93.12 0 4.065
1640681040 20.56 93.14 0 4.071
1640681100 20.62 93.16 0 4.071
1640681160 20.58 93.17 0 4.071
1640681220 20.51 93.2 0 4.065
1640681280 20.54 93.23 0 4.065
1640681340 20.51 93.26 0 4.071
1640681400 20.52 93.3 0 4.065
1640681460 20.54 93.35 0 4.065
1640681520 20.49 93.35 0 4.071
1640681580 20.47 93.41 0 4.071
1640681640 20.47 93.41 0 4.065
1640681700 20.45 93.44 0 4.065
1640681760 20.49 93.48 0 4.065
1640681820 20.47 93.52 0 4.065
1640681880 20.49 93.55 0 4.065
1640681940 20.48 93.58 0 4.065
1640682000 20.47 93.6 0 4.071
1640682060 20.44 93.61 0 4.065
1640682120 20.48 93.67 0 4.065
1640682180 20.44 93.71 0 4.065
1640682240 20.45 93.78 0 4.065
1640682300 20.44 93.81 0 4.071
1640682360 20.42 93.85 0 4.065
1640682420 20.41 93.87 0 4.071
1640682480 20.41 93.89 0 4.065
1640682540 20.39 93.95 0 4.065
1640682600 20.34 93.98 0 4.065
1640682660 20.35 94.03 0 4.065
1640682720 20.35 94.11 0 4.071
1640682780 20.37 94.1 0 4.065
1640682840 20.31 94.1 0 4.065
1640682900 20.34 94.2 0 4.071
1640682960 20.31 94.2 0 4.065
1640683020 20.28 94.24 0 4.065
1640683080 20.26 94.29 0 4.065
1640683140 20.24 94.29 0 4.071
1640683200 20.2 94.33 0 4.065
1640683260 20.27 94.34 0 4.065
1640683320 20.27 94.41 0 4.065
1640683380 20.27 94.46 0 4.065
1640683440 20.23 94.46 0 4.065
1640683500 20.21 94.49 0 4.065
1640683560 20.18 94.5 0 4.065
1640683620 20.18 94.54 0 4.065
1640683680 20.16 94.57 0 4.065
1640683740 20.2 94.57 0 4.065
1640683800 20.23 94.63 0 4.071
1640683860 20.21 94.6 0 4.065
1640683920 20.16 94.64 0 4.071
1640683980 20.16 94.67 0 4.071
1640684040 20.16 94.67 0 4.065
1640684100 20.13 94.66 0 4.065
1640684160 20.1 94.74 0 4.065
1640684220 20.16 94.74 0 4.065
1640684280 20.13 94.77 0 4.065
1640684340 20.11 94.76 0 4.065
1640684400 20.13 94.76 0 4.071
1640684460 20.14 94.81 0 4.065
1640684520 20.14 94.81 0 4.065
1640684580 20.11 94.86 0 4.065
1640684640 20.03 94.8 0 4.065
1640684700 20.08 94.8 0 4.071
1640684760 20.23 94.78 0 4.065
1640684820 20.27 94.79 0 4.065
1640684880 20.27 94.78 0 4.065
1640684940 20.3 94.76 0 4.065
1640685000 20.31 94.7 0 4.065
1640685060 20.28 94.71 0 4.065
1640685120 20.27 94.67 0 4.065
1640685180 20.31 94.65 0 4.065
1640685240 20.31 94.64 0 4.065
1640685300 20.35 94.62 0 4.065
1640685360 20.34 94.56 0 4.065
1640685420 20.35 94.51 0 4.065
1640685480 20.35 94.52 0 4.065
1640685540 20.31 94.48 0 4.065
1640685600 20.34 94.44 0 4.065
1640685660 20.3 94.41 0 4.065
1640685720 20.32 94.37 0 4.065
1640685780 20.31 94.34 0 4.071
1640685840 20.32 94.28 0 4.065
1640685900 20.35 94.25 0 4.065
1640685960 20.37 94.15 0 4.065
1640686020 20.37 94.1 0 4.065
1640686080 20.42 94.04 0 4.065
1640686140 20.45 93.98 0 4.065
1640686200 20.47 93.85 0 4.065
1640686260 20.51 93.84 0 4.065
1640686320 20.48 93.71 0 4.065
1640686380 20.54 93.66 0 4.065
1640686440 20.54 93.62 0 4.065
1640686500 20.56 93.56 0 4.065
1640686560 20.58 93.47 0 4.065
1640686620 20.55 93.42 0 4.065
1640686680 20.55 93.36 0 4.065
1640686740 20.55 93.34 0 4.065
1640686800 20.54 93.23 0 4.065
1640686860 20.55 93.22 0 4.065
1640686920 20.55 93.2 0 4.065
1640686980 20.56 93.11 0 4.065
1640687040 20.55 93.1 0 4.065
1640687100 20.56 93.06 0 4.065
1640687160 20.58 93.05 0 4.065
1640687220 20.56 92.99 0 4.065
1640687280 20.59 92.97 0 4.065
1640687340 20.59 92.93 0 4.065
1640687400 20.56 92.9 0 4.065
1640687460 20.55 92.85 0 4.065
1640687520 20.54 92.85 0 4.065
1640687580 20.55 92.83 0 4.065
1640687640 20.55 92.77 0 4.065
1640687700 20.55 92.79 0 4.065
1640687760 20.55 92.77 0 4.065
1640687820 20.51 92.77 0 4.065
1640687880 20.51 92.73 0 4.065
1640687940 20.51 92.71 0 4.065
1640688000 20.48 92.7 0 4.065
1640688060 20.47 92.68 0 4.065
1640688120 20.39 92.67 0 4.065
1640688180 20.42 92.68 0 4.065
1640688240 20.42 92.69 0 4.065
1640688300 20.39 92.69 0 4.065
1640688360 20.41 92.71 0 4.065
1640688420 20.42 92.7 0 4.065
1640688480 20.39 92.75 0 4.06
1640688540 20.38 92.75 0 4.065
1640688600 20.34 92.76 0 4.065
1640688660 20.31 92.79 0 4.065
1640688720 20.24 92.84 0 4.065
1640688780 20.18 92.84 0 4.065
1640688840 20.18 92.89 0 4.065
1640688900 20.14 92.88 0 4.065
1640688960 20.14 92.91 0 4.065
1640689020 20.16 92.94 0 4.065
1640689080 20.18 92.95 0 4.065
1640689140 20.14 93.02 0 4.065
1640689200 20.07 93.04 0 4.065
1640689260 20.04 93.05 0 4.065
1640689320 20.03 93.07 0 4.065
1640689380 20.01 93.12 0 4.065
1640689440 20.03 93.14 0 4.065
1640689500 20.04 93.18 0 4.065
1640689560 20.01 93.19 0 4.065
1640689620 20.04 93.27 0 4.065
1640689680 20.03 93.3 0 4.06
1640689740 19.96 93.31 0 4.065
1640689800 19.98 93.36 0 4.065
1640689860 20 93.39 0 4.065
1640689920 20.03 93.43 0 4.065
1640689980 20.08 93.43 0 4.065
1640690040 20.06 93.48 0 4.065
1640690100 20.07 93.47 0 4.065
1640690160 20.13 93.49 0 4.065
1640690220 20.13 93.53 0 4.065
1640690280 20.07 93.57 0 4.065
1640690340 20.07 93.58 0 4.065
1640690400 20.1 93.6 0 4.065
1640690460 20.04 93.66 0 4.065
1640690520 20.06 93.64 4 4.065
1640690580 20.08 93.65 4 4.065
1640690640 20.11 93.65 4 4.065
1640690700 20.07 93.66 4 4.06
1640690760 20.07 93.64 4 4.065
1640690820 20.06 93.65 4 4.06
1640690880 20.13 93.66 4 4.06
1640690940 20.16 93.67 4 4.065
1640691000 20.21 93.67 4 4.065
1640691060 20.21 93.64 10 4.065
1640691120 20.24 93.65 4 4.065
1640691180 20.23 93.64 4 4.065
1640691240 20.26 93.63 4 4.065
1640691300 20.24 93.61 10 4.065
1640691360 20.28 93.66 10 4.065
1640691420 20.28 93.62 10 4.065
1640691480 20.26 93.61 16 4.065
1640691540 20.26 93.59 10 4.065
1640691600 20.28 93.55 16 4.06
1640691660 20.37 93.52 16 4.065
1640691720 20.34 93.53 16 4.06
1640691780 20.38 93.51 22 4.065
1640691840 20.39 93.49 22 4.06
1640691900 20.44 93.51 22 4.06
1640691960 20.38 93.48 22 4.06
1640692020 20.39 93.47 22 4.065
1640692080 20.41 93.44 28 4.06
1640692140 20.37 93.43 28 4.06
1640692200 20.38 93.36 28 4.065
1640692260 20.42 93.37 28 4.065
1640692320 20.45 93.36 28 4.065
1640692380 20.48 93.35 28 4.06
1640692440 20.52 93.36 34 4.065
1640692500 20.49 93.36 34 4.065
1640692560 20.54 93.34 34 4.065
1640692620 20.55 93.31 34 4.06
1640692680 20.55 93.28 34 4.065
1640692740 20.56 93.32 40 4.065
1640692800 20.59 93.28 40 4.06
1640692860 20.58 93.3 46 4.065
1640692920 20.59 93.27 46 4.065
1640692980 20.64 93.27 46 4.065
1640693040 20.67 93.29 46 4.065
1640693100 20.67 93.26 52 4.06
1640693160 20.68 93.25 52 4.065
1640693220 20.71 93.23 52 4.06
1640693280 20.75 93.23 52 4.06
1640693340 20.72 93.22 58 4.065
1640693400 20.69 93.21 58 4.06
1640693460 20.78 93.14 52 4.06
1640693520 20.79 93.16 58 4.06
1640693580 20.88 93.1 58 4.06
1640693640 20.9 93.05 58 4.06
1640693700 20.99 93 58 4.065
1640693760 21 92.94 58 4.06
1640693820 21.03 92.87 58 4.06
1640693880 21.1 92.84 58 4.06
1640693940 21.12 92.76 58 4.065
1640694000 21.1 92.7 64 4.06
1640694060 21.18 92.65 64 4.06
1640694120 21.19 92.58 64 4.06
1640694180 21.25 92.49 64 4.06
1640694240 21.25 92.43 64 4.06
1640694300 21.3 92.35 64 4.06
1640694360 21.34 92.28 64 4.06
1640694420 21.36 92.21 70 4.065
1640694480 21.37 92.14 70 4.065
1640694540 21.39 92.08 70 4.065
1640694600 21.44 92.02 70 4.06
1640694660 21.52 91.93 70 4.06
1640694720 21.57 91.87 76 4.06
1640694780 21.57 91.78 76 4.06
1640694840 21.57 91.72 76 4.06
1640694900 21.6 91.64 76 4.06
1640694960 21.64 91.65 76 4.06
1640695020 21.67 91.55 76 4.06
1640695080 21.71 91.45 76 4.06
1640695140 21.79 91.39 76 4.065
1640695200 21.8 91.3 82 4.06
1640695260 21.85 91.25 82 4.06
1640695320 21.85 91.21 82 4.06
1640695380 21.87 91.06 82 4.06
1640695440 21.85 90.99 88 4.06
1640695500 21.91 90.89 88 4.06
1640695560 21.94 90.77 88 4.06
1640695620 22 90.68 88 4.065
1640695680 22.03 90.57 88 4.065
1640695740 22.08 90.51 94 4.065
1640695800 22.15 90.36 94 4.06
1640695860 22.14 90.26 88 4.065
1640695920 22.15 90.13 94 4.06
1640695980 22.21 89.99 94 4.065
1640696040 22.28 89.91 94 4.065
1640696100 22.32 89.77 100 4.065
1640696160 22.39 89.69 100 4.06
1640696220 22.45 89.61 100 4.065
1640696280 22.44 89.52 100 4.06
1640696340 22.45 89.42 100 4.06
1640696400 22.46 89.31 100 4.06
1640696460 22.54 89.18 106 4.06
1640696520 22.55 89.12 106 4.065
1640696580 22.55 89.03 106 4.065
1640696640 22.58 88.92 106 4.065
1640696700 22.56 88.83 106 4.06
1640696760 22.61 88.76 112 4.065
1640696820 22.65 88.68 112 4.06
1640696880 22.62 88.62 112 4.065
1640696940 22.62 88.52 112 4.065
1640697000 22.62 88.47 118 4.065
1640697060 22.65 88.37 118 4.065
1640697120 22.7 88.36 118 4.065
1640697180 22.7 88.24 124 4.065
1640697240 22.76 88.16 124 4.065
1640697300 22.69 88.13 124 4.065
1640697360 22.73 88.06 124 4.06
1640697420 22.7 88 131 4.065
1640697480 22.72 87.98 131 4.065
1640697540 22.7 87.91 131 4.065
1640697600 22.76 87.96 137 4.065
1640697660 22.8 87.98 137 4.065
1640697720 22.82 87.96 137 4.065
1640697780 22.82 87.94 143 4.065
1640697840 22.82 88.01 143 4.065
1640697900 22.9 88.04 143 4.065
1640697960 22.89 88.07 149 4.065
1640698020 22.92 88.07 149 4.065
1640698080 22.97 88.02 155 4.065
1640698140 22.9 87.98 155 4.065
1640698200 22.96 87.94 161 4.065
1640698260 23 87.86 161 4.071
1640698320 22.95 87.83 161 4.065
1640698380 22.93 87.78 167 4.065
1640698440 22.89 87.66 167 4.071
1640698500 22.92 87.6 173 4.065
1640698560 22.97 87.54 173 4.065
1640698620 23 87.45 173 4.065
1640698680 23.06 87.37 173 4.065
1640698740 23.09 87.27 179 4.065
1640698800 23.14 87.21 179 4.071
1640698860 23.26 87.11 179 4.065
1640698920 23.29 87.04 185 4.065
1640698980 23.31 86.88 185 4.071
1640699040 23.37 86.72 191 4.065
1640699100 23.5 86.59 197 4.071
1640699160 23.6 86.48 191 4.071
1640699220 23.59 86.32 197 4.065
1640699280 23.6 86.19 243 4.071
1640699340 23.61 86.08 227 4.071
1640699400 23.77 86.02 197 4.071
1640699460 23.84 85.88 191 4.071
1640699520 23.92 85.77 191 4.071
1640699580 23.91 85.57 197 4.071
1640699640 24.07 85.42 245 4.076
1640699700 24.14 85.27 262 4.071
1640699760 24.26 85.11 263 4.076
1640699820 24.36 85.05 221 4.071
1640699880 24.52 84.94 243 4.071
1640699940 24.51 84.7 239 4.076
1640700000 24.65 84.53 203 4.071
1640700060 24.66 84.4 191 4.071
1640700120 24.69 84.17 191 4.071
1640700180 24.72 83.99 185 4.071
1640700240 24.76 83.83 185 4.071
1640700300 24.72 83.71 203 4.071
1640700360 24.73 83.57 233 4.071
1640700420 24.75 83.41 209 4.071
1640700480 24.82 83.35 191 4.071
1640700540 24.87 83.16 173 4.071
1640700600 24.9 82.96 203 4.071
1640700660 25.02 82.86 203 4.071
1640700720 25.14 82.75 215 4.071
1640700780 25.17 82.65 215 4.071
1640700840 25.21 82.52 215 4.071
1640700900 25.13 82.34 197 4.071
1640700960 25.1 82.24 167 4.071
1640701020 25.13 82.2 173 4.071
1640701080 25.18 82.24 173 4.071
1640701140 25.2 82.22 173 4.071
1640701200 25.14 82.03 161 4.071
1640701260 25.1 81.83 179 4.071
1640701320 25.14 81.78 173 4.071
1640701380 25.18 81.71 173 4.071
1640701440 25.21 81.62 167 4.071
1640701500 25.18 81.5 173 4.065
1640701560 25.21 81.4 203 4.071
1640701620 25.26 81.26 227 4.071
1640701680 25.27 81.15 161 4.071
1640701740 25.42 81.02 149 4.071
1640701800 25.44 80.79 149 4.071
1640701860 25.47 80.61 143 4.071
1640701920 25.4 80.43 149 4.071
1640701980 25.51 80.28 167 4.071
1640702040 25.42 80.05 161 4.071
1640702100 25.31 79.79 143 4.071
1640702160 25.21 79.58 249 4.071
1640702220 25.28 79.48 322 4.065
1640702280 25.48 79.34 340 4.071
1640702340 25.58 79.22 292 4.071
1640702400 25.77 79.15 399 4.065
1640702460 25.88 79.08 465 4.065
1640702520 26.01 79.01 448 4.065
1640702580 26.19 78.81 454 4.065
1640702640 26.44 78.52 424 4.071
1640702700 26.62 78.26 388 4.071
1640702760 26.6 77.99 370 4.071
1640702820 26.63 77.7 268 4.065
1640702880 26.64 77.54 262 4.071
1640702940 26.59 77.24 298 4.071
1640703000 26.63 76.99 274 4.071
1640703060 26.57 76.73 334 4.071
1640703120 26.38 76.63 310 4.065
1640703180 26.26 76.43 412 4.065
1640703240 26.25 76.24 430 4.071
1640703300 26.29 76.04 316 4.065
1640703360 26.32 75.77 219 4.065
1640703420 26.47 75.66 167 4.065
1640703480 26.5 75.39 155 4.065
1640703540 26.38 75.23 143 4.071
1640703600 26.21 75.09 173 4.065
1640703660 26.21 75.01 352 4.065
1640703720 26.35 75.01 418 4.071
1640703780 26.46 74.88 274 4.065
1640703840 26.59 74.72 298 4.071
1640703900 26.64 74.52 501 4.065
1640703960 26.82 74.43 656 4.071
1640704020 26.64 74.24 676 4.065
1640704080 26.54 74.22 644 4.071
1640704140 26.72 74.16 722 4.065
1640704200 26.8 73.95 507 4.065
1640704260 26.83 73.73 412 4.071
1640704320 26.8 73.53 310 4.065
1640704380 26.82 73.29 274 4.071
1640704440 26.86 73.13 292 4.071
1640704500 27.07 72.9 388 4.065
1640704560 27.21 72.67 334 4.071
1640704620 27.25 72.5 239 4.065
1640704680 27.24 72.24 221 4.065
1640704740 27.3 72.03 155 4.065
1640704800 27.25 71.79 149 4.065
1640704860 27.31 71.6 185 4.065
1640704920 27.4 71.45 185 4.065
1640704980 27.49 71.4 203 4.071
1640705040 27.45 71.19 471 4.065
1640705100 27.31 70.92 728 4.065
1640705160 27.2 70.73 811 4.065
1640705220 27.18 70.58 694 4.065
1640705280 27.25 70.47 346 4.065
1640705340 27.3 70.44 591 4.065
1640705400 27.33 70.29 783 4.065
1640705460 27.35 70.07 914 4.065
1640705520 27.48 69.94 861 4.065
1640705580 27.64 69.85 789 4.065
1640705640 27.79 69.79 889 4.071
1640705700 27.94 69.61 914 4.071
1640705760 27.92 69.44 889 4.065
1640705820 27.92 69.22 752 4.071
1640705880 28.15 69.04 561 4.071
1640705940 27.96 68.8 334 4.071
1640706000 27.73 68.73 243 4.065
1640706060 27.55 68.61 328 4.065
1640706120 27.44 68.53 483 4.065
1640706180 27.54 68.42 477 4.065
1640706240 27.72 68.36 358 4.065
1640706300 27.98 68.34 201 4.071
1640706360 28.13 68.38 340 4.071
1640706420 28.2 68.2 185 4.071
1640706480 28.3 68.07 203 4.065
1640706540 28.45 68.09 179 4.071
1640706600 28.61 68.06 179 4.071
1640706660 28.49 67.9 256 4.071
1640706720 28.43 67.74 219 4.065
1640706780 28.67 67.63 201 4.071
1640706840 28.59 67.54 173 4.065
1640706900 28.45 67.45 161 4.065
1640706960 28.46 67.43 167 4.065
1640707020 28.45 67.28 201 4.071
1640707080 28.54 67.18 173 4.065
1640707140 28.59 67.09 161 4.065
1640707200 28.47 67.12 161 4.071
1640707260 28.47 67.13 173 4.071
1640707320 28.5 67.17 191 4.071
1640707380 28.37 67.07 227 4.071
1640707440 28.27 66.91 256 4.071
1640707500 28.43 66.96 256 4.071
1640707560 28.35 66.82 694 4.071
1640707620 28.24 66.73 885 4.071
1640707680 28.3 66.64 903 4.071
1640707740 28.36 66.57 819 4.071
1640707800 28.43 66.48 688 4.071
1640707860 28.53 66.39 328 4.071
1640707920 28.66 66.3 243 4.071
1640707980 28.8 66.28 340 4.071
1640708040 29.05 66.27 483 4.071
1640708100 28.97 66.17 771 4.071
1640708160 29.02 66.07 957 4.071
1640708220 29.14 65.97 921 4.071
1640708280 29.35 65.93 706 4.071
1640708340 29.22 65.76 495 4.071
1640708400 29.32 65.68 346 4.071
1640708460 29.34 65.57 334 4.076
1640708520 29.26 65.33 334 4.076
1640708580 29.34 65.18 287 4.071
1640708640 29.38 64.95 256 4.071
1640708700 29.56 64.81 249 4.071
1640708760 29.52 64.63 328 4.071
1640708820 29.2 64.37 322 4.071
1640708880 29.25 64.27 472 4.071
1640708940 29.22 64.15 780 4.076
1640709000 29.22 64.04 701 4.082
1640709060 29.48 63.98 1014 4.087
1640709120 29.44 63.93 706 4.082
1640709180 29.55 63.75 805 4.087
1640709240 29.52 63.58 420 4.082
1640709300 29.39 63.41 484 4.082
1640709360 29.55 63.3 599 4.082
1640709420 29.71 63.12 828 4.082
1640709480 29.58 62.83 1170 4.082
1640709540 29.59 62.6 1216 4.098
1640709600 29.44 62.35 1209 4.071
1640709660 29.55 62.16 1052 4.076
1640709720 29.77 61.96 932 4.092
1640709780 29.65 61.74 1161 4.071
1640709840 29.83 61.64 1264 4.098
1640709900 30.38 61.5 1254 4.098
1640709960 30.88 61.39 1200 4.098
1640710020 31.04 60.96 1198 4.076
1640710080 31.07 60.56 1090 4.082
1640710140 31.32 60.22 789 4.098
1640710200 31.48 59.93 1132 4.103
1640710260 31.48 59.51 1281 4.082
1640710320 31.25 59.14 1305 4.082
1640710380 31.05 58.78 1323 4.076
1640710440 31.02 58.58 1257 4.076
1640710500 31.15 58.27 1103 4.076
1640710560 30.97 58.04 1133 4.076
1640710620 31.35 57.88 1266 4.082
1640710680 31.45 57.79 959 4.076
1640710740 31.97 57.69 1008 4.103
1640710800 32.49 57.33 995 4.103
1640710860 32.81 57.02 734 4.098
1640710920 32.63 56.76 855 4.103
1640710980 31.93 56.49 1115 4.082
1640711040 31.83 56.38 855 4.098
1640711100 31.8 56.33 546 4.092
1640711160 31.49 56.37 468 4.092
1640711220 31.28 56.46 450 4.092
1640711280 30.97 56.6 353 4.092
1640711340 30.63 56.76 475 4.092
1640711400 30.33 56.97 540 4.092
1640711460 30.31 57.21 754 4.098
1640711520 30.36 57.57 713 4.076
1640711580 30.44 57.86 311 4.087
1640711640 30.66 58.15 263 4.082
1640711700 30.57 58.38 816 4.076
1640711760 30.3 58.5 299 4.087
1640711820 30.27 58.64 1049 4.082
1640711880 30.27 58.8 911 4.076
1640711940 30.13 58.9 1036 4.076
1640712000 29.98 58.98 1126 4.076
1640712060 30.07 59.14 1072 4.082
1640712120 30.4 59.32 1042 4.082
1640712180 30.23 59.33 1082 4.114
1640712240 30.3 59.48 1097 4.082
1640712300 30.37 59.55 1099 4.103
1640712360 30.73 59.7 1105 4.108
1640712420 30.95 59.71 1111 4.108
1640712480 30.82 59.71 1117 4.108
1640712540 30.94 59.67 209 4.087
1640712600 30.67 59.63 161 4.087
1640712660 30.5 59.62 185 4.087
1640712720 30.33 59.64 1079 4.082
1640712780 30.43 59.85 1055 4.082
1640712840 30.5 59.96 1097 4.082
1640712900 30.61 60.07 1115 4.082
1640712960 30.57 59.96 1127 4.082
1640713020 30.51 59.76 1120 4.076
1640713080 30.81 59.59 731 4.082
1640713140 30.77 59.34 626 4.103
1640713200 30.78 59.12 365 4.092
1640713260 30.51 58.89 698 4.098
1640713320 30.5 58.83 396 4.092
1640713380 30.79 58.78 299 4.087
1640713440 30.82 58.69 281 4.087
1640713500 30.4 58.6 287 4.092
1640713560 30.31 58.6 335 4.092
1640713620 30.16 58.53 474 4.098
1640713680 30.07 58.55 1182 4.082
1640713740 30.24 58.62 1170 4.082
1640713800 30.37 58.74 1170 4.082
1640713860 30.73 58.96 1182 4.082
1640713920 30.84 58.79 1127 4.082
1640713980 30.91 58.85 512 4.098
1640714040 30.78 58.88 638 4.098
1640714100 30.94 58.98 1013 4.082
1640714160 31.01 58.99 899 4.103
1640714220 31.08 58.99 221 4.087
1640714280 30.91 59.01 179 4.087
1640714340 30.58 58.95 155 4.082
1640714400 30.33 59.09 149 4.087
1640714460 30.07 59.27 143 4.082
1640714520 29.76 59.43 155 4.087
1640714580 29.45 59.85 155 4.082
1640714640 29.26 60.08 167 4.087
1640714700 29.18 60.46 179 4.082
1640714760 28.98 60.84 185 4.087
1640714820 28.81 61.14 197 4.087
1640714880 28.66 61.52 257 4.087
1640714940 28.53 61.76 233 4.087
1640715000 28.56 62 221 4.087
1640715060 28.51 62.28 221 4.087
1640715120 28.47 62.75 221 4.087
1640715180 28.45 63.1 221 4.087
1640715240 28.36 63.43 293 4.087
1640715300 28.3 63.79 1097 4.082
1640715360 28.46 64.05 1127 4.082
1640715420 28.73 64.4 1133 4.082
1640715480 28.96 64.59 1078 4.082
1640715540 29.34 64.62 1164 4.082
1640715600 29.51 64.61 1115 4.082
1640715660 29.79 64.58 891 4.098
1640715720 29.99 64.5 203 4.087
1640715780 30.19 64.37 185 4.087
1640715840 30.07 64.2 179 4.087
1640715900 29.83 64.08 185 4.087
1640715960 29.59 63.91 323 4.087
1640716020 29.44 63.8 1121 4.082
1640716080 29.49 63.8 576 4.092
1640716140 29.59 63.73 983 4.082
1640716200 29.63 63.64 1085 4.076
1640716260 30.06 63.78 1055 4.082
1640716320 30.31 63.65 1061 4.082
1640716380 30.57 63.62 1073 4.082
1640716440 30.58 63.4 1109 4.103
1640716500 30.87 63.19 1079 4.082
1640716560 30.98 62.99 1085 4.082
1640716620 30.95 62.8 1078 4.098
1640716680 30.78 62.63 1073 4.082
1640716740 31.15 62.56 1079 4.082
1640716800 31.41 62.23 1087 4.082
1640716860 31.65 61.97 1087 4.087
1640716920 31.83 61.82 1063 4.082
1640716980 31.86 61.46 1072 4.098
1640717040 31.73 61.1 1066 4.103
1640717100 31.45 60.84 1048 4.098
1640717160 31.19 60.69 1019 4.087
1640717220 31.17 60.57 396 4.092
1640717280 30.95 60.44 1025 4.087
1640717340 30.94 60.37 1025 4.082
1640717400 30.81 60.18 1007 4.082
1640717460 30.71 60.09 993 4.082
1640717520 30.97 60.11 1007 4.082
1640717580 31.08 60.01 1001 4.082
1640717640 30.89 59.92 1001 4.082
1640717700 31.24 60.05 805 4.098
1640717760 31.45 60.01 1007 4.082
1640717820 31.43 60 915 4.098
1640717880 31.35 59.83 935 4.087
1640717940 31.48 59.82 995 4.082
1640718000 31.39 59.67 1001 4.087
1640718060 31.58 59.6 995 4.082
1640718120 31.53 59.47 630 4.092
1640718180 31.26 59.37 143 4.087
1640718240 31.15 59.3 112 4.087
1640718300 30.97 59.28 100 4.087
1640718360 30.67 59.28 112 4.087
1640718420 30.63 59.43 124 4.082
1640718480 30.44 59.4 161 4.082
1640718540 30.27 59.51 191 4.082
1640718600 29.92 59.63 173 4.087
1640718660 29.69 59.77 203 4.087
1640718720 29.52 59.92 287 4.092
1640718780 29.35 60.19 995 4.082
1640718840 29.32 60.37 989 4.082
1640718900 29.25 60.6 995 4.082
1640718960 29.58 60.83 191 4.087
1640719020 29.72 61.01 179 4.087
1640719080 29.77 61.11 179 4.087
1640719140 29.66 61.24 203 4.087
1640719200 29.61 61.34 341 4.087
1640719260 29.45 61.48 959 4.082
1640719320 29.38 61.69 215 4.087
1640719380 29.65 61.84 179 4.087
1640719440 29.55 61.94 185 4.087
1640719500 29.47 62.05 179 4.087
1640719560 29.55 62.17 179 4.087
1640719620 29.61 62.32 179 4.087
1640719680 29.15 62.36 281 4.092
1640719740 28.97 62.56 588 4.092
1640719800 28.9 62.69 233 4.092
1640719860 28.93 62.91 221 4.092
1640719920 28.75 63.1 215 4.087
1640719980 28.6 63.28 209 4.087
1640720040 28.51 63.37 215 4.092
1640720100 28.47 63.56 215 4.087
1640720160 28.49 63.7 179 4.092
1640720220 28.56 63.92 161 4.092
1640720280 28.56 64.14 149 4.087
1640720340 28.47 64.37 143 4.087
1640720400 28.35 64.6 149 4.087
1640720460 28.22 64.74 149 4.087
1640720520 28.16 64.99 173 4.087
1640720580 28.15 65.05 197 4.092
1640720640 28.16 65.17 402 4.092
1640720700 28.24 65.41 889 4.092
1640720760 28.42 65.53 879 4.092
1640720820 28.49 65.64 889 4.092
1640720880 28.81 65.72 908 4.092
1640720940 29.24 65.84 191 4.092
1640721000 29.47 65.8 161 4.087
1640721060 29.52 65.63 137 4.087
1640721120 29.36 65.51 124 4.087
1640721180 29.17 65.41 106 4.092
1640721240 28.78 65.23 124 4.087
1640721300 28.49 65.23 124 4.087
1640721360 28.29 65.34 118 4.087
1640721420 28.22 65.42 149 4.087
1640721480 28.12 65.4 798 4.092
1640721540 28.12 65.48 749 4.087
1640721600 28.08 65.62 719 4.087
1640721660 28.1 65.76 719 4.087
1640721720 28.4 65.87 737 4.087
1640721780 28.5 66 757 4.092
1640721840 28.7 66.1 757 4.087
1640721900 28.82 66.16 761 4.092
1640721960 28.82 66.13 137 4.092
1640722020 29.15 66.17 161 4.087
1640722080 29.25 66.11 775 4.092
1640722140 29.17 66.09 775 4.087
1640722200 29.17 66.05 768 4.092
1640722260 29.41 66 769 4.092
1640722320 29.69 65.87 763 4.092
1640722380 29.73 65.67 749 4.087
1640722440 29.65 65.56 727 4.087
1640722500 29.71 65.36 709 4.092
1640722560 30.05 65.32 707 4.087
1640722620 30.3 65.11 707 4.087
1640722680 30.53 64.88 701 4.092
1640722740 30.51 64.58 697 4.092
1640722800 30.67 64.4 691 4.087
1640722860 30.81 64.07 689 4.087
1640722920 30.54 63.81 689 4.087
1640722980 30.28 63.64 691 4.087
1640723040 29.99 63.4 683 4.087
1640723100 29.96 63.25 679 4.087
1640723160 29.71 63.02 673 4.087
1640723220 29.62 62.95 673 4.092
1640723280 29.49 62.83 655 4.087
1640723340 29.31 62.83 649 4.087
1640723400 29.32 62.89 636 4.087
1640723460 29.28 62.9 636 4.087
1640723520 29.2 62.9 624 4.087
1640723580 29.02 62.91 498 4.087
1640723640 29.2 62.99 612 4.087
1640723700 29.11 62.92 396 4.087
1640723760 29.18 62.93 612 4.087
1640723820 29.38 62.91 606 4.092
1640723880 29.24 62.81 599 4.087
1640723940 29.04 62.83 600 4.087
1640724000 29.1 62.85 593 4.087
1640724060 29.36 62.84 582 4.087
1640724120 29.24 62.84 582 4.087
1640724180 29.42 62.83 564 4.087
1640724240 29.31 62.82 558 4.087
1640724300 29.44 62.83 173 4.087
1640724360 29.26 62.84 76 4.087
1640724420 29.25 62.86 76 4.087
1640724480 29.04 62.91 245 4.087
1640724540 28.86 62.97 191 4.087
1640724600 28.82 63.14 106 4.087
1640724660 28.54 63.24 82 4.082
1640724720 28.5 63.4 106 4.087
1640724780 28.27 63.57 112 4.087
1640724840 28.1 63.73 106 4.087
1640724900 28.02 63.82 100 4.087
1640724960 28.03 64.02 118 4.087
1640725020 28.02 64.17 118 4.087
1640725080 27.95 64.31 112 4.087
1640725140 27.94 64.42 106 4.087
1640725200 27.99 64.52 112 4.087
1640725260 28 64.6 112 4.087
1640725320 27.98 64.7 118 4.087
1640725380 28 64.9 118 4.082
1640725440 27.99 64.97 124 4.087
1640725500 27.94 65.13 124 4.087
1640725560 27.94 65.26 124 4.087
1640725620 27.92 65.37 106 4.087
1640725680 27.89 65.47 94 4.087
1640725740 27.84 65.52 94 4.087
1640725800 27.78 65.67 88 4.082
1640725860 27.76 65.8 88 4.082
1640725920 27.72 65.9 82 4.082
1640725980 27.68 65.99 76 4.087
1640726040 27.68 66.09 76 4.087
1640726100 27.64 66.25 52 4.087
1640726160 27.61 66.42 46 4.087
1640726220 27.56 66.58 64 4.087
1640726280 27.55 66.69 76 4.087
1640726340 27.51 66.82 76 4.087
1640726400 27.47 66.94 76 4.087
1640726460 27.45 67.06 82 4.087
1640726520 27.45 67.2 88 4.087
1640726580 27.4 67.3 94 4.087
1640726640 27.35 67.43 100 4.087
1640726700 27.35 67.55 94 4.082
1640726760 27.37 67.74 94 4.087
1640726820 27.41 67.9 100 4.087
1640726880 27.47 68.05 88 4.087
1640726940 27.52 68.13 88 4.087
1640727000 27.52 68.26 76 4.082
1640727060 27.51 68.24 76 4.082
1640727120 27.51 68.34 82 4.087
1640727180 27.47 68.4 88 4.087
1640727240 27.49 68.48 94 4.087
1640727300 27.49 68.58 100 4.087
1640727360 27.49 68.69 100 4.087
1640727420 27.38 68.75 100 4.087
1640727480 27.37 68.77 100 4.087
1640727540 27.37 68.77 106 4.087
1640727600 27.35 68.8 106 4.082
1640727660 27.37 68.81 106 4.087
1640727720 27.33 68.79 106 4.087
1640727780 27.3 68.83 112 4.082
1640727840 27.28 68.89 118 4.082
1640727900 27.3 69 118 4.087
1640727960 27.33 69.02 112 4.087
1640728020 27.38 69.07 100 4.087
1640728080 27.4 69.11 94 4.087
1640728140 27.38 69.13 88 4.087
1640728200 27.25 69.18 88 4.082
1640728260 27.24 69.22 82 4.087
1640728320 27.27 69.3 76 4.087
1640728380 27.25 69.36 76 4.082
1640728440 27.18 69.45 82 4.082
1640728500 27.18 69.48 88 4.082
1640728560 27.14 69.53 88 4.087
1640728620 27.08 69.61 88 4.082
1640728680 27.07 69.68 82 4.082
1640728740 27.01 69.8 88 4.082
1640728800 27.01 69.84 82 4.082
1640728860 26.98 69.94 88 4.082
1640728920 26.94 69.99 88 4.082
1640728980 26.93 70.04 82 4.082
1640729040 26.93 70.09 70 4.087
1640729100 26.91 70.17 70 4.087
1640729160 26.86 70.22 64 4.087
1640729220 26.84 70.31 64 4.087
1640729280 26.8 70.41 70 4.082
1640729340 26.79 70.54 70 4.082
1640729400 26.76 70.65 70 4.087
1640729460 26.73 70.72 64 4.087
1640729520 26.69 70.72 58 4.082
1640729580 26.69 70.83 58 4.087
1640729640 26.69 70.92 52 4.082
1640729700 26.67 70.89 52 4.087
1640729760 26.62 70.99 52 4.087
1640729820 26.62 70.98 46 4.082
1640729880 26.62 70.98 46 4.082
1640729940 26.6 71.03 46 4.082
1640730000 26.56 71.02 40 4.082
1640730060 26.57 71.05 40 4.087
1640730120 26.54 71.13 46 4.082
1640730180 26.53 71.15 46 4.087
1640730240 26.52 71.22 46 4.082
1640730300 26.47 71.24 46 4.082
1640730360 26.42 71.36 40 4.087
1640730420 26.39 71.45 46 4.082
1640730480 26.36 71.57 40 4.087
1640730540 26.38 71.64 40 4.082
1640730600 26.32 71.7 40 4.082
1640730660 26.29 71.8 40 4.082
1640730720 26.25 71.85 40 4.082
1640730780 26.28 71.95 34 4.082
1640730840 26.25 72.08 34 4.082
1640730900 26.22 72.16 34 4.082
1640730960 26.22 72.22 34 4.082
1640731020 26.19 72.32 34 4.082
1640731080 26.19 72.47 34 4.082
1640731140 26.15 72.54 28 4.082
1640731200 26.09 72.64 28 4.082
1640731260 26.09 72.72 28 4.082
1640731320 26.06 72.82 28 4.082
1640731380 26.08 72.88 28 4.082
1640731440 26.03 73.01 28 4.082
1640731500 26.05 73.12 22 4.082
1640731560 26.03 73.28 22 4.082
1640731620 26.05 73.43 22 4.082
1640731680 26.01 73.55 22 4.082
1640731740 25.96 73.64 22 4.082
1640731800 25.95 73.71 22 4.082
1640731860 25.92 73.8 22 4.082
1640731920 25.91 73.83 16 4.082
1640731980 25.91 73.9 16 4.087
1640732040 25.87 73.9 16 4.082
1640732100 25.81 74.01 10 4.082
1640732160 25.79 74.05 10 4.082
1640732220 25.77 74.11 4 4.082
1640732280 25.74 74.2 4 4.082
1640732340 25.68 74.24 4 4.082
1640732400 25.69 74.34 4 4.082
1640732460 25.67 74.46 4 4.082
1640732520 25.63 74.53 0 4.082
1640732580 25.6 74.57 0 4.087
1640732640 25.6 74.67 0 4.082
1640732700 25.57 74.81 0 4.082
1640732760 25.54 74.89 0 4.082
1640732820 25.51 74.98 0 4.082
1640732880 25.51 75.07 0 4.082
1640732940 25.47 75.2 0 4.087
1640733000 25.44 75.31 0 4.076
1640733060 25.42 75.45 0 4.082
1640733120 25.41 75.58 0 4.082
1640733180 25.38 75.68 0 4.076
1640733240 25.34 75.79 0 4.082
1640733300 25.34 75.87 0 4.076
1640733360 25.34 75.99 0 4.082
1640733420 25.34 76.1 0 4.082
1640733480 25.31 76.19 0 4.082
1640733540 25.26 76.31 0 4.082
1640733600 25.26 76.45 0 4.082
1640733660 25.21 76.57 0 4.082
1640733720 25.2 76.68 0 4.082
1640733780 25.18 76.81 0 4.082
1640733840 25.13 76.84 0 4.082
1640733900 25.16 76.91 0 4.082
1640733960 25.13 77.03 0 4.082
1640734020 25.14 77.1 0 4.082
1640734080 25.14 77.22 0 4.082
1640734140 25.14 77.3 0 4.082
1640734200 25.1 77.35 0 4.082
1640734260 25.12 77.43 0 4.082
1640734320 25.1 77.52 0 4.082
1640734380 25.1 77.63 0 4.082
1640734440 25.12 77.65 0 4.082
1640734500 25.12 77.69 0 4.082
1640734560 25.14 77.75 0 4.082
1640734620 25.12 77.73 0 4.082
1640734680 25.14 77.79 0 4.082
1640734740 25.13 77.81 0 4.082
1640734800 25.14 77.84 0 4.082
1640734860 25.16 77.87 0 4.082
1640734920 25.18 77.93 0 4.082
1640734980 25.16 77.95 0 4.082
1640735040 25.13 78.06 0 4.082
1640735100 25.14 78.1 0 4.082
1640735160 25.13 78.19 0 4.082
1640735220 25.13 78.24 0 4.082
1640735280 25.13 78.31 0 4.082
1640735340 25.12 78.37 0 4.082
1640735400 25.14 78.45 0 4.082
1640735460 25.1 78.47 0 4.082
1640735520 25.13 78.56 0 4.082
1640735580 25.12 78.66 0 4.082
1640735640 25.09 78.74 0 4.082
1640735700 25.06 78.81 0 4.082
1640735760 25.07 78.93 0 4.082
1640735820 25.06 78.99 0 4.082
1640735880 25.04 79.12 0 4.076
1640735940 25.02 79.18 0 4.082
1640736000 25.02 79.26 0 4.082
1640736060 25.02 79.36 0 4.082
1640736120 24.96 79.42 0 4.082
1640736180 25 79.52 0 4.076
1640736240 24.98 79.63 0 4.082
1640736300 24.91 79.63 0 4.082
1640736360 24.93 79.73 0 4.082
1640736420 24.93 79.81 0 4.082
1640736480 24.89 79.88 0 4.082
1640736540 24.91 79.92 0 4.082
1640736600 24.87 80 0 4.076
1640736660 24.89 80.03 0 4.076
1640736720 24.89 80.1 0 4.082
1640736780 24.89 80.13 0 4.082
1640736840 24.89 80.16 0 4.082
1640736900 24.87 80.17 0 4.082
1640736960 24.89 80.25 0 4.082
1640737020 24.85 80.24 0 4.082
1640737080 24.86 80.21 0 4.082
1640737140 24.89 80.27 0 4.076
1640737200 24.87 80.22 0 4.082
1640737260 24.87 80.21 0 4.076
1640737320 24.87 80.24 0 4.076
1640737380 24.89 80.24 0 4.082
1640737440 24.86 80.21 0 4.082
1640737500 24.85 80.22 0 4.076
1640737560 24.86 80.14 0 4.076
1640737620 24.89 80.12 0 4.076
1640737680 24.86 80.07 0 4.076
1640737740 24.86 80.06 0 4.082
1640737800 24.85 80.02 0 4.076
1640737860 24.85 80.01 0 4.076
1640737920 24.85 80.06 0 4.082
1640737980 24.86 80.05 0 4.082
1640738040 24.85 80.04 0 4.082
1640738100 24.83 80.08 0 4.082
1640738160 24.8 80.07 0 4.082
1640738220 24.85 80.12 0 4.082
1640738280 24.82 80.11 0 4.082
1640738340 24.8 80.17 0 4.076
1640738400 24.82 80.16 0 4.076
1640738460 24.79 80.21 0 4.076
1640738520 24.8 80.24 0 4.082
1640738580 24.77 80.32 0 4.076
1640738640 24.79 80.37 0 4.076
1640738700 24.79 80.4 0 4.082
1640738760 24.76 80.44 0 4.076
1640738820 24.76 80.48 0 4.082
1640738880 24.76 80.55 0 4.076
1640738940 24.75 80.6 0 4.082
1640739000 24.76 80.67 0 4.076
1640739060 24.73 80.69 0 4.082
1640739120 24.73 80.78 0 4.082
1640739180 24.72 80.85 0 4.082
1640739240 24.7 80.93 0 4.076
1640739300 24.69 80.95 0 4.076
1640739360 24.66 80.95 0 4.082
1640739420 24.69 81.05 0 4.076
1640739480 24.66 81.07 0 4.076
1640739540 24.65 81.04 0 4.076
1640739600 24.63 81.11 0 4.076
1640739660 24.65 81.19 0 4.076
1640739720 24.63 81.27 0 4.082
1640739780 24.58 81.31 0 4.076
1640739840 24.59 81.36 0 4.082
1640739900 24.56 81.38 0 4.076
1640739960 24.53 81.46 0 4.082
1640740020 24.51 81.55 0 4.082
1640740080 24.51 81.56 0 4.082
1640740140 24.49 81.64 0 4.076
1640740200 24.53 81.62 0 4.076
1640740260 24.53 81.69 0 4.076
1640740320 24.51 81.73 0 4.076
1640740380 24.49 81.73 0 4.076
1640740440 24.49 81.78 0 4.076
1640740500 24.48 81.81 0 4.076
1640740560 24.49 81.85 0 4.076
1640740620 24.49 81.85 0 4.076
1640740680 24.51 81.85 0 4.076
1640740740 24.51 81.89 0 4.076
1640740800 24.52 81.95 0 4.076
1640740860 24.49 82.02 0 4.076
1640740920 24.46 82.07 0 4.076
1640740980 24.49 82.09 0 4.076
1640741040 24.52 82.12 0 4.076
1640741100 24.51 82.19 0 4.076
1640741160 24.51 82.19 0 4.082
1640741220 24.49 82.23 0 4.076
1640741280 24.51 82.29 0 4.076
1640741340 24.52 82.31 0 4.076
1640741400 24.49 82.34 0 4.076
1640741460 24.48 82.38 0 4.076
1640741520 24.45 82.41 0 4.076
1640741580 24.46 82.45 0 4.082
1640741640 24.42 82.46 0 4.082
1640741700 24.42 82.46 0 4.076
1640741760 24.42 82.56 0 4.076
1640741820 24.4 82.53 0 4.082
1640741880 24.39 82.58 0 4.076
1640741940 24.39 82.63 0 4.076
1640742000 24.36 82.62 0 4.076
1640742060 24.38 82.62 0 4.076
1640742120 24.36 82.64 0 4.076
1640742180 24.36 82.68 0 4.076
1640742240 24.35 82.73 0 4.076
1640742300 24.33 82.8 0 4.082
1640742360 24.29 82.83 0 4.082
1640742420 24.26 82.86 0 4.076
1640742480 24.25 82.89 0 4.076
1640742540 24.26 82.95 0 4.076
1640742600 24.23 83 0 4.076
1640742660 24.22 83.13 0 4.076
1640742720 24.21 83.17 0 4.076
1640742780 24.15 83.28 0 4.076
1640742840 24.12 83.35 0 4.076
1640742900 24.1 83.39 0 4.065
1640742960 24.11 83.52 0 4.076
1640743020 24.1 83.56 0 4.076
1640743080 24.08 83.61 0 4.076
1640743140 24.07 83.7 0 4.076
1640743200 24.07 83.76 0 4.076
1640743260 24.07 83.79 0 4.076
1640743320 24.08 83.84 0 4.076
1640743380 24.08 83.91 0 4.076
1640743440 24.1 83.93 0 4.076
1640743500 24.05 84 0 4.076
1640743560 24.07 84.03 0 4.076
1640743620 24.07 84.06 0 4.076
1640743680 24.05 84.12 0 4.076
1640743740 24.05 84.16 0 4.076
1640743800 24.08 84.2 0 4.071
1640743860 24.05 84.18 0 4.071
1640743920 24.04 84.21 0 4.076
1640743980 24.04 84.22 0 4.076
1640744040 24.05 84.3 0 4.071
1640744100 24.01 84.31 0 4.076
1640744160 24.01 84.36 0 4.076
1640744220 24 84.4 0 4.076
1640744280 23.97 84.42 0 4.076
1640744340 23.97 84.46 0 4.076
1640744400 23.97 84.5 0 4.076
1640744460 23.97 84.53 0 4.071
1640744520 23.98 84.62 0 4.076
1640744580 23.95 84.67 0 4.076
1640744640 23.95 84.64 0 4.076
1640744700 23.98 84.72 0 4.071
1640744760 23.95 84.77 0 4.076
1640744820 23.94 84.79 0 4.076
1640744880 23.92 84.84 0 4.076
1640744940 23.91 84.87 0 4.076
1640745000 23.89 84.91 0 4.076
1640745060 23.88 84.96 0 4.076
1640745120 23.87 85.01 0 4.076
1640745180 23.87 85.08 0 4.076
1640745240 23.85 85.13 0 4.076
1640745300 23.88 85.22 0 4.071
1640745360 23.85 85.25 0 4.076
1640745420 23.82 85.28 0 4.076
1640745480 23.85 85.34 0 4.076
1640745540 23.85 85.38 0 4.076
1640745600 23.87 85.4 0 4.071
1640745660 23.85 85.43 0 4.076
1640745720 23.84 85.48 0 4.076
1640745780 23.85 85.5 0 4.071
1640745840 23.85 85.48 0 4.071
1640745900 23.85 85.51 0 4.071
1640745960 23.88 85.56 0 4.071
1640746020 23.87 85.56 0 4.076
1640746080 23.87 85.6 0 4.076
1640746140 23.88 85.62 0 4.076
1640746200 23.91 85.63 0 4.071
1640746260 23.88 85.69 0 4.076
1640746320 23.88 85.71 0 4.071
1640746380 23.85 85.7 0 4.076
1640746440 23.85 85.75 0 4.071
1640746500 23.87 85.8 0 4.071
1640746560 23.85 85.85 0 4.076
1640746620 23.82 85.92 0 4.071
1640746680 23.8 85.9 0 4.076
1640746740 23.8 85.96 0 4.071
1640746800 23.8 86.01 0 4.071
1640746860 23.74 86.05 0 4.071
1640746920 23.71 86.05 0 4.071
1640746980 23.71 86.16 0 4.071
1640747040 23.71 86.18 0 4.071
1640747100 23.71 86.26 0 4.071
1640747160 23.72 86.35 0 4.071
1640747220 23.7 86.39 0 4.071
1640747280 23.7 86.45 0 4.076
1640747340 23.68 86.47 0 4.071
1640747400 23.67 86.49 0 4.071
1640747460 23.67 86.53 0 4.071
1640747520 23.71 86.57 0 4.076
1640747580 23.71 86.61 0 4.071
1640747640 23.68 86.61 0 4.071
1640747700 23.72 86.64 0 4.076
1640747760 23.72 86.67 0 4.076
1640747820 23.74 86.71 0 4.076
1640747880 23.75 86.73 0 4.076
1640747940 23.75 86.71 0 4.076
1640748000 23.72 86.76 0 4.071
1640748060 23.77 86.73 0 4.071
1640748120 23.78 86.76 0 4.071
1640748180 23.78 86.74 0 4.076
1640748240 23.8 86.76 0 4.076
1640748300 23.77 86.73 0 4.071
1640748360 23.78 86.72 0 4.071
1640748420 23.8 86.75 0 4.071
1640748480 23.78 86.71 0 4.071
1640748540 23.82 86.72 0 4.071
1640748600 23.81 86.75 0 4.071
1640748660 23.84 86.7 0 4.071
1640748720 23.82 86.7 0 4.071
1640748780 23.84 86.73 0 4.071
1640748840 23.81 86.73 0 4.071
1640748900 23.82 86.68 0 4.071
1640748960 23.82 86.69 0 4.071
1640749020 23.82 86.71 0 4.071
1640749080 23.81 86.71 0 4.071
1640749140 23.82 86.71 0 4.076
1640749200 23.85 86.69 0 4.071
1640749260 23.85 86.7 0 4.071
1640749320 23.84 86.68 0 4.071
1640749380 23.85 86.69 0 4.071
1640749440 23.82 86.7 0 4.076
1640749500 23.82 86.67 0 4.071
1640749560 23.81 86.72 0 4.071
1640749620 23.8 86.71 0 4.071
1640749680 23.8 86.72 0 4.071
1640749740 23.77 86.72 0 4.071
1640749800 23.81 86.76 0 4.071
1640749860 23.78 86.75 0 4.076
1640749920 23.78 86.76 0 4.071
1640749980 23.78 86.79 0 4.071
1640750040 23.77 86.79 0 4.071
1640750100 23.77 86.83 0 4.071
1640750160 23.72 86.86 0 4.071
1640750220 23.74 86.85 0 4.071
1640750280 23.7 86.85 0 4.071
1640750340 23.72 86.88 0 4.065
1640750400 23.68 86.95 0 4.071
1640750460 23.7 86.99 0 4.071
1640750520 23.67 86.99 0 4.071
1640750580 23.65 87.02 0 4.071
1640750640 23.67 87.02 0 4.071
1640750700 23.64 87.04 0 4.071
1640750760 23.65 87.07 0 4.071
1640750820 23.67 86.98 0 4.071
1640750880 23.7 87.02 0 4.071
1640750940 23.63 87.03 0 4.071
1640751000 23.65 87.06 0 4.071
1640751060 23.65 87.09 0 4.071
1640751120 23.63 87.09 0 4.071
1640751180 23.6 87.08 0 4.071
1640751240 23.63 87.04 0 4.071
1640751300 23.63 87.13 0 4.071
1640751360 23.61 87.13 0 4.071
1640751420 23.6 87.08 0 4.071
1640751480 23.63 87.06 0 4.071
1640751540 23.65 87.1 0 4.071
1640751600 23.64 87.12 0 4.071
1640751660 23.63 87.09 0 4.071
1640751720 23.64 87.11 0 4.071
1640751780 23.64 87.08 0 4.071
1640751840 23.64 87.1 0 4.071
1640751900 23.63 87.1 0 4.065
1640751960 23.63 87.04 0 4.065
1640752020 23.61 87.07 0 4.071
1640752080 23.63 87.08 0 4.071
1640752140 23.6 87.1 0 4.071
1640752200 23.57 87.09 0 4.071
1640752260 23.57 87.07 0 4.071
1640752320 23.57 87.12 0 4.071
1640752380 23.59 87.15 0 4.071
1640752440 23.57 87.1 0 4.071
1640752500 23.54 87.13 0 4.071
1640752560 23.54 87.13 0 4.071
1640752620 23.53 87.13 0 4.071
1640752680 23.51 87.15 0 4.071
1640752740 23.54 87.24 0 4.071
1640752800 23.54 87.23 0 4.065
1640752860 23.53 87.24 0 4.065
1640752920 23.53 87.26 0 4.071
1640752980 23.54 87.3 0 4.065
1640753040 23.53 87.34 0 4.071
1640753100 23.53 87.35 0 4.071
1640753160 23.51 87.36 0 4.065
1640753220 23.53 87.37 0 4.065
1640753280 23.51 87.42 0 4.071
1640753340 23.51 87.42 0 4.071
1640753400 23.53 87.43 0 4.071
1640753460 23.51 87.46 0 4.071
1640753520 23.51 87.44 0 4.065
1640753580 23.5 87.45 0 4.065
1640753640 23.51 87.46 0 4.071
1640753700 23.51 87.4 0 4.065
1640753760 23.53 87.42 0 4.065
1640753820 23.54 87.37 0 4.065
1640753880 23.53 87.35 0 4.071
1640753940 23.53 87.34 0 4.071
