1638075600 21.82 92.89 0 4.006
1638075660 21.81 92.9 0 4.006
1638075720 21.83 92.92 0 4.006
1638075780 21.86 92.86 0 4.006
1638075840 21.83 92.83 0 4.006
1638075900 21.88 92.75 0 4.006
1638075960 21.89 92.82 0 4.006
1638076020 21.88 92.77 0 4.006
1638076080 21.92 92.67 0 4.006
1638076140 21.93 92.65 0 4.006
1638076200 21.91 92.5 0 4.001
1638076260 21.93 92.44 0 4.006
1638076320 21.91 92.16 0 4.006
1638076380 21.86 91.93 0 4.006
1638076440 21.92 92.07 0 4.006
1638076500 21.89 91.87 0 4.006
1638076560 21.88 91.85 0 4.006
1638076620 21.92 91.93 0 4.006
1638076680 21.91 91.77 0 4.006
1638076740 21.91 91.76 0 4.006
1638076800 21.92 91.76 0 4.006
1638076860 21.91 91.84 0 4.001
1638076920 21.92 91.85 0 4.006
1638076980 21.88 91.71 0 4.006
1638077040 21.89 91.71 0 4.001
1638077100 21.92 91.52 0 4.001
1638077160 21.97 91.41 0 4.006
1638077220 22 91.23 0 4.006
1638077280 22.03 91.09 0 4.001
1638077340 22 90.89 0 4.001
1638077400 22 90.89 0 4.001
1638077460 22.02 90.73 0 4.006
1638077520 21.99 90.77 0 4.006
1638077580 21.97 90.78 0 4.001
1638077640 21.99 90.83 0 4.001
1638077700 21.99 90.8 0 4.001
1638077760 21.97 90.78 0 4.006
1638077820 21.97 90.81 0 4.006
1638077880 22 90.84 0 4.006
1638077940 22.02 90.72 0 4.001
1638078000 22.05 90.59 0 4.001
1638078060 22.05 90.65 0 4.001
1638078120 22.06 90.69 0 4.006
1638078180 22.06 90.55 0 4.001
1638078240 22.07 90.53 0 4.001
1638078300 22.09 90.54 0 4.001
1638078360 22.09 90.54 0 4.001
1638078420 22.09 90.45 0 4.001
1638078480 22.1 90.46 0 4.001
1638078540 22.07 90.46 0 4.001
1638078600 22.07 90.38 0 4.001
1638078660 22.03 90.49 0 4.001
1638078720 22.05 90.68 0 4.001
1638078780 22.03 90.7 0 4.001
1638078840 22.03 90.92 0 3.996
1638078900 22 90.92 0 4.001
1638078960 22 91.04 0 3.996
1638079020 22 91.09 0 4.001
1638079080 22.03 91.14 0 4.001
1638079140 22.02 91.03 0 4.001
1638079200 22 91 0 4.001
1638079260 22.02 90.8 0 4.001
1638079320 21.97 90.79 0 4.001
1638079380 21.95 90.67 0 4.001
1638079440 21.92 90.55 0 4.001
1638079500 21.89 90.69 0 4.001
1638079560 21.88 90.57 0 3.996
1638079620 21.85 90.64 0 4.001
1638079680 21.85 90.69 0 4.001
1638079740 21.83 90.74 0 3.996
1638079800 21.82 90.48 0 3.996
1638079860 21.83 90.82 0 3.996
1638079920 21.76 90.68 0 3.996
1638079980 21.73 90.92 0 3.996
1638080040 21.71 91.01 0 3.996
1638080100 21.63 91.05 0 3.996
1638080160 21.66 91.22 0 3.996
1638080220 21.66 90.94 0 3.996
1638080280 21.63 90.91 0 3.996
1638080340 21.65 91.24 0 3.996
1638080400 21.66 91.12 0 3.996
1638080460 21.69 90.8 0 3.996
1638080520 21.68 90.37 0 3.996
1638080580 21.62 90.43 0 3.996
1638080640 21.62 90.4 0 3.996
1638080700 21.55 90.15 0 3.996
1638080760 21.54 89.95 0 3.996
1638080820 21.55 89.96 0 3.996
1638080880 21.51 89.89 0 3.996
1638080940 21.56 89.7 0 3.996
1638081000 21.65 89.2 0 3.996
1638081060 21.71 88.34 0 3.996
1638081120 21.78 87.6 0 3.996
1638081180 21.85 86.69 0 3.996
1638081240 21.91 86.6 0 3.996
1638081300 21.96 86.27 0 3.996
1638081360 21.99 86.12 0 3.99
1638081420 21.96 86.18 0 3.996
1638081480 22.02 86.14 0 3.996
1638081540 22.05 88.19 0 3.996
1638081600 21.95 89.87 0 3.99
1638081660 21.91 90.59 0 3.99
1638081720 21.83 90.88 0 3.99
1638081780 21.81 91.32 0 3.996
1638081840 21.79 91.57 0 3.99
1638081900 21.81 92.2 0 3.996
1638081960 21.72 92.75 0 3.996
1638082020 21.68 93.11 0 3.99
1638082080 21.66 93.3 0 3.996
1638082140 21.66 93.6 0 3.996
1638082200 21.66 93.69 0 3.996
1638082260 21.61 93.78 0 3.99
1638082320 21.58 94.14 0 3.996
1638082380 21.56 94.44 0 3.996
1638082440 21.56 94.66 0 3.99
1638082500 21.58 94.94 0 3.99
1638082560 21.55 95.13 0 3.99
1638082620 21.55 95.17 0 3.99
1638082680 21.58 95.31 0 3.99
1638082740 21.59 95.29 0 3.99
1638082800 21.55 95.32 0 3.99
1638082860 21.56 95.4 0 3.99
1638082920 21.55 95.49 0 3.996
1638082980 21.56 95.59 0 3.996
1638083040 21.58 95.64 0 3.996
1638083100 21.59 95.68 0 3.99
1638083160 21.62 95.65 0 3.99
1638083220 21.62 95.8 0 3.99
1638083280 21.61 95.75 0 3.99
1638083340 21.62 95.79 0 3.99
1638083400 21.65 95.82 0 3.99
1638083460 21.59 95.78 0 3.99
1638083520 21.61 95.88 0 3.99
1638083580 21.61 95.88 0 3.99
1638083640 21.62 95.91 0 3.99
1638083700 21.63 95.91 0 3.99
1638083760 21.63 95.86 0 3.99
1638083820 21.66 95.82 0 3.99
1638083880 21.66 95.7 0 3.99
1638083940 21.62 95.47 0 3.99
1638084000 21.65 95.53 0 3.99
1638084060 21.71 95.25 0 3.99
1638084120 21.68 94.88 0 3.99
1638084180 21.68 94.54 0 3.99
1638084240 21.66 94.11 0 3.985
1638084300 21.71 93.97 0 3.99
1638084360 21.73 93.73 0 3.99
1638084420 21.75 93.56 0 3.99
1638084480 21.75 93.47 0 3.99
1638084540 21.72 93.34 0 3.985
1638084600 21.72 93.33 0 3.985
1638084660 21.69 92.96 0 3.985
1638084720 21.68 92.69 0 3.985
1638084780 21.69 92.56 0 3.985
1638084840 21.69 92.62 0 3.985
1638084900 21.68 92.31 0 3.985
1638084960 21.66 91.98 0 3.985
1638085020 21.68 91.51 0 3.985
1638085080 21.72 91.45 0 3.985
1638085140 21.72 91.43 0 3.985
1638085200 21.72 91.35 0 3.985
1638085260 21.72 91.32 0 3.985
1638085320 21.71 91.3 0 3.985
1638085380 21.71 91.26 0 3.985
1638085440 21.69 91.19 0 3.985
1638085500 21.76 91.24 0 3.985
1638085560 21.82 90.66 0 3.985
1638085620 21.85 90.55 0 3.985
1638085680 21.86 90.59 0 3.985
1638085740 21.83 90.48 0 3.985
1638085800 21.86 90.27 0 3.985
1638085860 21.83 90 0 3.985
1638085920 21.86 90.18 0 3.985
1638085980 21.86 90.11 0 3.985
1638086040 21.82 90.03 0 3.979
1638086100 21.81 90.11 0 3.985
1638086160 21.78 90.24 0 3.985
1638086220 21.76 90.44 0 3.985
1638086280 21.71 90.55 0 3.985
1638086340 21.68 90.51 0 3.985
1638086400 21.68 90.51 0 3.985
1638086460 21.62 90.44 0 3.985
1638086520 21.63 90.66 0 3.985
1638086580 21.62 90.64 0 3.985
1638086640 21.58 90.67 0 3.985
1638086700 21.58 90.72 0 3.985
1638086760 21.52 90.84 0 3.985
1638086820 21.49 90.91 0 3.985
1638086880 21.46 90.84 0 3.985
1638086940 21.41 91 0 3.979
1638087000 21.55 92.24 0 3.979
1638087060 21.52 92.37 0 3.979
1638087120 21.44 92.47 0 3.985
1638087180 21.37 92.56 0 3.979
1638087240 21.32 92.89 0 3.979
1638087300 21.3 93.22 0 3.979
1638087360 21.21 93.01 0 3.979
1638087420 21.2 93.23 0 3.979
1638087480 21.14 93.28 0 3.979
1638087540 21.1 93.22 0 3.979
1638087600 21.07 93.38 0 3.979
1638087660 21.05 93.62 0 3.979
1638087720 21 93.74 0 3.979
1638087780 21.01 93.87 0 3.979
1638087840 21.04 93.93 0 3.979
1638087900 21 93.83 0 3.979
1638087960 21.05 93.82 0 3.979
1638088020 21.05 93.59 0 3.979
1638088080 21.01 93.43 0 3.979
1638088140 21 93.45 0 3.979
1638088200 21 93.38 0 3.979
1638088260 20.93 93.27 0 3.979
1638088320 20.93 93.44 0 3.979
1638088380 20.87 93.43 0 3.979
1638088440 20.84 93.44 0 3.979
1638088500 20.8 93.39 0 3.979
1638088560 20.76 93.76 0 3.979
1638088620 20.84 94.15 0 3.979
1638088680 20.87 94.03 0 3.979
1638088740 20.87 93.92 0 3.974
1638088800 20.87 93.85 0 3.974
1638088860 20.8 93.58 0 3.974
1638088920 20.83 93.8 0 3.979
1638088980 20.87 93.65 0 3.979
1638089040 20.91 93.44 0 3.979
1638089100 20.89 93.24 0 3.979
1638089160 20.9 93.2 0 3.979
1638089220 20.93 93.22 0 3.979
1638089280 20.87 93.07 0 3.974
1638089340 20.86 93.06 0 3.979
1638089400 20.87 93.04 0 3.979
1638089460 20.89 93.09 0 3.979
1638089520 20.91 93.01 0 3.979
1638089580 20.86 92.24 0 3.979
1638089640 20.86 92.12 0 3.974
1638089700 20.83 91.55 0 3.974
1638089760 20.83 91.39 0 3.974
1638089820 20.83 91.24 0 3.974
1638089880 20.81 91.28 0 3.979
1638089940 20.76 91.27 0 3.974
1638090000 20.74 91.55 0 3.974
1638090060 20.74 91.61 0 3.974
1638090120 20.73 91.63 0 3.974
1638090180 20.7 91.79 0 3.974
1638090240 20.63 91.8 0 3.974
1638090300 20.59 92 0 3.979
1638090360 20.57 92.35 0 3.974
1638090420 20.62 92.5 0 3.974
1638090480 20.67 92.21 0 3.974
1638090540 20.71 91.91 0 3.969
1638090600 20.71 91.9 0 3.974
1638090660 20.71 91.93 0 3.969
1638090720 20.66 91.78 0 3.974
1638090780 20.63 91.83 0 3.974
1638090840 20.57 91.87 0 3.974
1638090900 20.56 92.35 0 3.974
1638090960 20.62 92.88 0 3.974
1638091020 20.63 92.75 0 3.974
1638091080 20.63 92.68 0 3.974
1638091140 20.65 92.5 0 3.974
1638091200 20.59 92.31 0 3.974
1638091260 20.6 92.56 0 3.974
1638091320 20.53 91.45 0 3.974
1638091380 20.62 90.74 0 3.974
1638091440 20.69 90.58 0 3.969
1638091500 20.69 90.46 0 3.974
1638091560 20.71 90.28 0 3.969
1638091620 20.74 89.97 0 3.974
1638091680 20.77 90.01 0 3.974
1638091740 20.83 89.51 0 3.974
1638091800 20.84 89.28 0 3.969
1638091860 20.81 88.42 0 3.969
1638091920 20.84 87.82 0 3.969
1638091980 20.91 87.25 0 3.969
1638092040 21 87.64 0 3.974
1638092100 21.02 87.76 0 3.974
1638092160 21.04 88.21 0 3.974
1638092220 21.02 87.73 0 3.974
1638092280 21.05 87.21 0 3.974
1638092340 21.1 87.96 0 3.969
1638092400 21.04 87.42 0 3.969
1638092460 21.01 87.06 0 3.969
1638092520 21.02 87.11 0 3.969
1638092580 21.01 86.86 0 3.969
1638092640 20.93 86.87 0 3.969
1638092700 20.9 87.53 0 3.974
1638092760 20.84 88 0 3.969
1638092820 20.79 88.25 0 3.969
1638092880 20.79 87.89 0 3.969
1638092940 20.7 87.74 0 3.969
1638093000 20.71 88.25 0 3.969
1638093060 20.76 88.18 0 3.969
1638093120 20.77 88.2 0 3.969
1638093180 20.81 87.85 0 3.969
1638093240 20.9 87.57 0 3.963
1638093300 20.86 87.61 0 3.969
1638093360 20.79 87.89 0 3.969
1638093420 20.79 88.12 0 3.969
1638093480 20.76 88.04 0 3.969
1638093540 20.8 87.42 0 3.969
1638093600 20.86 87.02 0 3.969
1638093660 20.79 86.95 0 3.969
1638093720 20.76 86.77 0 3.969
1638093780 20.71 85.93 0 3.969
1638093840 20.7 86.19 0 3.969
1638093900 20.71 86.04 0 3.969
1638093960 20.73 85.9 0 3.969
1638094020 20.8 85.64 0 3.969
1638094080 20.8 85.64 0 3.969
1638094140 20.73 85.36 0 3.963
1638094200 20.69 85.11 0 3.963
1638094260 20.7 85.18 0 3.963
1638094320 20.69 85.28 0 3.963
1638094380 20.65 85.43 0 3.963
1638094440 20.6 84.99 0 3.963
1638094500 20.56 84.82 0 3.969
1638094560 20.5 84.9 0 3.969
1638094620 20.47 84.94 0 3.963
1638094680 20.42 84.95 0 3.963
1638094740 20.38 84.95 0 3.963
1638094800 20.33 84.73 0 3.963
1638094860 20.29 84.82 0 3.963
1638094920 20.26 84.08 0 3.963
1638094980 20.26 84.05 0 3.969
1638095040 20.28 84.26 0 3.963
1638095100 20.2 84.03 0 3.963
1638095160 20.26 84.74 0 3.963
1638095220 20.19 84.79 0 3.963
1638095280 20.22 84.69 0 3.969
1638095340 20.26 84.89 0 3.963
1638095400 20.28 84.87 0 3.963
1638095460 20.26 84.96 0 3.963
1638095520 20.19 85.25 0 3.963
1638095580 20.2 85.72 0 3.963
1638095640 20.16 86.7 0 3.963
1638095700 20.23 88.12 0 3.963
1638095760 20.19 88.59 0 3.963
1638095820 20.19 89.39 0 3.963
1638095880 20.47 92.15 0 3.963
1638095940 20.5 92.82 0 3.963
1638096000 20.5 92.78 0 3.958
1638096060 20.49 92.95 0 3.963
1638096120 20.5 93.31 0 3.963
1638096180 20.44 92.98 0 3.963
1638096240 20.49 93.39 0 3.963
1638096300 20.54 93.75 0 3.963
1638096360 20.59 94.18 4 3.963
1638096420 20.63 94.39 0 3.963
1638096480 20.69 94.63 4 3.963
1638096540 20.62 94.39 4 3.963
1638096600 20.67 94.73 0 3.963
1638096660 20.73 94.97 4 3.963
1638096720 20.76 95.14 4 3.963
1638096780 20.84 95.21 4 3.963
1638096840 20.87 95.35 4 3.958
1638096900 20.9 95.53 4 3.958
1638096960 20.9 95.61 4 3.958
1638097020 20.9 95.66 4 3.963
1638097080 20.91 95.74 4 3.958
1638097140 20.93 95.81 4 3.958
1638097200 20.97 95.82 4 3.963
1638097260 20.94 95.67 4 3.958
1638097320 20.94 95.55 4 3.963
1638097380 20.94 95.48 4 3.963
1638097440 20.89 95.32 4 3.958
1638097500 20.87 95.34 4 3.963
1638097560 20.87 95.34 4 3.958
1638097620 20.89 95.3 4 3.958
1638097680 20.89 95.31 4 3.958
1638097740 20.89 95.34 10 3.958
1638097800 20.9 95.33 10 3.963
1638097860 20.89 95.39 10 3.958
1638097920 20.89 95.43 10 3.958
1638097980 20.91 95.42 10 3.958
1638098040 20.91 95.45 10 3.958
1638098100 20.95 95.52 10 3.958
1638098160 20.93 95.36 10 3.958
1638098220 20.9 95.3 10 3.958
1638098280 20.89 95.24 10 3.958
1638098340 20.89 95.23 10 3.958
1638098400 20.87 95.15 10 3.958
1638098460 20.89 95.08 10 3.958
1638098520 20.87 95.1 10 3.958
1638098580 20.87 95.16 10 3.958
1638098640 20.86 95.19 10 3.958
1638098700 20.81 95.19 10 3.958
1638098760 20.81 95.27 16 3.958
1638098820 20.86 95.29 16 3.958
1638098880 20.87 95.31 16 3.958
1638098940 20.89 95.17 16 3.958
1638099000 20.91 95.1 16 3.958
1638099060 20.91 95.08 16 3.958
1638099120 20.94 95.04 22 3.958
1638099180 20.94 94.86 22 3.958
1638099240 20.94 94.69 28 3.958
1638099300 20.93 94.69 40 3.958
1638099360 20.9 94.39 51 3.958
1638099420 20.87 94.04 57 3.958
1638099480 20.94 94.18 75 3.958
1638099540 20.8 92.57 97 3.953
1638099600 20.87 92.58 115 3.958
1638099660 21.04 92.42 132 3.958
1638099720 21.28 91.48 144 3.958
1638099780 21.48 89.93 132 3.958
1638099840 21.75 88.33 45 3.958
1638099900 21.89 86.43 51 3.958
1638099960 21.86 85.77 81 3.958
1638100020 21.91 84.87 121 3.958
1638100080 21.89 84.03 103 3.958
1638100140 22.02 83.39 167 3.953
1638100200 22.1 82.2 132 3.953
1638100260 22.27 80.62 191 3.953
1638100320 22.47 80.29 197 3.958
1638100380 22.64 79.03 203 3.958
1638100440 22.78 77.37 207 3.953
1638100500 22.94 74.77 215 3.958
1638100560 23.08 73.61 213 3.958
1638100620 23.22 73.75 219 3.953
1638100680 23.65 73.14 225 3.958
1638100740 23.9 71.59 231 3.958
1638100800 24.14 70.69 243 3.958
1638100860 24.27 69.2 243 3.958
1638100920 23.97 69.83 243 3.958
1638100980 23.77 70.46 249 3.958
1638101040 23.84 70.52 249 3.963
1638101100 23.7 70.96 256 3.958
1638101160 23.86 71.8 262 3.963
1638101220 23.76 70.26 268 3.963
1638101280 23.77 70.54 268 3.963
1638101340 23.89 70.17 272 3.958
1638101400 23.87 71.58 278 3.963
1638101460 23.97 70.16 284 3.963
1638101520 23.84 69.77 290 3.963
1638101580 23.75 70.58 290 3.963
1638101640 24.03 69.61 296 3.963
1638101700 24.1 68.64 302 3.969
1638101760 24.1 69.71 308 3.969
1638101820 24.26 67.39 308 3.969
1638101880 24.57 67.14 314 3.969
1638101940 24.71 67.07 320 3.969
1638102000 24.88 66.43 320 3.969
1638102060 25.16 66.01 326 3.969
1638102120 25.34 65.22 332 3.974
1638102180 25.74 64.42 337 3.974
1638102240 25.43 64.58 343 3.969
1638102300 25.37 63.99 343 3.974
1638102360 24.99 64.56 349 3.974
1638102420 24.88 65.1 355 3.974
1638102480 24.98 64.96 361 3.974
1638102540 24.95 64.9 361 3.979
1638102600 25.23 64.31 367 3.979
1638102660 25.4 63.67 373 3.979
1638102720 25.79 62.09 379 3.979
1638102780 26.27 60.33 385 3.985
1638102840 26.63 59.2 385 3.985
1638102900 27.02 57.83 391 3.979
1638102960 26.55 58.09 397 3.985
1638103020 26.05 59.84 397 3.985
1638103080 26.08 60.14 409 3.99
1638103140 25.91 60.56 415 3.985
1638103200 25.63 61.48 421 3.99
1638103260 25.57 62.57 421 3.99
1638103320 25.26 62.93 286 3.99
1638103380 25.19 63.46 233 3.985
1638103440 25.28 62.8 180 3.985
1638103500 25.11 63.6 251 3.985
1638103560 24.96 63.72 274 3.99
1638103620 24.65 65.05 427 3.996
1638103680 24.75 64.65 445 4.001
1638103740 24.64 64.59 445 4.001
1638103800 24.83 65.19 457 4.001
1638103860 24.79 64.43 435 4.001
1638103920 24.74 65.86 370 4.001
1638103980 25.08 64.33 465 4.006
1638104040 25.11 63.42 481 4.006
1638104100 25.33 63.26 429 4.006
1638104160 25.39 62.22 382 4.006
1638104220 25.23 62.55 364 4.006
1638104280 25.37 63.21 477 4.012
1638104340 25.8 61.8 548 4.017
1638104400 25.7 60.65 542 4.017
1638104460 26.13 60.9 531 4.022
1638104520 26.81 58.89 531 4.022
1638104580 27.12 56.64 537 4.022
1638104640 27.2 56.44 543 4.028
1638104700 27.27 55.89 551 4.028
1638104760 27.1 56.06 557 4.033
1638104820 27.32 55.58 557 4.033
1638104880 27.36 56.1 557 4.033
1638104940 27.65 55.49 563 4.033
1638105000 27.92 54.69 569 4.039
1638105060 28 54.19 581 4.039
1638105120 28.05 53.67 502 4.039
1638105180 27.83 54.92 242 4.028
1638105240 27.34 56.07 206 4.022
1638105300 27.29 56.13 200 4.022
1638105360 26.59 57.35 188 4.017
1638105420 26.23 59.1 170 4.017
1638105480 26.24 59.34 176 4.017
1638105540 26 59.82 188 4.017
1638105600 26.04 60.06 182 4.017
1638105660 25.94 60.57 224 4.022
1638105720 25.74 60.92 200 4.022
1638105780 25.7 60.68 170 4.017
1638105840 25.42 61.73 212 4.017
1638105900 25.49 62 158 4.017
1638105960 25.47 60.72 170 4.017
1638106020 25.29 62.36 200 4.017
1638106080 24.85 63.82 230 4.022
1638106140 24.72 64.8 188 4.022
1638106200 24.57 64.04 206 4.022
1638106260 24.4 64.91 218 4.028
1638106320 24.21 65.6 277 4.028
1638106380 24.21 66.2 331 4.033
1638106440 24.26 65.9 248 4.028
1638106500 24.23 66.22 236 4.033
1638106560 24.4 66.23 359 4.017
1638106620 24.32 66.6 307 4.028
1638106680 24.37 66.74 522 4.044
1638106740 24.58 66.4 668 4.06
1638106800 24.71 66.08 686 4.065
1638106860 25.34 64.74 682 4.071
1638106920 25.63 63.67 682 4.076
1638106980 25.66 63.42 682 4.076
1638107040 25.76 63.28 683 4.082
1638107100 25.9 62.85 683 4.087
1638107160 25.77 62.88 685 4.092
1638107220 25.91 62.74 685 4.092
1638107280 26.48 61.6 686 4.098
1638107340 26.86 60.21 686 4.098
1638107400 27.14 59.38 686 4.103
1638107460 27.78 57.29 686 4.103
1638107520 27.68 57.5 694 4.108
1638107580 27.71 57.9 701 4.114
1638107640 27.67 57.91 701 4.114
1638107700 28.34 56.49 701 4.119
1638107760 28.1 56.51 707 4.119
1638107820 27.43 57.39 709 4.125
1638107880 27.34 58.62 713 4.082
1638107940 27.67 57.81 712 4.071
1638108000 27.88 56.75 718 4.071
1638108060 28.42 55.92 722 4.065
1638108120 28.53 54.75 722 4.065
1638108180 28.32 54.06 721 4.06
1638108240 27.95 54.61 727 4.06
1638108300 27.9 55.24 727 4.06
1638108360 27.76 56.49 727 4.06
1638108420 27.8 55.26 733 4.06
1638108480 27.8 55.34 739 4.06
1638108540 28.29 54.9 733 4.049
1638108600 28.7 54.14 737 4.055
1638108660 28.29 55.02 737 4.049
1638108720 28.55 54.87 743 4.049
1638108780 28.51 54.26 749 4.049
1638108840 28.12 55.23 749 4.049
1638108900 27.98 55.32 749 4.049
1638108960 28.25 54.81 754 4.049
1638109020 28.53 54.32 761 4.044
1638109080 29 53.07 761 4.049
1638109140 28.92 53.18 766 4.049
1638109200 28.52 53.89 768 4.044
1638109260 28.31 54.15 772 4.044
1638109320 28.45 54.66 772 4.044
1638109380 28.04 53.99 778 4.044
1638109440 28.15 54.99 783 4.039
1638109500 28.45 54.49 783 4.039
1638109560 28.76 54.32 783 4.039
1638109620 29.28 53.56 789 4.039
1638109680 29.6 52.66 789 4.044
1638109740 29.67 51.89 795 4.039
1638109800 29.96 50.91 801 4.039
1638109860 29.57 51.98 801 4.039
1638109920 29.57 52.19 807 4.039
1638109980 29.79 52.13 813 4.039
1638110040 30.11 50.87 811 4.039
1638110100 30.29 49.93 813 4.039
1638110160 29.72 51.05 819 4.039
1638110220 28.99 51.72 817 4.039
1638110280 29.13 51.96 825 4.033
1638110340 29.89 50.18 823 4.033
1638110400 30.01 49.3 829 4.033
1638110460 29.51 50.41 829 4.033
1638110520 29.57 51.09 829 4.033
1638110580 30.02 50.03 835 4.033
1638110640 30.26 49.01 835 4.033
1638110700 30.49 48.72 841 4.033
1638110760 30.83 48.46 847 4.033
1638110820 31.14 48.05 853 4.033
1638110880 31.06 47.49 852 4.028
1638110940 31.11 46.91 853 4.028
1638111000 30.8 48.02 852 4.033
1638111060 30.7 47.79 858 4.028
1638111120 30.59 48.52 859 4.028
1638111180 30.6 48.58 865 4.028
1638111240 30.36 49.9 864 4.033
1638111300 30.77 49.25 864 4.028
1638111360 30.29 49.62 870 4.028
1638111420 30.83 48.52 876 4.028
1638111480 30.65 48 876 4.022
1638111540 29.98 49.25 882 4.028
1638111600 30.06 49.9 882 4.022
1638111660 30.29 49.47 886 4.028
1638111720 30.27 49.3 892 4.028
1638111780 30.12 48.51 892 4.028
1638111840 30.23 47.87 892 4.028
1638111900 30.84 46.58 899 4.022
1638111960 30.19 47.3 899 4.022
1638112020 29.4 49.72 903 4.022
1638112080 30.01 48.83 909 4.022
1638112140 30.08 48.14 911 4.028
1638112200 29.45 50.39 915 4.028
1638112260 29.4 51.19 915 4.022
1638112320 29.98 49.87 921 4.022
1638112380 29.74 50.54 921 4.022
1638112440 30.16 50.11 927 4.071
1638112500 30.73 48.67 930 4.087
1638112560 30.27 49.36 933 4.103
1638112620 30.2 50.38 935 4.108
1638112680 30.35 49.95 938 4.119
1638112740 30.81 49.09 939 4.125
1638112800 31.14 48.45 947 4.135
1638112860 31.42 47.62 942 4.141
1638112920 31.76 47.02 950 4.146
1638112980 31.62 47.43 959 4.157
1638113040 31.59 47.55 960 4.162
1638113100 31.25 47.82 966 4.167
1638113160 31.02 48.36 975 4.178
1638113220 30.91 48.31 972 4.189
1638113280 30.56 49.48 974 4.194
1638113340 30.18 49.95 983 4.157
1638113400 30.36 49.93 999 4.2
1638113460 30.73 49.28 1008 4.162
1638113520 30.45 49.73 1016 4.167
1638113580 29.74 51.99 1030 4.173
1638113640 30.09 51.44 1048 4.173
1638113700 30.2 50.68 1073 4.151
1638113760 30.9 49.78 1096 4.146
1638113820 31.51 47.82 1106 4.141
1638113880 31.57 48.06 1118 4.135
1638113940 31.62 47.66 1141 4.13
1638114000 31.78 47.41 1139 4.125
1638114060 31.57 47.76 1182 4.125
1638114120 31.69 48.08 951 4.125
1638114180 32.16 47.33 314 4.119
1638114240 31.93 48.2 284 4.119
1638114300 32.15 47.51 278 4.119
1638114360 32.06 48.04 277 4.114
1638114420 31.72 48.82 259 4.114
1638114480 31.07 51.45 240 4.114
1638114540 30.19 52.8 234 4.114
1638114600 29.65 54.64 228 4.114
1638114660 29.47 55.57 228 4.108
1638114720 29.33 55.91 228 4.108
1638114780 29 56.57 234 4.108
1638114840 28.84 57.41 240 4.103
1638114900 28.58 58.3 246 4.103
1638114960 28.35 59.26 252 4.103
1638115020 28.11 60.18 277 4.103
1638115080 28.02 60.57 295 4.098
1638115140 27.91 61.15 313 4.098
1638115200 28 61.34 331 4.098
1638115260 28 61.65 325 4.098
1638115320 27.97 62.28 317 4.098
1638115380 27.88 62.81 329 4.098
1638115440 27.81 63.76 341 4.092
1638115500 27.7 64.22 377 4.092
1638115560 27.78 63.96 618 4.092
1638115620 27.9 64.23 1287 4.092
1638115680 28.41 63.1 414 4.092
1638115740 28.67 62.63 391 4.103
1638115800 28.65 62.21 405 4.119
1638115860 28.36 63.46 668 4.103
1638115920 28.36 63.44 391 4.103
1638115980 28.32 63.76 331 4.098
1638116040 28.53 62.83 293 4.098
1638116100 28.38 63.73 295 4.092
1638116160 28.48 63.32 293 4.092
1638116220 28.29 64.09 305 4.087
1638116280 28.05 64.94 335 4.092
1638116340 28.01 64.96 371 4.087
1638116400 27.98 65.31 390 4.087
1638116460 28.02 65.52 474 4.087
1638116520 28.1 64.55 683 4.087
1638116580 27.92 65.15 1135 4.087
1638116640 28.31 64.75 1170 4.082
1638116700 28.84 63.55 1139 4.082
1638116760 29.18 61.82 1109 4.082
1638116820 29.09 62.21 1103 4.082
1638116880 29.21 62.01 1103 4.082
1638116940 29.78 61.21 1103 4.082
1638117000 30.19 59.71 1090 4.082
1638117060 29.99 60.27 1090 4.082
1638117120 30.08 60.03 1090 4.082
1638117180 30.19 60.14 935 4.076
1638117240 30.08 59.25 1042 4.082
1638117300 29.85 60.14 826 4.076
1638117360 29.75 60.31 1031 4.082
1638117420 29.47 60.71 1072 4.082
1638117480 29.55 60.48 1150 4.076
1638117540 29.78 59.98 1161 4.157
1638117600 29.31 61.04 1179 4.184
1638117660 29.72 60.61 1183 4.2
1638117720 29.96 59.06 822 4.141
1638117780 29.92 60 387 4.13
1638117840 30.04 59.07 344 4.119
1638117900 29.88 58.7 320 4.119
1638117960 29.72 59.75 319 4.114
1638118020 29.55 59.51 361 4.108
1638118080 29.09 61.28 1177 4.108
1638118140 29.07 61.75 1063 4.108
1638118200 29.16 62.12 1159 4.108
1638118260 29.37 61.44 1145 4.108
1638118320 29.53 60.91 1127 4.103
1638118380 30.05 60.25 1127 4.103
1638118440 30.47 57.88 1161 4.178
1638118500 30.94 57.48 1203 4.194
1638118560 31.02 56.51 951 4.146
1638118620 31.13 56.58 358 4.135
1638118680 30.47 57.72 320 4.13
1638118740 30.06 59.16 302 4.125
1638118800 29.33 60.95 296 4.125
1638118860 29.07 61.95 290 4.119
1638118920 28.9 62.34 284 4.119
1638118980 28.97 62.56 272 4.119
1638119040 28.69 63.17 284 4.119
1638119100 28.43 63.53 283 4.119
1638119160 28.31 64.3 277 4.114
1638119220 28.12 63.85 265 4.114
1638119280 27.97 64.33 271 4.114
1638119340 27.9 64.27 271 4.108
1638119400 27.77 64.7 289 4.108
1638119460 27.9 65.02 289 4.108
1638119520 28 64.48 271 4.108
1638119580 28.05 64.3 259 4.103
1638119640 28.04 64.3 240 4.103
1638119700 28.05 64.29 234 4.103
1638119760 27.92 65.22 240 4.103
1638119820 27.92 65.54 265 4.103
1638119880 27.94 65.42 283 4.103
1638119940 28.01 65.13 295 4.098
1638120000 28.12 64.75 307 4.103
1638120060 28.18 64.66 313 4.098
1638120120 28.22 65.06 289 4.098
1638120180 28.21 65.18 271 4.098
1638120240 28.32 65.03 240 4.103
1638120300 28.42 64.81 216 4.108
1638120360 28.49 64.7 192 4.108
1638120420 28.04 65.24 180 4.108
1638120480 27.72 66.68 180 4.108
1638120540 27.7 67 180 4.108
1638120600 27.46 67.59 186 4.114
1638120660 27.39 68 198 4.114
1638120720 27.17 68.86 204 4.114
1638120780 27.05 69.22 204 4.114
1638120840 26.98 69.77 210 4.114
1638120900 26.92 70.13 222 4.119
1638120960 26.92 70.25 228 4.119
1638121020 27.06 69.81 240 4.125
1638121080 27.1 69.81 242 4.125
1638121140 27.13 69.53 246 4.119
1638121200 27.09 69.84 248 4.125
1638121260 26.93 69.95 242 4.125
1638121320 27 69.71 242 4.13
1638121380 26.89 69.9 242 4.13
1638121440 26.78 70.14 242 4.135
1638121500 26.66 70.62 248 4.13
1638121560 26.78 70.44 254 4.135
1638121620 26.81 70.36 272 4.141
1638121680 26.85 70.33 292 4.141
1638121740 26.85 70.33 320 4.125
1638121800 26.86 70.19 356 4.125
1638121860 26.86 70.47 399 4.119
1638121920 26.98 70.3 362 4.114
1638121980 27.02 70.14 338 4.119
1638122040 27.09 69.85 325 4.108
1638122100 27.23 69.55 337 4.108
1638122160 27.36 68.88 319 4.108
1638122220 27.17 68.97 313 4.108
1638122280 27.19 68.92 325 4.108
1638122340 27.13 69.01 337 4.108
1638122400 26.99 69.44 343 4.103
1638122460 26.95 69.61 343 4.103
1638122520 27.02 69.52 343 4.103
1638122580 27.2 69.07 343 4.103
1638122640 27.39 68.59 331 4.098
1638122700 27.56 67.88 319 4.103
1638122760 27.4 67.75 319 4.098
1638122820 27.32 67.78 331 4.098
1638122880 27.36 67.03 337 4.098
1638122940 27.33 66.57 331 4.114
1638123000 27.3 67.07 332 4.119
1638123060 27.3 67.25 326 4.119
1638123120 27.2 67.1 326 4.13
1638123180 27.23 67.58 325 4.114
1638123240 27.29 67.62 313 4.108
1638123300 27.25 68.07 313 4.108
1638123360 27.14 67.9 301 4.103
1638123420 27.26 68.19 295 4.103
1638123480 27.32 67.31 301 4.103
1638123540 27.54 66.66 295 4.103
1638123600 27.51 66.37 289 4.103
1638123660 27.6 66.43 283 4.098
1638123720 27.74 66.52 289 4.098
1638123780 27.77 66.49 271 4.098
1638123840 27.56 67.02 265 4.108
1638123900 27.63 66.93 277 4.114
1638123960 27.64 66.85 307 4.108
1638124020 27.57 66.79 355 4.103
1638124080 27.56 67.33 391 4.103
1638124140 27.5 66.62 391 4.098
1638124200 27.63 65.69 415 4.098
1638124260 27.8 64.84 475 4.098
1638124320 27.67 63.99 795 4.098
1638124380 27.74 63.02 444 4.098
1638124440 28.05 63.54 408 4.098
1638124500 28.19 62.6 420 4.092
1638124560 28.29 62.72 426 4.098
1638124620 28.32 62.8 432 4.092
1638124680 28.11 61.8 480 4.092
1638124740 27.95 62.89 393 4.114
1638124800 28.14 64.02 338 4.119
1638124860 28.21 64.27 326 4.119
1638124920 28.28 64.19 314 4.125
1638124980 28.05 64.83 320 4.125
1638125040 27.64 66.02 350 4.114
1638125100 27.65 66.66 367 4.108
1638125160 27.84 66.25 361 4.103
1638125220 27.76 65.98 361 4.103
1638125280 27.74 66.52 367 4.103
1638125340 27.98 65.75 397 4.098
1638125400 28.14 65.48 1114 4.098
1638125460 28.22 65.18 1085 4.098
1638125520 28.77 64.31 650 4.103
1638125580 29.27 62.57 763 4.098
1638125640 29.61 61.83 546 4.092
1638125700 28.93 62.28 492 4.092
1638125760 28.74 63.09 528 4.092
1638125820 28.96 62.85 582 4.092
1638125880 29.09 62.63 685 4.092
1638125940 29.27 62.16 883 4.092
1638126000 29.41 61.92 1203 4.092
1638126060 29.6 61.73 1185 4.092
1638126120 29.86 61.5 847 4.087
1638126180 29.99 60.93 504 4.092
1638126240 29.85 61.2 468 4.087
1638126300 29.24 62.61 468 4.087
1638126360 28.76 64.28 570 4.087
1638126420 28.7 64.98 852 4.087
1638126480 28.53 65.19 1075 4.087
1638126540 28.18 66.8 798 4.087
1638126600 28.42 66.75 480 4.082
1638126660 28.63 65.51 377 4.087
1638126720 28.35 66.31 299 4.082
1638126780 28.26 66.49 287 4.082
1638126840 28.12 67.03 539 4.087
1638126900 27.58 67.93 581 4.082
1638126960 27.68 68.66 876 4.082
1638127020 27.8 67.77 935 4.082
1638127080 27.78 67.61 935 4.082
1638127140 27.94 67.48 886 4.082
1638127200 28.23 67.15 774 4.076
1638127260 28.93 65.53 257 4.082
1638127320 29.38 63.93 245 4.082
1638127380 29.44 62.96 251 4.082
1638127440 28.94 64.17 694 4.082
1638127500 28.62 64.96 760 4.076
1638127560 28.77 65 784 4.076
1638127620 28.48 65.49 772 4.076
1638127680 28.96 64.48 772 4.076
1638127740 28.96 64.14 778 4.076
1638127800 29.44 63 778 4.076
1638127860 29.2 63.68 778 4.076
1638127920 29.5 63.14 771 4.076
1638127980 29.64 62.38 764 4.076
1638128040 29.84 61.93 758 4.071
1638128100 29.53 62.55 752 4.071
1638128160 29.38 63.17 748 4.076
1638128220 29.75 62.49 734 4.071
1638128280 30.05 60.94 734 4.071
1638128340 29.99 60.59 730 4.065
1638128400 30.29 59.39 730 4.071
1638128460 29.85 60.77 740 4.071
1638128520 29.76 60.45 783 4.071
1638128580 29.72 61.58 811 4.065
1638128640 29.99 61.26 811 4.071
1638128700 30.16 60.39 795 4.071
1638128760 29.85 60.94 304 4.065
1638128820 29.82 59.82 262 4.065
1638128880 29.37 60.85 256 4.065
1638128940 29 62.51 268 4.065
1638129000 28.59 65.24 722 4.065
1638129060 28.19 66.65 746 4.065
1638129120 28.49 66.29 758 4.065
1638129180 28.79 64.16 674 4.065
1638129240 29.12 61.87 737 4.114
1638129300 29.03 59.43 719 4.082
1638129360 29.12 61.02 490 4.076
1638129420 28.93 61.86 215 4.076
1638129480 28.9 62.06 179 4.071
1638129540 28.9 62.91 173 4.071
1638129600 29.09 61.9 221 4.071
1638129660 28.72 62.3 424 4.071
1638129720 28.55 63.87 513 4.065
1638129780 28.73 63.89 712 4.071
1638129840 29.04 63.01 716 4.065
1638129900 29.68 61.57 698 4.071
1638129960 29.67 59.95 662 4.065
1638130020 29.74 59.54 304 4.065
1638130080 29.45 59.72 262 4.065
1638130140 29.6 59.46 632 4.108
1638130200 29.28 60.64 667 4.125
1638130260 29.04 61.48 683 4.082
1638130320 29.25 61.47 700 4.082
1638130380 29.58 60.88 694 4.076
1638130440 29.81 60.37 700 4.076
1638130500 29.85 60.16 712 4.071
1638130560 30.11 59.79 724 4.071
1638130620 29.99 59.56 394 4.071
1638130680 29.76 60.62 424 4.071
1638130740 29.91 60.06 746 4.071
1638130800 30.01 59.87 664 4.071
1638130860 29.98 60.38 513 4.071
1638130920 30.14 60.01 706 4.065
1638130980 29.76 60.62 561 4.065
1638131040 29.69 60.07 731 4.114
1638131100 29.88 60.49 761 4.082
1638131160 29.89 59.89 766 4.076
1638131220 30.3 58.78 748 4.076
1638131280 30.4 58.57 460 4.071
1638131340 30.37 58.47 406 4.071
1638131400 30.37 59.1 364 4.071
1638131460 30.22 59.07 340 4.071
1638131520 29.71 59.57 322 4.071
1638131580 29.4 59.96 322 4.065
1638131640 28.97 61.33 322 4.071
1638131700 28.67 62.33 328 4.071
1638131760 28.8 62.69 328 4.071
1638131820 28.76 63.22 328 4.065
1638131880 28.69 63.28 334 4.065
1638131940 28.53 63.99 317 4.082
1638132000 28.49 64.98 305 4.082
1638132060 28.38 65.31 305 4.087
1638132120 28.56 65.08 293 4.087
1638132180 28.39 65.24 287 4.076
1638132240 28.14 65.59 292 4.071
1638132300 27.92 66.39 346 4.071
1638132360 27.91 66.04 322 4.071
1638132420 27.72 66.83 280 4.071
1638132480 27.76 67.3 358 4.071
1638132540 28.02 66.57 268 4.071
1638132600 28.18 66.1 256 4.065
1638132660 28.25 65.57 256 4.065
1638132720 28.26 65.65 262 4.065
1638132780 28.11 65.48 256 4.065
1638132840 27.95 66.31 257 4.076
1638132900 27.97 66.16 251 4.082
1638132960 27.91 66.51 239 4.082
1638133020 28.07 66.42 239 4.082
1638133080 28.19 65.45 227 4.082
1638133140 28.22 65.38 215 4.087
1638133200 28.15 65.93 203 4.087
1638133260 28.02 66.57 191 4.087
1638133320 28.01 66.52 197 4.087
1638133380 28 66.58 209 4.087
1638133440 27.97 66.69 173 4.087
1638133500 27.76 66.87 173 4.087
1638133560 27.67 67.32 167 4.087
1638133620 27.71 67.46 161 4.082
1638133680 27.72 67.01 149 4.087
1638133740 27.65 67.2 149 4.082
1638133800 27.6 67.71 149 4.082
1638133860 27.53 68.38 149 4.082
1638133920 27.57 68.61 149 4.087
1638133980 27.65 68.17 149 4.087
1638134040 27.64 68.16 143 4.082
1638134100 27.63 68.59 143 4.082
1638134160 27.46 69.2 131 4.087
1638134220 27.39 69.24 118 4.082
1638134280 27.41 69.4 106 4.082
1638134340 27.3 69.24 100 4.082
1638134400 27.23 69.89 100 4.082
1638134460 27.13 70.56 100 4.082
1638134520 27.1 70.1 94 4.082
1638134580 27.1 69.95 88 4.082
1638134640 26.98 70.51 88 4.076
1638134700 26.89 70.72 94 4.076
1638134760 26.86 70.88 112 4.082
1638134820 26.85 70.73 131 4.082
1638134880 26.83 70.92 143 4.082
1638134940 26.78 71.16 137 4.082
1638135000 26.79 71.25 131 4.082
1638135060 26.89 71.18 112 4.082
1638135120 26.89 71.35 106 4.076
1638135180 26.72 71.64 94 4.082
1638135240 26.68 72.06 94 4.082
1638135300 26.61 72.21 88 4.082
1638135360 26.63 72.49 88 4.082
1638135420 26.63 72.5 88 4.076
1638135480 26.52 72.83 82 4.076
1638135540 26.46 73.04 76 4.071
1638135600 26.41 73.06 70 4.076
1638135660 26.34 73.32 76 4.076
1638135720 26.27 73.75 76 4.071
1638135780 26.2 73.92 76 4.071
1638135840 26.04 74.42 76 4.071
1638135900 25.97 74.8 76 4.071
1638135960 25.97 74.71 76 4.071
1638136020 25.94 74.75 82 4.071
1638136080 25.9 74.92 82 4.071
1638136140 25.98 74.79 82 4.071
1638136200 26.01 74.79 82 4.076
1638136260 25.95 74.65 76 4.071
1638136320 25.94 74.86 70 4.071
1638136380 25.86 75.25 58 4.071
1638136440 25.76 75.93 52 4.065
1638136500 25.77 75.92 52 4.065
1638136560 25.74 75.93 46 4.071
1638136620 25.81 75.75 40 4.071
1638136680 25.62 76.26 34 4.065
1638136740 25.62 76.51 34 4.065
1638136800 25.54 76.89 28 4.065
1638136860 25.53 77.05 28 4.071
1638136920 25.6 76.95 22 4.065
1638136980 25.57 77.07 22 4.065
1638137040 25.56 77.2 22 4.065
1638137100 25.49 77.52 22 4.065
1638137160 25.43 77.7 22 4.065
1638137220 25.39 77.98 16 4.065
1638137280 25.36 78.11 16 4.065
1638137340 25.29 78.31 16 4.06
1638137400 25.28 78.57 16 4.06
1638137460 25.19 78.69 16 4.065
1638137520 25.16 79 22 4.06
1638137580 25.18 79.03 16 4.06
1638137640 25.26 78.86 16 4.06
1638137700 25.22 78.84 16 4.06
1638137760 25.23 78.98 16 4.065
1638137820 25.08 79.43 16 4.065
1638137880 24.96 79.94 16 4.06
1638137940 24.91 80.25 10 4.06
1638138000 24.85 80.51 10 4.06
1638138060 24.81 80.52 10 4.06
1638138120 24.79 80.52 10 4.06
1638138180 24.77 80.63 10 4.06
1638138240 24.82 80.59 10 4.06
1638138300 24.83 80.49 10 4.055
1638138360 24.81 80.48 4 4.06
1638138420 24.81 80.63 4 4.06
1638138480 24.78 80.56 4 4.055
1638138540 24.81 80.61 4 4.06
1638138600 24.72 80.82 4 4.06
1638138660 24.71 81.01 0 4.055
1638138720 24.7 81.19 0 4.06
1638138780 24.65 81.24 0 4.055
1638138840 24.61 81.6 0 4.06
1638138900 24.64 81.65 0 4.06
1638138960 24.65 81.61 0 4.06
1638139020 24.62 81.74 0 4.06
1638139080 24.64 81.7 0 4.055
1638139140 24.68 81.66 0 4.049
1638139200 24.62 81.83 0 4.055
1638139260 24.64 81.9 0 4.049
1638139320 24.65 81.84 0 4.055
1638139380 24.58 82.03 0 4.055
1638139440 24.54 82.51 0 4.055
1638139500 24.54 82.68 0 4.055
1638139560 24.53 82.82 0 4.055
1638139620 24.54 82.79 0 4.055
1638139680 24.57 82.68 0 4.055
1638139740 24.61 82.76 0 4.055
1638139800 24.58 82.8 0 4.055
1638139860 24.55 83.07 0 4.055
1638139920 24.55 83.07 0 4.055
1638139980 24.57 83.08 0 4.055
1638140040 24.54 83 0 4.049
1638140100 24.53 83.19 0 4.049
1638140160 24.5 83.32 0 4.049
1638140220 24.46 83.62 0 4.049
1638140280 24.44 83.72 0 4.049
1638140340 24.46 83.68 0 4.055
1638140400 24.47 83.67 0 4.049
1638140460 24.44 83.66 0 4.049
1638140520 24.41 83.79 0 4.049
1638140580 24.41 83.81 0 4.049
1638140640 24.42 83.74 0 4.049
1638140700 24.41 83.86 0 4.049
1638140760 24.48 83.81 0 4.049
1638140820 24.48 83.73 0 4.049
1638140880 24.48 83.61 0 4.049
1638140940 24.5 83.59 0 4.044
1638141000 24.53 83.67 0 4.044
1638141060 24.53 83.67 0 4.044
1638141120 24.5 83.56 0 4.049
1638141180 24.5 83.68 0 4.049
1638141240 24.5 83.78 0 4.049
1638141300 24.48 83.71 0 4.044
1638141360 24.42 83.5 0 4.044
1638141420 24.41 83.1 0 4.044
1638141480 24.32 82.7 0 4.049
1638141540 24.35 82.95 0 4.044
1638141600 24.35 82.74 0 4.044
1638141660 24.41 82.68 0 4.044
1638141720 24.35 82.54 0 4.044
1638141780 24.37 82.66 0 4.044
1638141840 24.32 81.21 0 4.044
1638141900 24.24 80.68 0 4.039
1638141960 24.13 80.21 0 4.044
1638142020 24.09 80.23 0 4.044
1638142080 24.1 79.95 0 4.044
1638142140 24.01 79.59 0 4.044
1638142200 23.99 79.31 0 4.044
1638142260 23.93 78.89 0 4.044
1638142320 23.96 79.08 0 4.044
1638142380 23.99 79.21 0 4.044
1638142440 24 79.13 0 4.044
1638142500 23.95 79.08 0 4.044
1638142560 23.93 79.05 0 4.044
1638142620 23.89 79.17 0 4.044
1638142680 23.9 79.13 0 4.044
1638142740 23.9 79.18 0 4.039
1638142800 23.86 79.26 0 4.039
1638142860 23.8 79.59 0 4.039
1638142920 23.84 79.58 0 4.039
1638142980 23.86 79.54 0 4.039
1638143040 23.86 79.39 0 4.044
1638143100 23.86 79.36 0 4.039
1638143160 23.84 79.4 0 4.039
1638143220 23.86 79.5 0 4.039
1638143280 23.84 79.05 0 4.039
1638143340 23.86 79.11 0 4.039
1638143400 23.87 79.2 0 4.039
1638143460 23.86 79.11 0 4.039
1638143520 23.86 79.06 0 4.039
1638143580 23.9 78.85 0 4.039
1638143640 23.93 78.55 0 4.033
1638143700 23.86 78.22 0 4.039
1638143760 23.87 78.66 0 4.039
1638143820 23.9 78.79 0 4.033
1638143880 23.89 78.91 0 4.039
1638143940 23.92 78.89 0 4.039
1638144000 23.89 79.09 0 4.039
1638144060 23.84 79.11 0 4.039
1638144120 23.81 79.27 0 4.039
1638144180 23.77 79.38 0 4.039
1638144240 23.76 79.33 0 4.039
1638144300 23.7 79.17 0 4.039
1638144360 23.65 79.23 0 4.039
1638144420 23.63 79.22 0 4.039
1638144480 23.58 79.33 0 4.039
1638144540 23.59 79.32 0 4.033
1638144600 23.59 79.48 0 4.033
1638144660 23.6 79.33 0 4.033
1638144720 23.62 78.77 0 4.033
1638144780 23.63 78.59 0 4.033
1638144840 23.62 77.8 0 4.033
1638144900 23.7 77.89 0 4.039
1638144960 23.75 77.52 0 4.033
1638145020 23.73 77.29 0 4.039
1638145080 23.79 77.17 0 4.033
1638145140 23.8 77.12 0 4.033
1638145200 23.79 77.2 0 4.033
1638145260 23.76 77.27 0 4.033
1638145320 23.77 77.56 0 4.033
1638145380 23.83 77.82 0 4.033
1638145440 23.83 77.77 0 4.028
1638145500 23.81 77.86 0 4.028
1638145560 23.8 78.02 0 4.033
1638145620 23.76 77.9 0 4.033
1638145680 23.79 78.06 0 4.033
1638145740 23.77 78.04 0 4.033
1638145800 23.72 78.17 0 4.033
1638145860 23.7 78.31 0 4.033
1638145920 23.7 78.29 0 4.028
1638145980 23.68 78.33 0 4.033
1638146040 23.63 78.64 0 4.033
1638146100 23.63 78.81 0 4.033
1638146160 23.63 79.15 0 4.033
1638146220 23.59 79.98 0 4.033
1638146280 23.52 80.4 0 4.033
1638146340 23.52 79.73 0 4.028
1638146400 23.5 79.62 0 4.028
1638146460 23.52 79.73 0 4.028
1638146520 23.53 79.84 0 4.028
1638146580 23.53 79.66 0 4.028
1638146640 23.52 79.27 0 4.033
1638146700 23.55 79.15 0 4.028
1638146760 23.52 78.9 0 4.028
1638146820 23.58 78.53 0 4.028
1638146880 23.6 77.62 0 4.028
1638146940 23.68 77.63 0 4.028
1638147000 23.72 77.63 0 4.028
1638147060 23.72 77.41 0 4.028
1638147120 23.77 77.3 0 4.028
1638147180 23.81 77.36 0 4.028
1638147240 23.84 77.34 0 4.028
1638147300 23.87 77.38 0 4.028
1638147360 23.89 77.5 0 4.028
1638147420 23.89 77.65 0 4.028
1638147480 23.9 77.82 0 4.028
1638147540 23.89 78.07 0 4.028
1638147600 23.86 78.28 0 4.028
1638147660 23.9 78.45 0 4.028
1638147720 23.9 78.6 0 4.028
1638147780 23.9 78.83 0 4.028
1638147840 23.86 78.88 0 4.028
1638147900 23.84 79.07 0 4.028
1638147960 23.83 79.29 0 4.028
1638148020 23.81 79.61 0 4.022
1638148080 23.76 80.21 0 4.028
1638148140 23.76 80.43 0 4.022
1638148200 23.77 80.85 0 4.022
1638148260 23.69 81.06 0 4.022
1638148320 23.66 81.16 0 4.022
1638148380 23.63 81.59 0 4.022
1638148440 23.58 82.15 0 4.022
1638148500 23.5 82.52 0 4.022
1638148560 23.48 82.89 0 4.028
1638148620 23.44 82.98 0 4.022
1638148680 23.39 83.4 0 4.028
1638148740 23.3 83.72 0 4.022
1638148800 23.26 83.88 0 4.022
1638148860 23.25 84.04 0 4.022
1638148920 23.24 84.13 0 4.028
1638148980 23.21 84.21 0 4.022
1638149040 23.19 84.21 0 4.022
1638149100 23.12 84.37 0 4.022
1638149160 23.11 84.53 0 4.017
1638149220 23.08 84.61 0 4.022
1638149280 23.05 84.76 0 4.022
1638149340 23.07 84.94 0 4.022
1638149400 23.05 85.01 0 4.022
1638149460 23.05 85.08 0 4.022
1638149520 23.01 85.05 0 4.022
1638149580 23.05 85.16 0 4.022
1638149640 23.14 85 0 4.017
1638149700 23.17 84.14 0 4.017
1638149760 23.22 83.69 0 4.022
1638149820 23.24 83.37 0 4.017
1638149880 23.3 83.26 0 4.017
1638149940 23.32 83.23 0 4.017
1638150000 23.36 82.82 0 4.017
1638150060 23.36 83 0 4.017
1638150120 23.39 83.05 0 4.017
1638150180 23.39 83.07 0 4.017
1638150240 23.42 83.11 0 4.017
1638150300 23.45 82.83 0 4.017
1638150360 23.5 82.37 0 4.017
1638150420 23.52 82.23 0 4.017
1638150480 23.53 82.13 0 4.017
1638150540 23.58 82.07 0 4.017
1638150600 23.59 81.78 0 4.017
1638150660 23.59 81.7 0 4.017
1638150720 23.59 81.39 0 4.017
1638150780 23.65 81.22 0 4.017
1638150840 23.65 80.91 0 4.012
1638150900 23.63 80.67 0 4.017
1638150960 23.63 80.82 0 4.017
1638151020 23.68 80.62 0 4.017
1638151080 23.69 80.69 0 4.017
1638151140 23.68 80.73 0 4.017
1638151200 23.62 81.26 0 4.017
1638151260 23.62 81.6 0 4.017
1638151320 23.62 81.88 0 4.017
1638151380 23.63 82.07 0 4.017
1638151440 23.59 82.27 0 4.017
1638151500 23.53 82.52 0 4.017
1638151560 23.49 82.8 0 4.017
1638151620 23.45 82.99 0 4.012
1638151680 23.39 83.03 0 4.017
1638151740 23.35 82.78 0 4.012
1638151800 23.32 83.11 0 4.012
1638151860 23.28 83.3 0 4.017
1638151920 23.3 83.43 0 4.012
1638151980 23.29 83.17 0 4.012
1638152040 23.32 82.82 0 4.017
1638152100 23.36 82.4 0 4.012
1638152160 23.39 82.28 0 4.012
1638152220 23.38 82.15 0 4.017
1638152280 23.38 82.29 0 4.012
1638152340 23.33 81.81 0 4.012
1638152400 23.42 81.82 0 4.017
1638152460 23.49 81.82 0 4.012
1638152520 23.48 81.79 0 4.012
1638152580 23.45 81.69 0 4.012
1638152640 23.48 81.41 0 4.012
1638152700 23.46 81.06 0 4.012
1638152760 23.46 80.64 0 4.012
1638152820 23.48 80.92 0 4.017
1638152880 23.5 81.6 0 4.012
1638152940 23.39 82.65 0 4.012
1638153000 23.29 83.33 0 4.012
1638153060 23.25 83.55 0 4.012
1638153120 23.19 83.82 0 4.012
1638153180 23.17 84.02 0 4.012
1638153240 23.09 84.25 0 4.012
1638153300 23.07 84.45 0 4.012
1638153360 22.98 84.57 0 4.012
1638153420 22.95 84.53 0 4.012
1638153480 22.94 84.62 0 4.012
1638153540 22.91 84.76 0 4.006
1638153600 22.85 84.88 0 4.006
1638153660 22.87 84.72 0 4.006
1638153720 22.88 84.56 0 4.006
1638153780 22.88 84.61 0 4.012
1638153840 22.87 84.32 0 4.012
1638153900 22.88 84.36 0 4.006
1638153960 22.88 84.48 0 4.006
1638154020 22.91 84.48 0 4.012
1638154080 22.9 84.4 0 4.012
1638154140 22.9 84.39 0 4.012
1638154200 22.87 84.39 0 4.006
1638154260 22.87 84.23 0 4.012
1638154320 22.85 84.17 0 4.006
1638154380 22.88 83.93 0 4.006
1638154440 22.87 83.44 0 4.006
1638154500 22.9 83.22 0 4.006
1638154560 22.93 83.12 0 4.006
1638154620 22.95 83 0 4.006
1638154680 22.97 83.04 0 4.012
1638154740 22.97 83.08 0 4.006
1638154800 22.95 83.15 0 4.006
1638154860 22.93 83.06 0 4.006
1638154920 22.99 82.72 0 4.006
1638154980 23.02 82.04 0 4.006
1638155040 23.07 82.08 0 4.006
1638155100 23.05 82.38 0 4.006
1638155160 23.02 82.48 0 4.006
1638155220 23.02 82.52 0 4.006
1638155280 23.01 82.55 0 4.006
1638155340 23.01 82.51 0 4.001
1638155400 23.04 82.42 0 4.006
1638155460 23.01 82.27 0 4.001
1638155520 23.04 82.15 0 4.001
1638155580 23.08 81.77 0 4.006
1638155640 23.09 81.52 0 4.001
1638155700 23.14 81.49 0 4.006
1638155760 23.11 81.5 0 4.006
1638155820 23.17 81.4 0 4.006
1638155880 23.21 81.13 0 4.006
1638155940 23.24 81.06 0 4.001
1638156000 23.22 80.88 0 4.006
1638156060 23.25 80.65 0 4.001
1638156120 23.28 80.63 0 4.001
1638156180 23.25 80.66 0 4.006
1638156240 23.26 80.75 0 4.001
1638156300 23.25 80.77 0 4.001
1638156360 23.24 81.06 0 4.001
1638156420 23.21 81.27 0 4.001
1638156480 23.15 81.29 0 4.001
1638156540 23.17 81.45 0 4.006
1638156600 23.18 81.53 0 4.001
1638156660 23.17 81.55 0 4.001
1638156720 23.11 82.02 0 4.006
1638156780 23.08 82.12 0 4.001
1638156840 23.05 82.34 0 4.006
1638156900 23.04 82.19 0 4.001
1638156960 23.02 82.36 0 4.001
1638157020 23.02 82.53 0 4.001
1638157080 22.99 82.22 0 4.001
1638157140 23.01 82.23 0 4.001
1638157200 22.98 82.24 0 4.001
1638157260 22.99 82.26 0 4.001
1638157320 23.02 82.21 0 4.001
1638157380 23.05 81.73 0 4.001
1638157440 23.08 81.73 0 4.001
1638157500 23.09 81.54 0 4.001
1638157560 23.09 81.48 0 4.001
1638157620 23.11 81.43 0 4.001
1638157680 23.14 81.35 0 4.001
1638157740 23.14 81.36 0 4.001
1638157800 23.12 81.31 0 4.001
1638157860 23.14 81.4 0 4.001
1638157920 23.09 81.52 0 4.001
1638157980 23.09 81.51 0 4.001
1638158040 23.09 81.46 0 3.996
1638158100 23.11 81.47 0 4.001
1638158160 23.12 81.39 0 3.996
1638158220 23.15 81.29 0 3.996
1638158280 23.17 81.29 0 3.996
1638158340 23.15 81.25 0 4.001
1638158400 23.17 81.2 0 4.001
1638158460 23.18 81.16 0 4.001
1638158520 23.22 80.86 0 4.001
1638158580 23.25 80.77 0 3.996
1638158640 23.33 80.4 0 4.001
1638158700 23.39 80.01 0 4.001
1638158760 23.39 80.06 0 3.996
1638158820 23.39 79.84 0 3.996
1638158880 23.42 79.72 0 3.996
1638158940 23.42 79.49 0 3.996
1638159000 23.49 79.58 0 3.996
1638159060 23.49 79.56 0 3.996
1638159120 23.49 79.52 0 3.996
1638159180 23.49 79.5 0 3.996
1638159240 23.5 79.51 0 3.996
1638159300 23.52 79.65 0 3.996
1638159360 23.49 79.86 0 3.996
1638159420 23.52 79.94 0 3.996
1638159480 23.52 79.99 0 3.996
1638159540 23.53 80.01 0 3.996
1638159600 23.53 80 0 3.996
1638159660 23.52 80.03 0 3.996
1638159720 23.52 80.01 0 3.996
1638159780 23.49 79.97 0 3.996
1638159840 23.46 79.94 0 3.996
1638159900 23.48 79.92 0 3.996
1638159960 23.49 79.9 0 3.996
1638160020 23.48 79.87 0 3.996
1638160080 23.49 79.86 0 3.99
1638160140 23.45 79.97 0 3.996
1638160200 23.42 80.24 0 3.996
1638160260 23.35 80.38 0 3.99
1638160320 23.29 80.58 0 3.996
1638160380 23.22 80.91 0 3.996
1638160440 23.18 81.01 0 3.996
1638160500 23.11 81.34 0 3.996
1638160560 23.02 81.68 0 3.996
1638160620 22.99 81.78 0 3.996
1638160680 22.95 82.04 0 3.996
1638160740 22.91 81.93 0 3.99
1638160800 22.84 82.1 0 3.99
1638160860 22.75 82.41 0 3.99
1638160920 22.77 82.61 0 3.99
1638160980 22.67 82.81 0 3.99
1638161040 22.68 82.98 0 3.996
1638161100 22.63 83.01 0 3.99
1638161160 22.58 83.08 0 3.99
1638161220 22.56 83.23 0 3.996
1638161280 22.53 83.52 0 3.99
1638161340 22.51 83.42 0 3.99
1638161400 22.47 83.93 0 3.99
1638161460 22.44 84.25 0 3.99
1638161520 22.4 84.3 0 3.996
1638161580 22.34 84.3 0 3.99
1638161640 22.3 84.22 0 3.985
1638161700 22.26 84.8 0 3.99
1638161760 22.39 84.52 0 3.99
1638161820 22.46 84.23 0 3.99
1638161880 22.56 83.95 0 3.99
1638161940 22.57 83.75 0 3.99
