1644642000 21.76 83.79 0 4.076
1644642060 21.74 83.92 0 4.076
1644642120 21.73 84.03 0 4.076
1644642180 21.74 84.1 0 4.076
1644642240 21.71 84.22 0 4.076
1644642300 21.71 84.29 0 4.076
1644642360 21.71 84.4 0 4.076
1644642420 21.73 84.46 0 4.076
1644642480 21.73 84.52 0 4.076
1644642540 21.71 84.6 0 4.071
1644642600 21.74 84.68 0 4.071
1644642660 21.76 84.72 0 4.076
1644642720 21.8 84.78 0 4.076
1644642780 21.76 84.83 0 4.076
1644642840 21.77 84.88 0 4.076
1644642900 21.76 84.93 0 4.076
1644642960 21.8 84.98 0 4.076
1644643020 21.79 85.06 0 4.071
1644643080 21.79 85.07 0 4.076
1644643140 21.81 85.14 0 4.076
1644643200 21.81 85.18 0 4.071
1644643260 21.8 85.23 0 4.076
1644643320 21.81 85.26 0 4.071
1644643380 21.85 85.34 0 4.071
1644643440 21.81 85.38 0 4.071
1644643500 21.83 85.42 0 4.076
1644643560 21.84 85.44 0 4.071
1644643620 21.84 85.47 0 4.071
1644643680 21.84 85.52 0 4.071
1644643740 21.85 85.53 0 4.071
1644643800 21.87 85.6 0 4.071
1644643860 21.9 85.63 0 4.071
1644643920 21.87 85.68 0 4.076
1644643980 21.9 85.73 0 4.076
1644644040 21.87 85.7 0 4.076
1644644100 21.84 85.73 0 4.071
1644644160 21.88 85.74 0 4.076
1644644220 21.9 85.8 0 4.076
1644644280 21.9 85.8 0 4.076
1644644340 21.91 85.79 0 4.071
1644644400 21.91 85.8 0 4.071
1644644460 21.91 85.78 0 4.071
1644644520 21.91 85.82 0 4.076
1644644580 21.94 85.86 0 4.076
1644644640 21.93 85.84 0 4.071
1644644700 21.94 85.85 0 4.071
1644644760 21.93 85.86 0 4.076
1644644820 21.9 85.81 0 4.071
1644644880 21.9 85.79 0 4.076
1644644940 21.95 85.78 0 4.071
1644645000 21.93 85.72 0 4.076
1644645060 21.94 85.73 0 4.071
1644645120 21.93 85.68 0 4.071
1644645180 21.91 85.62 0 4.071
1644645240 21.94 85.62 0 4.071
1644645300 21.91 85.54 0 4.076
1644645360 21.93 85.49 0 4.076
1644645420 21.94 85.45 0 4.071
1644645480 21.93 85.36 0 4.076
1644645540 21.93 85.28 0 4.071
1644645600 21.95 85.25 0 4.076
1644645660 21.95 85.1 0 4.071
1644645720 21.98 85.01 0 4.071
1644645780 22.01 84.91 0 4.076
1644645840 22.01 84.79 0 4.076
1644645900 22.01 84.64 0 4.076
1644645960 22.04 84.54 0 4.076
1644646020 22.01 84.45 0 4.071
1644646080 22.03 84.32 0 4.071
1644646140 22 84.28 0 4.076
1644646200 21.97 84.15 0 4.071
1644646260 21.97 84.11 0 4.071
1644646320 21.98 84.02 0 4.076
1644646380 21.95 83.94 0 4.071
1644646440 21.97 83.93 0 4.071
1644646500 21.97 83.84 0 4.071
1644646560 21.98 83.81 0 4.071
1644646620 21.95 83.79 0 4.076
1644646680 21.98 83.77 0 4.071
1644646740 21.93 83.7 0 4.076
1644646800 21.91 83.62 0 4.071
1644646860 21.91 83.6 0 4.071
1644646920 21.91 83.57 0 4.076
1644646980 21.9 83.54 0 4.071
1644647040 21.87 83.46 0 4.071
1644647100 21.88 83.46 0 4.071
1644647160 21.84 83.43 0 4.071
1644647220 21.85 83.33 0 4.076
1644647280 21.83 83.31 0 4.071
1644647340 21.8 83.25 0 4.076
1644647400 21.81 83.22 0 4.071
1644647460 21.8 83.1 0 4.071
1644647520 21.81 83.04 0 4.071
1644647580 21.79 83.01 0 4.071
1644647640 21.77 82.88 0 4.071
1644647700 21.74 82.82 0 4.071
1644647760 21.81 82.75 0 4.076
1644647820 21.81 82.59 0 4.071
1644647880 21.87 82.49 0 4.071
1644647940 21.91 82.42 0 4.071
1644648000 21.88 82.29 0 4.071
1644648060 21.91 82.14 0 4.071
1644648120 21.9 82 0 4.071
1644648180 21.9 81.9 0 4.071
1644648240 21.91 81.79 0 4.071
1644648300 21.91 81.67 0 4.076
1644648360 21.88 81.6 0 4.071
1644648420 21.87 81.51 0 4.071
1644648480 21.84 81.41 0 4.071
1644648540 21.83 81.34 0 4.071
1644648600 21.81 81.3 0 4.071
1644648660 21.79 81.31 0 4.076
1644648720 21.71 81.26 0 4.071
1644648780 21.73 81.33 0 4.071
1644648840 21.67 81.33 0 4.071
1644648900 21.63 81.39 0 4.071
1644648960 21.57 81.4 0 4.071
1644649020 21.54 81.43 0 4.071
1644649080 21.52 81.47 0 4.071
1644649140 21.56 81.55 0 4.071
1644649200 21.65 81.64 0 4.076
1644649260 21.65 81.68 0 4.071
1644649320 21.65 81.77 0 4.071
1644649380 21.64 81.87 0 4.071
1644649440 21.64 81.94 0 4.071
1644649500 21.61 82.05 0 4.071
1644649560 21.58 82.16 0 4.076
1644649620 21.57 82.27 0 4.071
1644649680 21.56 82.35 0 4.071
1644649740 21.56 82.45 0 4.071
1644649800 21.53 82.63 0 4.071
1644649860 21.53 82.75 0 4.071
1644649920 21.53 82.95 0 4.071
1644649980 21.49 83.1 0 4.071
1644650040 21.52 83.29 0 4.071
1644650100 21.46 83.47 0 4.071
1644650160 21.42 83.61 0 4.071
1644650220 21.43 83.78 0 4.071
1644650280 21.39 83.95 0 4.071
1644650340 21.42 84.15 0 4.071
1644650400 21.4 84.32 0 4.071
1644650460 21.37 84.49 0 4.071
1644650520 21.34 84.65 0 4.071
1644650580 21.33 84.83 0 4.071
1644650640 21.32 84.99 0 4.071
1644650700 21.33 85.16 0 4.071
1644650760 21.29 85.31 0 4.071
1644650820 21.28 85.46 0 4.071
1644650880 21.28 85.6 0 4.071
1644650940 21.28 85.71 0 4.071
1644651000 21.28 85.85 0 4.071
1644651060 21.26 85.98 0 4.071
1644651120 21.22 86.1 0 4.071
1644651180 21.2 86.19 0 4.071
1644651240 21.19 86.31 0 4.071
1644651300 21.2 86.43 0 4.071
1644651360 21.16 86.55 0 4.071
1644651420 21.19 86.62 0 4.071
1644651480 21.18 86.73 0 4.071
1644651540 21.14 86.81 0 4.071
1644651600 21.18 86.95 0 4.071
1644651660 21.18 87.04 0 4.071
1644651720 21.16 87.14 0 4.071
1644651780 21.14 87.2 0 4.071
1644651840 21.14 87.26 0 4.071
1644651900 21.13 87.36 0 4.071
1644651960 21.13 87.43 0 4.071
1644652020 21.14 87.49 0 4.071
1644652080 21.13 87.55 0 4.071
1644652140 21.1 87.61 0 4.071
1644652200 21.1 87.67 0 4.071
1644652260 21.06 87.79 0 4.071
1644652320 21.09 87.81 0 4.071
1644652380 21.09 87.88 0 4.071
1644652440 21.07 87.91 0 4.065
1644652500 21.1 87.96 0 4.071
1644652560 21.09 88.03 0 4.071
1644652620 21.07 88.1 0 4.071
1644652680 21.06 88.11 0 4.071
1644652740 21.09 88.16 0 4.071
1644652800 21.07 88.23 0 4.071
1644652860 21.05 88.25 0 4.071
1644652920 21.03 88.33 0 4.071
1644652980 21.02 88.34 0 4.071
1644653040 21 88.39 0 4.071
1644653100 21 88.39 0 4.071
1644653160 21 88.49 0 4.071
1644653220 20.96 88.52 0 4.071
1644653280 20.98 88.55 0 4.071
1644653340 20.96 88.59 0 4.065
1644653400 20.95 88.64 0 4.071
1644653460 20.92 88.65 0 4.071
1644653520 20.92 88.7 0 4.071
1644653580 20.92 88.71 0 4.071
1644653640 20.92 88.78 0 4.071
1644653700 20.86 88.8 0 4.065
1644653760 20.86 88.8 0 4.071
1644653820 20.85 88.86 0 4.071
1644653880 20.86 88.88 0 4.071
1644653940 20.83 88.92 0 4.071
1644654000 20.82 88.96 0 4.071
1644654060 20.79 88.98 0 4.071
1644654120 20.78 89.02 0 4.071
1644654180 20.75 89.03 0 4.071
1644654240 20.77 89.04 0 4.071
1644654300 20.78 89.05 0 4.071
1644654360 20.78 89.1 0 4.071
1644654420 20.75 89.1 0 4.071
1644654480 20.74 89.16 0 4.071
1644654540 20.72 89.17 0 4.071
1644654600 20.72 89.21 0 4.071
1644654660 20.69 89.24 0 4.065
1644654720 20.67 89.24 0 4.071
1644654780 20.65 89.3 0 4.071
1644654840 20.61 89.33 0 4.071
1644654900 20.59 89.33 0 4.071
1644654960 20.58 89.39 0 4.071
1644655020 20.58 89.44 0 4.071
1644655080 20.56 89.43 0 4.065
1644655140 20.55 89.47 0 4.065
1644655200 20.52 89.52 0 4.065
1644655260 20.49 89.55 0 4.065
1644655320 20.51 89.59 0 4.071
1644655380 20.49 89.64 0 4.071
1644655440 20.48 89.65 0 4.071
1644655500 20.47 89.68 0 4.065
1644655560 20.45 89.78 0 4.071
1644655620 20.42 89.79 0 4.065
1644655680 20.41 89.83 0 4.071
1644655740 20.38 89.85 0 4.071
1644655800 20.41 89.9 0 4.071
1644655860 20.37 89.93 0 4.071
1644655920 20.37 89.94 0 4.071
1644655980 20.39 89.98 0 4.071
1644656040 20.41 89.96 0 4.065
1644656100 20.45 89.98 0 4.065
1644656160 20.42 89.99 0 4.071
1644656220 20.41 89.97 0 4.071
1644656280 20.47 89.98 0 4.065
1644656340 20.48 89.97 0 4.065
1644656400 20.49 89.97 0 4.065
1644656460 20.48 89.93 0 4.065
1644656520 20.47 89.95 0 4.071
1644656580 20.51 89.91 0 4.065
1644656640 20.48 89.88 0 4.065
1644656700 20.48 89.85 0 4.071
1644656760 20.47 89.84 0 4.071
1644656820 20.41 89.86 0 4.071
1644656880 20.39 89.8 0 4.065
1644656940 20.38 89.8 0 4.065
1644657000 20.39 89.76 0 4.065
1644657060 20.38 89.78 0 4.071
1644657120 20.39 89.78 0 4.071
1644657180 20.37 89.76 0 4.071
1644657240 20.35 89.77 0 4.071
1644657300 20.34 89.74 0 4.065
1644657360 20.31 89.71 0 4.065
1644657420 20.32 89.71 0 4.065
1644657480 20.32 89.72 0 4.071
1644657540 20.32 89.7 0 4.071
1644657600 20.27 89.67 0 4.071
1644657660 20.31 89.62 0 4.071
1644657720 20.26 89.62 0 4.071
1644657780 20.28 89.6 0 4.065
1644657840 20.27 89.57 0 4.065
1644657900 20.26 89.52 0 4.065
1644657960 20.26 89.54 0 4.065
1644658020 20.23 89.48 0 4.065
1644658080 20.23 89.48 0 4.071
1644658140 20.23 89.48 0 4.065
1644658200 20.21 89.42 0 4.065
1644658260 20.23 89.44 0 4.065
1644658320 20.21 89.42 0 4.071
1644658380 20.18 89.42 0 4.065
1644658440 20.18 89.4 0 4.065
1644658500 20.17 89.38 0 4.071
1644658560 20.17 89.32 0 4.065
1644658620 20.18 89.29 0 4.071
1644658680 20.16 89.3 0 4.065
1644658740 20.16 89.29 0 4.065
1644658800 20.13 89.27 0 4.065
1644658860 20.11 89.23 0 4.065
1644658920 20.11 89.23 0 4.065
1644658980 20.08 89.24 0 4.065
1644659040 20.13 89.22 0 4.071
1644659100 20.1 89.23 0 4.065
1644659160 20.08 89.25 0 4.071
1644659220 20.07 89.22 0 4.065
1644659280 20.07 89.25 0 4.065
1644659340 20.07 89.27 0 4.065
1644659400 20.06 89.26 0 4.065
1644659460 20.06 89.31 0 4.065
1644659520 20.01 89.31 0 4.065
1644659580 20.04 89.37 0 4.065
1644659640 20.04 89.4 0 4.065
1644659700 20.03 89.43 0 4.065
1644659760 20.03 89.47 0 4.065
1644659820 20.01 89.54 0 4.065
1644659880 20 89.58 0 4.065
1644659940 20 89.62 0 4.065
1644660000 20.01 89.64 0 4.071
1644660060 20.04 89.64 0 4.065
1644660120 20.08 89.69 0 4.065
1644660180 20.13 89.69 0 4.065
1644660240 20.16 89.74 0 4.065
1644660300 20.17 89.72 0 4.065
1644660360 20.21 89.73 0 4.065
1644660420 20.23 89.77 0 4.065
1644660480 20.2 89.76 0 4.065
1644660540 20.21 89.79 0 4.065
1644660600 20.18 89.75 0 4.065
1644660660 20.24 89.77 0 4.065
1644660720 20.26 89.74 0 4.065
1644660780 20.27 89.73 0 4.065
1644660840 20.27 89.68 0 4.065
1644660900 20.3 89.66 0 4.065
1644660960 20.28 89.62 0 4.065
1644661020 20.35 89.59 0 4.065
1644661080 20.37 89.5 0 4.071
1644661140 20.32 89.49 0 4.065
1644661200 20.3 89.4 0 4.065
1644661260 20.31 89.35 0 4.065
1644661320 20.31 89.29 0 4.065
1644661380 20.31 89.25 0 4.065
1644661440 20.3 89.22 0 4.065
1644661500 20.3 89.13 0 4.065
1644661560 20.3 89.1 0 4.071
1644661620 20.32 89.07 0 4.065
1644661680 20.32 89.04 0 4.065
1644661740 20.3 89 0 4.065
1644661800 20.28 89.03 0 4.065
1644661860 20.28 89.01 0 4.065
1644661920 20.3 88.99 0 4.065
1644661980 20.32 88.97 0 4.065
1644662040 20.32 88.97 0 4.065
1644662100 20.32 88.97 0 4.065
1644662160 20.31 88.99 0 4.065
1644662220 20.32 89 0 4.065
1644662280 20.35 89.04 0 4.065
1644662340 20.34 89.03 0 4.065
1644662400 20.34 89.05 0 4.065
1644662460 20.37 89.07 0 4.065
1644662520 20.34 89.12 0 4.065
1644662580 20.31 89.11 0 4.065
1644662640 20.37 89.11 0 4.065
1644662700 20.38 89.12 0 4.065
1644662760 20.38 89.13 0 4.065
1644662820 20.39 89.14 0 4.065
1644662880 20.39 89.13 0 4.065
1644662940 20.45 89.17 0 4.065
1644663000 20.48 89.16 0 4.065
1644663060 20.45 89.13 0 4.065
1644663120 20.48 89.14 0 4.071
1644663180 20.51 89.1 0 4.065
1644663240 20.56 89.12 0 4.06
1644663300 20.59 89.08 0 4.06
1644663360 20.56 89.04 0 4.065
1644663420 20.59 89.03 0 4.065
1644663480 20.61 89.02 0 4.065
1644663540 20.64 88.99 0 4.065
1644663600 20.67 88.93 0 4.065
1644663660 20.68 88.92 0 4.065
1644663720 20.67 88.91 0 4.065
1644663780 20.65 88.85 0 4.065
1644663840 20.67 88.84 0 4.065
1644663900 20.67 88.85 0 4.065
1644663960 20.65 88.79 0 4.065
1644664020 20.67 88.82 0 4.065
1644664080 20.68 88.75 0 4.065
1644664140 20.64 88.73 0 4.065
1644664200 20.61 88.75 0 4.065
1644664260 20.64 88.77 0 4.065
1644664320 20.65 88.77 0 4.065
1644664380 20.67 88.74 0 4.065
1644664440 20.64 88.69 0 4.065
1644664500 20.65 88.71 4 4.065
1644664560 20.68 88.72 0 4.065
1644664620 20.69 88.71 4 4.065
1644664680 20.69 88.71 4 4.065
1644664740 20.71 88.73 4 4.065
1644664800 20.72 88.74 4 4.065
1644664860 20.72 88.77 4 4.065
1644664920 20.72 88.8 4 4.065
1644664980 20.75 88.75 4 4.065
1644665040 20.77 88.81 4 4.065
1644665100 20.78 88.84 10 4.065
1644665160 20.78 88.83 10 4.06
1644665220 20.79 88.85 10 4.06
1644665280 20.79 88.87 16 4.065
1644665340 20.83 88.88 16 4.065
1644665400 20.83 88.94 16 4.06
1644665460 20.82 88.94 16 4.06
1644665520 20.83 88.94 16 4.065
1644665580 20.83 88.97 22 4.06
1644665640 20.86 89.01 22 4.065
1644665700 20.9 89.02 22 4.065
1644665760 20.92 89 28 4.06
1644665820 20.9 89.06 28 4.065
1644665880 20.93 89.07 28 4.065
1644665940 20.96 89.09 34 4.065
1644666000 20.9 89.11 34 4.065
1644666060 20.92 89.08 34 4.065
1644666120 20.95 89.12 40 4.065
1644666180 20.95 89.12 40 4.06
1644666240 20.96 89.11 40 4.06
1644666300 20.96 89.11 40 4.065
1644666360 20.95 89.1 40 4.065
1644666420 20.99 89.09 40 4.065
1644666480 21 89.1 46 4.065
1644666540 21.03 89.09 52 4.065
1644666600 21.03 89.03 64 4.065
1644666660 21.1 89.02 70 4.065
1644666720 21.14 89.02 82 4.065
1644666780 21.2 88.99 88 4.065
1644666840 21.22 88.97 94 4.065
1644666900 21.25 88.94 94 4.06
1644666960 21.32 88.91 94 4.06
1644667020 21.36 88.86 88 4.065
1644667080 21.39 88.88 88 4.06
1644667140 21.4 88.83 88 4.065
1644667200 21.44 88.82 88 4.06
1644667260 21.52 88.79 88 4.065
1644667320 21.56 88.76 88 4.06
1644667380 21.58 88.72 88 4.06
1644667440 21.58 88.66 94 4.065
1644667500 21.6 88.65 94 4.06
1644667560 21.63 88.62 94 4.065
1644667620 21.6 88.58 88 4.065
1644667680 21.58 88.51 76 4.06
1644667740 21.56 88.49 76 4.065
1644667800 21.58 88.46 70 4.06
1644667860 21.56 88.41 70 4.06
1644667920 21.54 88.41 70 4.06
1644667980 21.52 88.36 70 4.065
1644668040 21.5 88.4 76 4.065
1644668100 21.46 88.33 76 4.06
1644668160 21.44 88.37 76 4.06
1644668220 21.47 88.33 76 4.06
1644668280 21.46 88.3 70 4.06
1644668340 21.54 88.34 76 4.065
1644668400 21.56 88.33 76 4.065
1644668460 21.61 88.3 82 4.065
1644668520 21.65 88.25 94 4.06
1644668580 21.67 88.26 94 4.065
1644668640 21.73 88.22 100 4.06
1644668700 21.73 88.22 100 4.06
1644668760 21.79 88.19 100 4.065
1644668820 21.74 88.15 106 4.065
1644668880 21.8 88.07 100 4.065
1644668940 21.84 87.99 94 4.065
1644669000 21.87 87.91 94 4.06
1644669060 21.87 87.93 100 4.065
1644669120 21.87 87.83 94 4.06
1644669180 21.85 87.74 82 4.065
1644669240 21.94 87.72 82 4.06
1644669300 21.97 87.66 82 4.065
1644669360 21.98 87.59 82 4.06
1644669420 21.97 87.53 70 4.06
1644669480 21.97 87.45 88 4.06
1644669540 22.04 87.42 88 4.065
1644669600 22.05 87.35 88 4.06
1644669660 22.08 87.26 94 4.06
1644669720 22.14 87.21 88 4.065
1644669780 22.16 87.11 88 4.06
1644669840 22.22 87.03 88 4.065
1644669900 22.18 86.95 88 4.06
1644669960 22.18 86.86 88 4.06
1644670020 22.19 86.82 88 4.06
1644670080 22.19 86.72 88 4.06
1644670140 22.25 86.65 88 4.06
1644670200 22.27 86.56 88 4.065
1644670260 22.31 86.44 88 4.065
1644670320 22.36 86.38 88 4.06
1644670380 22.49 86.24 88 4.06
1644670440 22.54 86.16 88 4.06
1644670500 22.49 86.07 94 4.06
1644670560 22.52 85.96 94 4.06
1644670620 22.54 85.86 94 4.065
1644670680 22.61 85.76 94 4.06
1644670740 22.63 85.66 94 4.065
1644670800 22.69 85.55 94 4.06
1644670860 22.76 85.45 94 4.06
1644670920 22.82 85.35 94 4.065
1644670980 22.83 85.18 94 4.065
1644671040 22.85 85.09 100 4.065
1644671100 22.86 84.9 94 4.06
1644671160 22.85 84.76 100 4.06
1644671220 22.89 84.68 100 4.06
1644671280 22.92 84.56 100 4.06
1644671340 22.97 84.39 100 4.06
1644671400 22.96 84.28 100 4.06
1644671460 23.07 84.12 106 4.06
1644671520 23.13 83.95 106 4.065
1644671580 23.16 83.78 106 4.06
1644671640 23.2 83.62 106 4.06
1644671700 23.26 83.47 106 4.06
1644671760 23.29 83.31 106 4.06
1644671820 23.34 83.14 106 4.06
1644671880 23.4 83.01 106 4.065
1644671940 23.43 82.87 106 4.06
1644672000 23.5 82.7 106 4.06
1644672060 23.53 82.6 106 4.065
1644672120 23.54 82.41 106 4.06
1644672180 23.56 82.28 112 4.06
1644672240 23.53 82.12 112 4.06
1644672300 23.56 81.97 112 4.06
1644672360 23.61 81.83 112 4.06
1644672420 23.68 81.73 112 4.06
1644672480 23.7 81.57 112 4.06
1644672540 23.71 81.42 112 4.06
1644672600 23.75 81.23 112 4.06
1644672660 23.74 81.09 112 4.06
1644672720 23.8 80.95 112 4.065
1644672780 23.78 80.85 112 4.06
1644672840 23.81 80.74 112 4.06
1644672900 23.89 80.61 118 4.065
1644672960 23.87 80.48 112 4.06
1644673020 23.92 80.34 112 4.06
1644673080 23.97 80.22 118 4.06
1644673140 23.91 80.08 118 4.06
1644673200 23.94 79.96 118 4.06
1644673260 24.05 79.85 118 4.065
1644673320 24.14 79.74 118 4.06
1644673380 24.19 79.63 118 4.06
1644673440 24.28 79.53 124 4.065
1644673500 24.15 79.34 124 4.065
1644673560 24.22 79.26 124 4.065
1644673620 24.26 79.15 124 4.06
1644673680 24.29 79.03 131 4.065
1644673740 24.23 78.96 195 4.065
1644673800 24.23 78.89 231 4.06
1644673860 24.33 78.79 155 4.06
1644673920 24.42 78.66 143 4.06
1644673980 24.49 78.53 143 4.06
1644674040 24.52 78.41 124 4.06
1644674100 24.55 78.3 124 4.06
1644674160 24.59 78.22 124 4.06
1644674220 24.61 78.08 124 4.065
1644674280 24.59 77.93 124 4.06
1644674340 24.55 77.83 131 4.06
1644674400 24.33 77.63 137 4.065
1644674460 24.46 77.52 143 4.065
1644674520 24.59 77.38 131 4.06
1644674580 24.66 77.3 149 4.065
1644674640 24.76 77.18 131 4.06
1644674700 24.83 77.08 143 4.06
1644674760 24.91 76.94 149 4.06
1644674820 25.04 76.82 167 4.06
1644674880 25.14 76.7 213 4.065
1644674940 25.21 76.55 286 4.06
1644675000 25.13 76.26 280 4.06
1644675060 25.2 76.13 213 4.06
1644675120 25.24 75.87 171 4.06
1644675180 25.44 75.68 177 4.06
1644675240 25.48 75.41 225 4.06
1644675300 25.51 75.19 195 4.065
1644675360 25.64 74.94 167 4.06
1644675420 25.65 74.73 171 4.065
1644675480 25.58 74.51 280 4.06
1644675540 25.69 74.32 394 4.065
1644675600 25.6 74.06 662 4.065
1644675660 25.6 73.85 709 4.065
1644675720 25.82 73.7 572 4.065
1644675780 26.01 73.56 417 4.065
1644675840 26.23 73.37 189 4.06
1644675900 26.46 73.19 167 4.06
1644675960 26.44 72.98 262 4.06
1644676020 26.42 72.75 249 4.06
1644676080 26.43 72.59 328 4.06
1644676140 26.36 72.37 356 4.06
1644676200 26.32 72.15 370 4.06
1644676260 26.26 71.95 249 4.06
1644676320 26.38 71.76 177 4.06
1644676380 26.42 71.68 149 4.065
1644676440 26.42 71.47 161 4.06
1644676500 26.39 71.26 364 4.06
1644676560 26.4 71.06 374 4.065
1644676620 26.46 70.86 249 4.065
1644676680 26.47 70.66 167 4.06
1644676740 26.42 70.44 177 4.06
1644676800 26.44 70.29 219 4.06
1644676860 26.33 70.06 310 4.06
1644676920 26.18 69.9 262 4.06
1644676980 26.16 69.77 201 4.065
1644677040 26.33 69.68 207 4.06
1644677100 26.33 69.49 334 4.06
1644677160 26.33 69.33 274 4.06
1644677220 26.25 69.17 191 4.065
1644677280 26.16 69 155 4.06
1644677340 26.21 68.88 143 4.065
1644677400 26.12 68.73 149 4.06
1644677460 26.15 68.58 149 4.065
1644677520 26.33 68.52 149 4.065
1644677580 26.4 68.41 149 4.06
1644677640 26.33 68.3 149 4.06
1644677700 26.44 68.17 149 4.065
1644677760 26.49 68.09 149 4.065
1644677820 26.5 68.05 161 4.06
1644677880 26.5 67.98 177 4.065
1644677940 26.49 67.91 185 4.06
1644678000 26.62 67.85 155 4.065
1644678060 26.76 67.83 161 4.06
1644678120 26.73 67.74 177 4.065
1644678180 26.72 67.65 243 4.065
1644678240 26.67 67.54 262 4.06
1644678300 26.63 67.5 207 4.06
1644678360 26.66 67.44 201 4.065
1644678420 26.73 67.38 219 4.065
1644678480 26.74 67.4 225 4.065
1644678540 26.77 67.34 225 4.06
1644678600 26.8 67.29 231 4.065
1644678660 26.96 67.26 249 4.065
1644678720 27.01 67.24 179 4.06
1644678780 27.13 67.19 183 4.065
1644678840 27.2 67.11 185 4.065
1644678900 27.2 67.02 167 4.06
1644678960 27.24 66.91 173 4.06
1644679020 27.18 66.78 171 4.065
1644679080 27.25 66.7 249 4.065
1644679140 27.2 66.55 489 4.065
1644679200 27.37 66.46 561 4.065
1644679260 27.43 66.41 292 4.065
1644679320 27.66 66.33 231 4.065
1644679380 27.91 66.25 429 4.065
1644679440 28.03 66.1 447 4.06
1644679500 28.16 66 262 4.06
1644679560 28.13 65.85 219 4.065
1644679620 28.2 65.7 231 4.065
1644679680 28.32 65.49 201 4.065
1644679740 28.47 65.38 219 4.065
1644679800 28.53 65.19 219 4.06
1644679860 28.51 64.97 179 4.065
1644679920 28.39 64.77 171 4.065
1644679980 28.29 64.53 161 4.065
1644680040 28.32 64.36 161 4.065
1644680100 28.26 64.16 161 4.065
1644680160 28.35 64.02 155 4.065
1644680220 28.08 63.88 161 4.065
1644680280 28.12 63.79 167 4.065
1644680340 28.19 63.72 171 4.06
1644680400 28.2 63.62 167 4.06
1644680460 28.13 63.57 167 4.06
1644680520 28.13 63.55 173 4.065
1644680580 28.16 63.53 191 4.06
1644680640 28.09 63.44 225 4.065
1644680700 28.16 63.4 340 4.065
1644680760 28.2 63.39 286 4.065
1644680820 28.3 63.33 167 4.06
1644680880 28.47 63.32 161 4.06
1644680940 28.51 63.24 167 4.065
1644681000 28.5 63.1 183 4.06
1644681060 28.47 62.97 189 4.065
1644681120 28.61 62.93 207 4.065
1644681180 28.78 62.78 167 4.065
1644681240 28.9 62.73 177 4.06
1644681300 28.94 62.64 249 4.065
1644681360 29.01 62.49 328 4.065
1644681420 29.08 62.35 219 4.065
1644681480 29.08 62.15 173 4.065
1644681540 28.98 61.91 171 4.065
1644681600 28.91 61.71 173 4.065
1644681660 28.66 61.43 225 4.065
1644681720 28.87 61.28 310 4.065
1644681780 28.94 61.1 573 4.065
1644681840 29.05 60.86 501 4.065
1644681900 29.12 60.68 376 4.065
1644681960 29.34 60.5 316 4.065
1644682020 29.52 60.3 340 4.065
1644682080 29.66 60.11 382 4.065
1644682140 29.66 59.93 399 4.06
1644682200 29.71 59.75 1069 4.065
1644682260 29.75 59.55 423 4.065
1644682320 29.79 59.36 370 4.065
1644682380 29.8 59.18 286 4.065
1644682440 29.89 58.99 231 4.065
1644682500 29.89 58.78 185 4.065
1644682560 29.95 58.56 173 4.065
1644682620 29.98 58.31 201 4.065
1644682680 29.99 58.14 183 4.065
1644682740 29.75 57.88 316 4.065
1644682800 29.73 57.68 501 4.065
1644682860 29.52 57.41 352 4.065
1644682920 29.58 57.28 352 4.065
1644682980 29.75 57.08 274 4.065
1644683040 29.89 56.86 256 4.065
1644683100 29.85 56.76 243 4.065
1644683160 29.71 56.62 358 4.065
1644683220 29.8 56.54 777 4.065
1644683280 30.03 56.48 903 4.071
1644683340 29.95 56.32 838 4.071
1644683400 30.12 56.19 862 4.076
1644683460 30.26 56.09 874 4.082
1644683520 30.34 56.11 682 4.076
1644683580 30.37 56.03 245 4.076
1644683640 30.6 56 243 4.071
1644683700 30.63 55.95 249 4.071
1644683760 30.74 55.88 340 4.071
1644683820 30.88 55.73 507 4.071
1644683880 30.88 55.62 400 4.076
1644683940 30.97 55.51 730 4.076
1644684000 30.92 55.37 899 4.076
1644684060 30.95 55.27 1001 4.082
1644684120 30.99 55.14 965 4.087
1644684180 30.91 55.01 1045 4.087
1644684240 30.78 54.92 1177 4.087
1644684300 31.02 54.83 1343 4.098
1644684360 31.09 54.7 1352 4.071
1644684420 31.17 54.7 1403 4.076
1644684480 31.52 54.62 388 4.082
1644684540 31.69 54.54 370 4.076
1644684600 31.77 54.42 870 4.092
1644684660 31.79 54.25 1370 4.082
1644684720 32 54.16 328 4.076
1644684780 31.61 53.97 263 4.076
1644684840 31.66 53.87 257 4.071
1644684900 31.66 53.75 269 4.076
1644684960 31.24 53.66 299 4.076
1644685020 30.73 53.54 390 4.082
1644685080 30.66 53.52 751 4.087
1644685140 30.44 53.51 1376 4.071
1644685200 30.43 53.63 1371 4.098
1644685260 30.38 53.69 1376 4.071
1644685320 30.57 53.84 1388 4.071
1644685380 30.78 53.96 1409 4.076
1644685440 30.92 54 1328 4.098
1644685500 31.28 54.14 981 4.098
1644685560 31.59 54.15 341 4.082
1644685620 31.55 54.11 775 4.098
1644685680 31.58 54.1 1364 4.108
1644685740 31.63 53.96 1359 4.076
1644685800 31.63 53.93 1385 4.076
1644685860 31.65 53.9 1260 4.082
1644685920 31.59 53.86 582 4.092
1644685980 31.51 53.9 1266 4.082
1644686040 31.49 53.91 1421 4.082
1644686100 31.39 53.93 1403 4.082
1644686160 31.55 53.88 1248 4.076
1644686220 31.72 53.91 999 4.082
1644686280 31.86 53.91 1296 4.076
1644686340 31.97 53.94 1385 4.082
1644686400 32.02 53.89 1361 4.082
1644686460 32.12 53.87 1463 4.082
1644686520 32.49 53.87 396 4.087
1644686580 32.44 53.69 305 4.082
1644686640 32.24 53.6 287 4.082
1644686700 32 53.43 263 4.082
1644686760 31.82 53.42 263 4.082
1644686820 31.59 53.46 257 4.082
1644686880 31.24 53.53 257 4.082
1644686940 30.79 53.6 245 4.082
1644687000 30.41 53.69 245 4.087
1644687060 30.17 53.8 245 4.082
1644687120 30.06 53.99 287 4.082
1644687180 30.05 54.29 287 4.087
1644687240 29.96 54.59 263 4.087
1644687300 29.89 54.86 239 4.082
1644687360 29.77 55.07 227 4.082
1644687420 29.63 55.31 221 4.082
1644687480 29.41 55.58 221 4.082
1644687540 29.28 55.94 221 4.082
1644687600 29.05 56.18 239 4.082
1644687660 28.91 56.54 257 4.082
1644687720 28.8 56.79 293 4.082
1644687780 28.75 57.18 371 4.087
1644687840 28.71 57.46 239 4.082
1644687900 28.66 57.79 233 4.082
1644687960 28.63 58.11 257 4.087
1644688020 28.57 58.39 269 4.082
1644688080 28.59 58.65 305 4.087
1644688140 28.63 58.87 365 4.087
1644688200 28.71 59.1 814 4.082
1644688260 28.71 59.23 438 4.092
1644688320 28.91 59.46 414 4.092
1644688380 29.02 59.75 311 4.087
1644688440 29.07 59.94 269 4.087
1644688500 29.17 60.12 269 4.087
1644688560 29.11 60.22 251 4.082
1644688620 28.98 60.33 245 4.087
1644688680 28.9 60.48 329 4.087
1644688740 28.96 60.55 1355 4.082
1644688800 29 60.58 1349 4.082
1644688860 29.14 60.56 1432 4.076
1644688920 29.31 60.53 1337 4.082
1644688980 29.63 60.46 1474 4.076
1644689040 29.87 60.44 813 4.098
1644689100 30.1 60.4 1504 4.076
1644689160 30.51 60.33 504 4.092
1644689220 30.78 60.04 384 4.087
1644689280 30.97 59.8 384 4.087
1644689340 31.01 59.44 564 4.092
1644689400 30.98 59.18 668 4.098
1644689460 31.11 58.92 329 4.087
1644689520 30.89 58.62 299 4.087
1644689580 30.75 58.46 299 4.087
1644689640 30.5 58.3 323 4.092
1644689700 30.22 58.17 347 4.087
1644689760 30.02 58.11 359 4.092
1644689820 29.89 58.01 365 4.092
1644689880 29.75 57.9 347 4.087
1644689940 29.8 57.92 317 4.087
1644690000 29.75 57.96 287 4.087
1644690060 29.8 57.96 263 4.087
1644690120 29.85 58.04 263 4.087
1644690180 29.62 58.07 281 4.092
1644690240 29.65 58.16 299 4.087
1644690300 29.55 58.18 305 4.092
1644690360 29.51 58.34 317 4.087
1644690420 29.44 58.53 323 4.087
1644690480 29.28 58.65 365 4.092
1644690540 29.29 58.77 365 4.092
1644690600 29.29 58.88 371 4.092
1644690660 29.21 58.95 426 4.082
1644690720 29.2 59.08 390 4.092
1644690780 29.22 59.23 390 4.092
1644690840 29.22 59.37 396 4.092
1644690900 29.38 59.6 415 4.098
1644690960 29.48 59.72 456 4.082
1644691020 29.55 59.85 456 4.098
1644691080 29.53 59.93 508 4.082
1644691140 29.58 60.02 1121 4.082
1644691200 29.68 60.01 1439 4.082
1644691260 29.76 60.02 1230 4.082
1644691320 29.99 59.99 528 4.092
1644691380 30.17 59.9 432 4.092
1644691440 30.37 59.78 426 4.092
1644691500 30.34 59.64 420 4.098
1644691560 30.26 59.56 377 4.092
1644691620 30.07 59.48 359 4.087
1644691680 30.02 59.44 414 4.092
1644691740 29.83 59.42 641 4.082
1644691800 29.86 59.42 1037 4.087
1644691860 30.05 59.46 353 4.092
1644691920 30.12 59.51 347 4.092
1644691980 30.03 59.48 323 4.092
1644692040 29.79 59.5 335 4.087
1644692100 29.49 59.48 323 4.092
1644692160 29.65 59.58 329 4.092
1644692220 29.63 59.62 347 4.092
1644692280 29.56 59.58 353 4.092
1644692340 29.59 59.6 359 4.092
1644692400 29.63 59.6 377 4.098
1644692460 29.59 59.63 391 4.092
1644692520 29.55 59.72 421 4.098
1644692580 29.61 59.76 468 4.082
1644692640 29.58 59.86 462 4.087
1644692700 29.62 60.03 484 4.082
1644692760 29.68 60.16 1328 4.082
1644692820 29.95 60.17 649 4.082
1644692880 30.19 60.13 1218 4.082
1644692940 30.41 60.1 1195 4.087
1644693000 30.5 59.97 618 4.098
1644693060 30.75 59.82 403 4.092
1644693120 31.02 59.68 403 4.098
1644693180 30.82 59.47 414 4.092
1644693240 30.67 59.22 438 4.098
1644693300 30.64 59.04 445 4.098
1644693360 30.2 58.77 1027 4.087
1644693420 29.86 58.63 564 4.092
1644693480 30.2 58.62 590 4.098
1644693540 30.3 58.47 695 4.087
1644693600 30.19 58.39 415 4.098
1644693660 30.12 58.32 409 4.098
1644693720 30 58.28 414 4.098
1644693780 30.13 58.34 1033 4.087
1644693840 30.26 58.36 367 4.092
1644693900 30.23 58.35 355 4.098
1644693960 30.22 58.3 349 4.092
1644694020 30 58.23 353 4.098
1644694080 29.96 58.18 355 4.092
1644694140 29.96 58.19 349 4.098
1644694200 29.95 58.14 343 4.092
1644694260 29.76 58.12 331 4.098
1644694320 29.63 58.07 337 4.098
1644694380 29.42 58 349 4.098
1644694440 29.51 57.97 355 4.103
1644694500 29.41 57.95 373 4.098
1644694560 29.28 57.93 409 4.098
1644694620 29.24 57.91 403 4.098
1644694680 29.14 57.99 396 4.092
1644694740 29.22 58.07 385 4.098
1644694800 29.38 58.2 834 4.087
1644694860 29.62 58.24 329 4.092
1644694920 29.58 58.27 313 4.098
1644694980 29.63 58.34 325 4.098
1644695040 29.53 58.35 337 4.098
1644695100 29.59 58.33 337 4.098
1644695160 29.69 58.36 349 4.098
1644695220 29.48 58.38 349 4.103
1644695280 29.35 58.34 343 4.098
1644695340 29.45 58.31 337 4.098
1644695400 29.26 58.3 331 4.098
1644695460 29.25 58.26 329 4.098
1644695520 29.28 58.33 638 4.098
1644695580 29.31 58.28 989 4.103
1644695640 29.29 58.28 439 4.098
1644695700 29.36 58.33 632 4.098
1644695760 29.38 58.3 518 4.103
1644695820 29.51 58.33 355 4.098
1644695880 29.62 58.32 518 4.098
1644695940 29.62 58.32 626 4.098
1644696000 29.58 58.29 373 4.098
1644696060 29.72 58.32 656 4.098
1644696120 29.83 58.24 1049 4.103
1644696180 29.89 58.19 349 4.098
1644696240 30.16 58.22 481 4.103
1644696300 29.99 58.09 373 4.103
1644696360 29.8 57.96 391 4.103
1644696420 29.65 57.86 313 4.098
1644696480 29.53 57.77 283 4.098
1644696540 29.62 57.75 293 4.098
1644696600 29.63 57.74 275 4.092
1644696660 29.68 57.71 566 4.098
1644696720 29.56 57.7 554 4.098
1644696780 29.55 57.74 524 4.098
1644696840 29.58 57.77 873 4.098
1644696900 29.87 57.85 361 4.098
1644696960 29.99 57.82 493 4.098
1644697020 29.86 57.84 307 4.098
1644697080 29.72 57.75 867 4.098
1644697140 29.85 57.62 463 4.092
1644697200 29.9 57.6 879 4.098
1644697260 29.89 57.47 861 4.103
1644697320 29.99 57.32 855 4.103
1644697380 29.92 57.2 825 4.103
1644697440 30.16 57.11 807 4.103
1644697500 30.53 56.99 680 4.103
1644697560 30.44 56.82 837 4.103
1644697620 30.24 56.68 620 4.103
1644697680 30.3 56.54 789 4.103
1644697740 30.41 56.4 686 4.108
1644697800 30.54 56.27 850 4.103
1644697860 30.41 56.15 879 4.108
1644697920 30.87 56.07 778 4.108
1644697980 31.09 55.9 537 4.103
1644698040 31.11 55.74 784 4.103
1644698100 31.26 55.62 361 4.103
1644698160 31.26 55.43 403 4.098
1644698220 31.11 55.28 349 4.103
1644698280 31.11 55.17 385 4.103
1644698340 30.82 55.1 698 4.103
1644698400 30.51 55.07 700 4.108
1644698460 30.58 55.09 409 4.108
1644698520 30.26 55.11 283 4.103
1644698580 30.22 55.2 283 4.103
1644698640 30.19 55.27 457 4.108
1644698700 30.03 55.42 704 4.108
1644698760 29.95 55.54 252 4.103
1644698820 29.86 55.74 736 4.108
1644698880 29.92 55.92 367 4.108
1644698940 30 56.06 608 4.108
1644699000 30.1 56.21 718 4.108
1644699060 29.92 56.4 259 4.108
1644699120 29.92 56.56 234 4.103
1644699180 29.93 56.72 216 4.103
1644699240 29.83 56.84 640 4.108
1644699300 29.89 57.03 686 4.108
1644699360 29.76 57.15 668 4.108
1644699420 29.69 57.38 228 4.103
1644699480 29.59 57.55 186 4.103
1644699540 29.48 57.73 216 4.103
1644699600 29.32 57.86 174 4.103
1644699660 29.35 58.01 204 4.103
1644699720 29.28 58.21 198 4.103
1644699780 29.18 58.33 198 4.103
1644699840 29.05 58.54 198 4.108
1644699900 29.02 58.68 204 4.103
1644699960 29.07 58.79 210 4.103
1644700020 29.05 58.96 216 4.103
1644700080 29.11 59.04 192 4.103
1644700140 29.08 59.14 204 4.108
1644700200 29.07 59.11 192 4.103
1644700260 29.15 59.11 174 4.103
1644700320 29.2 59.06 174 4.103
1644700380 29.22 59.03 174 4.103
1644700440 29.15 59.01 174 4.103
1644700500 29 58.99 174 4.103
1644700560 28.89 58.92 180 4.108
1644700620 28.8 58.9 168 4.103
1644700680 28.75 58.87 174 4.103
1644700740 28.67 58.89 192 4.103
1644700800 28.57 58.85 162 4.103
1644700860 28.59 58.85 150 4.103
1644700920 28.61 58.94 144 4.108
1644700980 28.57 58.93 138 4.108
1644701040 28.46 59.01 138 4.103
1644701100 28.39 59.12 138 4.103
1644701160 28.36 59.2 138 4.103
1644701220 28.4 59.28 138 4.108
1644701280 28.39 59.47 144 4.103
1644701340 28.32 59.6 144 4.103
1644701400 28.29 59.8 144 4.103
1644701460 28.26 59.94 138 4.103
1644701520 28.27 60.16 138 4.108
1644701580 28.23 60.36 132 4.103
1644701640 28.2 60.58 126 4.103
1644701700 28.15 60.76 126 4.103
1644701760 28.15 61 120 4.103
1644701820 28.09 61.17 126 4.103
1644701880 28.03 61.42 126 4.103
1644701940 27.99 61.6 114 4.103
1644702000 27.92 61.8 102 4.103
1644702060 27.91 61.98 96 4.103
1644702120 27.89 62.24 102 4.103
1644702180 27.85 62.36 102 4.103
1644702240 27.85 62.58 96 4.103
1644702300 27.85 62.77 114 4.103
1644702360 27.91 62.91 114 4.103
1644702420 27.95 63.1 96 4.103
1644702480 27.85 63.26 90 4.103
1644702540 27.82 63.46 90 4.103
1644702600 27.79 63.64 84 4.103
1644702660 27.78 63.83 84 4.103
1644702720 27.73 64.03 78 4.103
1644702780 27.71 64.23 72 4.103
1644702840 27.71 64.37 66 4.103
1644702900 27.62 64.51 60 4.103
1644702960 27.55 64.81 60 4.103
1644703020 27.51 64.86 60 4.103
1644703080 27.48 64.95 60 4.103
1644703140 27.4 64.99 54 4.103
1644703200 27.43 65.07 54 4.103
1644703260 27.37 65.16 54 4.103
1644703320 27.34 65.27 48 4.098
1644703380 27.3 65.35 48 4.103
1644703440 27.33 65.44 48 4.103
1644703500 27.34 65.56 48 4.103
1644703560 27.31 65.6 48 4.103
1644703620 27.27 65.7 48 4.103
1644703680 27.28 65.86 42 4.098
1644703740 27.23 65.97 42 4.098
1644703800 27.18 66.05 42 4.103
1644703860 27.14 66.13 36 4.103
1644703920 27.1 66.22 36 4.103
1644703980 27.11 66.25 36 4.103
1644704040 27.07 66.25 30 4.098
1644704100 27.07 66.35 36 4.098
1644704160 27.04 66.42 30 4.098
1644704220 27.01 66.48 30 4.098
1644704280 26.98 66.53 30 4.098
1644704340 26.91 66.63 24 4.103
1644704400 26.9 66.67 24 4.103
1644704460 26.91 66.76 24 4.103
1644704520 26.91 66.82 24 4.098
1644704580 26.91 66.94 24 4.098
1644704640 26.89 66.98 24 4.098
1644704700 26.87 67.08 24 4.098
1644704760 26.84 67.15 24 4.098
1644704820 26.83 67.27 24 4.098
1644704880 26.83 67.37 24 4.098
1644704940 26.82 67.48 24 4.098
1644705000 26.79 67.57 24 4.098
1644705060 26.77 67.67 18 4.098
1644705120 26.74 67.75 24 4.098
1644705180 26.73 67.88 18 4.098
1644705240 26.7 68 18 4.103
1644705300 26.64 68.07 18 4.103
1644705360 26.63 68.19 18 4.098
1644705420 26.62 68.3 18 4.098
1644705480 26.6 68.41 18 4.098
1644705540 26.57 68.56 18 4.098
1644705600 26.57 68.66 18 4.098
1644705660 26.53 68.74 12 4.098
1644705720 26.53 68.86 12 4.098
1644705780 26.49 68.98 12 4.098
1644705840 26.47 69.07 12 4.098
1644705900 26.46 69.2 12 4.098
1644705960 26.46 69.33 12 4.098
1644706020 26.49 69.44 12 4.098
1644706080 26.46 69.52 6 4.098
1644706140 26.44 69.69 6 4.098
1644706200 26.4 69.8 6 4.098
1644706260 26.38 69.92 6 4.098
1644706320 26.36 70.05 6 4.098
1644706380 26.32 70.15 6 4.098
1644706440 26.33 70.27 6 4.092
1644706500 26.28 70.37 6 4.098
1644706560 26.25 70.48 4 4.098
1644706620 26.26 70.64 6 4.098
1644706680 26.21 70.74 0 4.098
1644706740 26.22 70.85 6 4.098
1644706800 26.18 70.95 6 4.098
1644706860 26.15 71.04 6 4.098
1644706920 26.12 71.15 0 4.098
1644706980 26.11 71.24 0 4.098
1644707040 26.06 71.36 0 4.098
1644707100 26.05 71.47 0 4.098
1644707160 26.02 71.59 0 4.092
1644707220 26.03 71.68 0 4.103
1644707280 26.02 71.77 0 4.098
1644707340 25.99 71.86 0 4.092
1644707400 25.99 71.98 0 4.098
1644707460 25.99 72.1 0 4.098
1644707520 25.96 72.17 0 4.098
1644707580 25.98 72.26 0 4.098
1644707640 25.99 72.41 0 4.098
1644707700 26.02 72.47 0 4.098
1644707760 25.99 72.58 0 4.098
1644707820 25.96 72.63 0 4.098
1644707880 25.95 72.71 0 4.098
1644707940 25.93 72.76 0 4.098
1644708000 25.92 72.87 0 4.098
1644708060 25.89 72.91 0 4.098
1644708120 25.88 73.04 0 4.098
1644708180 25.88 73.13 0 4.098
1644708240 25.87 73.19 0 4.098
1644708300 25.85 73.24 0 4.098
1644708360 25.85 73.35 0 4.098
1644708420 25.82 73.42 0 4.092
1644708480 25.82 73.48 0 4.092
1644708540 25.77 73.56 0 4.098
1644708600 25.75 73.63 0 4.098
1644708660 25.71 73.72 0 4.098
1644708720 25.69 73.78 0 4.092
1644708780 25.69 73.83 0 4.098
1644708840 25.71 73.96 0 4.098
1644708900 25.65 74 0 4.098
1644708960 25.65 74.11 0 4.098
1644709020 25.64 74.18 0 4.098
1644709080 25.63 74.27 0 4.098
1644709140 25.6 74.3 0 4.092
1644709200 25.57 74.41 0 4.098
1644709260 25.57 74.51 0 4.098
1644709320 25.56 74.61 0 4.098
1644709380 25.56 74.68 0 4.098
1644709440 25.54 74.77 0 4.098
1644709500 25.54 74.84 0 4.098
1644709560 25.52 74.9 0 4.092
1644709620 25.54 74.99 0 4.098
1644709680 25.54 75.07 0 4.092
1644709740 25.56 75.13 0 4.098
1644709800 25.54 75.19 0 4.098
1644709860 25.52 75.23 0 4.098
1644709920 25.56 75.3 0 4.092
1644709980 25.54 75.35 0 4.092
1644710040 25.54 75.39 0 4.098
1644710100 25.54 75.48 0 4.092
1644710160 25.56 75.5 0 4.092
1644710220 25.54 75.56 0 4.092
1644710280 25.51 75.63 0 4.092
1644710340 25.47 75.66 0 4.092
1644710400 25.48 75.72 0 4.092
1644710460 25.47 75.79 0 4.092
1644710520 25.47 75.82 0 4.092
1644710580 25.47 75.89 0 4.098
1644710640 25.45 75.91 0 4.098
1644710700 25.42 75.99 0 4.098
1644710760 25.41 76.04 0 4.098
1644710820 25.41 76.11 0 4.092
1644710880 25.42 76.14 0 4.098
1644710940 25.38 76.23 0 4.092
1644711000 25.38 76.3 0 4.092
1644711060 25.36 76.31 0 4.092
1644711120 25.34 76.37 0 4.098
1644711180 25.33 76.42 0 4.092
1644711240 25.3 76.48 0 4.092
1644711300 25.3 76.52 0 4.092
1644711360 25.26 76.57 0 4.092
1644711420 25.26 76.64 0 4.092
1644711480 25.27 76.68 0 4.098
1644711540 25.26 76.69 0 4.092
1644711600 25.24 76.75 0 4.098
1644711660 25.24 76.78 0 4.092
1644711720 25.17 76.85 0 4.092
1644711780 25.16 76.89 0 4.092
1644711840 25.17 76.97 0 4.092
1644711900 25.13 77.02 0 4.092
1644711960 25.1 77.07 0 4.098
1644712020 25.1 77.17 0 4.092
1644712080 25.07 77.23 0 4.092
1644712140 25.07 77.29 0 4.098
1644712200 25.07 77.31 0 4.092
1644712260 25.07 77.4 0 4.092
1644712320 25.03 77.45 0 4.098
1644712380 25.02 77.49 0 4.092
1644712440 25 77.54 0 4.098
1644712500 24.98 77.59 0 4.092
1644712560 24.97 77.65 0 4.092
1644712620 25 77.67 0 4.092
1644712680 24.97 77.7 0 4.092
1644712740 24.96 77.76 0 4.092
1644712800 24.96 77.8 0 4.092
1644712860 24.96 77.83 0 4.092
1644712920 24.93 77.88 0 4.092
1644712980 24.9 77.93 0 4.092
1644713040 24.91 77.97 0 4.092
1644713100 24.91 77.99 0 4.092
1644713160 24.91 78.08 0 4.092
1644713220 24.94 78.11 0 4.092
1644713280 24.94 78.11 0 4.092
1644713340 24.96 78.14 0 4.098
1644713400 24.93 78.14 0 4.092
1644713460 24.94 78.17 0 4.092
1644713520 24.93 78.23 0 4.092
1644713580 24.9 78.22 0 4.092
1644713640 24.89 78.28 0 4.082
1644713700 24.87 78.31 0 4.092
1644713760 24.85 78.35 0 4.092
1644713820 24.85 78.42 0 4.092
1644713880 24.82 78.47 0 4.092
1644713940 24.79 78.56 0 4.092
1644714000 24.79 78.63 0 4.092
1644714060 24.75 78.68 0 4.092
1644714120 24.76 78.71 0 4.092
1644714180 24.76 78.74 0 4.092
1644714240 24.73 78.77 0 4.092
1644714300 24.73 78.76 0 4.092
1644714360 24.75 78.8 0 4.092
1644714420 24.73 78.83 0 4.092
1644714480 24.72 78.81 0 4.092
1644714540 24.69 78.87 0 4.087
1644714600 24.67 78.91 0 4.092
1644714660 24.65 78.88 0 4.092
1644714720 24.65 78.9 0 4.092
1644714780 24.65 78.93 0 4.092
1644714840 24.61 78.97 0 4.092
1644714900 24.58 78.98 0 4.092
1644714960 24.56 78.98 0 4.087
1644715020 24.53 79.01 0 4.092
1644715080 24.51 79 0 4.092
1644715140 24.51 79 0 4.092
1644715200 24.48 79.03 0 4.092
1644715260 24.43 79.05 0 4.092
1644715320 24.42 79.06 0 4.092
1644715380 24.4 79.04 0 4.092
1644715440 24.4 79.02 0 4.087
1644715500 24.43 79.02 0 4.092
1644715560 24.42 79.06 0 4.087
1644715620 24.43 79.03 0 4.092
1644715680 24.39 78.99 0 4.092
1644715740 24.42 78.99 0 4.092
1644715800 24.4 78.98 0 4.092
1644715860 24.38 78.95 0 4.092
1644715920 24.36 78.97 0 4.092
1644715980 24.36 78.92 0 4.092
1644716040 24.35 78.92 0 4.092
1644716100 24.36 78.94 0 4.092
1644716160 24.35 78.87 0 4.092
1644716220 24.33 78.87 0 4.092
1644716280 24.32 78.81 0 4.092
1644716340 24.36 78.78 0 4.087
1644716400 24.35 78.75 0 4.087
1644716460 24.36 78.72 0 4.092
1644716520 24.38 78.66 0 4.092
1644716580 24.35 78.61 0 4.087
1644716640 24.36 78.57 0 4.087
1644716700 24.36 78.57 0 4.092
1644716760 24.32 78.53 0 4.092
1644716820 24.29 78.51 0 4.092
1644716880 24.29 78.47 0 4.092
1644716940 24.29 78.43 0 4.087
1644717000 24.26 78.41 0 4.087
1644717060 24.25 78.36 0 4.092
1644717120 24.25 78.31 0 4.092
1644717180 24.23 78.27 0 4.087
1644717240 24.25 78.26 0 4.087
1644717300 24.26 78.19 0 4.087
1644717360 24.25 78.16 0 4.092
1644717420 24.22 78.15 0 4.092
1644717480 24.21 78.14 0 4.087
1644717540 24.18 78.1 0 4.087
1644717600 24.21 78.08 0 4.087
1644717660 24.19 78.09 0 4.087
1644717720 24.19 78.21 0 4.087
1644717780 24.15 78.2 0 4.092
1644717840 24.14 78.28 0 4.092
1644717900 24.15 78.35 0 4.087
1644717960 24.11 78.47 0 4.092
1644718020 24.07 78.54 0 4.092
1644718080 24.05 78.63 0 4.087
1644718140 24.04 78.7 0 4.087
1644718200 24.04 78.78 0 4.087
1644718260 24.04 78.89 0 4.087
1644718320 24.01 79 0 4.087
1644718380 24.02 79.08 0 4.087
1644718440 24.02 79.18 0 4.087
1644718500 24 79.26 0 4.087
1644718560 24 79.33 0 4.087
1644718620 23.97 79.43 0 4.087
1644718680 23.97 79.51 0 4.087
1644718740 23.98 79.57 0 4.087
1644718800 24 79.6 0 4.087
1644718860 24 79.67 0 4.092
1644718920 24.01 79.68 0 4.087
1644718980 24.01 79.71 0 4.087
1644719040 24.02 79.73 0 4.076
1644719100 24.02 79.82 0 4.082
1644719160 24.04 79.8 0 4.087
1644719220 24.04 79.81 0 4.087
1644719280 24.04 79.81 0 4.092
1644719340 24.02 79.82 0 4.087
1644719400 24.05 79.75 0 4.087
1644719460 24.04 79.76 0 4.087
1644719520 24.08 79.77 0 4.087
1644719580 24.11 79.81 0 4.087
1644719640 24.08 79.76 0 4.087
1644719700 24.1 79.75 0 4.087
1644719760 24.1 79.74 0 4.087
1644719820 24.1 79.75 0 4.087
1644719880 24.11 79.75 0 4.087
1644719940 24.08 79.63 0 4.076
1644720000 24.14 79.52 0 4.082
1644720060 24.14 79.44 0 4.087
1644720120 24.15 79.39 0 4.087
1644720180 24.16 79.3 0 4.087
1644720240 24.18 79.23 0 4.087
1644720300 24.18 79.16 0 4.082
1644720360 24.18 79.05 0 4.087
1644720420 24.16 78.97 0 4.087
1644720480 24.18 78.88 0 4.087
1644720660 24.15 78.76 0 4.087
1644720720 24.15 78.7 0 4.087
1644720780 24.15 78.6 0 4.087
1644720840 24.15 78.48 0 4.087
1644720900 24.12 78.37 0 4.087
1644720960 24.12 78.28 0 4.082
1644721020 24.12 78.15 0 4.087
1644721080 24.11 78.05 0 4.087
1644721140 24.1 77.97 0 4.082
1644721200 24.11 77.9 0 4.087
1644721260 24.07 77.84 0 4.082
1644721320 24.07 77.76 0 4.087
1644721380 24.08 77.66 0 4.087
1644721440 24.07 77.56 0 4.087
1644721500 24.08 77.48 0 4.087
1644721560 24.1 77.41 0 4.087
1644721620 24.11 77.32 0 4.087
1644721680 24.14 77.21 0 4.087
1644721740 24.16 77.12 0 4.082
1644721800 24.15 77.02 0 4.087
1644721860 24.16 76.93 0 4.082
1644721920 24.19 76.84 0 4.087
1644721980 24.18 76.77 0 4.082
1644722040 24.16 76.63 0 4.082
1644722100 24.19 76.55 0 4.087
1644722160 24.18 76.41 0 4.087
1644722220 24.18 76.34 0 4.087
1644722280 24.16 76.25 0 4.087
1644722340 24.16 76.2 0 4.087
1644722400 24.15 76.05 0 4.082
1644722460 24.16 75.95 0 4.087
1644722520 24.16 75.89 0 4.087
1644722580 24.14 75.79 0 4.087
1644722640 24.15 75.75 0 4.087
1644722700 24.14 75.62 0 4.087
1644722760 24.16 75.57 0 4.082
1644722820 24.15 75.48 0 4.082
1644722880 24.19 75.43 0 4.082
1644722940 24.16 75.38 0 4.087
1644723000 24.16 75.31 0 4.082
1644723060 24.16 75.29 0 4.082
1644723120 24.15 75.24 0 4.082
1644723180 24.12 75.18 0 4.082
1644723240 24.1 75.16 0 4.087
1644723300 24.11 75.17 0 4.082
1644723360 24.1 75.15 0 4.082
1644723420 24.05 75.16 0 4.087
1644723480 24.02 75.14 0 4.087
1644723540 24.01 75.14 0 4.087
1644723600 24 75.15 0 4.087
1644723660 24.01 75.17 0 4.082
1644723720 23.98 75.21 0 4.087
1644723780 23.97 75.21 0 4.087
1644723840 23.95 75.24 0 4.082
1644723900 23.94 75.27 0 4.082
1644723960 23.94 75.31 0 4.082
1644724020 23.92 75.32 0 4.087
1644724080 23.89 75.34 0 4.087
1644724140 23.89 75.4 0 4.082
1644724200 23.88 75.39 0 4.087
1644724260 23.88 75.4 0 4.087
1644724320 23.87 75.42 0 4.082
1644724380 23.87 75.41 0 4.087
1644724440 23.87 75.42 0 4.082
1644724500 23.84 75.44 0 4.082
1644724560 23.88 75.47 0 4.082
1644724620 23.88 75.46 0 4.082
1644724680 23.87 75.44 0 4.082
1644724740 23.87 75.4 0 4.082
1644724800 23.88 75.38 0 4.087
1644724860 23.88 75.38 0 4.082
1644724920 23.88 75.36 0 4.082
1644724980 23.85 75.34 0 4.087
1644725040 23.84 75.33 0 4.082
1644725100 23.87 75.31 0 4.082
1644725160 23.85 75.3 0 4.082
1644725220 23.87 75.28 0 4.082
1644725280 23.88 75.23 0 4.082
1644725340 23.89 75.26 0 4.082
1644725400 23.89 75.24 0 4.087
1644725460 23.92 75.22 0 4.082
1644725520 23.92 75.23 0 4.087
1644725580 23.91 75.2 0 4.082
1644725640 23.92 75.23 0 4.082
1644725700 23.94 75.29 0 4.082
1644725760 23.89 75.27 0 4.087
1644725820 23.89 75.3 0 4.082
1644725880 23.88 75.31 0 4.082
1644725940 23.92 75.33 0 4.082
1644726000 23.91 75.32 0 4.082
1644726060 23.92 75.4 0 4.087
1644726120 23.91 75.39 0 4.082
1644726180 23.89 75.4 0 4.082
1644726240 23.89 75.43 0 4.082
1644726300 23.89 75.5 0 4.082
1644726360 23.88 75.56 0 4.082
1644726420 23.91 75.58 0 4.082
1644726480 23.89 75.62 0 4.082
1644726540 23.89 75.67 0 4.082
1644726600 23.89 75.74 0 4.082
1644726660 23.88 75.74 0 4.082
1644726720 23.89 75.82 0 4.082
1644726780 23.87 75.83 0 4.082
1644726840 23.87 75.89 0 4.082
1644726900 23.87 75.91 0 4.082
1644726960 23.85 75.95 0 4.082
1644727020 23.84 75.97 0 4.087
1644727080 23.84 75.98 0 4.082
1644727140 23.84 76.03 0 4.082
1644727200 23.85 76.02 0 4.082
1644727260 23.88 76.04 0 4.082
1644727320 23.87 76.02 0 4.082
1644727380 23.85 76.05 0 4.082
1644727440 23.87 76.02 0 4.082
1644727500 23.88 76.06 0 4.082
1644727560 23.88 76.07 0 4.082
1644727620 23.88 76.1 0 4.082
1644727680 23.89 76.11 0 4.082
1644727740 23.87 76.11 0 4.082
1644727800 23.89 76.12 0 4.082
1644727860 23.88 76.22 0 4.076
1644727920 23.89 76.19 0 4.082
1644727980 23.88 76.29 0 4.082
1644728040 23.85 76.35 0 4.082
1644728100 23.84 76.37 0 4.082
1644728160 23.8 76.44 0 4.082
1644728220 23.81 76.48 0 4.082
1644728280 23.81 76.52 0 4.082
1644728340 23.77 76.54 0 4.082
