1637125200 23.11 73.19 0 4.012
1637125260 23.08 73.19 0 4.012
1637125320 23.09 73.19 0 4.017
1637125380 23.07 73.04 0 4.012
1637125440 23.02 73.32 0 4.012
1637125500 23.04 73.55 0 4.017
1637125560 23.01 73.75 0 4.012
1637125620 23.01 73.83 0 4.017
1637125680 22.98 73.75 0 4.012
1637125740 23.01 73.77 0 4.012
1637125800 23.04 73.62 0 4.012
1637125860 23.07 73.61 0 4.012
1637125920 23.04 73.6 0 4.012
1637125980 23.08 73.59 0 4.012
1637126040 23.11 73.3 0 4.012
1637126100 23.09 73.03 0 4.012
1637126160 23.11 73.08 0 4.012
1637126220 23.11 73.24 0 4.012
1637126280 23.08 73.48 0 4.012
1637126340 23.11 73.51 0 4.012
1637126400 23.07 73.18 0 4.012
1637126460 23.05 73.14 0 4.012
1637126520 23.04 72.78 0 4.012
1637126580 23.07 72.57 0 4.012
1637126640 23.08 72.52 0 4.006
1637126700 23.11 72.4 0 4.012
1637126760 23.12 72.26 0 4.012
1637126820 23.12 72.05 0 4.012
1637126880 23.15 71.74 0 4.006
1637126940 23.17 71.58 0 4.012
1637127000 23.21 71.23 0 4.012
1637127060 23.25 70.83 0 4.012
1637127120 23.26 70.49 0 4.012
1637127180 23.33 70.12 0 4.006
1637127240 23.39 69.39 0 4.012
1637127300 23.39 69.51 0 4.012
1637127360 23.39 69.36 0 4.012
1637127420 23.44 68.79 0 4.012
1637127480 23.42 68.45 0 4.012
1637127540 23.39 68.31 0 4.006
1637127600 23.32 68.84 0 4.006
1637127660 23.32 68.3 0 4.006
1637127720 23.29 67.92 0 4.006
1637127780 23.3 68 0 4.012
1637127840 23.26 67.92 0 4.006
1637127900 23.25 67.85 0 4.006
1637127960 23.22 67.95 0 4.006
1637128020 23.21 67.64 0 4.006
1637128080 23.18 67.48 0 4.012
1637128140 23.21 67.82 0 4.006
1637128200 23.17 68.08 0 4.012
1637128260 23.14 68.21 0 4.006
1637128320 23.14 68.49 0 4.006
1637128380 23.11 68.81 0 4.006
1637128440 23.08 69.03 0 4.006
1637128500 23.07 69.27 0 4.006
1637128560 23.07 69.33 0 4.006
1637128620 23.07 69.47 0 4.006
1637128680 23.05 69.52 0 4.006
1637128740 23.01 69.51 0 4.006
1637128800 22.97 69.71 0 4.006
1637128860 22.97 69.94 0 4.006
1637128920 22.94 70.09 0 4.006
1637128980 22.95 70.22 0 4.006
1637129040 22.97 70.32 0 4.006
1637129100 22.99 70.5 0 4.006
1637129160 22.95 70.68 0 4.006
1637129220 22.98 70.87 0 4.006
1637129280 22.97 71.04 0 4.006
1637129340 22.91 71.15 0 4.006
1637129400 22.97 71.05 0 4.001
1637129460 22.97 71.01 0 4.006
1637129520 22.95 71.15 0 4.006
1637129580 22.9 71 0 4.006
1637129640 22.85 71.12 0 4.001
1637129700 22.83 71.22 0 4.006
1637129760 22.78 71.34 0 4.006
1637129820 22.75 71.49 0 4.006
1637129880 22.74 71.41 0 4.006
1637129940 22.71 71.41 0 4.006
1637130000 22.68 71.51 0 4.001
1637130060 22.64 71.06 0 4.006
1637130120 22.68 71.05 0 4.006
1637130180 22.73 68.76 0 4.001
1637130240 22.74 69.62 0 4.001
1637130300 22.75 67.93 0 4.001
1637130360 22.81 67.11 0 4.006
1637130420 22.93 66.73 0 4.001
1637130480 22.93 66.63 0 4.006
1637130540 22.97 66.25 0 4.001
1637130600 22.99 65.83 0 4.006
1637130660 22.99 65.88 0 4.006
1637130720 23.01 65.88 0 4.001
1637130780 23.05 65.33 0 4.001
1637130840 23.07 65.53 0 4.001
1637130900 23.11 65.33 0 4.006
1637130960 23.09 65.64 0 4.006
1637131020 23.07 66.14 0 4.006
1637131080 23.05 66.38 0 4.001
1637131140 23.01 66.63 0 4.001
1637131200 23.01 66.56 0 4.001
1637131260 23.02 66.88 0 4.001
1637131320 22.97 67.1 0 4.001
1637131380 22.91 67.68 0 4.001
1637131440 22.9 67.71 0 4.001
1637131500 22.88 67.29 0 4.001
1637131560 22.9 66.57 0 4.001
1637131620 22.93 66.63 0 4.001
1637131680 22.9 66.51 0 4.001
1637131740 22.93 66.61 0 4.001
1637131800 22.91 65.98 0 4.001
1637131860 22.93 65.76 0 4.006
1637131920 22.88 64.76 0 4.001
1637131980 22.87 65.45 0 4.001
1637132040 22.87 65.67 0 4.001
1637132100 22.85 65.55 0 3.996
1637132160 22.85 65.36 0 4.001
1637132220 22.83 65.31 0 4.001
1637132280 22.79 64.93 0 4.001
1637132340 22.78 65.01 0 4.001
1637132400 22.74 65.31 0 3.996
1637132460 22.73 64.19 0 4.001
1637132520 22.73 63.94 0 4.001
1637132580 22.77 63.53 0 4.001
1637132640 22.75 63.63 0 4.001
1637132700 22.75 63.71 0 4.001
1637132760 22.73 63.76 0 4.001
1637132820 22.73 63.84 0 4.001
1637132880 22.7 63.96 0 4.001
1637132940 22.7 64.1 0 3.996
1637133000 22.73 63.28 0 4.001
1637133060 22.75 63.34 0 3.996
1637133120 22.75 63.47 0 4.001
1637133180 22.75 63.29 0 4.001
1637133240 22.74 63.28 0 3.996
1637133300 22.7 63.79 0 4.001
1637133360 22.71 64.21 0 4.001
1637133420 22.64 64.45 0 3.996
1637133480 22.63 64.61 0 3.996
1637133540 22.6 65.2 0 3.996
1637133600 22.56 65.43 0 4.001
1637133660 22.53 65.45 0 3.996
1637133720 22.57 65.23 0 4.001
1637133780 22.57 65.37 0 4.001
1637133840 22.51 65.54 0 3.996
1637133900 22.51 65.64 0 3.996
1637133960 22.56 65.45 0 3.996
1637134020 22.58 65.4 0 3.996
1637134080 22.58 65.43 0 3.996
1637134140 22.58 65.4 0 3.996
1637134200 22.63 65.27 0 3.996
1637134260 22.63 65.27 0 3.996
1637134320 22.56 65.39 0 3.996
1637134380 22.63 65.19 0 3.996
1637134440 22.6 65.21 0 3.996
1637134500 22.56 65.43 0 3.996
1637134560 22.5 65.44 0 3.996
1637134620 22.43 65.76 0 3.996
1637134680 22.37 66.27 0 3.996
1637134740 22.34 66.71 0 3.996
1637134800 22.29 66.81 0 3.996
1637134860 22.27 67.01 0 3.996
1637134920 22.24 67.34 0 3.996
1637134980 22.19 67.64 0 3.996
1637135040 22.17 68.01 0 3.996
1637135100 22.12 68.47 0 3.996
1637135160 22.07 68.84 0 3.996
1637135220 22.02 68.83 0 3.996
1637135280 22 68.51 0 3.996
1637135340 21.97 68.68 0 3.996
1637135400 22 68.79 0 3.996
1637135460 21.97 69.04 0 3.996
1637135520 21.95 69.29 0 3.996
1637135580 21.96 69.59 0 3.996
1637135640 21.93 69.97 0 3.99
1637135700 21.91 70.25 0 3.99
1637135760 21.86 70.39 0 3.996
1637135820 21.86 70.61 0 3.996
1637135880 21.85 70.75 0 3.996
1637135940 21.83 71.08 0 3.996
1637136000 21.81 71.13 0 3.996
1637136060 21.78 72.04 0 3.996
1637136120 21.75 71.98 0 3.99
1637136180 21.73 71.72 0 3.996
1637136240 21.72 71.93 0 3.996
1637136300 21.71 72.28 0 3.996
1637136360 21.66 72.35 0 3.99
1637136420 21.68 71.83 0 3.99
1637136480 21.66 72.14 0 3.996
1637136540 21.69 71.85 0 3.99
1637136600 21.72 72.37 0 3.996
1637136660 21.72 72.66 0 3.99
1637136720 21.72 72.71 0 3.99
1637136780 21.72 73.06 0 3.99
1637136840 21.69 73.69 0 3.99
1637136900 21.71 74.41 0 3.99
1637136960 21.68 74.85 0 3.99
1637137020 21.66 76.82 0 3.996
1637137080 21.68 76.32 0 3.99
1637137140 21.69 76.36 0 3.99
1637137200 21.66 76.24 0 3.99
1637137260 21.62 75.68 0 3.99
1637137320 21.63 74.44 0 3.99
1637137380 21.68 72.51 0 3.99
1637137440 21.72 70.9 0 3.99
1637137500 21.75 69.92 0 3.99
1637137560 21.75 69.56 0 3.99
1637137620 21.79 68.27 0 3.99
1637137680 21.81 68.13 0 3.99
1637137740 21.89 66.98 0 3.99
1637137800 21.99 66.54 0 3.99
1637137860 22.06 66.11 0 3.99
1637137920 22.09 65.98 0 3.99
1637137980 22.05 66.08 0 3.99
1637138040 22.02 66.34 0 3.99
1637138100 22.03 66.06 0 3.99
1637138160 22.07 65.81 0 3.99
1637138220 22.07 65.53 0 3.99
1637138280 22.09 65.44 0 3.99
1637138340 22.09 65.33 0 3.99
1637138400 22.05 65.54 0 3.99
1637138460 22.06 65.48 0 3.99
1637138520 22.05 65.49 0 3.985
1637138580 22 65.18 0 3.99
1637138640 22.07 64.53 0 3.99
1637138700 22.05 64.6 0 3.99
1637138760 22.06 64.61 0 3.99
1637138820 22.06 64.61 0 3.99
1637138880 22.05 65.23 0 3.985
1637138940 22 65.4 0 3.99
1637139000 22.06 65.66 0 3.99
1637139060 22.06 65.74 0 3.99
1637139120 22 65.99 0 3.99
1637139180 22.03 66.34 0 3.99
1637139240 21.99 66.37 0 3.985
1637139300 21.99 66.79 0 3.985
1637139360 22 67.04 0 3.985
1637139420 21.97 67.12 0 3.985
1637139480 21.96 67.21 0 3.99
1637139540 21.95 67.34 0 3.985
1637139600 21.95 67.57 0 3.985
1637139660 21.93 67.79 0 3.99
1637139720 21.91 68.13 0 3.985
1637139780 21.85 68.31 0 3.99
1637139840 21.82 68.65 0 3.99
1637139900 21.82 68.81 0 3.985
1637139960 21.88 68.8 0 3.985
1637140020 21.81 68.84 0 3.985
1637140080 21.76 68.82 0 3.985
1637140140 21.73 68.9 0 3.979
1637140200 21.72 69.01 0 3.985
1637140260 21.71 69.16 0 3.985
1637140320 21.71 69.22 0 3.985
1637140380 21.76 69.19 0 3.985
1637140440 21.78 69.14 0 3.985
1637140500 21.75 69.25 0 3.985
1637140560 21.72 69.37 0 3.985
1637140620 21.68 69.53 0 3.985
1637140680 21.63 70 0 3.985
1637140740 21.62 69.86 0 3.985
1637140800 21.66 69.7 0 3.985
1637140860 21.66 69.57 0 3.985
1637140920 21.62 69.68 0 3.985
1637140980 21.62 69.52 0 3.985
1637141040 21.58 69.61 0 3.985
1637141100 21.51 70.03 0 3.985
1637141160 21.48 70.16 0 3.979
1637141220 21.48 70.31 0 3.985
1637141280 21.48 70.09 0 3.985
1637141340 21.49 70.14 0 3.985
1637141400 21.49 70.08 0 3.985
1637141460 21.49 70.03 0 3.985
1637141520 21.48 70.07 0 3.979
1637141580 21.44 70.46 0 3.985
1637141640 21.44 70.36 0 3.985
1637141700 21.4 70.31 0 3.985
1637141760 21.41 70.07 0 3.979
1637141820 21.38 69.96 0 3.985
1637141880 21.34 70.11 0 3.979
1637141940 21.31 70.44 0 3.979
1637142000 21.3 70.15 0 3.979
1637142060 21.28 70.34 0 3.979
1637142120 21.25 70.31 0 3.979
1637142180 21.25 70.27 0 3.979
1637142240 21.25 70.29 0 3.985
1637142300 21.21 70.37 0 3.985
1637142360 21.2 70.47 0 3.985
1637142420 21.21 70.5 0 3.985
1637142480 21.21 70.5 0 3.985
1637142540 21.15 70.53 0 3.979
1637142600 21.18 70.52 0 3.985
1637142660 21.2 70.81 0 3.985
1637142720 21.2 71.14 0 3.985
1637142780 21.11 71.4 0 3.985
1637142840 21.07 71.82 0 3.979
1637142900 21.15 72.39 0 3.979
1637142960 21.21 72.03 0 3.979
1637143020 21.17 72.09 0 3.979
1637143080 21.15 72.1 0 3.979
1637143140 21.18 72.67 0 3.979
1637143200 21.18 72.77 0 3.979
1637143260 21.1 73.16 0 3.979
1637143320 21.04 73.42 0 3.979
1637143380 21 73.86 0 3.979
1637143440 20.97 74.45 0 3.979
1637143500 21.07 74.99 0 3.979
1637143560 21.1 76.69 0 3.979
1637143620 21.12 76.98 0 3.979
1637143680 21.12 78.23 0 3.979
1637143740 21.17 78.3 0 3.979
1637143800 21.1 78.17 0 3.979
1637143860 21.05 78.67 0 3.979
1637143920 20.97 78.8 0 3.979
1637143980 20.95 79.75 0 3.979
1637144040 20.94 79.89 0 3.979
1637144100 20.91 80.3 0 3.979
1637144160 20.91 80.39 0 3.979
1637144220 20.91 78.69 0 3.979
1637144280 20.89 77.75 0 3.979
1637144340 20.86 77.83 0 3.979
1637144400 20.89 77.23 0 3.979
1637144460 20.91 77 0 3.979
1637144520 20.93 77 0 3.979
1637144580 20.98 77.98 0 3.979
1637144640 20.95 77.8 0 3.974
1637144700 20.93 77.33 0 3.979
1637144760 21.07 77.58 0 3.974
1637144820 21.12 77.4 0 3.974
1637144880 21.28 76.9 0 3.974
1637144940 21.38 76.47 0 3.974
1637145000 21.42 75.59 0 3.979
1637145060 21.45 74.15 0 3.979
1637145120 21.55 73.4 0 3.974
1637145180 21.61 73.03 0 3.974
1637145240 21.66 72.91 0 3.979
1637145300 21.71 72.92 0 3.974
1637145360 21.71 73.47 0 3.979
1637145420 21.54 76.64 0 3.974
1637145480 21.44 77.59 0 3.974
1637145540 21.37 77.89 0 3.974
1637145600 21.32 78.03 0 3.974
1637145660 21.3 78.24 4 3.974
1637145720 21.27 78.33 0 3.974
1637145780 21.24 78.19 0 3.974
1637145840 21.27 78.22 0 3.974
1637145900 21.22 77.74 4 3.974
1637145960 21.17 77.85 4 3.974
1637146020 21.17 78.07 4 3.974
1637146080 21.17 78.84 4 3.974
1637146140 21.15 78.44 4 3.974
1637146200 21.15 78.44 4 3.974
1637146260 21.14 78.33 4 3.974
1637146320 21.11 78.21 4 3.974
1637146380 21.12 78.65 4 3.974
1637146440 21.12 79.34 4 3.974
1637146500 21.14 79.97 4 3.974
1637146560 21.12 80.99 4 3.974
1637146620 21.15 81.21 10 3.974
1637146680 21.15 80.84 10 3.974
1637146740 21.15 80.52 10 3.974
1637146800 21.14 80.65 10 3.974
1637146860 21.12 80.74 10 3.974
1637146920 21.12 80.48 10 3.974
1637146980 21.12 80.59 10 3.974
1637147040 21.17 80.78 10 3.974
1637147100 21.18 80.48 10 3.974
1637147160 21.21 80.51 16 3.974
1637147220 21.2 80.81 16 3.974
1637147280 21.11 78.8 22 3.974
1637147340 21.04 75.18 28 3.969
1637147400 21.02 74.71 34 3.969
1637147460 20.95 73.18 40 3.974
1637147520 20.87 71.88 40 3.974
1637147580 20.8 72.05 40 3.974
1637147640 20.79 72.01 40 3.974
1637147700 20.8 71.48 40 3.974
1637147760 20.7 71.12 40 3.974
1637147820 20.65 71.28 40 3.974
1637147880 20.59 71.41 40 3.974
1637147940 20.56 71.66 69 3.974
1637148000 20.59 71.72 87 3.974
1637148060 20.67 71.83 93 3.969
1637148120 20.77 71.39 93 3.969
1637148180 20.84 71.18 97 3.969
1637148240 20.93 71 97 3.969
1637148300 21.02 70.96 103 3.969
1637148360 21.21 70.56 109 3.974
1637148420 21.46 70.18 109 3.969
1637148480 21.72 69.27 109 3.969
1637148540 21.78 68.79 103 3.969
1637148600 21.85 68.51 109 3.969
1637148660 21.86 68.79 115 3.974
1637148720 21.91 68.77 128 3.969
1637148780 21.97 68.84 140 3.974
1637148840 22.07 68.85 140 3.974
1637148900 22.24 68.43 144 3.969
1637148960 22.34 68.52 144 3.969
1637149020 22.53 67.98 150 3.974
1637149080 22.67 67.48 156 3.969
1637149140 22.85 67.22 162 3.969
1637149200 23.02 66.5 168 3.969
1637149260 23.26 65.61 174 3.969
1637149320 23.19 65.77 180 3.969
1637149380 23.19 66.16 186 3.969
1637149440 23.49 64.12 186 3.969
1637149500 23.41 63.38 191 3.969
1637149560 23.49 62.76 197 3.969
1637149620 23.41 62.9 203 3.969
1637149680 23.26 62.86 209 3.974
1637149740 23.04 63.51 209 3.969
1637149800 23.22 63.68 215 3.974
1637149860 23.3 63.7 215 3.974
1637149920 23.48 63.16 221 3.974
1637149980 23.77 62.73 227 3.974
1637150040 23.87 63.04 227 3.969
1637150100 23.97 62.35 233 3.974
1637150160 24.19 62.25 239 3.969
1637150220 24.48 61.99 239 3.974
1637150280 24.79 60.47 243 3.974
1637150340 24.82 60.15 243 3.974
1637150400 24.98 60.04 249 3.974
1637150460 25.08 59.67 249 3.974
1637150520 25.23 59.36 256 3.974
1637150580 25.4 59.43 262 3.974
1637150640 26.03 58.94 268 3.974
1637150700 26.3 58.01 274 3.979
1637150760 26.39 57.43 274 3.979
1637150820 26.71 56.63 280 3.979
1637150880 27.07 56.16 286 3.979
1637150940 27.26 55.09 292 3.979
1637151000 26.72 55.15 298 3.979
1637151060 27.05 55.16 298 3.979
1637151120 26.99 55.32 304 3.979
1637151180 27.3 55.23 304 3.985
1637151240 27 56.18 308 3.979
1637151300 26.99 57.01 308 3.985
1637151360 26.68 56.96 316 3.985
1637151420 26.2 58.77 322 3.985
1637151480 25.88 59.7 326 3.979
1637151540 25.47 60.83 326 3.985
1637151600 25.21 62.41 326 3.99
1637151660 24.85 63.87 332 3.985
1637151720 25.01 64.4 334 3.985
1637151780 25.01 63.89 334 3.99
1637151840 25.18 64.19 344 3.99
1637151900 25.3 63.14 344 3.99
1637151960 25.11 63.39 350 3.996
1637152020 24.95 63.19 352 3.996
1637152080 25.29 61.91 352 3.99
1637152140 25.32 62.58 358 3.996
1637152200 24.99 63.87 364 4.001
1637152260 24.78 65.11 370 4.001
1637152320 24.61 66.1 376 4.001
1637152380 24.85 66.05 376 4.001
1637152440 25.01 65.77 376 4.006
1637152500 25.25 65.66 382 4.006
1637152560 25.21 64.27 380 4.006
1637152620 24.88 61.79 382 4.006
1637152680 25.09 64.01 388 4.012
1637152740 25.36 64.35 394 4.006
1637152800 25.44 63.75 400 4.012
1637152860 25.72 63.46 406 4.012
1637152920 25.76 64.48 406 4.012
1637152980 25.56 65.41 412 4.017
1637153040 25.57 66.59 418 4.017
1637153100 25.8 66.25 418 4.017
1637153160 26.07 65.48 418 4.022
1637153220 26.2 64.97 436 4.022
1637153280 26.75 63.69 444 4.028
1637153340 26.46 63.65 444 4.028
1637153400 26.15 64.49 448 4.028
1637153460 26.04 65.1 450 4.028
1637153520 25.87 65.65 456 4.033
1637153580 25.91 61.78 462 4.033
1637153640 25.83 61 468 4.033
1637153700 25.42 61.08 474 4.033
1637153760 25.37 58.08 474 4.039
1637153820 25.18 58.13 480 4.039
1637153880 24.95 58.68 480 4.044
1637153940 25.34 58.28 480 4.044
1637154000 25.06 58.44 486 4.044
1637154060 24.83 59.19 486 4.044
1637154120 24.89 59.72 493 4.049
1637154180 25.21 59.75 499 4.049
1637154240 25.81 58.82 512 4.055
1637154300 26.39 57.19 518 4.06
1637154360 26.48 56.82 518 4.06
1637154420 26.69 57.22 524 4.06
1637154480 26.55 57.12 524 4.06
1637154540 26.1 59.31 530 4.06
1637154600 26.23 58.44 537 4.071
1637154660 26.51 57.81 537 4.065
1637154720 26.96 55.64 543 4.071
1637154780 26.83 55.4 543 4.071
1637154840 26.44 56.81 551 4.076
1637154900 25.87 58.59 557 4.082
1637154960 25.83 59.49 563 4.082
1637155020 25.66 60.54 563 4.082
1637155080 25.64 61.53 564 4.087
1637155140 25.87 60.88 564 4.087
1637155200 26.08 60.87 564 4.087
1637155260 26.79 59.29 570 4.092
1637155320 26.95 57.94 576 4.098
1637155380 27.46 57.37 578 4.098
1637155440 27.85 57.15 584 4.098
1637155500 28.25 56.4 596 4.103
1637155560 28.77 55.16 603 4.108
1637155620 29 54.15 603 4.108
1637155680 29.16 53.83 609 4.114
1637155740 29.64 53.18 611 4.119
1637155800 29.84 51.92 611 4.119
1637155860 29.3 53.2 611 4.125
1637155920 28.83 54.48 620 4.098
1637155980 28.67 54.67 618 4.087
1637156040 28.79 54.6 621 4.082
1637156100 28.25 55.46 627 4.076
1637156160 28.12 56.47 627 4.076
1637156220 28.05 56.56 627 4.076
1637156280 28.23 56.08 633 4.076
1637156340 27.84 56.58 640 4.108
1637156400 27.68 57.58 641 4.119
1637156460 27.46 57.95 649 4.125
1637156520 27.44 58.56 649 4.087
1637156580 27.88 57.65 653 4.082
1637156640 27.85 57.25 658 4.082
1637156700 27.12 58.91 659 4.082
1637156760 27.23 58.89 652 4.076
1637156820 27.19 59.15 652 4.076
1637156880 27.06 59.4 652 4.076
1637156940 26.72 60.43 652 4.071
1637157000 26.85 60.19 664 4.071
1637157060 26.85 60.23 670 4.071
1637157120 26.71 60.45 664 4.071
1637157180 26.68 60.84 664 4.071
1637157240 26.89 60.37 676 4.108
1637157300 27 60.28 685 4.125
1637157360 27.22 59.55 695 4.087
1637157420 27.61 58.4 700 4.082
1637157480 27.7 58.54 713 4.076
1637157540 28.21 57.1 718 4.076
1637157600 28.97 55.67 724 4.076
1637157660 29.24 54.89 730 4.071
1637157720 29.65 53.42 734 4.071
1637157780 29.53 53.66 740 4.071
1637157840 29.21 54.14 734 4.076
1637157900 28.87 54.57 740 4.071
1637157960 28.69 55.37 740 4.071
1637158020 28.79 55.34 740 4.071
1637158080 29.33 54.06 740 4.071
1637158140 29.45 53.71 734 4.065
1637158200 29.18 54.33 740 4.065
1637158260 29.92 53.01 746 4.065
1637158320 29.91 52.5 752 4.065
1637158380 30.09 52.38 758 4.065
1637158440 29.67 52.72 757 4.06
1637158500 29.74 52.99 764 4.06
1637158560 29.71 53.23 771 4.06
1637158620 29.57 53.38 775 4.06
1637158680 29.27 53.83 777 4.06
1637158740 29.18 54.57 763 4.06
1637158800 29.1 54.64 781 4.06
1637158860 28.9 54.68 775 4.06
1637158920 29.04 54.83 781 4.06
1637158980 29.16 54.38 786 4.055
1637159040 28.94 54.61 787 4.055
1637159100 28.96 54.67 780 4.06
1637159160 28.77 55.18 792 4.06
1637159220 29 54.66 798 4.055
1637159280 29.24 54.18 804 4.055
1637159340 29.64 53.53 816 4.055
1637159400 29.82 52.79 816 4.055
1637159460 30.27 52.37 810 4.055
1637159520 29.82 52.93 816 4.055
1637159580 29.54 53.42 828 4.055
1637159640 30.27 52.45 840 4.06
1637159700 30.78 50.61 846 4.055
1637159760 30.49 51.63 858 4.055
1637159820 30.46 51.53 862 4.055
1637159880 30.3 51.84 858 4.049
1637159940 30.01 52.79 886 4.108
1637160000 29.72 53.43 596 4.065
1637160060 30.19 52.29 459 4.06
1637160120 29.6 53.15 876 4.06
1637160180 28.67 55.64 823 4.06
1637160240 28.53 56.42 841 4.06
1637160300 28.82 55.68 847 4.06
1637160360 29 55.6 846 4.06
1637160420 29.14 54.98 852 4.055
1637160480 29.33 54.3 852 4.055
1637160540 29.48 54.65 852 4.055
1637160600 30.04 53.18 840 4.055
1637160660 30.33 52.54 876 4.055
1637160720 29.76 52.9 882 4.06
1637160780 29.71 53.76 876 4.055
1637160840 30.01 53.41 856 4.114
1637160900 30.39 52.08 879 4.13
1637160960 29.91 52.42 892 4.141
1637161020 29.35 53.73 896 4.151
1637161080 29.1 54.57 897 4.162
1637161140 29.44 54.29 906 4.173
1637161200 29.35 54.32 921 4.178
1637161260 29.67 53.29 935 4.194
1637161320 29.89 52.57 924 4.194
1637161380 30.18 51.94 924 4.146
1637161440 29.92 51.96 935 4.13
1637161500 30.02 52.18 945 4.125
1637161560 30.12 51.41 944 4.119
1637161620 30.27 51.24 950 4.114
1637161680 30.15 51.11 948 4.114
1637161740 29.88 51.95 953 4.108
1637161800 30.04 51.61 947 4.108
1637161860 29.67 51.7 947 4.108
1637161920 30.09 51.15 941 4.108
1637161980 29.69 52.39 941 4.103
1637162040 30.08 51.81 947 4.103
1637162100 30.33 50.99 947 4.103
1637162160 30.35 51.12 951 4.103
1637162220 30.37 51.19 959 4.103
1637162280 30.57 51.26 969 4.103
1637162340 30.8 50.39 975 4.103
1637162400 30.91 49.67 981 4.098
1637162460 30.02 51.5 987 4.098
1637162520 30.42 51.31 981 4.098
1637162580 30.6 51.05 987 4.098
1637162640 30.71 50.24 992 4.087
1637162700 30.25 51.32 1008 4.092
1637162760 30.18 52.13 1022 4.092
1637162820 30.81 51.24 1021 4.092
1637162880 31.1 50.53 1022 4.092
1637162940 30.5 51.44 1045 4.092
1637163000 30.62 51.21 233 4.087
1637163060 30.2 52.3 203 4.087
1637163120 29.78 53.1 185 4.087
1637163180 29.27 54.53 179 4.087
1637163240 29.3 54.39 191 4.087
1637163300 29.1 54.89 209 4.087
1637163360 28.93 55.21 701 4.087
1637163420 28.72 55.6 239 4.087
1637163480 28.51 56.34 233 4.082
1637163540 28.46 56.85 221 4.092
1637163600 28.53 58.29 233 4.098
1637163660 28.69 58.31 252 4.098
1637163720 28.39 59.96 1075 4.087
1637163780 28.34 60.37 936 4.082
1637163840 28.69 59.85 653 4.087
1637163900 29.03 59.22 876 4.082
1637163960 29.6 57.66 1109 4.082
1637164020 29.91 56.98 1103 4.082
1637164080 29.64 56.6 1103 4.082
1637164140 29.75 57.37 1109 4.082
1637164200 30.33 56.43 1133 4.082
1637164260 30.78 55.07 1145 4.082
1637164320 30.49 55.62 772 4.082
1637164380 30.04 56.72 227 4.082
1637164440 29.35 59.12 215 4.087
1637164500 29.18 59.75 209 4.087
1637164560 29.09 60.32 203 4.092
1637164620 29.06 60.84 209 4.092
1637164680 29.14 60.35 215 4.092
1637164740 29.09 59.97 216 4.098
1637164800 28.73 60.82 210 4.098
1637164860 28.49 61.78 204 4.098
1637164920 28.23 62.83 246 4.103
1637164980 28.26 63.17 486 4.087
1637165040 28.41 62.79 347 4.087
1637165100 28.72 61.69 1008 4.087
1637165160 28.7 61.71 1237 4.087
1637165220 28.99 61.35 1219 4.082
1637165280 29.41 59.54 786 4.082
1637165340 29.88 58.55 325 4.098
1637165400 29.78 58.82 349 4.108
1637165460 29.48 59.82 441 4.119
1637165520 29.25 60.63 317 4.092
1637165580 29.44 60.62 323 4.092
1637165640 29.54 60.2 353 4.087
1637165700 29.37 60.78 834 4.087
1637165760 29.45 60.5 1219 4.092
1637165820 29.4 60.23 353 4.087
1637165880 29.25 60.6 786 4.087
1637165940 29.33 60.96 876 4.087
1637166000 29.61 60.18 341 4.082
1637166060 30.09 58.82 311 4.087
1637166120 30.33 58.23 329 4.087
1637166180 29.61 59.98 402 4.087
1637166240 29.3 61.17 293 4.076
1637166300 29.48 61.04 269 4.082
1637166360 29.3 61.18 521 4.082
1637166420 29.12 61.82 1121 4.076
1637166480 28.83 62.37 316 4.082
1637166540 28.94 62.43 299 4.082
1637166600 29.33 61.74 400 4.076
1637166660 29.3 61.38 323 4.082
1637166720 29.04 62.08 1186 4.076
1637166780 28.76 63.01 1263 4.076
1637166840 29.03 62.44 1273 4.076
1637166900 29.81 60.73 346 4.076
1637166960 30.16 59.47 281 4.076
1637167020 29.96 59.07 251 4.076
1637167080 29.71 60.03 262 4.076
1637167140 29.37 60.11 281 4.087
1637167200 29.03 61.45 316 4.076
1637167260 29.03 61.46 322 4.076
1637167320 28.87 62.02 310 4.071
1637167380 28.62 62.19 322 4.076
1637167440 28.41 63.32 364 4.071
1637167500 28.34 63.87 599 4.071
1637167560 28.29 64.25 1298 4.071
1637167620 28.53 63.38 370 4.071
1637167680 28.67 62.68 328 4.071
1637167740 28.97 62.18 340 4.071
1637167800 28.8 62.93 340 4.071
1637167860 28.8 63.16 334 4.071
1637167920 28.9 62.86 316 4.071
1637167980 29.02 62.56 298 4.071
1637168040 28.77 62.81 305 4.082
1637168100 28.42 63.88 305 4.087
1637168160 28.41 64.18 293 4.092
1637168220 28.21 64.96 293 4.092
1637168280 28.14 65.58 299 4.092
1637168340 28.19 65.47 349 4.098
1637168400 28.26 65.37 453 4.114
1637168460 28.34 65.05 456 4.092
1637168520 28.19 65.61 341 4.087
1637168580 28.1 65.97 305 4.087
1637168640 27.81 65.37 269 4.082
1637168700 27.85 66.09 251 4.082
1637168760 27.84 66.31 287 4.082
1637168820 28.11 65.78 365 4.076
1637168880 28.08 65.3 323 4.082
1637168940 27.72 66.01 391 4.103
1637169000 27.76 66.51 728 4.092
1637169060 28.1 65.52 420 4.087
1637169120 28.38 64.39 353 4.087
1637169180 28.39 64.09 442 4.082
1637169240 28.59 63.66 414 4.082
1637169300 28.63 63.21 484 4.082
1637169360 28.32 64.12 442 4.082
1637169420 28.43 63.84 412 4.076
1637169480 28.48 63.38 376 4.082
1637169540 28.15 64 352 4.076
1637169600 27.94 64.87 406 4.076
1637169660 27.76 65.5 424 4.076
1637169720 27.91 65.45 563 4.076
1637169780 27.95 64.74 424 4.076
1637169840 28.14 64.35 764 4.071
1637169900 28.16 64.45 424 4.071
1637169960 28.46 63.72 298 4.076
1637170020 28.84 62.83 286 4.071
1637170080 28.8 62.78 903 4.071
1637170140 28.51 63.41 1142 4.071
1637170200 28.82 62.94 304 4.071
1637170260 28.97 61.86 227 4.071
1637170320 28.62 62.3 221 4.071
1637170380 28.41 62.78 239 4.071
1637170440 28.21 63.85 237 4.071
1637170500 28.32 63.93 219 4.071
1637170560 27.71 65.78 221 4.071
1637170620 27.71 66.22 239 4.065
1637170680 27.65 65.77 256 4.071
1637170740 27.4 65.84 275 4.082
1637170800 27.26 66.1 293 4.092
1637170860 27.33 66.33 299 4.092
1637170920 27.53 65.95 299 4.092
1637170980 27.68 65.27 397 4.103
1637171040 27.67 65.29 311 4.082
1637171100 27.74 65.22 310 4.076
1637171160 27.87 65.15 563 4.076
1637171220 27.94 65.03 281 4.076
1637171280 28.07 64.55 262 4.076
1637171340 28.04 64.35 262 4.076
1637171400 27.91 64.61 274 4.076
1637171460 27.63 64.53 292 4.071
1637171520 27.46 65.2 286 4.071
1637171580 27.65 65.34 268 4.071
1637171640 27.65 65.2 251 4.082
1637171700 27.53 64.96 257 4.082
1637171760 27.4 65.12 281 4.082
1637171820 27.36 65.85 299 4.076
1637171880 27.29 65.9 322 4.076
1637171940 27.33 65.99 328 4.076
1637172000 27.3 66.13 376 4.071
1637172060 27.36 66.57 376 4.071
1637172120 27.61 65.74 316 4.071
1637172180 27.71 65.6 310 4.071
1637172240 27.78 65.18 424 4.065
1637172300 27.95 64.82 382 4.071
1637172360 28.15 64 394 4.071
1637172420 28.31 63.43 322 4.065
1637172480 28.25 63.6 340 4.065
1637172540 27.85 64.76 1159 4.065
1637172600 27.92 64.84 1206 4.065
1637172660 28.45 63.14 340 4.065
1637172720 28.79 61.8 1129 4.065
1637172780 28.96 61.35 596 4.065
1637172840 29.1 60.68 990 4.065
1637172900 29.38 60.25 356 4.065
1637172960 29 60.91 411 4.065
1637173020 29.3 60.81 1147 4.06
1637173080 29.54 60.15 405 4.06
1637173140 29.58 59.36 364 4.065
1637173200 29.34 60.22 382 4.065
1637173260 29.34 60.17 1091 4.065
1637173320 29.25 60.46 364 4.06
1637173380 29.57 59.13 334 4.06
1637173440 29.78 56.57 340 4.076
1637173500 29.95 56.12 1004 4.071
1637173560 30.02 56.49 382 4.065
1637173620 30.06 56.36 370 4.065
1637173680 29.33 58.2 388 4.06
1637173740 29.38 59.15 417 4.06
1637173800 29.35 59.92 519 4.065
1637173860 29.03 61.01 495 4.06
1637173920 28.83 62.23 942 4.06
1637173980 28.82 62.74 573 4.065
1637174040 29.31 61.33 459 4.06
1637174100 29.38 61.04 1121 4.06
1637174160 29.35 61.38 1127 4.06
1637174220 29.48 60.42 459 4.06
1637174280 29.51 59.46 512 4.06
1637174340 29.58 59.62 462 4.087
1637174400 29.71 59.39 475 4.098
1637174460 29.81 59.13 688 4.071
1637174520 30.04 58.96 400 4.065
1637174580 30.15 58.42 423 4.065
1637174640 29.85 58.95 704 4.065
1637174700 29.58 60.14 1057 4.065
1637174760 29.91 59.54 477 4.065
1637174820 29.85 59.49 483 4.065
1637174880 29.91 58.88 889 4.06
1637174940 30.15 58.42 411 4.065
1637175000 29.92 58.88 1027 4.06
1637175060 30.12 58.89 1141 4.06
1637175120 30.62 57.79 1139 4.06
1637175180 31.04 55.81 1043 4.065
1637175240 30.8 56.67 444 4.087
1637175300 30.36 57.32 438 4.092
1637175360 30.01 58.22 585 4.108
1637175420 29.69 59.6 519 4.114
1637175480 29.38 59.98 463 4.114
1637175540 29.13 60.62 429 4.114
1637175600 29.24 60.3 411 4.114
1637175660 28.9 61.55 441 4.119
1637175720 28.9 61.91 686 4.103
1637175780 29.04 61.91 1078 4.092
1637175840 29.47 61.04 1058 4.092
1637175900 29.61 60.39 504 4.092
1637175960 29.12 61.54 960 4.087
1637176020 29.51 60.95 504 4.087
1637176080 29.78 60.31 695 4.087
1637176140 30.25 59.09 1085 4.082
1637176200 29.86 60.42 460 4.082
1637176260 29.67 60.87 587 4.082
1637176320 29.99 60.52 390 4.082
1637176380 29.72 61.25 466 4.082
1637176440 29.45 61.62 515 4.076
1637176500 29.6 61.99 382 4.082
1637176560 29.69 61.16 384 4.076
1637176620 29.74 60.97 754 4.076
1637176680 30.08 60.24 430 4.076
1637176740 30.23 58.87 1024 4.076
1637176800 29.65 60.07 1011 4.076
1637176860 30.05 59.05 987 4.076
1637176920 30.02 58.83 352 4.076
1637176980 29.96 58.93 328 4.076
1637177040 29.55 60.17 305 4.087
1637177100 29.4 60.43 329 4.098
1637177160 29.48 60.61 421 4.103
1637177220 29.07 61.31 757 4.087
1637177280 28.53 63.24 402 4.087
1637177340 28.79 62.95 317 4.082
1637177400 28.93 62.7 293 4.082
1637177460 28.94 62.57 281 4.082
1637177520 29.07 62.22 281 4.082
1637177580 29.23 61.61 269 4.076
1637177640 28.92 62.41 245 4.076
1637177700 28.92 62.63 215 4.076
1637177760 28.77 61.95 197 4.076
1637177820 28.55 63.3 191 4.076
1637177880 28.41 63.91 197 4.076
1637177940 28.35 64.37 209 4.082
1637178000 28.18 65.06 227 4.087
1637178060 28.12 65.68 251 4.087
1637178120 28.11 65.83 269 4.098
1637178180 27.92 66.03 271 4.098
1637178240 27.83 66.9 287 4.082
1637178300 28.08 66.39 281 4.082
1637178360 27.98 66.37 305 4.082
1637178420 27.92 66.51 310 4.082
1637178480 28.01 66.58 808 4.076
1637178540 28.21 65.89 820 4.076
1637178600 28.35 65.21 688 4.076
1637178660 28.38 64.89 400 4.076
1637178720 28.65 64.99 905 4.076
1637178780 29.16 63.97 539 4.076
1637178840 29.34 62.18 774 4.076
1637178900 29.54 61.99 880 4.076
1637178960 29.51 61.9 880 4.076
1637179020 29.53 62.49 370 4.071
1637179080 29.81 61.53 412 4.071
1637179140 29.64 61.45 346 4.076
1637179200 29.48 62.33 340 4.071
1637179260 29.23 62.9 340 4.071
1637179320 28.94 63.51 376 4.071
1637179380 28.55 64.19 424 4.071
1637179440 28.28 65.16 664 4.071
1637179500 28.19 66.19 298 4.071
1637179560 28.31 65.24 280 4.071
1637179620 28.49 64.94 280 4.071
1637179680 28.61 64.04 286 4.065
1637179740 28.29 64.91 281 4.082
1637179800 28.22 65.28 274 4.071
1637179860 28.07 65.65 274 4.071
1637179920 28.35 64.8 292 4.065
1637179980 28.16 64.8 310 4.071
1637180040 28.41 64.61 340 4.071
1637180100 28.28 64.36 352 4.065
1637180160 27.84 65.69 316 4.065
1637180220 27.5 66.76 322 4.071
1637180280 27.26 68.23 322 4.065
1637180340 27.34 68.76 322 4.065
1637180400 27.43 69.25 322 4.065
1637180460 27.32 70.22 692 4.065
1637180520 27.09 71.16 334 4.065
1637180580 26.9 71.89 549 4.065
1637180640 26.98 72.17 486 4.092
1637180700 27.36 70.77 299 4.087
1637180760 27.33 70.58 281 4.087
1637180820 27.3 70.36 275 4.087
1637180880 27.19 71.36 391 4.098
1637180940 27.27 71.46 301 4.103
1637181000 27.32 70.68 612 4.087
1637181060 27.33 70.27 623 4.087
1637181120 27.3 70.15 623 4.076
1637181180 27.29 70.04 515 4.076
1637181240 27.5 69.52 502 4.076
1637181300 27.84 68.62 563 4.076
1637181360 27.91 68.09 539 4.076
1637181420 28.26 67.07 448 4.076
1637181480 28.08 67.2 527 4.076
1637181540 28.05 68.01 537 4.114
1637181600 27.95 68.1 527 4.125
1637181660 28.19 66.94 528 4.087
1637181720 28.38 64.51 432 4.082
1637181780 28.41 65.26 179 4.082
1637181840 28.41 65.59 173 4.082
1637181900 27.94 66.36 167 4.082
1637181960 27.41 67.27 161 4.082
1637182020 27.26 68.63 143 4.082
1637182080 27.14 69.61 137 4.082
1637182140 27.1 69.5 143 4.082
1637182200 26.93 70.15 155 4.087
1637182260 26.92 69.94 173 4.087
1637182320 27.02 70.26 167 4.087
1637182380 26.96 69.91 335 4.082
1637182440 26.55 70.18 161 4.082
1637182500 26.55 70.98 173 4.087
1637182560 26.58 70.11 179 4.092
1637182620 26.52 69.95 329 4.082
1637182680 26.59 70.38 347 4.082
1637182740 26.75 69.68 239 4.082
1637182800 26.85 69.85 430 4.076
1637182860 27.3 68.66 215 4.076
1637182920 27.53 67.81 197 4.076
1637182980 27.29 68.2 370 4.076
1637183040 27.25 68.24 448 4.076
1637183100 27.12 68.92 448 4.076
1637183160 27.36 68.61 442 4.071
1637183220 27.49 68.03 442 4.076
1637183280 27.54 67.71 436 4.071
1637183340 27.91 66.98 427 4.103
1637183400 27.8 66.4 411 4.108
1637183460 27.74 67.03 393 4.114
1637183520 27.68 67.59 387 4.119
1637183580 27.81 66.93 380 4.125
1637183640 27.65 67.51 380 4.125
1637183700 27.84 67.35 373 4.103
1637183760 27.91 66.38 367 4.098
1637183820 28.21 65.53 365 4.092
1637183880 28.16 66.08 365 4.092
1637183940 28.16 66.34 341 4.092
1637184000 28.25 65.99 299 4.087
1637184060 28.21 65.8 311 4.087
1637184120 27.91 66.63 317 4.087
1637184180 27.77 66.75 317 4.087
1637184240 27.8 67.06 319 4.103
1637184300 27.64 67.75 307 4.114
1637184360 27.61 67.89 301 4.114
1637184420 27.47 68 283 4.114
1637184480 27.22 68.75 278 4.119
1637184540 27 68.98 252 4.103
1637184600 26.96 69.31 240 4.103
1637184660 27.02 69.39 204 4.098
1637184720 27.26 68.16 137 4.098
1637184780 27.02 68.3 179 4.092
1637184840 26.95 68.36 137 4.092
1637184900 27.06 68.05 106 4.092
1637184960 27.06 68.06 94 4.092
1637185020 26.96 67.31 88 4.092
1637185080 26.69 68.82 82 4.087
1637185140 26.46 69.34 82 4.087
1637185200 26.48 69.99 82 4.087
1637185260 26.51 69.82 76 4.087
1637185320 26.56 69.94 70 4.087
1637185380 26.59 70.4 76 4.087
1637185440 26.56 70.77 76 4.087
1637185500 26.52 70.84 70 4.087
1637185560 26.37 71.12 76 4.092
1637185620 26.23 71.91 76 4.087
1637185680 26.15 72.4 70 4.087
1637185740 26.18 71.96 64 4.087
1637185800 26.18 72.26 58 4.087
1637185860 26.3 71.99 64 4.087
1637185920 26.49 71.46 64 4.087
1637185980 26.39 71.59 64 4.087
1637186040 26.32 71.6 70 4.082
1637186100 26.3 70.22 64 4.087
1637186160 26.38 69.53 64 4.082
1637186220 26.25 70.27 64 4.087
1637186280 26.08 71.13 64 4.082
1637186340 25.98 71.55 58 4.082
1637186400 26 71.91 58 4.082
1637186460 26.2 71.99 58 4.082
1637186520 26.27 72.06 52 4.082
1637186580 26.17 72.48 52 4.082
1637186640 26.2 72.58 52 4.082
1637186700 26.24 72.98 46 4.082
1637186760 26.14 73.55 46 4.082
1637186820 26.01 74.31 46 4.082
1637186880 25.88 74.59 40 4.082
1637186940 25.93 74.92 40 4.076
1637187000 25.81 75.08 40 4.076
1637187060 25.7 75.58 34 4.082
1637187120 25.69 75.61 28 4.082
1637187180 25.54 75.81 28 4.082
1637187240 25.49 76.06 22 4.076
1637187300 25.36 76.24 16 4.076
1637187360 25.32 76.5 16 4.076
1637187420 25.36 76.13 16 4.076
1637187480 25.43 75.92 10 4.076
1637187540 25.37 76.38 10 4.076
1637187600 25.4 76.46 10 4.076
1637187660 25.32 76.8 4 4.076
1637187720 25.25 77.09 4 4.076
1637187780 25.25 77.3 4 4.082
1637187840 25.21 77.54 4 4.071
1637187900 25.26 77.39 4 4.076
1637187960 25.13 77.81 4 4.076
1637188020 25.06 78.31 4 4.076
1637188080 25.02 78.53 4 4.076
1637188140 25.05 78.66 4 4.076
1637188200 25.05 78.68 0 4.076
1637188260 25.05 78.82 0 4.076
1637188320 25.01 78.95 0 4.071
1637188380 25.04 79.1 0 4.076
1637188440 24.99 79.27 0 4.076
1637188500 24.96 79.49 0 4.076
1637188560 24.88 79.79 0 4.071
1637188620 24.85 79.94 0 4.071
1637188680 24.86 80.09 0 4.076
1637188740 24.85 80.16 0 4.071
1637188800 24.88 80.32 0 4.071
1637188860 24.82 80.62 0 4.071
1637188920 24.86 80.26 0 4.071
1637188980 24.83 80.54 0 4.071
1637189040 24.85 80.6 0 4.071
1637189100 24.79 80.81 0 4.071
1637189160 24.75 81 0 4.071
1637189220 24.75 81.08 0 4.071
1637189280 24.78 81.07 0 4.071
1637189340 24.71 81.06 0 4.071
1637189400 24.67 81.46 0 4.065
1637189460 24.62 81.54 0 4.071
1637189520 24.53 81.98 0 4.071
1637189580 24.48 82.04 0 4.071
1637189640 24.42 82.24 0 4.065
1637189700 24.44 82.33 0 4.065
1637189760 24.55 81.93 0 4.065
1637189820 24.55 82.06 0 4.065
1637189880 24.51 81.99 0 4.065
1637189940 24.46 82.03 0 4.065
1637190000 24.42 82.35 0 4.071
1637190060 24.47 82.36 0 4.065
1637190120 24.42 82.53 0 4.065
1637190180 24.44 82.63 0 4.065
1637190240 24.47 82.38 0 4.065
1637190300 24.48 82.27 0 4.065
1637190360 24.51 82.22 0 4.065
1637190420 24.48 82.39 0 4.065
1637190480 24.5 82.5 0 4.065
1637190540 24.46 82.62 0 4.06
1637190600 24.42 82.87 0 4.065
1637190660 24.4 83.02 0 4.06
1637190720 24.37 83.12 0 4.06
1637190780 24.4 82.98 0 4.06
1637190840 24.4 82.96 0 4.065
1637190900 24.4 83.05 0 4.065
1637190960 24.44 83.16 0 4.065
1637191020 24.37 83.45 0 4.06
1637191080 24.5 83.3 0 4.065
1637191140 24.5 83.15 0 4.06
1637191200 24.53 82.99 0 4.06
1637191260 24.51 82.64 0 4.065
1637191320 24.55 82.46 0 4.06
1637191380 24.5 82.46 0 4.06
1637191440 24.41 83.01 0 4.06
1637191500 24.34 83.81 0 4.06
1637191560 24.27 83.93 0 4.06
1637191620 24.17 84.33 0 4.06
1637191680 24.14 84.6 0 4.06
1637191740 24.11 84.71 0 4.06
1637191800 24.13 84.81 0 4.06
1637191860 24.09 84.92 0 4.06
1637191920 24.07 85.02 0 4.055
1637191980 24.03 84.97 0 4.06
1637192040 23.99 84.73 0 4.06
1637192100 24 84.96 0 4.06
1637192160 23.96 84.69 0 4.06
1637192220 24.01 84.66 0 4.06
1637192280 24.01 84.49 0 4.06
1637192340 23.96 84.63 0 4.055
1637192400 23.97 84.38 0 4.06
1637192460 23.92 84.29 0 4.055
1637192520 23.9 84.51 0 4.055
1637192580 23.92 84.31 0 4.06
1637192640 23.92 84.26 0 4.06
1637192700 23.86 84.03 0 4.06
1637192760 23.86 83.99 0 4.055
1637192820 23.84 84.08 0 4.055
1637192880 23.84 84.14 0 4.055
1637192940 23.83 83.91 0 4.06
1637193000 23.89 83.9 0 4.055
1637193060 23.92 83.71 0 4.055
1637193120 23.93 83.6 0 4.06
1637193180 23.93 83.23 0 4.055
1637193240 23.93 83.51 0 4.049
1637193300 24 83.19 0 4.055
1637193360 23.97 83.21 0 4.055
1637193420 23.95 83.27 0 4.055
1637193480 23.93 83.46 0 4.055
1637193540 23.9 83.57 0 4.055
1637193600 23.87 83.82 0 4.055
1637193660 23.83 83.89 0 4.055
1637193720 23.86 83.89 0 4.055
1637193780 23.89 83.84 0 4.055
1637193840 23.86 83.76 0 4.055
1637193900 23.84 83.91 0 4.055
1637193960 23.76 84.03 0 4.055
1637194020 23.79 83.84 0 4.055
1637194080 23.75 84.03 0 4.055
1637194140 23.75 83.48 0 4.049
1637194200 23.72 83.34 0 4.055
1637194260 23.66 83.13 0 4.049
1637194320 23.7 83.18 0 4.055
1637194380 23.73 82.75 0 4.049
1637194440 23.66 83.04 0 4.055
1637194500 23.69 83.04 0 4.049
1637194560 23.66 83.36 0 4.049
1637194620 23.65 83.65 0 4.049
1637194680 23.62 83.91 0 4.049
1637194740 23.59 84.01 0 4.049
1637194800 23.58 84.47 0 4.049
1637194860 23.53 84.58 0 4.049
1637194920 23.5 84.73 0 4.049
1637194980 23.48 84.76 0 4.049
1637195040 23.42 84.82 0 4.049
1637195100 23.41 84.86 0 4.049
1637195160 23.38 84.73 0 4.049
1637195220 23.41 84.86 0 4.049
1637195280 23.45 84.42 0 4.049
1637195340 23.46 84.3 0 4.049
1637195400 23.45 83.72 0 4.049
1637195460 23.45 83.71 0 4.049
1637195520 23.5 83.55 0 4.049
1637195580 23.6 82.93 0 4.049
1637195640 23.55 82.58 0 4.049
1637195700 23.56 82.36 0 4.049
1637195760 23.56 82.24 0 4.049
1637195820 23.53 82.01 0 4.049
1637195880 23.5 81.9 0 4.049
1637195940 23.56 81.93 0 4.044
1637196000 23.63 81.89 0 4.044
1637196060 23.59 81.78 0 4.049
1637196120 23.6 81.9 0 4.049
1637196180 23.62 82.11 0 4.044
1637196240 23.59 82.18 0 4.044
1637196300 23.58 82.23 0 4.044
1637196360 23.53 82.21 0 4.044
1637196420 23.55 82.29 0 4.049
1637196480 23.56 82.29 0 4.044
1637196540 23.56 82.29 0 4.044
1637196600 23.55 82.28 0 4.044
1637196660 23.5 82.36 0 4.044
1637196720 23.5 82.34 0 4.044
1637196780 23.48 82.09 0 4.044
1637196840 23.44 82.23 0 4.044
1637196900 23.38 82 0 4.044
1637196960 23.36 82.23 0 4.044
1637197020 23.38 82.27 0 4.044
1637197080 23.35 82.84 0 4.044
1637197140 23.29 82.72 0 4.044
1637197200 23.29 82.94 0 4.044
1637197260 23.3 83.45 0 4.044
1637197320 23.26 83.46 0 4.044
1637197380 23.28 83.37 0 4.044
1637197440 23.32 83.43 0 4.044
1637197500 23.35 83.32 0 4.044
1637197560 23.36 83.23 0 4.044
1637197620 23.32 83.32 0 4.044
1637197680 23.3 83.59 0 4.044
1637197740 23.32 83.95 0 4.039
1637197800 23.32 83.86 0 4.039
1637197860 23.29 84.16 0 4.044
1637197920 23.32 84.31 0 4.039
1637197980 23.32 84.2 0 4.039
1637198040 23.35 84.55 0 4.044
1637198100 23.32 84.64 0 4.039
1637198160 23.32 84.64 0 4.039
1637198220 23.29 84.78 0 4.044
1637198280 23.28 84.89 0 4.044
1637198340 23.25 85.2 0 4.039
1637198400 23.26 85.42 0 4.044
1637198460 23.26 85.32 0 4.044
1637198520 23.28 85.11 0 4.044
1637198580 23.28 85.26 0 4.039
1637198640 23.28 85.36 0 4.039
1637198700 23.25 85.55 0 4.039
1637198760 23.24 85.66 0 4.039
1637198820 23.24 85.72 0 4.039
1637198880 23.25 85.85 0 4.039
1637198940 23.25 85.73 0 4.039
1637199000 23.26 85.79 0 4.039
1637199060 23.22 85.6 0 4.039
1637199120 23.18 85.75 0 4.039
1637199180 23.15 85.81 0 4.039
1637199240 23.14 85.95 0 4.039
1637199300 23.14 85.98 0 4.039
1637199360 23.11 86.07 0 4.039
1637199420 23.08 86.13 0 4.039
1637199480 23.09 86.11 0 4.039
1637199540 23.11 86.15 0 4.033
1637199600 23.14 86.23 0 4.033
1637199660 23.11 86.34 0 4.039
1637199720 23.07 86.44 0 4.039
1637199780 23.09 86.43 0 4.039
1637199840 23.09 86.31 0 4.033
1637199900 23.11 86.18 0 4.039
1637199960 23.07 85.94 0 4.033
1637200020 23.09 85.85 0 4.033
1637200080 23.11 85.94 0 4.039
1637200140 23.11 85.84 0 4.033
1637200200 23.09 85.67 0 4.033
1637200260 23.08 85.55 0 4.039
1637200320 23.09 85.19 0 4.033
1637200380 23.11 85.25 0 4.033
1637200440 23.09 84.84 0 4.033
1637200500 23.11 85.45 0 4.033
1637200560 23.12 85.8 0 4.033
1637200620 23.05 85.75 0 4.033
1637200680 23.02 85.85 0 4.033
1637200740 23.01 85.98 0 4.033
1637200800 22.98 85.43 0 4.033
1637200860 22.97 85.6 0 4.033
1637200920 23.01 85.62 0 4.033
1637200980 23.01 85.46 0 4.039
1637201040 23.07 85.73 0 4.033
1637201100 23.04 85.59 0 4.033
1637201160 22.98 86.02 0 4.033
1637201220 22.97 86.26 0 4.039
1637201280 22.98 86.4 0 4.033
1637201340 23.01 86.29 0 4.028
1637201400 23.01 85.98 0 4.033
1637201460 22.97 85.83 0 4.033
1637201520 23.04 85.69 0 4.033
1637201580 23.07 85.44 0 4.033
1637201640 23.09 85.07 0 4.033
1637201700 23.14 84.93 0 4.033
1637201760 23.21 84.76 0 4.033
1637201820 23.18 84.87 0 4.033
1637201880 23.22 84.92 0 4.033
1637201940 23.22 84.87 0 4.033
1637202000 23.19 84.99 0 4.033
1637202060 23.22 84.81 0 4.033
1637202120 23.22 84.77 0 4.033
1637202180 23.24 84.92 0 4.033
1637202240 23.22 84.92 0 4.028
1637202300 23.26 84.76 0 4.028
1637202360 23.3 84.62 0 4.033
1637202420 23.32 84.6 0 4.028
1637202480 23.35 84.73 0 4.028
1637202540 23.33 84.61 0 4.028
1637202600 23.35 84.77 0 4.028
1637202660 23.39 84.94 0 4.033
1637202720 23.38 85.49 0 4.028
1637202780 23.33 85.42 0 4.028
1637202840 23.41 85.24 0 4.028
1637202900 23.38 85.36 0 4.033
1637202960 23.35 85.44 0 4.028
1637203020 23.36 85.11 0 4.033
1637203080 23.36 84.92 0 4.028
1637203140 23.41 85.18 0 4.028
1637203200 23.41 84.98 0 4.028
1637203260 23.46 84.94 0 4.028
1637203320 23.48 84.84 0 4.028
1637203380 23.46 84.75 0 4.028
1637203440 23.46 84.69 0 4.028
1637203500 23.49 84.88 0 4.028
1637203560 23.5 85.18 0 4.028
1637203620 23.49 85.35 0 4.028
1637203680 23.49 85.3 0 4.028
1637203740 23.5 85.36 0 4.028
1637203800 23.49 85.23 0 4.028
1637203860 23.55 85.19 0 4.028
1637203920 23.5 85.18 0 4.028
1637203980 23.48 85.2 0 4.028
1637204040 23.5 85.32 0 4.022
1637204100 23.53 85.29 0 4.028
1637204160 23.53 85.36 0 4.028
1637204220 23.5 85.36 0 4.028
1637204280 23.53 85.2 0 4.028
1637204340 23.55 84.94 0 4.028
1637204400 23.58 84.91 0 4.028
1637204460 23.53 84.86 0 4.022
1637204520 23.53 84.82 0 4.028
1637204580 23.53 84.82 0 4.028
1637204640 23.53 84.9 0 4.022
1637204700 23.56 84.88 0 4.022
1637204760 23.56 84.84 0 4.028
1637204820 23.59 84.77 0 4.028
1637204880 23.62 84.77 0 4.028
1637204940 23.59 84.77 0 4.022
1637205000 23.6 84.76 0 4.022
1637205060 23.59 84.63 0 4.022
1637205120 23.58 84.53 0 4.022
1637205180 23.53 84.39 0 4.022
1637205240 23.48 84.45 0 4.022
1637205300 23.45 84.44 0 4.022
1637205360 23.39 83.88 0 4.022
1637205420 23.35 84.03 0 4.022
1637205480 23.32 84.23 0 4.028
1637205540 23.29 84.28 0 4.022
1637205600 23.26 84.47 0 4.022
1637205660 23.21 84.36 0 4.022
1637205720 23.15 84.08 0 4.022
1637205780 23.09 84.07 0 4.022
1637205840 23.09 84.01 0 4.022
1637205900 23.04 84.03 0 4.022
1637205960 23.04 84.12 0 4.022
1637206020 22.98 84.15 0 4.022
1637206080 22.97 84.31 0 4.022
1637206140 22.97 84.28 0 4.022
1637206200 22.93 84.44 0 4.022
1637206260 22.93 84.63 0 4.022
1637206320 22.97 84.49 0 4.022
1637206380 22.98 84.59 0 4.022
1637206440 22.95 84.47 0 4.022
1637206500 22.95 84.42 0 4.022
1637206560 22.98 84.37 0 4.022
1637206620 22.99 84.18 0 4.022
1637206680 22.97 84.25 0 4.022
1637206740 23.04 84.13 0 4.017
1637206800 23.05 83.65 0 4.017
1637206860 23.08 83.41 0 4.022
1637206920 23.09 83.38 0 4.022
1637206980 23.04 83.36 0 4.022
1637207040 23.04 82.79 0 4.022
1637207100 22.99 82.47 0 4.022
1637207160 22.99 82.47 0 4.022
1637207220 22.98 82.59 0 4.022
1637207280 22.95 82.56 0 4.022
1637207340 22.95 82.6 0 4.022
1637207400 22.91 82.7 0 4.022
1637207460 22.9 83.13 0 4.017
1637207520 22.93 83.52 0 4.022
1637207580 22.91 83.79 0 4.017
1637207640 22.9 83.91 0 4.012
1637207700 22.87 84.46 0 4.017
1637207760 22.79 84.31 0 4.017
1637207820 22.77 84.27 0 4.017
1637207880 22.74 84.06 0 4.017
1637207940 22.79 83.99 0 4.017
1637208000 22.84 83.75 0 4.017
1637208060 22.85 83.79 0 4.017
1637208120 22.87 83.61 0 4.017
1637208180 22.88 83.4 0 4.017
1637208240 22.84 83.31 0 4.017
1637208300 22.79 83.27 0 4.017
1637208360 22.78 83.34 0 4.017
1637208420 22.75 83.15 0 4.017
1637208480 22.77 83.07 0 4.017
1637208540 22.74 82.98 0 4.012
1637208600 22.75 82.74 0 4.017
1637208660 22.77 82.6 0 4.017
1637208720 22.78 82.32 0 4.017
1637208780 22.75 82.17 0 4.017
1637208840 22.71 82.06 0 4.017
1637208900 22.77 81.84 0 4.017
1637208960 22.77 81.78 0 4.017
1637209020 22.73 81.58 0 4.017
1637209080 22.7 81.5 0 4.017
1637209140 22.79 80.85 0 4.017
1637209200 22.84 80.19 0 4.017
1637209260 22.84 80.34 0 4.017
1637209320 22.81 80.32 0 4.017
1637209380 22.77 80.37 0 4.017
1637209440 22.73 80.61 0 4.012
1637209500 22.64 80.82 0 4.012
1637209560 22.61 80.79 0 4.012
1637209620 22.58 80.72 0 4.012
1637209680 22.53 80.81 0 4.017
1637209740 22.47 80.88 0 4.017
1637209800 22.43 81.02 0 4.017
1637209860 22.39 81.17 0 4.012
1637209920 22.34 81.2 0 4.012
1637209980 22.33 81.27 0 4.017
1637210040 22.27 81.43 0 4.012
1637210100 22.26 80.99 0 4.012
1637210160 22.27 80.72 0 4.017
1637210220 22.27 80.79 0 4.017
1637210280 22.26 80.84 0 4.012
1637210340 22.32 80.54 0 4.012
1637210400 22.39 80.11 0 4.012
1637210460 22.33 80.35 0 4.012
1637210520 22.32 80.32 0 4.012
1637210580 22.26 80.43 0 4.012
1637210640 22.19 80.56 0 4.012
1637210700 22.16 80.93 0 4.012
1637210760 22.16 81.02 0 4.012
1637210820 22.12 80.9 0 4.012
1637210880 22.09 80.82 0 4.012
1637210940 22.05 80.41 0 4.012
1637211000 22.02 80.2 0 4.012
1637211060 22.03 80.36 0 4.012
1637211120 22.03 79.81 0 4.012
1637211180 22.03 79.84 0 4.012
1637211240 21.96 79.83 0 4.012
1637211300 21.99 79.82 0 4.012
1637211360 21.95 80.02 0 4.006
1637211420 21.97 79.99 0 4.012
1637211480 21.97 79.75 0 4.012
1637211540 22 79.74 0 4.012
