1637125200 23.56 79.87 0 4.076
1637125260 23.59 79.93 0 4.076
1637125320 23.56 79.99 0 4.076
1637125380 23.59 80.07 0 4.076
1637125440 23.59 80.16 0 4.076
1637125500 23.57 80.25 0 4.076
1637125560 23.59 80.35 0 4.076
1637125620 23.56 80.35 0 4.071
1637125680 23.54 80.43 0 4.076
1637125740 23.54 80.49 0 4.076
1637125800 23.57 80.56 0 4.076
1637125860 23.57 80.62 0 4.076
1637125920 23.54 80.7 0 4.076
1637125980 23.5 80.75 0 4.076
1637126040 23.51 80.83 0 4.076
1637126100 23.53 80.89 0 4.076
1637126160 23.49 80.88 0 4.076
1637126220 23.49 80.94 0 4.076
1637126280 23.47 80.93 0 4.076
1637126340 23.47 80.93 0 4.071
1637126400 23.5 81.03 0 4.076
1637126460 23.49 81.04 0 4.076
1637126520 23.49 81.12 0 4.076
1637126580 23.5 81.13 0 4.071
1637126640 23.47 81.16 0 4.076
1637126700 23.47 81.2 0 4.076
1637126760 23.46 81.19 0 4.071
1637126820 23.44 81.15 0 4.076
1637126880 23.46 81.19 0 4.076
1637126940 23.44 81.24 0 4.076
1637127000 23.47 81.24 0 4.076
1637127060 23.49 81.2 0 4.076
1637127120 23.49 81.19 0 4.076
1637127180 23.46 81.19 0 4.076
1637127240 23.44 81.21 0 4.076
1637127300 23.44 81.19 0 4.076
1637127360 23.43 81.21 0 4.076
1637127420 23.44 81.17 0 4.071
1637127480 23.43 81.15 0 4.071
1637127540 23.43 81.09 0 4.071
1637127600 23.4 81.04 0 4.076
1637127660 23.41 80.97 0 4.076
1637127720 23.37 80.93 0 4.076
1637127780 23.37 80.87 0 4.076
1637127840 23.36 80.83 0 4.076
1637127900 23.37 80.76 0 4.076
1637127960 23.34 80.71 0 4.076
1637128020 23.31 80.66 0 4.076
1637128080 23.34 80.59 0 4.076
1637128140 23.34 80.61 0 4.076
1637128200 23.31 80.58 0 4.076
1637128260 23.33 80.57 0 4.076
1637128320 23.33 80.54 0 4.071
1637128380 23.3 80.54 0 4.076
1637128440 23.33 80.47 0 4.076
1637128500 23.31 80.35 0 4.076
1637128560 23.34 80.34 0 4.076
1637128620 23.39 80.27 0 4.076
1637128680 23.34 80.16 0 4.071
1637128740 23.37 80.09 0 4.071
1637128800 23.37 80.06 0 4.076
1637128860 23.37 80.06 0 4.076
1637128920 23.36 80.01 0 4.076
1637128980 23.36 79.94 0 4.076
1637129040 23.36 79.86 0 4.076
1637129100 23.34 79.76 0 4.076
1637129160 23.34 79.69 0 4.076
1637129220 23.36 79.59 0 4.071
1637129280 23.37 79.5 0 4.076
1637129340 23.36 79.43 0 4.071
1637129400 23.37 79.38 0 4.071
1637129460 23.39 79.37 0 4.076
1637129520 23.39 79.34 0 4.076
1637129580 23.36 79.26 0 4.076
1637129640 23.39 79.26 0 4.076
1637129700 23.4 79.32 0 4.076
1637129760 23.4 79.37 0 4.071
1637129820 23.39 79.34 0 4.076
1637129880 23.36 79.29 0 4.076
1637129940 23.39 79.27 0 4.071
1637130000 23.39 79.31 0 4.076
1637130060 23.39 79.29 0 4.076
1637130120 23.37 79.28 0 4.071
1637130180 23.37 79.27 0 4.076
1637130240 23.39 79.25 0 4.071
1637130300 23.39 79.27 0 4.071
1637130360 23.36 79.22 0 4.076
1637130420 23.39 79.2 0 4.076
1637130480 23.37 79.21 0 4.076
1637130540 23.37 79.21 0 4.071
1637130600 23.4 79.27 0 4.071
1637130660 23.37 79.27 0 4.076
1637130720 23.34 79.37 0 4.076
1637130780 23.34 79.36 0 4.076
1637130840 23.33 79.35 0 4.076
1637130900 23.3 79.31 0 4.076
1637130960 23.3 79.29 0 4.076
1637131020 23.27 79.08 0 4.071
1637131080 23.29 78.9 0 4.071
1637131140 23.3 78.8 0 4.071
1637131200 23.31 78.74 0 4.076
1637131260 23.31 78.6 0 4.076
1637131320 23.31 78.57 0 4.071
1637131380 23.3 78.51 0 4.076
1637131440 23.29 78.4 0 4.071
1637131500 23.29 78.35 0 4.071
1637131560 23.29 78.32 0 4.071
1637131620 23.27 78.21 0 4.076
1637131680 23.24 78.11 0 4.071
1637131740 23.27 78.06 0 4.071
1637131800 23.27 78.04 0 4.071
1637131860 23.26 77.98 0 4.071
1637131920 23.24 77.92 0 4.071
1637131980 23.26 77.91 0 4.071
1637132040 23.24 77.83 0 4.071
1637132100 23.24 77.83 0 4.071
1637132160 23.23 77.88 0 4.071
1637132220 23.23 77.88 0 4.071
1637132280 23.19 77.9 0 4.076
1637132340 23.19 77.95 0 4.071
1637132400 23.16 78 0 4.071
1637132460 23.16 78.04 0 4.071
1637132520 23.14 78.09 0 4.071
1637132580 23.13 78.23 0 4.071
1637132640 23.13 78.42 0 4.071
1637132700 23.14 78.62 0 4.071
1637132760 23.09 78.68 0 4.071
1637132820 23.07 78.67 0 4.071
1637132880 23.06 78.72 0 4.076
1637132940 23.05 78.75 0 4.071
1637133000 23.05 78.91 0 4.071
1637133060 23.03 79.18 0 4.071
1637133120 22.99 79.46 0 4.071
1637133180 22.95 79.72 0 4.071
1637133240 22.96 80 0 4.071
1637133300 22.93 80.26 0 4.071
1637133360 22.9 80.5 0 4.076
1637133420 22.9 80.75 0 4.076
1637133480 22.9 80.96 0 4.071
1637133540 22.9 81.27 0 4.071
1637133600 22.89 81.46 0 4.071
1637133660 22.88 81.63 0 4.071
1637133720 22.86 81.8 0 4.071
1637133780 22.86 82.01 0 4.071
1637133840 22.85 82.22 0 4.071
1637133900 22.83 82.38 0 4.071
1637133960 22.82 82.49 0 4.071
1637134020 22.82 82.65 0 4.071
1637134080 22.82 82.84 0 4.071
1637134140 22.83 83.01 0 4.071
1637134200 22.78 83.19 0 4.076
1637134260 22.79 83.41 0 4.071
1637134320 22.75 83.57 0 4.076
1637134380 22.75 83.72 0 4.071
1637134440 22.69 83.83 0 4.071
1637134500 22.68 83.95 0 4.071
1637134560 22.68 84.1 0 4.071
1637134620 22.68 84.27 0 4.071
1637134680 22.66 84.42 0 4.071
1637134740 22.65 84.61 0 4.071
1637134800 22.62 84.74 0 4.071
1637134860 22.65 84.87 0 4.071
1637134920 22.62 85.02 0 4.071
1637134980 22.62 85.17 0 4.071
1637135040 22.61 85.28 0 4.071
1637135100 22.59 85.39 0 4.071
1637135160 22.61 85.52 0 4.071
1637135220 22.59 85.57 0 4.071
1637135280 22.59 85.69 0 4.071
1637135340 22.59 85.79 0 4.071
1637135400 22.59 85.88 0 4.071
1637135460 22.62 85.94 0 4.071
1637135520 22.63 85.97 0 4.071
1637135580 22.61 85.97 0 4.071
1637135640 22.61 86.01 0 4.071
1637135700 22.62 86.07 0 4.071
1637135760 22.63 86.09 0 4.071
1637135820 22.61 86.12 0 4.071
1637135880 22.65 86.2 0 4.071
1637135940 22.62 86.17 0 4.071
1637136000 22.63 86.23 0 4.071
1637136060 22.63 86.27 0 4.071
1637136120 22.62 86.32 0 4.076
1637136180 22.61 86.33 0 4.071
1637136240 22.61 86.3 0 4.071
1637136300 22.59 86.35 0 4.071
1637136360 22.61 86.33 0 4.071
1637136420 22.58 86.39 0 4.071
1637136480 22.56 86.37 0 4.071
1637136540 22.55 86.4 0 4.071
1637136600 22.52 86.4 0 4.071
1637136660 22.51 86.38 0 4.071
1637136720 22.51 86.43 0 4.071
1637136780 22.48 86.34 0 4.071
1637136840 22.46 86.27 0 4.071
1637136900 22.44 86.12 0 4.071
1637136960 22.44 85.96 0 4.071
1637137020 22.45 85.83 0 4.071
1637137080 22.44 85.68 0 4.071
1637137140 22.44 85.58 0 4.071
1637137200 22.46 85.5 0 4.076
1637137260 22.42 85.41 0 4.071
1637137320 22.38 85.35 0 4.06
1637137380 22.38 85.15 0 4.065
1637137440 22.35 85.06 0 4.065
1637137500 22.34 84.96 0 4.071
1637137560 22.34 84.84 0 4.071
1637137620 22.35 84.78 0 4.071
1637137680 22.31 84.71 0 4.071
1637137740 22.3 84.65 0 4.071
1637137800 22.34 84.64 0 4.071
1637137860 22.31 84.6 0 4.071
1637137920 22.3 84.59 0 4.071
1637137980 22.28 84.66 0 4.071
1637138040 22.27 84.59 0 4.071
1637138100 22.27 84.59 0 4.071
1637138160 22.3 84.63 0 4.071
1637138220 22.28 84.71 0 4.065
1637138280 22.27 84.76 0 4.065
1637138340 22.24 84.85 0 4.071
1637138400 22.22 84.9 0 4.071
1637138460 22.21 84.95 0 4.071
1637138520 22.19 84.98 0 4.071
1637138580 22.15 85.05 0 4.065
1637138640 22.15 85.13 0 4.071
1637138700 22.14 85.22 0 4.071
1637138760 22.15 85.31 0 4.071
1637138820 22.14 85.36 0 4.071
1637138880 22.14 85.4 0 4.071
1637138940 22.12 85.51 0 4.071
1637139000 22.11 85.6 0 4.071
1637139060 22.07 85.67 0 4.071
1637139120 22.08 85.71 0 4.065
1637139180 22.1 85.77 0 4.071
1637139240 22.1 85.79 0 4.071
1637139300 22.12 85.81 0 4.071
1637139360 22.11 85.86 0 4.065
1637139420 22.07 85.88 0 4.065
1637139480 22.1 85.93 0 4.065
1637139540 22.08 85.96 0 4.071
1637139600 22.08 86.02 0 4.071
1637139660 22.07 86.04 0 4.071
1637139720 22.05 86.09 0 4.071
1637139780 22.07 86.11 0 4.071
1637139840 22.04 86.15 0 4.065
1637139900 22.01 86.15 0 4.065
1637139960 21.98 86.2 0 4.065
1637140020 21.98 86.22 0 4.065
1637140080 21.97 86.23 0 4.071
1637140140 21.94 86.26 0 4.071
1637140200 21.93 86.3 0 4.065
1637140260 21.9 86.36 0 4.071
1637140320 21.87 86.37 0 4.065
1637140380 21.84 86.38 0 4.065
1637140440 21.83 86.44 0 4.071
1637140500 21.8 86.5 0 4.071
1637140560 21.81 86.56 0 4.071
1637140620 21.74 86.59 0 4.065
1637140680 21.76 86.64 0 4.071
1637140740 21.74 86.72 0 4.071
1637140800 21.7 86.74 0 4.065
1637140860 21.68 86.82 0 4.071
1637140920 21.64 86.85 0 4.065
1637140980 21.64 86.94 0 4.065
1637141040 21.64 87.02 0 4.071
1637141100 21.63 87.08 0 4.065
1637141160 21.6 87.14 0 4.065
1637141220 21.53 87.17 0 4.065
1637141280 21.56 87.21 0 4.065
1637141340 21.52 87.29 0 4.071
1637141400 21.47 87.32 0 4.065
1637141460 21.46 87.41 0 4.071
1637141580 21.43 87.47 0 4.065
1637141640 21.46 87.53 0 4.071
1637141700 21.43 87.59 0 4.071
1637141760 21.39 87.58 0 4.065
1637141820 21.39 87.59 0 4.071
1637141880 21.39 87.63 0 4.065
1637141940 21.36 87.66 0 4.065
1637142000 21.36 87.67 0 4.065
1637142060 21.33 87.65 0 4.065
1637142120 21.34 87.63 0 4.071
1637142180 21.36 87.64 0 4.071
1637142240 21.34 87.65 0 4.065
1637142300 21.33 87.65 0 4.065
1637142360 21.32 87.66 0 4.071
1637142420 21.3 87.68 0 4.065
1637142480 21.29 87.72 0 4.071
1637142540 21.3 87.74 0 4.071
1637142600 21.26 87.77 0 4.065
1637142660 21.2 87.74 0 4.071
1637142720 21.22 87.73 0 4.065
1637142780 21.2 87.68 0 4.055
1637142840 21.22 87.62 0 4.065
1637142900 21.22 87.57 0 4.065
1637142960 21.22 87.57 0 4.065
1637143020 21.19 87.42 0 4.065
1637143080 21.19 87.3 0 4.065
1637143140 21.2 87.26 0 4.065
1637143200 21.22 87.16 0 4.065
1637143260 21.2 87.04 0 4.065
1637143320 21.18 86.95 0 4.065
1637143380 21.23 86.9 0 4.071
1637143440 21.2 86.77 0 4.065
1637143500 21.22 86.65 0 4.065
1637143560 21.22 86.61 0 4.065
1637143620 21.22 86.55 0 4.065
1637143680 21.2 86.48 0 4.049
1637143740 21.18 86.42 0 4.065
1637143800 21.19 86.35 0 4.065
1637143860 21.18 86.33 0 4.065
1637143920 21.2 86.25 0 4.065
1637143980 21.18 86.17 0 4.065
1637144040 21.18 86.11 0 4.065
1637144100 21.19 86.08 0 4.065
1637144160 21.18 86.01 0 4.065
1637144220 21.13 86.01 0 4.065
1637144340 21.12 85.99 0 4.065
1637144400 21.12 85.93 0 4.065
1637144460 21.1 85.97 0 4.065
1637144520 21.07 85.97 0 4.065
1637144580 21.07 86.04 0 4.065
1637144640 21.07 86.06 0 4.06
1637144700 21.07 86.14 0 4.065
1637144760 21.02 86.16 0 4.065
1637144820 21 86.22 0 4.065
1637144880 20.96 86.23 0 4.065
1637144940 20.96 86.28 0 4.065
1637145000 20.93 86.33 0 4.065
1637145060 20.89 86.36 0 4.065
1637145120 20.9 86.46 0 4.065
1637145180 20.85 86.47 0 4.065
1637145240 20.83 86.52 0 4.065
1637145300 20.85 86.57 0 4.071
1637145360 20.82 86.63 0 4.065
1637145420 20.83 86.75 0 4.065
1637145480 20.79 86.81 0 4.065
1637145540 20.78 86.92 0 4.055
1637145600 20.77 87.15 0 4.065
1637145660 20.71 87.19 0 4.065
1637145720 20.72 87.28 0 4.065
1637145780 20.72 87.4 0 4.065
1637145840 20.69 87.5 0 4.065
1637145900 20.74 87.64 0 4.06
1637145960 20.71 87.71 0 4.065
1637146020 20.72 87.87 0 4.065
1637146080 20.71 87.99 0 4.065
1637146140 20.71 88.14 0 4.065
1637146200 20.68 88.23 0 4.065
1637146260 20.68 88.32 0 4.065
1637146320 20.68 88.37 0 4.065
1637146380 20.65 88.43 0 4.065
1637146440 20.67 88.47 0 4.065
1637146500 20.64 88.49 0 4.065
1637146560 20.67 88.53 0 4.065
1637146620 20.65 88.58 0 4.065
1637146680 20.67 88.62 0 4.065
1637146740 20.68 88.57 0 4.065
1637146800 20.72 88.63 0 4.065
1637146860 20.69 88.64 0 4.065
1637146920 20.72 88.59 0 4.065
1637146980 20.69 88.51 0 4.065
1637147040 20.75 88.45 0 4.065
1637147100 20.78 88.29 0 4.065
1637147160 20.81 88.17 0 4.065
1637147220 20.86 88.07 0 4.065
1637147280 20.93 88 0 4.065
1637147340 20.93 87.96 0 4.065
1637147400 20.92 87.87 0 4.065
1637147460 20.98 87.77 0 4.06
1637147520 20.95 87.58 0 4.065
1637147580 21 87.4 0 4.065
1637147640 21.02 87.23 0 4.065
1637147700 21.07 86.98 0 4.065
1637147760 21.13 86.8 0 4.065
1637147820 21.16 86.61 0 4.065
1637147880 21.2 86.37 0 4.065
1637147940 21.23 86.19 0 4.065
1637148000 21.26 86.06 0 4.065
1637148060 21.32 85.96 4 4.065
1637148120 21.34 85.86 4 4.065
1637148180 21.37 85.72 0 4.065
1637148240 21.36 85.58 0 4.065
1637148300 21.42 85.46 0 4.065
1637148360 21.4 85.34 4 4.065
1637148420 21.46 85.31 4 4.065
1637148480 21.43 85.22 4 4.065
1637148540 21.44 85.18 4 4.065
1637148600 21.47 85.13 4 4.065
1637148660 21.47 85.07 4 4.065
1637148720 21.49 85.03 4 4.065
1637148780 21.5 85 4 4.065
1637148840 21.52 84.93 4 4.065
1637148900 21.52 84.94 4 4.065
1637148960 21.5 84.85 4 4.065
1637149020 21.52 84.76 4 4.065
1637149080 21.54 84.61 4 4.065
1637149140 21.56 84.54 4 4.06
1637149200 21.57 84.49 4 4.065
1637149260 21.58 84.4 4 4.065
1637149320 21.57 84.41 10 4.065
1637149380 21.57 84.35 16 4.065
1637149440 21.57 84.3 10 4.065
1637149500 21.58 84.31 16 4.065
1637149560 21.58 84.31 16 4.065
1637149620 21.63 84.32 16 4.065
1637149680 21.63 84.39 16 4.065
1637149740 21.64 84.43 22 4.065
1637149800 21.63 84.48 22 4.065
1637149860 21.64 84.53 22 4.06
1637149920 21.63 84.58 22 4.065
1637149980 21.63 84.56 22 4.065
1637150040 21.65 84.6 28 4.065
1637150100 21.65 84.61 28 4.065
1637150160 21.68 84.64 28 4.06
1637150220 21.73 84.64 28 4.065
1637150280 21.71 84.69 28 4.065
1637150340 21.74 84.68 28 4.065
1637150400 21.77 84.73 34 4.065
1637150460 21.81 84.76 34 4.065
1637150520 21.84 84.76 28 4.06
1637150580 21.88 84.75 34 4.06
1637150640 21.93 84.74 28 4.06
1637150700 21.94 84.75 28 4.065
1637150760 21.97 84.76 28 4.065
1637150820 21.95 84.76 28 4.065
1637150880 21.95 84.75 28 4.065
1637150940 21.97 84.8 28 4.06
1637151000 21.94 84.83 34 4.06
1637151060 21.95 84.85 34 4.06
1637151120 21.94 84.84 34 4.06
1637151180 21.94 84.91 34 4.065
1637151240 21.94 84.97 40 4.065
1637151300 21.93 84.97 40 4.06
1637151360 21.91 84.99 40 4.06
1637151420 21.97 85.01 40 4.06
1637151480 21.97 85.05 46 4.06
1637151540 21.98 85.07 46 4.065
1637151600 22.03 85.11 46 4.065
1637151660 22.08 85.17 46 4.06
1637151720 22.1 85.08 46 4.065
1637151780 22.14 85.07 46 4.06
1637151840 22.12 85.07 46 4.06
1637151900 22.08 85.1 52 4.06
1637151960 22.11 85.12 52 4.06
1637152020 22.05 85.12 52 4.065
1637152080 22.04 85.17 52 4.065
1637152140 22.05 85.13 52 4.06
1637152200 22.04 85.13 52 4.06
1637152260 22.03 85.12 52 4.065
1637152320 22.05 85.08 58 4.065
1637152380 22.1 85.07 52 4.06
1637152440 22.07 85.07 58 4.065
1637152500 22.07 85.08 58 4.06
1637152560 22.1 85.11 58 4.065
1637152620 22.15 85.05 58 4.065
1637152680 22.18 85 64 4.06
1637152740 22.21 84.99 58 4.06
1637152800 22.25 84.97 64 4.06
1637152860 22.27 84.91 64 4.06
1637152920 22.31 84.88 64 4.06
1637152980 22.35 84.8 64 4.06
1637153040 22.45 84.68 64 4.06
1637153100 22.45 84.64 70 4.065
1637153160 22.49 84.6 64 4.06
1637153220 22.52 84.63 64 4.06
1637153280 22.51 84.62 64 4.06
1637153340 22.51 84.64 70 4.065
1637153400 22.55 84.66 70 4.06
1637153460 22.59 84.59 70 4.06
1637153520 22.58 84.52 70 4.065
1637153580 22.56 84.51 70 4.06
1637153640 22.52 84.51 70 4.06
1637153700 22.51 84.5 76 4.06
1637153760 22.52 84.54 76 4.065
1637153820 22.54 84.56 76 4.06
1637153880 22.55 84.56 76 4.06
1637153940 22.58 84.58 76 4.06
1637154000 22.62 84.57 76 4.065
1637154060 22.63 84.58 76 4.06
1637154120 22.66 84.6 76 4.06
1637154180 22.7 84.56 76 4.06
1637154240 22.8 84.54 76 4.06
1637154300 22.79 84.55 76 4.06
1637154360 22.79 84.46 76 4.06
1637154420 22.83 84.45 82 4.065
1637154480 22.82 84.32 82 4.06
1637154540 22.88 84.25 82 4.06
1637154600 22.93 84.17 82 4.06
1637154660 23 84.13 82 4.065
1637154720 23.06 84.01 82 4.06
1637154780 23.14 83.76 82 4.06
1637154840 23.26 83.53 82 4.06
1637154900 23.34 83.35 82 4.065
1637154960 23.41 83.19 82 4.06
1637155020 23.5 83.01 82 4.065
1637155080 23.56 82.81 82 4.065
1637155140 23.57 82.64 82 4.06
1637155200 23.63 82.44 82 4.065
1637155260 23.71 82.25 82 4.065
1637155320 23.77 81.98 82 4.06
1637155380 23.87 81.71 88 4.06
1637155440 23.89 81.5 88 4.06
1637155500 23.87 81.19 88 4.06
1637155560 23.94 80.94 82 4.06
1637155620 23.98 80.65 82 4.06
1637155680 23.94 80.3 88 4.065
1637155740 23.91 80.08 88 4.06
1637155800 23.95 79.78 88 4.06
1637155860 24.05 79.66 88 4.06
1637155920 24.1 79.52 88 4.055
1637155980 24.18 79.32 88 4.06
1637156040 24.15 78.97 88 4.065
1637156100 24.21 78.72 88 4.065
1637156160 24.21 78.47 94 4.06
1637156220 24.18 78.21 94 4.06
1637156280 24.18 78.03 88 4.06
1637156340 24.26 77.83 88 4.065
1637156400 24.32 77.66 88 4.06
1637156460 24.31 77.49 94 4.06
1637156520 24.33 77.31 94 4.06
1637156580 24.33 77.12 88 4.065
1637156640 24.4 76.98 94 4.06
1637156700 24.45 76.84 94 4.06
1637156760 24.46 76.65 94 4.06
1637156820 24.51 76.5 94 4.06
1637156880 24.55 76.35 94 4.06
1637156940 24.59 76.13 94 4.06
1637157000 24.72 75.9 94 4.06
1637157060 24.67 75.75 94 4.06
1637157120 24.7 75.55 94 4.06
1637157180 24.72 75.31 94 4.06
1637157240 24.85 75.23 94 4.06
1637157300 24.89 75.1 94 4.06
1637157360 24.93 74.92 94 4.06
1637157420 24.93 74.79 94 4.06
1637157480 25 74.75 94 4.06
1637157540 25.09 74.64 94 4.06
1637157600 25.16 74.46 94 4.06
1637157660 25.17 74.25 100 4.065
1637157720 25.16 74.08 94 4.065
1637157780 25.21 73.87 100 4.06
1637157840 25.16 73.57 100 4.06
1637157900 25.17 73.43 100 4.06
1637157960 25.2 73.22 100 4.06
1637158020 25.18 73.06 100 4.06
1637158080 25.2 72.8 100 4.06
1637158140 25.33 72.63 100 4.06
1637158200 25.23 72.5 106 4.06
1637158260 25.18 72.39 100 4.065
1637158320 25.2 72.33 106 4.06
1637158380 25.21 72.31 106 4.06
1637158440 25.31 72.32 106 4.06
1637158500 25.34 72.2 112 4.065
1637158560 25.37 72.12 118 4.06
1637158620 25.34 72.08 112 4.065
1637158680 25.4 72 106 4.065
1637158740 25.51 72.05 124 4.06
1637158800 25.57 71.86 131 4.065
1637158860 25.71 71.64 112 4.065
1637158920 25.74 71.47 118 4.065
1637158980 25.64 71.31 106 4.065
1637159040 25.65 71.17 106 4.06
1637159100 25.65 71.04 106 4.06
1637159160 25.68 70.95 106 4.065
1637159220 25.74 70.89 106 4.065
1637159280 25.85 70.8 106 4.065
1637159340 25.85 70.65 106 4.06
1637159400 25.78 70.52 106 4.065
1637159460 25.87 70.38 112 4.06
1637159520 25.99 70.31 112 4.06
1637159580 25.99 70.16 106 4.06
1637159640 25.99 70.01 112 4.06
1637159700 26.09 69.94 106 4.065
1637159760 26.21 69.82 112 4.06
1637159820 26.28 69.85 118 4.065
1637159880 26.28 69.72 112 4.065
1637159940 26.38 69.62 112 4.06
1637160000 26.43 69.64 149 4.06
1637160060 26.42 69.58 173 4.06
1637160120 26.47 69.46 177 4.06
1637160180 26.56 69.28 155 4.065
1637160240 26.73 69.08 155 4.065
1637160300 26.86 68.9 131 4.06
1637160360 26.72 68.63 124 4.06
1637160420 26.53 68.38 124 4.065
1637160480 26.49 68.23 118 4.06
1637160540 26.62 68.1 124 4.065
1637160600 26.77 68 155 4.065
1637160660 26.87 67.92 155 4.065
1637160720 26.89 67.71 201 4.065
1637160780 26.82 67.63 231 4.065
1637160840 26.8 67.59 231 4.065
1637160900 26.84 67.53 195 4.065
1637160960 26.9 67.45 358 4.065
1637161020 26.98 67.33 429 4.065
1637161080 27.01 67.23 292 4.06
1637161140 27.21 67.15 322 4.065
1637161200 27.34 66.92 477 4.06
1637161260 27.45 66.72 567 4.065
1637161320 27.65 66.52 644 4.065
1637161380 27.94 66.36 745 4.06
1637161440 28.19 66.07 805 4.065
1637161500 28.36 65.78 859 4.065
1637161560 28.57 65.51 847 4.065
1637161620 28.74 65.11 549 4.065
1637161680 28.9 64.75 376 4.065
1637161740 28.96 64.36 328 4.06
1637161800 29.15 63.98 435 4.065
1637161860 28.9 63.47 608 4.065
1637161920 29 63.17 344 4.065
1637161980 28.96 62.76 201 4.065
1637162040 28.75 62.36 191 4.065
1637162100 28.64 62.09 143 4.065
1637162160 28.56 61.85 124 4.065
1637162220 28.4 61.58 124 4.06
1637162280 28.46 61.37 197 4.065
1637162340 28.45 61.18 358 4.065
1637162400 28.23 61.03 447 4.065
1637162460 28.19 60.85 179 4.06
1637162520 28.18 60.66 155 4.06
1637162580 28.22 60.46 219 4.065
1637162640 28.18 60.32 405 4.065
1637162700 27.99 60.18 322 4.065
1637162760 27.96 60.12 191 4.065
1637162820 28.02 60.03 124 4.06
1637162880 28.19 60.07 124 4.06
1637162940 28.08 60.09 124 4.065
1637163000 28.18 60.1 118 4.065
1637163060 28.22 60.11 131 4.065
1637163120 28.36 60.19 131 4.065
1637163180 28.37 60.1 131 4.065
1637163240 28.51 60.06 124 4.065
1637163300 28.59 60.01 118 4.065
1637163360 28.75 59.93 137 4.065
1637163420 28.86 59.77 161 4.065
1637163480 28.84 59.56 249 4.065
1637163540 28.96 59.51 213 4.06
1637163600 28.93 59.35 256 4.065
1637163660 28.8 59.29 286 4.065
1637163720 28.94 59.25 370 4.065
1637163780 29.04 59.17 304 4.065
1637163840 29.07 59.11 268 4.065
1637163900 29.25 58.98 286 4.065
1637163960 29.42 58.87 197 4.065
1637164020 29.49 58.76 179 4.065
1637164080 29.65 58.52 179 4.065
1637164140 29.71 58.25 191 4.065
1637164200 29.77 58.08 219 4.065
1637164260 29.92 57.95 191 4.065
1637164320 29.82 57.7 191 4.065
1637164380 29.65 57.43 201 4.071
1637164440 29.72 57.25 213 4.065
1637164500 29.65 57 382 4.071
1637164560 29.52 56.79 441 4.071
1637164620 29.39 56.56 400 4.071
1637164680 29.41 56.39 346 4.071
1637164740 29.39 56.24 346 4.071
1637164800 29.51 56.14 233 4.071
1637164860 29.75 56.01 233 4.071
1637164920 29.69 55.97 227 4.071
1637164980 29.63 55.87 256 4.071
1637165040 29.77 55.78 262 4.071
1637165100 29.93 55.75 221 4.071
1637165160 29.75 55.64 256 4.071
1637165220 29.82 55.64 233 4.071
1637165280 29.87 55.57 221 4.071
1637165340 29.98 55.5 215 4.065
1637165400 30.15 55.5 221 4.071
1637165460 30.31 55.47 231 4.071
1637165520 30.3 55.27 137 4.071
1637165580 30.3 55.16 137 4.065
1637165640 29.99 55 286 4.071
1637165700 30.03 54.91 591 4.071
1637165760 30.15 54.87 980 4.071
1637165820 30.16 54.71 891 4.071
1637165880 29.99 54.52 1046 4.071
1637165940 30.16 54.46 1078 4.076
1637166000 30.33 54.33 1084 4.076
1637166060 30.53 54.19 1090 4.076
1637166120 30.85 54.09 695 4.076
1637166180 30.79 53.81 983 4.082
1637166240 30.82 53.6 1109 4.082
1637166300 31.05 53.4 1097 4.082
1637166360 31.22 53.18 1075 4.087
1637166420 31.24 52.91 935 4.087
1637166480 31.21 52.66 1097 4.087
1637166540 31.31 52.4 1014 4.087
1637166600 31.53 52.16 185 4.076
1637166660 31.33 51.9 167 4.071
1637166720 31.36 51.72 173 4.071
1637166780 31.42 51.51 185 4.071
1637166840 31.22 51.38 197 4.071
1637166900 30.81 51.25 215 4.071
1637166960 30.38 51.2 227 4.071
1637167020 30.3 51.18 251 4.076
1637167080 30.27 51.16 269 4.076
1637167140 30.06 51.24 263 4.076
1637167200 30.03 51.3 251 4.076
1637167260 29.8 51.43 227 4.071
1637167320 29.85 51.64 221 4.076
1637167380 29.77 51.79 215 4.076
1637167440 29.61 51.98 209 4.076
1637167500 29.53 52.21 203 4.076
1637167560 29.52 52.47 203 4.076
1637167620 29.44 52.69 203 4.076
1637167680 29.49 53.01 209 4.076
1637167740 29.63 53.26 221 4.071
1637167800 29.52 53.5 227 4.076
1637167860 29.44 53.77 203 4.071
1637167920 29.36 54 197 4.076
1637167980 29.21 54.26 209 4.076
1637168040 29.29 54.58 370 4.082
1637168100 29.28 54.84 661 4.087
1637168160 29.25 55.16 466 4.087
1637168220 29.35 55.47 281 4.082
1637168280 29.38 55.76 263 4.076
1637168340 29.42 56.11 1130 4.071
1637168400 29.53 56.33 1118 4.076
1637168460 29.8 56.54 1138 4.098
1637168520 30.2 56.71 915 4.087
1637168580 30.47 56.76 1060 4.076
1637168640 30.89 56.75 1177 4.108
1637168700 31.01 56.73 1179 4.108
1637168760 31.17 56.6 1183 4.114
1637168820 31.41 56.43 1173 4.114
1637168880 31.45 56.21 1161 4.114
1637168940 31.55 56.06 789 4.103
1637169000 31.51 55.89 566 4.098
1637169060 31.25 55.76 1164 4.076
1637169120 31.26 55.66 1176 4.082
1637169180 31.36 55.62 341 4.087
1637169240 31.61 55.61 1007 4.114
1637169300 31.45 55.5 1218 4.082
1637169360 31.52 55.52 341 4.087
1637169420 31.76 55.41 275 4.082
1637169480 31.79 55.32 965 4.082
1637169540 31.68 55.21 1186 4.082
1637169600 31.43 55.24 1234 4.119
1637169660 31.35 55.33 1067 4.103
1637169720 31.32 55.37 1219 4.108
1637169780 31.56 55.36 1239 4.108
1637169840 31.87 55.25 965 4.108
1637169900 31.97 55.1 1251 4.114
1637169960 31.97 54.97 1123 4.125
1637170020 31.89 54.86 560 4.103
1637170080 32.12 54.71 620 4.098
1637170140 31.94 54.58 215 4.087
1637170200 31.96 54.49 191 4.087
1637170260 31.82 54.39 191 4.087
1637170320 31.52 54.33 203 4.087
1637170380 31.22 54.37 197 4.082
1637170440 30.85 54.5 173 4.087
1637170500 30.75 54.72 155 4.082
1637170560 30.5 54.86 149 4.087
1637170620 30.03 55 143 4.087
1637170680 29.79 55.29 155 4.082
1637170740 29.62 55.6 167 4.082
1637170800 29.48 55.87 161 4.087
1637170860 29.28 56.22 155 4.082
1637170920 29.2 56.66 155 4.082
1637170980 29.01 57.06 143 4.082
1637171040 28.86 57.44 143 4.087
1637171100 28.82 57.81 149 4.082
1637171160 28.77 58.18 173 4.082
1637171220 28.8 58.51 179 4.087
1637171280 28.82 58.86 203 4.087
1637171340 28.77 59.11 370 4.082
1637171400 28.74 59.45 329 4.092
1637171460 28.64 59.69 725 4.082
1637171520 28.75 59.93 1188 4.082
1637171580 28.93 60.04 1188 4.082
1637171640 29.17 60.16 1197 4.114
1637171700 29.53 60.21 257 4.092
1637171760 29.86 60.19 245 4.092
1637171820 29.77 60.11 257 4.092
1637171880 29.63 60.03 653 4.082
1637171940 29.56 60.05 683 4.087
1637172000 29.68 60.05 257 4.092
1637172060 29.58 60.04 287 4.092
1637172120 29.69 60.09 341 4.092
1637172180 29.69 60.07 1218 4.082
1637172240 29.93 60.16 1236 4.082
1637172300 30.15 60.15 524 4.098
1637172360 30.31 59.92 287 4.092
1637172420 30.34 59.79 263 4.092
1637172480 30.19 59.66 263 4.092
1637172540 30.12 59.58 281 4.087
1637172600 29.79 59.51 269 4.087
1637172660 29.66 59.61 263 4.087
1637172720 29.53 59.71 281 4.092
1637172780 29.44 59.77 761 4.082
1637172840 29.29 59.82 427 4.092
1637172900 29.29 59.92 396 4.092
1637172960 29.34 60.02 359 4.092
1637173020 29.44 60.07 1242 4.087
1637173080 29.44 60.12 439 4.098
1637173140 29.75 60.25 463 4.098
1637173200 29.69 60.26 335 4.098
1637173260 29.65 60.28 617 4.087
1637173320 29.76 60.33 617 4.087
1637173380 29.68 60.32 1141 4.082
1637173440 29.72 60.25 1133 4.082
1637173500 29.89 60.19 1133 4.082
1637173560 30.17 60.12 1121 4.082
1637173620 30.46 59.95 1109 4.082
1637173680 30.74 59.59 1091 4.082
1637173740 31.17 59.46 221 4.087
1637173800 31.02 59.11 239 4.087
1637173860 30.84 58.83 299 4.092
1637173920 30.68 58.63 347 4.098
1637173980 30.6 58.51 433 4.098
1637174040 29.55 57.12 185 4.092
1637174100 29.39 57.34 191 4.092
1637174160 29.32 57.6 191 4.092
1637174220 29.14 57.72 191 4.092
1637174280 29.18 57.94 185 4.087
1637174340 29.05 58.18 179 4.092
1637174400 28.86 58.46 155 4.087
1637174460 28.9 58.67 161 4.087
1637174520 28.86 58.92 173 4.092
1637174580 28.86 59.09 173 4.092
1637174640 28.84 59.37 185 4.092
1637174700 28.73 59.6 197 4.092
1637174760 28.63 59.68 234 4.092
1637174820 28.61 59.87 269 4.092
1637174880 28.59 60.09 301 4.098
1637174940 28.6 60.15 1002 4.087
1637175000 28.67 60.15 984 4.087
1637175060 28.87 60.17 233 4.092
1637175120 29.01 60.18 227 4.092
1637175180 28.97 60.12 221 4.092
1637175240 28.96 60.17 191 4.092
1637175300 28.9 60.24 167 4.092
1637175360 28.94 60.38 143 4.087
1637175420 28.9 60.48 124 4.087
1637175480 28.91 60.63 131 4.087
1637175540 28.89 60.76 143 4.092
1637175600 28.86 60.96 161 4.092
1637175660 28.89 61.1 173 4.092
1637175720 28.84 61.14 179 4.092
1637175780 28.66 61.24 203 4.092
1637175840 28.63 61.42 221 4.092
1637175900 28.64 61.57 251 4.087
1637175960 28.53 61.74 743 4.087
1637176020 28.57 61.92 870 4.087
1637176080 28.77 62.12 852 4.087
1637176140 28.96 62.24 311 4.092
1637176200 29.18 62.32 299 4.092
1637176260 29.41 62.35 277 4.092
1637176320 29.26 62.19 293 4.092
1637176380 29.2 62.21 548 4.098
1637176440 29.2 62.16 325 4.098
1637176500 29.21 62.15 307 4.098
1637176560 29.14 62.07 804 4.087
1637176620 29.12 62.04 900 4.087
1637176680 29.41 62.02 661 4.087
1637176740 29.66 61.98 402 4.092
1637176800 29.68 61.84 209 4.092
1637176860 29.71 61.8 149 4.087
1637176920 29.86 61.79 143 4.087
1637176980 29.76 61.61 149 4.087
1637177040 29.53 61.38 161 4.092
1637177100 29.36 61.27 179 4.092
1637177160 29.07 61.25 576 4.092
1637177220 28.9 61.27 197 4.092
1637177280 28.75 61.37 179 4.092
1637177340 28.67 61.43 179 4.092
1637177400 28.61 61.52 179 4.092
1637177460 28.59 61.6 179 4.092
1637177520 28.61 61.72 179 4.092
1637177580 28.56 61.84 179 4.092
1637177640 28.53 61.89 180 4.092
1637177700 28.53 61.97 161 4.092
1637177760 28.59 62.18 131 4.082
1637177820 28.47 62.25 124 4.092
1637177880 28.47 62.31 118 4.087
1637177940 28.4 62.3 118 4.092
1637178000 28.37 62.41 118 4.087
1637178060 28.46 62.49 131 4.087
1637178120 28.39 62.54 143 4.087
1637178180 28.42 62.66 155 4.092
1637178240 28.42 62.89 149 4.092
1637178300 28.5 63.06 137 4.087
1637178360 28.39 62.94 251 4.092
1637178420 28.43 62.95 299 4.092
1637178480 28.39 63 661 4.092
1637178540 28.42 63.07 263 4.092
1637178600 28.56 63.07 691 4.092
1637178660 28.66 63.07 685 4.092
1637178720 28.87 63.01 691 4.092
1637178780 29.02 62.95 673 4.092
1637178840 29.2 62.94 673 4.087
1637178900 29.36 62.83 679 4.092
1637178960 29.45 62.78 480 4.092
1637179020 29.61 62.68 275 4.092
1637179080 29.75 62.58 161 4.092
1637179140 29.77 62.45 112 4.092
1637179200 29.68 62.35 94 4.087
1637179260 29.56 62.26 82 4.087
1637179320 29.32 62.28 82 4.087
1637179380 29.29 62.29 414 4.087
1637179440 29.02 62.4 438 4.092
1637179500 29.04 62.44 106 4.087
1637179560 29.17 62.52 106 4.087
1637179620 29.05 62.55 118 4.087
1637179680 28.91 62.56 124 4.092
1637179740 28.7 62.64 149 4.092
1637179800 28.47 62.78 173 4.087
1637179860 28.33 63.01 179 4.092
1637179920 28.22 63.2 197 4.092
1637179980 28.18 63.41 161 4.092
1637180040 28.15 63.59 143 4.087
1637180100 28.05 63.78 377 4.092
1637180160 28.08 64 359 4.092
1637180220 28.13 64.17 161 4.087
1637180280 28.16 64.32 179 4.087
1637180340 28.22 64.41 317 4.092
1637180400 28.22 64.48 269 4.092
1637180460 28.22 64.55 191 4.082
1637180520 28.19 64.69 185 4.092
1637180580 28.16 64.82 179 4.092
1637180640 28.19 65.01 173 4.092
1637180700 28.13 65.09 161 4.092
1637180760 28.02 65.13 155 4.092
1637180820 28.08 65.2 143 4.092
1637180880 28.06 65.31 137 4.092
1637180940 28.06 65.34 143 4.087
1637181000 28.03 65.43 155 4.092
1637181060 28.05 65.43 155 4.092
1637181120 27.96 65.51 137 4.092
1637181180 27.92 65.63 118 4.087
1637174040 28.02 65.72 100 4.087
1637174100 28 65.77 76 4.092
1637174160 27.98 65.75 64 4.082
1637174220 27.82 65.78 58 4.076
1637174280 27.68 65.82 58 4.076
1637174340 27.58 65.9 58 4.076
1637174400 29.39 57.34 191 4.092
1637174460 29.32 57.6 191 4.092
1637174520 29.14 57.72 191 4.092
1637174580 29.18 57.94 185 4.087
1637174640 29.05 58.18 179 4.092
1637174700 28.86 58.46 155 4.087
1637174760 28.9 58.67 161 4.087
1637174820 28.86 58.92 173 4.092
1637174880 28.86 59.09 173 4.092
1637174940 28.84 59.37 185 4.092
1637175000 28.73 59.6 197 4.092
1637175060 28.63 59.68 234 4.092
1637175120 28.61 59.87 269 4.092
1637175180 28.59 60.09 301 4.098
1637175240 28.6 60.15 1002 4.087
1637175300 28.67 60.15 984 4.087
1637175360 28.87 60.17 233 4.092
1637175420 29.01 60.18 227 4.092
1637175480 28.97 60.12 221 4.092
1637175540 28.96 60.17 191 4.092
1637175600 28.9 60.24 167 4.092
1637175660 28.94 60.38 143 4.087
1637175720 28.9 60.48 124 4.087
1637175780 28.91 60.63 131 4.087
1637175840 28.89 60.76 143 4.092
1637175900 28.86 60.96 161 4.092
1637175960 28.89 61.1 173 4.092
1637176020 28.84 61.14 179 4.092
1637176080 28.66 61.24 203 4.092
1637176140 28.63 61.42 221 4.092
1637176200 28.64 61.57 251 4.087
1637176260 28.53 61.74 743 4.087
1637176320 28.57 61.92 870 4.087
1637176380 28.77 62.12 852 4.087
1637176440 28.96 62.24 311 4.092
1637176500 29.18 62.32 299 4.092
1637176560 29.41 62.35 277 4.092
1637176620 29.26 62.19 293 4.092
1637176680 29.2 62.21 548 4.098
1637176740 29.2 62.16 325 4.098
1637176800 29.21 62.15 307 4.098
1637176860 29.14 62.07 804 4.087
1637176920 29.12 62.04 900 4.087
1637176980 29.41 62.02 661 4.087
1637177040 29.66 61.98 402 4.092
1637177100 29.68 61.84 209 4.092
1637177160 29.71 61.8 149 4.087
1637177220 29.86 61.79 143 4.087
1637177280 29.76 61.61 149 4.087
1637177340 29.53 61.38 161 4.092
1637177400 29.36 61.27 179 4.092
1637177460 29.07 61.25 576 4.092
1637177520 28.9 61.27 197 4.092
1637177580 28.75 61.37 179 4.092
1637177640 28.67 61.43 179 4.092
1637177700 28.61 61.52 179 4.092
1637177760 28.59 61.6 179 4.092
1637177820 28.61 61.72 179 4.092
1637177880 28.56 61.84 179 4.092
1637177940 28.53 61.89 180 4.092
1637178000 28.53 61.97 161 4.092
1637178060 28.59 62.18 131 4.082
1637178120 28.47 62.25 124 4.092
1637178180 28.47 62.31 118 4.087
1637178240 28.4 62.3 118 4.092
1637178300 28.37 62.41 118 4.087
1637178360 28.46 62.49 131 4.087
1637178420 28.39 62.54 143 4.087
1637178480 28.42 62.66 155 4.092
1637178540 28.42 62.89 149 4.092
1637178600 28.5 63.06 137 4.087
1637178660 28.39 62.94 251 4.092
1637178720 28.43 62.95 299 4.092
1637178780 28.39 63 661 4.092
1637178840 28.42 63.07 263 4.092
1637178900 28.56 63.07 691 4.092
1637178960 28.66 63.07 685 4.092
1637179020 28.87 63.01 691 4.092
1637179080 29.02 62.95 673 4.092
1637179140 29.2 62.94 673 4.087
1637179200 29.36 62.83 679 4.092
1637179260 29.45 62.78 480 4.092
1637179320 29.61 62.68 275 4.092
1637179380 29.75 62.58 161 4.092
1637179440 29.77 62.45 112 4.092
1637179500 29.68 62.35 94 4.087
1637179560 29.56 62.26 82 4.087
1637179620 29.32 62.28 82 4.087
1637179680 29.29 62.29 414 4.087
1637179740 29.02 62.4 438 4.092
1637179800 29.04 62.44 106 4.087
1637179860 29.17 62.52 106 4.087
1637179920 29.05 62.55 118 4.087
1637179980 28.91 62.56 124 4.092
1637180040 28.7 62.64 149 4.092
1637180100 28.47 62.78 173 4.087
1637180160 28.33 63.01 179 4.092
1637180220 28.22 63.2 197 4.092
1637180280 28.18 63.41 161 4.092
1637180340 28.15 63.59 143 4.087
1637180400 28.05 63.78 377 4.092
1637180460 28.08 64 359 4.092
1637180520 28.13 64.17 161 4.087
1637180580 28.16 64.32 179 4.087
1637180640 28.22 64.41 317 4.092
1637180700 28.22 64.48 269 4.092
1637180760 28.22 64.55 191 4.082
1637180820 28.19 64.69 185 4.092
1637180880 28.16 64.82 179 4.092
1637180940 28.19 65.01 173 4.092
1637181000 28.13 65.09 161 4.092
1637181060 28.02 65.13 155 4.092
1637181120 28.08 65.2 143 4.092
1637181180 28.06 65.31 137 4.092
1637174040 28.06 65.34 143 4.087
1637174100 28.03 65.43 155 4.092
1637174160 28.05 65.43 155 4.092
1637174220 27.96 65.51 137 4.092
1637174280 27.92 65.63 118 4.087
1637174340 28.02 65.72 100 4.087
1637174400 28 65.77 76 4.092
1637174460 27.98 65.75 64 4.082
1637174520 27.82 65.78 58 4.076
1637174580 27.68 65.82 58 4.076
1637174640 27.58 65.9 58 4.076
1637174700 27.48 66.02 64 4.071
1637174760 27.34 66.15 70 4.071
1637174820 29.14 57.72 191 4.092
1637174880 29.18 57.94 185 4.087
1637174940 29.05 58.18 179 4.092
1637175000 28.86 58.46 155 4.087
1637175060 28.9 58.67 161 4.087
1637175120 28.86 58.92 173 4.092
1637175180 28.86 59.09 173 4.092
1637175240 28.84 59.37 185 4.092
1637175300 28.73 59.6 197 4.092
1637175360 28.63 59.68 234 4.092
1637175420 28.61 59.87 269 4.092
1637175480 28.59 60.09 301 4.098
1637175540 28.6 60.15 1002 4.087
1637175600 28.67 60.15 984 4.087
1637175660 28.87 60.17 233 4.092
1637175720 29.01 60.18 227 4.092
1637175780 28.97 60.12 221 4.092
1637175840 28.96 60.17 191 4.092
1637175900 28.9 60.24 167 4.092
1637175960 28.94 60.38 143 4.087
1637176020 28.9 60.48 124 4.087
1637176080 28.91 60.63 131 4.087
1637176140 28.89 60.76 143 4.092
1637176200 28.86 60.96 161 4.092
1637176260 28.89 61.1 173 4.092
1637176320 28.84 61.14 179 4.092
1637176380 28.66 61.24 203 4.092
1637176440 28.63 61.42 221 4.092
1637176500 28.64 61.57 251 4.087
1637176560 28.53 61.74 743 4.087
1637176620 28.57 61.92 870 4.087
1637176680 28.77 62.12 852 4.087
1637176740 28.96 62.24 311 4.092
1637176800 29.18 62.32 299 4.092
1637176860 29.41 62.35 277 4.092
1637176920 29.26 62.19 293 4.092
1637176980 29.2 62.21 548 4.098
1637177040 29.2 62.16 325 4.098
1637177100 29.21 62.15 307 4.098
1637177160 29.14 62.07 804 4.087
1637177220 29.12 62.04 900 4.087
1637177280 29.41 62.02 661 4.087
1637177340 29.66 61.98 402 4.092
1637177400 29.68 61.84 209 4.092
1637177460 29.71 61.8 149 4.087
1637177520 29.86 61.79 143 4.087
1637177580 29.76 61.61 149 4.087
1637177640 29.53 61.38 161 4.092
1637177700 29.36 61.27 179 4.092
1637177760 29.07 61.25 576 4.092
1637177820 28.9 61.27 197 4.092
1637177880 28.75 61.37 179 4.092
1637177940 28.67 61.43 179 4.092
1637178000 28.61 61.52 179 4.092
1637178060 28.59 61.6 179 4.092
1637178120 28.61 61.72 179 4.092
1637178180 28.56 61.84 179 4.092
1637178240 28.53 61.89 180 4.092
1637178300 28.53 61.97 161 4.092
1637178360 28.59 62.18 131 4.082
1637178420 28.47 62.25 124 4.092
1637178480 28.47 62.31 118 4.087
1637178540 28.4 62.3 118 4.092
1637178600 28.37 62.41 118 4.087
1637178660 28.46 62.49 131 4.087
1637178720 28.39 62.54 143 4.087
1637178780 28.42 62.66 155 4.092
1637178840 28.42 62.89 149 4.092
1637178900 28.5 63.06 137 4.087
1637178960 28.39 62.94 251 4.092
1637179020 28.43 62.95 299 4.092
1637179080 28.39 63 661 4.092
1637179140 28.42 63.07 263 4.092
1637179200 28.56 63.07 691 4.092
1637179260 28.66 63.07 685 4.092
1637179320 28.87 63.01 691 4.092
1637179380 29.02 62.95 673 4.092
1637179440 29.2 62.94 673 4.087
1637179500 29.36 62.83 679 4.092
1637179560 29.45 62.78 480 4.092
1637179620 29.61 62.68 275 4.092
1637179680 29.75 62.58 161 4.092
1637179740 29.77 62.45 112 4.092
1637179800 29.68 62.35 94 4.087
1637179860 29.56 62.26 82 4.087
1637179920 29.32 62.28 82 4.087
1637179980 29.29 62.29 414 4.087
1637180040 29.02 62.4 438 4.092
1637180100 29.04 62.44 106 4.087
1637180160 29.17 62.52 106 4.087
1637180220 29.05 62.55 118 4.087
1637180280 28.91 62.56 124 4.092
1637180340 28.7 62.64 149 4.092
1637180400 28.47 62.78 173 4.087
1637180460 28.33 63.01 179 4.092
1637180520 28.22 63.2 197 4.092
1637180580 28.18 63.41 161 4.092
1637180640 28.15 63.59 143 4.087
1637180700 28.05 63.78 377 4.092
1637180760 28.08 64 359 4.092
1637180820 28.13 64.17 161 4.087
1637180880 28.16 64.32 179 4.087
1637180940 28.22 64.41 317 4.092
1637181000 28.22 64.48 269 4.092
1637181060 28.22 64.55 191 4.082
1637181120 28.19 64.69 185 4.092
1637181180 28.16 64.82 179 4.092
1637174040 28.19 65.01 173 4.092
1637174100 28.13 65.09 161 4.092
1637174160 28.02 65.13 155 4.092
1637174220 28.08 65.2 143 4.092
1637174280 28.06 65.31 137 4.092
1637174340 28.06 65.34 143 4.087
1637174400 28.03 65.43 155 4.092
1637174460 28.05 65.43 155 4.092
1637174520 27.96 65.51 137 4.092
1637174580 27.92 65.63 118 4.087
1637174640 28.02 65.72 100 4.087
1637174700 28 65.77 76 4.092
1637174760 27.98 65.75 64 4.082
1637174820 27.82 65.78 58 4.076
1637174880 27.68 65.82 58 4.076
1637174940 27.58 65.9 58 4.076
1637175000 27.48 66.02 64 4.071
1637175060 27.34 66.15 70 4.071
1637175120 27.31 66.29 76 4.071
1637175180 29.18 57.94 185 4.087
1637175240 29.05 58.18 179 4.092
1637175300 28.86 58.46 155 4.087
1637175360 28.9 58.67 161 4.087
1637175420 28.86 58.92 173 4.092
1637175480 28.86 59.09 173 4.092
1637175540 28.84 59.37 185 4.092
1637175600 28.73 59.6 197 4.092
1637175660 28.63 59.68 234 4.092
1637175720 28.61 59.87 269 4.092
1637175780 28.59 60.09 301 4.098
1637175840 28.6 60.15 1002 4.087
1637175900 28.67 60.15 984 4.087
1637175960 28.87 60.17 233 4.092
1637176020 29.01 60.18 227 4.092
1637176080 28.97 60.12 221 4.092
1637176140 28.96 60.17 191 4.092
1637176200 28.9 60.24 167 4.092
1637176260 28.94 60.38 143 4.087
1637176320 28.9 60.48 124 4.087
1637176380 28.91 60.63 131 4.087
1637176440 28.89 60.76 143 4.092
1637176500 28.86 60.96 161 4.092
1637176560 28.89 61.1 173 4.092
1637176620 28.84 61.14 179 4.092
1637176680 28.66 61.24 203 4.092
1637176740 28.63 61.42 221 4.092
1637176800 28.64 61.57 251 4.087
1637176860 28.53 61.74 743 4.087
1637176920 28.57 61.92 870 4.087
1637176980 28.77 62.12 852 4.087
1637177040 28.96 62.24 311 4.092
1637177100 29.18 62.32 299 4.092
1637177160 29.41 62.35 277 4.092
1637177220 29.26 62.19 293 4.092
1637177280 29.2 62.21 548 4.098
1637177340 29.2 62.16 325 4.098
1637177400 29.21 62.15 307 4.098
1637177460 29.14 62.07 804 4.087
1637177520 29.12 62.04 900 4.087
1637177580 29.41 62.02 661 4.087
1637177640 29.66 61.98 402 4.092
1637177700 29.68 61.84 209 4.092
1637177760 29.71 61.8 149 4.087
1637177820 29.86 61.79 143 4.087
1637177880 29.76 61.61 149 4.087
1637177940 29.53 61.38 161 4.092
1637178000 29.36 61.27 179 4.092
1637178060 29.07 61.25 576 4.092
1637178120 28.9 61.27 197 4.092
1637178180 28.75 61.37 179 4.092
1637178240 28.67 61.43 179 4.092
1637178300 28.61 61.52 179 4.092
1637178360 28.59 61.6 179 4.092
1637178420 28.61 61.72 179 4.092
1637178480 28.56 61.84 179 4.092
1637178540 28.53 61.89 180 4.092
1637178600 28.53 61.97 161 4.092
1637178660 28.59 62.18 131 4.082
1637178720 28.47 62.25 124 4.092
1637178780 28.47 62.31 118 4.087
1637178840 28.4 62.3 118 4.092
1637178900 28.37 62.41 118 4.087
1637178960 28.46 62.49 131 4.087
1637179020 28.39 62.54 143 4.087
1637179080 28.42 62.66 155 4.092
1637179140 28.42 62.89 149 4.092
1637179200 28.5 63.06 137 4.087
1637179260 28.39 62.94 251 4.092
1637179320 28.43 62.95 299 4.092
1637179380 28.39 63 661 4.092
1637179440 28.42 63.07 263 4.092
1637179500 28.56 63.07 691 4.092
1637179560 28.66 63.07 685 4.092
1637179620 28.87 63.01 691 4.092
1637179680 29.02 62.95 673 4.092
1637179740 29.2 62.94 673 4.087
1637179800 29.36 62.83 679 4.092
1637179860 29.45 62.78 480 4.092
1637179920 29.61 62.68 275 4.092
1637179980 29.75 62.58 161 4.092
1637180040 29.77 62.45 112 4.092
1637180100 29.68 62.35 94 4.087
1637180160 29.56 62.26 82 4.087
1637180220 29.32 62.28 82 4.087
1637180280 29.29 62.29 414 4.087
1637180340 29.02 62.4 438 4.092
1637180400 29.04 62.44 106 4.087
1637180460 29.17 62.52 106 4.087
1637180520 29.05 62.55 118 4.087
1637180580 28.91 62.56 124 4.092
1637180640 28.7 62.64 149 4.092
1637180700 28.47 62.78 173 4.087
1637180760 28.33 63.01 179 4.092
1637180820 28.22 63.2 197 4.092
1637180880 28.18 63.41 161 4.092
1637180940 28.15 63.59 143 4.087
1637181000 28.05 63.78 377 4.092
1637181060 28.08 64 359 4.092
1637181120 28.13 64.17 161 4.087
1637181180 28.16 64.32 179 4.087
1637174040 28.15 63.59 143 4.087
1637174100 28.05 63.78 377 4.092
1637174160 28.08 64 359 4.092
1637174220 28.13 64.17 161 4.087
1637174280 28.16 64.32 179 4.087
1637174340 28.22 64.41 317 4.092
1637174400 28.22 64.48 269 4.092
1637174460 28.22 64.55 191 4.082
1637174520 28.19 64.69 185 4.092
1637174580 28.16 64.82 179 4.092
1637174640 28.19 65.01 173 4.092
1637174700 28.13 65.09 161 4.092
1637174760 28.02 65.13 155 4.092
1637174820 28.08 65.2 143 4.092
1637174880 28.06 65.31 137 4.092
1637174940 28.06 65.34 143 4.087
1637175000 28.03 65.43 155 4.092
1637175060 28.05 65.43 155 4.092
1637175120 27.96 65.51 137 4.092
1637175180 27.92 65.63 118 4.087
1637175240 28.02 65.72 100 4.087
1637175300 28 65.77 76 4.092
1637175360 27.98 65.75 64 4.082
1637175420 27.82 65.78 58 4.076
1637175480 27.68 65.82 58 4.076
1637175540 27.58 65.9 58 4.076
1637175600 27.48 66.02 64 4.071
1637175660 27.34 66.15 70 4.071
1637175720 27.31 66.29 76 4.071
1637175780 27.25 66.45 106 4.071
1637175840 27.28 66.64 112 4.071
1637175900 27.27 66.81 131 4.071
1637175960 28.9 58.67 161 4.087
1637176020 28.86 58.92 173 4.092
1637176080 28.86 59.09 173 4.092
1637176140 28.84 59.37 185 4.092
1637176200 28.73 59.6 197 4.092
1637176260 28.63 59.68 234 4.092
1637176320 28.61 59.87 269 4.092
1637176380 28.59 60.09 301 4.098
1637176440 28.6 60.15 1002 4.087
1637176500 28.67 60.15 984 4.087
1637176560 28.87 60.17 233 4.092
1637176620 29.01 60.18 227 4.092
1637176680 28.97 60.12 221 4.092
1637176740 28.96 60.17 191 4.092
1637176800 28.9 60.24 167 4.092
1637176860 28.94 60.38 143 4.087
1637176920 28.9 60.48 124 4.087
1637176980 28.91 60.63 131 4.087
1637177040 28.89 60.76 143 4.092
1637177100 28.86 60.96 161 4.092
1637177160 28.89 61.1 173 4.092
1637177220 28.84 61.14 179 4.092
1637177280 28.66 61.24 203 4.092
1637177340 28.63 61.42 221 4.092
1637177400 28.64 61.57 251 4.087
1637177460 28.53 61.74 743 4.087
1637177520 28.57 61.92 870 4.087
1637177580 28.77 62.12 852 4.087
1637177640 28.96 62.24 311 4.092
1637177700 29.18 62.32 299 4.092
1637177760 29.41 62.35 277 4.092
1637177820 29.26 62.19 293 4.092
1637177880 29.2 62.21 548 4.098
1637177940 29.2 62.16 325 4.098
1637178000 29.21 62.15 307 4.098
1637178060 29.14 62.07 804 4.087
1637178120 29.12 62.04 900 4.087
1637178180 29.41 62.02 661 4.087
1637178240 29.66 61.98 402 4.092
1637178300 29.68 61.84 209 4.092
1637178360 29.71 61.8 149 4.087
1637178420 29.86 61.79 143 4.087
1637178480 29.76 61.61 149 4.087
1637178540 29.53 61.38 161 4.092
1637178600 29.36 61.27 179 4.092
1637178660 29.07 61.25 576 4.092
1637178720 28.9 61.27 197 4.092
1637178780 28.75 61.37 179 4.092
1637178840 28.67 61.43 179 4.092
1637178900 28.61 61.52 179 4.092
1637178960 28.59 61.6 179 4.092
1637179020 28.61 61.72 179 4.092
1637179080 28.56 61.84 179 4.092
1637179140 28.53 61.89 180 4.092
1637179200 28.53 61.97 161 4.092
1637179260 28.59 62.18 131 4.082
1637179320 28.47 62.25 124 4.092
1637179380 28.47 62.31 118 4.087
1637179440 28.4 62.3 118 4.092
1637179500 28.37 62.41 118 4.087
1637179560 28.46 62.49 131 4.087
1637179620 28.39 62.54 143 4.087
1637179680 28.42 62.66 155 4.092
1637179740 28.42 62.89 149 4.092
1637179800 28.5 63.06 137 4.087
1637179860 28.39 62.94 251 4.092
1637179920 28.43 62.95 299 4.092
1637179980 28.39 63 661 4.092
1637180040 28.42 63.07 263 4.092
1637180100 28.56 63.07 691 4.092
1637180160 28.66 63.07 685 4.092
1637180220 28.87 63.01 691 4.092
1637180280 29.02 62.95 673 4.092
1637180340 29.2 62.94 673 4.087
1637180400 29.36 62.83 679 4.092
1637180460 29.45 62.78 480 4.092
1637180520 29.61 62.68 275 4.092
1637180580 29.75 62.58 161 4.092
1637180640 29.77 62.45 112 4.092
1637180700 29.68 62.35 94 4.087
1637180760 29.56 62.26 82 4.087
1637180820 29.32 62.28 82 4.087
1637180880 29.29 62.29 414 4.087
1637180940 29.02 62.4 438 4.092
1637181000 29.04 62.44 106 4.087
1637181060 29.17 62.52 106 4.087
1637181120 29.05 62.55 118 4.087
1637181180 28.91 62.56 124 4.092
1637174040 29.2 62.94 673 4.087
1637174100 29.36 62.83 679 4.092
1637174160 29.45 62.78 480 4.092
1637174220 29.61 62.68 275 4.092
1637174280 29.75 62.58 161 4.092
1637174340 29.77 62.45 112 4.092
1637174400 29.68 62.35 94 4.087
1637174460 29.56 62.26 82 4.087
1637174520 29.32 62.28 82 4.087
1637174580 29.29 62.29 414 4.087
1637174640 29.02 62.4 438 4.092
1637174700 29.04 62.44 106 4.087
1637174760 29.17 62.52 106 4.087
1637174820 29.05 62.55 118 4.087
1637174880 28.91 62.56 124 4.092
1637174940 28.7 62.64 149 4.092
1637175000 28.47 62.78 173 4.087
1637175060 28.33 63.01 179 4.092
1637175120 28.22 63.2 197 4.092
1637175180 28.18 63.41 161 4.092
1637175240 28.15 63.59 143 4.087
1637175300 28.05 63.78 377 4.092
1637175360 28.08 64 359 4.092
1637175420 28.13 64.17 161 4.087
1637175480 28.16 64.32 179 4.087
1637175540 28.22 64.41 317 4.092
1637175600 28.22 64.48 269 4.092
1637175660 28.22 64.55 191 4.082
1637175720 28.19 64.69 185 4.092
1637175780 28.16 64.82 179 4.092
1637175840 28.19 65.01 173 4.092
1637175900 28.13 65.09 161 4.092
1637175960 28.02 65.13 155 4.092
1637176020 28.08 65.2 143 4.092
1637176080 28.06 65.31 137 4.092
1637176140 28.06 65.34 143 4.087
1637176200 28.03 65.43 155 4.092
1637176260 28.05 65.43 155 4.092
1637176320 27.96 65.51 137 4.092
1637176380 27.92 65.63 118 4.087
1637176440 28.02 65.72 100 4.087
1637176500 28 65.77 76 4.092
1637176560 27.98 65.75 64 4.082
1637176620 27.82 65.78 58 4.076
1637176680 27.68 65.82 58 4.076
1637176740 27.58 65.9 58 4.076
1637176800 27.48 66.02 64 4.071
1637176860 27.34 66.15 70 4.071
1637176920 27.31 66.29 76 4.071
1637176980 27.25 66.45 106 4.071
1637177040 27.28 66.64 112 4.071
1637177100 27.27 66.81 131 4.071
1637177160 27.31 67.04 149 4.076
1637177220 27.25 67.06 167 4.071
1637177280 27.25 67.29 155 4.071
1637177340 27.34 67.46 137 4.065
1637177400 27.37 67.51 131 4.076
1637177460 27.4 67.59 106 4.065
1637177520 27.43 67.67 100 4.065
1637177580 27.4 67.64 100 4.065
1637177640 27.33 67.6 94 4.071
1637177700 28.67 60.15 984 4.087
1637177760 28.87 60.17 233 4.092
1637177820 29.01 60.18 227 4.092
1637177880 28.97 60.12 221 4.092
1637177940 28.96 60.17 191 4.092
1637178000 28.9 60.24 167 4.092
1637178060 28.94 60.38 143 4.087
1637178120 28.9 60.48 124 4.087
1637178180 28.91 60.63 131 4.087
1637178240 28.89 60.76 143 4.092
1637178300 28.86 60.96 161 4.092
1637178360 28.89 61.1 173 4.092
1637178420 28.84 61.14 179 4.092
1637178480 28.66 61.24 203 4.092
1637178540 28.63 61.42 221 4.092
1637178600 28.64 61.57 251 4.087
1637178660 28.53 61.74 743 4.087
1637178720 28.57 61.92 870 4.087
1637178780 28.77 62.12 852 4.087
1637178840 28.96 62.24 311 4.092
1637178900 29.18 62.32 299 4.092
1637178960 29.41 62.35 277 4.092
1637179020 29.26 62.19 293 4.092
1637179080 29.2 62.21 548 4.098
1637179140 29.2 62.16 325 4.098
1637179200 29.21 62.15 307 4.098
1637179260 29.14 62.07 804 4.087
1637179320 29.12 62.04 900 4.087
1637179380 29.41 62.02 661 4.087
1637179440 29.66 61.98 402 4.092
1637179500 29.68 61.84 209 4.092
1637179560 29.71 61.8 149 4.087
1637179620 29.86 61.79 143 4.087
1637179680 29.76 61.61 149 4.087
1637179740 29.53 61.38 161 4.092
1637179800 29.36 61.27 179 4.092
1637179860 29.07 61.25 576 4.092
1637179920 28.9 61.27 197 4.092
1637179980 28.75 61.37 179 4.092
1637180040 28.67 61.43 179 4.092
1637180100 28.61 61.52 179 4.092
1637180160 28.59 61.6 179 4.092
1637180220 28.61 61.72 179 4.092
1637180280 28.56 61.84 179 4.092
1637180340 28.53 61.89 180 4.092
1637180400 28.53 61.97 161 4.092
1637180460 28.59 62.18 131 4.082
1637180520 28.47 62.25 124 4.092
1637180580 28.47 62.31 118 4.087
1637180640 28.4 62.3 118 4.092
1637180700 28.37 62.41 118 4.087
1637180760 28.46 62.49 131 4.087
1637180820 28.39 62.54 143 4.087
1637180880 28.42 62.66 155 4.092
1637180940 28.42 62.89 149 4.092
1637181000 28.5 63.06 137 4.087
1637181060 28.39 62.94 251 4.092
1637181120 28.43 62.95 299 4.092
1637181180 28.39 63 661 4.092
1637174040 28.42 63.07 263 4.092
1637174100 28.56 63.07 691 4.092
1637174160 28.66 63.07 685 4.092
1637174220 28.87 63.01 691 4.092
1637174280 29.02 62.95 673 4.092
1637174340 29.2 62.94 673 4.087
1637174400 29.36 62.83 679 4.092
1637174460 29.45 62.78 480 4.092
1637174520 29.61 62.68 275 4.092
1637174580 29.75 62.58 161 4.092
1637174640 29.77 62.45 112 4.092
1637174700 29.68 62.35 94 4.087
1637174760 29.56 62.26 82 4.087
1637174820 29.32 62.28 82 4.087
1637174880 29.29 62.29 414 4.087
1637174940 29.02 62.4 438 4.092
1637175000 29.04 62.44 106 4.087
1637175060 29.17 62.52 106 4.087
1637175120 29.05 62.55 118 4.087
1637175180 28.91 62.56 124 4.092
1637175240 28.7 62.64 149 4.092
1637175300 28.47 62.78 173 4.087
1637175360 28.33 63.01 179 4.092
1637175420 28.22 63.2 197 4.092
1637175480 28.18 63.41 161 4.092
1637175540 28.15 63.59 143 4.087
1637175600 28.05 63.78 377 4.092
1637175660 28.08 64 359 4.092
1637175720 28.13 64.17 161 4.087
1637175780 28.16 64.32 179 4.087
1637175840 28.22 64.41 317 4.092
1637175900 28.22 64.48 269 4.092
1637175960 28.22 64.55 191 4.082
1637176020 28.19 64.69 185 4.092
1637176080 28.16 64.82 179 4.092
1637176140 28.19 65.01 173 4.092
1637176200 28.13 65.09 161 4.092
1637176260 28.02 65.13 155 4.092
1637176320 28.08 65.2 143 4.092
1637176380 28.06 65.31 137 4.092
1637176440 28.06 65.34 143 4.087
1637176500 28.03 65.43 155 4.092
1637176560 28.05 65.43 155 4.092
1637176620 27.96 65.51 137 4.092
1637176680 27.92 65.63 118 4.087
1637176740 28.02 65.72 100 4.087
1637176800 28 65.77 76 4.092
1637176860 27.98 65.75 64 4.082
1637176920 27.82 65.78 58 4.076
1637176980 27.68 65.82 58 4.076
1637177040 27.58 65.9 58 4.076
1637177100 27.48 66.02 64 4.071
1637177160 27.34 66.15 70 4.071
1637177220 27.31 66.29 76 4.071
1637177280 27.25 66.45 106 4.071
1637177340 27.28 66.64 112 4.071
1637177400 27.27 66.81 131 4.071
1637177460 27.31 67.04 149 4.076
1637177520 27.25 67.06 167 4.071
1637177580 27.25 67.29 155 4.071
1637177640 27.34 67.46 137 4.065
1637177700 27.37 67.51 131 4.076
1637177760 27.4 67.59 106 4.065
1637177820 27.43 67.67 100 4.065
1637177880 27.4 67.64 100 4.065
1637177940 27.33 67.6 94 4.071
1637178000 27.35 67.63 94 4.065
1637178060 28.87 60.17 233 4.092
1637178120 29.01 60.18 227 4.092
1637178180 28.97 60.12 221 4.092
1637178240 28.96 60.17 191 4.092
1637178300 28.9 60.24 167 4.092
1637178360 28.94 60.38 143 4.087
1637178420 28.9 60.48 124 4.087
1637178480 28.91 60.63 131 4.087
1637178540 28.89 60.76 143 4.092
1637178600 28.86 60.96 161 4.092
1637178660 28.89 61.1 173 4.092
1637178720 28.84 61.14 179 4.092
1637178780 28.66 61.24 203 4.092
1637178840 28.63 61.42 221 4.092
1637178900 28.64 61.57 251 4.087
1637178960 28.53 61.74 743 4.087
1637179020 28.57 61.92 870 4.087
1637179080 28.77 62.12 852 4.087
1637179140 28.96 62.24 311 4.092
1637179200 29.18 62.32 299 4.092
1637179260 29.41 62.35 277 4.092
1637179320 29.26 62.19 293 4.092
1637179380 29.2 62.21 548 4.098
1637179440 29.2 62.16 325 4.098
1637179500 29.21 62.15 307 4.098
1637179560 29.14 62.07 804 4.087
1637179620 29.12 62.04 900 4.087
1637179680 29.41 62.02 661 4.087
1637179740 29.66 61.98 402 4.092
1637179800 29.68 61.84 209 4.092
1637179860 29.71 61.8 149 4.087
1637179920 29.86 61.79 143 4.087
1637179980 29.76 61.61 149 4.087
1637180040 29.53 61.38 161 4.092
1637180100 29.36 61.27 179 4.092
1637180160 29.07 61.25 576 4.092
1637180220 28.9 61.27 197 4.092
1637180280 28.75 61.37 179 4.092
1637180340 28.67 61.43 179 4.092
1637180400 28.61 61.52 179 4.092
1637180460 28.59 61.6 179 4.092
1637180520 28.61 61.72 179 4.092
1637180580 28.56 61.84 179 4.092
1637180640 28.53 61.89 180 4.092
1637180700 28.53 61.97 161 4.092
1637180760 28.59 62.18 131 4.082
1637180820 28.47 62.25 124 4.092
1637180880 28.47 62.31 118 4.087
1637180940 28.4 62.3 118 4.092
1637181000 28.37 62.41 118 4.087
1637181060 28.46 62.49 131 4.087
1637181120 28.39 62.54 143 4.087
1637181180 28.42 62.66 155 4.092
1637174040 28.42 62.89 149 4.092
1637174100 28.5 63.06 137 4.087
1637174160 28.39 62.94 251 4.092
1637174220 28.43 62.95 299 4.092
1637174280 28.39 63 661 4.092
1637174340 28.42 63.07 263 4.092
1637174400 28.56 63.07 691 4.092
1637174460 28.66 63.07 685 4.092
1637174520 28.87 63.01 691 4.092
1637174580 29.02 62.95 673 4.092
1637174640 29.2 62.94 673 4.087
1637174700 29.36 62.83 679 4.092
1637174760 29.45 62.78 480 4.092
1637174820 29.61 62.68 275 4.092
1637174880 29.75 62.58 161 4.092
1637174940 29.77 62.45 112 4.092
1637175000 29.68 62.35 94 4.087
1637175060 29.56 62.26 82 4.087
1637175120 29.32 62.28 82 4.087
1637175180 29.29 62.29 414 4.087
1637175240 29.02 62.4 438 4.092
1637175300 29.04 62.44 106 4.087
1637175360 29.17 62.52 106 4.087
1637175420 29.05 62.55 118 4.087
1637175480 28.91 62.56 124 4.092
1637175540 28.7 62.64 149 4.092
1637175600 28.47 62.78 173 4.087
1637175660 28.33 63.01 179 4.092
1637175720 28.22 63.2 197 4.092
1637175780 28.18 63.41 161 4.092
1637175840 28.15 63.59 143 4.087
1637175900 28.05 63.78 377 4.092
1637175960 28.08 64 359 4.092
1637176020 28.13 64.17 161 4.087
1637176080 28.16 64.32 179 4.087
1637176140 28.22 64.41 317 4.092
1637176200 28.22 64.48 269 4.092
1637176260 28.22 64.55 191 4.082
1637176320 28.19 64.69 185 4.092
1637176380 28.16 64.82 179 4.092
1637176440 28.19 65.01 173 4.092
1637176500 28.13 65.09 161 4.092
1637176560 28.02 65.13 155 4.092
1637176620 28.08 65.2 143 4.092
1637176680 28.06 65.31 137 4.092
1637176740 28.06 65.34 143 4.087
1637176800 28.03 65.43 155 4.092
1637176860 28.05 65.43 155 4.092
1637176920 27.96 65.51 137 4.092
1637176980 27.92 65.63 118 4.087
1637177040 28.02 65.72 100 4.087
1637177100 28 65.77 76 4.092
1637177160 27.98 65.75 64 4.082
1637177220 27.82 65.78 58 4.076
1637177280 27.68 65.82 58 4.076
1637177340 27.58 65.9 58 4.076
1637177400 27.48 66.02 64 4.071
1637177460 27.34 66.15 70 4.071
1637177520 27.31 66.29 76 4.071
1637177580 27.25 66.45 106 4.071
1637177640 27.28 66.64 112 4.071
1637177700 27.27 66.81 131 4.071
1637177760 27.31 67.04 149 4.076
1637177820 27.25 67.06 167 4.071
1637177880 27.25 67.29 155 4.071
1637177940 27.34 67.46 137 4.065
1637178000 27.37 67.51 131 4.076
1637178060 27.4 67.59 106 4.065
1637178120 27.43 67.67 100 4.065
1637178180 27.4 67.64 100 4.065
1637178240 27.33 67.6 94 4.071
1637178300 27.35 67.63 94 4.065
1637178360 27.38 67.65 88 4.065
1637178420 29.01 60.18 227 4.092
1637178480 28.97 60.12 221 4.092
1637178540 28.96 60.17 191 4.092
1637178600 28.9 60.24 167 4.092
1637178660 28.94 60.38 143 4.087
1637178720 28.9 60.48 124 4.087
1637178780 28.91 60.63 131 4.087
1637178840 28.89 60.76 143 4.092
1637178900 28.86 60.96 161 4.092
1637178960 28.89 61.1 173 4.092
1637179020 28.84 61.14 179 4.092
1637179080 28.66 61.24 203 4.092
1637179140 28.63 61.42 221 4.092
1637179200 28.64 61.57 251 4.087
1637179260 28.53 61.74 743 4.087
1637179320 28.57 61.92 870 4.087
1637179380 28.77 62.12 852 4.087
1637179440 28.96 62.24 311 4.092
1637179500 29.18 62.32 299 4.092
1637179560 29.41 62.35 277 4.092
1637179620 29.26 62.19 293 4.092
1637179680 29.2 62.21 548 4.098
1637179740 29.2 62.16 325 4.098
1637179800 29.21 62.15 307 4.098
1637179860 29.14 62.07 804 4.087
1637179920 29.12 62.04 900 4.087
1637179980 29.41 62.02 661 4.087
1637180040 29.66 61.98 402 4.092
1637180100 29.68 61.84 209 4.092
1637180160 29.71 61.8 149 4.087
1637180220 29.86 61.79 143 4.087
1637180280 29.76 61.61 149 4.087
1637180340 29.53 61.38 161 4.092
1637180400 29.36 61.27 179 4.092
1637180460 29.07 61.25 576 4.092
1637180520 28.9 61.27 197 4.092
1637180580 28.75 61.37 179 4.092
1637180640 28.67 61.43 179 4.092
1637180700 28.61 61.52 179 4.092
1637180760 28.59 61.6 179 4.092
1637180820 28.61 61.72 179 4.092
1637180880 28.56 61.84 179 4.092
1637180940 28.53 61.89 180 4.092
1637181000 28.53 61.97 161 4.092
1637181060 28.59 62.18 131 4.082
1637181120 28.47 62.25 124 4.092
1637181180 28.47 62.31 118 4.087
1637182740 28.4 62.3 118 4.092
1637182800 28.37 62.41 118 4.087
1637182860 28.46 62.49 131 4.087
1637182920 28.39 62.54 143 4.087
1637182980 28.42 62.66 155 4.092
1637183040 28.42 62.89 149 4.092
1637183100 28.5 63.06 137 4.087
1637183160 28.39 62.94 251 4.092
1637183220 28.43 62.95 299 4.092
1637183280 28.39 63 661 4.092
1637183340 28.42 63.07 263 4.092
1637183400 28.56 63.07 691 4.092
1637183460 28.66 63.07 685 4.092
1637183520 28.87 63.01 691 4.092
1637183580 29.02 62.95 673 4.092
1637183640 29.2 62.94 673 4.087
1637183700 29.36 62.83 679 4.092
1637183760 29.45 62.78 480 4.092
1637183820 29.61 62.68 275 4.092
1637183880 29.75 62.58 161 4.092
1637183940 29.77 62.45 112 4.092
1637184000 29.68 62.35 94 4.087
1637184060 29.56 62.26 82 4.087
1637184120 29.32 62.28 82 4.087
1637184180 29.29 62.29 414 4.087
1637184240 29.02 62.4 438 4.092
1637184300 29.04 62.44 106 4.087
1637184360 29.17 62.52 106 4.087
1637184420 29.05 62.55 118 4.087
1637184480 28.91 62.56 124 4.092
1637184540 28.7 62.64 149 4.092
1637184600 28.47 62.78 173 4.087
1637184660 28.33 63.01 179 4.092
1637184720 28.22 63.2 197 4.092
1637184780 28.18 63.41 161 4.092
1637184840 28.15 63.59 143 4.087
1637184900 28.05 63.78 377 4.092
1637184960 28.08 64 359 4.092
1637185020 28.13 64.17 161 4.087
1637185080 28.16 64.32 179 4.087
1637185140 28.22 64.41 317 4.092
1637185200 28.22 64.48 269 4.092
1637185260 28.22 64.55 191 4.082
1637185320 28.19 64.69 185 4.092
1637185380 28.16 64.82 179 4.092
1637185440 28.19 65.01 173 4.092
1637185500 28.13 65.09 161 4.092
1637185560 28.02 65.13 155 4.092
1637185620 28.08 65.2 143 4.092
1637185680 28.06 65.31 137 4.092
1637185740 28.06 65.34 143 4.087
1637185800 28.03 65.43 155 4.092
1637185860 28.05 65.43 155 4.092
1637185920 27.96 65.51 137 4.092
1637185980 27.92 65.63 118 4.087
1637186040 28.02 65.72 100 4.087
1637186100 28 65.77 76 4.092
1637186160 27.98 65.75 64 4.082
1637186220 27.82 65.78 58 4.076
1637186280 27.68 65.82 58 4.076
1637186340 27.58 65.9 58 4.076
1637186400 27.48 66.02 64 4.071
1637186460 27.34 66.15 70 4.071
1637186520 27.31 66.29 76 4.071
1637186580 27.25 66.45 106 4.071
1637186640 27.28 66.64 112 4.071
1637186700 27.27 66.81 131 4.071
1637186760 27.31 67.04 149 4.076
1637186820 27.25 67.06 167 4.071
1637186880 27.25 67.29 155 4.071
1637186940 27.34 67.46 137 4.065
1637187000 27.37 67.51 131 4.076
1637187060 27.4 67.59 106 4.065
1637187120 27.43 67.67 100 4.065
1637187180 27.4 67.64 100 4.065
1637187240 27.33 67.6 94 4.071
1637187300 27.35 67.63 94 4.065
1637187360 27.38 67.65 88 4.065
1637187420 27.38 67.67 94 4.071
1637187480 27.33 67.65 88 4.071
1637187540 27.28 67.64 88 4.071
1637187600 27.27 67.67 94 4.071
1637187660 27.24 67.66 88 4.071
1637187720 27.25 67.71 88 4.071
1637187780 27.21 67.69 88 4.071
1637187840 27.2 67.69 88 4.076
1637187900 27.2 67.73 94 4.076
1637187960 27.21 67.77 88 4.071
1637188020 27.2 67.82 94 4.076
1637188080 27.23 67.82 100 4.076
1637188140 27.18 67.84 100 4.071
1637188200 27.14 67.84 100 4.076
1637188260 27.17 67.91 88 4.076
1637188320 27.2 67.92 82 4.071
1637188380 27.21 68.01 88 4.071
1637188440 27.21 68.04 82 4.071
1637188500 27.17 68.04 88 4.076
1637188560 27.14 68.03 100 4.076
1637188620 27.13 68.06 94 4.076
1637188680 27.17 68.12 94 4.076
1637188740 27.14 68.05 94 4.071
1637188800 27.14 68.11 88 4.076
1637188860 27.15 68.08 76 4.071
1637188920 27.15 68.15 70 4.076
1637188980 27.13 68.16 64 4.076
1637189040 27.11 68.14 58 4.071
1637189100 27.08 68.12 64 4.076
1637189160 27.04 68.13 64 4.076
1637189220 27.03 68.14 64 4.071
1637189280 26.94 68.16 64 4.076
1637189340 26.96 68.2 58 4.076
1637189400 26.91 68.25 52 4.076
1637189460 26.94 68.29 46 4.076
1637189520 26.93 68.31 46 4.071
1637189580 26.87 68.36 46 4.076
1637189640 26.87 68.4 46 4.076
1637189700 26.89 68.48 40 4.071
1637189760 26.87 68.5 34 4.076
1637189820 26.87 68.5 34 4.071
1637189880 26.83 68.49 34 4.076
1637189940 26.82 68.55 34 4.071
1637190000 26.82 68.59 28 4.071
1637190060 26.84 68.61 28 4.071
1637190120 26.86 68.65 28 4.071
1637190180 26.82 68.69 34 4.071
1637190240 26.84 68.71 28 4.071
1637190300 26.8 68.76 28 4.076
1637190360 26.79 68.81 28 4.076
1637190420 26.8 68.86 28 4.076
1637190480 26.77 68.89 28 4.071
1637190540 26.77 68.96 28 4.071
1637190600 26.83 68.96 28 4.076
1637190660 26.82 69.04 34 4.071
1637190720 26.8 69.04 34 4.071
1637190780 26.82 69.06 34 4.076
1637190840 26.8 69.11 34 4.071
1637190900 26.8 69.09 34 4.071
1637190960 26.8 69.08 28 4.071
1637191020 26.76 69.1 28 4.071
1637191080 26.77 69.16 22 4.076
1637191140 26.74 69.14 22 4.076
1637191200 26.74 69.12 22 4.076
1637191260 26.77 69.19 22 4.071
1637191320 26.79 69.16 16 4.071
1637191380 26.74 69.13 22 4.076
1637191440 26.74 69.13 16 4.071
1637191500 26.73 69.09 16 4.071
1637191560 26.72 69.08 16 4.071
1637191620 26.72 69.06 16 4.071
1637191680 26.72 69.07 10 4.071
1637191740 26.72 69.08 10 4.071
1637191800 26.72 69.12 10 4.071
1637191860 26.7 69.08 10 4.071
1637191920 26.67 69.15 10 4.071
1637191980 26.64 69.2 4 4.071
1637192040 26.62 69.18 4 4.071
1637192100 26.62 69.13 4 4.071
1637192160 26.59 69.13 4 4.071
1637192220 26.57 69.16 4 4.071
1637192280 26.53 69.21 0 4.071
1637192340 26.52 69.19 0 4.071
1637192400 26.5 69.27 4 4.071
1637192460 26.49 69.27 4 4.071
1637192520 26.47 69.35 0 4.071
1637192580 26.46 69.4 4 4.071
1637192640 26.43 69.48 4 4.071
1637192700 26.43 69.53 0 4.076
1637192760 26.39 69.63 0 4.071
1637192820 26.38 69.73 0 4.071
1637192880 26.38 69.79 0 4.071
1637192940 26.35 69.88 0 4.071
1637193000 26.36 69.98 0 4.071
1637193060 26.33 70.07 0 4.071
1637193120 26.3 70.11 0 4.071
1637193180 26.29 70.17 0 4.071
1637193240 26.28 70.25 0 4.071
1637193300 26.23 70.36 0 4.071
1637193360 26.23 70.47 0 4.071
1637193420 26.18 70.61 0 4.071
1637193480 26.19 70.75 0 4.071
1637193540 26.15 70.87 0 4.076
1637193600 26.12 70.97 0 4.071
1637193660 26.12 71.12 0 4.076
1637193720 26.09 71.28 0 4.071
1637193780 26.08 71.45 0 4.071
1637193840 26.02 71.63 0 4.071
1637193900 26.02 71.84 0 4.071
1637193960 25.99 71.98 0 4.071
1637194020 25.99 72.14 0 4.071
1637194080 25.96 72.28 0 4.071
1637194140 25.93 72.4 0 4.076
1637194200 25.93 72.48 0 4.076
1637194260 25.93 72.66 0 4.071
1637194320 25.89 72.82 0 4.071
1637194380 25.88 73.01 0 4.071
1637194440 25.81 73.06 0 4.071
1637194500 25.81 73.04 0 4.071
1637194560 25.79 73.11 0 4.071
1637194620 25.77 73.17 0 4.071
1637194680 25.75 73.26 0 4.076
1637194740 25.71 73.25 0 4.071
1637194800 25.71 73.22 0 4.071
1637194860 25.68 73.28 0 4.071
1637194920 25.64 73.49 0 4.071
1637194980 25.63 73.51 0 4.076
1637195040 25.6 73.38 0 4.071
1637195100 25.64 73.38 0 4.071
1637195160 25.68 73.42 0 4.071
1637195220 25.67 73.48 0 4.071
1637195280 25.67 73.53 0 4.071
1637195340 25.67 73.61 0 4.071
1637195400 25.64 73.64 0 4.071
1637195460 25.63 73.72 0 4.071
1637195520 25.58 73.78 0 4.071
1637195580 25.58 73.84 0 4.071
1637195640 25.52 73.94 0 4.071
1637195700 25.49 74.02 0 4.071
1637195760 25.47 74.11 0 4.076
1637195820 25.45 74.28 0 4.071
1637195880 25.4 74.34 0 4.071
1637195940 25.4 74.5 0 4.071
1637196000 25.33 74.64 0 4.065
1637196060 25.31 74.8 0 4.071
1637196120 25.3 74.97 0 4.071
1637196180 25.28 75.12 0 4.071
1637196240 25.24 75.25 0 4.071
1637196300 25.23 75.42 0 4.071
1637196360 25.23 75.58 0 4.071
1637196420 25.24 75.77 0 4.071
1637196480 25.2 75.93 0 4.071
1637196540 25.21 76.04 0 4.071
1637196600 25.26 76.25 0 4.071
1637196660 25.21 76.3 0 4.065
1637196720 25.24 76.42 0 4.071
1637196780 25.26 76.55 0 4.071
1637196840 25.21 76.67 0 4.071
1637196900 25.16 76.84 0 4.071
1637196960 25.09 76.96 0 4.071
1637197020 25.12 77.16 0 4.071
1637197080 25.07 77.26 0 4.071
1637197140 25.09 77.41 0 4.071
1637197200 25.04 77.54 0 4.071
1637197260 25.04 77.65 0 4.071
1637197320 25.04 77.75 0 4.071
1637197380 25.03 77.88 0 4.071
1637197440 25.03 78.01 0 4.071
1637197500 25.04 78.11 0 4.071
1637197560 25.03 78.26 0 4.071
1637197620 25.04 78.34 0 4.071
1637197680 25.02 78.44 0 4.071
1637197740 25.02 78.53 0 4.071
1637197800 25 78.59 0 4.071
1637197860 24.97 78.68 0 4.071
1637197920 24.96 78.79 0 4.071
1637197980 24.93 78.87 0 4.071
1637198040 24.9 78.99 0 4.071
1637198100 24.83 79.08 0 4.076
1637198160 24.79 79.14 0 4.071
1637198220 24.77 79.24 0 4.071
1637198280 24.76 79.4 0 4.071
1637198340 24.7 79.46 0 4.071
1637198400 24.66 79.59 0 4.071
1637198460 24.62 79.71 0 4.071
1637198520 24.62 79.82 0 4.071
1637198580 24.63 79.99 0 4.071
1637198640 24.63 80.03 0 4.071
1637198700 24.61 80.15 0 4.071
1637198760 24.61 80.19 0 4.071
1637198820 24.58 80.21 0 4.071
1637198880 24.62 80.27 0 4.071
1637198940 24.63 80.35 0 4.071
1637199000 24.65 80.39 0 4.071
1637199060 24.66 80.48 0 4.071
1637199120 24.66 80.54 0 4.065
1637199180 24.66 80.5 0 4.071
1637199240 24.65 80.48 0 4.071
1637199300 24.63 80.52 0 4.071
1637199360 24.59 80.55 0 4.071
1637199420 24.59 80.57 0 4.071
1637199480 24.58 80.57 0 4.071
1637199540 24.56 80.59 0 4.071
1637199600 24.55 80.6 0 4.071
1637199660 24.56 80.66 0 4.071
1637199720 24.55 80.61 0 4.071
1637199780 24.52 80.65 0 4.071
1637199840 24.53 80.67 0 4.071
1637199900 24.51 80.64 0 4.071
1637199960 24.51 80.74 0 4.071
1637200020 24.51 80.72 0 4.071
1637200080 24.51 80.78 0 4.071
1637200140 24.51 80.74 0 4.071
1637200200 24.46 80.6 0 4.065
1637200260 24.48 80.46 0 4.071
1637200320 24.46 80.25 0 4.071
1637200380 24.38 79.64 0 4.071
1637200440 24.38 79.2 0 4.071
1637200500 24.42 78.88 0 4.071
1637200560 24.4 78.63 0 4.071
1637200620 24.36 78.37 0 4.071
1637200680 24.32 78.15 0 4.071
1637200740 24.32 77.95 0 4.071
1637200800 24.28 77.82 0 4.071
1637200860 24.23 77.69 0 4.071
1637200920 24.22 77.6 0 4.071
1637200980 24.16 77.43 0 4.071
1637201040 24.12 77.36 0 4.071
1637201100 24.11 77.27 0 4.071
1637201160 24.1 77.23 0 4.065
1637201220 24.08 77.21 0 4.065
1637201280 24.05 77.23 0 4.071
1637201340 24.02 77.23 0 4.065
1637201400 24.02 77.3 0 4.071
1637201460 24.01 77.32 0 4.071
1637201520 24.01 77.32 0 4.071
1637201580 24 77.33 0 4.065
1637201640 24 77.36 0 4.065
1637201700 23.98 77.34 0 4.071
1637201760 24 77.33 0 4.065
1637201820 24 77.34 0 4.071
1637201880 23.95 77.36 0 4.065
1637201940 24 77.37 0 4.071
1637202000 23.97 77.34 0 4.071
1637202060 23.97 77.32 0 4.071
1637202120 23.95 77.31 0 4.071
1637202180 23.94 77.31 0 4.071
1637202240 23.92 77.36 0 4.071
1637202300 23.91 77.33 0 4.071
1637202360 23.92 77.25 0 4.071
1637202420 23.91 77.24 0 4.065
1637202480 23.84 77.22 0 4.071
1637202540 23.84 77.2 0 4.071
1637202600 23.82 77.15 0 4.071
1637202660 23.84 77.16 0 4.071
1637202720 23.82 77.05 0 4.071
1637202780 23.8 77.04 0 4.071
1637202840 23.8 76.97 0 4.065
1637202900 23.78 76.83 0 4.065
1637202960 23.77 76.72 0 4.071
1637203020 23.78 76.72 0 4.065
1637203080 23.74 76.67 0 4.071
1637203140 23.72 76.56 0 4.065
1637203200 23.71 76.51 0 4.065
1637203260 23.7 76.41 0 4.065
1637203320 23.7 76.4 0 4.065
1637203380 23.7 76.31 0 4.071
1637203440 23.68 76.23 0 4.065
1637203500 23.68 76.18 0 4.071
1637203560 23.67 76.11 0 4.065
1637203620 23.64 76.09 0 4.071
1637203680 23.65 76.1 0 4.065
1637203740 23.63 76.11 0 4.065
1637203800 23.6 76.1 0 4.071
1637203860 23.6 76.07 0 4.065
1637203920 23.59 76.05 0 4.065
1637203980 23.6 76.13 0 4.065
1637204040 23.57 76.18 0 4.071
1637204100 23.57 76.24 0 4.065
1637204160 23.56 76.28 0 4.065
1637204220 23.53 76.34 0 4.065
1637204280 23.54 76.36 0 4.065
1637204340 23.51 76.44 0 4.071
1637204400 23.51 76.48 0 4.065
1637204460 23.51 76.53 0 4.071
1637204520 23.47 76.69 0 4.065
1637204580 23.49 76.79 0 4.065
1637204640 23.46 76.85 0 4.065
1637204700 23.46 76.96 0 4.065
1637204760 23.41 77.07 0 4.065
1637204820 23.4 77.16 0 4.065
1637204880 23.39 77.27 0 4.065
1637204940 23.39 77.31 0 4.065
1637205000 23.39 77.43 0 4.065
1637205060 23.37 77.46 0 4.071
1637205120 23.4 77.58 0 4.065
1637205180 23.4 77.64 0 4.065
1637205240 23.4 77.75 0 4.065
1637205300 23.43 77.82 0 4.071
1637205360 23.41 77.86 0 4.065
1637205420 23.39 77.96 0 4.065
1637205480 23.41 78.01 0 4.065
1637205540 23.43 78.06 0 4.071
1637205600 23.46 78.12 0 4.065
1637205660 23.44 78.18 0 4.065
1637205720 23.47 78.24 0 4.065
1637205780 23.47 78.21 0 4.065
1637205840 23.53 78.25 0 4.071
1637205900 23.5 78.23 0 4.065
1637205960 23.5 78.2 0 4.071
1637206020 23.54 78.19 0 4.065
1637206080 23.54 78.25 0 4.065
1637206140 23.51 78.32 0 4.065
1637206200 23.51 78.3 0 4.065
1637206260 23.5 78.35 0 4.065
1637206320 23.54 78.32 0 4.065
1637206380 23.47 78.24 0 4.065
1637206440 23.5 78.22 0 4.065
1637206500 23.51 78.19 0 4.071
1637206560 23.51 78.23 0 4.065
1637206620 23.51 78.22 0 4.065
1637206680 23.49 78.19 0 4.065
1637206740 23.49 78.17 0 4.065
1637206800 23.49 78.19 0 4.065
1637206860 23.46 78.17 0 4.065
1637206920 23.47 78.19 0 4.065
1637206980 23.49 78.19 0 4.065
1637207040 23.49 78.15 0 4.071
1637207100 23.47 78.05 0 4.071
1637207160 23.49 77.92 0 4.065
1637207220 23.5 77.83 0 4.065
1637207280 23.49 77.67 0 4.065
1637207340 23.47 77.54 0 4.065
1637207400 23.47 77.38 0 4.065
1637207460 23.47 77.21 0 4.065
1637207520 23.46 77.07 0 4.065
1637207580 23.47 76.94 0 4.065
1637207640 23.47 76.73 0 4.065
1637207700 23.46 76.54 0 4.065
1637207760 23.46 76.38 0 4.065
1637207820 23.46 76.25 0 4.065
1637207880 23.47 76.19 0 4.065
1637207940 23.47 76.08 0 4.065
1637208000 23.44 75.97 0 4.065
1637208060 23.41 75.78 0 4.065
1637208120 23.44 75.62 0 4.065
1637208180 23.43 75.46 0 4.065
1637208240 23.44 75.38 0 4.065
1637208300 23.43 75.25 0 4.065
1637208360 23.46 75.15 0 4.065
1637208420 23.43 74.97 0 4.065
1637208480 23.44 74.82 0 4.065
1637208540 23.43 74.67 0 4.065
1637208600 23.43 74.6 0 4.065
1637208660 23.44 74.56 0 4.065
1637208720 23.36 74.44 0 4.065
1637208780 23.37 74.36 0 4.065
1637208840 23.37 74.31 0 4.065
1637208900 23.37 74.28 0 4.065
1637208960 23.39 74.28 0 4.071
1637209020 23.31 74.24 0 4.065
1637209080 23.33 74.3 0 4.065
1637209140 23.3 74.42 0 4.06
1637209200 23.29 74.59 0 4.065
1637209260 23.26 74.61 0 4.065
1637209320 23.26 74.63 0 4.065
1637209380 23.27 74.7 0 4.065
1637209440 23.26 74.74 0 4.065
1637209500 23.24 74.8 0 4.065
1637209560 23.21 74.87 0 4.065
1637209620 23.17 74.88 0 4.065
1637209680 23.19 74.96 0 4.065
1637209740 23.16 74.95 0 4.065
1637209800 23.16 75.03 0 4.065
1637209860 23.14 75.1 0 4.065
1637209920 23.12 75.12 0 4.065
1637209980 23.12 75.18 0 4.065
1637210040 23.12 75.26 0 4.065
1637210100 23.09 75.28 0 4.065
1637210160 23.09 75.34 0 4.065
1637210220 23.07 75.41 0 4.065
1637210280 23.09 75.44 0 4.065
1637210340 23.1 75.54 0 4.065
1637210400 23.07 75.63 0 4.065
1637210460 23.09 75.7 0 4.065
1637210520 23.06 75.67 0 4.065
1637210580 23.1 75.68 0 4.065
1637210640 23.05 75.68 0 4.065
1637210700 23.09 75.68 0 4.065
1637210760 23.05 75.63 0 4.065
1637210820 23 75.66 0 4.065
1637210880 22.99 75.68 0 4.06
1637210940 22.97 75.65 0 4.065
1637211000 22.96 75.62 0 4.065
1637211060 22.96 75.58 0 4.065
1637211120 22.93 75.55 0 4.065
1637211180 22.92 75.55 0 4.065
1637211240 22.93 75.43 0 4.065
1637211300 22.95 75.33 0 4.065
1637211360 22.97 75.26 0 4.065
1637211420 22.99 75.15 0 4.065
1637211480 23 75.06 0 4.065
1637211540 22.97 74.99 0 4.065
