1637125200 21.92 88.94 0 4.039
1637125260 21.96 88.88 0 4.039
1637125320 21.99 88.72 0 4.033
1637125380 21.99 88.83 0 4.039
1637125440 22 88.64 0 4.039
1637125500 21.99 88.49 0 4.039
1637125560 22.06 88.81 0 4.039
1637125620 22.13 88.7 0 4.039
1637125680 22.1 88.35 0 4.033
1637125740 22.14 88.34 0 4.039
1637125800 22.14 88.32 0 4.039
1637125860 22.13 88.23 0 4.039
1637125920 22.11 88.18 0 4.039
1637125980 22.11 88.12 0 4.033
1637126040 22.14 88.36 0 4.039
1637126100 22.11 88.02 0 4.039
1637126160 22.1 88.35 0 4.039
1637126220 22.08 88.34 0 4.039
1637126280 22.06 88.28 0 4.033
1637126340 22.06 88.47 0 4.039
1637126400 22.07 88.63 0 4.033
1637126460 22.07 88.75 0 4.039
1637126520 22.07 88.43 0 4.039
1637126580 22.04 88.33 0 4.033
1637126640 22.06 88.38 0 4.039
1637126700 22.07 88.46 0 4.033
1637126760 22.07 88 0 4.039
1637126820 22.08 88 0 4.039
1637126880 22.17 88.11 0 4.033
1637126940 22.17 87.7 0 4.039
1637127000 22.18 87.75 0 4.033
1637127060 22.23 87.58 0 4.039
1637127120 22.24 87.63 0 4.039
1637127180 22.23 87.74 0 4.033
1637127240 22.2 88.04 0 4.039
1637127300 22.23 87.88 0 4.039
1637127360 22.21 87.88 0 4.039
1637127420 22.21 88.1 0 4.033
1637127480 22.24 88.05 0 4.039
1637127540 22.23 87.82 0 4.033
1637127600 22.21 87.98 0 4.039
1637127660 22.18 88.06 0 4.033
1637127720 22.2 87.96 0 4.033
1637127780 22.21 87.73 0 4.039
1637127840 22.2 88.2 0 4.033
1637127900 22.16 88.16 0 4.039
1637127960 22.17 88.13 0 4.039
1637128020 22.17 88.26 0 4.033
1637128080 22.21 88.21 0 4.039
1637128140 22.13 87.5 0 4.033
1637128200 22.1 87.69 0 4.033
1637128260 22.08 87.83 0 4.039
1637128320 22.11 87.95 0 4.039
1637128380 22.13 88.21 0 4.033
1637128440 22.16 88.47 0 4.039
1637128500 22.17 88.26 0 4.039
1637128560 22.18 88.51 0 4.033
1637128620 22.18 88.3 0 4.033
1637128680 22.18 88.18 0 4.039
1637128740 22.16 87.99 0 4.039
1637128800 22.17 88.18 0 4.033
1637128860 22.2 88.23 0 4.033
1637128920 22.24 88.01 0 4.033
1637128980 22.21 87.61 0 4.033
1637129040 22.21 87.62 0 4.033
1637129100 22.18 87.89 0 4.039
1637129160 22.17 87.99 0 4.033
1637129220 22.18 88.38 0 4.033
1637129280 22.16 88.53 0 4.033
1637129340 22.17 88.55 0 4.033
1637129400 22.16 88.62 0 4.033
1637129460 22.14 88.48 0 4.039
1637129520 22.13 88.54 0 4.033
1637129580 22.14 88.94 0 4.033
1637129640 22.13 88.75 0 4.039
1637129700 22.11 88.41 0 4.039
1637129760 22.11 87.95 0 4.033
1637129820 22.1 87.92 0 4.039
1637129880 22.11 87.81 0 4.033
1637129940 22.1 87.46 0 4.033
1637130000 22.11 87.46 0 4.033
1637130060 22.1 87.1 0 4.033
1637130120 22.11 87.35 0 4.033
1637130180 22.11 87.29 0 4.039
1637130240 22.13 87.46 0 4.033
1637130300 22.1 86.99 0 4.033
1637130360 22.11 86.95 0 4.033
1637130420 22.13 87.23 0 4.033
1637130480 22.08 86.66 0 4.033
1637130540 22.06 86.96 0 4.033
1637130600 22.04 87.3 0 4.033
1637130660 22.06 87.55 0 4.039
1637130720 22.04 87.59 0 4.033
1637130780 21.99 87.97 0 4.033
1637130840 21.99 88.22 0 4.033
1637130900 21.95 88.35 0 4.039
1637130960 21.93 88.34 0 4.033
1637131020 21.95 88.62 0 4.033
1637131080 21.93 88.71 0 4.033
1637131140 21.92 88.29 0 4.033
1637131200 21.95 88.43 0 4.033
1637131260 21.95 88.43 0 4.033
1637131320 21.97 88.51 0 4.033
1637131380 21.95 88.44 0 4.033
1637131440 21.99 88.37 0 4.033
1637131500 21.97 88.43 0 4.033
1637131560 21.97 88.49 0 4.033
1637131620 21.95 88.44 0 4.033
1637131680 22 88.48 0 4.039
1637131740 22 88.38 0 4.033
1637131800 22 88.57 0 4.033
1637131860 22 88.1 0 4.033
1637131920 21.97 88.04 0 4.033
1637131980 21.96 88.27 0 4.033
1637132040 21.97 88.61 0 4.033
1637132100 22 88.57 0 4.033
1637132160 21.99 88.52 0 4.033
1637132220 22.03 88.77 0 4.033
1637132280 22.07 88.52 0 4.033
1637132340 22.04 88.46 0 4.033
1637132400 22.01 88.33 0 4.033
1637132460 21.96 88.38 0 4.033
1637132520 21.99 88.8 0 4.033
1637132580 21.97 88.52 0 4.033
1637132640 21.95 88.71 0 4.033
1637132700 21.95 88.56 0 4.033
1637132760 21.95 88.68 0 4.033
1637132820 21.93 88.94 0 4.033
1637132880 21.92 88.45 0 4.033
1637132940 21.87 88.54 0 4.033
1637133000 21.83 88.27 0 4.033
1637133060 21.8 88.02 0 4.033
1637133120 21.79 87.75 0 4.033
1637133180 21.82 88.01 0 4.033
1637133240 21.83 88.11 0 4.033
1637133300 21.83 87.84 0 4.033
1637133360 21.85 87.53 0 4.033
1637133420 21.9 87.61 0 4.033
1637133480 21.89 87.83 0 4.033
1637133540 21.89 87.77 0 4.033
1637133600 21.89 87.56 0 4.033
1637133660 21.93 87.74 0 4.033
1637133720 21.92 87.63 0 4.033
1637133780 21.92 87.89 0 4.033
1637133840 21.9 87.92 0 4.033
1637133900 21.86 87.54 0 4.033
1637133960 21.89 87.69 0 4.033
1637134020 21.89 87.53 0 4.033
1637134080 21.87 87.69 0 4.033
1637134140 21.86 87.86 0 4.033
1637134200 21.85 88.11 0 4.033
1637134260 21.82 88.26 0 4.033
1637134320 21.82 88.43 0 4.033
1637134380 21.82 88.26 0 4.033
1637134440 21.8 88.21 0 4.033
1637134500 21.82 88.48 0 4.033
1637134560 21.8 88.54 0 4.033
1637134620 21.85 88.72 0 4.033
1637134680 21.82 89.01 0 4.033
1637134740 21.9 89.13 0 4.033
1637134800 21.85 88.83 0 4.033
1637134860 21.83 88.95 0 4.033
1637134920 21.8 88.98 0 4.033
1637134980 21.79 89.09 0 4.033
1637135040 21.8 89.14 0 4.033
1637135100 21.76 89.04 0 4.033
1637135160 21.75 88.88 0 4.033
1637135220 21.73 88.89 0 4.033
1637135280 21.73 88.92 0 4.033
1637135340 21.71 88.95 0 4.033
1637135400 21.71 89.03 0 4.033
1637135460 21.69 89.1 0 4.033
1637135520 21.71 89.13 0 4.033
1637135580 21.69 89.21 0 4.033
1637135640 21.69 89.25 0 4.033
1637135700 21.66 89.35 0 4.033
1637135760 21.66 89.42 0 4.033
1637135820 21.65 89.45 0 4.033
1637135880 21.69 89.57 0 4.033
1637135940 21.68 89.24 0 4.033
1637136000 21.63 88.99 0 4.033
1637136060 21.6 89.04 0 4.033
1637136120 21.6 89.35 0 4.033
1637136180 21.59 89.12 0 4.033
1637136240 21.58 89.31 0 4.033
1637136300 21.55 89.58 0 4.033
1637136360 21.53 89.59 0 4.033
1637136420 21.53 89.4 0 4.033
1637136480 21.53 89.42 0 4.033
1637136540 21.52 89.54 0 4.033
1637136600 21.53 89.43 0 4.033
1637136660 21.53 89.7 0 4.033
1637136720 21.52 89.67 0 4.033
1637136780 21.52 89.57 0 4.033
1637136840 21.52 89.45 0 4.033
1637136900 21.5 89.39 0 4.033
1637136960 21.52 89.37 0 4.033
1637137020 21.52 89.53 0 4.033
1637137080 21.53 89.93 0 4.028
1637137140 21.58 89.91 0 4.033
1637137200 21.58 89.88 0 4.033
1637137260 21.56 89.89 0 4.033
1637137320 21.56 89.85 0 4.033
1637137380 21.59 89.93 0 4.033
1637137440 21.56 89.91 0 4.033
1637137500 21.55 90.05 0 4.033
1637137560 21.55 90.24 0 4.033
1637137620 21.56 90.46 0 4.033
1637137680 21.56 90.52 0 4.033
1637137740 21.53 90.58 0 4.033
1637137800 21.53 90.48 0 4.033
1637137860 21.52 90.34 0 4.033
1637137920 21.56 90.59 0 4.033
1637137980 21.56 90.79 0 4.033
1637138040 21.6 90.77 0 4.028
1637138100 21.69 90.38 0 4.033
1637138160 21.69 90.29 0 4.033
1637138220 21.71 89.81 0 4.033
1637138280 21.68 90.07 0 4.033
1637138340 21.69 90.13 0 4.028
1637138400 21.68 89.83 0 4.028
1637138460 21.65 89.78 0 4.028
1637138520 21.66 89.57 0 4.028
1637138580 21.68 89.56 0 4.033
1637138640 21.66 89.59 0 4.028
1637138700 21.63 89.6 0 4.033
1637138760 21.62 89.54 0 4.028
1637138820 21.6 89.6 0 4.033
1637138880 21.65 89.7 0 4.033
1637138940 21.59 89.71 0 4.033
1637139000 21.59 89.84 0 4.033
1637139060 21.59 89.72 0 4.033
1637139120 21.58 89.75 0 4.033
1637139180 21.58 90.06 0 4.033
1637139240 21.56 89.69 0 4.028
1637139300 21.53 89.67 0 4.028
1637139360 21.52 89.82 0 4.028
1637139420 21.53 89.63 0 4.028
1637139480 21.5 89.47 0 4.028
1637139540 21.5 89.28 0 4.033
1637139600 21.5 89.5 0 4.033
1637139660 21.46 89.52 0 4.033
1637139720 21.46 89.94 0 4.028
1637139780 21.42 90.13 0 4.033
1637139840 21.41 90.4 0 4.028
1637139900 21.39 90.43 0 4.028
1637139960 21.37 90.66 0 4.033
1637140020 21.32 90.6 0 4.028
1637140080 21.34 90.83 0 4.033
1637140140 21.29 90.95 0 4.028
1637140200 21.27 91.08 0 4.028
1637140260 21.22 91.28 0 4.028
1637140320 21.21 91.45 0 4.028
1637140380 21.18 91.57 0 4.033
1637140440 21.15 91.67 0 4.028
1637140500 21.11 91.71 0 4.028
1637140560 21.14 91.84 0 4.028
1637140620 21.12 91.82 0 4.028
1637140680 21.1 91.94 0 4.028
1637140740 21.14 92.14 0 4.033
1637140800 21.08 92.14 0 4.033
1637140860 21.1 92.21 0 4.033
1637140920 21.04 92.2 0 4.028
1637140980 21.02 92.42 0 4.028
1637141040 21.02 92.52 0 4.028
1637141100 21.02 92.67 0 4.028
1637141160 21 92.57 0 4.028
1637141220 20.94 92.62 0 4.033
1637141280 20.91 92.65 0 4.033
1637141340 20.93 92.81 0 4.033
1637141400 20.94 92.64 0 4.028
1637141460 20.95 92.78 0 4.033
1637141520 20.95 92.55 0 4.028
1637141580 20.95 92.64 0 4.033
1637141640 20.95 92.65 0 4.028
1637141700 20.91 92.49 0 4.033
1637141760 20.9 92.58 0 4.028
1637141820 20.9 92.79 0 4.033
1637141880 20.89 92.8 0 4.028
1637141940 20.9 92.87 0 4.028
1637142000 20.9 92.97 0 4.028
1637142060 20.93 93 0 4.028
1637142120 20.9 93 0 4.033
1637142180 20.9 92.98 0 4.028
1637142240 20.9 92.95 0 4.028
1637142300 20.87 92.79 0 4.033
1637142360 20.86 92.75 0 4.028
1637142420 20.83 92.77 0 4.028
1637142480 20.81 92.84 0 4.033
1637142540 20.8 92.77 0 4.028
1637142600 20.8 92.95 0 4.028
1637142660 20.77 92.89 0 4.028
1637142720 20.73 92.86 0 4.028
1637142780 20.76 93.1 0 4.028
1637142840 20.71 93.19 0 4.028
1637142900 20.7 93.26 0 4.028
1637142960 20.67 93.37 0 4.028
1637143020 20.67 93.58 0 4.028
1637143080 20.6 93.64 0 4.033
1637143140 20.6 93.79 0 4.028
1637143200 20.56 93.8 0 4.028
1637143260 20.53 93.75 0 4.028
1637143320 20.53 93.74 0 4.033
1637143380 20.5 93.76 0 4.028
1637143440 20.5 93.67 0 4.028
1637143500 20.49 93.87 0 4.028
1637143560 20.52 93.96 0 4.028
1637143620 20.52 93.84 0 4.028
1637143680 20.5 93.76 0 4.028
1637143740 20.47 93.92 0 4.028
1637143800 20.44 93.85 0 4.028
1637143860 20.43 94.06 0 4.028
1637143920 20.4 94.17 0 4.028
1637143980 20.43 94.16 0 4.028
1637144040 20.4 94.4 0 4.028
1637144100 20.42 94.46 0 4.028
1637144160 20.4 94.69 0 4.028
1637144220 20.43 94.78 0 4.028
1637144280 20.46 94.79 0 4.028
1637144340 20.43 94.82 0 4.028
1637144400 20.49 94.83 0 4.028
1637144460 20.52 94.41 0 4.028
1637144520 20.47 93.5 0 4.028
1637144580 20.47 92.27 0 4.028
1637144640 20.47 90.12 0 4.028
1637144700 20.66 89.47 0 4.028
1637144760 20.74 90.19 0 4.028
1637144820 20.71 89.96 0 4.028
1637144880 20.69 90.35 0 4.028
1637144940 20.65 90.76 0 4.028
1637145000 20.59 90.82 0 4.028
1637145060 20.53 90.91 0 4.028
1637145120 20.49 90.99 0 4.028
1637145180 20.5 91.38 0 4.028
1637145240 20.52 91.9 0 4.028
1637145300 20.47 92.23 0 4.028
1637145360 20.44 92.26 0 4.028
1637145420 20.44 92.31 0 4.028
1637145480 20.4 92.52 0 4.028
1637145540 20.36 92.45 0 4.028
1637145600 20.38 92.76 0 4.028
1637145660 20.33 92.51 0 4.028
1637145720 20.32 92.42 0 4.028
1637145780 20.25 92.58 0 4.028
1637145840 20.26 92.86 0 4.028
1637145900 20.26 92.99 0 4.028
1637145960 20.25 93.18 0 4.028
1637146020 20.28 93.06 0 4.028
1637146080 20.26 93.13 0 4.028
1637146140 20.16 93.2 0 4.028
1637146200 20.15 93.32 0 4.028
1637146260 20.14 93.48 0 4.028
1637146320 20.16 93.57 0 4.028
1637146380 20.19 93.76 0 4.033
1637146440 20.19 93.77 0 4.028
1637146500 20.19 93.59 0 4.028
1637146560 20.15 93.61 0 4.028
1637146620 20.09 93.65 0 4.028
1637146680 20.07 93.64 0 4.028
1637146740 20.04 93.6 0 4.028
1637146800 19.99 93.83 0 4.028
1637146860 20.02 94.14 0 4.028
1637146920 20.05 94.28 0 4.028
1637146980 20.05 94.54 0 4.028
1637147040 20.05 94.45 0 4.028
1637147100 19.98 94.38 0 4.028
1637147160 19.92 94.32 0 4.028
1637147220 19.92 94.46 0 4.028
1637147280 19.95 94.55 0 4.028
1637147340 19.91 94.31 0 4.028
1637147400 19.85 94.23 0 4.028
1637147460 19.88 94.12 0 4.028
1637147520 19.78 93.48 0 4.028
1637147580 19.8 93.33 0 4.028
1637147640 19.75 93.21 0 4.028
1637147700 19.75 93.25 0 4.028
1637147760 19.74 93.29 0 4.028
1637147820 19.77 93.21 0 4.028
1637147880 19.71 93.31 0 4.028
1637147940 19.77 93.38 0 4.028
1637148000 19.75 93.24 0 4.028
1637148060 19.75 93.23 0 4.028
1637148120 19.77 93.42 0 4.028
1637148180 19.82 93.33 0 4.028
1637148240 19.84 93.34 0 4.022
1637148300 19.84 93.2 0 4.028
1637148360 19.84 93.18 0 4.022
1637148420 19.82 93.26 0 4.028
1637148480 19.84 93.43 0 4.028
1637148540 19.81 93.31 0 4.022
1637148600 19.81 93.43 0 4.028
1637148660 19.75 93.3 0 4.028
1637148720 19.74 93.45 0 4.028
1637148780 19.71 93.56 0 4.028
1637148840 19.68 93.86 0 4.028
1637148900 19.7 93.92 0 4.028
1637148960 19.64 93.85 0 4.028
1637149020 19.63 93.93 0 4.028
1637149080 19.61 94.06 0 4.028
1637149140 19.61 94.18 0 4.028
1637149200 19.6 94.25 0 4.028
1637149260 19.68 94.6 0 4.028
1637149320 19.67 94.22 0 4.028
1637149380 19.65 94.4 0 4.022
1637149440 19.65 94.39 0 4.028
1637149500 19.67 94.57 0 4.028
1637149560 19.7 94.47 0 4.028
1637149620 19.65 94.41 0 4.028
1637149680 19.7 94.4 0 4.028
1637149740 19.7 94.5 0 4.028
1637149800 19.71 94.53 0 4.028
1637149860 19.73 94.5 0 4.028
1637149920 19.71 94.61 0 4.028
1637149980 19.74 94.66 0 4.028
1637150040 19.75 94.89 0 4.028
1637150100 19.78 95 0 4.028
1637150160 19.82 94.98 0 4.028
1637150220 19.84 95.06 0 4.028
1637150280 19.87 94.91 0 4.028
1637150340 19.88 94.94 4 4.028
1637150400 19.84 94.84 4 4.028
1637150460 19.91 95.17 4 4.028
1637150520 19.94 95.1 4 4.028
1637150580 19.94 95.13 4 4.028
1637150640 19.98 95.04 4 4.028
1637150700 19.98 94.83 4 4.028
1637150760 19.99 94.74 4 4.022
1637150820 19.98 94.67 4 4.028
1637150880 20.01 94.66 4 4.028
1637150940 20.04 94.46 4 4.028
1637151000 20.02 94.16 10 4.028
1637151060 20.04 94.02 10 4.022
1637151120 20.02 93.97 10 4.028
1637151180 20.08 94.18 10 4.028
1637151240 20.09 93.91 10 4.028
1637151300 20.08 93.75 10 4.028
1637151360 20.11 93.49 10 4.028
1637151420 20.08 93.3 10 4.028
1637151480 20.08 93.29 10 4.028
1637151540 20.08 93.15 10 4.028
1637151600 20.08 93.2 10 4.028
1637151660 20.11 93.2 10 4.028
1637151720 20.14 93.4 10 4.028
1637151780 20.14 93.24 10 4.028
1637151840 20.11 93.17 10 4.028
1637151900 20.12 93.16 10 4.028
1637151960 20.09 93.31 16 4.028
1637152020 20.11 93.3 22 4.022
1637152080 20.05 93.14 22 4.028
1637152140 20.07 93.26 28 4.022
1637152200 20.04 93.23 34 4.028
1637152260 20.01 93.36 34 4.022
1637152320 20.01 93.4 34 4.022
1637152380 20.07 93.68 34 4.022
1637152440 20.02 93.67 40 4.022
1637152500 20.07 93.73 40 4.022
1637152560 20.04 93.76 40 4.022
1637152620 20.04 93.8 46 4.028
1637152680 20.07 93.75 46 4.028
1637152740 20.07 93.67 52 4.028
1637152800 20.12 93.79 58 4.022
1637152860 20.18 93.81 64 4.022
1637152920 20.18 93.76 64 4.028
1637152980 20.22 93.75 64 4.022
1637153040 20.26 93.65 76 4.022
1637153100 20.32 93.5 82 4.022
1637153160 20.38 93.42 76 4.022
1637153220 20.42 92.89 64 4.022
1637153280 20.47 92.39 64 4.022
1637153340 20.46 91.67 76 4.028
1637153400 20.54 91.29 76 4.028
1637153460 20.65 91.03 64 4.022
1637153520 20.77 90.89 64 4.022
1637153580 20.84 90.61 64 4.028
1637153640 20.86 90.41 64 4.022
1637153700 20.95 90.23 64 4.022
1637153760 21.01 89.92 64 4.022
1637153820 21.05 89.37 76 4.022
1637153880 21.08 89.07 105 4.022
1637153940 21.18 88.77 111 4.022
1637154000 21.27 88.46 87 4.022
1637154060 21.31 88.07 76 4.022
1637154120 21.32 88.16 70 4.022
1637154180 21.38 88.15 76 4.028
1637154240 21.48 87.72 70 4.022
1637154300 21.5 87.75 76 4.022
1637154360 21.55 87.14 81 4.022
1637154420 21.58 86.83 88 4.022
1637154480 21.66 86.44 99 4.022
1637154540 21.76 86.25 99 4.022
1637154600 21.87 85.62 70 4.022
1637154660 21.93 84.93 70 4.022
1637154720 22.03 84.47 76 4.022
1637154780 22.13 84.08 87 4.022
1637154840 22.21 84.64 70 4.022
1637154900 22.27 84.19 70 4.022
1637154960 22.24 84.46 87 4.022
1637155020 22.18 84.46 93 4.022
1637155080 22.21 84.67 81 4.028
1637155140 22.27 83.92 93 4.022
1637155200 22.28 84.24 159 4.022
1637155260 22.28 83.59 224 4.028
1637155320 22.43 83.33 224 4.028
1637155380 22.64 82.36 182 4.028
1637155440 22.79 82.39 129 4.028
1637155500 22.84 81.89 88 4.022
1637155560 22.88 82.04 70 4.022
1637155620 22.69 82.51 76 4.022
1637155680 22.71 82.56 76 4.022
1637155740 22.78 81.98 76 4.022
1637155800 22.68 81.74 81 4.028
1637155860 22.72 82.3 99 4.022
1637155920 22.82 81.86 159 4.022
1637155980 22.84 80.93 164 4.028
1637156040 22.84 81.35 129 4.028
1637156100 22.81 81.22 129 4.028
1637156160 22.96 81.02 200 4.028
1637156220 23.13 80.27 283 4.028
1637156280 23.26 80.17 313 4.033
1637156340 23.4 79.77 319 4.033
1637156400 23.71 77.79 325 4.033
1637156460 23.6 76.05 331 4.033
1637156520 23.8 76.76 331 4.033
1637156580 24.05 76.41 337 4.033
1637156640 24.07 75.8 337 4.033
1637156700 24.25 75.09 343 4.033
1637156760 24.22 75.79 349 4.033
1637156820 24.38 75.23 355 4.039
1637156880 24.88 74.26 361 4.039
1637156940 25.24 72.76 367 4.039
1637157000 25.24 71 367 4.039
1637157060 25.59 69.62 379 4.033
1637157120 25.15 70 385 4.039
1637157180 25.48 70.62 391 4.039
1637157240 25.45 68.84 391 4.039
1637157300 25.14 70.72 397 4.039
1637157360 25.51 69.79 397 4.039
1637157420 25.59 69.3 403 4.044
1637157480 25.83 68.32 408 4.028
1637157540 25.96 66.83 414 4.028
1637157600 26.08 67.67 420 4.028
1637157660 26.28 66.72 420 4.028
1637157720 26.23 66.44 426 4.028
1637157780 26.54 63.37 432 4.028
1637157840 26.59 62.89 438 4.022
1637157900 26.58 63.49 444 4.028
1637157960 26.77 63.13 448 4.028
1637158020 26.99 62.41 454 4.028
1637158080 26.75 61.04 454 4.028
1637158140 26.77 62.25 462 4.039
1637158200 26.78 61.71 462 4.039
1637158260 27.16 60.52 468 4.044
1637158320 26.79 61.38 468 4.044
1637158380 26.88 60.14 474 4.044
1637158440 26.67 62.02 474 4.044
1637158500 27.14 60.42 480 4.044
1637158560 27.67 59.8 486 4.044
1637158620 27.49 58.67 492 4.044
1637158680 26.85 60.27 499 4.044
1637158740 26.88 60.19 504 4.049
1637158800 26.75 60.57 512 4.044
1637158860 27.23 59.45 518 4.049
1637158920 27.49 57.48 522 4.049
1637158980 27.44 58.38 528 4.049
1637159040 27.65 57.63 528 4.049
1637159100 27.7 56.25 534 4.049
1637159160 27.68 56.45 534 4.049
1637159220 27.71 56.99 540 4.049
1637159280 27.87 56.46 546 4.049
1637159340 28.04 55.97 546 4.049
1637159400 28.2 55.6 554 4.055
1637159460 28.55 54.29 560 4.055
1637159520 28.8 53.57 566 4.049
1637159580 28.76 54.39 572 4.055
1637159640 28.59 55.63 578 4.055
1637159700 28.66 54.46 584 4.055
1637159760 28.83 55.07 584 4.06
1637159820 28.87 54.8 590 4.055
1637159880 28.8 54.99 594 4.06
1637159940 28.67 54.25 600 4.055
1637160000 28.98 53.82 602 4.06
1637160060 29.17 53.75 602 4.06
1637160120 29.04 53.98 602 4.06
1637160180 29.25 53.46 614 4.06
1637160240 29.36 53.06 620 4.055
1637160300 29.69 53.1 632 4.06
1637160360 29.92 51.65 638 4.06
1637160420 30.04 51.54 641 4.044
1637160480 29.87 54.26 641 4.044
1637160540 29.87 52.83 647 4.044
1637160600 29.61 53.48 652 4.039
1637160660 29.48 53.46 652 4.039
1637160720 29.32 54.14 652 4.039
1637160780 29.36 54.41 658 4.039
1637160840 29.18 55.48 664 4.039
1637160900 29.53 54.81 664 4.039
1637160960 29.34 54.72 676 4.033
1637161020 28.94 55.8 682 4.039
1637161080 29.25 55.19 688 4.033
1637161140 29.29 54.48 694 4.039
1637161200 29.68 52.61 700 4.039
1637161260 29.79 53.35 712 4.039
1637161320 29.63 53.71 716 4.039
1637161380 28.93 53.99 730 4.039
1637161440 29.08 52.93 734 4.033
1637161500 29.48 52.69 736 4.039
1637161560 29.72 52.82 740 4.033
1637161620 29.36 55.32 746 4.033
1637161680 29.36 55.15 752 4.039
1637161740 29.63 52.03 758 4.033
1637161800 29.47 52.31 764 4.033
1637161860 29.48 52.33 764 4.033
1637161920 29.49 52.57 771 4.039
1637161980 29.51 52.05 775 4.033
1637162040 29.69 52.38 781 4.039
1637162100 29.9 51.01 781 4.033
1637162160 29.76 51.65 795 4.033
1637162220 29.42 54.44 793 4.033
1637162280 29.47 52.89 793 4.033
1637162340 29.32 53.08 799 4.033
1637162400 28.76 53.98 813 4.033
1637162460 28.55 53.92 817 4.033
1637162520 28.09 54.97 831 4.033
1637162580 28.04 56.23 841 4.033
1637162640 28.19 55.28 865 4.033
1637162700 28.6 55.84 870 4.033
1637162760 29.49 53.46 870 4.033
1637162820 29.86 51.91 870 4.033
1637162880 30.27 50.78 888 4.033
1637162940 30.79 50.6 248 4.039
1637163000 30.86 49.26 385 4.033
1637163060 30.98 48.81 764 4.033
1637163120 31.1 47.49 888 4.033
1637163180 31.13 47.6 242 4.039
1637163240 30.85 48.03 906 4.033
1637163300 30.85 47.65 900 4.028
1637163360 31.13 47.21 912 4.033
1637163420 31.1 46.52 290 4.039
1637163480 31.41 46.98 206 4.039
1637163540 31.66 45.41 200 4.039
1637163600 31.23 47.25 236 4.033
1637163660 31.15 46.39 805 4.033
1637163720 30.27 48.05 266 4.033
1637163780 29.08 51.22 954 4.033
1637163840 29.11 51.93 965 4.033
1637163900 29.61 50.56 954 4.033
1637163960 29.84 50.13 971 4.033
1637164020 30.07 49.06 674 4.033
1637164080 30.14 48.89 361 4.033
1637164140 30.1 49.81 390 4.033
1637164200 29.77 49.71 936 4.033
1637164260 29.73 50.47 1019 4.033
1637164320 29.9 50.38 1031 4.033
1637164380 30.21 50.55 1049 4.033
1637164440 30.71 48.66 793 4.033
1637164500 30.51 47.28 781 4.033
1637164560 29.93 49.42 1078 4.033
1637164620 30.1 49.27 1078 4.033
1637164680 30.23 49.25 1072 4.033
1637164740 30.82 49.12 1072 4.033
1637164800 30.99 48.65 1072 4.033
1637164860 31.41 46.9 1070 4.033
1637164920 31.78 45.25 1084 4.033
1637164980 31.74 45.21 1102 4.033
1637165040 32.26 44.87 1108 4.033
1637165100 32.41 45.31 1102 4.033
1637165160 32.03 47.39 1112 4.028
1637165220 31.71 47.45 1114 4.033
1637165280 31.51 48.42 557 4.033
1637165340 31.35 48.19 936 4.06
1637165400 31.44 48.31 1008 4.065
1637165460 31.46 48.33 319 4.033
1637165520 31.18 47.64 284 4.033
1637165580 30.96 47.76 313 4.033
1637165640 30.65 48.43 960 4.033
1637165700 30.48 49.45 621 4.033
1637165760 30.41 48.21 278 4.033
1637165820 29.87 49.66 319 4.033
1637165880 29.69 50.86 295 4.033
1637165940 29.58 50.72 438 4.033
1637166000 29.28 51.1 609 4.033
1637166060 29.34 50.7 1060 4.033
1637166120 29.55 50.54 1037 4.033
1637166180 29.86 49.41 1043 4.033
1637166240 29.99 50.58 1051 4.065
1637166300 30.55 49.82 1033 4.065
1637166360 30.81 49.58 1028 4.071
1637166420 31.12 47.67 1010 4.071
1637166480 31.36 48.13 921 4.044
1637166540 30.35 47.38 1014 4.044
1637166600 29.69 51.23 1021 4.039
1637166660 29.86 49.81 1027 4.039
1637166720 30.07 50.48 1033 4.039
1637166780 30.62 49.85 1033 4.039
1637166840 30.68 49.75 1045 4.039
1637166900 31.36 46.56 1057 4.039
1637166960 30.9 46.71 1066 4.033
1637167020 30.67 47.11 1072 4.039
1637167080 30.4 48.77 1091 4.033
1637167140 31.15 47.74 1100 4.071
1637167200 31.4 46.79 1120 4.076
1637167260 31.88 44.62 1127 4.076
1637167320 32.14 43.86 1138 4.076
1637167380 32.1 43.99 1145 4.082
1637167440 32.29 43.68 1152 4.082
1637167500 32.35 44.29 1158 4.082
1637167560 32.32 44.75 1189 4.082
1637167620 32.29 44.75 1201 4.087
1637167680 32.41 44.55 1227 4.092
1637167740 32.35 44.37 1257 4.087
1637167800 31.63 44.83 1281 4.092
1637167860 32.15 44.64 1099 4.087
1637167920 32.61 44.63 972 4.087
1637167980 32.63 43.72 399 4.055
1637168040 32.41 43.34 334 4.055
1637168100 31.48 45.78 314 4.06
1637168160 30.69 47.12 302 4.06
1637168220 30.4 48.05 310 4.06
1637168280 29.68 49.58 296 4.06
1637168340 29.34 50.53 292 4.06
1637168400 29.47 50.86 749 4.055
1637168460 29.63 50.39 1225 4.055
1637168520 29.79 49.47 1251 4.049
1637168580 29.92 49.2 1237 4.055
1637168640 30.28 47.78 1249 4.049
1637168700 30.95 48.18 350 4.049
1637168760 31.02 46.13 278 4.049
1637168820 30.99 46.68 290 4.049
1637168880 30.61 47.75 731 4.044
1637168940 30.82 47.88 1130 4.049
1637169000 31.18 47.4 528 4.049
1637169060 31.1 48.99 1225 4.044
1637169120 30.88 47.79 1177 4.049
1637169180 31.08 47.36 1177 4.049
1637169240 30.81 48.88 1189 4.049
1637169300 31.26 47.02 1200 4.049
1637169360 31.39 45.78 1201 4.044
1637169420 31.61 47.07 1183 4.044
1637169480 31.88 44.06 1149 4.044
1637169540 31.94 43.47 1167 4.049
1637169600 31.98 43.56 1171 4.044
1637169660 31.99 44.35 1167 4.049
1637169720 31.98 43.01 1165 4.049
1637169780 31.76 42.55 1130 4.044
1637169840 31.66 44.24 1118 4.044
1637169900 32.1 43.67 1170 4.044
1637169960 32.05 43.59 1165 4.049
1637170020 32.53 42.41 1161 4.049
1637170080 32.65 41.14 1176 4.049
1637170140 32.79 40.64 1189 4.049
1637170200 32.55 41.1 1201 4.044
1637170260 32.29 42.75 1159 4.049
1637170320 33 42 1170 4.044
1637170380 33.51 41.08 1182 4.044
1637170440 33.3 41.16 1177 4.049
1637170500 32.14 44.81 1188 4.044
1637170560 31.88 45.42 1200 4.044
1637170620 32.19 44.89 439 4.044
1637170680 32.25 43.76 314 4.044
1637170740 31.94 45.29 314 4.049
1637170800 31.64 45.36 314 4.049
1637170860 31.09 45.63 314 4.055
1637170920 30.77 47.38 338 4.055
1637170980 30.45 47.69 512 4.049
1637171040 30.28 48.26 1320 4.044
1637171100 30.45 46.64 1249 4.044
1637171160 30.62 46.37 1207 4.049
1637171220 31.02 46.99 1219 4.044
1637171280 31.43 46.03 1236 4.044
1637171340 31.92 44.82 1254 4.044
1637171400 32.32 45.23 1280 4.049
1637171460 32.21 46.63 1284 4.044
1637171520 32.25 44.87 433 4.044
1637171580 32.43 44.28 1361 4.049
1637171640 32.52 43.65 1159 4.044
1637171700 32.35 43.95 451 4.044
1637171760 32.72 44.25 1361 4.044
1637171820 32.61 44.88 1307 4.049
1637171880 32.7 43.73 397 4.044
1637171940 32.53 44.91 373 4.044
1637172000 32.22 44.19 367 4.044
1637172060 31.87 44.8 344 4.049
1637172120 31.95 45.33 320 4.044
1637172180 31.22 47.31 314 4.044
1637172240 30.57 49.6 314 4.044
1637172300 30.42 50.39 314 4.049
1637172360 30.48 50 320 4.044
1637172420 30.41 50.16 326 4.044
1637172480 30.5 50.39 332 4.044
1637172540 30.11 51.68 344 4.055
1637172600 29.65 53.75 344 4.049
1637172660 29.04 55.46 344 4.055
1637172720 28.87 55.48 356 4.055
1637172780 28.59 55.46 374 4.055
1637172840 28.45 56.42 391 4.044
1637172900 28.47 56.51 397 4.044
1637172960 28.5 57 415 4.049
1637173020 28.34 57.91 451 4.044
1637173080 28.66 57.69 475 4.049
1637173140 28.59 57.76 1391 4.044
1637173200 28.83 57.03 1361 4.049
1637173260 29.41 55.24 1426 4.044
1637173320 29.76 55.31 1444 4.044
1637173380 30.45 53.21 1432 4.044
1637173440 30.65 52 1474 4.092
1637173500 31.23 52.39 834 4.055
1637173560 31.26 51.38 522 4.049
1637173620 31.16 51.65 499 4.049
1637173680 31.1 51.87 564 4.049
1637173740 31.13 51.78 1212 4.049
1637173800 31.15 51.65 1374 4.049
1637173860 31.19 51.29 1414 4.044
1637173920 31.78 49.99 1385 4.049
1637173980 31.84 50.78 1373 4.044
1637174040 32.46 49.5 1408 4.044
1637174100 32.59 47.24 992 4.044
1637174160 31.59 49.96 1380 4.044
1637174220 31.46 48.95 1373 4.044
1637174280 31.63 50.53 843 4.044
1637174340 31.05 50.78 423 4.055
1637174400 29.96 53.55 417 4.055
1637174460 30.16 53.38 429 4.06
1637174520 30.4 52.87 417 4.06
1637174580 29.92 53.27 338 4.044
1637174640 29.84 54.5 314 4.049
1637174700 30.14 53.56 308 4.049
1637174760 30.2 53.56 314 4.044
1637174820 29.65 54.35 326 4.049
1637174880 29.07 56.1 326 4.049
1637174940 29.01 56.21 350 4.044
1637175000 28.59 57.69 326 4.049
1637175060 28.41 58.37 368 4.044
1637175120 28.22 58.16 362 4.049
1637175180 28.23 57.69 380 4.044
1637175240 28.53 57.83 385 4.049
1637175300 28.55 58.08 427 4.044
1637175360 28.22 58.93 421 4.049
1637175420 28.19 59.57 427 4.044
1637175480 28.26 59.09 1337 4.049
1637175540 28.63 58.62 546 4.044
1637175600 28.92 57.64 927 4.044
1637175660 29.18 57.92 772 4.044
1637175720 29.08 57.47 486 4.049
1637175780 29.49 56.67 1367 4.049
1637175840 29.58 57.43 1159 4.044
1637175900 30.07 54.93 1361 4.044
1637175960 30.17 54.67 451 4.044
1637176020 30.07 55.09 439 4.049
1637176080 29.42 56.69 433 4.049
1637176140 29.71 56.19 435 4.055
1637176200 29.79 56.19 489 4.06
1637176260 29.95 55.6 1344 4.049
1637176320 30.28 54.66 1326 4.049
1637176380 30.68 53.41 647 4.049
1637176440 31.13 52.59 1344 4.049
1637176500 31.46 51.9 1302 4.049
1637176560 31.63 54.22 1170 4.044
1637176620 31.67 51.94 415 4.044
1637176680 30.71 53.29 367 4.044
1637176740 30.06 56.19 332 4.044
1637176800 30.04 54.87 308 4.044
1637176860 30.04 55.46 320 4.044
1637176920 29.96 54.92 332 4.044
1637176980 29.59 55.8 332 4.049
1637177040 29.77 55.57 338 4.055
1637177100 29.84 55.92 350 4.055
1637177160 29.77 55.24 350 4.055
1637177220 29.53 55.16 344 4.06
1637177280 29.41 55.81 374 4.049
1637177340 29.48 55.34 326 4.049
1637177400 29.38 55.8 350 4.044
1637177460 29.35 55.57 368 4.049
1637177520 29.32 56.72 387 4.049
1637177580 29.45 56.63 897 4.044
1637177640 29.32 56.31 1010 4.044
1637177700 29.38 57.46 1236 4.044
1637177760 29.44 56.94 1036 4.049
1637177820 30.02 56.33 487 4.044
1637177880 30.14 55.15 1141 4.049
1637177940 29.99 56.48 796 4.049
1637178000 30.06 55.19 683 4.044
1637178060 29.93 56.43 1236 4.044
1637178120 30.19 55.82 1159 4.044
1637178180 30.31 54.51 397 4.044
1637178240 30.48 53.44 355 4.049
1637178300 30.4 53.67 314 4.044
1637178360 30.16 53.71 296 4.044
1637178420 29.98 53.58 302 4.044
1637178480 29.72 55.06 290 4.044
1637178540 29.62 54.73 278 4.044
1637178600 29.52 55.2 266 4.044
1637178660 29.65 55.68 272 4.044
1637178720 29.47 56.02 296 4.044
1637178780 29.29 56.7 320 4.044
1637178840 29.03 57.15 344 4.055
1637178900 28.98 57.62 564 4.044
1637178960 29.08 57.8 1182 4.049
1637179020 29.22 58 1153 4.044
1637179080 29.36 56.49 1159 4.044
1637179140 29.07 57.63 1159 4.044
1637179200 29.49 56.41 1176 4.044
1637179260 29.92 54.88 474 4.044
1637179320 29.99 55.85 855 4.044
1637179380 30.32 54.1 1218 4.044
1637179440 30.71 54.26 1272 4.044
1637179500 30.89 53.27 1289 4.044
1637179560 30.98 52.15 1313 4.044
1637179620 31.05 53.5 1218 4.044
1637179680 31.26 53.27 671 4.044
1637179740 31.47 53.02 1272 4.076
1637179800 31.48 52.52 507 4.06
1637179860 30.71 53.21 789 4.065
1637179920 29.61 54.77 471 4.06
1637179980 29.22 56.53 399 4.06
1637180040 29.14 57.07 399 4.06
1637180100 29.04 57.64 380 4.049
1637180160 28.97 58.04 344 4.049
1637180220 28.67 58.46 320 4.049
1637180280 28.97 59.22 290 4.049
1637179440 30.71 54.26 1272 4.044
1637179500 30.89 53.27 1289 4.044
1637179560 30.98 52.15 1313 4.044
1637179620 31.05 53.5 1218 4.044
1637179680 31.26 53.27 671 4.044
1637179740 31.47 53.02 1272 4.076
1637179800 31.48 52.52 507 4.06
1637179860 30.71 53.21 789 4.065
1637179920 29.61 54.77 471 4.06
1637179980 29.22 56.53 399 4.06
1637180040 29.14 57.07 399 4.06
1637180100 29.04 57.64 380 4.049
1637180160 28.97 58.04 344 4.049
1637180220 28.67 58.46 320 4.049
1637180280 28.97 59.22 290 4.049
1637180340 28.89 59.42 272 4.049
1637180400 28.97 58.03 260 4.049
1637180460 28.86 58.79 243 4.049
1637180520 28.67 59.17 237 4.049
1637180580 28.6 59.44 236 4.049
1637180640 28.69 59.63 243 4.055
1637180700 28.66 58.95 243 4.055
1637180760 28.76 59.14 243 4.055
1637180820 28.52 59.18 225 4.055
1637180880 28.46 59.74 225 4.055
1637180940 28.34 59.54 219 4.049
1637181000 28.39 60.22 231 4.055
1637181060 28.41 60.19 231 4.055
1637181120 28.53 59.85 213 4.055
1637181180 28.62 59.42 207 4.055
1637181240 28.47 59.89 219 4.055
1637181300 28.52 60.26 213 4.055
1637181360 28.55 59.89 213 4.055
1637181420 28.47 60.41 219 4.055
1637181480 28.16 61.26 225 4.055
1637181540 28.05 61.8 237 4.055
1637181600 28.14 61.85 243 4.055
1637181660 28.18 61.46 249 4.055
1637181720 28.16 61.51 262 4.055
1637181780 28.02 61.08 268 4.06
1637181840 27.7 61.84 280 4.06
1637181900 27.44 61.95 310 4.055
1637181960 27.67 61.89 316 4.06
1637182020 27.85 60.95 334 4.06
1637182080 28.04 60.46 356 4.06
1637182140 28.12 59.74 572 4.055
1637182200 27.99 60.47 1005 4.055
1637182260 28.32 60.02 999 4.055
1637182320 28.56 58.54 987 4.055
1637182380 28.57 58.81 999 4.049
1637182440 28.98 57.99 844 4.049
1637182500 29.17 57.41 512 4.049
1637182560 29.48 55.49 802 4.049
1637182620 29.17 56.44 588 4.049
1637182680 28.94 57.89 957 4.049
1637182740 29.25 57.33 909 4.049
1637182800 29.96 55.94 969 4.049
1637182860 30.07 55.21 463 4.049
1637182920 30.3 54.74 796 4.049
1637182980 30.14 54.58 647 4.044
1637183040 30.16 54.64 326 4.049
1637183100 29.93 55.75 296 4.049
1637183160 29.51 56.51 260 4.049
1637183220 29.11 57.78 243 4.049
1637183280 28.77 58.75 243 4.049
1637183340 28.19 60.42 243 4.055
1637183400 28.12 61.56 243 4.055
1637183460 28.11 60.61 225 4.055
1637183520 27.76 61.44 213 4.055
1637183580 27.49 62.39 201 4.055
1637183640 27.51 62.7 195 4.055
1637183700 27.51 62.48 183 4.055
1637183760 27.41 62.55 165 4.055
1637183820 27.25 63.48 159 4.049
1637183880 27.16 63.47 147 4.049
1637183940 27.13 63.61 137 4.049
1637184000 27.01 63.98 129 4.055
1637184060 26.86 64.64 118 4.049
1637184120 26.85 65.01 112 4.049
1637184180 26.92 64.94 106 4.049
1637184240 26.98 64.92 112 4.049
1637184300 27.08 64.56 118 4.049
1637184360 27.05 64.48 118 4.049
1637184420 26.99 64.69 124 4.055
1637184480 26.89 65.03 129 4.049
1637184540 26.96 64.82 129 4.055
1637184600 27.16 64.83 135 4.049
1637184660 27.26 64.21 143 4.055
1637184720 27.25 64.63 159 4.055
1637184780 27.43 63.84 165 4.055
1637184840 27.4 63.6 177 4.055
1637184900 27.33 64.22 177 4.055
1637184960 27.23 64.22 165 4.055
1637185020 27.17 64.11 147 4.055
1637185080 27.2 64.46 135 4.055
1637185140 27.02 63.98 124 4.049
1637185200 26.82 64.62 112 4.049
1637185260 26.88 64.96 112 4.049
1637185320 26.99 64.63 100 4.049
1637185380 26.96 64.22 94 4.049
1637185440 26.78 64.86 88 4.049
1637185500 26.77 65.11 76 4.049
1637185560 26.74 65.93 76 4.049
1637185620 26.62 65.49 76 4.049
1637185680 26.59 67.22 76 4.049
1637185740 26.45 67.02 76 4.049
1637185800 26.34 68.53 76 4.049
1637185860 26.26 70.27 76 4.049
1637185920 26.19 71.6 76 4.049
1637185980 26.07 70.35 70 4.049
1637186040 26 71.61 64 4.049
1637186100 26.02 71.84 64 4.049
1637186160 25.99 73.03 64 4.049
1637186220 26.02 73.02 64 4.049
1637186280 25.94 72.17 64 4.049
1637186340 25.87 70.94 64 4.049
1637186400 25.83 71.05 70 4.049
1637186460 25.76 72.23 70 4.049
1637186520 25.75 70.99 70 4.049
1637186580 25.76 72.18 76 4.049
1637186640 25.77 71.51 82 4.049
1637186700 25.8 70.95 82 4.049
1637186760 25.82 71.44 88 4.049
1637186820 25.85 70.08 94 4.055
1637186880 25.83 70.33 106 4.049
1637186940 25.87 71.1 112 4.049
1637187000 25.87 70.15 112 4.049
1637187060 25.89 70.63 106 4.049
1637187120 25.96 70.68 94 4.049
1637187180 26.02 71.29 88 4.049
1637187240 26.03 70.67 82 4.049
1637187300 26.07 71.54 88 4.049
1637187360 26.07 70.39 94 4.049
1637187420 26.03 70.05 106 4.049
1637187480 25.93 69.98 118 4.049
1637187540 25.9 70.38 141 4.049
1637187600 25.93 69.9 165 4.049
1637187660 25.87 70.19 189 4.055
1637187720 25.82 70.84 189 4.055
1637187780 25.75 70.66 195 4.055
1637187840 25.76 70.97 201 4.049
1637187900 25.73 70.63 201 4.055
1637187960 25.8 71.79 195 4.049
1637188020 25.92 71.15 189 4.055
1637188080 25.82 70.18 332 4.055
1637188140 25.89 71.33 286 4.055
1637188200 26.06 70.43 344 4.055
1637188260 26.16 70.07 310 4.06
1637188320 26.19 69.88 183 4.055
1637188380 26.16 70.17 177 4.055
1637188440 26.27 69.87 177 4.055
1637188500 26.24 68.53 165 4.055
1637188560 26.08 68.7 159 4.055
1637188620 26.06 69.32 189 4.055
1637188680 26 68.86 338 4.055
1637188740 26.16 68.85 350 4.055
1637188800 26.3 68.41 350 4.06
1637188860 26.37 67.34 350 4.055
1637188920 26.44 67.69 338 4.06
1637188980 26.45 67.72 328 4.055
1637189040 26.37 67.32 280 4.055
1637189100 26.43 67.25 147 4.049
1637189160 26.55 67.4 159 4.055
1637189220 26.74 66.47 177 4.055
1637189280 26.64 66.39 153 4.055
1637189340 26.58 66.49 171 4.055
1637189400 26.35 66.9 237 4.055
1637189460 26.31 67.32 129 4.055
1637189520 26.34 67.42 112 4.055
1637189580 26.3 67.32 106 4.049
1637189640 26.27 67.92 100 4.055
1637189700 26.17 67.82 94 4.049
1637189760 26.16 67.72 94 4.049
1637189820 26.02 67.99 106 4.049
1637189880 26.04 68.38 118 4.049
1637189940 25.99 67.93 159 4.049
1637190000 25.94 68.03 153 4.055
1637190060 26.02 67.98 124 4.049
1637190120 26 67.87 88 4.049
1637190180 25.96 68.37 88 4.055
1637190240 25.94 68.09 88 4.049
1637190300 25.97 68.59 88 4.049
1637190360 26.02 68.4 88 4.049
1637190420 26.02 68.21 88 4.049
1637190480 25.94 68.61 88 4.049
1637190540 26 68.27 94 4.049
1637190600 26.02 68.26 100 4.049
1637190660 26.02 68.26 94 4.049
1637190720 26.03 68.22 118 4.049
1637190780 26.08 68 118 4.049
1637190840 26.06 67.76 141 4.049
1637190900 26.02 67.74 159 4.049
1637190960 26.06 67.7 153 4.049
1637191020 26.04 67.75 141 4.049
1637191080 26.07 68.02 129 4.049
1637191140 26.1 67.92 118 4.049
1637191200 26.06 67.72 112 4.049
1637191260 26 67.73 112 4.049
1637191320 25.97 68.1 100 4.049
1637191380 26.02 68.01 106 4.049
1637191440 26.02 68.24 76 4.049
1637191500 26.06 68.38 94 4.049
1637191560 26 68.48 64 4.049
1637191620 25.94 68.2 64 4.049
1637191680 25.83 68.6 64 4.049
1637191740 25.8 68.8 52 4.049
1637191800 25.73 68.58 46 4.049
1637191860 25.68 68.81 40 4.049
1637191920 25.66 69.15 34 4.049
1637191980 25.64 69.3 28 4.049
1637192040 25.61 69.42 22 4.049
1637192100 25.58 69.57 16 4.049
1637192160 25.53 69.64 10 4.049
1637192220 25.52 69.66 10 4.049
1637192280 25.51 69.67 4 4.049
1637192340 25.51 69.35 4 4.049
1637192400 25.49 69.41 4 4.049
1637192460 25.46 69.59 10 4.049
1637192520 25.44 69.58 10 4.049
1637192580 25.41 69.74 10 4.049
1637192640 25.41 69.87 4 4.049
1637192700 25.38 69.63 4 4.049
1637192760 25.38 69.75 4 4.049
1637192820 25.35 69.84 4 4.049
1637192880 25.35 69.87 4 4.049
1637192940 25.29 69.84 4 4.049
1637193000 25.27 69.74 0 4.049
1637193060 25.28 69.51 0 4.049
1637193120 25.29 69.56 0 4.049
1637193180 25.28 69.24 0 4.049
1637193240 25.27 69.22 0 4.049
1637193300 25.27 69.35 0 4.049
1637193360 25.25 69.13 0 4.049
1637193420 25.22 69.37 0 4.049
1637193480 25.17 69.41 0 4.049
1637193540 25.17 69.11 0 4.049
1637193600 25.2 69.22 0 4.049
1637193660 25.2 69.29 0 4.049
1637193720 25.17 69.03 0 4.049
1637193780 25.14 69.32 0 4.049
1637193840 25.14 69.56 0 4.049
1637193900 25.15 69.09 0 4.049
1637193960 25.1 69.37 0 4.049
1637194020 25.08 69.58 0 4.049
1637194080 25.08 69.89 0 4.049
1637194140 25.06 69.53 0 4.044
1637194200 25.07 69.93 0 4.049
1637194260 25.03 70.38 0 4.049
1637194320 24.97 70.16 0 4.049
1637194380 25 70.37 0 4.044
1637194440 24.97 70.78 0 4.049
1637194500 24.95 71.37 0 4.049
1637194560 24.88 71.29 0 4.049
1637194620 24.88 71.19 0 4.049
1637194680 24.88 70.9 0 4.049
1637194740 24.88 71.59 0 4.049
1637194800 24.88 71.56 0 4.049
1637194860 24.88 71.68 0 4.049
1637194920 24.84 71.87 0 4.049
1637194980 24.86 72.05 0 4.044
1637195040 24.81 72.46 0 4.044
1637195100 24.81 72.81 0 4.044
1637195160 24.71 73.36 0 4.049
1637195220 24.73 73.2 0 4.049
1637195280 24.67 72.81 0 4.049
1637195340 24.66 73.49 0 4.049
1637195400 24.67 73.47 0 4.049
1637195460 24.67 73.05 0 4.049
1637195520 24.65 73.2 0 4.049
1637195580 24.65 73.25 0 4.049
1637195640 24.67 73.16 0 4.049
1637195700 24.7 72.65 0 4.049
1637195760 24.66 73.14 0 4.049
1637195820 24.67 72.94 0 4.049
1637195880 24.62 73.43 0 4.049
1637195940 24.57 73.69 0 4.049
1637196000 24.55 73.77 0 4.049
1637196060 24.55 73.89 0 4.049
1637196120 24.53 74 0 4.049
1637196180 24.5 74.09 0 4.044
1637196240 24.5 74.22 0 4.049
1637196300 24.52 74.25 0 4.049
1637196360 24.53 74.31 0 4.049
1637196420 24.52 74.54 0 4.049
1637196480 24.52 74.48 0 4.049
1637196540 24.52 74.55 0 4.049
1637196600 24.5 74.5 0 4.044
1637196660 24.49 74.81 0 4.049
1637196720 24.48 74.52 0 4.044
1637196780 24.43 74.7 0 4.049
1637196840 24.42 75.25 0 4.044
1637196900 24.38 75.1 0 4.044
1637196960 24.36 75.71 0 4.044
1637197020 24.32 75.91 0 4.049
1637197080 24.22 75.66 0 4.044
1637197140 24.15 75.73 0 4.049
1637197200 24.15 75.24 0 4.049
1637197260 24.21 76.23 0 4.044
1637197320 24.15 72.89 0 4.044
1637197380 24.25 72.7 0 4.044
1637197440 24.21 73.07 0 4.049
1637197500 24.29 73.5 0 4.044
1637197560 24.23 74.01 0 4.044
1637197620 24.21 74.55 0 4.049
1637197680 24.15 74.58 0 4.044
1637197740 24.11 73.8 0 4.049
1637197800 24.12 74.17 0 4.049
1637197860 24.19 74.45 0 4.044
1637197920 24.18 74.58 0 4.049
1637197980 24.14 75.39 0 4.049
1637198040 24.11 75.55 0 4.044
1637198100 24.07 75.64 0 4.044
1637198160 24.02 76.01 0 4.049
1637198220 24 76.18 0 4.049
1637198280 23.98 76.39 0 4.044
1637198340 23.95 76.55 0 4.044
1637198400 23.89 75.98 0 4.044
1637198460 23.91 75.62 0 4.044
1637198520 23.92 75.97 0 4.049
1637198580 23.89 75.39 0 4.044
1637198640 23.88 75.69 0 4.044
1637198700 23.84 75.29 0 4.049
1637198760 23.84 75.25 0 4.044
1637198820 23.78 75.89 0 4.044
1637198880 23.77 76.25 0 4.044
1637198940 23.77 76.76 0 4.049
1637199000 23.77 76.39 0 4.044
1637199060 23.74 76.65 0 4.049
1637199120 23.7 76.33 0 4.044
1637199180 23.65 75.91 0 4.044
1637199240 23.65 76.1 0 4.044
1637199300 23.59 76.5 0 4.044
1637199360 23.54 76.81 0 4.044
1637199420 23.5 76.81 0 4.044
1637199480 23.51 76.68 0 4.044
1637199540 23.6 76.09 0 4.044
1637199600 23.65 76.4 0 4.044
1637199660 23.67 76.29 0 4.044
1637199720 23.71 75.96 0 4.044
1637199780 23.75 75.96 0 4.044
1637199840 23.75 76.27 0 4.044
1637199900 23.8 76.21 0 4.044
1637199960 23.75 76.91 0 4.044
1637200020 23.75 77.22 0 4.044
1637200080 23.71 77.14 0 4.044
1637200140 23.67 75.99 0 4.044
1637200200 23.68 76.18 0 4.044
1637200260 23.7 75.16 0 4.044
1637200320 23.68 75.66 0 4.044
1637200380 23.67 76.43 0 4.044
1637200440 23.65 76.22 0 4.044
1637200500 23.61 75.79 0 4.044
1637200560 23.63 75.66 0 4.044
1637200620 23.64 75.17 0 4.044
1637200680 23.68 74.72 0 4.044
1637200740 23.67 73.89 0 4.044
1637200800 23.74 73.47 0 4.044
1637200860 23.81 72.92 0 4.044
1637200920 23.85 73.16 0 4.044
1637200980 23.82 73.4 0 4.044
1637201040 23.82 73.44 0 4.044
1637201100 23.82 73.15 0 4.044
1637201160 23.82 72.79 0 4.044
1637201220 23.8 73.52 0 4.044
1637201280 23.8 73.23 0 4.044
1637201340 23.8 72.94 0 4.044
1637201400 23.8 72.93 0 4.044
1637201460 23.77 72.82 0 4.044
1637201520 23.75 72.68 0 4.044
1637201580 23.77 72.18 0 4.044
1637201640 23.77 72.69 0 4.044
1637201700 23.75 72.68 0 4.044
1637201760 23.74 72.48 0 4.049
1637201820 23.75 72.15 0 4.044
1637201880 23.74 72.58 0 4.044
1637201940 23.72 72.37 0 4.044
1637202000 23.71 72.87 0 4.044
1637202060 23.67 73.1 0 4.044
1637202120 23.61 73.29 0 4.044
1637202180 23.61 73.52 0 4.044
1637202240 23.61 73.85 0 4.044
1637202300 23.59 74.23 0 4.044
1637202360 23.59 74.29 0 4.044
1637202420 23.59 73.8 0 4.044
1637202480 23.61 73.29 0 4.044
1637202540 23.63 73.07 0 4.044
1637202600 23.63 73.04 0 4.044
1637202660 23.63 73.43 0 4.049
1637202720 23.61 73.51 0 4.044
1637202780 23.59 73.5 0 4.044
1637202840 23.57 73.63 0 4.044
1637202900 23.6 73.41 0 4.044
1637202960 23.6 73.59 0 4.044
1637203020 23.59 73.04 0 4.039
1637203080 23.59 73.02 0 4.044
1637203140 23.6 73.24 0 4.044
1637203200 23.56 73.25 0 4.039
1637203260 23.51 73.03 0 4.044
1637203320 23.53 73.52 0 4.044
1637203380 23.53 73.67 0 4.044
1637203440 23.49 73.36 0 4.044
1637203500 23.44 73 0 4.044
1637203560 23.4 73.05 0 4.044
1637203620 23.33 72.65 0 4.044
1637203680 23.26 73.14 0 4.044
1637203740 23.23 73.06 0 4.044
1637203800 23.24 72.87 0 4.044
1637203860 23.26 73.08 0 4.044
1637203920 23.22 72.84 0 4.044
1637203980 23.23 73.16 0 4.044
1637204040 23.23 73.23 0 4.044
1637204100 23.19 73.17 0 4.044
1637204160 23.2 73.47 0 4.044
1637204220 23.22 73.5 0 4.044
1637204280 23.2 74.03 0 4.044
1637204340 23.22 74.42 0 4.044
1637204400 23.17 74.67 0 4.044
1637204460 23.17 73.73 0 4.039
1637204520 23.13 73.7 0 4.044
1637204580 23.08 73.84 0 4.044
1637204640 23.05 73.96 0 4.044
1637204700 23.03 74.61 0 4.044
1637204760 23.01 74.84 0 4.044
1637204820 22.99 75.03 0 4.044
1637204880 22.99 74.99 0 4.039
1637204940 23.01 74.87 0 4.039
1637205000 23.03 74.74 0 4.044
1637205060 23.02 74.7 0 4.044
1637205120 23.03 75.21 0 4.044
1637205180 23.06 74.9 0 4.044
1637205240 23.02 74.78 0 4.044
1637205300 23.05 74.76 0 4.044
1637205360 23.06 74.63 0 4.044
1637205420 23.08 74.75 0 4.044
1637205480 23.12 74.73 0 4.039
1637205540 23.12 74.67 0 4.044
1637205600 23.09 74.8 0 4.044
1637205660 23.09 75.16 0 4.044
1637205720 23.03 75.55 0 4.044
1637205780 23.08 75.35 0 4.044
1637205840 23.02 75.54 0 4.044
1637205900 23.01 75.49 0 4.044
1637205960 22.98 76.28 0 4.044
1637206020 22.98 77.11 0 4.044
1637206080 22.92 77.71 0 4.044
1637206140 22.89 78.22 0 4.039
1637206200 22.85 78.56 0 4.044
1637206260 22.86 78 0 4.044
1637206320 22.79 77.37 0 4.044
1637206380 22.78 74.36 0 4.044
1637206440 22.85 74.27 0 4.044
1637206500 22.84 74.19 0 4.044
1637206560 22.82 74.09 0 4.044
1637206620 22.82 73.45 0 4.044
1637206680 22.81 73.73 0 4.044
1637206740 22.79 73.41 0 4.039
1637206800 22.78 73.23 0 4.039
1637206860 22.79 73.47 0 4.044
1637206920 22.75 73.43 0 4.044
1637206980 22.79 72.98 0 4.039
1637207040 22.81 72.9 0 4.039
1637207100 22.78 72.84 0 4.044
1637207160 22.81 72.7 0 4.044
1637207220 22.81 72.75 0 4.044
1637207280 22.79 72.9 0 4.044
1637207340 22.78 72.78 0 4.044
1637207400 22.79 72.78 0 4.039
1637207460 22.81 72.73 0 4.044
1637207520 22.75 72.41 0 4.044
1637207580 22.75 72.27 0 4.044
1637207640 22.76 72.52 0 4.039
1637207700 22.75 72.79 0 4.044
1637207760 22.75 72.92 0 4.039
1637207820 22.75 73.09 0 4.044
1637207880 22.72 73.15 0 4.044
1637207940 22.72 73.12 0 4.044
1637208000 22.75 73.13 0 4.039
1637208060 22.78 73.08 0 4.044
1637208120 22.84 73.23 0 4.044
1637208180 22.85 72.99 0 4.044
1637208240 22.84 73.15 0 4.044
1637208300 22.84 72.86 0 4.044
1637208360 22.79 73.29 0 4.039
1637208420 22.81 73.27 0 4.039
1637208480 22.78 73.4 0 4.044
1637208540 22.75 73.69 0 4.039
1637208600 22.68 73.92 0 4.039
1637208660 22.62 74.13 0 4.044
1637208720 22.62 74.3 0 4.039
1637208780 22.59 74.84 0 4.039
1637208840 22.54 75.08 0 4.039
1637208900 22.54 76.91 0 4.039
1637208960 22.44 79.38 0 4.039
1637209020 22.38 79.76 0 4.039
1637209080 22.3 78.51 0 4.044
1637209140 22.28 76.94 0 4.039
1637209200 22.24 77.45 0 4.044
1637209260 22.23 77.41 0 4.044
1637209320 22.16 77.38 0 4.039
1637209380 22.14 77.32 0 4.044
1637209440 22.08 77.56 0 4.039
1637209500 22.08 77.48 0 4.039
1637209560 22.04 77.79 0 4.039
1637209620 22.01 76.79 0 4.039
1637209680 22.03 76.24 0 4.039
1637209740 22 76.05 0 4.039
1637209800 21.97 76.59 0 4.039
1637209860 21.9 76.79 0 4.039
1637209920 21.83 77.33 0 4.039
1637209980 21.76 77.89 0 4.039
1637210040 21.75 77.94 0 4.039
1637210100 21.68 77.96 0 4.044
1637210160 21.66 78.2 0 4.039
1637210220 21.6 78.91 0 4.039
1637210280 21.59 79.01 0 4.039
1637210340 21.59 80.84 0 4.039
1637210400 21.56 81.54 0 4.039
1637210460 21.55 82.04 0 4.039
1637210520 21.49 81.83 0 4.039
1637210580 21.46 82.23 0 4.039
1637210640 21.42 82.12 0 4.039
1637210700 21.39 79.37 0 4.039
1637210760 21.44 79.55 0 4.039
1637210820 21.46 78.34 0 4.039
1637210880 21.49 79.23 0 4.039
1637210940 21.49 78.83 0 4.039
1637211000 21.49 79.65 0 4.044
1637211060 21.46 79.14 0 4.039
1637211120 21.48 79.2 0 4.039
1637211180 21.53 78.38 0 4.039
1637211240 21.58 77.84 0 4.039
1637211300 21.62 77.77 0 4.039
1637211360 21.66 78.18 0 4.039
1637211420 21.75 79.25 0 4.044
1637211480 21.69 78.86 0 4.039
1637211540 21.69 79.89 0 4.039
