1639112400 23.32 78.45 0 4.044
1639112460 23.32 78.54 0 4.039
1639112520 23.29 78.61 0 4.039
1639112580 23.26 78.65 0 4.039
1639112640 23.29 78.55 0 4.044
1639112700 23.27 78.87 0 4.039
1639112760 23.27 78.89 0 4.039
1639112820 23.23 78.73 0 4.039
1639112880 23.24 78.95 0 4.044
1639112940 23.24 79.19 0 4.044
1639113000 23.22 79.36 0 4.039
1639113060 23.2 79.33 0 4.039
1639113120 23.22 79.94 0 4.039
1639113180 23.14 79.63 0 4.039
1639113240 23.16 79.81 0 4.044
1639113300 23.14 80.24 0 4.044
1639113360 23.13 79.37 0 4.044
1639113420 23.13 79.3 0 4.039
1639113480 23.13 79 0 4.039
1639113540 23.13 79.09 0 4.039
1639113600 23.14 78.93 0 4.044
1639113660 23.24 79.59 0 4.044
1639113720 23.17 80.15 0 4.044
1639113780 23.12 80.3 0 4.039
1639113840 23.12 80.53 0 4.044
1639113900 23.1 80.71 0 4.039
1639113960 23.1 80.86 0 4.039
1639114020 23.1 81.19 0 4.039
1639114080 23.06 81.49 0 4.044
1639114140 23.08 81.3 0 4.044
1639114200 23.06 81.2 0 4.044
1639114260 23.1 81.26 0 4.039
1639114320 23.1 81.08 0 4.039
1639114380 23.08 81.42 0 4.044
1639114440 23.08 81.6 0 4.044
1639114500 23.14 80.71 0 4.039
1639114560 23.2 81 0 4.044
1639114620 23.19 81.29 0 4.039
1639114680 23.1 81.43 0 4.044
1639114740 23.05 81.51 0 4.039
1639114800 23.02 81.58 0 4.039
1639114860 23.03 81.7 0 4.044
1639114920 22.98 82.08 0 4.044
1639114980 22.93 82.29 0 4.039
1639115040 22.91 82.38 0 4.039
1639115100 22.91 82.54 0 4.044
1639115160 22.92 82.76 0 4.039
1639115220 22.91 82.87 0 4.044
1639115280 22.86 82.48 0 4.039
1639115340 22.89 82.83 0 4.039
1639115400 22.86 83.09 0 4.039
1639115460 22.84 83.19 0 4.039
1639115520 22.81 82.9 0 4.039
1639115580 22.84 82.69 0 4.039
1639115640 22.85 83.17 0 4.039
1639115700 22.81 82.54 0 4.044
1639115760 22.82 82.36 0 4.039
1639115820 22.84 82.96 0 4.039
1639115880 22.84 83.63 0 4.039
1639115940 22.85 84.08 0 4.039
1639116000 22.88 83.98 0 4.044
1639116060 22.86 83.6 0 4.039
1639116120 22.88 83.78 0 4.044
1639116180 22.88 83.36 0 4.039
1639116240 22.86 83.39 0 4.039
1639116300 22.86 83.63 0 4.039
1639116360 22.88 83.51 0 4.039
1639116420 22.81 83.58 0 4.044
1639116480 22.81 83.64 0 4.039
1639116540 22.76 83.71 0 4.039
1639116600 22.78 83.62 0 4.039
1639115760 22.82 82.36 0 4.039
1639115820 22.84 82.96 0 4.039
1639115880 22.84 83.63 0 4.039
1639115940 22.85 84.08 0 4.039
1639116000 22.88 83.98 0 4.044
1639116060 22.86 83.6 0 4.039
1639116120 22.88 83.78 0 4.044
1639116180 22.88 83.36 0 4.039
1639116240 22.86 83.39 0 4.039
1639116300 22.86 83.63 0 4.039
1639116360 22.88 83.51 0 4.039
1639116420 22.81 83.58 0 4.044
1639116480 22.81 83.64 0 4.039
1639116540 22.76 83.71 0 4.039
1639116600 22.78 83.62 0 4.039
1639116660 22.81 83.67 0 4.039
1639116720 22.78 83.67 0 4.039
1639116780 22.79 83.91 0 4.044
1639116840 22.78 84.34 0 4.044
1639116900 22.75 84.12 0 4.039
1639116960 22.75 84.1 0 4.039
1639117020 22.72 84.37 0 4.039
1639117080 22.71 84.48 0 4.039
1639117140 22.71 84.37 0 4.039
1639117200 22.66 84.35 0 4.039
1639117260 22.69 84.43 0 4.039
1639117320 22.68 84.32 0 4.039
1639117380 22.65 84.32 0 4.039
1639117440 22.65 84.4 0 4.039
1639117500 22.64 84.41 0 4.039
1639117560 22.64 84.64 0 4.039
1639117620 22.65 84.69 0 4.039
1639117680 22.62 85 0 4.039
1639117740 22.62 85.02 0 4.039
1639117800 22.61 84.91 0 4.039
1639117860 22.62 84.99 0 4.039
1639117920 22.59 84.94 0 4.039
1639117980 22.61 84.78 0 4.039
1639118040 22.57 84.66 0 4.039
1639118100 22.59 84.59 0 4.039
1639118160 22.58 84.63 0 4.039
1639118220 22.57 84.61 0 4.039
1639118280 22.55 84.66 0 4.039
1639118340 22.52 84.76 0 4.039
1639118400 22.54 84.97 0 4.039
1639118460 22.52 85.21 0 4.039
1639118520 22.52 85.45 0 4.039
1639118580 22.52 85.35 0 4.039
1639118640 22.48 85.02 0 4.039
1639118700 22.5 84.96 0 4.039
1639118760 22.54 85.19 0 4.039
1639118820 22.59 84.82 0 4.039
1639118880 22.61 84.39 0 4.033
1639118940 22.61 84.24 0 4.039
1639119000 22.64 84.47 0 4.039
1639119060 22.61 84.07 0 4.039
1639119120 22.65 84.42 0 4.039
1639119180 22.64 84.92 0 4.039
1639119240 22.62 84.9 0 4.039
1639119300 22.59 84.98 0 4.039
1639119360 22.59 85.24 0 4.039
1639119420 22.59 84.93 0 4.039
1639119480 22.58 84.9 0 4.039
1639119540 22.5 83.34 0 4.039
1639119600 22.51 83.54 0 4.039
1639119660 22.57 83.57 0 4.033
1639119720 22.55 83.97 0 4.039
1639119780 22.57 84.23 0 4.039
1639119840 22.57 83.87 0 4.039
1639119900 22.55 83.98 0 4.039
1639119960 22.55 83.96 0 4.039
1639120020 22.57 84.46 0 4.039
1639120080 22.57 84.77 0 4.039
1639120140 22.55 85.21 0 4.039
1639120200 22.54 85.14 0 4.039
1639120260 22.52 85.29 0 4.039
1639120320 22.52 85.6 0 4.039
1639120380 22.5 85.63 0 4.039
1639120440 22.5 85.85 0 4.039
1639120500 22.48 85.87 0 4.039
1639120560 22.47 86.08 0 4.039
1639120620 22.44 85.94 0 4.039
1639120680 22.44 85.29 0 4.039
1639120740 22.45 84.78 0 4.039
1639120800 22.48 84.5 0 4.039
1639120860 22.5 84.86 0 4.039
1639120920 22.54 84.84 0 4.039
1639120980 22.51 84.91 0 4.039
1639121040 22.57 85.23 0 4.039
1639121100 22.55 85.53 0 4.039
1639121160 22.57 85.86 0 4.039
1639121220 22.54 85.87 0 4.039
1639121280 22.48 85.67 0 4.039
1639121340 22.52 85.34 0 4.039
1639121400 22.5 85.06 0 4.039
1639121460 22.54 85.29 0 4.033
1639121520 22.57 85.12 0 4.039
1639121580 22.57 85 0 4.033
1639121640 22.58 85.09 0 4.039
1639121700 22.58 85.06 0 4.039
1639121760 22.59 85.44 0 4.039
1639121820 22.58 85.54 0 4.039
1639121880 22.57 85.21 0 4.039
1639121940 22.61 85.41 0 4.039
1639122000 22.58 85.8 0 4.039
1639122060 22.5 84.39 0 4.039
1639122120 22.48 84.37 0 4.039
1639122180 22.45 84.57 0 4.039
1639122240 22.44 85.26 0 4.039
1639122300 22.35 83.59 0 4.039
1639122360 22.37 82.99 0 4.039
1639122420 22.34 82.65 0 4.039
1639122480 22.33 81.66 0 4.039
1639122540 22.34 80.85 0 4.039
1639122600 22.4 80.42 0 4.039
1639122660 22.44 80.06 0 4.033
1639122720 22.47 79.64 0 4.039
1639122780 22.43 80.89 0 4.039
1639122840 22.37 81.43 0 4.039
1639122900 22.34 81.44 0 4.039
1639122960 22.4 81.37 0 4.039
1639123020 22.44 81.4 0 4.039
1639123080 22.45 81.2 0 4.039
1639123140 22.45 81.12 0 4.039
1639123200 22.45 81.51 0 4.039
1639123260 22.45 81.01 0 4.033
1639123320 22.48 81.51 0 4.033
1639123380 22.44 81.92 0 4.039
1639123440 22.44 82.53 0 4.039
1639123500 22.45 82.46 0 4.039
1639123560 22.45 82.33 0 4.039
1639123620 22.44 82.16 0 4.039
1639123680 22.47 82.27 0 4.033
1639123740 22.44 82.18 0 4.039
1639123800 22.44 82.38 0 4.039
1639123860 22.44 82.7 0 4.039
1639123920 22.44 83.1 0 4.039
1639123980 22.43 83.6 0 4.039
1639124040 22.38 83.7 0 4.039
1639124100 22.4 84.33 0 4.039
1639124160 22.38 85.04 0 4.039
1639124220 22.37 85.84 0 4.033
1639124280 22.34 86 0 4.033
1639124340 22.34 85.96 0 4.039
1639124400 22.27 85.41 0 4.039
1639124460 22.23 85.47 0 4.039
1639124520 22.23 85.64 0 4.039
1639124580 22.23 85.88 0 4.033
1639124640 22.23 85.45 0 4.039
1639124700 22.27 86.22 0 4.033
1639124760 22.17 84.53 0 4.039
1639124820 22.23 85.45 0 4.033
1639124880 22.26 84.66 0 4.039
1639124940 22.31 85.2 0 4.033
1639125000 22.23 84.32 0 4.039
1639125060 22.23 84.54 0 4.033
1639125120 22.24 84.98 0 4.033
1639125180 22.23 84.85 0 4.039
1639125240 22.23 84.88 0 4.039
1639125300 22.23 84.97 0 4.039
1639125360 22.18 84.71 0 4.039
1639125420 22.14 84.33 0 4.039
1639125480 22.18 84.28 0 4.033
1639125540 22.18 84.68 0 4.033
1639125600 22.17 84.46 0 4.039
1639125660 22.18 84.96 0 4.033
1639125720 22.18 84.32 0 4.039
1639125780 22.21 84.99 0 4.033
1639125840 22.23 85.74 0 4.039
1639125900 22.21 86.26 0 4.033
1639125960 22.23 86.61 0 4.039
1639126020 22.2 86.66 0 4.033
1639126080 22.14 86.29 0 4.033
1639126140 22.17 86.41 0 4.033
1639126200 22.16 86.6 0 4.033
1639126260 22.14 86.75 0 4.033
1639126320 22.14 87 0 4.033
1639126380 22.08 87.08 0 4.039
1639126440 22.06 87.13 0 4.033
1639126500 22.07 87.24 0 4.033
1639126560 22.07 87.09 0 4.033
1639126620 22.08 87.35 0 4.033
1639126680 22.03 87.5 0 4.033
1639126740 21.99 87.31 0 4.039
1639126800 21.97 87.26 0 4.033
1639126860 21.99 87.18 0 4.033
1639126920 21.97 87.24 0 4.033
1639126980 22.01 87.4 0 4.033
1639127040 21.99 87.38 0 4.039
1639127100 22 87.55 0 4.039
1639127160 22.04 87.7 0 4.033
1639127220 22.07 87.87 0 4.033
1639127280 22.06 87.59 0 4.033
1639127340 22.11 87.26 0 4.033
1639127400 22.18 86.82 0 4.039
1639127460 22.18 86.79 0 4.033
1639127520 22.24 86.65 0 4.033
1639127580 22.2 86.5 0 4.033
1639127640 22.21 86.54 0 4.039
1639127700 22.2 86.48 0 4.033
1639127760 22.23 86.64 0 4.033
1639127820 22.2 86.61 0 4.033
1639127880 22.17 86.27 0 4.033
1639127940 22.18 86.28 0 4.033
1639128000 22.17 86.25 0 4.033
1639128060 22.16 86.28 0 4.033
1639128120 22.13 85.81 0 4.033
1639128180 22.1 86.08 0 4.039
1639128240 22.08 85.53 0 4.033
1639128300 22.01 85.62 0 4.033
1639128360 21.99 86.05 0 4.033
1639128420 22 86.11 0 4.033
1639128480 21.97 86.05 0 4.033
1639128540 21.99 86.42 0 4.033
1639128600 22 86.45 0 4.033
1639128660 21.96 86.28 0 4.033
1639128720 22.04 86.81 0 4.033
1639128780 22 86.85 0 4.033
1639128840 22.01 87.01 0 4.033
1639128900 22.03 87.06 0 4.033
1639128960 22 87.12 0 4.033
1639129020 22.04 87.33 0 4.033
1639129080 22.03 87.5 0 4.033
1639129140 22.01 87.46 0 4.033
1639129200 21.97 87.68 0 4.033
1639129260 21.99 87.74 0 4.033
1639129320 21.99 87.88 0 4.033
1639129380 21.93 88.06 0 4.033
1639129440 21.92 88.36 0 4.033
1639129500 21.87 88.56 0 4.033
1639129560 21.86 88.78 0 4.033
1639129620 21.86 88.92 0 4.033
1639129680 21.9 88.67 0 4.039
1639129740 21.85 88.53 0 4.033
1639129800 21.87 88.87 0 4.033
1639129860 21.89 88.81 0 4.033
1639129920 21.85 88.82 0 4.033
1639129980 21.83 88.92 0 4.033
1639130040 21.82 89.05 0 4.033
1639130100 21.83 89.12 0 4.033
1639130160 21.8 89.4 0 4.033
1639130220 21.8 89.52 0 4.039
1639130280 21.76 89.55 0 4.033
1639130340 21.76 89.7 0 4.033
1639130400 21.75 89.58 0 4.033
1639130460 21.72 89.6 0 4.033
1639130520 21.73 89.84 0 4.033
1639130580 21.71 89.9 0 4.033
1639130640 21.66 89.75 0 4.033
1639130700 21.59 89.9 0 4.033
1639130760 21.52 90.14 0 4.033
1639130820 21.49 90.27 0 4.033
1639130880 21.49 90.45 0 4.039
1639130940 21.46 90.6 0 4.033
1639131000 21.5 90.7 0 4.033
1639131060 21.46 90.69 0 4.033
1639131120 21.5 90.7 0 4.033
1639131180 21.48 90.69 0 4.039
1639131240 21.52 90.78 0 4.033
1639131300 21.52 90.73 0 4.033
1639131360 21.53 90.76 0 4.033
1639131420 21.55 90.81 0 4.033
1639131480 21.52 90.94 0 4.033
1639131540 21.5 90.88 0 4.033
1639131600 21.52 90.92 0 4.033
1639131660 21.53 90.9 0 4.033
1639131720 21.53 90.76 0 4.033
1639131780 21.52 90.66 0 4.033
1639131840 21.58 90.59 0 4.033
1639131900 21.59 90.34 0 4.033
1639131960 21.59 90.44 0 4.033
1639132020 21.59 90.55 0 4.033
1639132080 21.62 90.48 0 4.033
1639132140 21.59 90.55 0 4.033
1639132200 21.56 90.54 0 4.033
1639132260 21.58 90.56 0 4.033
1639132320 21.56 90.47 0 4.033
1639132380 21.55 90.35 0 4.033
1639132440 21.58 90.16 0 4.033
1639132500 21.6 90.13 0 4.033
1639132560 21.62 89.67 0 4.033
1639132620 21.66 89.69 0 4.033
1639132680 21.68 89.95 0 4.033
1639132740 21.71 89.95 0 4.033
1639132800 21.63 90.06 0 4.033
1639132860 21.6 90.2 0 4.033
1639132920 21.56 90.38 0 4.033
1639132980 21.52 90.52 0 4.033
1639133040 21.48 90.71 0 4.033
1639133100 21.45 90.95 0 4.033
1639133160 21.42 90.94 0 4.033
1639133220 21.38 91.03 0 4.033
1639133280 21.34 91.17 0 4.033
1639133340 21.37 91.05 0 4.033
1639133400 21.41 90.89 0 4.033
1639133460 21.38 90.68 0 4.033
1639133520 21.35 90.87 0 4.033
1639133580 21.34 90.84 0 4.033
1639133640 21.28 91.27 0 4.033
1639133700 21.2 91.27 0 4.033
1639133760 21.18 91.58 0 4.033
1639133820 21.21 91.65 0 4.033
1639133880 21.2 91.44 0 4.033
1639133940 21.17 91.55 0 4.033
1639134000 21.18 91.8 0 4.033
1639134060 21.17 91.95 0 4.033
1639134120 21.08 91.52 0 4.033
1639134180 21.01 91.55 0 4.033
1639134240 21.04 91.71 0 4.033
1639134300 21.01 91.65 0 4.033
1639134360 20.95 91.59 0 4.033
1639134420 20.95 91.69 0 4.033
1639134480 20.91 91.6 0 4.033
1639134540 20.8 90.83 0 4.033
1639134600 20.7 89.33 0 4.033
1639134660 20.74 89.93 0 4.033
1639134720 20.77 89.84 0 4.028
1639134780 20.8 90.53 0 4.033
1639134840 20.81 90.94 0 4.033
1639134900 20.76 90.92 0 4.033
1639134960 20.71 90.93 0 4.033
1639135020 20.67 91.17 0 4.033
1639135080 20.71 91.47 0 4.033
1639135140 20.71 91.29 0 4.028
1639135200 20.73 91.39 0 4.033
1639135260 20.71 91.02 0 4.028
1639135320 20.73 90.96 0 4.028
1639135380 20.66 90.37 0 4.033
1639135440 20.66 90.29 0 4.033
1639135500 20.63 88.06 0 4.033
1639135560 20.67 85.97 0 4.033
1639135620 20.81 84.21 0 4.033
1639135680 20.97 82.27 0 4.033
1639135740 21.02 82.21 0 4.033
1639135800 21.1 82.5 0 4.033
1639135860 21.04 83.36 0 4.033
1639135920 21.08 85.34 0 4.033
1639135980 21.04 87.62 0 4.033
1639136040 20.95 88.62 0 4.033
1639136100 20.83 88.05 0 4.033
1639136160 20.77 85.33 0 4.033
1639136220 20.91 84.55 0 4.033
1639136280 20.97 84.24 0 4.033
1639136340 21 83.54 0 4.033
1639136400 21.04 82.53 0 4.033
1639136460 21.07 83.5 0 4.033
1639136520 21.1 84.11 4 4.033
1639136580 21.04 82.24 4 4.033
1639136640 21.08 81.74 4 4.033
1639136700 21.11 82.69 4 4.033
1639136760 21.1 82.9 4 4.028
1639136820 21.11 83.67 4 4.028
1639136880 21.04 82.69 4 4.033
1639136940 21.07 82.67 4 4.033
1639137000 21.11 82.31 4 4.033
1639137060 21.17 83.56 4 4.028
1639137120 21.17 85.59 4 4.028
1639137180 21.08 86.59 4 4.033
1639137240 21.01 87.42 4 4.033
1639137300 20.97 87.5 4 4.033
1639137360 20.93 87.75 4 4.033
1639137420 20.91 88.02 4 4.028
1639137480 20.89 88.24 4 4.033
1639137540 20.84 88.35 4 4.033
1639137600 20.87 88.51 4 4.033
1639137660 20.83 88.72 10 4.033
1639137720 20.83 88.68 10 4.028
1639137780 20.8 88.9 10 4.033
1639137840 20.81 89.15 10 4.033
1639137900 20.81 89.29 16 4.033
1639137960 20.79 89.28 16 4.033
1639138020 20.79 89.3 22 4.033
1639138080 20.79 89.29 22 4.033
1639138140 20.81 89.38 22 4.033
1639138200 20.83 88.83 22 4.033
1639138260 20.8 88.38 22 4.028
1639138320 20.79 88.22 28 4.033
1639138380 20.81 88.42 28 4.033
1639138440 20.87 88.62 28 4.033
1639138500 20.86 88.58 34 4.033
1639138560 20.86 88.63 34 4.033
1639138620 20.84 88.61 34 4.028
1639138680 20.81 88.74 34 4.028
1639138740 20.83 88.76 34 4.033
1639138800 20.81 88.88 40 4.033
1639138860 20.79 88.74 40 4.028
1639138920 20.79 88.76 40 4.028
1639138980 20.79 88.35 46 4.033
1639139040 20.79 88.15 46 4.028
1639139100 20.77 87.83 46 4.028
1639139160 20.87 87.42 46 4.033
1639139220 20.91 87.93 46 4.033
1639139280 20.98 88.04 40 4.028
1639139340 20.97 87.96 40 4.033
1639139400 21 87.96 40 4.028
1639139460 20.98 87.9 40 4.028
1639139520 21.01 88.02 40 4.033
1639139580 21.01 87.86 40 4.028
1639139640 21.04 87.51 46 4.028
1639139700 21.12 87.39 46 4.028
1639139760 21.08 86.99 46 4.028
1639139820 21 86.93 52 4.028
1639139880 21.01 86.54 52 4.033
1639139940 21 86.96 58 4.033
1639140000 20.98 86.95 64 4.028
1639140060 21.01 87.33 70 4.028
1639140120 21.04 87.52 70 4.033
1639140180 21.1 87.61 76 4.028
1639140240 21.1 87.57 76 4.033
1639140300 21.1 87.71 82 4.028
1639140360 21.1 88.02 99 4.028
1639140420 21.18 87.94 105 4.028
1639140480 21.15 87.67 99 4.028
1639140540 21.2 86.75 111 4.028
1639140600 21.32 86.52 105 4.028
1639140660 21.45 86.28 99 4.028
1639140720 21.6 85.83 99 4.028
1639140780 21.76 85.44 99 4.028
1639140840 21.73 84.9 99 4.028
1639140900 21.72 85.32 99 4.028
1639140960 21.87 85.1 99 4.033
1639141020 22.01 84.72 105 4.028
1639141080 22.07 84.62 93 4.028
1639141140 22.17 84.35 82 4.028
1639141200 22.28 84.16 76 4.028
1639141260 22.33 83.39 76 4.028
1639141320 22.38 83.58 82 4.028
1639141380 22.45 83.32 82 4.028
1639141440 22.48 82.97 82 4.028
1639141500 22.43 83.16 88 4.028
1639141560 22.2 83.27 82 4.028
1639141620 22.07 83.68 76 4.033
1639141680 21.95 83.85 76 4.028
1639141740 21.85 84.24 76 4.028
1639141800 21.82 84.54 76 4.028
1639141860 21.82 84.65 82 4.028
1639141920 21.83 84.54 82 4.028
1639141980 21.87 84.35 82 4.028
1639142040 21.93 84.1 88 4.028
1639142100 21.95 83.79 88 4.028
1639142160 21.99 84.09 93 4.028
1639142220 22.1 83.96 105 4.028
1639142280 22.2 83.75 129 4.033
1639142340 22.28 83.52 147 4.028
1639142400 22.34 83.64 147 4.033
1639142460 22.37 83.33 165 4.033
1639142520 22.4 83.14 183 4.033
1639142580 22.5 82.31 230 4.033
1639142640 22.78 81.85 230 4.033
1639142700 22.86 79.54 248 4.033
1639142760 22.75 80.84 236 4.033
1639142820 22.79 80.55 230 4.033
1639142880 22.82 79.49 230 4.039
1639142940 22.86 79.28 242 4.033
1639143000 23.05 78.72 254 4.033
1639143060 23.06 78.38 260 4.033
1639143120 23.08 77.08 278 4.033
1639143180 23.17 78.05 272 4.033
1639143240 23.49 77.87 284 4.039
1639143300 23.87 76.38 296 4.039
1639143360 23.78 75.75 308 4.033
1639143420 23.77 76.35 319 4.039
1639143480 23.81 76.18 319 4.039
1639143540 23.74 76.84 308 4.039
1639143600 23.61 76.39 313 4.033
1639143660 23.39 74.05 308 4.039
1639143720 23.36 73.7 314 4.039
1639143780 23.42 73.41 314 4.039
1639143840 23.39 71.29 337 4.039
1639143900 23.46 70.83 349 4.039
1639143960 23.57 70.63 355 4.044
1639144020 23.68 71.36 361 4.039
1639144080 23.87 71.36 361 4.039
1639144140 24.07 71.31 373 4.039
1639144200 24.25 69.64 391 4.044
1639144260 24.43 68.58 397 4.044
1639144320 24.48 69.25 397 4.044
1639144380 24.98 68.72 397 4.044
1639144440 25.51 66.09 403 4.044
1639144500 26.02 64.71 415 4.044
1639144560 26.13 65.63 421 4.044
1639144620 26.22 65.91 421 4.044
1639144680 26.43 64.44 421 4.049
1639144740 26.67 64.18 439 4.044
1639144800 26.81 64.63 445 4.049
1639144860 27.17 63.77 444 4.033
1639144920 27.5 63.23 450 4.033
1639144980 27.57 61.99 450 4.033
1639145040 27.43 62.32 462 4.033
1639145100 27.47 63.36 466 4.033
1639145160 27.33 62.41 468 4.033
1639145220 27.2 62.32 468 4.033
1639145280 27.29 62.2 474 4.033
1639145340 27.39 62.93 472 4.033
1639145400 27.34 61.92 468 4.033
1639145460 27.41 62.09 450 4.033
1639145520 27.56 62.04 462 4.033
1639145580 27.67 60.45 468 4.033
1639145640 27.65 61.48 448 4.033
1639145700 27.97 60.59 444 4.033
1639145760 27.77 60.1 439 4.044
1639145820 27.3 61.09 432 4.033
1639145880 27.71 60.42 480 4.033
1639145940 27.84 58.77 496 4.033
1639146000 27.6 60.57 496 4.028
1639146060 27.47 61.34 478 4.033
1639146120 27.74 59.31 502 4.028
1639146180 27.92 60.34 521 4.028
1639146240 28.23 59.04 533 4.028
1639146300 28.69 58.19 533 4.028
1639146360 29.08 56.41 543 4.033
1639146420 29.25 55.59 555 4.028
1639146480 28.76 55.59 549 4.028
1639146540 28.9 56.88 543 4.033
1639146600 28.74 58.08 555 4.028
1639146660 28.81 56.38 564 4.044
1639146720 28.77 56.71 558 4.044
1639146780 28.42 57.74 558 4.049
1639146840 28.5 58.16 522 4.044
1639146900 28.65 56.94 546 4.049
1639146960 28.25 56.61 540 4.049
1639147020 28.14 57.92 546 4.049
1639147080 28.25 57.05 540 4.049
1639147140 28.12 58.36 546 4.049
1639147200 28.19 57.93 558 4.055
1639147260 28.2 57.86 594 4.055
1639147320 28.14 57.51 618 4.055
1639147380 28.16 57.54 600 4.055
1639147440 28.53 58.53 624 4.055
1639147500 28.92 56.02 649 4.055
1639147560 28.46 57.32 667 4.055
1639147620 28.55 56.46 673 4.055
1639147680 28.31 57.22 308 4.044
1639147740 28.38 56.61 694 4.039
1639147800 28.11 57.26 688 4.039
1639147860 28.59 57.65 688 4.039
1639147920 28.74 56.56 700 4.039
1639147980 28.76 56.57 706 4.039
1639148040 28.73 56.98 706 4.039
1639148100 29.03 57.04 704 4.033
1639148160 29.21 55.78 710 4.033
1639148220 28.98 55.21 716 4.039
1639148280 28.9 56.4 740 4.039
1639148340 28.83 55.12 664 4.033
1639148400 28.97 54.3 734 4.033
1639148460 29.2 54.18 480 4.033
1639148520 29.24 54.78 740 4.033
1639148580 29.22 54 396 4.033
1639148640 29.24 53.56 674 4.033
1639148700 29.07 54.68 734 4.033
1639148760 29.38 53.38 746 4.033
1639148820 29.45 53.99 752 4.033
1639148880 29.51 54 740 4.033
1639148940 29.62 53.24 771 4.033
1639149000 29.42 53.64 775 4.033
1639149060 29.34 55.04 781 4.033
1639149120 29.55 53.81 805 4.033
1639149180 29.72 52.91 728 4.033
1639149240 29.82 51.6 508 4.033
1639149300 29.22 53.17 658 4.033
1639149360 29.28 53.44 829 4.033
1639149420 29.49 53.54 835 4.033
1639149480 29.49 53.73 355 4.033
1639149540 29.9 52.61 859 4.033
1639149600 29.79 52.1 870 4.033
1639149660 29.63 53.68 627 4.033
1639149720 30.04 53.64 302 4.039
1639149780 29.65 52.75 894 4.033
1639149840 29.48 53.49 900 4.033
1639149900 29.72 53.53 911 4.033
1639149960 30.04 51.79 930 4.033
1639150020 30.48 52.54 954 4.033
1639150080 30.6 50.63 971 4.033
1639150140 30.58 50.58 995 4.033
1639150200 30.82 50.78 1005 4.033
1639150260 30.71 50.17 1013 4.033
1639150320 31.35 48.36 1005 4.033
1639150380 31.56 47.89 1019 4.033
1639150440 31.83 47.28 1025 4.028
1639150500 31.84 46.67 1031 4.033
1639150560 31.87 48.03 1031 4.033
1639150620 31.51 51.9 1031 4.028
1639150680 31.32 54.48 1037 4.033
1639150740 30.72 56 1031 4.033
1639150800 30.79 53.83 1030 4.033
1639150860 30.37 54.67 1043 4.028
1639150920 30.34 54.65 1043 4.033
1639150980 30.31 55.36 1030 4.028
1639151040 30.41 55.37 1024 4.028
1639151100 30.35 55.24 1013 4.033
1639151160 29.98 56.76 1024 4.033
1639151220 30.04 57.45 769 4.028
1639151280 30.54 56.52 1030 4.028
1639151340 30.62 55.33 793 4.028
1639151400 30.96 53.44 917 4.028
1639151460 30.78 53.27 692 4.033
1639151520 30.57 53.62 987 4.028
1639151580 30.26 55.25 704 4.028
1639151640 29.75 56.85 828 4.028
1639151700 29.73 55.52 942 4.028
1639151760 29.9 56.19 941 4.028
1639151820 29.63 57.16 941 4.033
1639151880 29.99 55.84 965 4.033
1639151940 30.1 54.11 965 4.028
1639152000 30.16 55.91 965 4.028
1639152060 30.24 56.13 965 4.028
1639152120 29.42 55.41 977 4.028
1639152180 29.29 57.93 983 4.028
1639152240 28.63 58.97 989 4.028
1639152300 28.31 59.25 1007 4.028
1639152360 28.97 58.47 1017 4.028
1639152420 29.82 56.46 1024 4.028
1639152480 29.83 54.61 1024 4.028
1639152540 29.66 54.71 1036 4.028
1639152600 29.93 54.37 1054 4.028
1639152660 30.35 54.44 1060 4.028
1639152720 31.12 53.45 1082 4.033
1639152780 31.59 50.65 1100 4.028
1639152840 31.6 51.59 1118 4.028
1639152900 31.59 49.56 1165 4.028
1639152960 30.84 52.32 1037 4.028
1639153020 30.89 53.16 379 4.039
1639153080 31.12 51.85 373 4.039
1639153140 30.69 52 355 4.039
1639153200 30.58 52.79 349 4.039
1639153260 30.17 53.63 325 4.039
1639153320 29.77 54.19 296 4.039
1639153380 29.9 54 278 4.039
1639153440 29.92 54.98 254 4.039
1639153500 29.77 54.98 242 4.039
1639153560 29.58 55.25 224 4.033
1639153620 28.6 57.79 218 4.033
1639153680 27.83 59.21 224 4.039
1639153740 27.43 61.15 248 4.033
1639153800 27.34 61.38 290 4.039
1639153860 27.28 61.09 296 4.039
1639153920 27.23 61.94 272 4.039
1639153980 26.95 61.56 236 4.039
1639154040 26.86 62.86 195 4.039
1639154100 26.65 62.9 189 4.039
1639154160 26.64 63.61 195 4.039
1639154220 26.64 62.7 230 4.039
1639154280 26.81 62.54 320 4.039
1639154340 27.06 61.77 1084 4.033
1639154400 27.28 61.45 1066 4.033
1639154460 27.81 62.01 1072 4.033
1639154520 28.32 60.42 1090 4.033
1639154580 28.77 58.17 1096 4.033
1639154640 29.36 56.32 1090 4.033
1639154700 29.83 56.21 1090 4.033
1639154760 29.61 54.59 1099 4.065
1639154820 29.41 53.81 1106 4.071
1639154880 29.15 56.6 1124 4.071
1639154940 28.73 55.99 1150 4.076
1639155000 29.36 56.08 1174 4.076
1639155060 30.19 54.15 1200 4.082
1639155120 30.68 54.22 1212 4.082
1639155180 31.36 51.06 1212 4.082
1639155240 31.63 50.22 1176 4.082
1639155300 31.76 51.18 1158 4.082
1639155360 31.92 50.07 1024 4.055
1639155420 32.01 50.75 1142 4.049
1639155480 32.12 48.97 1171 4.049
1639155540 31.54 50.34 1123 4.044
1639155600 31.92 52.05 552 4.044
1639155660 31.74 50.93 1168 4.076
1639155720 31.53 49.36 1144 4.076
1639155780 31.13 50.09 1046 4.049
1639155840 31.29 51.36 278 4.044
1639155900 31.22 49.61 266 4.044
1639155960 31.05 52.07 355 4.044
1639156020 30.86 51.77 266 4.044
1639156080 30.44 51.6 272 4.044
1639156140 30.03 54.42 302 4.044
1639156200 29.87 53.53 296 4.044
1639156260 29.65 53.86 296 4.044
1639156320 29.39 53.87 308 4.044
1639156380 29.17 54.32 344 4.044
1639156440 29.17 54.95 415 4.044
1639156500 29.14 56.01 504 4.044
1639156560 29.24 55.33 498 4.039
1639156620 29.36 55.52 373 4.044
1639156680 29.21 55.27 344 4.044
1639156740 29.08 55.55 332 4.044
1639156800 29.04 55.61 355 4.044
1639156860 29.13 56.05 385 4.044
1639156920 29.32 55.28 355 4.039
1639156980 29.38 55.76 344 4.039
1639157040 29.44 55.68 349 4.044
1639157100 29.24 56.04 350 4.044
1639157160 28.89 57.68 361 4.044
1639157220 28.93 58.36 391 4.039
1639157280 28.89 58.07 605 4.044
1639157340 28.84 57.57 748 4.044
1639157400 28.81 58.05 933 4.044
1639157460 28.98 59.13 658 4.044
1639157520 28.92 57.34 1063 4.039
1639157580 29.14 58.89 331 4.044
1639157640 29.17 57.04 332 4.044
1639157700 29.47 55.95 337 4.039
1639157760 29.45 55.74 426 4.039
1639157820 29.44 55.69 1033 4.044
1639157880 29.47 54.43 1234 4.039
1639157940 29.63 55.05 1240 4.039
1639158000 30.09 53.24 1170 4.039
1639158060 30.41 52.12 367 4.039
1639158120 30.58 50.69 373 4.039
1639158180 30.41 51.71 432 4.039
1639158240 30.32 50.38 1145 4.039
1639158300 30.37 51.39 1359 4.039
1639158360 30.34 52.31 926 4.039
1639158420 30.88 51.61 557 4.039
1639158480 30.93 52.06 421 4.039
1639158540 30.55 53.07 391 4.044
1639158600 30.53 52.58 415 4.039
1639158660 30.47 52.65 450 4.039
1639158720 30.34 53.04 617 4.039
1639158780 30.2 52.61 736 4.039
1639158840 30.28 53.67 1204 4.039
1639158900 30.75 52 1347 4.039
1639158960 31.13 52.57 611 4.039
1639159020 31.18 53.46 533 4.039
1639159080 31.09 54.47 551 4.039
1639159140 30.88 51.95 831 4.039
1639159200 31.16 51.36 539 4.039
1639159260 31.43 50.36 505 4.049
1639159320 31.36 50.2 481 4.049
1639159380 31.25 50.72 457 4.049
1639159440 30.95 50.9 463 4.049
1639159500 30.55 52.03 656 4.06
1639159560 30.4 51.44 849 4.065
1639159620 30.26 52.45 493 4.06
1639159680 30.38 52.38 495 4.06
1639159740 30.19 52.33 596 4.06
1639159800 29.95 54.04 614 4.065
1639159860 30.07 53.73 578 4.065
1639159920 30.03 53.74 911 4.071
1639159980 30.41 52.26 602 4.065
1639160040 30.44 52.63 707 4.049
1639160100 30.34 51.7 576 4.049
1639160160 30.4 51.97 507 4.06
1639160220 30.55 51.88 614 4.06
1639160280 30.57 51.27 543 4.06
1639160340 30.32 52.67 525 4.06
1639160400 30.55 51.55 465 4.06
1639160460 30.34 52.36 501 4.06
1639160520 30.21 51.42 530 4.065
1639160580 30.14 53.47 573 4.065
1639160640 29.98 53.2 501 4.065
1639160700 29.89 53.82 585 4.071
1639160760 29.52 54.62 555 4.065
1639160820 29.63 54.83 537 4.071
1639160880 29.55 54.5 573 4.071
1639160940 29.71 54.57 694 4.071
1639161000 29.8 53.73 1549 4.055
1639161060 29.84 54.56 697 4.055
1639161120 30.47 53.31 624 4.049
1639161180 30.79 52.76 558 4.049
1639161240 30.55 51.73 540 4.049
1639161300 30.09 53.48 524 4.049
1639161360 29.41 55.3 528 4.049
1639161420 29.47 55.31 528 4.049
1639161480 29.39 56.25 534 4.049
1639161540 29.32 56.16 546 4.049
1639161600 29.62 54.19 618 4.049
1639161660 29.62 55.73 522 4.049
1639161720 29.15 55.4 487 4.055
1639161780 29.03 56.91 481 4.049
1639161840 29.29 56.61 534 4.049
1639161900 29.34 55.73 558 4.049
1639161960 29.15 56.16 493 4.049
1639162020 29.17 57 481 4.049
1639162080 29.26 55.9 481 4.049
1639162140 29.31 56.28 677 4.049
1639162200 29.26 55.91 719 4.049
1639162260 29.18 56.05 1338 4.049
1639162320 29.34 56.94 487 4.049
1639162380 29.56 56.37 480 4.049
1639162440 29.61 55.34 451 4.049
1639162500 29.41 55.85 451 4.044
1639162560 29.18 56.19 457 4.049
1639162620 29.08 56.8 451 4.049
1639162680 28.93 57.44 445 4.049
1639162740 28.94 56.67 415 4.049
1639162800 28.47 58.94 409 4.049
1639162860 28.63 58.27 441 4.06
1639162920 28.81 58.57 441 4.06
1639162980 28.98 57.38 513 4.065
1639163040 28.7 57.14 483 4.06
1639163100 28.96 57.21 435 4.06
1639163160 28.84 56.57 435 4.06
1639163220 28.36 58.35 429 4.06
1639163280 28.19 58.75 429 4.065
1639163340 28.36 57.9 429 4.065
1639163400 28.25 57.98 447 4.065
1639163460 28.42 58.35 459 4.065
1639163520 28.69 56.94 471 4.065
1639163580 28.38 57.62 495 4.065
1639163640 28.42 58.04 519 4.071
1639163700 28.6 57.66 1197 4.092
1639163760 28.92 57.15 894 4.087
1639163820 29 57.12 573 4.071
1639163880 29.24 55.98 551 4.071
1639163940 29.47 55.63 543 4.076
1639164000 29.61 54.22 543 4.076
1639164060 29.53 54.5 551 4.076
1639164120 29.68 53.84 543 4.076
1639164180 29.69 55.48 587 4.076
1639164240 29.69 55.33 490 4.071
1639164300 29.82 53.76 472 4.071
1639164360 29.71 53.85 466 4.076
1639164420 29.36 54.93 460 4.071
1639164480 29.24 55.68 466 4.071
1639164540 29.28 54.99 460 4.071
1639164600 29.15 56.05 448 4.071
1639164660 29.07 56.86 430 4.071
1639164720 29.17 56.5 411 4.06
1639164780 28.97 57.02 405 4.06
1639164840 29.04 56.03 411 4.06
1639164900 28.77 56.55 405 4.06
1639164960 28.86 56.14 405 4.06
1639165020 28.78 57.27 399 4.055
1639165080 28.73 56.63 399 4.055
1639165140 28.74 56.32 411 4.06
1639165200 28.83 57.49 435 4.055
1639165260 28.94 56.22 471 4.06
1639165320 28.94 56.99 948 4.06
1639165380 28.96 56.76 548 4.055
1639165440 29.15 55.28 1108 4.06
1639165500 29.29 56.35 1121 4.06
1639165560 29.34 57.15 743 4.055
1639165620 29.77 56.56 947 4.055
1639165680 30.09 54.24 624 4.055
1639165740 30.17 54.27 536 4.055
1639165800 29.96 54.06 618 4.055
1639165860 30.14 54.65 673 4.055
1639165920 30.1 53.83 518 4.055
1639165980 29.75 55.21 530 4.055
1639166040 29.79 54.33 1305 4.055
1639166100 29.9 54.14 1215 4.055
1639166160 30.28 53.92 578 4.055
1639166220 30.71 52.75 493 4.055
1639166280 30.27 53.8 481 4.055
1639166340 29.72 55.2 469 4.055
1639166400 29.82 55.89 536 4.055
1639166460 29.61 55.62 816 4.055
1639166520 29.45 56.82 493 4.049
1639166580 29.72 56.07 524 4.055
1639166640 29.66 55.95 761 4.055
1639166700 29.58 56.17 1251 4.055
1639166760 29.82 57.66 1251 4.049
1639166820 30.14 53.76 1275 4.055
1639166880 29.55 56.06 1292 4.055
1639166940 29.99 56.24 1275 4.055
1639167000 30.37 54.45 1251 4.055
1639167060 30.71 53.89 701 4.055
1639167120 30.64 52.41 792 4.049
1639167180 30.55 54.34 816 4.055
1639167240 30.45 53.6 518 4.055
1639167300 30.62 52.55 493 4.055
1639167360 30.4 53.75 493 4.049
1639167420 29.71 54.29 653 4.049
1639167480 29.66 53.83 542 4.049
1639167540 29.59 54.27 713 4.049
1639167600 29.72 54.3 784 4.055
1639167660 29.55 55.45 1112 4.049
1639167720 30 54.81 1132 4.049
1639167780 30.24 54.25 1058 4.049
1639167840 30.79 52.12 1136 4.049
1639167900 30.41 52.41 1136 4.049
1639167960 30.42 52.01 1155 4.049
1639168020 29.76 53.38 1171 4.055
1639168080 29.69 54.46 1136 4.049
1639168140 30.2 53.66 588 4.049
1639168200 30.3 53.4 475 4.049
1639168260 29.77 53.56 445 4.049
1639168320 29.45 55.11 429 4.049
1639168380 29.66 54.57 417 4.049
1639168440 29.75 55.31 409 4.055
1639168500 29.76 54.86 409 4.049
1639168560 29.77 55.32 421 4.049
1639168620 29.39 55.78 1036 4.049
1639168680 29.55 55.95 647 4.049
1639168740 29.82 54.88 564 4.049
1639168800 29.55 54.81 969 4.055
1639168860 29.51 54.91 1005 4.049
1639168920 29.24 55.43 707 4.049
1639168980 29.28 57.05 451 4.049
1639169040 29.18 56.87 701 4.049
1639169100 28.59 58.39 820 4.049
1639169160 28.18 59.05 558 4.049
1639169220 27.94 60.28 320 4.049
1639169280 27.97 60.92 290 4.049
1639169340 27.88 61.02 278 4.049
1639169400 27.92 61.49 284 4.049
1639169460 27.84 60.47 278 4.049
1639169520 27.83 61.54 284 4.049
1639169580 27.76 61.1 284 4.049
1639169640 27.7 61.18 296 4.049
1639169700 27.77 61.24 528 4.049
1639169760 27.57 62.61 512 4.049
1639169820 27.61 62.33 606 4.055
1639169880 28.08 62.17 320 4.049
1639169940 28.09 61.46 582 4.049
1639170000 28.02 60.57 868 4.049
1639170060 28.41 60.54 868 4.049
1639170120 29 58.28 856 4.049
1639170180 29.41 57.59 844 4.049
1639170240 29.68 57.27 856 4.049
1639170300 29.82 55.39 868 4.049
1639170360 30.07 56.03 588 4.049
1639170420 30.32 54.68 356 4.049
1639170480 29.75 55.23 713 4.049
1639170540 29.13 57.25 374 4.049
1639170600 28.7 58.3 850 4.049
1639170660 28.87 58.68 838 4.049
1639170720 29.25 59.62 832 4.044
1639170780 29.41 56.98 814 4.049
1639170840 29.69 56.54 790 4.049
1639170900 29.84 55.05 653 4.049
1639170960 29.87 55.68 391 4.049
1639171020 30 54.82 736 4.049
1639171080 29.93 55.16 784 4.044
1639171140 29.87 55 814 4.049
1639171200 29.95 54.52 808 4.044
1639171260 30.28 53.94 790 4.049
1639171320 30.11 53.43 647 4.049
1639171380 29.93 54.71 796 4.049
1639171440 29.86 54.74 385 4.049
1639171500 29.76 56.24 624 4.044
1639171560 29.38 56.77 796 4.049
1639171620 29.44 55.88 754 4.044
1639171680 29.61 55.99 534 4.049
1639171740 29.42 56.4 784 4.044
1639171800 29.68 55.62 784 4.049
1639171860 29.58 55.64 784 4.049
1639171920 29.96 54.99 760 4.044
1639171980 29.75 56.64 743 4.049
1639172040 30.2 55.07 706 4.044
1639172100 30.42 54.87 683 4.049
1639172160 30.26 54.1 659 4.049
1639172220 30.31 54.53 665 4.044
1639172280 30.6 54.26 677 4.044
1639172340 30.84 53.78 677 4.049
1639172400 30.54 54.09 677 4.044
1639172460 29.82 55.95 683 4.044
1639172520 30.28 55.67 659 4.044
1639172580 30.34 56.18 671 4.049
1639172640 29.82 55.01 659 4.049
1639172700 30.31 55.54 635 4.044
1639172760 30.6 54.05 617 4.044
1639172820 29.73 55.92 617 4.049
1639172880 29.32 56.24 582 4.044
1639172940 28.74 57.75 546 4.044
1639173000 28.55 59.01 534 4.044
1639173060 28.22 59.22 546 4.049
1639173120 28.32 59.51 546 4.044
1639173180 28.65 58.7 558 4.044
1639173240 28.83 58.25 570 4.044
1639173300 28.42 59.41 582 4.044
1639173360 28.62 59.76 593 4.044
1639173420 28.87 59.26 606 4.049
1639173480 28.83 59.27 599 4.044
1639173540 29.01 58.83 587 4.044
1639173600 28.92 59.25 576 4.049
1639173660 28.98 56.93 554 4.055
1639173720 28.94 57.24 542 4.055
1639173780 29.11 57.6 542 4.055
1639173840 29.44 56.49 542 4.055
1639173900 29.66 56.39 554 4.055
1639173960 29.72 56.51 560 4.06
1639174020 29.63 56.74 542 4.06
1639174080 29.66 57.5 518 4.06
1639174140 29.58 57.13 505 4.06
1639174200 29.11 58.76 501 4.055
1639174260 29.49 58.1 459 4.055
1639174320 29.51 57.71 441 4.055
1639174380 29.26 58.8 393 4.055
1639174440 28.86 59.18 137 4.055
1639174500 28.26 60.72 118 4.049
1639174560 28.23 61.33 106 4.049
1639174620 27.85 61.28 100 4.049
1639174680 27.6 63.02 100 4.049
1639174740 27.43 63.31 106 4.049
1639174800 27.2 64.11 112 4.049
1639174860 27.28 64.03 219 4.055
1639174920 27.1 63.82 165 4.055
1639174980 26.93 64.78 112 4.049
1639175040 27.08 64.76 112 4.049
1639175100 27.14 64.73 112 4.049
1639175160 27.28 64.7 106 4.049
1639175220 27.23 64.84 106 4.049
1639175280 27.23 64.86 112 4.049
1639175340 27.2 64.59 124 4.049
1639175400 27.16 64.11 137 4.049
1639175460 27.1 64.72 137 4.049
1639175520 27.01 65 129 4.049
1639175580 27.01 64.34 124 4.049
1639175640 26.82 64.66 124 4.055
1639175700 26.75 65.34 124 4.049
1639175760 26.65 65.78 124 4.049
1639175820 26.62 66.14 118 4.049
1639175880 26.72 66.18 112 4.049
1639175940 26.81 65.9 112 4.049
1639176000 26.85 66 118 4.049
1639176060 26.88 66.46 165 4.049
1639176120 26.96 65.54 207 4.049
1639176180 26.98 65.72 237 4.055
1639176240 27.05 66.2 219 4.055
1639176300 27.16 65.29 231 4.049
1639176360 27.3 64.84 219 4.049
1639176420 27.19 65.3 147 4.049
1639176480 27.13 65.67 177 4.049
1639176540 27.1 65.94 159 4.049
1639176600 26.99 66.63 153 4.049
1639176660 27.01 66.53 153 4.044
1639176720 26.98 66.53 141 4.049
1639176780 27.03 66.47 124 4.049
1639176840 27.01 66.9 118 4.049
1639176900 27.01 66.84 112 4.049
1639176960 26.89 67.22 94 4.049
1639177020 26.83 67.47 82 4.049
1639177080 26.88 67.73 70 4.049
1639177140 26.88 67.45 58 4.055
1639177200 26.72 67.9 52 4.049
1639177260 26.67 67.99 46 4.049
1639177320 26.59 68.56 46 4.049
1639177380 26.58 68.87 46 4.049
1639177440 26.64 68.69 46 4.049
1639177500 26.54 68.55 40 4.049
1639177560 26.57 68.63 40 4.049
1639177620 26.47 68.93 34 4.049
1639177680 26.47 68.93 28 4.049
1639177740 26.26 69.27 22 4.049
1639177800 26.27 69.54 22 4.049
1639177860 26.27 68.82 22 4.049
1639177920 26.2 68.79 16 4.049
1639177980 26.13 68.32 16 4.049
1639178040 26.06 68.65 16 4.049
1639178100 25.94 69.37 16 4.049
1639178160 25.85 69.7 16 4.049
1639178220 25.76 70.26 10 4.049
1639178280 25.75 70.68 10 4.049
1639178340 25.72 71.01 10 4.049
1639178400 25.79 70.7 10 4.049
1639178460 25.69 70.93 10 4.049
1639178520 25.65 70.76 10 4.049
1639178580 25.62 71.31 10 4.049
1639178640 25.62 71.32 10 4.049
1639178700 25.69 71.47 10 4.049
1639178760 25.72 70.92 10 4.044
1639178820 25.58 71.38 10 4.049
1639178880 25.53 71.51 4 4.049
1639178940 25.52 72.02 4 4.049
1639179000 25.51 71.67 4 4.049
1639179060 25.51 71.71 4 4.044
1639179120 25.49 71.93 4 4.049
1639179180 25.45 71.24 4 4.049
1639179240 25.44 70.94 4 4.049
1639179300 25.41 71.48 4 4.049
1639179360 25.39 70.99 0 4.049
1639179420 25.32 71.22 0 4.049
1639179480 25.29 71.71 0 4.049
1639179540 25.29 70.84 0 4.049
1639179600 25.18 70.93 0 4.049
1639179660 25.2 70.81 0 4.049
1639179720 25.21 71.26 0 4.049
1639179780 25.17 70.81 0 4.049
1639179840 25.17 70.91 0 4.049
1639179900 25.15 70.97 0 4.049
1639179960 25.14 71.07 0 4.049
1639180020 25.15 71.05 0 4.049
1639180080 25.15 71.21 0 4.049
1639180140 25.1 71.48 0 4.049
1639180200 25.1 71.77 0 4.049
1639180260 25.1 72.01 0 4.049
1639180320 25.11 72.32 0 4.049
1639180380 25.08 72.34 0 4.049
1639180440 25.1 71.86 0 4.044
1639180500 25.1 72.01 0 4.049
1639180560 25.06 72.15 0 4.049
1639180620 25.06 72.42 0 4.049
1639180680 25 72.17 0 4.049
1639180740 25 72.28 0 4.049
1639180800 25.03 72.33 0 4.049
1639180860 24.97 72.5 0 4.049
1639180920 25.01 72.45 0 4.044
1639180980 25.03 72.57 0 4.049
1639181040 24.93 72.83 0 4.049
1639181100 24.88 71.89 0 4.049
1639181160 24.86 71.94 0 4.044
1639181220 24.87 72.45 0 4.049
1639181280 24.91 72.58 0 4.049
1639181340 24.86 72.76 0 4.049
1639181400 24.88 72.91 0 4.049
1639181460 24.88 72.94 0 4.044
1639181520 24.87 73.16 0 4.049
1639181580 24.87 73.66 0 4.044
1639181640 24.87 73.67 0 4.049
1639181700 24.91 73.8 0 4.049
1639181760 24.91 74.15 0 4.049
1639181820 24.88 74.46 0 4.049
1639181880 24.9 74.64 0 4.049
1639181940 24.84 75.25 0 4.049
1639182000 24.83 74.88 0 4.044
1639182060 24.83 75.24 0 4.049
1639182120 24.86 75.33 0 4.044
1639182180 24.84 75.37 0 4.049
1639182240 24.84 75.72 0 4.044
1639182300 24.81 75.71 0 4.044
1639182360 24.83 76.04 0 4.049
1639182420 24.78 76.26 0 4.044
1639182480 24.78 76.22 0 4.049
1639182540 24.77 76.41 0 4.049
1639182600 24.78 76.8 0 4.049
1639182660 24.76 76.76 0 4.044
1639182720 24.71 76.85 0 4.049
1639182780 24.71 77.13 0 4.044
1639182840 24.73 77.21 0 4.049
1639182900 24.69 77.44 0 4.049
1639182960 24.67 77.26 0 4.049
1639183020 24.66 77.39 0 4.049
1639183080 24.63 77.63 0 4.044
1639183140 24.62 77.97 0 4.044
1639183200 24.57 78.08 0 4.049
1639183260 24.56 78.18 0 4.044
1639183320 24.52 78.45 0 4.049
1639183380 24.52 78.48 0 4.044
1639183440 24.55 78.44 0 4.044
1639183500 24.49 78.89 0 4.049
1639183560 24.48 78.85 0 4.044
1639183620 24.44 78.98 0 4.049
1639183680 24.46 78.8 0 4.044
1639183740 24.49 78.91 0 4.049
1639183800 24.48 79.51 0 4.044
1639183860 24.44 79.34 0 4.044
1639183920 24.39 79.5 0 4.049
1639183980 24.4 79.5 0 4.049
1639184040 24.48 79.76 0 4.044
1639184100 24.43 79.77 0 4.049
1639184160 24.4 79.77 0 4.044
1639184220 24.4 79.87 0 4.049
1639184280 24.39 79.85 0 4.044
1639184340 24.33 80.09 0 4.049
1639184400 24.32 80.02 0 4.044
1639184460 24.33 80.21 0 4.044
1639184520 24.33 80.23 0 4.049
1639184580 24.39 80.15 0 4.044
1639184640 24.39 80.06 0 4.049
1639184700 24.39 80.32 0 4.044
1639184760 24.33 80.47 0 4.049
1639184820 24.33 80.65 0 4.049
1639184880 24.3 80.94 0 4.044
1639184940 24.29 80.73 0 4.049
1639185000 24.28 80.72 0 4.049
1639185060 24.3 80.83 0 4.044
1639185120 24.29 80.56 0 4.044
1639185180 24.26 80.39 0 4.049
1639185240 24.25 80.57 0 4.049
1639185300 24.25 80.75 0 4.044
1639185360 24.22 80.81 0 4.044
1639185420 24.22 80.88 0 4.044
1639185480 24.22 80.92 0 4.044
1639185540 24.15 81 0 4.044
1639185600 24.18 81.39 0 4.044
1639185660 24.16 81.22 0 4.044
1639185720 24.15 81.36 0 4.044
1639185780 24.14 81.72 0 4.044
1639185840 24.18 81.53 0 4.044
1639185900 24.21 81.65 0 4.044
1639185960 24.14 81.52 0 4.044
1639186020 24.12 81.66 0 4.044
1639186080 24.11 81.79 0 4.044
1639186140 24.19 81.5 0 4.044
1639186200 24.14 81.7 0 4.044
1639186260 24.09 81.73 0 4.044
1639186320 24.09 81.68 0 4.044
1639186380 24.09 81.85 0 4.044
1639186440 24.07 82.02 0 4.049
1639186500 24.07 82.11 0 4.044
1639186560 24.07 82 0 4.049
1639186620 24.08 81.64 0 4.044
1639186680 24.05 81.61 0 4.044
1639186740 24.04 81.95 0 4.044
1639186800 24.02 81.78 0 4.044
1639186860 24.02 81.74 0 4.044
1639186920 24.01 81.77 0 4.044
1639186980 24.05 81.68 0 4.049
1639187040 24.09 81.92 0 4.044
1639187100 24.11 81.49 0 4.044
1639187160 24.05 81.86 0 4.044
1639187220 24.02 82.03 0 4.044
1639187280 24.02 82.04 0 4.044
1639187340 24.02 81.98 0 4.044
1639187400 24.01 82.05 0 4.044
1639187460 23.95 82.15 0 4.044
1639187520 23.97 82.38 0 4.044
1639187580 23.95 82.57 0 4.044
1639187640 23.88 82.8 0 4.044
1639187700 23.87 83.03 0 4.044
1639187760 23.84 83.21 0 4.044
1639187820 23.87 83.19 0 4.049
1639187880 23.87 83.21 0 4.044
1639187940 23.87 83.23 0 4.044
1639188000 23.91 83.27 0 4.044
1639188060 23.91 83.38 0 4.044
1639188120 23.91 83.36 0 4.044
1639188180 23.91 83.37 0 4.044
1639188240 23.91 83.32 0 4.044
1639188300 23.94 83.21 0 4.044
1639188360 23.89 83.36 0 4.044
1639188420 23.92 83.43 0 4.044
1639188480 23.91 83.42 0 4.044
1639188540 23.89 83.17 0 4.044
1639188600 23.85 83.55 0 4.044
1639188660 23.87 83.32 0 4.044
1639188720 23.87 83.3 0 4.044
1639188780 23.87 83.26 0 4.044
1639188840 23.87 83.38 0 4.044
1639188900 23.84 83.4 0 4.049
1639188960 23.81 83.37 0 4.044
1639189020 23.78 83.61 0 4.044
1639189080 23.77 83.69 0 4.044
1639189140 23.78 83.76 0 4.044
1639189200 23.78 83.64 0 4.044
1639189260 23.75 83.82 0 4.044
1639189320 23.74 83.73 0 4.044
1639189380 23.74 83.87 0 4.044
1639189440 23.72 83.7 0 4.044
1639189500 23.72 83.64 0 4.044
1639189560 23.71 83.63 0 4.044
1639189620 23.77 83.55 0 4.044
1639189680 23.8 83.33 0 4.044
1639189740 23.82 83.59 0 4.044
1639189800 23.77 83.37 0 4.044
1639189860 23.8 83.34 0 4.044
1639189920 23.77 83.14 0 4.044
1639189980 23.75 82.99 0 4.044
1639190040 23.71 83.07 0 4.044
1639190100 23.74 83.24 0 4.044
1639190160 23.72 83.13 0 4.044
1639190220 23.71 83.09 0 4.044
1639190280 23.71 83.02 0 4.044
1639190340 23.72 83.36 0 4.044
1639190400 23.72 82.96 0 4.039
1639190460 23.7 82.72 0 4.044
1639190520 23.71 82.49 0 4.044
1639190580 23.78 82.73 0 4.044
1639190640 23.78 82.68 0 4.044
1639190700 23.77 82.9 0 4.044
1639190760 23.74 83.2 0 4.044
1639190820 23.72 82.94 0 4.044
1639190880 23.68 83.39 0 4.044
1639190940 23.68 83.65 0 4.044
1639191000 23.68 83.67 0 4.044
1639191060 23.64 83.49 0 4.044
1639191120 23.65 83.83 0 4.044
1639191180 23.64 83.65 0 4.044
1639191240 23.67 83.95 0 4.044
1639191300 23.65 83.64 0 4.044
1639191360 23.63 83.91 0 4.044
1639191420 23.61 84.03 0 4.044
1639191480 23.61 84.24 0 4.044
1639191540 23.6 83.84 0 4.044
1639191600 23.63 83.9 0 4.044
1639191660 23.64 83.38 0 4.044
1639191720 23.71 83.49 0 4.044
1639191780 23.71 83.14 0 4.039
1639191840 23.72 83.4 0 4.044
1639191900 23.68 82.78 0 4.044
1639191960 23.7 82.73 0 4.044
1639192020 23.71 82.84 0 4.044
1639192080 23.7 82.68 0 4.044
1639192140 23.64 82.67 0 4.044
1639192200 23.65 82.74 0 4.044
1639192260 23.64 82.71 0 4.044
1639192320 23.63 82.39 0 4.044
1639192380 23.64 82.56 0 4.044
1639192440 23.67 82.26 0 4.044
1639192500 23.68 82.5 0 4.044
1639192560 23.7 82.3 0 4.044
1639192620 23.7 82.27 0 4.039
1639192680 23.67 82.33 0 4.044
1639192740 23.65 82.36 0 4.044
1639192800 23.7 82.27 0 4.044
1639192860 23.67 81.64 0 4.044
1639192920 23.63 80.79 0 4.044
1639192980 23.65 80.82 0 4.044
1639193040 23.71 81.79 0 4.044
1639193100 23.72 82.55 0 4.044
1639193160 23.67 81.87 0 4.044
1639193220 23.67 82.1 0 4.044
1639193280 23.68 82.06 0 4.044
1639193340 23.61 82.35 0 4.044
1639193400 23.6 82.38 0 4.044
1639193460 23.61 83.04 0 4.039
1639193520 23.53 83.46 0 4.044
1639193580 23.46 83.34 0 4.044
1639193640 23.44 83.32 0 4.044
1639193700 23.44 83.1 0 4.044
1639193760 23.4 83.93 0 4.044
1639193820 23.39 83.55 0 4.039
1639193880 23.34 83.7 0 4.044
1639193940 23.3 82.93 0 4.044
1639194000 23.32 82.58 0 4.044
1639194060 23.3 83.11 0 4.039
1639194120 23.27 82.53 0 4.039
1639194180 23.32 82.49 0 4.044
1639194240 23.32 82.92 0 4.044
1639194300 23.29 82.89 0 4.044
1639194360 23.26 82.65 0 4.039
1639194420 23.26 82.9 0 4.039
1639194480 23.24 83.06 0 4.044
1639194540 23.22 82.1 0 4.044
1639194600 23.19 81.99 0 4.044
1639194660 23.2 82.21 0 4.044
1639194720 23.22 82.33 0 4.044
1639194780 23.24 82.27 0 4.039
1639194840 23.3 82.36 0 4.039
1639194900 23.27 82.5 0 4.044
1639194960 23.29 82.83 0 4.044
1639195020 23.3 82.93 0 4.044
1639195080 23.29 82.91 0 4.044
1639195140 23.3 82.86 0 4.044
1639195200 23.27 83.01 0 4.044
1639195260 23.27 82.98 0 4.039
1639195320 23.23 83.07 0 4.039
1639195380 23.23 83.07 0 4.039
1639195440 23.22 82.9 0 4.039
1639195500 23.16 82.69 0 4.044
1639195560 23.16 82.53 0 4.044
1639195620 23.12 82.54 0 4.039
1639195680 23.09 82.32 0 4.044
1639195740 23.05 82.73 0 4.039
1639195800 23.02 82.98 0 4.044
1639195860 22.98 82.4 0 4.044
1639195920 22.99 82.31 0 4.044
1639195980 22.96 82.72 0 4.039
1639196040 22.92 82.36 0 4.044
1639196100 22.95 82.14 0 4.044
1639196160 22.91 81.97 0 4.039
1639196220 22.89 81.81 0 4.039
1639196280 22.86 82.1 0 4.039
1639196340 22.88 81.78 0 4.044
1639196400 22.86 81.62 0 4.039
1639196460 22.82 81.92 0 4.039
1639196520 22.85 82.23 0 4.044
1639196580 22.82 82.5 0 4.039
1639196640 22.81 83.4 0 4.039
1639196700 22.76 83.45 0 4.039
1639196760 22.76 84.08 0 4.039
1639196820 22.71 84.42 0 4.044
1639196880 22.68 84.83 0 4.044
1639196940 22.65 85.38 0 4.044
1639197000 22.64 85.79 0 4.044
1639197060 22.57 84.17 0 4.039
1639197120 22.57 83.68 0 4.039
1639197180 22.55 82.39 0 4.039
1639197240 22.57 82.43 0 4.039
1639197300 22.58 82.43 0 4.039
1639197360 22.55 82.72 0 4.039
1639197420 22.54 82.8 0 4.039
1639197480 22.52 82.98 0 4.044
1639197540 22.5 83.07 0 4.039
1639197600 22.47 83.17 0 4.039
1639197660 22.47 83.3 0 4.039
1639197720 22.45 83.74 0 4.039
1639197780 22.47 84.46 0 4.039
1639197840 22.43 85.12 0 4.039
1639197900 22.37 85.14 0 4.044
1639197960 22.3 84.77 0 4.039
1639198020 22.31 84.79 0 4.044
1639198080 22.31 85.61 0 4.039
1639198140 22.31 86.38 0 4.039
1639198200 22.27 86.68 0 4.039
1639198260 22.24 87.28 0 4.039
1639198320 22.24 87.54 0 4.039
1639198380 22.21 87.5 0 4.039
1639198440 22.17 87.69 0 4.044
1639198500 22.14 87.65 0 4.039
1639198560 22.11 87.33 0 4.039
1639198620 22.11 86.81 0 4.039
1639198680 22.17 87.12 0 4.039
1639198740 22.18 87.73 0 4.044
