1639112400 24.15 74.5 0 4.076
1639112460 24.15 74.6 0 4.076
1639112520 24.11 74.67 0 4.076
1639112580 24.1 74.73 0 4.076
1639112640 24.12 74.82 0 4.076
1639112700 24.08 74.88 0 4.076
1639112760 24.1 74.98 0 4.076
1639112820 24.08 75.05 0 4.076
1639112880 24.07 75.16 0 4.076
1639112940 24.07 75.22 0 4.076
1639113000 24.05 75.31 0 4.076
1639113060 24.11 75.36 0 4.076
1639113120 24.05 75.41 0 4.076
1639113180 24.05 75.44 0 4.076
1639113240 24.08 75.57 0 4.076
1639113300 24.07 75.68 0 4.076
1639113360 24.1 75.78 0 4.076
1639113420 24.08 75.91 0 4.076
1639113480 24.04 75.99 0 4.076
1639113540 24.02 76.15 0 4.076
1639113600 24 76.26 0 4.076
1639113660 24.04 76.42 0 4.076
1639113720 24.01 76.48 0 4.076
1639113780 23.98 76.57 0 4.076
1639113840 23.98 76.68 0 4.076
1639113900 23.98 76.78 0 4.071
1639113960 23.97 76.88 0 4.076
1639114020 23.95 76.98 0 4.076
1639114080 23.94 77.09 0 4.076
1639114140 23.94 77.13 0 4.076
1639114200 23.97 77.27 0 4.076
1639114260 23.94 77.34 0 4.076
1639114320 23.91 77.42 0 4.076
1639114380 23.91 77.49 0 4.076
1639114440 23.91 77.64 0 4.076
1639114500 23.89 77.68 0 4.076
1639114560 23.88 77.76 0 4.076
1639114620 23.85 77.75 0 4.076
1639114680 23.89 77.83 0 4.076
1639114740 23.85 77.86 0 4.076
1639114800 23.88 77.88 0 4.076
1639114860 23.85 77.86 0 4.076
1639114920 23.85 77.89 0 4.076
1639114980 23.85 77.91 0 4.076
1639115040 23.87 77.92 0 4.076
1639115100 23.87 78.02 0 4.076
1639115160 23.88 78.08 0 4.076
1639115220 23.87 78.18 0 4.076
1639115280 23.88 78.26 0 4.076
1639115340 23.88 78.3 0 4.076
1639115400 23.88 78.33 0 4.076
1639115460 23.87 78.3 0 4.076
1639115520 23.87 78.35 0 4.076
1639115580 23.84 78.31 0 4.076
1639115640 23.85 78.27 0 4.076
1639115700 23.82 78.24 0 4.071
1639115760 23.81 78.23 0 4.076
1639115820 23.81 78.25 0 4.076
1639115880 23.81 78.28 0 4.076
1639115940 23.82 78.33 0 4.076
1639116000 23.8 78.32 0 4.076
1639116060 23.81 78.37 0 4.076
1639116120 23.8 78.4 0 4.076
1639116180 23.75 78.43 0 4.076
1639116240 23.72 78.45 0 4.076
1639116300 23.72 78.52 0 4.076
1639116360 23.75 78.55 0 4.076
1639116420 23.72 78.6 0 4.076
1639116480 23.74 78.64 0 4.076
1639116540 23.7 78.67 0 4.076
1639116600 23.7 78.65 0 4.076
1639116660 23.7 78.64 0 4.071
1639116720 23.68 78.65 0 4.076
1639116780 23.67 78.67 0 4.076
1639116840 23.67 78.6 0 4.071
1639116900 23.65 78.51 0 4.076
1639116960 23.67 78.42 0 4.076
1639117020 23.68 78.33 0 4.076
1639117080 23.68 78.27 0 4.076
1639117140 23.68 78.19 0 4.076
1639117200 23.68 78.18 0 4.076
1639117260 23.65 78.06 0 4.076
1639117320 23.67 78.06 0 4.076
1639117380 23.67 78.06 0 4.076
1639117440 23.67 78.09 0 4.071
1639117500 23.67 78.1 0 4.076
1639117560 23.65 78.16 0 4.076
1639117620 23.63 78.19 0 4.076
1639117680 23.63 78.23 0 4.076
1639117740 23.61 78.28 0 4.076
1639117800 23.6 78.27 0 4.071
1639117860 23.59 78.34 0 4.076
1639117920 23.6 78.35 0 4.071
1639117980 23.57 78.41 0 4.076
1639118040 23.56 78.48 0 4.071
1639118100 23.56 78.54 0 4.076
1639118160 23.54 78.58 0 4.076
1639118220 23.53 78.56 0 4.076
1639118280 23.53 78.61 0 4.076
1639118340 23.53 78.68 0 4.076
1639118400 23.51 78.7 0 4.076
1639118460 23.5 78.72 0 4.071
1639118520 23.49 78.65 0 4.071
1639118580 23.53 78.68 0 4.076
1639118640 23.53 78.63 0 4.076
1639118700 23.53 78.58 0 4.076
1639118760 23.5 78.51 0 4.076
1639118820 23.51 78.38 0 4.071
1639118880 23.51 78.3 0 4.076
1639118940 23.53 78.27 0 4.071
1639119000 23.54 78.21 0 4.071
1639119060 23.53 78.11 0 4.076
1639119120 23.53 78.05 0 4.076
1639119180 23.56 77.96 0 4.071
1639119240 23.53 77.86 0 4.071
1639119300 23.54 77.79 0 4.071
1639119360 23.53 77.69 0 4.071
1639119420 23.54 77.66 0 4.071
1639119480 23.53 77.62 0 4.076
1639119540 23.51 77.61 0 4.071
1639119600 23.54 77.51 0 4.076
1639119660 23.54 77.44 0 4.071
1639119720 23.51 77.4 0 4.071
1639119780 23.53 77.34 0 4.076
1639119840 23.5 77.25 0 4.076
1639119900 23.51 77.19 0 4.071
1639119960 23.51 77.14 0 4.071
1639120020 23.53 77.08 0 4.076
1639120080 23.53 77 0 4.071
1639120140 23.53 76.97 0 4.076
1639120200 23.53 76.98 0 4.071
1639120260 23.51 76.97 0 4.071
1639120320 23.49 76.93 0 4.076
1639120380 23.51 76.89 0 4.076
1639120440 23.5 76.86 0 4.071
1639120500 23.49 76.8 0 4.071
1639120560 23.46 76.79 0 4.071
1639120620 23.47 76.74 0 4.071
1639120680 23.47 76.65 0 4.071
1639120740 23.47 76.62 0 4.071
1639120800 23.49 76.56 0 4.071
1639120860 23.49 76.53 0 4.076
1639120920 23.47 76.47 0 4.071
1639120980 23.49 76.44 0 4.071
1639121040 23.47 76.43 0 4.071
1639121100 23.46 76.38 0 4.071
1639121160 23.46 76.35 0 4.071
1639121220 23.44 76.32 0 4.071
1639121280 23.44 76.29 0 4.071
1639121340 23.44 76.32 0 4.071
1639121400 23.46 76.39 0 4.071
1639121460 23.43 76.41 0 4.071
1639121520 23.37 76.44 0 4.071
1639121580 23.39 76.4 0 4.071
1639121640 23.37 76.41 0 4.071
1639121700 23.37 76.43 0 4.071
1639121760 23.39 76.43 0 4.071
1639121820 23.33 76.41 0 4.071
1639121880 23.33 76.41 0 4.071
1639121940 23.34 76.46 0 4.071
1639122000 23.34 76.44 0 4.071
1639122060 23.31 76.47 0 4.071
1639122120 23.31 76.47 0 4.076
1639122180 23.33 76.53 0 4.071
1639122240 23.33 76.64 0 4.071
1639122300 23.36 76.75 0 4.071
1639122360 23.33 76.82 0 4.071
1639122420 23.34 76.87 0 4.071
1639122480 23.31 76.93 0 4.071
1639122540 23.36 76.96 0 4.071
1639122600 23.36 77.05 0 4.071
1639122660 23.31 77.21 0 4.071
1639122720 23.33 77.31 0 4.071
1639122780 23.31 77.4 0 4.071
1639122840 23.31 77.54 0 4.071
1639122900 23.36 77.8 0 4.071
1639122960 23.33 78 0 4.071
1639123020 23.33 78.19 0 4.071
1639123080 23.3 78.46 0 4.076
1639123140 23.3 78.68 0 4.071
1639123200 23.29 78.86 0 4.071
1639123260 23.3 79.18 0 4.071
1639123320 23.3 79.49 0 4.071
1639123380 23.29 79.76 0 4.071
1639123440 23.26 79.99 0 4.071
1639123500 23.21 80.19 0 4.071
1639123560 23.23 80.47 0 4.071
1639123620 23.21 80.67 0 4.076
1639123680 23.23 80.92 0 4.076
1639123740 23.19 81.08 0 4.071
1639123800 23.2 81.26 0 4.071
1639123860 23.21 81.49 0 4.071
1639123920 23.2 81.71 0 4.071
1639123980 23.14 81.8 0 4.071
1639124040 23.16 82.03 0 4.071
1639124100 23.16 82.23 0 4.071
1639124160 23.14 82.37 0 4.071
1639124220 23.1 82.52 0 4.071
1639124280 23.1 82.7 0 4.071
1639124340 23.12 82.78 0 4.071
1639124400 23.07 82.93 0 4.071
1639124460 23.06 83.04 0 4.071
1639124520 23.05 83.14 0 4.071
1639124580 23 83.25 0 4.071
1639124640 23 83.37 0 4.071
1639124700 22.97 83.41 0 4.071
1639124760 22.96 83.44 0 4.071
1639124820 22.96 83.43 0 4.076
1639124880 22.95 83.42 0 4.071
1639124940 22.95 83.43 0 4.071
1639125000 22.95 83.44 0 4.071
1639125060 22.93 83.41 0 4.071
1639125120 22.93 83.43 0 4.076
1639125180 22.93 83.41 0 4.071
1639125240 22.92 83.43 0 4.071
1639125300 22.89 83.43 0 4.071
1639125360 22.89 83.51 0 4.071
1639125420 22.86 83.46 0 4.071
1639125480 22.85 83.48 0 4.071
1639125540 22.86 83.45 0 4.071
1639125600 22.86 83.46 0 4.071
1639125660 22.86 83.44 0 4.071
1639125720 22.85 83.46 0 4.071
1639125780 22.83 83.45 0 4.071
1639125840 22.85 83.51 0 4.071
1639125900 22.82 83.53 0 4.071
1639125960 22.82 83.55 0 4.071
1639126020 22.8 83.63 0 4.071
1639126080 22.8 83.63 0 4.071
1639126140 22.8 83.7 0 4.071
1639126200 22.79 83.74 0 4.071
1639126260 22.78 83.76 0 4.071
1639126320 22.78 83.76 0 4.071
1639126380 22.8 83.79 0 4.065
1639126440 22.79 83.83 0 4.071
1639126500 22.76 83.86 0 4.071
1639126560 22.76 83.9 0 4.071
1639126620 22.75 83.96 0 4.071
1639126680 22.72 83.97 0 4.071
1639126740 22.73 84.06 0 4.071
1639126800 22.69 84.09 0 4.071
1639126860 22.7 84.12 0 4.071
1639126920 22.69 84.18 0 4.071
1639126980 22.7 84.27 0 4.071
1639127040 22.69 84.27 0 4.071
1639127100 22.68 84.31 0 4.071
1639127160 22.66 84.35 0 4.065
1639127220 22.68 84.37 0 4.071
1639127280 22.69 84.39 0 4.071
1639127340 22.65 84.45 0 4.071
1639127400 22.65 84.39 0 4.071
1639127460 22.66 84.42 0 4.071
1639127520 22.68 84.44 0 4.065
1639127580 22.68 84.47 0 4.071
1639127640 22.68 84.48 0 4.071
1639127700 22.68 84.46 0 4.071
1639127760 22.66 84.46 0 4.071
1639127820 22.63 84.47 0 4.071
1639127880 22.66 84.45 0 4.071
1639127940 22.65 84.41 0 4.071
1639128000 22.66 84.43 0 4.071
1639128060 22.62 84.42 0 4.071
1639128120 22.63 84.43 0 4.065
1639128180 22.61 84.42 0 4.071
1639128240 22.61 84.46 0 4.071
1639128300 22.59 84.46 0 4.071
1639128360 22.59 84.48 0 4.065
1639128420 22.59 84.49 0 4.071
1639128480 22.56 84.48 0 4.071
1639128540 22.59 84.52 0 4.071
1639128600 22.55 84.56 0 4.071
1639128660 22.54 84.59 0 4.071
1639128720 22.54 84.62 0 4.071
1639128780 22.49 84.63 0 4.071
1639128840 22.48 84.64 0 4.071
1639128900 22.46 84.66 0 4.065
1639128960 22.44 84.65 0 4.071
1639129020 22.42 84.67 0 4.071
1639129080 22.39 84.63 0 4.071
1639129140 22.39 84.63 0 4.071
1639129200 22.36 84.56 0 4.071
1639129260 22.38 84.52 0 4.065
1639129320 22.42 84.49 0 4.071
1639129380 22.42 84.45 0 4.071
1639129440 22.38 84.35 0 4.071
1639129500 22.39 84.28 0 4.071
1639129560 22.36 84.19 0 4.071
1639129620 22.39 84.05 0 4.071
1639129680 22.34 83.8 0 4.071
1639129740 22.38 83.6 0 4.065
1639129800 22.41 83.54 0 4.071
1639129860 22.38 83.44 0 4.071
1639129920 22.38 83.33 0 4.071
1639129980 22.35 83.14 0 4.071
1639130040 22.32 82.98 0 4.071
1639130100 22.31 82.8 0 4.065
1639130160 22.32 82.73 0 4.065
1639130220 22.34 82.71 0 4.071
1639130280 22.31 82.66 0 4.065
1639130340 22.28 82.64 0 4.065
1639130400 22.24 82.58 0 4.065
1639130460 22.24 82.56 0 4.065
1639130520 22.21 82.47 0 4.071
1639130580 22.15 82.42 0 4.071
1639130640 22.11 82.4 0 4.071
1639130700 22.08 82.38 0 4.071
1639130760 22.08 82.36 0 4.071
1639130820 22.05 82.36 0 4.071
1639130880 22.07 82.45 0 4.065
1639130940 22 82.47 0 4.071
1639131000 21.98 82.54 0 4.071
1639131060 21.97 82.58 0 4.065
1639131120 21.94 82.65 0 4.071
1639131180 21.91 82.7 0 4.071
1639131240 21.88 82.79 0 4.071
1639131300 21.85 82.86 0 4.065
1639131360 21.8 82.95 0 4.065
1639131420 21.8 82.93 0 4.065
1639131480 21.79 82.83 0 4.065
1639131540 21.81 82.74 0 4.065
1639131600 21.83 82.72 0 4.065
1639131660 21.9 82.75 0 4.071
1639131720 21.91 82.84 0 4.065
1639131780 21.9 82.93 0 4.065
1639131840 21.83 83.01 0 4.071
1639131900 21.83 83.01 0 4.071
1639131960 21.81 83.11 0 4.071
1639132020 21.84 83.19 0 4.071
1639132080 21.83 83.39 0 4.071
1639132140 21.81 83.54 0 4.071
1639132200 21.8 83.66 0 4.065
1639132260 21.81 83.84 0 4.065
1639132320 21.74 83.94 0 4.065
1639132380 21.73 84.07 0 4.071
1639132440 21.71 84.15 0 4.071
1639132500 21.68 84.25 0 4.065
1639132560 21.67 84.33 0 4.065
1639132620 21.67 84.39 0 4.065
1639132680 21.63 84.48 0 4.065
1639132740 21.61 84.59 0 4.065
1639132800 21.58 84.67 0 4.065
1639132860 21.58 84.72 0 4.071
1639132920 21.58 84.81 0 4.065
1639132980 21.6 84.92 0 4.065
1639133040 21.54 85.05 0 4.065
1639133100 21.54 85.14 0 4.065
1639133160 21.52 85.25 0 4.065
1639133220 21.5 85.34 0 4.065
1639133280 21.46 85.42 0 4.065
1639133340 21.42 85.51 0 4.065
1639133400 21.42 85.6 0 4.065
1639133460 21.36 85.63 0 4.065
1639133520 21.34 85.7 0 4.065
1639133580 21.37 85.78 0 4.065
1639133640 21.36 85.85 0 4.065
1639133700 21.33 85.95 0 4.065
1639133760 21.3 85.97 0 4.065
1639133820 21.3 86.04 0 4.065
1639133880 21.26 86.11 0 4.065
1639133940 21.25 86.17 0 4.065
1639134000 21.22 86.17 0 4.065
1639134060 21.19 86.13 0 4.065
1639134120 21.25 86.08 0 4.071
1639134180 21.3 86.06 0 4.065
1639134240 21.29 86.05 0 4.065
1639134300 21.26 86.01 4 4.065
1639134360 21.18 85.96 0 4.071
1639134420 21.18 85.78 0 4.071
1639134480 21.25 85.73 0 4.065
1639134540 21.18 85.67 0 4.065
1639134600 21.16 85.5 0 4.065
1639134660 21.14 85.31 0 4.065
1639134720 21.14 85.17 4 4.065
1639134780 21.13 85.08 0 4.071
1639134840 21.13 84.89 4 4.065
1639134900 21.1 84.78 0 4.065
1639134960 21.18 84.64 4 4.065
1639135020 21.13 84.49 4 4.065
1639135080 21.13 84.37 4 4.065
1639135140 21.1 84.22 4 4.071
1639135200 21.09 84.13 4 4.065
1639135260 21.09 84.01 4 4.065
1639135320 21.09 83.92 4 4.065
1639135380 21.07 83.82 4 4.065
1639135440 21.13 83.83 4 4.065
1639135500 21.14 83.95 4 4.065
1639135560 21.13 84.01 4 4.065
1639135620 21.09 84 4 4.065
1639135680 21.06 83.97 4 4.065
1639135740 21.1 83.99 10 4.065
1639135800 21.1 84.02 10 4.065
1639135860 21.05 83.96 4 4.065
1639135920 21.05 83.81 10 4.065
1639135980 21.09 83.68 10 4.065
1639136040 21.09 83.55 10 4.065
1639136100 21.13 83.4 10 4.065
1639136160 21.13 83.25 10 4.065
1639136220 21.14 83.21 4 4.065
1639136280 21.19 83.11 10 4.065
1639136340 21.16 82.96 10 4.065
1639136400 21.19 82.81 10 4.065
1639136460 21.2 82.68 4 4.065
1639136520 21.26 82.5 10 4.065
1639136580 21.28 82.33 10 4.065
1639136640 21.32 82.21 10 4.065
1639136700 21.32 82.11 10 4.06
1639136760 21.3 82.04 10 4.065
1639136820 21.34 81.91 10 4.071
1639136880 21.32 81.82 10 4.071
1639136940 21.36 81.76 10 4.071
1639137000 21.33 81.69 10 4.065
1639137060 21.33 81.68 10 4.065
1639137120 21.32 81.71 10 4.065
1639137180 21.33 81.81 10 4.065
1639137240 21.32 81.92 10 4.065
1639137300 21.32 82.05 10 4.065
1639137360 21.3 82.14 10 4.065
1639137420 21.3 82.29 10 4.065
1639137480 21.3 82.43 16 4.065
1639137540 21.29 82.54 10 4.065
1639137600 21.26 82.62 10 4.065
1639137660 21.28 82.66 10 4.065
1639137720 21.3 82.57 10 4.065
1639137780 21.36 82.52 10 4.065
1639137840 21.39 82.45 10 4.065
1639137900 21.39 82.41 4 4.065
1639137960 21.42 82.35 10 4.06
1639138020 21.46 82.31 10 4.065
1639138080 21.44 82.28 10 4.065
1639138140 21.47 82.27 10 4.065
1639138200 21.5 82.24 10 4.065
1639138260 21.49 82.19 16 4.065
1639138320 21.47 82.13 16 4.065
1639138380 21.46 82 16 4.065
1639138440 21.47 81.86 22 4.065
1639138500 21.49 81.73 22 4.065
1639138560 21.53 81.65 22 4.065
1639138620 21.5 81.56 22 4.065
1639138680 21.53 81.46 22 4.065
1639138740 21.56 81.33 22 4.065
1639138800 21.57 81.3 22 4.065
1639138860 21.58 81.22 22 4.065
1639138920 21.57 81.22 22 4.065
1639138980 21.56 81.22 28 4.065
1639139040 21.52 81.17 28 4.065
1639139100 21.56 81.15 34 4.065
1639139160 21.61 81.14 34 4.065
1639139220 21.58 81.13 34 4.065
1639139280 21.58 81.07 40 4.065
1639139340 21.64 81.07 40 4.065
1639139400 21.65 81.01 52 4.06
1639139460 21.71 80.81 52 4.065
1639139520 21.83 80.63 58 4.06
1639139580 21.9 80.49 58 4.06
1639139640 21.98 80.41 58 4.065
1639139700 22.05 80.19 58 4.065
1639139760 22.14 80.05 58 4.065
1639139820 22.19 79.89 58 4.065
1639139880 22.24 79.74 64 4.065
1639139940 22.3 79.56 64 4.065
1639140000 22.32 79.37 70 4.065
1639140060 22.38 79.19 64 4.065
1639140120 22.45 79.01 64 4.065
1639140180 22.48 78.82 70 4.065
1639140240 22.55 78.71 70 4.065
1639140300 22.61 78.58 70 4.065
1639140360 22.56 78.42 70 4.065
1639140420 22.65 78.29 70 4.065
1639140480 22.75 78.11 76 4.06
1639140540 22.79 78.03 76 4.065
1639140600 22.82 77.86 70 4.065
1639140660 22.83 77.72 76 4.065
1639140720 22.9 77.5 70 4.065
1639140780 22.99 77.3 76 4.065
1639140840 23.03 77.03 76 4.06
1639140900 23.12 76.85 76 4.065
1639140960 23.14 76.73 82 4.065
1639141020 23.17 76.61 82 4.065
1639141080 23.24 76.4 88 4.065
1639141140 23.36 76.23 88 4.065
1639141200 23.4 76.06 88 4.06
1639141260 23.44 75.91 88 4.06
1639141320 23.49 75.8 88 4.065
1639141380 23.56 75.65 82 4.065
1639141440 23.57 75.55 82 4.065
1639141500 23.61 75.47 88 4.06
1639141560 23.65 75.39 88 4.06
1639141620 23.65 75.27 88 4.065
1639141680 23.74 75.14 88 4.065
1639141740 23.77 75.03 88 4.065
1639141800 23.87 74.83 88 4.065
1639141860 23.88 74.86 94 4.065
1639141920 23.94 74.81 94 4.065
1639141980 24 74.82 94 4.065
1639142040 24.04 74.72 94 4.065
1639142100 24.11 74.7 88 4.06
1639142160 24.16 74.66 94 4.065
1639142220 24.22 74.56 94 4.06
1639142280 24.36 74.43 94 4.065
1639142340 24.33 74.32 94 4.065
1639142400 24.32 74.19 94 4.065
1639142460 24.4 74.14 94 4.065
1639142520 24.43 74.02 94 4.065
1639142580 24.49 73.89 94 4.065
1639142640 24.49 73.78 94 4.065
1639142700 24.51 73.8 94 4.06
1639142760 24.53 73.77 100 4.065
1639142820 24.61 73.67 100 4.065
1639142880 24.69 73.64 100 4.065
1639142940 24.73 73.57 100 4.065
1639143000 24.69 73.56 100 4.06
1639143060 24.72 73.6 100 4.065
1639143120 24.73 73.6 100 4.065
1639143180 24.73 73.66 100 4.06
1639143240 24.7 73.67 100 4.06
1639143300 24.65 73.59 100 4.06
1639143360 24.76 73.63 100 4.065
1639143420 24.75 73.57 100 4.065
1639143480 24.73 73.54 100 4.065
1639143540 24.8 73.58 100 4.065
1639143600 24.89 73.51 100 4.065
1639143660 25 73.47 106 4.065
1639143720 25.07 73.48 100 4.065
1639143780 25.12 73.48 106 4.065
1639143840 25.1 73.43 100 4.065
1639143900 25.12 73.44 106 4.06
1639143960 25.17 73.41 106 4.065
1639144020 25.26 73.42 106 4.065
1639144080 25.3 73.43 106 4.06
1639144140 25.28 73.39 112 4.06
1639144200 25.21 73.35 112 4.065
1639144260 25.12 73.4 112 4.065
1639144320 25.09 73.43 112 4.065
1639144380 25.12 73.49 112 4.065
1639144440 25.16 73.57 118 4.065
1639144500 25.26 73.63 118 4.065
1639144560 25.38 73.66 118 4.065
1639144620 25.45 73.69 118 4.065
1639144680 25.51 73.65 124 4.065
1639144740 25.48 73.54 124 4.065
1639144800 25.52 73.46 124 4.06
1639144860 25.64 73.46 131 4.065
1639144920 25.65 73.38 131 4.065
1639144980 25.63 73.32 137 4.065
1639145040 25.75 73.35 143 4.065
1639145100 25.79 73.32 149 4.065
1639145160 25.88 73.26 155 4.065
1639145220 25.95 73.23 161 4.065
1639145280 26.02 73.2 173 4.065
1639145340 26.14 73.13 173 4.065
1639145400 26.19 73.12 173 4.065
1639145460 26.09 72.97 179 4.071
1639145520 26.11 72.95 179 4.071
1639145580 26.19 72.9 179 4.071
1639145640 26.23 72.82 185 4.071
1639145700 26.3 72.79 197 4.065
1639145760 26.25 72.73 203 4.071
1639145820 26.3 72.68 203 4.071
1639145880 26.38 72.67 262 4.071
1639145940 26.4 72.62 274 4.071
1639146000 26.39 72.59 233 4.071
1639146060 26.57 72.54 215 4.071
1639146120 26.64 72.38 215 4.071
1639146180 26.72 72.34 209 4.071
1639146240 26.73 72.29 203 4.071
1639146300 26.7 72.13 213 4.071
1639146360 26.8 72.07 215 4.071
1639146420 26.86 71.96 256 4.071
1639146480 26.83 71.84 346 4.071
1639146540 26.86 71.77 292 4.071
1639146600 27 71.7 466 4.065
1639146660 27.14 71.58 448 4.071
1639146720 27.27 71.37 376 4.071
1639146780 27.3 71.18 370 4.071
1639146840 27.49 70.99 334 4.071
1639146900 27.75 70.79 322 4.071
1639146960 27.88 70.6 286 4.071
1639147020 28 70.32 173 4.071
1639147080 27.99 70.06 137 4.071
1639147140 27.95 69.81 131 4.065
1639147200 27.82 69.58 131 4.071
1639147260 27.68 69.4 137 4.071
1639147320 27.31 69.25 137 4.071
1639147380 27.07 69.13 143 4.065
1639147440 26.93 69.11 137 4.065
1639147500 26.89 68.94 143 4.065
1639147560 26.79 68.94 149 4.071
1639147620 26.67 68.92 149 4.065
1639147680 26.53 68.91 155 4.071
1639147740 26.46 68.98 155 4.071
1639147800 26.44 68.88 161 4.071
1639147860 26.46 68.79 167 4.071
1639147920 26.5 68.81 233 4.065
1639147980 26.49 68.81 155 4.065
1639148040 26.43 68.72 149 4.071
1639148100 26.39 68.72 161 4.071
1639148160 26.33 68.75 322 4.071
1639148220 26.4 68.76 507 4.071
1639148280 26.53 68.78 591 4.071
1639148340 26.77 68.76 537 4.071
1639148400 26.93 68.68 448 4.071
1639148460 27.1 68.59 430 4.071
1639148520 27.13 68.43 412 4.071
1639148580 27.18 68.27 448 4.071
1639148640 27.33 68.17 531 4.071
1639148700 27.45 67.92 304 4.071
1639148760 27.48 67.72 310 4.071
1639148820 27.44 67.49 364 4.071
1639148880 27.38 67.28 262 4.071
1639148940 27.47 67.16 249 4.076
1639149000 27.47 67.02 239 4.071
1639149060 27.59 66.95 179 4.071
1639149120 27.78 66.89 197 4.071
1639149180 27.96 66.78 322 4.071
1639149240 28.1 66.57 382 4.076
1639149300 28.18 66.35 352 4.071
1639149360 28.23 66.1 328 4.071
1639149420 28.22 65.88 316 4.076
1639149480 27.98 65.61 412 4.076
1639149540 27.99 65.46 424 4.071
1639149600 28.03 65.33 527 4.076
1639149660 27.95 65.11 868 4.076
1639149720 28.02 64.96 880 4.076
1639149780 28 64.83 917 4.076
1639149840 28.06 64.57 921 4.076
1639149900 28.32 64.44 808 4.082
1639149960 28.54 64.22 605 4.076
1639150020 28.84 64.01 712 4.076
1639150080 28.94 63.81 743 4.082
1639150140 29.11 63.61 420 4.082
1639150200 29 63.43 454 4.076
1639150260 29.08 63.25 539 4.076
1639150320 29 63.08 340 4.082
1639150380 28.87 62.88 227 4.076
1639150440 29.04 62.85 143 4.071
1639150500 28.86 62.61 124 4.071
1639150560 28.5 62.42 112 4.071
1639150620 28.26 62.39 106 4.071
1639150680 28.24 62.33 118 4.071
1639150740 28.3 62.29 149 4.076
1639150800 27.98 62.29 112 4.071
1639150860 27.85 62.34 112 4.071
1639150920 27.66 62.42 191 4.076
1639150980 27.62 62.48 197 4.071
1639151040 27.61 62.61 185 4.071
1639151100 27.68 62.63 167 4.071
1639151160 27.76 62.72 161 4.071
1639151220 27.84 62.84 161 4.071
1639151280 27.96 62.89 161 4.071
1639151340 28.03 62.99 161 4.071
1639151400 27.99 63.08 161 4.071
1639151460 28.12 63.14 161 4.071
1639151520 28.12 63.2 167 4.071
1639151580 28.15 63.27 167 4.071
1639151640 28.2 63.3 215 4.076
1639151700 28.12 63.21 227 4.076
1639151760 28.22 63.17 243 4.076
1639151820 28.36 63.13 316 4.076
1639151880 28.56 63.15 670 4.076
1639151940 28.59 63.05 927 4.076
1639152000 28.78 62.91 730 4.076
1639152060 28.86 62.84 909 4.071
1639152120 28.96 62.71 203 4.071
1639152180 29.08 62.65 370 4.071
1639152240 29.38 62.58 448 4.076
1639152300 29.28 62.34 424 4.076
1639152360 29.38 62.15 754 4.076
1639152420 29.47 61.98 1017 4.076
1639152480 29.61 61.86 1048 4.076
1639152540 29.76 61.67 784 4.071
1639152600 29.83 61.45 515 4.076
1639152660 30 61.24 322 4.076
1639152720 30.13 61.03 400 4.076
1639152780 30.26 60.73 400 4.076
1639152840 30.2 60.54 281 4.076
1639152900 30.15 60.29 215 4.076
1639152960 30.12 60.13 185 4.076
1639153020 30.13 59.97 167 4.076
1639153080 30.12 59.7 167 4.076
1639153140 29.92 59.56 179 4.071
1639153200 29.83 59.45 209 4.076
1639153260 29.83 59.39 227 4.076
1639153320 29.66 59.27 239 4.076
1639153380 29.31 59.18 263 4.076
1639153440 29.12 59.11 837 4.071
1639153500 28.97 59.05 761 4.087
1639153560 28.96 59.01 667 4.087
1639153620 28.81 59.12 618 4.092
1639153680 28.94 59.15 527 4.087
1639153740 29.17 59.25 876 4.087
1639153800 29.36 59.27 701 4.087
1639153860 29.38 59.25 999 4.098
1639153920 29.55 59.27 999 4.098
1639153980 29.8 59.22 239 4.076
1639154040 29.98 59.18 209 4.076
1639154100 30.06 59.09 191 4.076
1639154160 29.87 59.04 209 4.076
1639154220 29.72 58.95 191 4.076
1639154280 29.47 58.92 197 4.076
1639154340 29.29 58.89 914 4.098
1639154400 29.36 58.89 1078 4.076
1639154460 29.41 58.86 1112 4.071
1639154520 29.36 58.79 1126 4.071
1639154580 29.61 58.82 1120 4.098
1639154640 30.09 58.83 1114 4.076
1639154700 30.1 58.67 963 4.076
1639154760 30.33 58.55 630 4.092
1639154820 30.41 58.36 1090 4.103
1639154880 30.53 58.22 1090 4.098
1639154940 30.53 58.09 1102 4.076
1639155000 30.74 57.98 1108 4.092
1639155060 30.91 57.75 1108 4.082
1639155120 30.97 57.5 1091 4.082
1639155180 30.85 57.28 1081 4.082
1639155240 31.04 57.07 1085 4.103
1639155300 31.59 56.93 1085 4.076
1639155360 31.62 56.65 1085 4.082
1639155420 31.94 56.44 1103 4.082
1639155480 31.99 56.11 1117 4.082
1639155540 31.94 55.83 1139 4.082
1639155600 32.04 55.52 1153 4.108
1639155660 31.8 55.22 1159 4.114
1639155720 31.82 54.97 1153 4.108
1639155780 32.34 54.81 1147 4.108
1639155840 32.23 54.45 1142 4.108
1639155900 32.43 54.18 233 4.087
1639155960 32.26 53.89 215 4.087
1639156020 31.72 53.73 197 4.087
1639156080 31.38 53.61 209 4.087
1639156140 30.97 53.56 245 4.087
1639156200 30.4 53.53 227 4.087
1639156260 30.41 53.59 293 4.087
1639156320 30.06 53.69 1194 4.082
1639156380 30.03 53.79 1216 4.082
1639156440 30.03 53.91 1216 4.082
1639156500 30.22 54.04 1215 4.114
1639156560 30.41 54.18 1195 4.114
1639156620 30.78 54.22 784 4.108
1639156680 30.94 54.22 1133 4.082
1639156740 31.07 54.18 1121 4.082
1639156800 31.09 54.17 1161 4.114
1639156860 31.38 54.16 524 4.098
1639156920 31.15 54.01 630 4.082
1639156980 31.15 54.06 929 4.082
1639157040 31.29 54.06 463 4.092
1639157100 31.31 53.97 1152 4.082
1639157160 31.48 53.95 390 4.092
1639157220 31.39 53.91 1272 4.087
1639157280 31.41 53.97 1242 4.082
1639157340 31.66 53.97 989 4.082
1639157400 31.77 53.92 1242 4.082
1639157460 31.72 53.88 1254 4.082
1639157520 31.63 53.83 1203 4.087
1639157580 31.56 53.8 614 4.098
1639157640 31.49 53.88 421 4.092
1639157700 31.22 53.83 1079 4.087
1639157760 30.99 53.87 329 4.092
1639157820 31.04 53.97 923 4.087
1639157880 31.29 54.03 1103 4.082
1639157940 31.53 54.13 1188 4.082
1639158000 31.43 54.14 777 4.103
1639158060 31.87 54.24 221 4.087
1639158120 31.83 54.19 167 4.087
1639158180 31.63 54.19 155 4.087
1639158240 31.22 54.17 167 4.087
1639158300 30.73 54.19 167 4.082
1639158360 30.56 54.32 179 4.087
1639158420 30.24 54.41 197 4.087
1639158480 30.15 54.6 233 4.087
1639158540 30.03 54.82 1158 4.082
1639158600 29.98 55.04 947 4.082
1639158660 30.02 55.24 323 4.098
1639158720 29.85 55.42 257 4.092
1639158780 29.87 55.59 353 4.092
1639158840 29.72 55.72 257 4.087
1639158900 29.56 55.9 432 4.092
1639158960 29.55 56.13 299 4.092
1639159020 29.59 56.31 311 4.092
1639159080 29.55 56.53 203 4.092
1639159140 29.38 56.72 185 4.087
1639159200 29.26 57 185 4.087
1639159260 29.17 57.19 227 4.092
1639159320 29.07 57.44 299 4.098
1639159380 29.04 57.64 1219 4.082
1639159440 29.18 57.85 1183 4.087
1639159500 29.41 58.08 1164 4.087
1639159560 29.65 58.23 1055 4.082
1639159620 30.02 58.26 263 4.092
1639159680 29.92 58.27 215 4.087
1639159740 29.73 58.22 197 4.092
1639159800 29.68 58.33 179 4.087
1639159860 29.49 58.33 185 4.087
1639159920 29.41 58.42 167 4.087
1639159980 29.25 58.52 161 4.087
1639160040 29.11 58.52 173 4.087
1639160100 29.1 58.59 191 4.087
1639160160 29.02 58.68 203 4.087
1639160220 28.84 58.79 221 4.092
1639160280 28.78 58.87 239 4.092
1639160340 28.7 59.08 355 4.092
1639160400 28.77 59.22 1145 4.082
1639160460 29.05 59.41 245 4.092
1639160520 29.15 59.53 215 4.092
1639160580 29.11 59.58 221 4.087
1639160640 29.02 59.54 227 4.092
1639160700 29.02 59.61 233 4.092
1639160760 29 59.64 263 4.092
1639160820 29 59.77 379 4.098
1639160880 28.98 59.9 373 4.098
1639160940 28.94 59.94 894 4.087
1639161000 28.97 59.9 941 4.087
1639161060 29.24 59.94 257 4.092
1639161120 29.35 59.94 269 4.092
1639161180 29.36 59.88 331 4.098
1639161240 29.38 59.86 1135 4.087
1639161300 29.53 59.91 1105 4.082
1639161360 29.69 59.89 996 4.087
1639161420 29.98 59.87 707 4.087
1639161480 30.31 59.7 858 4.087
1639161540 30.56 59.49 1067 4.087
1639161600 30.75 59.25 1079 4.087
1639161660 30.84 59.04 1067 4.082
1639161720 31.22 58.84 1057 4.082
1639161780 31.39 58.63 1121 4.098
1639161840 31.56 58.39 329 4.087
1639161900 31.8 58.1 305 4.092
1639161960 31.75 57.74 341 4.092
1639162020 31.59 57.35 299 4.092
1639162080 31.17 57.04 335 4.092
1639162140 30.66 56.83 713 4.087
1639162200 30.56 56.72 1002 4.082
1639162260 30.63 56.63 983 4.087
1639162320 31.08 56.6 966 4.082
1639162380 31.02 56.5 954 4.087
1639162440 30.99 56.4 960 4.087
1639162500 30.99 56.34 977 4.082
1639162560 31.15 56.26 984 4.087
1639162620 31.17 56.19 936 4.082
1639162680 31.32 56.07 945 4.098
1639162740 31.75 56.02 752 4.098
1639162800 31.58 55.85 305 4.092
1639162860 31.28 55.65 572 4.098
1639162920 31.19 55.53 299 4.092
1639162980 30.94 55.43 707 4.087
1639163040 30.44 55.36 942 4.087
1639163100 30.53 55.35 930 4.087
1639163160 30.73 55.35 923 4.087
1639163220 30.88 55.29 936 4.082
1639163280 30.97 55.28 578 4.098
1639163340 31.32 55.23 438 4.092
1639163400 31.05 55.15 752 4.098
1639163460 30.97 55.04 995 4.082
1639163520 30.99 55.03 966 4.087
1639163580 30.91 54.94 287 4.092
1639163640 31.02 54.93 251 4.092
1639163700 31.02 54.94 269 4.092
1639163760 30.88 54.94 263 4.092
1639163820 30.89 54.99 876 4.087
1639163880 30.56 55.01 305 4.092
1639163940 30.26 55.09 263 4.092
1639164000 30.15 55.19 275 4.092
1639164060 29.86 55.36 209 4.092
1639164120 29.71 55.57 179 4.092
1639164180 29.76 55.78 173 4.087
1639164240 29.56 55.97 173 4.087
1639164300 29.45 56.08 179 4.087
1639164360 29.42 56.25 185 4.087
1639164420 29.38 56.43 215 4.092
1639164480 29.32 56.54 281 4.092
1639164540 29.31 56.72 203 4.092
1639164600 29.36 56.86 191 4.092
1639164660 29.17 57 203 4.092
1639164720 29.07 57.19 197 4.092
1639164780 29 57.4 179 4.087
1639164840 29.02 57.6 161 4.092
1639164900 28.97 57.76 161 4.087
1639164960 28.98 57.86 143 4.087
1639165020 29.01 57.98 137 4.087
1639165080 28.94 58.21 137 4.087
1639165140 28.86 58.35 137 4.092
1639165200 28.7 58.59 137 4.087
1639165260 28.7 58.85 143 4.087
1639165320 28.8 59.1 149 4.092
1639165380 28.75 59.38 161 4.087
1639165440 28.69 59.63 203 4.092
1639165500 28.54 59.88 275 4.092
1639165560 28.46 60.06 789 4.098
1639165620 28.49 60.26 775 4.098
1639165680 28.7 60.46 277 4.092
1639165740 28.86 60.6 769 4.098
1639165800 29.07 60.76 209 4.092
1639165860 29.2 60.83 191 4.092
1639165920 29.21 60.98 185 4.092
1639165980 29.29 61.03 191 4.092
1639166040 29.12 61 582 4.092
1639166100 29 61.06 239 4.092
1639166160 28.97 61.16 203 4.092
1639166220 28.87 61.24 197 4.092
1639166280 28.63 61.28 221 4.092
1639166340 28.47 61.35 373 4.098
1639166400 28.46 61.48 251 4.092
1639166460 28.53 61.57 384 4.098
1639166520 28.63 61.73 197 4.092
1639166580 28.73 61.77 191 4.098
1639166640 28.77 61.8 197 4.092
1639166700 28.77 61.84 186 4.092
1639166760 28.7 61.9 185 4.092
1639166820 28.45 61.94 179 4.092
1639166880 28.3 62.06 191 4.092
1639166940 28.2 62.07 203 4.092
1639167000 28.22 62.21 703 4.092
1639167060 28.3 62.35 656 4.098
1639167120 28.51 62.41 216 4.092
1639167180 28.59 62.44 198 4.092
1639167240 28.7 62.48 179 4.092
1639167300 28.69 62.5 191 4.092
1639167360 28.63 62.52 269 4.092
1639167420 28.64 62.54 197 4.092
1639167480 28.66 62.56 174 4.092
1639167540 28.66 62.57 167 4.098
1639167600 28.59 62.51 179 4.092
1639167660 28.6 62.52 504 4.092
1639167720 28.59 62.49 594 4.092
1639167780 28.7 62.44 662 4.098
1639167840 29.01 62.4 197 4.092
1639167900 29.26 62.27 179 4.092
1639167960 29.39 62.16 192 4.098
1639168020 29.38 62.06 197 4.092
1639168080 29.18 61.98 186 4.092
1639168140 29.18 61.94 167 4.092
1639168200 29.17 61.76 155 4.092
1639168260 29.01 61.69 161 4.098
1639168320 29.04 61.65 155 4.092
1639168380 28.91 61.58 155 4.092
1639168440 28.84 61.53 161 4.092
1639168500 28.71 61.44 180 4.098
1639168560 28.69 61.42 191 4.092
1639168620 28.61 61.43 185 4.098
1639168680 28.7 61.47 281 4.092
1639168740 28.64 61.43 301 4.098
1639168800 28.5 61.48 221 4.092
1639168860 28.5 61.56 222 4.092
1639168920 28.49 61.6 222 4.098
1639168980 28.43 61.62 210 4.098
1639169040 28.51 61.66 204 4.098
1639169100 28.56 61.74 228 4.098
1639169160 28.54 61.78 216 4.092
1639169220 28.56 61.9 197 4.098
1639169280 28.56 61.96 204 4.098
1639169340 28.59 62.05 246 4.098
1639169400 28.57 62.09 228 4.103
1639169460 28.54 62.18 252 4.098
1639169520 28.61 62.33 252 4.098
1639169580 28.67 62.36 265 4.098
1639169640 28.69 62.46 277 4.103
1639169700 28.7 62.55 277 4.103
1639169760 28.71 62.61 265 4.103
1639169820 28.73 62.56 259 4.103
1639169880 28.82 62.62 240 4.098
1639169940 28.86 62.56 222 4.098
1639170000 28.89 62.54 179 4.098
1639170060 28.89 62.54 180 4.098
1639170120 28.91 62.5 173 4.092
1639170180 28.9 62.46 156 4.098
1639170240 28.8 62.42 143 4.092
1639170300 28.69 62.47 143 4.098
1639170360 28.64 62.47 144 4.092
1639170420 28.46 62.48 143 4.092
1639170480 28.3 62.44 144 4.098
1639170540 28.23 62.44 167 4.098
1639170600 28.16 62.47 180 4.098
1639170660 28.18 62.54 185 4.098
1639170720 28.16 62.56 186 4.098
1639170780 28.19 62.61 180 4.092
1639170840 28.2 62.62 149 4.098
1639170900 28.18 62.65 167 4.092
1639170960 28.16 62.6 161 4.092
1639171020 28.22 62.6 156 4.098
1639171080 28.22 62.6 150 4.098
1639171140 28.27 62.61 131 4.092
1639171200 28.24 62.62 118 4.092
1639171260 28.26 62.67 106 4.092
1639171320 28.26 62.62 124 4.092
1639171380 28.23 62.58 118 4.098
1639171440 28.23 62.55 143 4.098
1639171500 28.15 62.56 124 4.098
1639171560 28.19 62.64 124 4.092
1639171620 28.15 62.71 149 4.092
1639171680 28.08 62.77 150 4.092
1639171740 28.03 62.8 162 4.098
1639171800 28.02 62.88 186 4.092
1639171860 28.02 62.98 173 4.098
1639171920 28.05 63.02 179 4.098
1639171980 28.12 63.22 167 4.098
1639172040 28.1 63.29 161 4.092
1639172100 28.12 63.42 162 4.092
1639172160 28.15 63.49 143 4.092
1639172220 28.19 63.62 106 4.092
1639172280 28.26 63.74 94 4.092
1639172340 28.29 63.85 88 4.098
1639172400 28.16 63.94 88 4.092
1639172460 28.09 63.95 90 4.092
1639172520 28.12 63.99 88 4.092
1639172580 28.08 64.07 88 4.092
1639172640 28 64.12 88 4.092
1639172700 27.89 64.11 94 4.092
1639172760 27.76 64.11 100 4.092
1639172820 27.73 64.13 112 4.092
1639172880 27.71 64.15 124 4.092
1639172940 27.69 64.23 131 4.092
1639173000 27.71 64.22 137 4.092
1639173060 27.73 64.28 131 4.092
1639173120 27.79 64.32 118 4.092
1639173180 27.82 64.36 106 4.092
1639173240 27.79 64.37 106 4.092
1639173300 27.81 64.47 106 4.092
1639173360 27.81 64.49 112 4.092
1639173420 27.78 64.58 118 4.092
1639173480 27.78 64.61 112 4.092
1639173540 27.76 64.7 112 4.092
1639173600 27.81 64.78 112 4.092
1639173660 27.79 64.9 106 4.092
1639173720 27.81 65.04 100 4.092
1639173780 27.78 65.12 100 4.092
1639173840 27.79 65.18 94 4.092
1639173900 27.73 65.29 88 4.092
1639173960 27.69 65.34 88 4.092
1639174020 27.62 65.39 88 4.092
1639174080 27.61 65.43 88 4.092
1639174140 27.59 65.55 94 4.092
1639174200 27.55 65.64 88 4.092
1639174260 27.44 65.67 82 4.092
1639174320 27.4 65.75 76 4.087
1639174380 27.38 65.82 76 4.092
1639174440 27.28 65.94 76 4.087
1639174500 27.25 66.03 70 4.092
1639174560 27.18 66.13 64 4.092
1639174620 27.14 66.25 52 4.087
1639174680 27.11 66.34 46 4.087
1639174740 27.1 66.46 40 4.092
1639174800 27.01 66.6 40 4.092
1639174860 26.96 66.64 40 4.092
1639174920 26.9 66.81 40 4.092
1639174980 26.83 66.87 34 4.092
1639175040 26.82 67 28 4.087
1639175100 26.8 67.11 16 4.092
1639175160 26.73 67.19 16 4.092
1639175220 26.67 67.36 10 4.092
1639175280 26.63 67.53 10 4.092
1639175340 26.63 67.68 10 4.087
1639175400 26.63 67.77 4 4.092
1639175460 26.63 67.88 4 4.092
1639175520 26.64 68.04 4 4.092
1639175580 26.59 68.13 4 4.092
1639175640 26.56 68.31 4 4.092
1639175700 26.5 68.47 4 4.092
1639175760 26.54 68.58 4 4.092
1639175820 26.5 68.7 4 4.087
1639175880 26.46 68.85 4 4.092
1639175940 26.43 69.01 4 4.092
1639176000 26.35 69.2 4 4.087
1639176060 26.33 69.36 4 4.087
1639176120 26.29 69.5 4 4.087
1639176180 26.3 69.67 4 4.092
1639176240 26.28 69.79 4 4.092
1639176300 26.21 69.95 0 4.087
1639176360 26.16 70.04 4 4.092
1639176420 26.19 70.19 0 4.092
1639176480 26.16 70.31 4 4.092
1639176540 26.14 70.45 0 4.087
1639176600 26.11 70.54 0 4.092
1639176660 26.12 70.68 0 4.087
1639176720 26.08 70.75 0 4.092
1639176780 26.06 70.89 0 4.092
1639176840 25.99 71.05 0 4.087
1639176900 25.96 71.14 0 4.092
1639176960 25.96 71.27 0 4.092
1639177020 25.96 71.44 0 4.092
1639177080 25.98 71.53 0 4.092
1639177140 25.95 71.68 0 4.087
1639177200 25.92 71.8 0 4.092
1639177260 25.92 71.94 0 4.087
1639177320 25.91 72.08 0 4.087
1639177380 25.87 72.22 0 4.087
1639177440 25.85 72.31 0 4.092
1639177500 25.87 72.48 0 4.087
1639177560 25.87 72.56 0 4.087
1639177620 25.84 72.71 0 4.087
1639177680 25.85 72.86 0 4.092
1639177740 25.82 73 0 4.087
1639177800 25.82 73.11 0 4.087
1639177860 25.79 73.27 0 4.087
1639177920 25.79 73.4 0 4.092
1639177980 25.79 73.52 0 4.087
1639178040 25.78 73.66 0 4.087
1639178100 25.77 73.8 0 4.087
1639178160 25.77 73.9 0 4.087
1639178220 25.75 73.99 0 4.087
1639178280 25.72 74.14 0 4.087
1639178340 25.71 74.23 0 4.092
1639178400 25.69 74.34 0 4.087
1639178460 25.72 74.47 0 4.087
1639178520 25.68 74.54 0 4.087
1639178580 25.71 74.7 0 4.087
1639178640 25.69 74.76 0 4.087
1639178700 25.74 74.86 0 4.092
1639178760 25.69 74.98 0 4.087
1639178820 25.71 75.09 0 4.087
1639178880 25.69 75.19 0 4.087
1639178940 25.68 75.28 0 4.092
1639179000 25.68 75.35 0 4.082
1639179060 25.71 75.44 0 4.087
1639179120 25.67 75.55 0 4.082
1639179180 25.68 75.61 0 4.087
1639179240 25.65 75.7 0 4.087
1639179300 25.64 75.75 0 4.087
1639179360 25.64 75.84 0 4.087
1639179420 25.63 75.88 0 4.087
1639179480 25.64 75.93 0 4.087
1639179540 25.64 75.96 0 4.087
1639179600 25.63 76.02 0 4.087
1639179660 25.58 76.04 0 4.087
1639179720 25.6 76.11 0 4.092
1639179780 25.58 76.18 0 4.087
1639179840 25.58 76.2 0 4.087
1639179900 25.56 76.24 0 4.087
1639179960 25.56 76.32 0 4.087
1639180020 25.56 76.37 0 4.087
1639180080 25.57 76.46 0 4.087
1639180140 25.54 76.55 0 4.087
1639180200 25.51 76.67 0 4.087
1639180260 25.45 76.67 0 4.087
1639180320 25.45 76.7 0 4.087
1639180380 25.44 76.74 0 4.087
1639180440 25.42 76.77 0 4.087
1639180500 25.42 76.81 0 4.087
1639180560 25.38 76.91 0 4.087
1639180620 25.34 76.98 0 4.087
1639180680 25.31 77.03 0 4.087
1639180740 25.28 77.15 0 4.087
1639180800 25.24 77.26 0 4.087
1639180860 25.2 77.36 0 4.087
1639180920 25.14 77.47 0 4.087
1639180980 25.13 77.58 0 4.087
1639181040 25.1 77.66 0 4.087
1639181100 25.1 77.79 0 4.087
1639181160 25.07 77.89 0 4.082
1639181220 25.06 77.97 0 4.087
1639181280 25.03 78.11 0 4.087
1639181340 25.03 78.18 0 4.087
1639181460 25.02 78.3 0 4.087
1639181520 25.03 78.38 0 4.087
1639181580 25.04 78.5 0 4.087
1639181640 25.03 78.58 0 4.087
1639181700 25.07 78.71 0 4.087
1639181760 25.07 78.81 0 4.076
1639181820 25.09 79.03 0 4.082
1639181880 25.07 79.07 0 4.087
1639181940 25.03 79.13 0 4.087
1639182000 25.02 79.24 0 4.082
1639182060 24.98 79.32 0 4.087
1639182120 24.97 79.44 0 4.082
1639182180 24.94 79.54 0 4.087
1639182240 24.93 79.64 0 4.082
1639182300 24.91 79.7 0 4.087
1639182360 24.9 79.83 0 4.087
1639182420 24.86 79.9 0 4.082
1639182480 24.86 79.99 0 4.087
1639182540 24.86 80.05 0 4.087
1639182600 24.83 80.16 0 4.087
1639182660 24.87 80.24 0 4.082
1639182720 24.86 80.32 0 4.082
1639182780 24.89 80.39 0 4.087
1639182840 24.86 80.46 0 4.082
1639182900 24.86 80.55 0 4.082
1639182960 24.83 80.6 0 4.087
1639183020 24.86 80.68 0 4.087
1639183080 24.85 80.72 0 4.087
1639183140 24.85 80.8 0 4.087
1639183200 24.82 80.85 0 4.087
1639183260 24.83 80.93 0 4.082
1639183320 24.82 80.99 0 4.082
1639183380 24.8 81.04 0 4.082
1639183440 24.79 81.1 0 4.082
1639183500 24.79 81.13 0 4.087
1639183560 24.77 81.15 0 4.082
1639183620 24.79 81.22 0 4.082
1639183680 24.79 81.22 0 4.082
1639183740 24.79 81.28 0 4.082
1639183800 24.77 81.35 0 4.082
1639183860 24.77 81.38 0 4.082
1639183920 24.8 81.46 0 4.087
1639183980 24.76 81.48 0 4.087
1639184040 24.73 81.49 0 4.082
1639184100 24.76 81.48 0 4.082
1639184160 24.76 81.5 0 4.087
1639184220 24.76 81.54 0 4.087
1639184280 24.77 81.55 0 4.082
1639184340 24.79 81.57 0 4.087
1639184400 24.77 81.61 0 4.087
1639184460 24.8 81.63 0 4.082
1639184520 24.76 81.64 0 4.082
1639184580 24.8 81.67 0 4.087
1639184640 24.79 81.67 0 4.087
1639184700 24.82 81.68 0 4.082
1639184760 24.79 81.66 0 4.082
1639184820 24.77 81.64 0 4.082
1639184880 24.79 81.73 0 4.082
1639184940 24.77 81.74 0 4.082
1639185000 24.75 81.81 0 4.082
1639185060 24.77 81.82 0 4.082
1639185120 24.76 81.87 0 4.082
1639185180 24.77 81.85 0 4.082
1639185240 24.76 81.92 0 4.082
1639185300 24.76 81.89 0 4.082
1639185360 24.79 81.9 0 4.082
1639185420 24.8 81.84 0 4.082
1639185480 24.8 81.79 0 4.082
1639185540 24.8 81.77 0 4.082
1639185600 24.83 81.76 0 4.082
1639185660 24.83 81.77 0 4.082
1639185720 24.85 81.68 0 4.082
1639185780 24.83 81.62 0 4.082
1639185840 24.86 81.6 0 4.082
1639185900 24.87 81.55 0 4.082
1639185960 24.86 81.52 0 4.082
1639186020 24.87 81.49 0 4.082
1639186080 24.89 81.41 0 4.082
1639186140 24.9 81.42 0 4.082
1639186200 24.9 81.36 0 4.082
1639186260 24.9 81.3 0 4.076
1639186320 24.91 81.27 0 4.082
1639186380 24.93 81.29 0 4.082
1639186440 24.85 81.29 0 4.082
1639186500 24.86 81.2 0 4.082
1639186560 24.86 81.14 0 4.082
1639186620 24.89 81.08 0 4.082
1639186680 24.89 81.07 0 4.082
1639186740 24.89 80.98 0 4.082
1639186800 24.86 80.97 0 4.082
1639186860 24.8 80.88 0 4.082
1639186920 24.77 80.83 0 4.082
1639186980 24.75 80.7 0 4.082
1639187040 24.73 80.67 0 4.082
1639187100 24.66 80.59 0 4.082
1639187160 24.62 80.49 0 4.076
1639187220 24.59 80.44 0 4.082
1639187280 24.58 80.42 0 4.082
1639187340 24.58 80.4 0 4.082
1639187400 24.55 80.32 0 4.082
1639187460 24.52 80.33 0 4.082
1639187520 24.46 80.34 0 4.082
1639187580 24.46 80.34 0 4.082
1639187640 24.38 80.41 0 4.082
1639187700 24.36 80.39 0 4.082
1639187760 24.38 80.43 0 4.082
1639187820 24.32 80.45 0 4.082
1639187880 24.32 80.48 0 4.082
1639187940 24.29 80.48 0 4.082
1639188000 24.28 80.52 0 4.082
1639188060 24.28 80.57 0 4.076
1639188120 24.28 80.56 0 4.076
1639188180 24.28 80.59 0 4.082
1639188240 24.22 80.6 0 4.082
1639188300 24.21 80.61 0 4.082
1639188360 24.18 80.64 0 4.082
1639188420 24.16 80.68 0 4.082
1639188480 24.14 80.68 0 4.082
1639188540 24.11 80.71 0 4.082
1639188600 24.12 80.75 0 4.082
1639188660 24.12 80.73 0 4.082
1639188720 24.12 80.82 0 4.082
1639188780 24.12 80.85 0 4.082
1639188840 24.11 80.9 0 4.082
1639188900 24.07 80.91 0 4.082
1639188960 24.07 80.91 0 4.076
1639189020 24.08 80.93 0 4.082
1639189080 24.08 80.89 0 4.082
1639189140 24.1 80.96 0 4.076
1639189200 24.08 80.95 0 4.082
1639189260 24.11 80.97 0 4.082
1639189320 24.08 80.98 0 4.082
1639189380 24.08 80.97 0 4.076
1639189440 24.04 80.94 0 4.082
1639189500 24.05 80.93 0 4.082
1639189560 24.1 80.9 0 4.076
1639189620 24.08 80.88 0 4.082
1639189680 24.08 80.86 0 4.082
1639189740 24.08 80.86 0 4.082
1639189800 24.11 80.87 0 4.082
1639189860 24.07 80.76 0 4.076
1639189920 24.07 80.81 0 4.076
1639189980 24.1 80.77 0 4.076
1639190040 24.08 80.79 0 4.076
1639190100 24.1 80.77 0 4.076
1639190160 24.12 80.75 0 4.082
1639190220 24.12 80.79 0 4.076
1639190280 24.14 80.8 0 4.082
1639190340 24.14 80.83 0 4.082
1639190400 24.11 80.81 0 4.076
1639190460 24.11 80.84 0 4.082
1639190520 24.11 80.81 0 4.076
1639190580 24.11 80.78 0 4.076
1639190640 24.11 80.69 0 4.082
1639190700 24.1 80.65 0 4.082
1639190760 24.11 80.57 0 4.076
1639190820 24.11 80.53 0 4.082
1639190880 24.11 80.51 0 4.076
1639190940 24.14 80.48 0 4.076
1639191000 24.14 80.46 0 4.076
1639191060 24.12 80.44 0 4.076
1639191120 24.14 80.48 0 4.076
1639191180 24.11 80.44 0 4.076
1639191240 24.11 80.49 0 4.076
1639191300 24.11 80.44 0 4.076
1639191360 24.12 80.42 0 4.082
1639191420 24.16 80.49 0 4.076
1639191480 24.19 80.65 0 4.082
1639191540 24.18 80.73 0 4.082
1639191600 24.18 80.79 0 4.076
1639191660 24.19 80.84 0 4.076
1639191720 24.18 80.84 0 4.076
1639191780 24.16 80.86 0 4.076
1639191840 24.15 80.77 0 4.082
1639191900 24.15 80.7 0 4.076
1639191960 24.16 80.58 0 4.082
1639192020 24.19 80.49 0 4.076
1639192080 24.21 80.45 0 4.076
1639192140 24.21 80.45 0 4.076
1639192200 24.19 80.41 0 4.076
1639192260 24.21 80.38 0 4.076
1639192320 24.19 80.34 0 4.076
1639192380 24.16 80.33 0 4.076
1639192440 24.15 80.29 0 4.076
1639192500 24.15 80.14 0 4.076
1639192560 24.14 80.11 0 4.076
1639192620 24.15 80.05 0 4.076
1639192680 24.12 80 0 4.076
1639192740 24.15 79.95 0 4.082
1639192800 24.14 79.92 0 4.082
1639192860 24.11 79.91 0 4.076
1639192920 24.11 79.87 0 4.076
1639192980 24.12 79.77 0 4.076
1639193040 24.14 79.76 0 4.076
1639193100 24.11 79.72 0 4.076
1639193160 24.12 79.72 0 4.076
1639193220 24.12 79.67 0 4.076
1639193280 24.12 79.65 0 4.076
1639193340 24.1 79.64 0 4.082
1639193400 24.1 79.6 0 4.076
1639193460 24.1 79.62 0 4.076
1639193520 24.1 79.64 0 4.076
1639193580 24.05 79.65 0 4.076
1639193640 24.07 79.71 0 4.076
1639193700 24.05 79.68 0 4.076
1639193760 24.07 79.7 0 4.076
1639193820 24.05 79.7 0 4.076
1639193880 24.05 79.74 0 4.076
1639193940 24.04 79.76 0 4.076
1639194000 24.04 79.81 0 4.076
1639194060 24.01 79.84 0 4.076
1639194120 23.98 79.88 0 4.076
1639194180 23.98 79.89 0 4.076
1639194240 23.94 79.87 0 4.076
1639194300 23.97 79.86 0 4.076
1639194360 23.98 79.88 0 4.076
1639194420 23.95 79.9 0 4.076
1639194480 23.92 79.86 0 4.076
1639194540 23.92 79.92 0 4.082
1639194600 23.92 79.95 0 4.076
1639194660 23.88 79.88 0 4.076
1639194720 23.89 79.89 0 4.076
1639194780 23.89 79.99 0 4.076
1639194840 23.85 80 0 4.076
1639194900 23.82 80.02 0 4.076
1639194960 23.82 80.05 0 4.082
1639195020 23.81 80.07 0 4.076
1639195080 23.81 80.03 0 4.076
1639195140 23.81 80.03 0 4.076
1639195200 23.82 80.08 0 4.076
1639195260 23.8 80.06 0 4.076
1639195320 23.78 80.1 0 4.076
1639195380 23.77 80.1 0 4.076
1639195440 23.74 80.1 0 4.076
1639195500 23.72 80.1 0 4.082
1639195560 23.72 80.12 0 4.076
1639195620 23.68 80.11 0 4.076
1639195680 23.7 80.13 0 4.076
1639195740 23.68 80.14 0 4.076
1639195800 23.67 80.14 0 4.076
1639195860 23.68 80.11 0 4.076
1639195920 23.65 80.1 0 4.076
1639195980 23.65 80.06 0 4.076
1639196040 23.64 80.08 0 4.076
1639196100 23.63 80.04 0 4.076
1639196160 23.64 80.06 0 4.076
1639196220 23.61 80.03 0 4.076
1639196280 23.63 80.03 0 4.076
1639196340 23.61 80.02 0 4.076
1639196400 23.61 80.08 0 4.076
1639196460 23.63 80.12 0 4.076
1639196520 23.61 80.14 0 4.076
1639196580 23.6 80.2 0 4.076
1639196640 23.57 80.2 0 4.076
1639196700 23.57 80.19 0 4.076
1639196760 23.57 80.27 0 4.076
1639196820 23.57 80.29 0 4.076
1639196880 23.54 80.32 0 4.076
1639196940 23.56 80.33 0 4.076
1639197000 23.54 80.38 0 4.076
1639197060 23.56 80.36 0 4.071
1639197120 23.56 80.38 0 4.076
1639197180 23.57 80.42 0 4.076
1639197240 23.59 80.44 0 4.076
1639197300 23.61 80.42 0 4.076
1639197360 23.61 80.45 0 4.076
1639197420 23.63 80.48 0 4.076
1639197480 23.63 80.46 0 4.076
1639197540 23.64 80.5 0 4.076
1639197600 23.65 80.55 0 4.076
1639197660 23.64 80.6 0 4.076
1639197720 23.64 80.62 0 4.076
1639197780 23.64 80.7 0 4.076
1639197840 23.63 80.73 0 4.076
1639197900 23.63 80.82 0 4.076
1639197960 23.63 80.85 0 4.076
1639198020 23.63 80.91 0 4.076
1639198080 23.63 81 0 4.076
1639198140 23.61 81.1 0 4.076
1639198200 23.59 81.16 0 4.076
1639198260 23.57 81.26 0 4.076
1639198320 23.57 81.28 0 4.076
1639198380 23.56 81.35 0 4.076
1639198440 23.54 81.37 0 4.076
1639198500 23.59 81.46 0 4.071
1639198560 23.56 81.49 0 4.076
1639198620 23.57 81.57 0 4.071
1639198680 23.59 81.6 0 4.076
1639198740 23.6 81.67 0 4.076
