1634101200 21.24 95.8 0 4.044
1634101260 21.27 95.75 0 4.044
1634101320 21.24 95.69 0 4.044
1634101380 21.31 95.82 0 4.039
1634101440 21.32 95.86 0 4.039
1634101500 21.28 95.82 0 4.044
1634101560 21.28 96 0 4.044
1634101620 21.25 95.89 0 4.044
1634101680 21.28 95.97 0 4.044
1634101740 21.2 95.66 0 4.044
1634101800 21.24 95.82 0 4.044
1634101860 21.22 95.68 0 4.039
1634101920 21.25 95.72 0 4.039
1634101980 21.29 95.82 0 4.044
1634102040 21.29 95.88 0 4.044
1634102100 21.37 95.99 0 4.044
1634102160 21.35 95.81 0 4.044
1634102220 21.38 95.95 0 4.044
1634102280 21.31 95.37 0 4.044
1634102340 21.31 95.38 0 4.044
1634102400 21.32 95.63 0 4.044
1634102460 21.35 95.8 0 4.044
1634102520 21.37 95.77 0 4.044
1634102580 21.37 95.8 0 4.044
1634102640 21.35 95.99 0 4.044
1634102700 21.38 96.12 0 4.044
1634102760 21.41 96.31 0 4.044
1634102820 21.39 96.13 0 4.039
1634102880 21.31 95.9 0 4.044
1634102940 21.29 96.04 0 4.039
1634103000 21.29 96.24 0 4.044
1634103060 21.28 95.86 0 4.044
1634103120 21.18 95.68 0 4.044
1634103180 21.2 95.85 0 4.039
1634103240 21.2 95.89 0 4.039
1634103300 21.21 96.08 0 4.039
1634103360 21.22 96.15 0 4.039
1634103420 21.29 96.35 0 4.039
1634103480 21.31 96.36 0 4.044
1634103540 21.32 96.36 0 4.039
1634103600 21.35 96.43 0 4.044
1634103660 21.31 96.31 0 4.044
1634103720 21.29 96.51 0 4.039
1634103780 21.29 96.6 0 4.044
1634103840 21.29 96.58 0 4.044
1634103900 21.29 96.63 0 4.039
1634103960 21.25 96.63 0 4.044
1634104020 21.24 96.62 0 4.044
1634104080 21.2 96.65 0 4.039
1634104140 21.22 96.79 0 4.039
1634104200 21.25 96.97 0 4.039
1634104260 21.25 96.97 0 4.039
1634104320 21.28 96.99 0 4.039
1634104380 21.32 97.18 0 4.039
1634104440 21.29 96.99 0 4.039
1634104500 21.27 97.01 0 4.039
1634104560 21.27 97.12 0 4.044
1634104620 21.32 97.28 0 4.044
1634104680 21.25 97.01 0 4.044
1634104740 21.15 96.97 0 4.039
1634104800 21.04 96.48 0 4.044
1634104860 21.05 96.72 0 4.044
1634104920 21.1 96.82 0 4.044
1634104980 21.2 96.99 0 4.039
1634105040 21.18 96.82 0 4.044
1634105100 21.1 96.63 0 4.039
1634105160 21.11 96.74 0 4.039
1634105220 21.08 96.65 0 4.039
1634105280 20.98 96.2 0 4.044
1634105340 21.02 96.47 0 4.039
1634105400 21.02 96.29 0 4.039
1634105460 21.01 96.15 0 4.044
1634105520 21.01 96.21 0 4.039
1634105580 21.08 96.39 0 4.039
1634105640 21.11 96.54 0 4.044
1634105700 21.12 96.49 0 4.039
1634105760 20.98 95.87 0 4.044
1634105820 21.04 96.22 0 4.039
1634105880 21 95.85 0 4.039
1634105940 21.02 96.11 0 4.039
1634106000 21.04 95.92 0 4.044
1634106060 21 95.97 0 4.044
1634106120 21.02 96.09 0 4.044
1634106180 20.98 96.07 0 4.039
1634106240 20.97 96.31 0 4.039
1634106300 20.94 96.2 0 4.039
1634106360 20.93 96.45 0 4.039
1634106420 20.89 96.22 0 4.039
1634106480 20.87 96.31 0 4.039
1634106540 20.84 96.44 0 4.039
1634106600 20.83 96.49 0 4.039
1634106660 20.83 96.49 0 4.044
1634106720 20.86 96.64 0 4.039
1634106780 20.84 96.66 0 4.039
1634106840 20.87 96.85 0 4.039
1634106900 20.86 96.83 0 4.039
1634106960 20.9 96.87 0 4.039
1634107020 20.91 97.03 0 4.039
1634107080 20.86 96.86 0 4.044
1634107140 20.71 96.24 0 4.039
1634107200 20.74 96.46 0 4.044
1634107260 20.8 96.62 0 4.039
1634107320 20.83 96.54 0 4.039
1634107380 20.83 96.69 0 4.039
1634107440 20.84 96.63 0 4.039
1634107500 20.84 96.72 0 4.044
1634107560 20.87 96.68 0 4.039
1634107620 20.86 96.58 0 4.039
1634107680 20.89 96.62 0 4.044
1634107740 20.86 96.71 0 4.039
1634107800 20.89 96.66 0 4.039
1634107860 20.93 96.78 0 4.039
1634107920 20.87 96.31 0 4.039
1634107980 20.83 96.38 0 4.039
1634108040 20.83 96.38 0 4.039
1634108100 20.89 96.47 0 4.044
1634108160 20.87 96.42 0 4.039
1634108220 20.89 96.39 0 4.039
1634108280 20.84 96.17 0 4.039
1634108340 20.83 96.2 0 4.039
1634108400 20.79 96.1 0 4.039
1634108460 20.77 96.19 0 4.039
1634108520 20.77 96.24 0 4.039
1634108580 20.77 96.34 0 4.039
1634108640 20.81 96.36 0 4.039
1634108700 20.81 96.4 0 4.039
1634108760 20.79 96.41 0 4.039
1634108820 20.83 96.48 0 4.039
1634108880 20.8 96.46 0 4.039
1634108940 20.79 96.42 0 4.039
1634109000 20.74 96.42 0 4.039
1634109060 20.76 96.48 0 4.039
1634109120 20.77 96.51 0 4.039
1634109180 20.77 96.52 0 4.039
1634109240 20.8 96.6 0 4.039
1634109300 20.81 96.66 0 4.039
1634109360 20.77 96.6 0 4.039
1634109420 20.8 96.7 0 4.039
1634109480 20.8 96.8 0 4.039
1634109540 20.83 96.9 0 4.039
1634109600 20.81 96.91 0 4.033
1634109660 20.83 97.03 0 4.039
1634109720 20.8 96.96 0 4.039
1634109780 20.84 97.01 0 4.039
1634109840 20.81 96.95 0 4.039
1634109900 20.8 96.89 0 4.039
1634109960 20.79 96.9 0 4.039
1634110020 20.79 97 0 4.039
1634110080 20.84 97.07 0 4.039
1634110140 20.8 97.1 0 4.039
1634110200 20.83 97.17 0 4.039
1634110260 20.77 97.02 0 4.039
1634110320 20.74 97.05 0 4.044
1634110380 20.71 96.81 0 4.039
1634110440 20.69 96.85 0 4.039
1634110500 20.69 96.82 0 4.039
1634110560 20.76 96.94 0 4.039
1634110620 20.74 96.89 0 4.039
1634110680 20.76 96.82 0 4.039
1634110740 20.76 96.8 0 4.039
1634110800 20.76 96.88 0 4.039
1634110860 20.74 96.75 0 4.039
1634110920 20.69 96.41 0 4.039
1634110980 20.62 96.1 0 4.039
1634111040 20.66 96.36 0 4.039
1634111100 20.71 96.36 0 4.039
1634111160 20.6 95.7 0 4.039
1634111220 20.53 95.14 0 4.039
1634111280 20.67 96.02 0 4.039
1634111340 20.71 95.81 0 4.039
1634111400 20.73 95.82 0 4.039
1634111460 20.71 95.71 0 4.039
1634111520 20.74 95.73 0 4.039
1634111580 20.69 95.53 0 4.039
1634111640 20.71 95.59 0 4.039
1634111700 20.71 95.67 0 4.039
1634111760 20.76 95.88 0 4.039
1634111820 20.73 96.06 0 4.039
1634111880 20.7 96.01 0 4.039
1634111940 20.66 96.04 0 4.039
1634112000 20.66 96.06 0 4.039
1634112060 20.62 96.1 0 4.039
1634112120 20.62 96.26 0 4.039
1634112180 20.6 96.33 0 4.033
1634112240 20.69 96.67 0 4.039
1634112300 20.66 96.36 0 4.039
1634112360 20.62 96.42 0 4.039
1634112420 20.71 96.69 0 4.039
1634112480 20.67 96.49 0 4.039
1634112540 20.7 96.59 0 4.039
1634112600 20.71 96.65 0 4.039
1634112660 20.73 96.74 0 4.039
1634112720 20.74 96.89 0 4.039
1634112780 20.76 96.93 0 4.039
1634112840 20.74 96.97 0 4.039
1634112900 20.74 97.07 0 4.039
1634112960 20.77 97.11 0 4.039
1634113020 20.71 97.04 0 4.039
1634113080 20.67 96.97 0 4.033
1634113140 20.7 97.12 0 4.039
1634113200 20.65 96.96 0 4.039
1634113260 20.69 97.19 0 4.039
1634113320 20.69 97.1 0 4.039
1634113380 20.71 97.41 0 4.039
1634113440 20.7 97.09 0 4.039
1634113500 20.67 97.23 0 4.033
1634113560 20.69 97.13 0 4.039
1634113620 20.71 97.32 0 4.039
1634113680 20.71 97.06 0 4.039
1634113740 20.67 97.23 0 4.039
1634113800 20.71 97.15 0 4.033
1634113860 20.7 96.96 0 4.039
1634113920 20.63 97 0 4.039
1634113980 20.67 96.97 0 4.033
1634114040 20.66 97.03 0 4.039
1634114100 20.63 96.98 0 4.039
1634114160 20.63 96.96 0 4.039
1634114220 20.62 97.08 0 4.039
1634114280 20.6 97.09 0 4.039
1634114340 20.56 97.03 0 4.039
1634114400 20.56 97.14 0 4.039
1634114460 20.56 97.18 0 4.039
1634114520 20.52 97.22 0 4.039
1634114580 20.5 97.3 0 4.039
1634114640 20.46 97.25 0 4.039
1634114700 20.49 97.36 0 4.039
1634114760 20.49 97.39 0 4.039
1634114820 20.5 97.54 0 4.039
1634114880 20.5 97.46 0 4.039
1634114940 20.46 97.47 0 4.039
1634115000 20.46 97.46 0 4.033
1634115060 20.44 97.5 0 4.033
1634115120 20.43 97.53 0 4.039
1634115180 20.4 97.55 0 4.039
1634115240 20.38 97.62 0 4.039
1634115300 20.32 97.62 0 4.039
1634115360 20.35 97.74 0 4.039
1634115420 20.31 97.69 0 4.039
1634115480 20.28 97.72 0 4.033
1634115540 20.25 97.7 0 4.039
1634115600 20.22 97.75 0 4.039
1634115660 20.21 97.69 0 4.039
1634115720 20.16 97.72 0 4.039
1634115780 20.21 97.96 0 4.039
1634115840 20.23 97.94 0 4.039
1634115900 20.19 97.88 0 4.039
1634115960 20.22 97.95 0 4.039
1634116020 20.19 97.92 0 4.039
1634116080 20.16 97.92 0 4.033
1634116140 20.16 97.97 0 4.039
1634116200 20.21 98.14 0 4.039
1634116260 20.25 98.2 0 4.039
1634116320 20.25 98.22 0 4.039
1634116380 20.29 98.32 0 4.039
1634116440 20.28 98.3 0 4.033
1634116500 20.28 98.27 0 4.033
1634116560 20.29 98.31 0 4.039
1634116620 20.22 98.22 0 4.039
1634116680 20.22 98.24 0 4.039
1634116740 20.26 98.35 0 4.039
1634116800 20.25 98.29 0 4.039
1634116860 20.28 98.31 0 4.039
1634116920 20.28 98.21 0 4.039
1634116980 20.25 98.11 0 4.039
1634117040 20.26 98.17 0 4.033
1634117100 20.26 98.15 0 4.039
1634117160 20.25 98.07 0 4.033
1634117220 20.21 98.11 0 4.039
1634117280 20.23 98.17 0 4.039
1634117340 20.23 98.15 0 4.039
1634117400 20.21 98.09 0 4.033
1634117460 20.29 98.29 0 4.033
1634117520 20.26 98.09 0 4.033
1634117580 20.22 98.05 0 4.033
1634117640 20.19 98.05 0 4.033
1634117700 20.19 97.99 0 4.033
1634117760 20.15 98.03 0 4.039
1634117820 20.14 98.04 0 4.033
1634117880 20.12 98.14 0 4.033
1634117940 20.15 98.14 0 4.039
1634118000 20.18 98.27 0 4.039
1634118060 20.14 98.15 0 4.033
1634118120 20.14 98.16 0 4.033
1634118180 20.11 98.14 0 4.039
1634118240 20.18 98.31 0 4.033
1634118300 20.15 98.22 0 4.033
1634118360 20.12 98.16 0 4.033
1634118420 20.12 98.15 0 4.033
1634118480 20.07 98.21 0 4.033
1634118540 20.05 98.15 0 4.033
1634118600 20.09 98.22 0 4.033
1634118660 20.05 98.11 0 4.039
1634118720 20.07 98.24 0 4.039
1634118780 20.08 98.26 0 4.033
1634118840 20.14 98.37 0 4.033
1634118900 20.14 98.29 0 4.039
1634118960 20.16 98.27 0 4.039
1634119020 20.19 98.37 0 4.033
1634119080 20.22 98.34 0 4.033
1634119140 20.23 98.25 0 4.039
1634119200 20.25 98.24 0 4.033
1634119260 20.25 98.22 0 4.033
1634119320 20.28 98.26 0 4.033
1634119380 20.29 98.3 0 4.033
1634119440 20.33 98.22 0 4.039
1634119500 20.33 98.14 0 4.039
1634119560 20.36 98.05 0 4.033
1634119620 20.4 97.99 0 4.039
1634119680 20.4 97.75 0 4.033
1634119740 20.4 97.55 0 4.033
1634119800 20.4 97.37 0 4.033
1634119860 20.36 97.08 0 4.033
1634119920 20.38 97.03 0 4.033
1634119980 20.39 97 0 4.033
1634120040 20.35 96.84 0 4.033
1634120100 20.32 96.6 0 4.033
1634120160 20.36 96.62 0 4.033
1634120220 20.39 96.88 0 4.033
1634120280 20.4 96.87 0 4.033
1634120340 20.42 96.91 0 4.033
1634120400 20.36 96.86 0 4.039
1634120460 20.35 96.91 0 4.039
1634120520 20.31 96.96 0 4.033
1634120580 20.33 97.09 0 4.039
1634120640 20.35 97.11 0 4.033
1634120700 20.26 97.12 4 4.033
1634120760 20.25 97.33 4 4.033
1634120820 20.21 97.26 4 4.033
1634120880 20.19 97.38 10 4.033
1634120940 20.18 97.49 10 4.033
1634121000 20.15 97.46 10 4.033
1634121060 20.09 97.36 16 4.033
1634121120 20.07 97.34 16 4.039
1634121180 20.07 97.37 16 4.033
1634121240 20.08 97.41 16 4.033
1634121300 20.15 97.42 16 4.033
1634121360 20.11 97.39 10 4.033
1634121420 20.16 97.46 10 4.033
1634121480 20.18 97.58 10 4.039
1634121540 20.12 97.29 10 4.033
1634121600 20.12 97.41 10 4.033
1634121660 20.11 97.43 10 4.033
1634121720 20.12 97.35 10 4.033
1634121780 20.08 97.34 10 4.033
1634121840 20.07 97.42 10 4.033
1634121900 20.11 97.49 10 4.033
1634121960 20.11 97.55 10 4.033
1634122020 20.12 97.6 16 4.033
1634122080 20.14 97.61 16 4.033
1634122140 20.12 97.59 22 4.033
1634122200 20.14 97.65 22 4.033
1634122260 20.15 97.69 28 4.033
1634122320 20.16 97.75 28 4.033
1634122380 20.19 97.7 34 4.033
1634122440 20.21 97.61 34 4.033
1634122500 20.21 97.57 40 4.033
1634122560 20.23 97.56 40 4.033
1634122620 20.25 97.41 46 4.033
1634122680 20.26 97.31 46 4.033
1634122740 20.31 96.96 52 4.033
1634122800 20.32 96.77 52 4.033
1634122860 20.33 96.46 58 4.033
1634122920 20.35 96.2 58 4.033
1634122980 20.31 95.93 58 4.033
1634123040 20.29 96.11 64 4.033
1634123100 20.33 96.07 64 4.033
1634123160 20.33 96.01 70 4.033
1634123220 20.35 95.86 70 4.033
1634123280 20.35 95.61 76 4.033
1634123340 20.39 95.48 82 4.039
1634123400 20.39 95.31 82 4.039
1634123460 20.4 95.39 88 4.033
1634123520 20.47 95.32 94 4.033
1634123580 20.53 95.55 94 4.033
1634123640 20.6 95.76 100 4.033
1634123700 20.66 95.6 105 4.039
1634123760 20.71 95.87 111 4.033
1634123820 20.79 95.75 117 4.039
1634123880 20.84 95.88 135 4.039
1634123940 21 96.05 153 4.039
1634124000 21.04 95.81 159 4.039
1634124060 21.15 95.9 171 4.039
1634124120 21.2 95.36 183 4.039
1634124180 21.42 96.03 195 4.044
1634124240 21.41 94.22 201 4.044
1634124300 21.5 94.04 195 4.044
1634124360 21.55 92.55 183 4.044
1634124420 21.5 90.45 201 4.044
1634124480 21.63 90.77 165 4.039
1634124540 21.71 90.54 177 4.044
1634124600 21.69 89.86 153 4.044
1634124660 21.63 88.58 141 4.039
1634124720 21.65 88.2 129 4.039
1634124780 21.62 87.63 129 4.039
1634124840 21.6 87.12 141 4.039
1634124900 21.49 87 135 4.039
1634124960 21.48 87.47 135 4.039
1634125020 21.46 87.99 141 4.039
1634125080 21.45 88.76 147 4.044
1634125140 21.45 88.4 141 4.039
1634125200 21.44 88.69 141 4.044
1634125260 21.48 89.02 147 4.044
1634125320 21.49 88.66 147 4.044
1634125380 21.49 88.68 147 4.044
1634125440 21.58 89.95 147 4.039
1634125500 21.6 90.23 147 4.044
1634125560 21.66 91.08 147 4.044
1634125620 21.71 90.48 147 4.039
1634125680 21.73 90.02 147 4.044
1634125740 21.76 89.68 147 4.044
1634125800 21.79 88.74 153 4.044
1634125860 21.85 88.35 153 4.044
1634125920 21.89 88.55 153 4.044
1634125980 21.87 87.2 159 4.044
1634126040 21.89 87.19 159 4.044
1634126100 21.96 87.97 159 4.044
1634126160 22.01 87.61 165 4.044
1634126220 22.06 86.76 171 4.044
1634126280 22.08 86.69 177 4.044
1634126340 22.14 86.93 183 4.044
1634126400 22.24 87.15 189 4.049
1634126460 22.27 86.45 189 4.044
1634126520 22.26 85.18 195 4.044
1634126580 22.33 85.61 201 4.044
1634126640 22.44 86.66 201 4.044
1634126700 22.51 85.45 207 4.049
1634126760 22.44 84.05 213 4.044
1634126820 22.43 84.32 219 4.049
1634126880 22.41 84.77 225 4.049
1634126940 22.45 85.09 231 4.049
1634127000 22.48 84.92 237 4.049
1634127060 22.5 84.55 237 4.049
1634127120 22.64 85.75 243 4.049
1634127180 22.78 85.94 243 4.049
1634127240 22.91 86.36 231 4.049
1634127300 23.03 87.47 231 4.049
1634127360 23.1 87.91 231 4.049
1634127420 23.03 86.66 231 4.049
1634127480 23.06 86.37 225 4.049
1634127540 23.17 86.26 219 4.049
1634127600 23.19 85.61 213 4.049
1634127660 23.3 85.86 207 4.049
1634127720 23.39 84.95 201 4.049
1634127780 23.36 84 201 4.055
1634127840 23.5 84.53 201 4.049
1634127900 23.5 82.82 207 4.049
1634127960 23.56 83.32 207 4.049
1634128020 23.6 83.21 213 4.055
1634128080 23.68 83.11 213 4.049
1634128140 23.71 82.54 213 4.049
1634128200 23.71 83.34 231 4.055
1634128260 23.78 83.3 268 4.06
1634128320 23.88 84.11 415 4.044
1634128380 24.12 83.6 516 4.044
1634128440 24.44 81.18 522 4.044
1634128500 24.66 80.95 528 4.044
1634128560 24.87 78.28 563 4.039
1634128620 25.1 77.73 563 4.039
1634128680 25.39 77 575 4.039
1634128740 25.45 77.2 587 4.039
1634128800 25.49 79.38 551 4.039
1634128860 25.52 78.59 581 4.044
1634128920 25.44 79.67 587 4.039
1634128980 25.48 77.98 593 4.039
1634129040 25.62 79.05 599 4.039
1634129100 25.68 78.13 593 4.039
1634129160 25.86 75.81 611 4.039
1634129220 26.22 74.65 611 4.033
1634129280 26.23 74.68 615 4.039
1634129340 26.23 73.64 635 4.039
1634129400 26.16 75.54 658 4.039
1634129460 26.31 75.52 664 4.039
1634129520 26.27 76.3 676 4.039
1634129580 26.13 75.92 682 4.039
1634129640 26.17 74.92 676 4.033
1634129700 26.34 73.67 676 4.039
1634129760 26.52 73.08 676 4.039
1634129820 26.54 73.51 670 4.039
1634129880 26.71 73.41 670 4.039
1634129940 26.67 72.73 692 4.039
1634130000 26.85 72.22 528 4.039
1634130060 27.05 70.65 704 4.039
1634130120 27.13 70.35 706 4.039
1634130180 27.3 69.25 551 4.039
1634130240 27.16 69.3 379 4.033
1634130300 27.29 69.09 355 4.033
1634130360 27.28 68.46 379 4.039
1634130420 27.06 68.97 385 4.033
1634130480 27.08 69.36 361 4.039
1634130540 26.83 71.02 325 4.033
1634130600 26.75 71.61 290 4.039
1634130660 26.57 70.06 266 4.033
1634130720 26.14 72.1 248 4.039
1634130780 26.02 72.6 236 4.039
1634130840 25.59 73.33 224 4.033
1634130900 25.32 76.04 206 4.033
1634130960 25.21 77.53 189 4.033
1634131020 25.11 76.74 177 4.039
1634131080 24.93 77.02 189 4.044
1634131140 24.52 77.72 207 4.044
1634131200 24.39 78.12 219 4.044
1634131260 24.29 79.02 219 4.044
1634131320 24.23 79.15 219 4.044
1634131380 23.97 80 213 4.044
1634131440 23.77 80.62 207 4.044
1634131500 23.75 81.75 207 4.049
1634131560 23.43 81.72 201 4.044
1634131620 23.5 81.69 207 4.044
1634131680 23.26 82.07 219 4.044
1634131740 22.93 82.94 225 4.049
1634131800 23.02 84.09 236 4.049
1634131860 23.16 82.53 249 4.049
1634131920 22.91 82.96 260 4.049
1634131980 23.02 85.07 266 4.049
1634132040 23.19 84.15 280 4.049
1634132100 23.23 82.65 290 4.049
1634132160 23.19 82.9 296 4.039
1634132220 23.26 83.49 302 4.044
1634132280 23.47 83.24 314 4.044
1634132340 23.71 82.74 314 4.044
1634132400 23.82 80.63 319 4.039
1634132460 23.43 80.26 314 4.039
1634132520 23.3 82.43 314 4.039
1634132580 23.42 83.83 314 4.039
1634132640 23.71 83.16 325 4.039
1634132700 23.97 82.72 337 4.039
1634132760 24.05 81.17 349 4.039
1634132820 24.19 79.31 355 4.039
1634132880 24.3 79.35 361 4.039
1634132940 24.46 79.21 361 4.039
1634133000 24.57 78.88 391 4.039
1634133060 24.56 78.71 438 4.039
1634133120 24.65 77.67 581 4.039
1634133180 24.71 77.56 557 4.039
1634133240 24.84 78.35 480 4.039
1634133300 24.87 76.41 421 4.039
1634133360 24.86 77.14 367 4.039
1634133420 24.67 76.81 337 4.039
1634133480 24.65 77.62 314 4.039
1634133540 24.69 76.4 296 4.039
1634133600 24.73 77.99 278 4.039
1634133660 24.66 78.34 242 4.039
1634133720 24.6 76.7 212 4.039
1634133780 24.53 77.09 201 4.044
1634133840 24.55 77.54 189 4.044
1634133900 24.53 78.72 177 4.044
1634133960 24.53 78.26 165 4.044
1634134020 24.53 78.66 159 4.044
1634134080 24.42 78.46 147 4.044
1634134140 24.3 78.52 141 4.044
1634134200 24.25 78.58 141 4.044
1634134260 24.25 78.35 153 4.044
1634134320 24.18 78.32 159 4.044
1634134380 24.02 78.31 171 4.044
1634134440 23.72 79.84 177 4.044
1634134500 23.77 79.98 183 4.049
1634134560 23.89 80.14 183 4.049
1634134620 23.89 78.66 189 4.049
1634134680 23.85 77.73 195 4.049
1634134740 23.8 77.89 201 4.049
1634134800 23.82 78.47 207 4.049
1634134860 23.91 79 213 4.049
1634134920 23.97 79.27 225 4.049
1634134980 23.97 79.15 237 4.049
1634135040 24.09 79.48 243 4.049
1634135100 24.19 78.64 249 4.049
1634135160 24.12 77.88 256 4.055
1634135220 24.01 79.59 262 4.055
1634135280 23.95 79.29 262 4.055
1634135340 24.02 78.38 274 4.055
1634135400 24.05 78.13 284 4.049
1634135460 24.08 77.52 302 4.044
1634135520 24.29 78.36 326 4.044
1634135580 24.52 78.45 343 4.044
1634135640 24.66 77.78 350 4.044
1634135700 24.78 76.12 349 4.044
1634135760 24.77 74.99 343 4.039
1634135820 24.8 75.37 343 4.039
1634135880 24.86 76.2 355 4.039
1634135940 24.59 75.13 349 4.039
1634136000 24.76 75.06 355 4.039
1634136060 24.9 73.84 361 4.044
1634136120 25.1 74.51 367 4.039
1634136180 25.28 73.47 367 4.039
1634136240 25.24 72.66 367 4.039
1634136300 25.1 75.23 367 4.039
1634136360 25.28 75.33 367 4.039
1634136420 25.52 72.89 361 4.039
1634136480 25.73 72.21 355 4.039
1634136540 25.94 71.16 349 4.039
1634136600 25.92 72.43 349 4.039
1634136660 25.89 71.81 349 4.039
1634136720 25.76 71.67 343 4.039
1634136780 25.59 71.56 343 4.039
1634136840 25.62 72.12 343 4.039
1634136900 25.55 73.04 343 4.039
1634136960 25.46 71.83 349 4.039
1634137020 25.48 72.14 355 4.033
1634137080 25.44 72.28 355 4.039
1634137140 25.51 72.71 361 4.039
1634137200 25.62 72.39 361 4.039
1634137260 25.51 73.23 367 4.039
1634137320 25.41 74.07 373 4.039
1634137380 25.32 74.01 391 4.033
1634137440 25.13 74.81 396 4.033
1634137500 25.07 75.67 397 4.039
1634137560 25.24 75.2 421 4.039
1634137620 25.28 74.39 438 4.039
1634137680 25.36 75.04 456 4.039
1634137740 25.34 73.8 486 4.033
1634137800 25.52 74.62 539 4.033
1634137860 25.82 73.56 831 4.039
1634137920 26.04 72.77 492 4.039
1634137980 26.06 71.5 510 4.039
1634138040 26.14 70.8 623 4.033
1634138100 26.16 70.49 545 4.039
1634138160 26.07 71.38 1144 4.033
1634138220 26.51 70.72 1280 4.039
1634138280 26.82 69.72 879 4.071
1634138340 27.36 67.93 856 4.076
1634138400 27.28 68.52 820 4.082
1634138460 27.3 67.37 1052 4.092
1634138520 27.7 65.81 755 4.082
1634138580 28.12 65.83 792 4.082
1634138640 28.34 65.62 673 4.055
1634138700 28.11 65.53 820 4.049
1634138760 27.83 64.97 1004 4.049
1634138820 27.97 64.64 891 4.044
1634138880 28.32 64.54 599 4.049
1634138940 28.22 65.26 754 4.044
1634139000 28.46 63.53 1129 4.044
1634139060 28.55 63.93 1218 4.044
1634139120 28.92 63.83 1176 4.044
1634139180 29.21 62.64 391 4.044
1634139240 28.83 62.57 409 4.044
1634139300 28.69 64.03 379 4.044
1634139360 28.77 63.5 1075 4.044
1634139420 28.78 62.08 1063 4.039
1634139480 28.62 62.48 933 4.044
1634139540 29.05 60.31 457 4.044
1634139600 29.11 60.07 1182 4.044
1634139660 28.97 60.46 777 4.044
1634139720 29.07 61.98 528 4.039
1634139780 29.31 63.23 1051 4.039
1634139840 29.35 58.92 883 4.039
1634139900 29.48 61.18 658 4.039
1634139960 28.57 59.97 266 4.039
1634140020 27.88 61.4 290 4.039
1634140080 27.14 63.14 1087 4.092
1634140140 26.92 64.27 1058 4.092
1634140200 26.92 65.49 1004 4.092
1634140260 27.03 65.75 993 4.049
1634140320 27.59 64.18 986 4.044
1634140380 27.98 63.08 730 4.049
1634140440 27.98 60.99 986 4.044
1634140500 27.78 62.85 980 4.049
1634140560 27.95 61.44 992 4.044
1634140620 28.43 60.24 998 4.044
1634140680 27.95 59.06 1004 4.044
1634140740 27.63 63.37 998 4.044
1634140800 28.05 60.94 1022 4.044
1634140860 28.35 59.9 689 4.049
1634140920 28.39 61.87 974 4.044
1634140980 28.12 61.82 1028 4.044
1634141040 28.32 61.5 1028 4.044
1634141100 28.43 58.76 1046 4.044
1634141160 28.7 62.86 1063 4.044
1634141220 28.86 56.73 1075 4.044
1634141280 28.86 56.98 611 4.039
1634141340 29.13 58.33 1099 4.044
1634141400 29.05 57.31 831 4.044
1634141460 28.38 57.15 296 4.044
1634141520 28.04 57.88 320 4.044
1634141580 27.56 58.52 1040 4.044
1634141640 27.36 58.69 1040 4.044
1634141700 27.88 58.4 1034 4.044
1634141760 28.6 57.35 1040 4.044
1634141820 28.38 56.97 1040 4.044
1634141880 28.53 57.05 1033 4.044
1634141940 28.55 56.36 1034 4.044
1634142000 28.65 57.9 1034 4.044
1634142060 28.86 56.06 1052 4.044
1634142120 28.86 55.26 1069 4.044
1634142180 28.8 58.59 1103 4.039
1634142240 28.7 57.89 909 4.044
1634142300 28.92 54.8 415 4.044
1634142360 28.92 55.18 337 4.044
1634142420 28.8 57.22 278 4.039
1634142480 29.24 56.19 266 4.044
1634142540 29.15 55.67 361 4.044
1634142600 28.86 57.26 996 4.039
1634142660 29.04 56.34 1014 4.039
1634142720 28.96 55.12 1021 4.044
1634142780 29.21 55.83 1002 4.039
1634142840 29.52 56.87 984 4.039
1634142900 29.71 55.21 966 4.039
1634142960 29.77 57.28 992 4.044
1634143020 29.84 55.07 1008 4.039
1634143080 30.03 54.81 1045 4.039
1634143140 30.3 54.32 1067 4.039
1634143200 30.67 54.65 1097 4.039
1634143260 30.45 52.08 421 4.044
1634143320 29.99 53.75 1103 4.039
1634143380 29.98 54.46 1057 4.039
1634143440 29.95 54.89 1067 4.039
1634143500 29.96 53.9 1045 4.044
1634143560 30 54.25 1057 4.039
1634143620 30.3 53.2 1051 4.039
1634143680 30.45 53.15 1019 4.082
1634143740 30.75 53.66 996 4.087
1634143800 30.85 50.79 978 4.087
1634143860 30.54 50.97 986 4.092
1634143920 30.65 51.52 980 4.092
1634143980 30.96 53.07 980 4.092
1634144040 30.5 50.54 938 4.092
1634144100 30.35 51.49 951 4.092
1634144160 30.3 52.13 975 4.098
1634144220 30.61 52.44 969 4.098
1634144280 30.79 51.83 999 4.098
1634144340 30.9 50.77 1001 4.103
1634144400 31.19 50.61 561 4.065
1634144460 31.74 51.28 1002 4.06
1634144520 31.78 49.65 823 4.055
1634144580 31.78 48.21 1031 4.055
1634144640 31.97 49.24 1060 4.06
1634144700 32.41 47.44 1025 4.055
1634144760 32.61 48.14 1025 4.055
1634144820 32.59 47.64 1037 4.055
1634144880 32.18 49.24 1031 4.055
1634144940 32.04 51.41 1037 4.055
1634145000 32.03 47.06 1037 4.055
1634145060 31.25 50.35 1037 4.055
1634145120 30.34 53.2 1042 4.055
1634145180 30.16 53.21 1036 4.055
1634145240 29.76 53.04 1042 4.055
1634145300 29.48 53.36 1025 4.055
1634145360 29.58 54.07 1048 4.055
1634145420 30.19 53.78 1025 4.055
1634145480 30.19 52.32 1054 4.055
1634145540 30.31 52.9 326 4.055
1634145600 30.82 52.77 266 4.055
1634145660 31 52.5 219 4.049
1634145720 30.95 51.79 225 4.049
1634145780 30.77 52.27 231 4.049
1634145840 30.58 52.12 249 4.049
1634145900 30.41 52.97 387 4.049
1634145960 29.93 53.08 1070 4.049
1634146020 29.28 52.59 1054 4.049
1634146080 29.62 53.42 870 4.049
1634146140 30.11 52.98 1094 4.049
1634146200 30.28 52.17 1076 4.049
1634146260 29.69 51.72 1070 4.049
1634146320 30.26 53.74 1064 4.049
1634146380 30.54 52.21 1052 4.049
1634146440 30.78 52.21 1052 4.049
1634146500 30.6 50.87 1052 4.049
1634146560 31 49.84 1064 4.049
1634146620 31.27 49.26 1082 4.049
1634146680 31.77 49.08 1106 4.049
1634146740 31.6 50.19 1124 4.049
1634146800 31.3 48.67 1106 4.049
1634146860 30.89 50.67 320 4.049
1634146920 30.19 50.1 1064 4.049
1634146980 29.79 53.74 1040 4.049
1634147040 29.44 53.37 284 4.049
1634147100 28.92 53.85 326 4.049
1634147160 28.78 54.33 1124 4.049
1634147220 28.98 53.51 1070 4.049
1634147280 29.28 53.33 1052 4.049
1634147340 29.34 52.77 1017 4.049
1634147400 29.62 51.93 992 4.049
1634147460 29.72 52.2 999 4.049
1634147520 30.48 51.01 993 4.049
1634147580 31.26 48.53 1022 4.049
1634147640 31.7 51.45 1036 4.049
1634147700 31.73 45.7 1036 4.049
1634147760 31.9 46.34 1036 4.049
1634147820 32.14 45.99 814 4.049
1634147880 32.11 45.48 874 4.049
1634147940 32.14 45.88 1004 4.049
1634148000 32.08 46.14 968 4.049
1634148060 31.9 46.18 969 4.044
1634148120 32.19 46.69 999 4.049
1634148180 32.19 46.01 1005 4.044
1634148240 32.48 47.35 987 4.044
1634148300 32.48 45.68 987 4.049
1634148360 32.36 44.88 993 4.049
1634148420 32.46 46.46 999 4.049
1634148480 32.49 45.46 1017 4.044
1634148540 32.67 45.05 1011 4.049
1634148600 32.76 43.78 1040 4.044
1634148660 33.03 44.47 1052 4.049
1634148720 33.44 43.65 1057 4.044
1634148780 33.86 43.18 1070 4.044
1634148840 33.52 44.23 1087 4.044
1634148900 33.37 43.21 1118 4.049
1634148960 32.8 45.88 1117 4.044
1634149020 33.14 43.77 1046 4.044
1634149080 33.25 43.26 927 4.044
1634149140 33.31 43.06 1046 4.049
1634149200 33.49 43.16 1016 4.049
1634149260 33.79 42.13 1030 4.044
1634149320 33.54 42.67 1040 4.044
1634149380 33.52 42.65 1040 4.044
1634149440 33.17 44.7 1016 4.044
1634149500 33.49 44.09 1022 4.044
1634149560 33.61 42.7 956 4.044
1634149620 33.47 42.74 1057 4.044
1634149680 33.54 42.26 1017 4.049
1634149740 33.64 44.02 1004 4.049
1634149800 33.92 43.03 992 4.044
1634149860 33.31 43.87 993 4.044
1634149920 33.28 44.41 987 4.044
1634149980 33.79 42.29 992 4.044
1634150040 33.71 43.71 992 4.044
1634150100 33.76 45.1 986 4.044
1634150160 33.99 41.82 968 4.049
1634150220 33.11 44.15 962 4.044
1634150280 32.76 44.46 950 4.044
1634150340 32.46 44.63 927 4.044
1634150400 32.49 46.84 933 4.044
1634150460 32.53 46.49 921 4.044
1634150520 32.8 43.42 921 4.044
1634150580 33.06 44.45 903 4.044
1634150640 33.14 44.03 915 4.044
1634150700 33.43 43.66 921 4.044
1634150760 32.82 43.58 938 4.044
1634150820 32.01 44.45 950 4.044
1634150880 31.92 45.36 944 4.044
1634150940 32.9 44.18 927 4.044
1634151000 33.34 43.03 944 4.044
1634151060 33.49 43.46 938 4.044
1634151120 33.25 42.98 927 4.044
1634151180 33.73 43.54 944 4.044
1634151240 33.28 43.24 921 4.044
1634151300 33.43 41.28 879 4.044
1634151360 33.72 41.44 891 4.044
1634151420 33.78 43.55 861 4.044
1634151480 33.35 42 808 4.044
1634151540 33.04 42.16 873 4.044
1634151600 32.67 42.58 861 4.044
1634151660 32.9 41.6 825 4.044
1634151720 33.04 41.59 796 4.044
1634151780 33.06 42.07 855 4.039
1634151840 33.21 42.63 849 4.044
1634151900 33.73 42.02 855 4.044
1634151960 33.64 41.46 855 4.044
1634152020 33.57 41.19 843 4.044
1634152080 33.32 40.21 849 4.039
1634152140 33.54 41.35 853 4.044
1634152200 33.67 40.52 843 4.044
1634152260 33.58 41.48 861 4.044
1634152320 33.8 41.01 861 4.044
1634152380 33.99 40.77 855 4.044
1634152440 33.48 40.48 855 4.044
1634152500 33.68 40.97 849 4.044
1634152560 33.96 40.78 843 4.044
1634152620 34.22 40.41 837 4.039
1634152680 33.94 39.5 783 4.039
1634152740 33.79 41.94 676 4.039
1634152800 34.39 39.76 825 4.039
1634152860 34.12 40.42 814 4.039
1634152920 34.05 40.44 796 4.044
1634152980 34.09 39.52 752 4.044
1634153040 33.86 39.48 752 4.044
1634153100 33.37 40.63 772 4.044
1634153160 33.47 40.94 736 4.039
1634153220 33.85 41.17 730 4.044
1634153280 33.59 41.13 730 4.044
1634153340 33.47 40.98 689 4.044
1634153400 33.09 40.74 659 4.044
1634153460 33.01 41.25 665 4.039
1634153520 32.79 41.99 682 4.039
1634153580 32.63 42.98 682 4.039
1634153640 32.89 41.57 659 4.039
1634153700 32.96 42.72 647 4.044
1634153760 32.94 42.49 623 4.044
1634153820 33.07 44.15 617 4.044
1634153880 32.86 42.98 605 4.039
1634153940 32.72 42.34 582 4.039
1634154000 32.58 43.94 546 4.044
1634154060 32.69 43.25 540 4.039
1634154120 32.63 44.49 504 4.039
1634154180 32.8 43.01 498 4.044
1634154240 32.65 43.51 486 4.044
1634154300 32.39 43.01 462 4.039
1634154360 31.76 43.93 438 4.039
1634154420 31.74 44.9 451 4.039
1634154480 31.84 44.24 469 4.049
1634154540 31.78 45.22 481 4.049
1634154600 31.6 44.82 493 4.049
1634154660 31.61 46.12 481 4.049
1634154720 31.95 44.11 433 4.055
1634154780 32.14 44.11 391 4.055
1634154840 32.1 42.22 415 4.049
1634154900 32.15 43.4 439 4.055
1634154960 32.05 42.97 429 4.055
1634155020 31.83 42.81 435 4.055
1634155080 31.91 44.35 451 4.055
1634155140 31.92 44.02 469 4.049
1634155200 31.77 44.04 599 4.044
1634155260 31.8 44.81 659 4.044
1634155320 32.07 44.55 695 4.044
1634155380 32.15 44.44 689 4.044
1634155440 32.29 44.91 683 4.044
1634155500 32.22 44.9 671 4.044
1634155560 32.35 46.04 665 4.044
1634155620 32.59 44.69 653 4.044
1634155680 32.28 45.73 641 4.044
1634155740 32.18 46.97 647 4.044
1634155800 31.98 46.84 647 4.044
1634155860 31.88 48.23 641 4.044
1634155920 31.67 47.6 635 4.044
1634155980 31.68 49.06 629 4.044
1634156040 31.61 48.21 629 4.044
1634156100 31.56 50.66 617 4.044
1634156160 31.78 49.6 617 4.044
1634156220 31.59 49.87 605 4.039
1634156280 31.56 50.07 600 4.055
1634156340 31.76 49.51 600 4.055
1634156400 31.8 50.14 594 4.055
1634156460 31.87 48.88 594 4.055
1634156520 31.91 48.79 594 4.055
1634156580 31.51 50.68 594 4.055
1634156640 31.29 51.23 590 4.055
1634156700 31.54 51.02 584 4.06
1634156760 31.25 51.41 578 4.055
1634156820 31.19 51.73 566 4.055
1634156880 30.75 53.62 572 4.06
1634156940 30.95 54.59 564 4.049
1634157000 30.6 54.64 570 4.049
1634157060 30.45 54.91 570 4.049
1634157120 30.4 55.32 564 4.049
1634157180 30.53 56.45 558 4.044
1634157240 30.47 56.52 552 4.049
1634157300 30.78 55.82 546 4.044
1634157360 30.54 55.66 540 4.044
1634157420 30.04 57.69 546 4.044
1634157480 29.63 58.34 534 4.049
1634157540 29.41 59.22 540 4.044
1634157600 29.66 58.02 534 4.049
1634157660 29.56 59.27 534 4.049
1634157720 29.53 59.1 528 4.044
1634157780 30.06 58.21 522 4.044
1634157840 30.54 57.37 510 4.044
1634157900 30.84 55.52 504 4.044
1634157960 30.31 56.76 480 4.044
1634158020 30.23 57.88 480 4.044
1634158080 30.44 57.52 487 4.049
1634158140 30.57 56.88 493 4.055
1634158200 30.55 56.97 487 4.055
1634158260 30.55 56.24 498 4.049
1634158320 30.4 56.82 518 4.044
1634158380 30.41 56.52 510 4.044
1634158440 30.21 57.59 510 4.044
1634158500 29.68 59.59 504 4.044
1634158560 29.98 58.68 510 4.044
1634158620 30.35 57.39 510 4.049
1634158680 29.79 58.6 516 4.044
1634158740 30.06 59.07 516 4.044
1634158800 29.86 59.54 540 4.044
1634158860 29.98 59.62 540 4.044
1634158920 30.04 58.48 546 4.044
1634158980 30.19 58.3 445 4.055
1634159040 29.86 58.22 272 4.044
1634159100 29.42 58.49 528 4.044
1634159160 28.53 61.9 540 4.049
1634159220 28.71 62.71 528 4.044
1634159280 28.97 61.59 522 4.044
1634159340 28.78 63.09 504 4.044
1634159400 29.25 63.01 498 4.044
1634159460 29.35 61.48 492 4.044
1634159520 28.97 62.42 480 4.044
1634159580 28.43 64.03 474 4.044
1634159640 28.76 63.77 468 4.044
1634159700 29.28 62.46 468 4.044
1634159760 29.21 61.34 451 4.044
1634159820 28.87 62.88 445 4.044
1634159880 28.83 62.89 445 4.055
1634159940 28.98 62.69 441 4.055
1634160000 28.74 63.06 441 4.055
1634160060 28.57 63.68 435 4.055
1634160120 28.15 64.15 435 4.055
1634160180 27.92 65.08 429 4.055
1634160240 27.95 66.1 423 4.055
1634160300 27.85 64.94 417 4.055
1634160360 27.87 65 405 4.055
1634160420 27.56 65.26 399 4.055
1634160480 27.44 65.74 393 4.06
1634160540 27.16 66.39 387 4.055
1634160600 27.08 67.24 374 4.06
1634160660 27.06 67.45 368 4.055
1634160720 27.06 67.08 362 4.06
1634160780 27.05 67.21 350 4.06
1634160840 26.83 68.27 344 4.055
1634160900 26.71 68.79 338 4.055
1634160960 26.67 68.67 332 4.055
1634161020 26.86 68.62 332 4.055
1634161080 27.19 67.61 328 4.055
1634161140 27.25 67.12 322 4.055
1634161200 27.22 67.06 314 4.055
1634161260 27.28 67.8 308 4.06
1634161320 27.46 66.09 296 4.055
1634161380 27.1 67.17 296 4.055
1634161440 26.85 68.2 292 4.055
1634161500 26.77 68.32 286 4.055
1634161560 26.92 67.86 274 4.055
1634161620 26.67 68.61 147 4.055
1634161680 26.54 69.28 137 4.055
1634161740 26.43 69.58 243 4.055
1634161800 26.59 69.53 237 4.055
1634161860 26.57 69 231 4.055
1634161920 26.38 69.54 219 4.055
1634161980 26.55 69.14 118 4.055
1634162040 26.48 69.32 201 4.055
1634162100 26.43 70.42 177 4.055
1634162160 26.38 69.45 153 4.055
1634162220 26.4 70.08 147 4.049
1634162280 26.58 69.34 153 4.049
1634162340 26.79 69.26 153 4.055
1634162400 26.86 68.11 153 4.055
1634162460 26.59 68.41 124 4.055
1634162520 26.48 68.74 124 4.055
1634162580 26.31 69.32 106 4.055
1634162640 26.48 69.43 106 4.049
1634162700 26.48 69.16 88 4.049
1634162760 26.51 68.91 76 4.049
1634162820 26.54 68.97 70 4.049
1634162880 26.45 69.44 64 4.049
1634162940 26.5 69.22 64 4.049
1634163000 26.44 69.21 64 4.049
1634163060 26.38 69.57 82 4.049
1634163120 26.31 70.02 88 4.055
1634163180 26.17 70.41 76 4.055
1634163240 26.14 70.61 52 4.055
1634163300 26.12 70.6 52 4.049
1634163360 26.14 70.67 52 4.049
1634163420 26.13 71.06 46 4.049
1634163480 26.07 71.36 46 4.049
1634163540 26.12 71.2 40 4.055
1634163600 26.04 71.24 34 4.049
1634163660 26.03 71.6 34 4.049
1634163720 25.9 71.47 34 4.049
1634163780 25.86 71.67 34 4.049
1634163840 25.77 71.73 28 4.049
1634163900 25.73 72.09 28 4.049
1634163960 25.64 72.54 28 4.049
1634164020 25.56 72.4 22 4.049
1634164080 25.44 72.79 16 4.049
1634164140 25.41 73.17 16 4.049
1634164200 25.22 73.74 16 4.049
1634164260 25.18 74.12 10 4.049
1634164320 25.22 73.88 10 4.055
1634164380 25.31 74.03 10 4.049
1634164440 25.25 74.14 4 4.049
1634164500 25.25 74.09 4 4.049
1634164560 25.24 73.78 4 4.049
1634164620 25.11 74.23 4 4.055
1634164680 25.03 74.64 4 4.049
1634164740 25.04 74.63 0 4.049
1634164800 25.07 74.6 0 4.049
1634164860 25.08 75.3 0 4.049
1634164920 25.06 74.94 0 4.049
1634164980 25.03 74.64 0 4.049
1634165040 24.95 74.97 0 4.049
1634165100 24.9 75.02 0 4.049
1634165160 24.84 75.28 0 4.049
1634165220 24.8 75.83 0 4.049
1634165280 24.71 75.97 0 4.049
1634165340 24.62 76.22 0 4.049
1634165400 24.65 76.43 0 4.049
1634165460 24.63 76.4 0 4.049
1634165520 24.6 76.41 0 4.049
1634165580 24.63 76.49 0 4.049
1634165640 24.69 76.49 0 4.049
1634165700 24.67 76.69 0 4.049
1634165760 24.7 76.57 0 4.055
1634165820 24.73 76.25 0 4.049
1634165880 24.67 76.51 0 4.049
1634165940 24.67 76.18 0 4.055
1634166000 24.65 76.29 0 4.049
1634166060 24.62 76.52 0 4.049
1634166120 24.63 76.79 0 4.049
1634166180 24.6 77.03 0 4.049
1634166240 24.56 76.63 0 4.049
1634166300 24.56 77.01 0 4.049
1634166360 24.56 77.01 0 4.049
1634166420 24.52 77.09 0 4.049
1634166480 24.48 77.02 0 4.049
1634166540 24.52 76.93 0 4.049
1634166600 24.55 76.97 0 4.049
1634166660 24.53 76.86 0 4.049
1634166720 24.52 76.84 0 4.049
1634166780 24.59 76.63 0 4.049
1634166840 24.57 76.73 0 4.049
1634166900 24.63 76.85 0 4.049
1634166960 24.59 76.81 0 4.049
1634167020 24.6 76.51 0 4.049
1634167080 24.62 76.53 0 4.049
1634167140 24.59 76.45 0 4.049
1634167200 24.57 76.5 0 4.049
1634167260 24.52 76.62 0 4.049
1634167320 24.49 77 0 4.049
1634167380 24.5 77.1 0 4.049
1634167440 24.55 77.12 0 4.049
1634167500 24.56 76.85 0 4.049
1634167560 24.5 76.97 0 4.049
1634167620 24.49 77.35 0 4.049
1634167680 24.49 77.39 0 4.049
1634167740 24.48 77.29 0 4.049
1634167800 24.44 77.29 0 4.049
1634167860 24.46 77.43 0 4.049
1634167920 24.44 77.71 0 4.049
1634167980 24.43 77.66 0 4.044
1634168040 24.36 77.81 0 4.049
1634168100 24.36 78.19 0 4.049
1634168160 24.36 77.92 0 4.049
1634168220 24.3 78.06 0 4.049
1634168280 24.32 78.25 0 4.049
1634168340 24.29 78.15 0 4.049
1634168400 24.33 78.43 0 4.049
1634168460 24.39 78.48 0 4.049
1634168520 24.39 77.9 0 4.049
1634168580 24.38 77.91 0 4.049
1634168640 24.35 78.15 0 4.049
1634168700 24.35 78.43 0 4.049
1634168760 24.29 78.56 0 4.049
1634168820 24.25 78.75 0 4.049
1634168880 24.25 78.97 0 4.049
1634168940 24.25 78.8 0 4.049
1634169000 24.19 78.86 0 4.049
1634169060 24.19 79.02 0 4.049
1634169120 24.23 79.54 0 4.049
1634169180 24.28 79.49 0 4.049
1634169240 24.26 78.73 0 4.049
1634169300 24.28 78.9 0 4.049
1634169360 24.26 79.02 0 4.049
1634169420 24.3 78.89 0 4.049
1634169480 24.32 78.78 0 4.049
1634169540 24.36 79 0 4.049
1634169600 24.33 78.99 0 4.049
1634169660 24.36 78.75 0 4.049
1634169720 24.38 78.82 0 4.049
1634169780 24.36 79.14 0 4.049
1634169840 24.33 79.11 0 4.049
1634169900 24.33 79.31 0 4.049
1634169960 24.3 79.56 0 4.044
1634170020 24.35 79.51 0 4.044
1634170080 24.28 79.56 0 4.044
1634170140 24.25 79.85 0 4.049
1634170200 24.29 80.11 0 4.049
1634170260 24.28 80.13 0 4.049
1634170320 24.25 80.2 0 4.049
1634170380 24.26 80.26 0 4.049
1634170440 24.23 80.28 0 4.049
1634170500 24.19 80.17 0 4.049
1634170560 24.16 80.49 0 4.049
1634170620 24.21 80.56 0 4.049
1634170680 24.18 80.68 0 4.049
1634170740 24.18 81.06 0 4.049
1634170800 24.14 80.74 0 4.049
1634170860 24.14 80.87 0 4.049
1634170920 24.18 80.99 0 4.049
1634170980 24.16 80.97 0 4.049
1634171040 24.15 80.98 0 4.049
1634171100 24.16 81 0 4.044
1634171160 24.15 80.87 0 4.049
1634171220 24.18 80.96 0 4.044
1634171280 24.15 80.98 0 4.049
1634171340 24.18 81.11 0 4.049
1634171400 24.11 81.16 0 4.049
1634171460 24.09 81.22 0 4.049
1634171520 24.12 81.24 0 4.049
1634171580 24.12 81.23 0 4.049
1634171640 24.12 81.34 0 4.049
1634171700 24.15 81.33 0 4.049
1634171760 24.15 81.44 0 4.044
1634171820 24.15 81.49 0 4.049
1634171880 24.16 81.67 0 4.049
1634171940 24.16 81.33 0 4.049
1634172000 24.22 81.55 0 4.044
1634172060 24.21 81.47 0 4.044
1634172120 24.21 81.18 0 4.049
1634172180 24.19 81.26 0 4.049
1634172240 24.21 81.66 0 4.044
1634172300 24.16 81.06 0 4.049
1634172360 24.16 81.2 0 4.049
1634172420 24.19 81.37 0 4.049
1634172480 24.15 81.29 0 4.044
1634172540 24.15 81.37 0 4.044
1634172600 24.16 81.52 0 4.049
1634172660 24.18 81.69 0 4.044
1634172720 24.21 81.75 0 4.049
1634172780 24.23 81.78 0 4.049
1634172840 24.21 81.58 0 4.049
1634172900 24.18 81.62 0 4.049
1634172960 24.18 81.54 0 4.044
1634173020 24.14 81.71 0 4.044
1634173080 24.12 82.01 0 4.049
1634173140 24.12 82.02 0 4.044
1634173200 24.09 82.09 0 4.044
1634173260 24.05 82.54 0 4.044
1634173320 24.05 82.65 0 4.049
1634173380 24.05 82.52 0 4.049
1634173440 24.07 82.83 0 4.044
1634173500 24.05 82.92 0 4.044
1634173560 24.08 82.52 0 4.044
1634173620 24.05 82.62 0 4.044
1634173680 24.07 82.53 0 4.049
1634173740 24.05 82.99 0 4.044
1634173800 24.01 82.72 0 4.044
1634173860 24 82.89 0 4.044
1634173920 24.02 82.8 0 4.044
1634173980 24 82.85 0 4.044
1634174040 23.97 82.81 0 4.044
1634174100 23.95 83.14 0 4.044
1634174160 23.97 83.28 0 4.044
1634174220 23.94 82.79 0 4.044
1634174280 23.92 83.26 0 4.044
1634174340 23.88 83.05 0 4.044
1634174400 23.85 83.17 0 4.044
1634174460 23.88 83.22 0 4.044
1634174520 23.88 83.26 0 4.044
1634174580 23.92 83.26 0 4.044
1634174640 23.92 83.3 0 4.044
1634174700 23.94 83.29 0 4.049
1634174760 23.97 83.28 0 4.044
1634174820 23.98 83.17 0 4.044
1634174880 24.01 83.03 0 4.044
1634174940 24 83.02 0 4.044
1634175000 23.97 82.96 0 4.044
1634175060 23.95 83.08 0 4.044
1634175120 23.95 83.1 0 4.044
1634175180 23.94 83.15 0 4.044
1634175240 23.92 83.01 0 4.044
1634175300 23.95 82.93 0 4.044
1634175360 23.97 83.17 0 4.044
1634175420 23.94 83.01 0 4.044
1634175480 23.91 83.32 0 4.044
1634175540 23.89 83.43 0 4.044
1634175600 23.89 83.64 0 4.044
1634175660 23.89 83.73 0 4.044
1634175720 23.89 83.84 0 4.044
1634175780 23.88 83.62 0 4.044
1634175840 23.87 83.85 0 4.044
1634175900 23.85 84.08 0 4.049
1634175960 23.88 84.09 0 4.044
1634176020 23.89 84.11 0 4.044
1634176080 23.92 83.75 0 4.044
1634176140 23.98 83.75 0 4.039
1634176200 23.95 83.7 0 4.044
1634176260 23.98 83.24 0 4.044
1634176320 23.97 83.18 0 4.044
1634176380 23.88 83.3 0 4.044
1634176440 23.95 83.61 0 4.044
1634176500 23.92 83.4 0 4.044
1634176560 23.95 83.33 0 4.044
1634176620 23.97 83.47 0 4.044
1634176680 23.94 83.27 0 4.044
1634176740 23.92 83.22 0 4.044
1634176800 23.84 83.49 0 4.044
1634176860 23.87 83.52 0 4.044
1634176920 23.88 83.64 0 4.044
1634176980 23.87 83.67 0 4.044
1634177040 23.87 83.84 0 4.044
1634177100 23.89 84.04 0 4.044
1634177160 23.87 83.58 0 4.044
1634177220 23.85 84.11 0 4.044
1634177280 23.85 83.84 0 4.044
1634177340 23.85 83.97 0 4.044
1634177400 23.85 83.88 0 4.044
1634177460 23.82 83.73 0 4.044
1634177520 23.8 83.74 0 4.044
1634177580 23.81 83.58 0 4.044
1634177640 23.81 83.56 0 4.044
1634177700 23.82 83.71 0 4.044
1634177760 23.82 83.81 0 4.044
1634177820 23.84 83.81 0 4.044
1634177880 23.81 83.72 0 4.039
1634177940 23.82 83.91 0 4.044
1634178000 23.84 83.96 0 4.044
1634178060 23.82 84.32 0 4.044
1634178120 23.87 84.22 0 4.044
1634178180 23.82 84.23 0 4.044
1634178240 23.87 83.68 0 4.044
1634178300 23.82 83.69 0 4.044
1634178360 23.8 83.64 0 4.044
1634178420 23.78 83.69 0 4.044
1634178480 23.77 83.72 0 4.044
1634178540 23.78 83.6 0 4.044
1634178600 23.81 83.64 0 4.044
1634178660 23.81 83.83 0 4.044
1634178720 23.84 83.61 0 4.044
1634178780 23.85 83.7 0 4.044
1634178840 23.87 84.17 0 4.044
1634178900 23.91 84.04 0 4.044
1634178960 23.88 84.11 0 4.044
1634179020 23.81 84.08 0 4.044
1634179080 23.78 84.4 0 4.044
1634179140 23.8 84.44 0 4.044
1634179200 23.78 84.34 0 4.044
1634179260 23.78 84.48 0 4.044
1634179320 23.77 84.45 0 4.044
1634179380 23.78 84.46 0 4.044
1634179440 23.78 84.46 0 4.039
1634179500 23.77 84.37 0 4.044
1634179560 23.75 84.47 0 4.044
1634179620 23.71 84.53 0 4.044
1634179680 23.67 84.83 0 4.044
1634179740 23.64 85 0 4.044
1634179800 23.6 85 0 4.044
1634179860 23.65 85.35 0 4.044
1634179920 23.63 85.14 0 4.044
1634179980 23.6 84.94 0 4.044
1634180040 23.6 84.95 0 4.044
1634180100 23.63 85.03 0 4.044
1634180160 23.71 84.9 0 4.044
1634180220 23.65 84.42 0 4.044
1634180280 23.63 84.72 0 4.044
1634180340 23.71 84.8 0 4.044
1634180400 23.65 84.69 0 4.044
1634180460 23.63 84.72 0 4.044
1634180520 23.63 84.74 0 4.044
1634180580 23.59 84.88 0 4.044
1634180640 23.57 84.97 0 4.044
1634180700 23.57 85.03 0 4.044
1634180760 23.6 85.21 0 4.039
1634180820 23.6 85.05 0 4.039
1634180880 23.63 85.27 0 4.044
1634180940 23.64 85.46 0 4.044
1634181000 23.61 85.65 0 4.044
1634181060 23.57 85.61 0 4.044
1634181120 23.56 85.68 0 4.044
1634181180 23.57 85.86 0 4.039
1634181240 23.6 85.78 0 4.044
1634181300 23.6 85.67 0 4.044
1634181360 23.61 85.87 0 4.044
1634181420 23.61 85.5 0 4.044
1634181480 23.65 85.38 0 4.039
1634181540 23.64 85.22 0 4.039
1634181600 23.65 85.25 0 4.044
1634181660 23.64 85.55 0 4.039
1634181720 23.65 84.89 0 4.039
1634181780 23.63 84.79 0 4.044
1634181840 23.64 85.1 0 4.044
1634181900 23.63 85.18 0 4.044
1634181960 23.64 85.45 0 4.039
1634182020 23.68 85.31 0 4.039
1634182080 23.65 85.59 0 4.039
1634182140 23.64 85.36 0 4.044
1634182200 23.61 85.45 0 4.044
1634182260 23.6 85.57 0 4.039
1634182320 23.6 85.5 0 4.044
1634182380 23.54 85.66 0 4.039
1634182440 23.54 85.18 0 4.039
1634182500 23.53 85.29 0 4.044
1634182560 23.51 85.24 0 4.044
1634182620 23.53 85.33 0 4.044
1634182680 23.56 85.54 0 4.044
1634182740 23.53 85.56 0 4.039
1634182800 23.53 85.47 0 4.039
1634182860 23.51 85.52 0 4.039
1634182920 23.5 85.39 0 4.044
1634182980 23.51 85.53 0 4.039
1634183040 23.5 85.54 0 4.039
1634183100 23.49 85.49 0 4.039
1634183160 23.5 85.46 0 4.044
1634183220 23.5 85.64 0 4.044
1634183280 23.47 85.73 0 4.039
1634183340 23.54 86.16 0 4.039
1634183400 23.53 85.52 0 4.044
1634183460 23.51 85.66 0 4.044
1634183520 23.47 85.56 0 4.039
1634183580 23.46 85.74 0 4.044
1634183640 23.46 86.07 0 4.039
1634183700 23.47 86.22 0 4.039
1634183760 23.43 85.8 0 4.039
1634183820 23.43 86.07 0 4.044
1634183880 23.44 86.28 0 4.039
1634183940 23.44 86.43 0 4.044
1634184000 23.42 86.58 0 4.039
1634184060 23.36 86.79 0 4.044
1634184120 23.34 86.77 0 4.039
1634184180 23.34 86.28 0 4.039
1634184240 23.32 86.44 0 4.039
1634184300 23.3 86.39 0 4.039
1634184360 23.3 86.59 0 4.039
1634184420 23.29 85.89 0 4.039
1634184480 23.3 85.71 0 4.039
1634184540 23.33 85.79 0 4.044
1634184600 23.39 85.74 0 4.039
1634184660 23.4 86 0 4.039
1634184720 23.37 85.24 0 4.039
1634184780 23.39 84.64 0 4.039
1634184840 23.44 84.77 0 4.039
1634184900 23.43 84.53 0 4.039
1634184960 23.49 84.81 0 4.039
1634185020 23.51 85.13 0 4.039
1634185080 23.5 84.39 0 4.039
1634185140 23.5 84.49 0 4.039
1634185200 23.47 84.39 0 4.039
1634185260 23.51 84.51 0 4.039
1634185320 23.5 84.63 0 4.039
1634185380 23.53 84.73 0 4.039
1634185440 23.49 84.97 0 4.039
1634185500 23.44 84.99 0 4.039
1634185560 23.43 85.13 0 4.044
1634185620 23.4 85.26 0 4.039
1634185680 23.43 85.52 0 4.039
1634185740 23.4 85.7 0 4.044
1634185800 23.4 85.9 0 4.039
1634185860 23.42 86.17 0 4.039
1634185920 23.42 86 0 4.044
1634185980 23.4 86.12 0 4.039
1634186040 23.37 86.05 0 4.039
1634186100 23.37 86.98 0 4.039
1634186160 23.3 87.28 0 4.039
1634186220 23.22 86.99 0 4.039
1634186280 23.2 87.04 0 4.039
1634186340 23.19 87.29 0 4.039
1634186400 23.2 87.28 0 4.039
1634186460 23.19 87.22 0 4.039
1634186520 23.2 86.82 0 4.039
1634186580 23.19 86.74 0 4.039
1634186640 23.17 86.75 0 4.039
1634186700 23.19 87.19 0 4.039
1634186760 23.19 86.97 0 4.039
1634186820 23.16 86.66 0 4.039
1634186880 23.17 87.06 0 4.039
1634186940 23.16 86.76 0 4.039
1634187000 23.17 87.15 0 4.039
1634187060 23.16 87 0 4.039
1634187120 23.09 86.92 0 4.039
1634187180 23.1 87.12 0 4.039
1634187240 23.12 86.95 0 4.039
1634187300 23.13 87 0 4.039
1634187360 23.1 87.04 0 4.039
1634187420 23.1 87.15 0 4.039
1634187480 23.06 87.3 0 4.039
1634187540 23.05 87.24 0 4.044
