1634101200 23.36 81.71 0 4.125
1634101260 23.33 81.98 0 4.13
1634101320 23.31 82.36 0 4.125
1634101380 23.23 82.58 0 4.125
1634101440 23.16 82.88 0 4.13
1634101500 23.07 83.06 0 4.13
1634101560 23.09 83.37 0 4.13
1634101620 23.09 83.71 0 4.13
1634101680 23.03 83.93 0 4.13
1634101740 22.93 84.04 0 4.13
1634101800 22.92 84.17 0 4.13
1634101860 22.95 84.33 0 4.125
1634101920 22.9 84.55 0 4.125
1634101980 22.86 84.67 0 4.13
1634102040 22.85 84.85 0 4.125
1634102100 22.82 85 0 4.13
1634102160 22.75 85.17 0 4.125
1634102220 22.68 85.3 0 4.13
1634102280 22.68 85.47 0 4.125
1634102340 22.69 85.65 0 4.125
1634102400 22.62 85.72 0 4.125
1634102460 22.65 85.87 0 4.125
1634102520 22.61 85.98 0 4.13
1634102580 22.61 86.09 0 4.13
1634102640 22.62 86.31 0 4.13
1634102700 22.56 86.42 0 4.13
1634102760 22.52 86.57 0 4.125
1634102820 22.51 86.72 0 4.125
1634102880 22.46 86.85 0 4.13
1634102940 22.42 86.93 0 4.125
1634103000 22.39 87.04 0 4.125
1634103060 22.36 87.11 0 4.13
1634103120 22.35 87.18 0 4.13
1634103180 22.28 87.18 0 4.13
1634103240 22.25 87.17 0 4.13
1634103300 22.24 87.07 0 4.13
1634103360 22.25 87.14 0 4.13
1634103420 22.19 87.1 0 4.125
1634103480 22.18 87.19 0 4.125
1634103540 22.16 87.21 0 4.125
1634103600 22.21 87.32 0 4.13
1634103660 22.19 87.41 0 4.119
1634103720 22.18 87.56 0 4.125
1634103780 22.15 87.66 0 4.125
1634103840 22.15 87.74 0 4.13
1634103900 22.18 87.89 0 4.125
1634103960 22.12 87.99 0 4.125
1634104020 22.14 88.08 0 4.125
1634104080 22.08 88.18 0 4.13
1634104140 22.08 88.28 0 4.125
1634104200 22 88.27 0 4.125
1634104380 22.05 88.3 0 4.13
1634104440 22 88.33 0 4.125
1634104500 22.03 88.27 0 4.125
1634104560 22.03 88.27 0 4.125
1634104620 22 88.23 0 4.13
1634104680 22.03 88.23 0 4.114
1634104740 22.05 88.4 0 4.125
1634104800 22.05 88.46 0 4.125
1634104860 22.03 88.51 0 4.125
1634104920 22.07 88.61 0 4.125
1634104980 22.01 88.62 0 4.125
1634105040 22.01 88.6 0 4.125
1634105100 22.07 88.67 0 4.125
1634105160 22.07 88.74 0 4.125
1634105220 22.11 88.85 0 4.125
1634105280 22.12 88.95 0 4.125
1634105340 22.08 88.99 0 4.125
1634105400 22.08 89.02 0 4.125
1634105460 22.05 89.03 0 4.125
1634105520 22.1 89.08 0 4.125
1634105580 22.04 89.02 0 4.114
1634105640 22.07 88.97 0 4.125
1634105700 22.05 88.92 0 4.125
1634105760 22.1 88.89 0 4.125
1634105820 22.14 88.86 0 4.125
1634105880 22.16 88.83 0 4.125
1634105940 22.19 88.79 0 4.125
1634106000 22.22 88.81 0 4.125
1634106060 22.24 88.85 0 4.125
1634106120 22.21 88.86 0 4.125
1634106180 22.21 88.82 0 4.125
1634106240 22.22 88.83 0 4.125
1634106300 22.27 88.82 0 4.125
1634106360 22.24 88.85 0 4.125
1634106420 22.24 88.79 0 4.125
1634106480 22.24 88.8 0 4.119
1634106540 22.3 88.79 0 4.125
1634106600 22.31 88.77 0 4.125
1634106660 22.27 88.78 0 4.119
1634106720 22.28 88.79 0 4.125
1634106780 22.32 88.86 0 4.125
1634106840 22.24 88.81 0 4.125
1634106900 22.25 88.79 0 4.125
1634106960 22.25 88.77 0 4.119
1634107020 22.32 88.78 0 4.125
1634107080 22.27 88.82 0 4.125
1634107140 22.24 88.77 0 4.125
1634107200 22.24 88.81 0 4.125
1634107260 22.24 88.83 0 4.125
1634107320 22.21 88.83 0 4.125
1634107380 22.22 88.85 0 4.119
1634107440 22.22 88.83 0 4.125
1634107500 22.22 88.88 0 4.119
1634107560 22.19 88.88 0 4.125
1634107620 22.21 88.87 0 4.125
1634107680 22.22 88.89 0 4.125
1634107740 22.19 88.94 0 4.119
1634107800 22.21 88.98 0 4.125
1634107860 22.19 89.03 0 4.125
1634107920 22.22 89.03 0 4.125
1634107980 22.19 88.96 0 4.119
1634108040 22.25 88.94 0 4.119
1634108100 22.28 88.9 0 4.125
1634108160 22.31 88.92 0 4.119
1634108220 22.31 88.88 0 4.125
1634108280 22.3 88.86 0 4.119
1634108340 22.32 88.88 0 4.119
1634108400 22.3 88.84 0 4.119
1634108460 22.3 88.87 0 4.119
1634108520 22.34 88.79 0 4.119
1634108580 22.32 88.78 0 4.119
1634108640 22.3 88.78 0 4.125
1634108700 22.27 88.75 0 4.125
1634108760 22.3 88.81 0 4.125
1634108820 22.28 88.74 0 4.125
1634108880 22.24 88.75 0 4.119
1634108940 22.25 88.67 0 4.125
1634109000 22.27 88.64 0 4.125
1634109060 22.25 88.59 0 4.125
1634109120 22.28 88.5 0 4.125
1634109180 22.25 88.44 0 4.119
1634109240 22.25 88.3 0 4.119
1634109300 22.3 88.19 0 4.125
1634109360 22.31 88.2 0 4.125
1634109420 22.27 88.08 0 4.125
1634109480 22.28 88.12 0 4.119
1634109540 22.31 88.07 0 4.119
1634109600 22.31 88.11 0 4.125
1634109660 22.32 88.04 0 4.119
1634109720 22.3 88.01 0 4.125
1634109780 22.31 87.94 0 4.119
1634109840 22.32 87.82 0 4.125
1634109900 22.35 87.78 0 4.119
1634109960 22.32 87.72 0 4.119
1634110020 22.28 87.52 0 4.125
1634110080 22.32 87.35 0 4.119
1634110140 22.35 87.15 0 4.119
1634110200 22.36 86.95 0 4.125
1634110260 22.39 86.74 0 4.119
1634110320 22.41 86.61 0 4.119
1634110380 22.44 86.52 0 4.119
1634110440 22.41 86.44 0 4.125
1634110500 22.38 86.34 0 4.119
1634110560 22.39 86.25 0 4.119
1634110620 22.39 86.25 0 4.119
1634110680 22.42 86.17 0 4.119
1634110740 22.42 86.22 0 4.119
1634110800 22.42 86.21 0 4.125
1634110860 22.39 86.29 0 4.119
1634110920 22.42 86.31 0 4.119
1634110980 22.41 86.33 0 4.125
1634111040 22.41 86.47 0 4.119
1634111100 22.39 86.6 0 4.119
1634111160 22.38 86.73 0 4.119
1634111220 22.41 86.94 0 4.119
1634111280 22.39 87.06 0 4.119
1634111340 22.38 87.11 0 4.119
1634111400 22.41 87.25 0 4.119
1634111460 22.38 87.3 0 4.119
1634111520 22.38 87.39 0 4.119
1634111580 22.39 87.45 0 4.125
1634111640 22.39 87.45 0 4.119
1634111700 22.41 87.55 0 4.119
1634111760 22.41 87.57 0 4.119
1634111820 22.38 87.61 0 4.119
1634111880 22.42 87.72 0 4.119
1634111940 22.39 87.79 0 4.119
1634112000 22.38 87.86 0 4.119
1634112060 22.35 87.91 0 4.125
1634112120 22.35 88.01 0 4.119
1634112180 22.36 88.09 0 4.119
1634112240 22.34 88.15 0 4.119
1634112300 22.36 88.23 0 4.119
1634112360 22.32 88.37 0 4.119
1634112420 22.31 88.44 0 4.119
1634112480 22.3 88.53 0 4.119
1634112540 22.31 88.63 0 4.119
1634112600 22.3 88.72 0 4.119
1634112660 22.3 88.84 0 4.119
1634112720 22.31 88.97 0 4.119
1634112780 22.32 89.09 0 4.119
1634112840 22.31 89.24 0 4.119
1634112900 22.28 89.32 0 4.119
1634112960 22.3 89.44 0 4.119
1634113020 22.3 89.54 0 4.119
1634113080 22.25 89.63 0 4.119
1634113140 22.25 89.73 0 4.119
1634113200 22.25 89.79 0 4.119
1634113260 22.18 89.78 0 4.119
1634113320 22.18 89.85 0 4.119
1634113380 22.19 89.82 0 4.125
1634113440 22.24 89.85 0 4.119
1634113500 22.28 89.86 0 4.119
1634113560 22.25 89.91 0 4.119
1634113620 22.12 89.74 0 4.119
1634113680 22.12 89.63 0 4.119
1634113740 22.11 89.46 0 4.119
1634113800 22.1 89.23 0 4.119
1634113860 22.12 89.05 0 4.119
1634113920 22.14 88.93 0 4.119
1634113980 22.11 88.73 0 4.119
1634114040 22.14 88.62 0 4.119
1634114100 22.14 88.52 0 4.119
1634114160 22.12 88.4 0 4.119
1634114220 22.12 88.32 0 4.119
1634114280 22.11 88.24 0 4.119
1634114340 22.11 88.19 0 4.119
1634114400 22.1 88.18 0 4.119
1634114460 22.1 88.1 0 4.119
1634114520 22.1 88.13 0 4.119
1634114580 22.1 88.12 0 4.119
1634114640 22.1 88.13 0 4.119
1634114700 22.07 88.12 0 4.119
1634114760 22.07 88.12 0 4.119
1634114820 22.1 88.15 0 4.119
1634114880 22.04 88.16 0 4.119
1634114940 22.04 88.13 0 4.119
1634115000 22.01 88.15 0 4.119
1634115060 22.01 88.15 0 4.119
1634115120 21.98 88.12 0 4.119
1634115180 21.97 88.12 0 4.119
1634115240 22.03 88.27 0 4.119
1634115300 22.01 88.36 0 4.119
1634115360 22.04 88.42 0 4.119
1634115420 22.03 88.53 0 4.119
1634115480 22.04 88.56 0 4.119
1634115540 22.05 88.6 0 4.119
1634115600 22.04 88.72 0 4.119
1634115660 22.01 88.76 0 4.119
1634115720 22.01 88.82 0 4.119
1634115780 21.98 88.88 0 4.119
1634115840 22 88.96 0 4.119
1634115900 21.93 89.05 0 4.119
1634115960 21.91 89.12 0 4.119
1634116020 21.91 89.19 0 4.119
1634116080 21.85 89.26 0 4.119
1634116140 21.84 89.33 0 4.119
1634116200 21.85 89.41 0 4.119
1634116260 21.79 89.41 0 4.119
1634116320 21.81 89.53 0 4.119
1634116380 21.8 89.56 0 4.119
1634116440 21.79 89.61 0 4.119
1634116500 21.83 89.7 0 4.119
1634116560 21.77 89.75 0 4.119
1634116620 21.77 89.76 0 4.119
1634116680 21.79 89.82 0 4.119
1634116740 21.76 89.83 0 4.119
1634116800 21.76 89.9 0 4.119
1634116860 21.76 89.88 0 4.119
1634116920 21.74 89.88 0 4.119
1634116980 21.79 89.9 0 4.119
1634117040 21.79 89.91 0 4.119
1634117100 21.76 89.88 0 4.119
1634117160 21.79 89.82 0 4.119
1634117220 21.79 89.87 0 4.119
1634117280 21.77 89.81 0 4.119
1634117340 21.76 89.82 0 4.119
1634117400 21.77 89.79 0 4.119
1634117460 21.76 89.79 0 4.119
1634117520 21.74 89.75 0 4.119
1634117580 21.74 89.73 0 4.119
1634117640 21.74 89.71 0 4.119
1634117700 21.77 89.74 0 4.119
1634117760 21.79 89.71 0 4.119
1634117820 21.79 89.7 0 4.119
1634117880 21.77 89.71 0 4.119
1634117940 21.77 89.7 0 4.119
1634118000 21.71 89.71 0 4.119
1634118060 21.7 89.75 0 4.119
1634118120 21.67 89.76 0 4.119
1634118180 21.64 89.79 0 4.119
1634118240 21.63 89.79 0 4.119
1634118300 21.6 89.84 0 4.119
1634118360 21.58 89.86 0 4.119
1634118420 21.57 89.9 0 4.119
1634118480 21.54 89.94 0 4.119
1634118540 21.56 89.97 0 4.119
1634118600 21.57 90.02 0 4.119
1634118660 21.58 90.07 0 4.119
1634118720 21.54 90.09 0 4.119
1634118780 21.57 90.15 0 4.119
1634118840 21.53 90.16 0 4.119
1634118900 21.52 90.23 0 4.119
1634118960 21.52 90.26 0 4.119
1634119020 21.49 90.32 0 4.119
1634119080 21.47 90.36 0 4.114
1634119140 21.42 90.3 0 4.119
1634119200 21.37 90.29 0 4.119
1634119260 21.37 90.24 0 4.119
1634119320 21.36 90.19 0 4.119
1634119380 21.36 90.15 0 4.119
1634119440 21.33 90.16 0 4.119
1634119500 21.3 90.07 0 4.119
1634119560 21.3 90.05 0 4.119
1634119620 21.3 90.05 0 4.119
1634119680 21.3 90.07 0 4.119
1634119740 21.26 90.01 0 4.119
1634119800 21.26 90.02 0 4.119
1634119860 21.26 90.03 0 4.119
1634119920 21.26 90.05 0 4.119
1634119980 21.26 90.03 0 4.119
1634120040 21.25 90.02 0 4.119
1634120100 21.25 90.01 0 4.119
1634120160 21.26 90.01 0 4.119
1634120220 21.25 90 0 4.119
1634120280 21.26 90.03 0 4.114
1634120340 21.26 90.05 0 4.119
1634120400 21.32 90.04 0 4.119
1634120460 21.33 90.07 0 4.119
1634120520 21.3 90.05 0 4.119
1634120580 21.36 90.06 0 4.119
1634120640 21.36 90.07 0 4.114
1634120700 21.34 90.08 0 4.119
1634120760 21.37 90.07 0 4.119
1634120820 21.39 90.1 0 4.119
1634120880 21.34 90 0 4.114
1634120940 21.34 89.94 0 4.119
1634121000 21.36 89.89 0 4.119
1634121060 21.4 89.85 0 4.114
1634121120 21.4 89.79 0 4.119
1634121180 21.44 89.78 0 4.119
1634121240 21.44 89.68 0 4.114
1634121300 21.42 89.62 0 4.119
1634121360 21.42 89.54 0 4.119
1634121420 21.42 89.43 0 4.119
1634121480 21.4 89.26 0 4.119
1634121540 21.43 89.12 0 4.119
1634121600 21.46 88.99 0 4.119
1634121660 21.49 88.94 0 4.119
1634121720 21.47 88.9 0 4.119
1634121780 21.49 88.82 0 4.114
1634121840 21.47 88.73 0 4.114
1634121900 21.44 88.65 0 4.114
1634121960 21.49 88.59 0 4.119
1634122020 21.47 88.58 0 4.114
1634122080 21.42 88.54 0 4.119
1634122140 21.47 88.54 0 4.119
1634122200 21.49 88.57 0 4.114
1634122260 21.44 88.52 0 4.119
1634122320 21.44 88.58 0 4.114
1634122380 21.4 88.52 0 4.114
1634122440 21.42 88.59 0 4.114
1634122500 21.4 88.63 0 4.114
1634122560 21.4 88.65 0 4.114
1634122620 21.43 88.68 0 4.114
1634122680 21.43 88.64 0 4.114
1634122740 21.52 88.66 0 4.114
1634122800 21.53 88.69 0 4.114
1634122860 21.53 88.65 0 4.114
1634122920 21.54 88.66 6 4.114
1634122980 21.52 88.67 6 4.114
1634123040 21.57 88.72 6 4.119
1634123100 21.56 88.74 6 4.119
1634123160 21.54 88.76 6 4.119
1634123220 21.57 88.79 6 4.114
1634123280 21.56 88.82 12 4.114
1634123340 21.56 88.83 12 4.119
1634123400 21.54 88.85 12 4.114
1634123460 21.56 88.91 6 4.114
1634123520 21.57 88.88 12 4.114
1634123580 21.63 89.01 6 4.114
1634123640 21.6 89.01 6 4.114
1634123700 21.61 88.95 6 4.114
1634123760 21.63 88.99 6 4.114
1634123820 21.64 88.95 6 4.119
1634123880 21.64 88.91 12 4.119
1634123940 21.63 88.83 6 4.114
1634124000 21.63 88.72 6 4.119
1634124060 21.65 88.69 12 4.119
1634124120 21.67 88.62 12 4.114
1634124180 21.64 88.58 12 4.119
1634124240 21.67 88.57 12 4.114
1634124300 21.65 88.45 18 4.114
1634124360 21.65 88.4 18 4.114
1634124420 21.65 88.28 18 4.119
1634124480 21.68 88.26 18 4.114
1634124540 21.7 88.17 24 4.114
1634124600 21.7 88.12 24 4.114
1634124660 21.73 88.1 24 4.114
1634124720 21.74 88.06 24 4.114
1634124780 21.76 88.01 30 4.114
1634124840 21.77 87.99 30 4.114
1634124900 21.79 87.97 30 4.119
1634124960 21.83 87.92 36 4.114
1634125020 21.84 87.94 36 4.119
1634125080 21.87 87.84 36 4.119
1634125140 21.9 87.84 36 4.114
1634125200 21.91 87.82 36 4.119
1634125260 21.94 87.76 42 4.119
1634125320 21.93 87.72 42 4.119
1634125380 21.97 87.61 42 4.114
1634125440 22 87.58 48 4.119
1634125500 22.03 87.53 48 4.119
1634125560 22.04 87.47 54 4.114
1634125620 22.11 87.43 60 4.119
1634125680 22.1 87.27 60 4.119
1634125740 22.11 87.11 66 4.119
1634125800 22.14 86.91 72 4.114
1634125860 22.15 86.7 72 4.119
1634125920 22.21 86.59 72 4.119
1634125980 22.27 86.47 72 4.119
1634126040 22.31 86.37 72 4.119
1634126100 22.35 86.25 78 4.119
1634126160 22.34 86.17 78 4.119
1634126220 22.36 86.04 78 4.119
1634126280 22.46 85.97 78 4.119
1634126340 22.51 85.93 72 4.119
1634126400 22.55 85.87 60 4.119
1634126460 22.61 85.8 60 4.114
1634126520 22.68 85.69 54 4.119
1634126580 22.7 85.59 54 4.119
1634126640 22.78 85.59 54 4.114
1634126700 22.79 85.52 54 4.114
1634126760 22.79 85.47 54 4.119
1634126820 22.8 85.38 54 4.119
1634126880 22.82 85.33 60 4.119
1634126940 22.83 85.4 60 4.119
1634127000 22.83 85.39 60 4.119
1634127060 22.85 85.44 60 4.119
1634127120 22.85 85.41 66 4.114
1634127180 22.85 85.47 66 4.119
1634127240 22.89 85.54 66 4.119
1634127300 22.9 85.6 66 4.119
1634127360 22.9 85.62 66 4.119
1634127420 22.95 85.7 66 4.119
1634127480 22.97 85.76 72 4.114
1634127540 22.9 85.77 72 4.119
1634127600 22.92 85.79 72 4.119
1634127660 22.92 85.85 66 4.114
1634127720 22.92 85.92 66 4.119
1634127780 22.9 85.94 66 4.119
1634127840 22.92 86.02 66 4.119
1634127900 22.92 86.06 60 4.119
1634127960 22.92 86.11 60 4.119
1634128020 22.93 86.13 60 4.119
1634128080 22.93 86.21 66 4.114
1634128140 22.93 86.3 72 4.119
1634128200 22.93 86.4 78 4.119
1634128260 22.92 86.54 78 4.119
1634128320 22.93 86.62 78 4.119
1634128380 22.96 86.69 84 4.119
1634128440 23 86.79 96 4.119
1634128500 23 86.85 102 4.119
1634128560 23.05 86.96 120 4.119
1634128620 23.07 86.95 132 4.119
1634128680 23.12 87.01 144 4.119
1634128740 23.16 87.06 144 4.125
1634128800 23.16 87.03 144 4.125
1634128860 23.16 86.98 144 4.125
1634128920 23.21 87 144 4.125
1634128980 23.24 86.93 150 4.125
1634129040 23.23 86.93 156 4.125
1634129100 23.23 86.97 162 4.125
1634129160 23.26 87 168 4.125
1634129220 23.36 87.04 180 4.125
1634129280 23.46 87.08 192 4.125
1634129340 23.53 87.03 198 4.13
1634129400 23.59 86.94 206 4.125
1634129460 23.63 86.9 224 4.13
1634129520 23.7 86.8 236 4.13
1634129580 23.81 86.75 224 4.125
1634129640 23.95 86.75 218 4.125
1634129700 24.07 86.63 218 4.13
1634129760 24.16 86.47 230 4.13
1634129820 24.33 86.33 242 4.13
1634129880 24.36 86.07 242 4.13
1634129940 24.46 85.87 242 4.13
1634130000 24.51 85.68 254 4.13
1634130060 24.62 85.5 272 4.13
1634130120 24.69 85.23 272 4.13
1634130180 24.76 84.98 254 4.13
1634130240 24.85 84.79 242 4.13
1634130300 24.77 84.47 230 4.13
1634130360 24.83 84.32 200 4.13
1634130420 24.85 84.25 162 4.125
1634130480 24.93 84.15 120 4.125
1634130540 24.97 83.99 96 4.125
1634130600 24.94 83.77 78 4.125
1634130660 25 83.71 72 4.125
1634130720 25.04 83.57 66 4.125
1634130780 24.9 83.38 66 4.125
1634130840 24.62 83.07 72 4.125
1634130900 24.49 83.01 78 4.125
1634130960 24.42 82.98 84 4.125
1634131020 24.26 82.94 84 4.125
1634131080 24.14 82.93 90 4.125
1634131140 23.97 82.99 84 4.125
1634131200 23.82 83.01 84 4.125
1634131260 23.65 82.94 84 4.125
1634131320 23.54 82.94 78 4.125
1634131380 23.47 83.04 84 4.125
1634131440 23.41 83.14 84 4.125
1634131500 23.34 83.21 84 4.125
1634131560 23.31 83.27 78 4.125
1634131620 23.26 83.32 72 4.125
1634131680 23.24 83.39 72 4.125
1634131740 23.26 83.48 66 4.125
1634131800 23.26 83.51 72 4.125
1634131860 23.2 83.52 72 4.125
1634131920 23.16 83.58 66 4.125
1634131980 23.17 83.65 66 4.125
1634132040 23.1 83.72 66 4.125
1634132100 23.03 83.76 72 4.125
1634132160 22.96 83.82 72 4.125
1634132220 22.92 83.88 78 4.125
1634132280 22.95 83.97 72 4.125
1634132340 22.95 84.03 72 4.125
1634132400 22.95 84.07 72 4.125
1634132460 22.99 84.16 72 4.125
1634132520 22.96 84.25 72 4.125
1634132580 22.97 84.3 72 4.125
1634132640 22.99 84.33 78 4.125
1634132700 22.96 84.42 84 4.125
1634132760 23 84.5 90 4.125
1634132820 22.96 84.51 102 4.125
1634132880 22.93 84.54 114 4.125
1634132940 22.92 84.53 120 4.125
1634133000 22.88 84.56 120 4.125
1634133060 22.92 84.6 120 4.13
1634133120 22.88 84.65 120 4.125
1634133180 22.92 84.69 126 4.125
1634133240 22.86 84.75 114 4.13
1634133300 22.85 84.8 114 4.125
1634133360 22.83 84.78 114 4.125
1634133420 22.85 84.91 108 4.13
1634133480 22.88 84.97 102 4.125
1634133540 22.88 85 108 4.125
1634133600 22.82 85.04 114 4.13
1634133660 22.92 85.11 114 4.125
1634133720 22.96 85.12 108 4.125
1634133780 22.95 85.04 108 4.125
1634133840 22.95 85.02 114 4.125
1634133900 22.92 85.07 114 4.13
1634133960 22.88 85.09 120 4.13
1634134020 22.88 85.09 126 4.13
1634134080 22.89 85.12 132 4.13
1634134140 22.88 85.11 138 4.125
1634134200 22.85 85.04 156 4.13
1634134260 22.83 85 174 4.13
1634134320 22.85 85.03 200 4.13
1634134380 22.89 85.06 212 4.13
1634134440 22.96 85.03 224 4.135
1634134500 23.02 84.98 230 4.135
1634134560 23.07 84.92 230 4.135
1634134620 23.13 84.8 254 4.13
1634134680 23.24 84.66 278 4.135
1634134740 23.31 84.47 304 4.141
1634134800 23.43 84.16 292 4.141
1634134860 23.54 83.76 296 4.141
1634134920 23.67 83.57 316 4.141
1634134980 23.78 83.34 334 4.141
1634135040 23.89 83.06 346 4.146
1634135100 24.02 82.79 310 4.141
1634135160 24.21 82.46 304 4.141
1634135220 24.22 82.08 298 4.141
1634135280 24.32 81.75 290 4.141
1634135340 24.45 81.41 272 4.141
1634135400 24.52 81.13 248 4.135
1634135460 24.52 80.93 236 4.135
1634135520 24.52 80.66 230 4.141
1634135580 24.46 80.38 230 4.141
1634135640 24.4 80.08 242 4.141
1634135700 24.39 79.78 272 4.141
1634135760 24.42 79.58 280 4.141
1634135820 24.66 79.42 298 4.141
1634135880 24.72 79.15 304 4.141
1634135940 24.82 78.96 310 4.141
1634136000 24.93 78.78 304 4.141
1634136060 25.03 78.51 292 4.141
1634136120 25.14 78.36 292 4.141
1634136180 25.28 78.3 292 4.146
1634136240 25.36 78.08 286 4.141
1634136300 25.36 77.83 286 4.141
1634136360 25.23 77.7 286 4.141
1634136420 25.2 77.69 286 4.141
1634136480 25.28 77.67 298 4.141
1634136540 25.36 77.68 304 4.146
1634136600 25.42 77.56 292 4.141
1634136660 25.48 77.42 292 4.146
1634136720 25.49 77.37 266 4.141
1634136780 25.37 77.08 272 4.141
1634136840 25.31 76.95 274 4.146
1634136900 25.28 76.83 286 4.141
1634136960 25.34 76.77 310 4.146
1634137020 25.31 76.78 322 4.146
1634137080 25.47 76.82 298 4.141
1634137140 25.47 76.74 298 4.146
1634137200 25.57 76.79 298 4.141
1634137260 25.58 76.65 272 4.146
1634137320 25.65 76.53 268 4.141
1634137380 25.61 76.33 266 4.146
1634137440 25.63 76.16 262 4.146
1634137500 25.61 76.07 262 4.146
1634137560 25.6 75.94 268 4.146
1634137620 25.47 75.82 268 4.146
1634137680 25.37 75.74 260 4.146
1634137740 25.27 75.67 260 4.146
1634137800 25.23 75.7 260 4.146
1634137860 25.31 75.83 262 4.146
1634137920 25.33 75.72 256 4.146
1634137980 25.41 75.71 254 4.141
1634138040 25.24 75.64 262 4.146
1634138100 25.16 75.61 266 4.146
1634138160 25.2 75.61 274 4.146
1634138220 25.21 75.58 280 4.151
1634138280 25.33 75.62 286 4.146
1634138340 25.42 75.59 292 4.146
1634138400 25.33 75.53 298 4.151
1634138460 25.28 75.57 310 4.151
1634138520 25.3 75.52 316 4.146
1634138580 25.48 75.3 310 4.146
1634138640 25.6 75.19 310 4.146
1634138700 25.54 75.14 310 4.146
1634138760 25.48 75.08 310 4.151
1634138820 25.58 75.05 316 4.151
1634138880 25.61 75.03 314 4.135
1634138940 25.42 74.78 322 4.135
1634139000 25.28 74.73 322 4.135
1634139060 25.1 74.83 314 4.135
1634139120 24.97 74.83 308 4.135
1634139180 24.94 74.97 308 4.135
1634139240 25.1 75.12 278 4.135
1634139300 25.26 75.13 260 4.135
1634139360 25.42 75.03 290 4.135
1634139420 25.38 74.66 242 4.135
1634139480 25.38 74.47 200 4.135
1634139540 25.48 74.39 188 4.135
1634139600 25.69 74.36 200 4.135
1634139660 25.87 74.31 194 4.135
1634139720 25.79 74.06 206 4.135
1634139780 25.77 73.91 236 4.141
1634139840 25.79 73.91 248 4.146
1634139900 25.88 73.84 254 4.146
1634139960 26.16 73.68 248 4.141
1634140020 26.26 73.34 298 4.146
1634140080 26.43 73.16 304 4.146
1634140140 26.6 72.94 292 4.151
1634140200 26.66 72.76 328 4.146
1634140260 26.8 72.44 328 4.146
1634140320 26.72 71.87 316 4.146
1634140380 26.7 71.4 310 4.151
1634140440 26.77 71.08 298 4.146
1634140500 26.67 70.74 256 4.151
1634140560 26.82 70.54 298 4.146
1634140620 26.84 70.16 310 4.146
1634140680 26.67 69.71 322 4.135
1634140740 26.84 69.47 334 4.135
1634140800 26.91 69.2 364 4.135
1634140860 26.83 68.72 358 4.135
1634140920 26.98 68.43 304 4.141
1634140980 27.15 68.14 284 4.135
1634141040 27.21 67.79 340 4.135
1634141100 27.21 67.41 236 4.135
1634141160 27.24 67.11 272 4.135
1634141220 27.31 66.84 230 4.135
1634141280 27.37 66.57 212 4.135
1634141340 27.44 66.36 188 4.135
1634141400 27.41 66.14 188 4.135
1634141460 27.44 65.92 170 4.135
1634141520 27.55 65.72 168 4.135
1634141580 27.45 65.47 212 4.135
1634141640 27.45 65.33 164 4.141
1634141700 27.49 65.17 158 4.141
1634141760 27.34 64.86 310 4.141
1634141820 27.35 64.78 158 4.141
1634141880 27.56 64.67 176 4.141
1634141940 27.64 64.47 194 4.141
1634142000 27.47 64.33 194 4.141
1634142060 27.48 64.33 200 4.146
1634142120 27.65 64.24 170 4.146
1634142180 27.66 64.19 194 4.141
1634142240 27.64 64.1 188 4.141
1634142300 27.71 64 152 4.141
1634142360 27.82 63.95 158 4.141
1634142420 27.99 63.85 182 4.141
1634142480 27.91 63.42 170 4.141
1634142540 27.88 63.23 182 4.141
1634142600 27.79 63 242 4.141
1634142660 27.72 62.9 602 4.141
1634142720 27.78 62.81 182 4.141
1634142780 28.06 62.86 298 4.146
1634142840 28.22 62.74 158 4.146
1634142900 28.29 62.57 164 4.141
1634142960 28.5 62.46 828 4.141
1634143020 28.74 62.33 998 4.146
1634143080 28.74 62.14 633 4.141
1634143140 28.66 61.88 566 4.146
1634143200 28.74 61.77 1017 4.146
1634143260 28.89 61.64 999 4.146
1634143320 29.02 61.53 1024 4.151
1634143380 29.32 61.37 956 4.146
1634143440 29.48 61.11 1011 4.146
1634143500 29.21 60.74 1024 4.146
1634143560 29.12 60.53 1017 4.146
1634143620 29.1 60.28 1005 4.146
1634143680 29.2 60.21 986 4.141
1634143740 29.47 60.02 992 4.151
1634143800 29.63 59.95 999 4.146
1634143860 29.69 59.77 992 4.146
1634143920 29.75 59.57 992 4.146
1634143980 29.83 59.42 992 4.146
1634144040 30.23 59.17 1005 4.146
1634144100 30.26 58.95 1005 4.146
1634144160 30.31 58.77 974 4.151
1634144220 30.43 58.48 969 4.146
1634144280 30.17 58.12 968 4.146
1634144340 29.89 57.87 968 4.146
1634144400 29.8 57.72 975 4.146
1634144460 29.66 57.57 992 4.146
1634144520 29.68 57.36 992 4.151
1634144580 30.05 57.3 1011 4.146
1634144640 30.03 57.31 999 4.151
1634144700 30.13 57.32 1005 4.151
1634144760 30.3 57.23 1005 4.146
1634144820 30.37 57.09 1042 4.151
1634144880 30.48 56.94 1031 4.151
1634144940 30.4 56.73 1067 4.151
1634145000 30.66 56.68 1061 4.151
1634145060 30.77 56.55 1043 4.151
1634145120 30.99 56.45 1055 4.151
1634145180 31.17 56.5 1030 4.146
1634145240 31.28 56.16 987 4.151
1634145300 30.99 55.75 957 4.151
1634145360 30.53 55.51 963 4.151
1634145420 30.88 55.47 957 4.151
1634145480 30.98 55.33 969 4.151
1634145540 31.08 55.16 974 4.141
1634145600 31.18 55.04 992 4.141
1634145660 31.26 54.71 986 4.141
1634145720 31.29 54.71 1010 4.141
1634145780 31.45 54.7 986 4.141
1634145840 31.29 54.73 1016 4.141
1634145900 31.04 54.61 1004 4.141
1634145960 31.11 54.62 998 4.141
1634146020 30.92 54.52 1010 4.141
1634146080 31.05 54.53 1008 4.167
1634146140 31.32 54.49 1024 4.167
1634146200 31.48 54.46 1030 4.178
1634146260 31.22 54.35 1042 4.178
1634146320 31.24 54.29 1048 4.173
1634146380 31.17 54.12 1073 4.178
1634146440 31.28 54.05 1075 4.178
1634146500 31.15 53.93 1081 4.178
1634146560 31.07 53.85 1075 4.178
1634146620 31.07 54.02 1075 4.178
1634146680 31.17 54.1 1061 4.151
1634146740 30.89 53.88 1073 4.146
1634146800 30.95 53.86 1079 4.146
1634146860 31.14 53.88 1084 4.146
1634146920 31.41 53.94 1066 4.146
1634146980 31.53 53.71 1084 4.146
1634147040 31.62 53.5 1072 4.146
1634147100 31.99 53.47 1090 4.146
1634147160 32.24 53.25 1084 4.146
1634147220 32.29 53.03 1064 4.146
1634147280 32.31 52.8 1066 4.146
1634147340 31.77 52.64 1066 4.146
1634147400 31.73 52.66 1060 4.146
1634147460 31.99 52.68 1060 4.146
1634147520 32.13 52.5 1072 4.146
1634147580 32.27 52.41 1060 4.146
1634147640 32.53 52.1 1064 4.146
1634147700 32.64 51.75 1064 4.146
1634147760 32.47 51.36 1070 4.141
1634147820 32.29 51.26 1066 4.141
1634147880 32.41 51.21 1052 4.141
1634147940 32.38 50.99 1052 4.141
1634148000 32.26 50.64 1054 4.141
1634148060 32.45 50.32 1052 4.146
1634148120 32.57 50.13 1046 4.146
1634148180 32.6 49.96 1046 4.141
1634148240 32.63 49.77 1046 4.146
1634148300 32.54 49.72 1046 4.141
1634148360 32.45 49.72 1028 4.141
1634148420 32.67 49.71 1016 4.146
1634148480 32.64 49.47 1034 4.141
1634148540 32.61 49.14 1034 4.146
1634148600 32.61 48.79 1016 4.141
1634148660 32.73 48.6 1022 4.141
1634148720 33.15 48.78 998 4.141
1634148780 33.05 48.52 996 4.141
1634148840 33.19 48.43 974 4.141
1634148900 33.05 48.37 974 4.141
1634148960 32.78 48.24 974 4.141
1634149020 32.91 48.31 954 4.141
1634149080 33.24 48.3 992 4.141
1634149140 33.48 48.06 980 4.141
1634149200 33.59 47.84 942 4.141
1634149260 33.38 47.8 948 4.141
1634149320 33.41 47.62 948 4.141
1634149380 33.55 47.56 966 4.141
1634149440 33.24 47.17 948 4.141
1634149500 32.95 47.13 978 4.141
1634149560 33.06 47.13 941 4.135
1634149620 32.84 47.28 942 4.141
1634149680 32.87 47.24 947 4.141
1634149740 32.94 47.27 998 4.135
1634149800 33.19 47.17 998 4.141
1634149860 33.52 47.12 998 4.141
1634149920 33.55 46.89 1004 4.141
1634149980 34.03 46.9 1004 4.141
1634150040 34.24 46.72 986 4.141
1634150100 33.99 46.21 974 4.141
1634150160 33.49 45.87 984 4.135
1634150220 33.62 45.79 998 4.141
1634150280 33.6 45.6 986 4.135
1634150340 33.53 45.48 998 4.141
1634150400 33.86 45.5 996 4.141
1634150460 33.93 45.23 948 4.135
1634150520 33.85 45.2 852 4.135
1634150580 33.79 45.09 885 4.157
1634150640 33.76 45.02 947 4.162
1634150700 33.6 44.89 947 4.162
1634150760 33.62 44.86 954 4.162
1634150820 33.76 44.72 942 4.167
1634150880 33.86 44.66 856 4.162
1634150940 33.66 44.45 936 4.167
1634151000 33.8 44.29 894 4.167
1634151060 33.97 44.06 911 4.167
1634151120 34.31 43.78 918 4.167
1634151180 34.57 43.6 924 4.167
1634151240 34.55 43.51 942 4.167
1634151300 34.1 43.26 962 4.167
1634151360 34.13 43.19 944 4.167
1634151420 34.04 43.18 954 4.167
1634151480 33.82 43 956 4.146
1634151540 33.55 43.08 999 4.146
1634151600 33.59 43.07 986 4.146
1634151660 33.9 43.21 986 4.146
1634151720 34 43.02 992 4.141
1634151780 33.92 42.91 999 4.146
1634151840 34 42.88 962 4.146
1634151900 33.66 42.86 938 4.146
1634151960 33.9 43.01 936 4.146
1634152020 34.24 43.18 962 4.146
1634152080 34.34 43 992 4.146
1634152140 34.53 42.95 992 4.141
1634152200 34.16 42.69 968 4.146
1634152260 33.97 42.79 944 4.146
1634152320 33.99 42.74 1011 4.146
1634152380 34.13 42.74 1034 4.141
1634152440 34.23 42.75 1016 4.141
1634152500 34.41 42.77 1040 4.141
1634152560 34.31 42.9 658 4.146
1634152620 34.43 42.67 930 4.146
1634152680 34.26 42.63 950 4.141
1634152740 34.67 42.66 826 4.141
1634152800 34.71 42.49 966 4.146
1634152860 34.55 42.53 968 4.135
1634152920 34.43 42.43 948 4.146
1634152980 34.36 42.27 938 4.146
1634153040 34.17 42.02 902 4.141
1634153100 33.99 41.94 882 4.146
1634153160 33.89 41.85 864 4.141
1634153220 33.51 41.96 908 4.141
1634153280 33.18 42.11 900 4.141
1634153340 33.29 42.25 888 4.141
1634153400 33.65 42.76 894 4.141
1634153460 33.87 42.81 889 4.141
1634153520 34.14 42.71 882 4.141
1634153580 34.14 42.5 882 4.141
1634153640 34.51 42.4 882 4.146
1634153700 34.61 42.21 876 4.141
1634153760 34.49 42 864 4.141
1634153820 34.51 41.88 858 4.141
1634153880 34.68 41.68 852 4.141
1634153940 34.72 41.56 846 4.141
1634154000 34.68 41.26 840 4.141
1634154060 34.68 40.96 834 4.141
1634154120 34.68 40.95 826 4.146
1634154180 34.67 40.89 808 4.141
1634154240 34.6 40.87 686 4.141
1634154300 34.5 40.73 718 4.141
1634154360 34.31 40.76 700 4.141
1634154420 34.21 40.8 674 4.141
1634154480 34.07 40.84 712 4.141
1634154540 33.9 40.86 712 4.141
1634154600 33.79 40.92 718 4.141
1634154660 33.46 41.15 686 4.146
1634154720 33.49 41.36 694 4.141
1634154780 33.42 41.4 706 4.141
1634154840 33.46 41.49 718 4.141
1634154900 33.87 41.78 772 4.141
1634154960 33.86 41.69 790 4.135
1634155020 34.07 41.69 796 4.141
1634155080 34.13 41.61 792 4.146
1634155140 34.17 41.56 799 4.151
1634155200 34.11 41.56 799 4.151
1634155260 34.03 41.46 786 4.157
1634155320 34.1 41.35 780 4.151
1634155380 34 41.13 768 4.151
1634155440 34.21 41.11 743 4.151
1634155500 34.39 41.2 725 4.151
1634155560 34.14 40.95 719 4.151
1634155620 34.43 41 713 4.151
1634155680 34.11 40.83 733 4.151
1634155740 33.99 40.8 713 4.157
1634155800 34.13 40.82 689 4.151
1634155860 34.46 40.81 659 4.151
1634155920 34.36 40.85 641 4.157
1634155980 33.9 40.89 591 4.151
1634156040 33.42 41.21 585 4.157
1634156100 33.22 41.57 621 4.151
1634156160 33.31 41.93 623 4.157
1634156220 33.11 42.34 603 4.157
1634156280 33.18 42.82 629 4.157
1634156340 33.12 43.12 597 4.151
1634156400 32.84 43.47 591 4.157
1634156460 32.73 43.88 617 4.157
1634156520 32.73 44.26 641 4.157
1634156580 32.65 44.58 597 4.151
1634156640 32.44 44.9 623 4.162
1634156700 32.55 45.27 617 4.157
1634156760 32.45 45.51 573 4.157
1634156820 32.37 45.85 505 4.157
1634156880 32.58 46.21 531 4.157
1634156940 32.58 46.39 585 4.157
1634157000 32.53 46.58 579 4.162
1634157060 32.37 46.87 581 4.157
1634157120 32.26 47.35 609 4.162
1634157180 32.27 47.67 537 4.157
1634157240 32.35 48.07 567 4.157
1634157300 32.43 48.31 567 4.162
1634157360 32.17 48.63 599 4.162
1634157420 32.3 49.02 599 4.157
1634157480 32.24 49.25 585 4.162
1634157540 32.41 49.48 451 4.157
1634157600 32.44 49.65 495 4.162
1634157660 32.3 49.91 561 4.162
1634157720 32.03 50.16 543 4.162
1634157780 32.17 50.49 549 4.157
1634157840 32.35 50.72 567 4.162
1634157900 32.49 50.81 567 4.162
1634157960 32.41 51 555 4.162
1634158020 32.09 51.19 561 4.162
1634158080 32.26 51.54 567 4.162
1634158140 32.16 51.75 561 4.162
1634158200 32.1 52.17 575 4.162
1634158260 31.96 52.46 581 4.162
1634158320 31.73 52.84 587 4.167
1634158380 31.73 53.08 581 4.162
1634158440 31.75 53.36 587 4.167
1634158500 31.9 53.58 593 4.167
1634158560 32.2 53.79 587 4.162
1634158620 32.33 53.83 587 4.167
1634158680 31.77 53.95 575 4.167
1634158740 31.55 54.11 561 4.162
1634158800 31.41 54.34 569 4.167
1634158860 31.08 54.7 385 4.162
1634158920 31.05 55.04 557 4.167
1634158980 30.99 55.31 146 4.162
1634159040 30.77 55.53 533 4.167
1634159100 30.43 55.82 551 4.167
1634159160 30.41 56.19 539 4.167
1634159220 30.16 56.63 533 4.167
1634159280 30.07 57.03 533 4.167
1634159340 30.1 57.32 274 4.162
1634159400 30.27 57.56 231 4.162
1634159460 30.1 57.79 182 4.162
1634159520 29.96 58 195 4.157
1634159580 29.93 58.34 188 4.162
1634159640 29.76 58.57 237 4.162
1634159700 29.71 58.9 219 4.162
1634159760 29.75 59.12 182 4.162
1634159820 29.82 59.35 164 4.162
1634159880 29.63 59.62 146 4.162
1634159940 29.49 59.99 152 4.162
1634160000 29.59 60.29 176 4.162
1634160060 29.41 60.55 225 4.167
1634160120 29.34 60.86 152 4.162
1634160180 29.39 61.18 134 4.162
1634160240 29.29 61.35 128 4.162
1634160300 29.22 61.71 109 4.162
1634160360 29.08 61.91 109 4.162
1634160420 28.9 62.14 97 4.162
1634160480 28.73 62.39 109 4.162
1634160540 28.69 62.53 121 4.162
1634160600 28.7 62.77 128 4.157
1634160660 28.57 62.99 146 4.162
1634160720 28.4 63.23 170 4.162
1634160780 28.26 63.51 177 4.167
1634160840 28.16 63.93 176 4.162
1634160900 28.13 64.24 170 4.162
1634160960 28.19 64.5 152 4.162
1634161020 28.19 64.66 128 4.162
1634161080 28.09 64.85 146 4.162
1634161140 28.02 65.08 158 4.162
1634161200 28 65.3 182 4.167
1634161260 28 65.48 195 4.167
1634161320 28.05 65.6 183 4.167
1634161380 27.94 65.74 182 4.167
1634161440 27.91 65.94 177 4.167
1634161500 28.03 66.06 182 4.167
1634161560 28.16 66.16 189 4.167
1634161620 28.15 66.22 189 4.162
1634161680 28.18 66.33 195 4.167
1634161740 28.2 66.28 195 4.167
1634161800 28.19 66.28 195 4.167
1634161860 28.18 66.39 189 4.167
1634161920 28.2 66.41 213 4.167
1634161980 28.23 66.46 207 4.167
1634162040 28.32 66.45 207 4.167
1634162100 28.36 66.41 201 4.167
1634162160 28.4 66.35 201 4.167
1634162220 28.39 66.24 201 4.167
1634162280 28.37 66.21 201 4.167
1634162340 28.33 66.16 183 4.167
1634162400 28.29 66.16 158 4.167
1634162460 28.27 66.21 134 4.162
1634162520 28.2 66.16 134 4.162
1634162580 28.09 66.21 134 4.162
1634162640 27.95 66.3 134 4.162
1634162700 27.88 66.4 134 4.162
1634162760 27.89 66.51 134 4.167
1634162820 27.76 66.59 128 4.167
1634162880 27.76 66.65 128 4.167
1634162940 27.66 66.69 121 4.162
1634163000 27.65 66.8 115 4.162
1634163060 27.69 66.88 109 4.167
1634163120 27.73 66.96 115 4.167
1634163180 27.73 66.96 115 4.162
1634163240 27.62 66.96 121 4.167
1634163300 27.61 67.04 121 4.167
1634163360 27.56 67.14 121 4.167
1634163420 27.45 67.16 121 4.167
1634163480 27.45 67.24 128 4.162
1634163540 27.4 67.25 115 4.167
1634163600 27.41 67.43 109 4.162
1634163660 27.43 67.53 103 4.162
1634163720 27.35 67.56 103 4.167
1634163780 27.35 67.71 97 4.162
1634163840 27.43 67.75 97 4.162
1634163900 27.47 67.74 97 4.167
1634163960 27.37 67.75 84 4.167
1634164020 27.34 67.78 84 4.167
1634164080 27.38 67.92 78 4.162
1634164140 27.38 67.88 84 4.162
1634164200 27.31 67.89 84 4.162
1634164260 27.23 67.95 78 4.162
1634164320 27.15 67.99 78 4.162
1634164380 27.13 68.04 72 4.162
1634164440 27.1 68.16 72 4.162
1634164500 27.04 68.23 66 4.162
1634164560 27 68.37 60 4.162
1634164620 26.93 68.56 54 4.162
1634164680 26.87 68.65 54 4.162
1634164740 26.83 68.82 42 4.162
1634164800 26.8 68.93 42 4.162
1634164860 26.77 69.04 36 4.162
1634164920 26.76 69.15 36 4.162
1634164980 26.74 69.28 30 4.162
1634165040 26.69 69.34 30 4.162
1634165100 26.56 69.47 24 4.162
1634165160 26.5 69.63 24 4.162
1634165220 26.46 69.8 24 4.162
1634165280 26.39 69.98 24 4.162
1634165340 26.38 70.11 24 4.162
1634165400 26.38 70.29 24 4.162
1634165460 26.39 70.41 24 4.162
1634165520 26.35 70.58 24 4.162
1634165580 26.33 70.67 24 4.162
1634165640 26.29 70.84 18 4.162
1634165700 26.32 70.94 18 4.162
1634165760 26.23 71.13 12 4.162
1634165820 26.23 71.3 12 4.162
1634165880 26.23 71.48 12 4.162
1634165940 26.16 71.64 12 4.162
1634166000 26.18 71.75 6 4.162
1634166060 26.19 71.89 6 4.162
1634166120 26.21 71.99 6 4.162
1634166180 26.16 72.07 6 4.162
1634166240 26.14 72.2 6 4.157
1634166300 26.15 72.31 0 4.162
1634166360 26.14 72.41 6 4.162
1634166420 26.12 72.5 6 4.162
1634166480 26.16 72.62 0 4.162
1634166540 26.11 72.65 0 4.162
1634166600 26.09 72.75 0 4.162
1634166660 26.06 72.79 0 4.162
1634166720 26.02 72.81 0 4.162
1634166780 26.02 72.85 0 4.157
1634166840 25.99 72.87 0 4.162
1634166900 25.98 72.94 0 4.162
1634166960 25.96 73 0 4.157
1634167020 25.96 73.07 0 4.157
1634167080 25.96 73.13 0 4.162
1634167140 25.98 73.17 0 4.162
1634167200 25.91 73.2 0 4.157
1634167260 25.91 73.37 0 4.162
1634167320 25.88 73.5 0 4.157
1634167380 25.89 73.62 0 4.162
1634167440 25.89 73.67 0 4.162
1634167500 25.88 73.69 0 4.162
1634167560 25.89 73.8 0 4.162
1634167620 25.85 73.87 0 4.162
1634167680 25.85 73.9 0 4.157
1634167740 25.81 74.01 0 4.157
1634167800 25.81 74.11 0 4.162
1634167860 25.84 74.19 0 4.162
1634167920 25.81 74.25 0 4.162
1634167980 25.74 74.27 0 4.162
1634168040 25.71 74.35 0 4.162
1634168100 25.69 74.49 0 4.162
1634168160 25.67 74.63 0 4.162
1634168220 25.6 74.77 0 4.157
1634168280 25.61 74.89 0 4.162
1634168340 25.65 74.93 0 4.157
1634168400 25.63 74.97 0 4.162
1634168460 25.61 75.08 0 4.157
1634168520 25.65 75.18 0 4.162
1634168580 25.65 75.23 0 4.157
1634168640 25.67 75.25 0 4.157
1634168700 25.64 75.33 0 4.157
1634168760 25.64 75.43 0 4.157
1634168820 25.61 75.48 0 4.157
1634168880 25.64 75.54 0 4.157
1634168940 25.6 75.63 0 4.157
1634169000 25.57 75.76 0 4.162
1634169060 25.49 75.85 0 4.157
1634169120 25.52 76.03 0 4.157
1634169180 25.49 76.08 0 4.162
1634169240 25.48 76.09 0 4.157
1634169300 25.48 76.18 0 4.157
1634169360 25.44 76.24 0 4.162
1634169420 25.42 76.33 0 4.162
1634169480 25.42 76.36 0 4.157
1634169540 25.41 76.43 0 4.157
1634169600 25.45 76.54 0 4.157
1634169660 25.47 76.67 0 4.162
1634169720 25.42 76.7 0 4.157
1634169780 25.37 76.75 0 4.162
1634169840 25.28 76.81 0 4.162
1634169900 25.33 76.88 0 4.162
1634169960 25.34 76.93 0 4.162
1634170020 25.33 77.1 0 4.157
1634170080 25.36 77.16 0 4.157
1634170140 25.33 77.21 0 4.162
1634170200 25.31 77.23 0 4.157
1634170260 25.34 77.29 0 4.162
1634170320 25.33 77.34 0 4.162
1634170380 25.37 77.39 0 4.157
1634170440 25.36 77.44 0 4.157
1634170500 25.34 77.48 0 4.157
1634170560 25.3 77.54 0 4.162
1634170620 25.27 77.56 0 4.157
1634170680 25.26 77.65 0 4.162
1634170740 25.27 77.81 0 4.157
1634170800 25.2 77.95 0 4.157
1634170860 25.21 78.01 0 4.157
1634170920 25.21 78.09 0 4.157
1634170980 25.21 78.19 0 4.157
1634171040 25.2 78.31 0 4.157
1634171100 25.21 78.44 0 4.162
1634171160 25.2 78.44 0 4.157
1634171220 25.21 78.51 0 4.157
1634171280 25.21 78.59 0 4.157
1634171340 25.2 78.63 0 4.157
1634171400 25.21 78.64 0 4.157
1634171460 25.2 78.69 0 4.157
1634171520 25.2 78.72 0 4.157
1634171580 25.2 78.81 0 4.157
1634171640 25.16 78.84 0 4.157
1634171700 25.17 78.95 0 4.162
1634171760 25.18 79 0 4.157
1634171820 25.18 79.02 0 4.157
1634171880 25.2 79.13 0 4.157
1634171940 25.2 79.11 0 4.157
1634172000 25.26 79.13 0 4.157
1634172060 25.23 79.18 0 4.157
1634172120 25.2 79.17 0 4.157
1634172180 25.2 79.25 0 4.157
1634172240 25.21 79.27 0 4.157
1634172300 25.2 79.3 0 4.157
1634172360 25.21 79.33 0 4.157
1634172420 25.2 79.37 0 4.162
1634172480 25.18 79.4 0 4.157
1634172540 25.14 79.44 0 4.157
1634172600 25.12 79.51 0 4.162
1634172660 25.12 79.55 0 4.157
1634172720 25.1 79.56 0 4.157
1634172780 25.12 79.65 0 4.157
1634172840 25.1 79.71 0 4.157
1634172900 25.09 79.72 0 4.157
1634172960 25.06 79.83 0 4.157
1634173020 25.07 79.89 0 4.157
1634173080 25.04 79.91 0 4.157
1634173140 25.07 79.98 0 4.157
1634173200 25.07 80.08 0 4.157
1634173260 25.06 80.1 0 4.157
1634173320 25.06 80.11 0 4.157
1634173380 25.06 80.16 0 4.157
1634173440 25.03 80.18 0 4.157
1634173500 25 80.17 0 4.157
1634173560 25 80.28 0 4.157
1634173620 24.97 80.32 0 4.157
1634173680 24.96 80.32 0 4.157
1634173740 24.97 80.34 0 4.157
1634173800 24.96 80.36 0 4.157
1634173860 24.9 80.41 0 4.157
1634173920 24.9 80.48 0 4.157
1634173980 24.9 80.5 0 4.157
1634174040 24.9 80.63 0 4.157
1634174100 24.9 80.68 0 4.157
1634174160 24.89 80.75 0 4.157
1634174220 24.89 80.81 0 4.157
1634174280 24.85 80.83 0 4.157
1634174340 24.86 80.92 0 4.157
1634174400 24.8 80.92 0 4.157
1634174460 24.8 80.94 0 4.157
1634174520 24.82 81.02 0 4.151
1634174580 24.79 81.04 0 4.157
1634174640 24.76 81.11 0 4.157
1634174700 24.76 81.18 0 4.157
1634174760 24.75 81.26 0 4.157
1634174820 24.73 81.31 0 4.157
1634174880 24.75 81.37 0 4.151
1634174940 24.72 81.45 0 4.157
1634175000 24.7 81.48 0 4.157
1634175060 24.72 81.52 0 4.157
1634175120 24.7 81.62 0 4.157
1634175180 24.72 81.67 0 4.157
1634175240 24.69 81.66 0 4.157
1634175300 24.72 81.71 0 4.157
1634175360 24.72 81.78 0 4.157
1634175420 24.7 81.77 0 4.157
1634175480 24.69 81.76 0 4.157
1634175540 24.67 81.82 0 4.157
1634175600 24.66 81.87 0 4.157
1634175660 24.65 81.88 0 4.157
1634175720 24.66 81.96 0 4.157
1634175780 24.66 82.01 0 4.157
1634175840 24.63 82.04 0 4.157
1634175900 24.65 82.09 0 4.151
1634175960 24.61 82.14 0 4.157
1634176020 24.61 82.15 0 4.157
1634176080 24.59 82.19 0 4.157
1634176140 24.59 82.27 0 4.157
1634176200 24.59 82.31 0 4.157
1634176260 24.59 82.32 0 4.151
1634176320 24.61 82.39 0 4.157
1634176380 24.59 82.43 0 4.157
1634176440 24.61 82.5 0 4.157
1634176500 24.58 82.48 0 4.157
1634176560 24.63 82.54 0 4.157
1634176620 24.62 82.52 0 4.157
1634176680 24.65 82.56 0 4.151
1634176740 24.62 82.58 0 4.157
1634176800 24.63 82.64 0 4.157
1634176860 24.62 82.67 0 4.151
1634176920 24.62 82.71 0 4.157
1634176980 24.55 82.75 0 4.157
1634177040 24.52 82.77 0 4.151
1634177100 24.48 82.84 0 4.157
1634177160 24.43 82.91 0 4.157
1634177220 24.43 82.97 0 4.151
1634177280 24.46 83.08 0 4.157
1634177340 24.42 83.12 0 4.157
1634177400 24.46 83.16 0 4.157
1634177460 24.45 83.25 0 4.157
1634177520 24.45 83.3 0 4.151
1634177580 24.43 83.35 0 4.151
1634177640 24.46 83.34 0 4.151
1634177700 24.43 83.38 0 4.157
1634177760 24.4 83.42 0 4.151
1634177820 24.36 83.44 0 4.157
1634177880 24.35 83.5 0 4.157
1634177940 24.35 83.59 0 4.151
1634178000 24.36 83.63 0 4.157
1634178060 24.31 83.65 0 4.157
1634178120 24.31 83.71 0 4.151
1634178180 24.26 83.78 0 4.157
1634178240 24.29 83.85 0 4.157
1634178300 24.26 83.91 0 4.151
1634178360 24.26 83.95 0 4.151
1634178420 24.25 84.01 0 4.151
1634178480 24.25 84.05 0 4.151
1634178540 24.23 84.12 0 4.151
1634178600 24.26 84.13 0 4.151
1634178660 24.28 84.22 0 4.151
1634178720 24.31 84.25 0 4.151
1634178780 24.32 84.28 0 4.151
1634178840 24.33 84.3 0 4.151
1634178900 24.39 84.31 0 4.151
1634178960 24.4 84.34 0 4.151
1634179020 24.4 84.31 0 4.151
1634179080 24.4 84.36 0 4.157
1634179140 24.45 84.36 0 4.151
1634179200 24.42 84.36 0 4.151
1634179260 24.4 84.34 0 4.157
1634179320 24.4 84.35 0 4.151
1634179380 24.39 84.37 0 4.151
1634179440 24.4 84.39 0 4.151
1634179500 24.39 84.43 0 4.157
1634179560 24.4 84.43 0 4.151
1634179620 24.39 84.44 0 4.151
1634179680 24.39 84.49 0 4.151
1634179740 24.4 84.5 0 4.151
1634179800 24.43 84.51 0 4.151
1634179860 24.39 84.49 0 4.157
1634179920 24.35 84.52 0 4.151
1634179980 24.38 84.49 0 4.151
1634180040 24.36 84.5 0 4.151
1634180100 24.38 84.47 0 4.151
1634180160 24.39 84.46 0 4.151
1634180220 24.38 84.43 0 4.151
1634180280 24.39 84.44 0 4.151
1634180340 24.43 84.42 0 4.151
1634180400 24.45 84.45 0 4.151
1634180460 24.42 84.38 0 4.151
1634180520 24.43 84.37 0 4.151
1634180580 24.42 84.33 0 4.151
1634180640 24.45 84.36 0 4.151
1634180700 24.4 84.35 0 4.151
1634180760 24.4 84.31 0 4.151
1634180820 24.38 84.28 0 4.151
1634180880 24.36 84.26 0 4.151
1634180940 24.36 84.15 0 4.151
1634181000 24.39 84.12 0 4.151
1634181060 24.4 84.09 0 4.151
1634181120 24.36 83.94 0 4.151
1634181180 24.36 83.89 0 4.151
1634181240 24.36 83.81 0 4.151
1634181300 24.36 83.8 0 4.151
1634181360 24.35 83.67 0 4.151
1634181420 24.35 83.58 0 4.151
1634181480 24.36 83.43 0 4.151
1634181540 24.4 83.38 0 4.151
1634181600 24.38 83.27 0 4.151
1634181660 24.36 83.28 0 4.151
1634181720 24.38 83.22 0 4.151
1634181780 24.35 83.1 0 4.151
1634181840 24.33 83.05 0 4.151
1634181900 24.32 82.98 0 4.151
1634181960 24.33 82.97 0 4.151
1634182020 24.32 82.93 0 4.151
1634182080 24.29 82.93 0 4.151
1634182140 24.26 82.85 0 4.151
1634182200 24.28 82.85 0 4.151
1634182260 24.25 82.83 0 4.151
1634182320 24.26 82.81 0 4.151
1634182380 24.29 82.78 0 4.151
1634182440 24.28 82.78 0 4.151
1634182500 24.29 82.8 0 4.151
1634182560 24.25 82.75 0 4.151
1634182620 24.25 82.79 0 4.151
1634182680 24.25 82.77 0 4.151
1634182740 24.23 82.76 0 4.151
1634182800 24.25 82.78 0 4.151
1634182860 24.26 82.79 0 4.151
1634182920 24.23 82.77 0 4.151
1634182980 24.25 82.79 0 4.151
1634183040 24.23 82.85 0 4.151
1634183100 24.21 82.85 0 4.151
1634183160 24.21 82.88 0 4.151
1634183220 24.23 82.93 0 4.151
1634183280 24.19 82.96 0 4.151
1634183340 24.19 83 0 4.151
1634183400 24.19 83.04 0 4.146
1634183460 24.19 83.08 0 4.151
1634183520 24.22 83.13 0 4.151
1634183580 24.21 83.16 0 4.151
1634183640 24.19 83.19 0 4.151
1634183700 24.21 83.26 0 4.151
1634183760 24.21 83.25 0 4.151
1634183820 24.19 83.26 0 4.157
1634183880 24.21 83.32 0 4.146
1634183940 24.19 83.38 0 4.151
1634184000 24.18 83.42 0 4.151
1634184060 24.16 83.4 0 4.151
1634184120 24.15 83.39 0 4.151
1634184180 24.15 83.37 0 4.151
1634184240 24.18 83.41 0 4.151
1634184300 24.18 83.42 0 4.151
1634184360 24.18 83.45 0 4.151
1634184420 24.19 83.41 0 4.146
1634184480 24.18 83.38 0 4.151
1634184540 24.21 83.41 0 4.151
1634184600 24.19 83.43 0 4.151
1634184660 24.21 83.44 0 4.151
1634184720 24.19 83.43 0 4.151
1634184780 24.22 83.4 0 4.146
1634184840 24.19 83.49 0 4.151
1634184900 24.21 83.57 0 4.146
1634184960 24.19 83.63 0 4.151
1634185020 24.18 83.67 0 4.146
1634185080 24.18 83.72 0 4.151
1634185140 24.15 83.76 0 4.151
1634185200 24.16 83.85 0 4.146
1634185260 24.16 83.88 0 4.151
1634185320 24.14 83.94 0 4.151
1634185440 24.1 84 0 4.151
1634185500 24.05 84.06 0 4.151
1634185560 24.07 84.13 0 4.151
1634185620 24.05 84.16 0 4.151
1634185680 24.02 84.23 0 4.151
1634185740 24.02 84.28 0 4.146
1634185800 24 84.35 0 4.151
1634185860 24 84.46 0 4.146
1634185920 24 84.52 0 4.151
1634185980 23.98 84.58 0 4.146
1634186040 23.95 84.61 0 4.151
1634186100 23.97 84.65 0 4.146
1634186160 23.95 84.71 0 4.151
1634186220 23.98 84.76 0 4.146
1634186280 23.98 84.85 0 4.146
1634186340 23.95 84.85 0 4.151
1634186400 23.95 84.87 0 4.151
1634186460 23.97 84.94 0 4.146
1634186520 24 84.96 0 4.151
1634186580 23.98 85.02 0 4.146
1634186640 23.98 85.06 0 4.135
1634186700 23.97 85.15 0 4.146
1634186760 23.97 85.14 0 4.146
1634186820 23.92 85.21 0 4.146
1634186880 23.95 85.29 0 4.146
1634186940 23.92 85.33 0 4.146
1634187000 23.88 85.37 0 4.146
1634187060 23.87 85.43 0 4.146
1634187120 23.82 85.45 0 4.146
1634187180 23.82 85.57 0 4.146
1634187240 23.8 85.65 0 4.146
1634187300 23.82 85.73 0 4.146
1634187360 23.77 85.74 0 4.146
1634187420 23.77 85.8 0 4.146
1634187480 23.77 85.88 0 4.146
1634187540 23.74 85.98 0 4.141
