1637384400 21.12 88.95 0 4.012
1637384460 21.14 88.66 0 4.012
1637384520 21.21 88.59 0 4.012
1637384580 21.25 88.21 0 4.012
1637384640 21.32 87.77 0 4.012
1637384700 21.38 87.53 0 4.012
1637384760 21.4 87.02 0 4.012
1637384820 21.44 86.64 0 4.012
1637384880 21.46 86.5 0 4.012
1637384940 21.48 86.34 0 4.012
1637385000 21.52 86.26 0 4.012
1637385060 21.55 86.17 0 4.012
1637385120 21.54 86.16 0 4.012
1637385180 21.52 86.28 0 4.012
1637385240 21.54 86.24 0 4.012
1637385300 21.54 86.25 0 4.012
1637385360 21.52 86.32 0 4.006
1637385420 21.49 86.32 0 4.012
1637385480 21.48 86.35 0 4.012
1637385540 21.51 86.49 0 4.012
1637385600 21.46 86.86 0 4.012
1637385660 21.45 87.06 0 4.012
1637385720 21.45 87.58 0 4.012
1637385780 21.41 87.62 0 4.012
1637385840 21.41 87.92 0 4.006
1637385900 21.42 88.07 0 4.006
1637385960 21.4 88.25 0 4.006
1637386020 21.4 88.59 0 4.012
1637386080 21.42 88.93 0 4.006
1637386140 21.42 89.16 0 4.006
1637386200 21.42 89.19 0 4.006
1637386260 21.42 89.21 0 4.006
1637386320 21.45 89.16 0 4.012
1637386380 21.46 89.1 0 4.012
1637386440 21.46 89.08 0 4.012
1637386500 21.49 88.99 0 4.006
1637386560 21.51 88.8 0 4.006
1637386620 21.52 88.64 0 4.012
1637386680 21.55 88.43 0 4.006
1637386740 21.55 88.23 0 4.006
1637386800 21.56 88.08 0 4.006
1637386860 21.59 87.99 0 4.006
1637386920 21.63 88.08 0 4.006
1637386980 21.63 87.99 0 4.006
1637387040 21.65 87.98 0 4.006
1637387100 21.66 87.89 0 4.006
1637387160 21.63 87.84 0 4.006
1637387220 21.61 87.65 0 4.006
1637387280 21.61 87.55 0 4.006
1637387340 21.58 87.61 0 4.006
1637387400 21.58 87.55 0 4.006
1637387460 21.58 87.22 0 4.006
1637387520 21.59 87.12 0 4.006
1637387580 21.61 86.97 0 4.006
1637387640 21.63 86.99 0 4.001
1637387700 21.59 86.86 0 4.006
1637387760 21.65 86.88 0 4.006
1637387820 21.63 86.84 0 4.006
1637387880 21.61 86.84 0 4.001
1637387940 21.59 86.93 0 4.006
1637388000 21.59 87.08 0 4.006
1637388060 21.61 87.26 0 4.006
1637388120 21.63 87.46 0 4.006
1637388180 21.69 87.21 0 4.006
1637388240 21.65 87.12 0 4.006
1637388300 21.66 86.94 0 4.006
1637388360 21.68 86.83 0 4.006
1637388420 21.69 86.68 0 4.001
1637388480 21.65 86.59 0 4.006
1637388540 21.66 86.54 0 4.001
1637388600 21.69 86.47 0 4.001
1637388660 21.73 86.4 0 4.006
1637388720 21.76 86.29 0 4.001
1637388780 21.76 86.09 0 4.001
1637388840 21.78 85.97 0 4.006
1637388900 21.73 85.99 0 4.006
1637388960 21.71 86.12 0 4.001
1637389020 21.63 86.29 0 4.006
1637389080 21.54 86.43 0 4.006
1637389140 21.51 86.66 0 4.006
1637389200 21.44 86.86 0 4.006
1637389260 21.41 87.13 0 4.001
1637389320 21.34 87.27 0 4.001
1637389380 21.27 87.37 0 4.001
1637389440 21.24 87.7 0 4.001
1637389500 21.21 87.78 0 4.001
1637389560 21.18 87.85 0 4.001
1637389620 21.17 88.03 0 4.001
1637389680 21.18 88.12 0 4.001
1637389740 21.14 88.15 0 4.001
1637389800 21.11 88.18 0 4.001
1637389860 21.11 88.16 0 4.001
1637389920 21.1 88.17 0 4.001
1637389980 21.08 88.41 0 4.001
1637390040 21.1 88.41 0 4.001
1637390100 21.07 88.34 0 4.001
1637390160 21.07 88.38 0 4.001
1637390220 21.07 88.3 0 4.001
1637390280 21.08 88.38 0 4.001
1637390340 21.08 88.27 0 3.996
1637390400 21.08 88.32 0 4.001
1637390460 21.05 88.23 0 4.001
1637390520 21.04 88.38 0 4.001
1637390580 21.04 88.32 0 4.001
1637390640 21.02 88.33 0 4.001
1637390700 21.07 88.28 0 4.001
1637390760 21.11 87.97 0 4.001
1637390820 21.12 87.93 0 4.001
1637390880 21.17 87.63 0 4.001
1637390940 21.22 87.63 0 4.001
1637391000 21.18 87.5 0 4.006
1637391060 21.21 87.6 0 4.001
1637391120 21.17 87.52 0 4.001
1637391180 21.2 87.71 0 4.001
1637391240 21.25 87.5 0 3.996
1637391300 21.25 87.3 0 4.001
1637391360 21.25 87.29 0 4.001
1637391420 21.27 87.4 0 3.996
1637391480 21.31 87.2 0 3.996
1637391540 21.35 86.95 0 3.996
1637391600 21.31 86.96 0 4.001
1637391660 21.31 86.89 0 4.001
1637391720 21.25 87.05 0 4.001
1637391780 21.22 87.25 0 3.996
1637391840 21.2 87.3 0 4.001
1637391900 21.18 87.34 0 3.996
1637391960 21.15 87.57 0 3.996
1637392020 21.11 87.62 0 3.996
1637392080 21.1 87.76 0 3.996
1637392140 21.11 87.81 0 3.996
1637392200 21.12 87.83 0 3.996
1637392260 21.18 87.7 0 3.996
1637392320 21.2 87.41 0 4.001
1637392380 21.18 87.24 0 3.996
1637392440 21.17 87.4 0 4.001
1637392500 21.17 87.48 0 3.996
1637392560 21.2 87.3 0 3.996
1637392620 21.18 87.21 0 3.996
1637392680 21.21 87.3 0 3.996
1637392740 21.27 87.08 0 3.996
1637392800 21.25 86.97 0 3.996
1637392860 21.22 86.97 0 4.001
1637392920 21.25 86.73 0 3.996
1637392980 21.22 86.74 0 3.996
1637393040 21.25 86.72 0 3.996
1637393100 21.28 86.54 0 3.996
1637393160 21.22 86.22 0 3.996
1637393220 21.22 86.3 0 3.996
1637393280 21.21 86.37 0 3.996
1637393340 21.18 86.43 0 3.996
1637393400 21.15 86.63 0 3.996
1637393460 21.14 86.62 0 3.99
1637393520 21.12 86.76 0 3.996
1637393580 21.11 86.79 0 3.996
1637393640 21.11 86.96 0 3.996
1637393700 21.1 86.65 0 3.996
1637393760 21.08 86.64 0 3.996
1637393820 21.2 87.12 0 3.996
1637393880 21.31 86.97 0 3.996
1637393940 21.34 86.97 0 3.99
1637394000 21.37 86.64 0 3.99
1637394060 21.34 86.48 0 3.99
1637394120 21.37 86.54 0 3.99
1637394180 21.32 86.61 0 3.996
1637394240 21.32 86.66 0 3.996
1637394300 21.34 86.57 0 3.996
1637394360 21.3 86.77 0 3.996
1637394420 21.32 87.37 0 3.996
1637394480 21.34 88.08 0 3.996
1637394540 21.28 88.03 0 3.99
1637394600 21.25 88.05 0 3.996
1637394660 21.22 88.41 0 3.996
1637394720 21.25 88.94 0 3.99
1637394780 21.21 89.16 0 3.996
1637394840 21.15 89.24 0 3.99
1637394900 21.18 89.45 0 3.99
1637394960 21.2 89.65 0 3.99
1637395020 21.14 89.53 0 3.99
1637395080 21.14 89.65 0 3.99
1637395140 21.1 89.81 0 3.99
1637395200 21.07 90.05 0 3.99
1637395260 21.02 90.1 0 3.996
1637395320 21.01 90.3 0 3.996
1637395380 21.05 90.82 0 3.99
1637395440 21.01 90.63 0 3.99
1637395500 21.02 90.8 0 3.996
1637395560 21.04 90.65 0 3.99
1637395620 21.02 90.49 0 3.99
1637395680 21.01 90.51 0 3.99
1637395740 21.01 90.5 0 3.99
1637395800 21.01 90.59 0 3.99
1637395860 20.98 90.53 0 3.99
1637395920 20.95 90.37 0 3.99
1637395980 20.95 90.5 0 3.99
1637396040 20.97 90.49 0 3.99
1637396100 20.98 90.41 0 3.99
1637396160 20.95 90.48 0 3.99
1637396220 20.91 90.59 0 3.99
1637396280 20.9 90.76 0 3.99
1637396340 20.87 90.86 0 3.99
1637396400 20.86 90.93 0 3.99
1637396460 20.8 90.91 0 3.99
1637396520 20.83 91.39 0 3.99
1637396580 20.8 91.39 0 3.99
1637396640 20.77 91.4 0 3.99
1637396700 20.76 91.44 0 3.99
1637396760 20.71 91.54 0 3.99
1637396820 20.69 91.69 0 3.99
1637396880 20.66 91.84 0 3.99
1637396940 20.62 91.72 0 3.99
1637397000 20.54 91.54 0 3.99
1637397060 20.53 91.75 0 3.99
1637397120 20.54 92.07 0 3.99
1637397180 20.49 91.99 0 3.985
1637397240 20.46 92.06 0 3.99
1637397300 20.43 91.91 0 3.99
1637397360 20.43 91.93 0 3.99
1637397420 20.39 92.06 0 3.99
1637397480 20.35 92.15 0 3.99
1637397540 20.32 92.37 0 3.985
1637397600 20.3 92.29 0 3.985
1637397660 20.29 92.21 0 3.985
1637397720 20.33 92.12 0 3.985
1637397780 20.32 91.79 0 3.985
1637397840 20.32 91.75 0 3.985
1637397900 20.35 91.68 0 3.985
1637397960 20.3 91.64 0 3.985
1637398020 20.29 91.6 0 3.985
1637398080 20.29 91.66 0 3.99
1637398140 20.25 91.59 0 3.985
1637398200 20.33 91.6 0 3.985
1637398260 20.35 91.4 0 3.985
1637398320 20.38 91.31 0 3.985
1637398380 20.39 91.27 0 3.985
1637398440 20.38 91.08 0 3.985
1637398500 20.38 90.9 0 3.985
1637398560 20.35 90.81 0 3.985
1637398620 20.36 90.94 0 3.985
1637398680 20.3 90.96 0 3.985
1637398740 20.28 90.91 0 3.985
1637398800 20.28 90.91 0 3.985
1637398860 20.23 90.88 0 3.985
1637398920 20.16 90.88 0 3.985
1637398980 20.16 91.06 0 3.985
1637399040 20.16 91.25 0 3.985
1637399100 20.14 91.22 0 3.985
1637399160 20.12 91.26 0 3.985
1637399220 20.19 91.14 0 3.985
1637399280 20.23 90.98 0 3.985
1637399340 20.25 90.84 0 3.985
1637399400 20.23 90.75 0 3.985
1637399460 20.29 90.71 0 3.985
1637399520 20.29 90.66 0 3.985
1637399580 20.33 90.53 0 3.979
1637399640 20.38 90.11 0 3.985
1637399700 20.39 90.05 0 3.979
1637399760 20.42 89.59 0 3.985
1637399820 20.42 89.36 0 3.985
1637399880 20.42 89.21 0 3.985
1637399940 20.44 88.95 0 3.985
1637400000 20.5 88.64 0 3.985
1637400060 20.5 88.58 0 3.985
1637400120 20.53 88.35 0 3.985
1637400180 20.57 88.1 0 3.979
1637400240 20.56 87.84 0 3.979
1637400300 20.6 87.66 0 3.979
1637400360 20.6 87.62 0 3.985
1637400420 20.62 87.44 0 3.979
1637400480 20.6 87.49 0 3.979
1637400540 20.6 87.3 0 3.979
1637400600 20.63 87.16 0 3.979
1637400660 20.63 87.02 0 3.979
1637400720 20.66 86.78 0 3.979
1637400780 20.65 86.72 0 3.979
1637400840 20.69 86.59 0 3.985
1637400900 20.66 86.49 0 3.985
1637400960 20.71 86.52 0 3.979
1637401020 20.7 86.73 0 3.979
1637401080 20.74 86.56 0 3.979
1637401140 20.73 86.39 0 3.979
1637401200 20.76 86.59 0 3.979
1637401260 20.76 86.64 0 3.979
1637401320 20.8 86.47 0 3.979
1637401380 20.81 86.33 0 3.979
1637401440 20.8 86.57 0 3.979
1637401500 20.77 86.54 0 3.979
1637401560 20.8 86.58 0 3.979
1637401620 20.73 86.69 0 3.979
1637401680 20.73 86.7 0 3.979
1637401740 20.71 86.59 0 3.979
1637401800 20.69 86.61 0 3.979
1637401860 20.67 86.75 0 3.985
1637401920 20.65 86.82 0 3.979
1637401980 20.67 87.02 0 3.979
1637402040 20.76 86.61 0 3.974
1637402100 20.83 86.31 0 3.979
1637402160 20.87 86.34 0 3.979
1637402220 20.86 86.28 0 3.979
1637402280 20.87 86.66 0 3.979
1637402340 20.84 86.68 0 3.979
1637402400 20.84 86.75 0 3.979
1637402460 20.84 86.94 0 3.979
1637402520 20.81 87.09 0 3.979
1637402580 20.77 87.35 0 3.979
1637402640 20.77 87.55 0 3.979
1637402700 20.76 87.73 0 3.979
1637402760 20.71 87.84 0 3.979
1637402820 20.67 88.28 0 3.979
1637402880 20.65 88.81 0 3.979
1637402940 20.59 89.04 0 3.974
1637403000 20.59 89.34 0 3.974
1637403060 20.57 89.55 0 3.979
1637403120 20.56 89.96 0 3.979
1637403180 20.53 90.04 0 3.974
1637403240 20.47 90.3 0 3.974
1637403300 20.47 90.53 0 3.979
1637403360 20.46 90.63 0 3.979
1637403420 20.4 90.93 0 3.979
1637403480 20.4 91.16 0 3.979
1637403540 20.44 91.26 0 3.974
1637403600 20.42 91.12 0 3.979
1637403660 20.44 91.26 0 3.974
1637403720 20.43 91.37 0 3.974
1637403780 20.42 91.47 0 3.974
1637403840 20.43 91.68 0 3.974
1637403900 20.38 91.76 0 3.974
1637403960 20.36 91.85 0 3.974
1637404020 20.33 91.96 0 3.979
1637404080 20.3 92.17 0 3.979
1637404140 20.29 92.17 0 3.974
1637404200 20.26 92.21 0 3.974
1637404260 20.2 92.41 0 3.974
1637404320 20.22 92.62 0 3.974
1637404380 20.22 93.02 0 3.974
1637404440 20.19 93.06 0 3.974
1637404500 20.12 92.99 0 3.974
1637404560 20.12 93.34 0 3.974
1637404620 20.12 93.43 0 3.979
1637404680 20.11 93.28 0 3.974
1637404740 20.16 93.41 4 3.974
1637404800 20.15 93.52 0 3.974
1637404860 20.18 93.58 4 3.974
1637404920 20.15 93.43 4 3.974
1637404980 20.14 93.67 4 3.974
1637405040 20.22 93.68 4 3.974
1637405100 20.25 93.37 4 3.974
1637405160 20.29 93.37 4 3.974
1637405220 20.25 92.95 4 3.974
1637405280 20.2 93.02 4 3.974
1637405340 20.26 93.58 4 3.974
1637405400 20.28 93.51 4 3.974
1637405460 20.29 93.34 4 3.974
1637405520 20.32 93.36 4 3.974
1637405580 20.3 93.32 4 3.969
1637405640 20.29 93.12 10 3.969
1637405700 20.28 93.2 10 3.974
1637405760 20.26 93.44 10 3.969
1637405820 20.25 93.63 10 3.974
1637405880 20.29 93.55 10 3.974
1637405940 20.3 93.51 10 3.969
1637406000 20.29 93.49 16 3.974
1637406060 20.26 93.43 16 3.974
1637406120 20.22 93.52 16 3.974
1637406180 20.2 93.64 16 3.969
1637406240 20.2 93.82 16 3.974
1637406300 20.18 93.82 22 3.969
1637406360 20.15 93.92 22 3.974
1637406420 20.15 94.12 22 3.974
1637406480 20.12 94.09 28 3.974
1637406540 20.15 94.34 22 3.969
1637406600 20.15 94.34 28 3.969
1637406660 20.16 94.45 28 3.974
1637406720 20.18 94.36 28 3.969
1637406780 20.2 94.23 28 3.969
1637406840 20.23 94.03 34 3.969
1637406900 20.25 93.87 40 3.974
1637406960 20.26 93.83 40 3.974
1637407020 20.29 93.64 40 3.974
1637407080 20.33 93.49 40 3.969
1637407140 20.35 93.27 40 3.969
1637407200 20.38 93.09 40 3.974
1637407260 20.38 92.58 75 3.974
1637407320 20.47 92.37 81 3.969
1637407380 20.56 91.94 81 3.969
1637407440 20.63 91.39 97 3.969
1637407500 20.74 91.15 97 3.969
1637407560 20.84 90.52 103 3.969
1637407620 20.98 90.02 87 3.969
1637407680 20.97 88.39 87 3.969
1637407740 21 88.17 115 3.969
1637407800 21.08 88.5 128 3.974
1637407860 21.17 87.7 134 3.969
1637407920 21.24 87.58 128 3.974
1637407980 21.4 87.04 134 3.974
1637408040 21.52 86.73 128 3.974
1637408100 21.79 85.21 134 3.974
1637408160 21.75 83.54 162 3.974
1637408220 21.65 83.14 186 3.974
1637408280 21.65 82.76 192 3.974
1637408340 21.93 82.21 191 3.969
1637408400 22.05 81.47 197 3.969
1637408460 22.2 81.24 203 3.974
1637408520 22.24 81.53 203 3.974
1637408580 22.2 82.18 203 3.974
1637408640 22.12 82.18 209 3.974
1637408700 22.09 82.25 209 3.974
1637408760 22.27 82.07 209 3.974
1637408820 22.4 81.09 209 3.974
1637408880 22.5 80.54 215 3.974
1637408940 22.56 79.77 215 3.979
1637409000 22.63 79.8 221 3.974
1637409060 22.71 80.21 227 3.974
1637409120 22.75 79.03 221 3.979
1637409180 22.9 78.63 221 3.979
1637409240 23.39 76.98 221 3.974
1637409300 23.12 76.63 221 3.974
1637409360 22.98 77.06 221 3.974
1637409420 22.95 76.63 221 3.979
1637409480 22.84 78.37 227 3.974
1637409540 23.07 78.24 227 3.974
1637409600 23.11 77.55 233 3.979
1637409660 23.05 76.51 239 3.974
1637409720 23.11 75.44 239 3.979
1637409780 23.18 74.98 245 3.979
1637409840 23.19 74.99 251 3.979
1637409900 23.3 75.13 251 3.979
1637409960 23.48 73.05 256 3.979
1637410020 23.83 70.91 262 3.979
1637410080 23.96 70.4 268 3.979
1637410140 23.95 69.76 274 3.979
1637410200 24.28 69.83 274 3.979
1637410260 24.5 68.67 280 3.985
1637410320 24.83 67.9 280 3.979
1637410380 24.7 70.46 286 3.985
1637410440 24.23 72.49 292 3.985
1637410500 24.19 73.59 292 3.985
1637410560 23.99 69.58 298 3.985
1637410620 24.09 70.82 304 3.985
1637410680 23.83 71.8 304 3.985
1637410740 23.75 72.35 310 3.985
1637410800 23.9 71.5 310 3.99
1637410860 23.92 69.29 316 3.99
1637410920 23.8 69.04 322 3.99
1637410980 23.84 69.19 322 3.99
1637411040 24.16 68.04 328 3.99
1637411100 24.21 68.96 334 3.99
1637411160 24.35 68.62 334 3.99
1637411220 24.48 67.6 340 3.996
1637411280 24.32 67.32 346 3.996
1637411340 24.41 68.26 340 3.996
1637411400 24.53 68.25 346 3.996
1637411460 24.48 70.49 352 4.001
1637411520 24.37 71.76 352 4.001
1637411580 24.31 72.6 358 4.001
1637411640 24.2 73.2 358 4.006
1637411700 24.14 73.86 358 4.006
1637411760 24.2 75.15 358 4.006
1637411820 24.09 75.59 364 4.012
1637411880 24.14 76.25 376 4.012
1637411940 24.28 75.91 376 4.012
1637412000 24.41 75.15 388 4.012
1637412060 24.09 75.61 394 4.012
1637412120 23.93 77.05 400 4.012
1637412180 23.69 78.21 394 4.017
1637412240 23.76 78.8 424 4.022
1637412300 24.03 78.4 436 4.022
1637412360 24.04 78.45 448 4.022
1637412420 24.04 78.53 444 4.028
1637412480 24.35 77.7 152 4.012
1637412540 24.14 78.2 117 4.012
1637412600 24.06 78.58 218 4.017
1637412660 24.11 78.4 246 4.017
1637412720 23.93 78.74 152 4.012
1637412780 23.72 79.88 141 4.012
1637412840 23.68 80.16 382 4.017
1637412900 23.59 80.12 424 4.022
1637412960 23.62 80.58 432 4.028
1637413020 23.69 80.16 438 4.033
1637413080 23.77 79.37 450 4.033
1637413140 23.79 79.3 188 4.022
1637413200 24.07 78.9 444 4.033
1637413260 24.46 77.44 474 4.039
1637413320 24.81 75.92 480 4.039
1637413380 24.42 76.81 468 4.044
1637413440 24.51 75.86 474 4.044
1637413500 25.05 75.28 469 4.044
1637413560 25.72 72.85 468 4.049
1637413620 25.44 72.7 487 4.049
1637413680 25.46 72.97 487 4.049
1637413740 25.21 73.22 493 4.049
1637413800 25.36 72.12 499 4.055
1637413860 25.46 72.15 507 4.06
1637413920 25.5 71.27 512 4.06
1637413980 25.34 71.64 507 4.065
1637414040 25.22 71.79 513 4.065
1637414100 25.09 71.62 513 4.071
1637414160 25.43 71.02 519 4.071
1637414220 25.23 71.12 525 4.071
1637414280 25.44 71.07 545 4.076
1637414340 25.4 70.58 539 4.082
1637414400 25.3 71.31 545 4.082
1637414460 25.44 70.66 551 4.087
1637414520 25.86 69.71 564 4.087
1637414580 26.01 68.84 564 4.092
1637414640 26.48 67.75 558 4.087
1637414700 26.71 66.36 558 4.092
1637414760 27.09 65.69 566 4.092
1637414820 27.13 65.05 572 4.098
1637414880 26.96 66.11 572 4.098
1637414940 26.98 65.89 572 4.103
1637415000 26.69 67.46 567 4.108
1637415060 26.52 68.04 567 4.108
1637415120 26.11 69.19 567 4.114
1637415180 26.05 70.2 575 4.119
1637415240 26.21 69.37 581 4.119
1637415300 26.11 69.06 581 4.125
1637415360 25.7 69.77 581 4.125
1637415420 26.2 69.2 588 4.092
1637415480 26.71 67.9 593 4.082
1637415540 26.76 67.68 585 4.114
1637415600 26.78 67.59 581 4.125
1637415660 26.86 67.81 588 4.092
1637415720 26.88 67.74 612 4.087
1637415780 26.99 67.5 605 4.087
1637415840 26.85 67.93 623 4.082
1637415900 26.35 68.97 629 4.082
1637415960 26.42 69.55 646 4.076
1637416020 26.3 68.99 670 4.076
1637416080 26.14 69.99 682 4.076
1637416140 26.28 69.32 676 4.076
1637416200 26.3 69.17 670 4.071
1637416260 26.3 69.53 676 4.071
1637416320 26.44 69.01 682 4.071
1637416380 26.13 69.43 682 4.065
1637416440 25.95 70 674 4.065
1637416500 26.34 69.52 674 4.065
1637416560 26.13 69.35 674 4.065
1637416620 26.45 68.83 680 4.065
1637416680 26.61 68.58 680 4.065
1637416740 26.28 68.77 691 4.065
1637416800 26.18 68.66 703 4.06
1637416860 25.97 70.16 698 4.06
1637416920 25.93 69.45 703 4.06
1637416980 26.24 68.38 697 4.06
1637417040 26.37 67.81 703 4.06
1637417100 26.01 67.95 703 4.06
1637417160 26.04 68 709 4.055
1637417220 26.21 67.97 727 4.06
1637417280 26.62 67.14 721 4.06
1637417340 26.85 65.56 721 4.055
1637417400 26.71 64.27 721 4.055
1637417460 26.58 64.52 739 4.055
1637417520 26.71 65.43 737 4.055
1637417580 26.83 65.02 743 4.055
1637417640 26.93 64.71 755 4.055
1637417700 26.81 64.67 755 4.055
1637417760 26.75 64.68 755 4.055
1637417820 26.62 64.38 749 4.055
1637417880 26.69 64.55 755 4.049
1637417940 27.09 63.16 761 4.055
1637418000 27.19 62.22 768 4.049
1637418060 27.6 61.86 768 4.055
1637418120 27.58 60.77 774 4.049
1637418180 27.25 61.22 774 4.049
1637418240 27.49 59.83 778 4.044
1637418300 27.4 59.48 790 4.044
1637418360 27.63 59.48 796 4.044
1637418420 27.56 59.5 802 4.049
1637418480 27.81 58.11 808 4.049
1637418540 28.22 57.01 808 4.044
1637418600 28.16 57.72 819 4.049
1637418660 28.15 57.65 820 4.044
1637418720 28.35 58.08 819 4.044
1637418780 28.43 58.24 825 4.044
1637418840 28.69 57.47 825 4.044
1637418900 28.31 57.53 831 4.044
1637418960 28.49 57.19 825 4.044
1637419020 28.59 57.22 831 4.044
1637419080 28.34 57.74 831 4.044
1637419140 28.25 57.56 831 4.039
1637419200 27.78 59.54 849 4.039
1637419260 28.43 58.48 853 4.039
1637419320 28.87 57.07 859 4.039
1637419380 28.92 56.95 853 4.044
1637419440 28.55 57.66 859 4.044
1637419500 28.15 58.49 853 4.039
1637419560 27.51 60.17 853 4.039
1637419620 27.34 61.26 853 4.039
1637419680 27.14 62.25 859 4.039
1637419740 27.7 60.65 865 4.039
1637419800 27.6 60.64 883 4.039
1637419860 28.22 59.81 877 4.039
1637419920 28.01 59.07 871 4.039
1637419980 27.64 60.52 883 4.039
1637420040 27.57 61.16 921 4.098
1637420100 27.58 61.13 924 4.114
1637420160 27.68 61.31 615 4.103
1637420220 27.77 60.56 897 4.071
1637420280 27.58 60.78 896 4.06
1637420340 27.8 61.06 888 4.06
1637420400 28.02 60.36 870 4.06
1637420460 28 59.62 870 4.055
1637420520 27.67 60.32 864 4.055
1637420580 27.98 59.87 882 4.055
1637420640 28.52 58.93 892 4.055
1637420700 28.99 57.21 882 4.055
1637420760 28.94 57.03 882 4.055
1637420820 28.7 57.26 892 4.055
1637420880 28.87 57.43 917 4.055
1637420940 29.24 56.54 924 4.114
1637421000 29.61 55.73 960 4.135
1637421060 29.58 55.81 980 4.146
1637421120 29.67 55.37 978 4.162
1637421180 29.41 56.36 962 4.173
1637421240 29.3 56.2 977 4.184
1637421300 28.9 57.34 947 4.189
1637421360 29.2 57.25 977 4.157
1637421420 29.64 56 965 4.13
1637421480 30.04 54.87 963 4.119
1637421540 29.95 55.04 990 4.114
1637421600 29.98 55.26 1013 4.108
1637421660 30.08 54.87 1001 4.108
1637421720 29.85 55.11 1025 4.108
1637421780 29.85 55.28 1031 4.103
1637421840 29.82 54.56 1036 4.098
1637421900 29.1 56.84 1036 4.098
1637421960 29.13 57.09 1042 4.098
1637422020 29.07 56.49 1060 4.098
1637422080 29.31 56.32 1088 4.092
1637422140 28.97 56.87 1100 4.092
1637422200 28.83 57.68 1124 4.092
1637422260 29.21 56.75 1016 4.092
1637422320 29 56.42 1173 4.092
1637422380 29.24 56.07 1161 4.092
1637422440 29.51 56 1010 4.092
1637422500 29.76 55.2 1063 4.092
1637422560 30.19 54.07 522 4.092
1637422620 29.6 54.69 683 4.087
1637422680 29.34 55.61 798 4.087
1637422740 29.1 56.25 1027 4.087
1637422800 29.37 56.4 1037 4.082
1637422860 29.67 55.68 353 4.082
1637422920 29.51 55.76 605 4.082
1637422980 29.53 55.53 472 4.082
1637423040 29.45 56.51 359 4.082
1637423100 29.53 56.76 347 4.082
1637423160 29.03 58.05 317 4.082
1637423220 28.65 58.84 293 4.076
1637423280 28.34 60.19 310 4.076
1637423340 28.23 60.72 328 4.082
1637423400 28 61.39 322 4.076
1637423460 27.49 62.65 316 4.076
1637423520 27.51 62.91 340 4.076
1637423580 27.26 62.96 394 4.076
1637423640 26.74 65.03 790 4.076
1637423700 26.78 65.61 334 4.076
1637423760 27.06 65.24 718 4.076
1637423820 27.33 64.54 1096 4.076
1637423880 27.64 63.82 1100 4.071
1637423940 28.21 61.97 1132 4.076
1637424000 28.18 61.44 1100 4.071
1637424060 28.73 60.57 1100 4.071
1637424120 28.94 59.07 1112 4.071
1637424180 28.83 59.57 1118 4.071
1637424240 28.8 59.33 1142 4.071
1637424300 28.73 59.46 1142 4.071
1637424360 28.52 60.19 1088 4.071
1637424420 28.38 61.21 1171 4.071
1637424480 28.59 60.97 1179 4.071
1637424540 29.25 59.7 1215 4.162
1637424600 29.85 57.18 1224 4.184
1637424660 29.5 57.19 1201 4.2
1637424720 29.28 57.68 534 4.135
1637424780 29.2 58.22 519 4.119
1637424840 29.28 57.84 1185 4.114
1637424900 29.38 57.72 1183 4.108
1637424960 29.6 57.22 367 4.108
1637425020 29.44 57.92 349 4.108
1637425080 29.04 59.02 331 4.103
1637425140 28.96 59.51 349 4.103
1637425200 28.32 61.05 397 4.098
1637425260 28.18 61.65 439 4.103
1637425320 27.94 62.07 427 4.098
1637425380 27.71 62.72 439 4.098
1637425440 27.57 63.2 393 4.119
1637425500 27.54 63.16 469 4.108
1637425560 27.46 63.65 1176 4.103
1637425620 27.4 63.74 1025 4.098
1637425680 27.37 64.39 969 4.098
1637425740 28.04 63.29 373 4.098
1637425800 28.04 62.8 349 4.098
1637425860 28.22 62.67 341 4.098
1637425920 27.94 63.49 414 4.092
1637425980 27.94 63.43 510 4.092
1637426040 27.76 63.67 1167 4.092
1637426100 27.78 64.02 1136 4.092
1637426160 28.12 62.33 1100 4.087
1637426220 28.08 62.07 1064 4.092
1637426280 28.55 61.27 1058 4.092
1637426340 29.06 59.94 1067 4.173
1637426400 29.3 59.74 1066 4.146
1637426460 29.65 58.42 1073 4.151
1637426520 29.54 57.81 1081 4.157
1637426580 29.48 58.38 1082 4.162
1637426640 29.4 58.55 1075 4.173
1637426700 29.64 56.78 1057 4.184
1637426760 29.1 58.3 1040 4.167
1637426820 29.07 58.78 1045 4.157
1637426880 29.58 56.99 1049 4.151
1637426940 29.98 55.85 1060 4.146
1637427000 30.19 55.89 1076 4.141
1637427060 30.08 56.15 1094 4.141
1637427120 30.16 56.32 1132 4.135
1637427180 29.78 56.81 1161 4.135
1637427240 29.4 57.34 1189 4.13
1637427300 29.3 57.64 1225 4.13
1637427360 29.37 58.53 1242 4.13
1637427420 29.25 59.12 1109 4.125
1637427480 29.65 58.45 515 4.125
1637427540 29.81 57.82 308 4.125
1637427600 29.28 58.75 302 4.13
1637427660 28.56 61.15 314 4.125
1637427720 28.41 61.29 356 4.125
1637427780 27.94 62.64 495 4.119
1637427840 27.9 62.93 707 4.119
1637427900 28.07 62.5 1186 4.119
1637427960 28.15 61.88 1192 4.119
1637428020 28.43 61.33 1186 4.114
1637428080 28.83 60.41 1239 4.114
1637428140 29.33 58.51 615 4.114
1637428200 29.18 58.63 477 4.108
1637428260 29.21 59.08 435 4.108
1637428320 29.51 58.48 1263 4.114
1637428380 29.67 57.74 1231 4.108
1637428440 29.84 57.13 1155 4.108
1637428500 29.88 57.29 1147 4.108
1637428560 29.79 57.19 1147 4.108
1637428620 30.19 56.62 1177 4.103
1637428680 30.06 56.44 1221 4.108
1637428740 29.61 57.56 652 4.108
1637428800 30.01 57.24 736 4.108
1637428860 29.86 56.72 397 4.108
1637428920 29.68 56.59 361 4.103
1637428980 29.71 56.8 337 4.103
1637429040 29.67 56.62 349 4.103
1637429100 29.2 57.38 367 4.103
1637429160 28.82 58.74 373 4.098
1637429220 28.08 61.11 584 4.098
1637429280 27.87 61.33 512 4.098
1637429340 27.98 60.93 427 4.098
1637429400 28.07 61.23 680 4.098
1637429460 28.21 61.08 1222 4.098
1637429520 28.55 60.15 421 4.098
1637429580 28.9 59.22 373 4.098
1637429640 29.14 58.34 349 4.092
1637429700 28.77 58.94 325 4.098
1637429760 28.51 59.92 319 4.092
1637429820 28.22 60.87 337 4.092
1637429880 28.21 60.79 371 4.092
1637429940 28.07 60.92 456 4.087
1637430000 27.94 61.91 780 4.087
1637430060 28.31 61.5 1141 4.087
1637430120 28.38 61.85 1130 4.087
1637430180 28.83 60.54 761 4.092
1637430240 29.24 59.39 305 4.092
1637430300 29.34 58.57 263 4.087
1637430360 28.83 59.53 257 4.087
1637430420 28.59 60.72 257 4.087
1637430480 28.39 60.94 275 4.087
1637430540 27.91 62.04 299 4.087
1637430600 27.8 62.6 371 4.087
1637430660 27.53 63.66 341 4.087
1637430720 27.51 63.93 347 4.087
1637430780 27.49 64.06 353 4.087
1637430840 27.34 64.5 1159 4.082
1637430900 27.46 64.62 1170 4.082
1637430960 27.94 63.33 335 4.082
1637431020 28.25 62.69 959 4.082
1637431080 28.43 61.54 245 4.082
1637431140 28.26 61.84 251 4.082
1637431200 28.16 62.21 323 4.082
1637431260 28.11 62 1060 4.082
1637431320 28.36 61.77 1108 4.076
1637431380 28.8 60.56 1091 4.076
1637431440 29.33 59.24 340 4.076
1637431500 29.23 58.62 328 4.076
1637431560 29.23 58.87 334 4.076
1637431620 28.97 59.7 322 4.076
1637431680 28.46 61.11 334 4.082
1637431740 27.9 62.76 341 4.098
1637431800 27.56 63.77 367 4.103
1637431860 27.49 64.17 377 4.087
1637431920 27.4 64.34 396 4.082
1637431980 27.56 64.38 448 4.082
1637432040 27.57 64.37 359 4.082
1637432100 27.7 63.64 959 4.076
1637432160 27.81 63.1 1096 4.076
1637432220 27.85 62.9 1132 4.076
1637432280 27.94 63.05 1150 4.076
1637432340 28.46 61.56 886 4.076
1637432400 28.52 61.09 1180 4.076
1637432460 29.03 59.7 1156 4.071
1637432520 29.51 58.28 539 4.076
1637432580 29.71 57.26 466 4.076
1637432640 29.85 57.16 451 4.103
1637432700 29.03 58.73 445 4.108
1637432760 28.62 59.34 483 4.119
1637432820 28.07 61.29 727 4.092
1637432880 28.18 61.49 600 4.092
1637432940 28.45 61.27 384 4.087
1637433000 28.84 60.38 311 4.087
1637433060 28.83 60.34 287 4.087
1637433120 28.16 62.07 263 4.082
1637433180 27.72 63.82 275 4.082
1637433240 27.8 63.83 275 4.082
1637433300 27.81 63.4 293 4.082
1637433360 27.63 63.55 323 4.076
1637433420 27.56 64.09 364 4.082
1637433480 27.67 64.05 394 4.082
1637433540 27.74 64.17 421 4.103
1637433600 27.83 63.36 385 4.103
1637433660 27.57 63.8 399 4.114
1637433720 27.5 64.07 399 4.119
1637433780 27.41 64.5 387 4.125
1637433840 27.29 64.95 387 4.125
1637433900 27.2 65.74 391 4.103
1637433960 27.34 65.62 379 4.103
1637434020 27.56 65.17 385 4.098
1637434080 27.6 64.67 390 4.098
1637434140 27.36 65.48 385 4.092
1637434200 27.58 65.18 384 4.092
1637434260 27.77 64.46 402 4.092
1637434320 27.8 64.48 408 4.092
1637434380 27.72 64.37 426 4.092
1637434440 27.57 64.03 435 4.119
1637434500 27.49 64.71 399 4.119
1637434560 27.37 65.27 397 4.108
1637434620 27.44 65.35 427 4.103
1637434680 27.49 65.3 849 4.103
1637434740 27.63 65.06 1048 4.098
1637434800 27.67 64.82 926 4.098
1637434860 27.84 63.84 433 4.098
1637434920 27.65 64.61 371 4.098
1637434980 27.77 64.22 498 4.092
1637435040 27.85 64.05 365 4.092
1637435100 27.87 64.03 390 4.092
1637435160 27.78 63.76 402 4.092
1637435220 27.54 63.87 377 4.087
1637435280 27.51 64.08 329 4.087
1637435340 27.51 64.06 331 4.108
1637435400 27.4 64.69 344 4.114
1637435460 27.51 64.58 393 4.125
1637435520 27.4 65.06 995 4.098
1637435580 27.44 65.44 957 4.098
1637435640 27.95 64.36 938 4.092
1637435700 28.38 62.28 427 4.092
1637435760 28.42 62.33 636 4.092
1637435820 28.58 62.02 956 4.092
1637435880 28.7 61.52 944 4.092
1637435940 29.16 60.9 414 4.087
1637436000 28.94 60.33 371 4.087
1637436060 28.92 60.39 347 4.087
1637436120 28.77 60.7 335 4.087
1637436180 28.63 61.26 335 4.087
1637436240 28.53 61.56 405 4.114
1637436300 28.42 61.91 859 4.092
1637436360 28.52 62.11 902 4.092
1637436420 28.67 61.86 792 4.092
1637436480 29.2 60.89 918 4.087
1637436540 29.35 60.51 894 4.087
1637436600 29.51 60.61 870 4.087
1637436660 29.91 59.63 456 4.087
1637436720 29.86 59.37 426 4.087
1637436780 29.18 60.38 558 4.087
1637436840 28.42 62.54 623 4.087
1637436900 28.05 63.91 426 4.082
1637436960 28.34 63.48 478 4.082
1637437020 28.41 62.17 454 4.082
1637437080 28.34 62.45 508 4.082
1637437140 28.28 62.38 743 4.082
1637437200 28.72 61.75 828 4.076
1637437260 28.56 61.87 876 4.082
1637437320 28.89 61.94 611 4.082
1637437380 29.3 60.3 755 4.082
1637437440 29.37 60.12 352 4.076
1637437500 29.28 60.54 335 4.076
1637437560 28.96 61.18 316 4.082
1637437620 28.72 62.19 328 4.076
1637437680 28.08 64 364 4.076
1637437740 27.91 64.91 442 4.076
1637437800 28.01 64.17 484 4.076
1637437860 28.01 64.56 700 4.076
1637437920 28.04 64.68 748 4.076
1637437980 28.19 64.51 310 4.076
1637438040 28.02 65.12 293 4.087
1637438100 28.01 65.22 281 4.092
1637438160 27.88 65.84 343 4.103
1637438220 27.78 65.69 307 4.108
1637438280 27.43 66.7 447 4.119
1637438340 27.17 67.82 313 4.119
1637438400 27.32 67.29 314 4.119
1637438460 27.16 67.79 284 4.119
1637438520 27 68.12 302 4.119
1637438580 27.07 68.59 344 4.13
1637438640 27.19 68.41 451 4.108
1637438700 27.2 68.14 620 4.103
1637438760 27.41 67.46 686 4.103
1637438820 27.65 66.41 680 4.098
1637438880 27.71 66.34 662 4.098
1637438940 27.77 66.44 275 4.092
1637439000 28.19 65.4 245 4.092
1637439060 28.42 64.97 197 4.092
1637439120 28.29 65.33 179 4.092
1637439180 28.02 65.87 167 4.092
1637439240 27.77 66.91 167 4.092
1637439300 27.5 68 179 4.087
1637439360 27.32 68.54 191 4.087
1637439420 27.1 68.52 215 4.092
1637439480 26.75 69.16 215 4.087
1637439540 26.62 70.11 239 4.087
1637439600 26.51 70.62 245 4.087
1637439660 26.65 70.54 245 4.087
1637439720 26.74 69.77 221 4.087
1637439780 26.59 70.47 221 4.087
1637439840 26.45 70.89 221 4.098
1637439900 26.27 71.74 222 4.098
1637439960 26.37 71.68 222 4.103
1637440020 26.48 71.09 210 4.103
1637440080 26.41 71.45 216 4.103
1637440140 26.34 71.95 228 4.103
1637440200 27 70.41 246 4.108
1637440260 26.95 69.95 234 4.108
1637440320 26.93 70.07 252 4.098
1637440380 26.68 70.64 390 4.092
1637440440 26.72 71.09 390 4.092
1637440500 26.82 70.52 402 4.087
1637440560 26.95 70.09 390 4.092
1637440620 26.98 69.59 263 4.087
1637440680 27.09 69.23 251 4.092
1637440740 26.93 69.2 259 4.098
1637440800 26.66 70.22 271 4.108
1637440860 26.34 71.24 275 4.092
1637440920 26.3 71.51 275 4.092
1637440980 26.3 71.72 275 4.092
1637441040 26.3 72.11 281 4.092
1637441100 26.3 72.05 353 4.087
1637441160 26.31 72.05 257 4.087
1637441220 26.45 71.82 263 4.087
1637441280 26.45 71.68 281 4.087
1637441340 26.58 71.24 263 4.087
1637441400 26.56 71.36 269 4.087
1637441460 26.44 71.7 281 4.082
1637441520 26.55 71.6 293 4.082
1637441580 26.62 71.13 287 4.082
1637441640 26.35 71.09 269 4.082
1637441700 26.13 72.25 239 4.082
1637441760 26.15 72.48 233 4.076
1637441820 26.07 72.71 227 4.082
1637441880 26.25 72.43 221 4.082
1637441940 26.37 72 215 4.076
1637442000 26.32 71.95 209 4.076
1637442060 26.38 71.54 203 4.076
1637442120 26.28 71.52 197 4.076
1637442180 26.17 72 185 4.076
1637442240 26.21 71.96 173 4.076
1637442300 26.23 71.83 167 4.076
1637442360 26.13 72.3 155 4.071
1637442420 26.15 72.48 155 4.076
1637442480 26.14 71.49 155 4.071
1637442540 26.03 72.28 149 4.076
1637442600 26.11 72.15 251 4.087
1637442660 26.15 72.05 293 4.076
1637442720 26.39 71.47 203 4.071
1637442780 26.48 70.85 305 4.071
1637442840 26.65 70.53 316 4.071
1637442900 26.46 70.54 233 4.071
1637442960 26.41 72.64 173 4.071
1637443020 25.95 74.16 179 4.071
1637443080 25.67 76.83 191 4.071
1637443140 25.54 77.4 185 4.071
1637443200 25.5 77.58 197 4.071
1637443260 25.29 77.34 274 4.071
1637443320 25.28 77.65 197 4.065
1637443380 25.26 77.24 185 4.065
1637443440 25.28 78.08 209 4.076
1637443500 25.29 77.51 173 4.076
1637443560 25.37 77.11 155 4.082
1637443620 25.43 77.77 143 4.076
1637443680 25.37 77.61 137 4.076
1637443740 25.3 77.83 137 4.082
1637443800 25.32 78.11 131 4.082
1637443860 25.29 78.11 124 4.076
1637443920 25.26 77.71 124 4.076
1637443980 25.26 77.75 124 4.082
1637444040 25.16 77.83 131 4.082
1637444100 25.16 77.91 137 4.082
1637444160 25.09 77.83 143 4.082
1637444220 25.06 77.85 149 4.082
1637444280 25.08 77.48 155 4.082
1637444340 24.98 76.99 161 4.082
1637444400 25.01 77.29 161 4.082
1637444460 24.98 76.81 161 4.082
1637444520 24.98 76.98 161 4.087
1637444580 24.96 76.82 155 4.087
1637444640 25.04 76.65 155 4.087
1637444700 25.09 75.98 155 4.087
1637444760 25.11 76.13 149 4.087
1637444820 25.19 75.81 143 4.087
1637444880 25.19 75.03 143 4.087
1637444940 25.29 75.29 143 4.087
1637445000 25.23 74.78 149 4.087
1637445060 25.09 75.09 143 4.092
1637445120 24.96 75.28 137 4.087
1637445180 24.93 75.61 131 4.087
1637445240 24.99 75.48 124 4.082
1637445300 24.89 75.9 112 4.082
1637445360 24.86 75.49 106 4.082
1637445420 24.79 75.7 100 4.082
1637445480 24.79 75.82 94 4.082
1637445540 24.85 75.93 88 4.082
1637445600 24.88 75.98 82 4.082
1637445660 24.81 76.06 76 4.082
1637445720 24.74 76.38 70 4.082
1637445780 24.74 76.64 70 4.076
1637445840 24.77 76.69 64 4.076
1637445900 24.65 77.04 64 4.082
1637445960 24.64 77.34 58 4.076
1637446020 24.6 77.63 52 4.076
1637446080 24.44 78.11 46 4.076
1637446140 24.35 78.54 40 4.071
1637446200 24.21 79.17 34 4.071
1637446260 24.21 79.36 34 4.076
1637446320 24.21 79.32 34 4.076
1637446380 24.2 79.48 28 4.076
1637446440 24.14 79.81 28 4.071
1637446500 24.13 79.68 28 4.076
1637446560 24.07 80.18 28 4.071
1637446620 24.04 80.79 28 4.076
1637446680 24 80.58 28 4.076
1637446740 23.95 81.06 28 4.076
1637446800 23.9 80.71 28 4.071
1637446860 23.84 80.74 34 4.071
1637446920 23.84 80.82 34 4.071
1637446980 23.86 80.79 34 4.071
1637447040 23.89 80.78 28 4.065
1637447100 23.87 80.48 22 4.071
1637447160 23.95 80.43 10 4.071
1637447220 23.92 80.17 4 4.071
1637447280 23.93 80.09 4 4.071
1637447340 23.95 79.92 4 4.071
1637447400 23.95 79.69 0 4.071
1637447460 23.86 79.57 0 4.071
1637447520 23.87 79.46 0 4.071
1637447580 23.84 79.68 4 4.071
1637447640 23.87 79.34 0 4.071
1637447700 23.84 79.45 0 4.071
1637447760 23.84 79.47 0 4.071
1637447820 23.83 79.57 0 4.071
1637447880 23.76 79.52 0 4.071
1637447940 23.76 79.25 0 4.065
1637448000 23.75 79.41 0 4.065
1637448060 23.75 79.79 0 4.065
1637448120 23.73 79.9 0 4.065
1637448180 23.72 79.68 0 4.065
1637448240 23.7 79.62 0 4.065
1637448300 23.7 79.71 0 4.065
1637448360 23.7 79.69 0 4.065
1637448420 23.68 80.05 0 4.065
1637448480 23.63 80.31 0 4.065
1637448540 23.65 80.3 0 4.065
1637448600 23.68 80.32 0 4.065
1637448660 23.65 80.36 0 4.071
1637448720 23.6 80.77 0 4.065
1637448780 23.6 80.88 0 4.065
1637448840 23.63 80.77 0 4.06
1637448900 23.63 80.88 0 4.06
1637448960 23.56 81.3 0 4.06
1637449020 23.53 81.54 0 4.065
1637449080 23.53 81.61 0 4.065
1637449140 23.56 81.56 0 4.065
1637449200 23.59 81.59 0 4.06
1637449260 23.65 81.51 0 4.06
1637449320 23.65 81.52 0 4.06
1637449380 23.65 81.61 0 4.065
1637449440 23.66 81.91 0 4.065
1637449500 23.65 81.7 0 4.06
1637449560 23.62 81.97 0 4.06
1637449620 23.59 82.14 0 4.065
1637449680 23.6 82.21 0 4.06
1637449740 23.58 82.45 0 4.06
1637449800 23.56 82.36 0 4.06
1637449860 23.53 82.47 0 4.06
1637449920 23.49 82.35 0 4.06
1637449980 23.45 82.59 0 4.06
1637450040 23.46 82.65 0 4.06
1637450100 23.45 82.83 0 4.06
1637450160 23.39 82.92 0 4.06
1637450220 23.39 83.1 0 4.06
1637450280 23.35 83.3 0 4.06
1637450340 23.32 83.41 0 4.06
1637450400 23.33 83.68 0 4.06
1637450460 23.3 83.76 0 4.055
1637450520 23.28 84.08 0 4.055
1637450580 23.25 84.15 0 4.06
1637450640 23.28 84.05 0 4.055
1637450700 23.33 84.14 0 4.055
1637450760 23.3 84.1 0 4.06
1637450820 23.28 84.2 0 4.06
1637450880 23.26 84.22 0 4.06
1637450940 23.24 84.37 0 4.055
1637451000 23.21 84.46 0 4.055
1637451060 23.21 84.65 0 4.06
1637451120 23.28 84.55 0 4.055
1637451180 23.26 84.42 0 4.055
1637451240 23.29 84.44 0 4.055
1637451300 23.28 84.38 0 4.055
1637451360 23.26 84.61 0 4.055
1637451420 23.18 84.76 0 4.055
1637451480 23.19 84.87 0 4.055
1637451540 23.21 84.96 0 4.049
1637451600 23.19 85.1 0 4.055
1637451660 23.17 85.2 0 4.055
1637451720 23.12 85.51 0 4.055
1637451780 23.12 85.67 0 4.055
1637451840 23.11 85.85 0 4.055
1637451900 23.08 86.01 0 4.055
1637451960 23.08 85.9 0 4.055
1637452020 23.02 85.78 0 4.055
1637452080 23.04 85.64 0 4.055
1637452140 23.07 85.29 0 4.049
1637452200 23.05 85.35 0 4.055
1637452260 23.05 85.56 0 4.055
1637452320 23.05 85.61 0 4.055
1637452380 23.07 85.37 0 4.055
1637452440 23.09 85.3 0 4.049
1637452500 23.14 85.33 0 4.049
1637452560 23.09 84.68 0 4.049
1637452620 23.19 84.24 0 4.049
1637452680 23.19 84.12 0 4.049
1637452740 23.17 84.05 0 4.049
1637452800 23.18 84.06 0 4.049
1637452860 23.17 84.1 0 4.049
1637452920 23.15 84.33 0 4.049
1637452980 23.19 84.25 0 4.049
1637453040 23.15 84.15 0 4.049
1637453100 23.22 84.15 0 4.049
1637453160 23.24 84.31 0 4.049
1637453220 23.22 84.48 0 4.049
1637453280 23.22 84.14 0 4.049
1637453340 23.21 83.98 0 4.044
1637453400 23.21 83.35 0 4.049
1637453460 23.22 83.13 0 4.049
1637453520 23.25 82.98 0 4.049
1637453580 23.22 82.92 0 4.049
1637453640 23.18 83.07 0 4.049
1637453700 23.19 83.38 0 4.049
1637453760 23.22 83.48 0 4.049
1637453820 23.19 83.57 0 4.049
1637453880 23.21 83.66 0 4.044
1637453940 23.19 83.76 0 4.049
1637454000 23.19 83.82 0 4.049
1637454060 23.18 84.08 0 4.049
1637454120 23.15 84.09 0 4.049
1637454180 23.12 84.43 0 4.049
1637454240 23.14 84.9 0 4.044
1637454300 23.14 85 0 4.044
1637454360 23.11 85.13 0 4.044
1637454420 23.09 85.2 0 4.044
1637454480 23.11 85.3 0 4.044
1637454540 23.09 85.2 0 4.044
1637454600 23.09 85.05 0 4.044
1637454660 23.07 84.67 0 4.044
1637454720 23.09 84.6 0 4.049
1637454780 23.11 84.39 0 4.044
1637454840 23.08 84.08 0 4.049
1637454900 23.11 83.36 0 4.044
1637454960 23.14 83.2 0 4.044
1637455020 23.09 82.98 0 4.044
1637455080 23.09 82.87 0 4.044
1637455140 23.11 82.62 0 4.039
1637455200 23.12 82.64 0 4.044
1637455260 23.12 82.25 0 4.044
1637455320 23.09 82.25 0 4.044
1637455380 23.11 82.3 0 4.044
1637455440 23.11 82.35 0 4.044
1637455500 23.11 82.11 0 4.044
1637455560 23.11 81.94 0 4.044
1637455620 23.12 81.71 0 4.044
1637455680 23.11 81.65 0 4.044
1637455740 23.14 81.6 0 4.044
1637455800 23.15 81.49 0 4.044
1637455860 23.17 81.45 0 4.044
1637455920 23.14 81.28 0 4.044
1637455980 23.17 81.29 0 4.044
1637456040 23.15 81.24 0 4.039
1637456100 23.18 81.04 0 4.039
1637456160 23.17 81.11 0 4.039
1637456220 23.09 81.44 0 4.039
1637456280 23.05 81.74 0 4.044
1637456340 23.01 81.9 0 4.044
1637456400 23.04 81.93 0 4.039
1637456460 23.02 81.95 0 4.039
1637456520 22.98 82.15 0 4.039
1637456580 22.94 82.27 0 4.039
1637456640 22.95 82.32 0 4.039
1637456700 22.93 82.35 0 4.044
1637456760 22.91 82.38 0 4.039
1637456820 22.88 82.64 0 4.044
1637456880 22.91 82.71 0 4.039
1637456940 22.9 82.85 0 4.033
1637457000 22.85 82.91 0 4.039
1637457060 22.87 82.85 0 4.039
1637457120 22.85 82.84 0 4.039
1637457180 22.83 83.02 0 4.039
1637457240 22.81 83.16 0 4.039
1637457300 22.84 82.83 0 4.039
1637457360 22.85 82.78 0 4.039
1637457420 22.83 82.99 0 4.039
1637457480 22.78 83.24 0 4.039
1637457540 22.83 83.34 0 4.039
1637457600 22.78 83.58 0 4.039
1637457660 22.78 83.4 0 4.039
1637457720 22.81 83.27 0 4.039
1637457780 22.87 83.07 0 4.039
1637457840 22.81 82.63 0 4.033
1637457900 22.85 82.55 0 4.039
1637457960 22.85 82.55 0 4.039
1637458020 22.83 82.62 0 4.039
1637458080 22.79 82.68 0 4.033
1637458140 22.81 82.61 0 4.033
1637458200 22.83 82.63 0 4.033
1637458260 22.79 82.53 0 4.039
1637458320 22.81 82.54 0 4.033
1637458380 22.83 82.57 0 4.033
1637458440 22.88 82.77 0 4.033
1637458500 22.9 82.76 0 4.033
1637458560 22.91 82.61 0 4.033
1637458620 22.98 82.42 0 4.033
1637458680 22.98 82.33 0 4.033
1637458740 22.95 82.38 0 4.033
1637458800 23.01 82.1 0 4.033
1637458860 23.05 81.86 0 4.033
1637458920 23.04 81.51 0 4.033
1637458980 23.01 81.26 0 4.033
1637459040 23.02 81.43 0 4.033
1637459100 23.01 81.54 0 4.033
1637459160 22.99 81.62 0 4.033
1637459220 22.99 81.59 0 4.033
1637459280 22.99 81.59 0 4.033
1637459340 22.98 81.73 0 4.033
1637459400 22.97 81.79 0 4.033
1637459460 22.98 81.8 0 4.033
1637459520 22.98 81.7 0 4.033
1637459580 22.99 81.51 0 4.033
1637459640 22.99 81.44 0 4.033
1637459700 22.99 81.34 0 4.033
1637459760 22.99 81.51 0 4.033
1637459820 22.98 81.6 0 4.033
1637459880 22.97 81.78 0 4.033
1637459940 22.97 81.85 0 4.033
1637460000 22.99 81.69 0 4.033
1637460060 22.94 81.72 0 4.033
1637460120 22.98 81.75 0 4.033
1637460180 22.95 81.94 0 4.033
1637460240 22.91 82.06 0 4.033
1637460300 22.9 82.09 0 4.033
1637460360 22.88 82.25 0 4.033
1637460420 22.85 82.22 0 4.033
1637460480 22.83 82.29 0 4.028
1637460540 22.79 82.27 0 4.028
1637460600 22.77 82.24 0 4.028
1637460660 22.77 82.13 0 4.028
1637460720 22.75 82.11 0 4.028
1637460780 22.77 82.08 0 4.028
1637460840 22.75 81.96 0 4.028
1637460900 22.77 82.01 0 4.028
1637460960 22.74 82.09 0 4.028
1637461020 22.71 82.33 0 4.028
1637461080 22.68 82.52 0 4.033
1637461140 22.64 82.67 0 4.028
1637461200 22.6 82.82 0 4.033
1637461260 22.54 83.07 0 4.028
1637461320 22.5 83.3 0 4.028
1637461380 22.5 83.57 0 4.028
1637461440 22.48 83.53 0 4.028
1637461500 22.47 83.71 0 4.028
1637461560 22.44 83.87 0 4.028
1637461620 22.4 83.91 0 4.028
1637461680 22.4 83.88 0 4.028
1637461740 22.43 83.87 0 4.028
1637461800 22.46 83.71 0 4.028
1637461860 22.47 83.57 0 4.028
1637461920 22.5 83.29 0 4.028
1637461980 22.53 83.25 0 4.028
1637462040 22.56 83.13 0 4.028
1637462100 22.54 82.88 0 4.028
1637462160 22.5 82.84 0 4.028
1637462220 22.54 82.9 0 4.028
1637462280 22.53 83.01 0 4.028
1637462340 22.57 82.79 0 4.022
1637462400 22.66 82.66 0 4.028
1637462460 22.74 82.24 0 4.028
1637462520 22.75 81.98 0 4.028
1637462580 22.81 81.78 0 4.022
1637462640 22.84 81.8 0 4.022
1637462700 22.84 81.69 0 4.028
1637462760 22.75 81.82 0 4.028
1637462820 22.74 82.04 0 4.028
1637462880 22.7 82.23 0 4.028
1637462940 22.67 82.41 0 4.028
1637463000 22.64 82.38 0 4.028
1637463060 22.58 82.54 0 4.022
1637463120 22.58 82.49 0 4.028
1637463180 22.56 82.62 0 4.022
1637463240 22.53 82.65 0 4.022
1637463300 22.53 82.67 0 4.022
1637463360 22.54 82.71 0 4.022
1637463420 22.54 82.71 0 4.022
1637463480 22.58 82.6 0 4.022
1637463540 22.57 82.62 0 4.022
1637463600 22.6 82.66 0 4.022
1637463660 22.63 82.59 0 4.022
1637463720 22.66 82.52 0 4.022
1637463780 22.71 82.9 0 4.022
1637463840 22.81 82.9 0 4.022
1637463900 22.88 82.98 0 4.022
1637463960 22.91 82.75 0 4.022
1637464020 22.98 82.72 0 4.022
1637464080 23.07 82.8 0 4.022
1637464140 23.05 83.28 0 4.022
1637464200 23.08 83.39 0 4.022
1637464260 23.07 83.4 0 4.022
1637464320 23.12 83.45 0 4.022
1637464380 23.12 83.54 0 4.022
1637464440 23.17 83.37 0 4.022
1637464500 23.21 83.23 0 4.022
1637464560 23.17 83.35 0 4.022
1637464620 23.19 83.39 0 4.022
1637464680 23.19 83.2 0 4.022
1637464740 23.24 83.25 0 4.022
1637464800 23.22 83.22 0 4.022
1637464860 23.24 83.14 0 4.022
1637464920 23.24 83.25 0 4.022
1637464980 23.21 83.27 0 4.022
1637465040 23.21 83.31 0 4.017
1637465100 23.19 83.38 0 4.022
1637465160 23.12 82.59 0 4.017
1637465220 22.93 82.03 0 4.022
1637465280 22.81 82.31 0 4.022
1637465340 22.64 82.33 0 4.017
1637465400 22.48 82.96 0 4.017
1637465460 22.43 83.44 0 4.022
1637465520 22.32 83.53 0 4.022
1637465580 22.23 83.9 0 4.022
1637465640 22.23 84.05 0 4.022
1637465700 22.2 84.16 0 4.022
1637465760 22.17 84.13 0 4.022
1637465820 22.14 84.14 0 4.017
1637465880 22.16 84.15 0 4.022
1637465940 22.14 84.23 0 4.017
1637466000 22.19 84.17 0 4.017
1637466060 22.2 84.07 0 4.022
1637466120 22.2 84.01 0 4.017
1637466180 22.2 84.01 0 4.017
1637466240 22.17 84.11 0 4.017
1637466300 22.17 83.97 0 4.017
1637466360 22.16 83.66 0 4.017
1637466420 22.12 83.81 0 4.017
1637466480 22.14 83.72 0 4.017
1637466540 22.12 83.83 0 4.017
1637466600 22.1 83.9 0 4.017
1637466660 22.06 83.98 0 4.017
1637466720 22.1 83.92 0 4.017
1637466780 22.22 83.53 0 4.017
1637466840 22.22 83.35 0 4.017
1637466900 22.27 83.07 0 4.017
1637466960 22.27 82.9 0 4.017
1637467020 22.3 82.76 0 4.017
1637467080 22.3 82.72 0 4.012
1637467140 22.33 82.51 0 4.017
1637467200 22.36 82.41 0 4.017
1637467260 22.39 82.43 0 4.017
1637467320 22.4 82.3 0 4.017
1637467380 22.42 82.33 0 4.017
1637467440 22.4 82.32 0 4.017
1637467500 22.39 82.29 0 4.017
1637467560 22.43 82.22 0 4.017
1637467620 22.4 82.17 0 4.017
1637467680 22.39 82.17 0 4.017
1637467740 22.37 82.27 0 4.012
1637467800 22.36 82.54 0 4.012
1637467860 22.44 82.45 0 4.012
1637467920 22.48 82.45 0 4.012
1637467980 22.58 82.23 0 4.012
1637468040 22.63 82.62 0 4.012
1637468100 22.63 82.82 0 4.012
1637468160 22.63 83.04 0 4.017
1637468220 22.64 83.28 0 4.017
1637468280 22.75 83.29 0 4.017
1637468340 22.78 83.11 0 4.012
1637468400 22.78 83.19 0 4.012
1637468460 22.77 83.34 0 4.012
1637468520 22.79 83.29 0 4.012
1637468580 22.77 83.6 0 4.012
1637468640 22.78 83.53 0 4.012
1637468700 22.84 83.12 0 4.006
1637468760 22.85 82.81 0 4.012
1637468820 22.93 82.85 0 4.012
1637468880 22.94 82.25 0 4.012
1637468940 22.91 82.22 0 4.012
1637469000 22.87 82.08 0 4.012
1637469060 22.77 81.84 0 4.012
1637469120 22.68 81.96 0 4.017
1637469180 22.61 82.12 0 4.012
1637469240 22.54 82.48 0 4.012
1637469300 22.47 82.68 0 4.012
1637469360 22.4 82.8 0 4.012
1637469420 22.29 82.77 0 4.012
1637469480 22.32 82.86 0 4.012
1637469540 22.27 82.7 0 4.012
1637469600 22.27 82.56 0 4.012
1637469660 22.24 82.64 0 4.012
1637469720 22.24 82.73 0 4.012
1637469780 22.23 82.56 0 4.012
1637469840 22.22 82.51 0 4.012
1637469900 22.19 82.34 0 4.012
1637469960 22.19 82.39 0 4.012
1637470020 22.16 82.38 0 4.012
1637470080 22.13 82.63 0 4.012
1637470140 22.13 82.69 0 4.012
1637470200 22.13 82.74 0 4.012
1637470260 22.09 82.8 0 4.012
1637470320 22.1 82.98 0 4.012
1637470380 22.09 83.11 0 4.012
1637470440 22.13 82.95 0 4.006
1637470500 22.22 82.81 0 4.006
1637470560 22.22 82.69 0 4.012
1637470620 22.24 82.64 0 4.006
1637470680 22.24 82.51 0 4.012
1637470740 22.24 82.54 0 4.012
