1637384400 23.03 82.57 0 4.071
1637384460 23 82.54 0 4.071
1637384520 22.99 82.56 0 4.071
1637384580 22.99 82.57 0 4.071
1637384640 22.93 82.54 0 4.071
1637384700 22.95 82.44 0 4.071
1637384760 22.96 82.39 0 4.071
1637384820 22.93 82.29 0 4.071
1637384880 22.9 82.24 0 4.071
1637384940 22.9 82.21 0 4.071
1637385000 22.9 82.19 0 4.071
1637385060 22.85 82.19 0 4.071
1637385120 22.83 82.21 0 4.071
1637385180 22.8 82.22 0 4.071
1637385240 22.76 82.2 0 4.071
1637385300 22.78 82.21 0 4.071
1637385360 22.75 82.23 0 4.071
1637385420 22.72 82.23 0 4.071
1637385480 22.72 82.21 0 4.071
1637385540 22.72 82.25 0 4.071
1637385600 22.7 82.29 0 4.071
1637385660 22.69 82.34 0 4.071
1637385720 22.66 82.4 0 4.071
1637385780 22.65 82.44 0 4.071
1637385840 22.63 82.55 0 4.071
1637385900 22.66 82.62 0 4.071
1637385960 22.63 82.76 0 4.071
1637386020 22.61 82.87 0 4.071
1637386080 22.61 83.01 0 4.071
1637386140 22.63 83.16 0 4.071
1637386200 22.62 83.3 0 4.071
1637386260 22.56 83.45 0 4.071
1637386320 22.56 83.55 0 4.071
1637386380 22.54 83.64 0 4.071
1637386440 22.52 83.74 0 4.071
1637386500 22.49 83.84 0 4.071
1637386560 22.49 83.98 0 4.071
1637386620 22.48 84.1 0 4.071
1637386680 22.45 84.24 0 4.071
1637386740 22.44 84.34 0 4.071
1637386800 22.41 84.38 0 4.071
1637386860 22.42 84.47 0 4.071
1637386920 22.42 84.59 0 4.071
1637386980 22.41 84.72 0 4.071
1637387040 22.41 84.86 0 4.071
1637387100 22.35 84.96 0 4.071
1637387160 22.36 85.07 0 4.071
1637387220 22.31 85.16 0 4.065
1637387280 22.34 85.31 0 4.071
1637387340 22.3 85.41 0 4.065
1637387400 22.25 85.52 0 4.071
1637387460 22.25 85.64 0 4.071
1637387520 22.27 85.76 0 4.065
1637387580 22.22 85.87 0 4.071
1637387640 22.21 85.98 0 4.071
1637387700 22.22 86.1 0 4.071
1637387760 22.21 86.17 0 4.071
1637387820 22.15 86.29 0 4.071
1637387880 22.12 86.32 0 4.071
1637387940 22.1 86.35 0 4.065
1637388000 22.08 86.34 0 4.071
1637388060 22.08 86.34 0 4.065
1637388120 22.05 86.33 0 4.071
1637388180 22.01 86.32 0 4.071
1637388240 22.01 86.32 0 4.071
1637388300 22 86.36 0 4.071
1637388360 22 86.36 0 4.071
1637388420 22 86.36 0 4.071
1637388480 21.95 86.33 0 4.071
1637388540 21.94 86.34 0 4.071
1637388600 21.94 86.34 0 4.071
1637388660 21.9 86.35 0 4.071
1637388720 21.9 86.34 0 4.065
1637388780 21.9 86.34 0 4.065
1637388840 21.88 86.36 0 4.071
1637388900 21.85 86.3 0 4.065
1637388960 21.85 86.23 0 4.071
1637389020 21.85 86.17 0 4.071
1637389080 21.87 86.14 0 4.071
1637389140 21.91 86.13 0 4.065
1637389200 21.93 86.11 0 4.065
1637389260 21.85 86.02 0 4.071
1637389320 21.85 85.95 0 4.071
1637389380 21.85 85.89 0 4.065
1637389440 21.87 85.78 0 4.071
1637389500 21.87 85.72 0 4.071
1637389560 21.91 85.63 0 4.071
1637389620 21.87 85.54 0 4.065
1637389680 21.87 85.45 0 4.065
1637389740 21.9 85.34 0 4.071
1637389800 21.91 85.32 0 4.071
1637389860 21.91 85.29 0 4.065
1637389920 21.93 85.23 0 4.071
1637389980 21.97 85.2 0 4.071
1637390040 22 85.17 0 4.065
1637390100 22.01 85.08 0 4.065
1637390160 22 84.97 0 4.065
1637390220 22 84.87 0 4.065
1637390280 22.03 84.78 0 4.071
1637390340 22.01 84.66 0 4.065
1637390400 22.03 84.58 0 4.065
1637390460 22.03 84.5 0 4.065
1637390520 22.03 84.42 0 4.065
1637390580 22.03 84.4 0 4.071
1637390640 22 84.33 0 4.065
1637390700 21.98 84.29 0 4.071
1637390760 21.97 84.26 0 4.065
1637390820 21.95 84.24 0 4.065
1637390880 21.97 84.26 0 4.071
1637390940 21.94 84.21 0 4.065
1637391000 21.94 84.19 0 4.065
1637391060 21.97 84.16 0 4.065
1637391120 21.97 84.16 0 4.065
1637391180 21.95 84.1 0 4.065
1637391240 21.95 84.1 0 4.065
1637391300 21.95 84 0 4.065
1637391360 21.95 83.99 0 4.065
1637391420 21.93 84.02 0 4.065
1637391480 21.94 83.99 0 4.065
1637391540 21.94 83.95 0 4.071
1637391600 21.93 83.99 0 4.065
1637391660 21.94 84.02 0 4.065
1637391720 21.93 83.99 0 4.065
1637391780 21.97 84.1 0 4.071
1637391840 21.94 84.08 0 4.065
1637391900 21.94 84.1 0 4.06
1637391960 21.95 84.12 0 4.065
1637392020 21.97 84.11 0 4.065
1637392080 21.97 84.11 0 4.065
1637392140 22 84.12 0 4.065
1637392200 21.98 84.11 0 4.065
1637392260 21.98 84.12 0 4.071
1637392320 22.01 84.13 0 4.065
1637392380 21.98 84.11 0 4.065
1637392440 22 84.1 0 4.065
1637392500 22 84.11 0 4.071
1637392560 22.01 84.13 0 4.065
1637392620 22 84.12 0 4.065
1637392680 22.01 84.17 0 4.065
1637392740 22.01 84.18 0 4.06
1637392800 22.01 84.18 0 4.065
1637392860 22.01 84.14 0 4.065
1637392920 22.01 84.14 0 4.065
1637392980 22 84.11 0 4.065
1637393040 22.01 84.09 0 4.065
1637393100 22.04 84.09 0 4.065
1637393160 22.03 84.11 0 4.065
1637393220 22.04 84.12 0 4.065
1637393280 22.04 84.15 0 4.065
1637393340 22.07 84.22 0 4.065
1637393400 22.05 84.27 0 4.065
1637393460 22.04 84.29 0 4.065
1637393520 22.03 84.31 0 4.065
1637393580 22.05 84.38 0 4.065
1637393640 22.04 84.41 0 4.065
1637393700 22.01 84.49 0 4.06
1637393760 22.04 84.59 0 4.065
1637393820 22.03 84.72 0 4.065
1637393880 22.01 84.77 0 4.065
1637393940 21.98 84.85 0 4.065
1637394000 21.98 84.98 0 4.065
1637394060 22.03 85.12 0 4.065
1637394120 21.98 85.27 0 4.065
1637394180 21.98 85.39 0 4.065
1637394240 21.97 85.55 0 4.065
1637394300 21.95 85.7 0 4.065
1637394360 21.95 85.8 0 4.065
1637394420 21.94 85.97 0 4.065
1637394480 21.95 86.09 0 4.065
1637394540 21.93 86.22 0 4.065
1637394600 21.93 86.37 0 4.065
1637394660 21.91 86.45 0 4.065
1637394720 21.9 86.56 0 4.065
1637394780 21.9 86.68 0 4.065
1637394840 21.88 86.81 0 4.065
1637394900 21.88 86.86 0 4.065
1637394960 21.87 86.95 0 4.065
1637395020 21.87 87.05 0 4.065
1637395080 21.84 87.14 0 4.065
1637395140 21.81 87.24 0 4.065
1637395200 21.81 87.31 0 4.065
1637395260 21.79 87.36 0 4.065
1637395320 21.79 87.45 0 4.065
1637395380 21.77 87.53 0 4.065
1637395440 21.74 87.65 0 4.065
1637395500 21.71 87.69 0 4.06
1637395560 21.7 87.78 0 4.065
1637395620 21.67 87.89 0 4.065
1637395680 21.65 87.99 0 4.065
1637395740 21.64 88.02 0 4.065
1637395800 21.61 88.14 0 4.065
1637395860 21.6 88.17 0 4.065
1637395920 21.61 88.26 0 4.065
1637395980 21.6 88.29 0 4.065
1637396040 21.58 88.4 0 4.065
1637396100 21.6 88.45 0 4.065
1637396160 21.56 88.52 0 4.065
1637396220 21.56 88.57 0 4.065
1637396280 21.56 88.67 0 4.065
1637396340 21.53 88.69 0 4.065
1637396400 21.52 88.73 0 4.065
1637396460 21.49 88.84 0 4.065
1637396520 21.46 88.92 0 4.065
1637396580 21.42 88.97 0 4.065
1637396640 21.39 89.03 0 4.065
1637396700 21.39 89.09 0 4.065
1637396760 21.36 89.15 0 4.065
1637396820 21.34 89.22 0 4.065
1637396880 21.33 89.26 0 4.065
1637396940 21.3 89.35 0 4.06
1637397000 21.26 89.37 0 4.065
1637397060 21.25 89.42 0 4.065
1637397120 21.23 89.43 0 4.065
1637397180 21.23 89.47 0 4.065
1637397240 21.25 89.54 0 4.065
1637397300 21.2 89.54 0 4.065
1637397360 21.2 89.58 0 4.065
1637397420 21.19 89.6 0 4.065
1637397480 21.19 89.61 0 4.065
1637397540 21.14 89.62 0 4.065
1637397600 21.14 89.64 0 4.065
1637397660 21.1 89.66 0 4.065
1637397720 21.1 89.68 0 4.065
1637397780 21.07 89.65 0 4.06
1637397840 21.07 89.68 0 4.065
1637397900 21.05 89.68 0 4.065
1637397960 21.02 89.68 0 4.065
1637398020 20.98 89.69 0 4.065
1637398080 20.9 89.66 0 4.065
1637398140 20.9 89.65 0 4.06
1637398200 20.93 89.58 0 4.065
1637398260 20.89 89.54 0 4.065
1637398320 20.88 89.49 0 4.06
1637398380 20.92 89.42 0 4.06
1637398440 20.92 89.39 0 4.065
1637398500 20.92 89.37 0 4.065
1637398560 20.92 89.37 0 4.065
1637398620 20.92 89.3 0 4.065
1637398680 20.89 89.28 0 4.065
1637398740 20.9 89.27 0 4.065
1637398800 20.89 89.21 0 4.06
1637398860 20.9 89.2 0 4.065
1637398920 20.89 89.15 0 4.06
1637398980 20.88 89.14 0 4.065
1637399040 20.89 89.15 0 4.06
1637399100 20.82 89.09 0 4.06
1637399160 20.85 89.05 0 4.065
1637399220 20.85 89.08 0 4.065
1637399280 20.86 89.06 0 4.065
1637399340 20.83 89.04 0 4.06
1637399400 20.81 89.04 0 4.06
1637399460 20.83 89 0 4.065
1637399520 20.79 88.98 0 4.06
1637399580 20.77 89 0 4.065
1637399640 20.74 88.95 0 4.06
1637399700 20.74 88.95 0 4.065
1637399760 20.74 88.94 0 4.065
1637399820 20.68 88.94 0 4.06
1637399880 20.69 88.95 0 4.06
1637399940 20.67 88.97 0 4.06
1637400000 20.65 88.98 0 4.06
1637400060 20.62 88.99 0 4.065
1637400120 20.62 89.05 0 4.065
1637400180 20.59 89.08 0 4.065
1637400240 20.61 89.09 0 4.065
1637400300 20.59 89.15 0 4.06
1637400360 20.62 89.15 0 4.065
1637400420 20.62 89.18 0 4.06
1637400480 20.65 89.26 0 4.065
1637400540 20.64 89.29 0 4.06
1637400600 20.62 89.28 0 4.065
1637400660 20.62 89.39 0 4.06
1637400720 20.59 89.46 0 4.065
1637400780 20.59 89.52 0 4.065
1637400840 20.58 89.57 0 4.06
1637400900 20.58 89.66 0 4.06
1637400960 20.51 89.67 0 4.06
1637401020 20.51 89.74 0 4.065
1637401080 20.49 89.82 0 4.06
1637401140 20.48 89.88 0 4.065
1637401200 20.47 89.91 0 4.06
1637401260 20.45 89.95 0 4.06
1637401320 20.47 89.98 0 4.06
1637401380 20.42 90.01 0 4.065
1637401440 20.45 90.08 0 4.06
1637401500 20.42 90.1 0 4.065
1637401560 20.42 90.12 0 4.065
1637401620 20.42 90.17 0 4.06
1637401680 20.42 90.22 0 4.06
1637401740 20.41 90.23 0 4.06
1637401800 20.42 90.28 0 4.06
1637401860 20.44 90.34 0 4.065
1637401920 20.39 90.35 0 4.06
1637401980 20.39 90.37 0 4.06
1637402040 20.37 90.41 0 4.065
1637402100 20.37 90.42 0 4.06
1637402160 20.38 90.43 0 4.06
1637402220 20.38 90.51 0 4.065
1637402280 20.34 90.51 0 4.06
1637402340 20.32 90.52 0 4.06
1637402400 20.34 90.53 0 4.065
1637402460 20.32 90.53 0 4.065
1637402520 20.31 90.53 0 4.065
1637402580 20.32 90.54 0 4.065
1637402640 20.34 90.51 0 4.06
1637402700 20.34 90.55 0 4.06
1637402760 20.32 90.53 0 4.06
1637402820 20.34 90.53 0 4.06
1637402880 20.32 90.56 0 4.06
1637402940 20.32 90.54 0 4.06
1637403000 20.34 90.51 0 4.06
1637403060 20.34 90.5 0 4.065
1637403120 20.32 90.45 0 4.065
1637403180 20.34 90.43 0 4.06
1637403240 20.31 90.48 0 4.065
1637403300 20.3 90.46 0 4.06
1637402460 20.32 90.53 0 4.065
1637402520 20.31 90.53 0 4.065
1637402580 20.32 90.54 0 4.065
1637402640 20.34 90.51 0 4.06
1637402700 20.34 90.55 0 4.06
1637402760 20.32 90.53 0 4.06
1637402820 20.34 90.53 0 4.06
1637402880 20.32 90.56 0 4.06
1637402940 20.32 90.54 0 4.06
1637403000 20.34 90.51 0 4.06
1637403060 20.34 90.5 0 4.065
1637403120 20.32 90.45 0 4.065
1637403180 20.34 90.43 0 4.06
1637403240 20.31 90.48 0 4.065
1637403300 20.3 90.46 0 4.06
1637403360 20.31 90.48 0 4.06
1637403420 20.31 90.48 0 4.06
1637403480 20.28 90.46 0 4.06
1637403540 20.26 90.47 0 4.065
1637403600 20.23 90.44 0 4.065
1637403660 20.24 90.47 0 4.065
1637403720 20.24 90.44 0 4.06
1637403780 20.27 90.46 0 4.06
1637403840 20.21 90.49 0 4.06
1637403900 20.21 90.47 0 4.06
1637403960 20.2 90.5 0 4.06
1637404020 20.14 90.49 0 4.06
1637404080 20.14 90.48 0 4.06
1637404140 20.13 90.53 0 4.065
1637404200 20.13 90.55 0 4.06
1637404260 20.11 90.57 0 4.06
1637404320 20.1 90.57 0 4.06
1637404380 20.08 90.59 0 4.06
1637404440 20.08 90.63 0 4.06
1637404500 20.06 90.64 0 4.06
1637404560 20.07 90.67 0 4.06
1637404620 20.07 90.66 0 4.06
1637404680 20.08 90.65 0 4.06
1637404740 20.11 90.62 0 4.06
1637404800 20.16 90.64 0 4.06
1637404860 20.17 90.67 0 4.06
1637404920 20.16 90.68 0 4.06
1637404980 20.21 90.66 0 4.06
1637405040 20.18 90.65 0 4.06
1637405100 20.21 90.68 0 4.06
1637405160 20.21 90.67 0 4.06
1637405220 20.2 90.65 0 4.06
1637405280 20.23 90.62 0 4.06
1637405340 20.24 90.56 0 4.06
1637405400 20.24 90.52 0 4.06
1637405460 20.3 90.51 0 4.06
1637405520 20.31 90.49 0 4.06
1637405580 20.31 90.44 0 4.06
1637405640 20.32 90.37 0 4.06
1637405700 20.34 90.28 0 4.06
1637405760 20.37 90.3 0 4.06
1637405820 20.38 90.22 0 4.06
1637405880 20.39 90.22 0 4.06
1637405940 20.38 90.14 0 4.06
1637406000 20.42 90.09 0 4.06
1637406060 20.44 90.05 0 4.06
1637406120 20.45 90 0 4.06
1637406180 20.45 89.9 0 4.06
1637406240 20.51 89.88 0 4.055
1637406300 20.51 89.8 0 4.06
1637406360 20.49 89.74 0 4.055
1637406420 20.52 89.66 0 4.06
1637406480 20.51 89.57 0 4.06
1637406540 20.51 89.57 0 4.06
1637406600 20.51 89.47 0 4.06
1637406660 20.52 89.42 0 4.06
1637406720 20.54 89.32 0 4.06
1637406780 20.52 89.3 0 4.06
1637406840 20.54 89.25 0 4.06
1637406900 20.55 89.19 0 4.06
1637406960 20.52 89.12 0 4.06
1637407020 20.51 89.07 0 4.06
1637407080 20.55 89.02 0 4.06
1637407140 20.54 89 0 4.055
1637407200 20.52 88.92 0 4.06
1637407260 20.52 88.91 0 4.06
1637407320 20.52 88.87 0 4.06
1637407380 20.54 88.82 0 4.06
1637407440 20.54 88.76 0 4.06
1637407500 20.55 88.75 0 4.06
1637407560 20.55 88.72 0 4.06
1637407620 20.54 88.7 0 4.06
1637407680 20.54 88.68 0 4.06
1637407740 20.55 88.61 0 4.06
1637407800 20.52 88.57 0 4.06
1637407860 20.55 88.61 0 4.06
1637407920 20.51 88.52 0 4.06
1637407980 20.52 88.54 0 4.06
1637408040 20.51 88.55 0 4.06
1637408100 20.48 88.5 0 4.06
1637408160 20.48 88.56 0 4.06
1637408220 20.48 88.5 0 4.06
1637408280 20.45 88.51 0 4.06
1637408340 20.44 88.48 0 4.055
1637408400 20.42 88.46 0 4.06
1637408460 20.42 88.44 0 4.06
1637408520 20.39 88.45 0 4.06
1637408580 20.37 88.46 0 4.06
1637408640 20.35 88.49 0 4.06
1637408700 20.31 88.5 0 4.06
1637408760 20.32 88.49 0 4.06
1637408820 20.28 88.49 0 4.06
1637408880 20.26 88.49 0 4.06
1637408940 20.27 88.49 0 4.06
1637409000 20.27 88.58 0 4.06
1637409060 20.24 88.58 0 4.055
1637409120 20.26 88.65 0 4.06
1637409180 20.27 88.74 0 4.06
1637409240 20.28 88.86 0 4.06
1637409300 20.26 88.94 0 4.06
1637409360 20.24 89 0 4.06
1637409420 20.27 89.15 0 4.055
1637409480 20.21 89.18 0 4.055
1637409540 20.2 89.23 0 4.06
1637409600 20.17 89.3 0 4.06
1637409660 20.11 89.4 0 4.06
1637409720 20.1 89.42 0 4.06
1637409780 20.06 89.48 4 4.06
1637409840 20.06 89.55 0 4.055
1637409900 20.06 89.61 4 4.06
1637409960 20.01 89.64 0 4.055
1637410020 20.01 89.7 0 4.06
1637410080 19.98 89.79 0 4.06
1637410140 19.96 89.81 4 4.06
1637410200 19.97 89.88 4 4.06
1637410260 19.94 89.91 4 4.06
1637410320 19.9 90 4 4.06
1637410380 19.93 90.06 4 4.06
1637410440 19.91 90.14 4 4.06
1637410500 19.93 90.21 4 4.055
1637410560 19.91 90.26 4 4.06
1637410620 19.91 90.3 4 4.06
1637410680 19.87 90.36 4 4.06
1637410740 19.87 90.41 10 4.055
1637410800 19.91 90.49 10 4.06
1637410860 19.88 90.51 4 4.055
1637410920 19.93 90.56 4 4.055
1637410980 19.9 90.63 4 4.06
1637411040 19.91 90.62 10 4.06
1637411100 19.91 90.67 10 4.06
1637411160 19.93 90.7 10 4.055
1637411220 19.91 90.75 4 4.06
1637411280 19.91 90.75 10 4.055
1637411340 19.91 90.82 10 4.06
1637411400 19.88 90.8 10 4.055
1637411460 19.93 90.82 10 4.06
1637411520 19.91 90.81 10 4.06
1637411580 19.88 90.82 10 4.06
1637411640 19.94 90.85 10 4.06
1637411700 19.98 90.82 10 4.06
1637411760 19.98 90.82 16 4.06
1637411820 20 90.84 10 4.06
1637411880 20 90.84 10 4.055
1637411940 20.01 90.81 10 4.06
1637412000 20.03 90.76 10 4.06
1637412060 20.04 90.72 10 4.055
1637412120 20.01 90.64 10 4.06
1637412180 20.04 90.54 10 4.055
1637412240 20.08 90.44 16 4.055
1637412300 20.11 90.32 16 4.06
1637412360 20.18 90.27 16 4.06
1637412420 20.21 90.21 16 4.06
1637412480 20.24 90.14 16 4.06
1637412540 20.27 90.08 16 4.055
1637412600 20.28 90.02 16 4.06
1637412660 20.3 89.96 16 4.055
1637412720 20.3 89.89 16 4.055
1637412780 20.3 89.81 16 4.055
1637412840 20.3 89.73 16 4.055
1637412900 20.28 89.61 16 4.06
1637412960 20.31 89.46 22 4.06
1637413020 20.32 89.33 34 4.06
1637413080 20.35 89.16 34 4.06
1637413140 20.39 89.07 40 4.055
1637413200 20.44 88.98 34 4.055
1637413260 20.48 88.87 28 4.055
1637413320 20.49 88.79 22 4.06
1637413380 20.51 88.67 16 4.055
1637413440 20.51 88.56 16 4.055
1637413500 20.54 88.41 16 4.06
1637413560 20.56 88.32 16 4.06
1637413620 20.59 88.23 16 4.055
1637413680 20.58 88.11 16 4.055
1637413740 20.67 88 16 4.06
1637413800 20.68 87.96 16 4.06
1637413860 20.65 87.86 16 4.06
1637413920 20.65 87.79 16 4.055
1637413980 20.65 87.74 16 4.06
1637414040 20.68 87.65 22 4.055
1637414100 20.69 87.56 28 4.055
1637414160 20.69 87.5 52 4.06
1637414220 20.74 87.4 58 4.055
1637414280 20.78 87.37 58 4.055
1637414340 20.85 87.3 58 4.055
1637414400 20.89 87.23 58 4.055
1637414460 20.95 87.13 58 4.055
1637414520 20.99 87.09 58 4.055
1637414580 21.02 87.1 64 4.055
1637414640 21.09 87.02 64 4.055
1637414700 21.13 87.02 64 4.055
1637414760 21.16 86.99 64 4.055
1637414820 21.23 86.88 64 4.06
1637414880 21.3 86.87 64 4.06
1637414940 21.34 86.79 64 4.055
1637415000 21.42 86.71 64 4.06
1637415060 21.52 86.67 70 4.055
1637415120 21.56 86.59 70 4.055
1637415180 21.61 86.51 70 4.06
1637415240 21.67 86.46 70 4.055
1637415300 21.7 86.41 70 4.055
1637415360 21.73 86.34 70 4.06
1637415420 21.81 86.35 70 4.055
1637415480 21.9 86.28 70 4.055
1637415540 21.95 86.23 70 4.055
1637415600 22.01 86.22 70 4.055
1637415660 22.05 86.14 70 4.055
1637415720 22.08 86.08 70 4.055
1637415780 22.15 86.04 76 4.055
1637415840 22.19 85.99 76 4.055
1637415900 22.22 85.97 76 4.055
1637415960 22.3 85.9 76 4.055
1637416020 22.36 85.87 76 4.055
1637416080 22.36 85.79 76 4.055
1637416140 22.36 85.7 76 4.055
1637416200 22.44 85.68 76 4.06
1637416260 22.45 85.63 76 4.055
1637416320 22.48 85.56 76 4.06
1637416380 22.48 85.45 82 4.055
1637416440 22.56 85.34 76 4.055
1637416500 22.52 85.15 76 4.055
1637416560 22.56 85.02 82 4.055
1637416620 22.59 84.9 82 4.055
1637416680 22.62 84.82 82 4.055
1637416740 22.72 84.72 82 4.055
1637416800 22.8 84.62 82 4.055
1637416860 22.85 84.42 82 4.06
1637416920 22.89 84.35 82 4.055
1637416980 22.97 84.2 82 4.055
1637417040 23.02 84.05 82 4.055
1637417100 23.03 83.86 82 4.055
1637417160 23.13 83.69 88 4.055
1637417220 23.17 83.6 82 4.055
1637417280 23.23 83.39 82 4.055
1637417340 23.26 83.24 82 4.055
1637417400 23.31 83.07 88 4.055
1637417460 23.4 83.01 88 4.055
1637417520 23.4 82.86 82 4.06
1637417580 23.44 82.77 88 4.055
1637417640 23.5 82.69 88 4.055
1637417700 23.63 82.58 88 4.06
1637417760 23.65 82.47 88 4.055
1637417820 23.65 82.28 88 4.055
1637417880 23.61 82.27 88 4.055
1637417940 23.64 82.21 88 4.055
1637418000 23.63 82.04 88 4.055
1637418060 23.57 81.86 88 4.06
1637418120 23.68 81.75 88 4.055
1637418180 23.74 81.63 88 4.055
1637418240 23.74 81.49 88 4.055
1637418300 23.75 81.33 88 4.055
1637418360 23.87 81.21 88 4.055
1637418420 23.95 81.13 88 4.06
1637418480 24.01 81 88 4.06
1637418540 23.95 80.69 88 4.055
1637418600 23.95 80.39 94 4.055
1637418660 24.05 80.25 94 4.055
1637418720 24.11 80.05 94 4.06
1637418780 24.12 79.94 94 4.055
1637418840 24.15 79.8 94 4.055
1637418900 24.14 79.67 94 4.055
1637418960 24.15 79.56 94 4.055
1637419020 24.16 79.48 94 4.055
1637419080 24.18 79.34 94 4.055
1637419140 24.19 79.25 94 4.055
1637419200 24.18 79.16 94 4.055
1637419260 24.23 79.1 94 4.055
1637419320 24.28 78.97 94 4.055
1637419380 24.33 78.9 94 4.055
1637419440 24.33 78.81 100 4.06
1637419500 24.4 78.68 94 4.055
1637419560 24.43 78.58 100 4.06
1637419620 24.55 78.5 100 4.055
1637419680 24.63 78.4 100 4.055
1637419740 24.66 78.25 100 4.06
1637419800 24.65 78.09 100 4.055
1637419860 24.62 78 100 4.055
1637419920 24.66 77.92 100 4.055
1637419980 24.75 77.81 100 4.055
1637420040 24.8 77.61 100 4.055
1637420100 24.93 77.44 100 4.055
1637420160 24.93 77.19 100 4.055
1637420220 24.91 76.99 100 4.055
1637420280 24.91 76.78 100 4.055
1637420340 24.97 76.54 100 4.055
1637420400 24.98 76.37 106 4.055
1637420460 24.98 76.24 112 4.055
1637420520 24.83 76.03 124 4.06
1637420580 24.8 75.79 149 4.06
1637420640 24.85 75.57 177 4.055
1637420700 24.94 75.47 213 4.055
1637420760 25.04 75.29 159 4.055
1637420820 25.07 75.06 112 4.055
1637420880 25.17 74.82 106 4.055
1637420940 25.28 74.58 100 4.055
1637421000 25.41 74.36 106 4.055
1637421060 25.48 74.29 106 4.055
1637421120 25.56 74.1 106 4.055
1637421180 25.63 74 106 4.055
1637421240 25.61 73.89 106 4.06
1637421300 25.63 73.67 106 4.06
1637421360 25.51 73.38 106 4.055
1637421420 25.38 73.23 106 4.055
1637421480 25.44 73.08 106 4.055
1637421540 25.48 72.91 106 4.044
1637421600 25.37 72.59 106 4.055
1637421660 25.41 72.46 112 4.055
1637421720 25.4 72.32 112 4.055
1637421780 25.52 72.23 195 4.055
1637421840 25.49 72 435 4.055
1637421900 25.6 71.83 296 4.06
1637421960 25.64 71.63 411 4.055
1637422020 25.82 71.55 171 4.055
1637422080 26.02 71.41 350 4.06
1637422140 26.19 71.27 262 4.055
1637422200 26.38 71.07 143 4.055
1637422260 26.56 70.8 118 4.055
1637422320 26.56 70.51 137 4.055
1637422380 26.63 70.29 159 4.055
1637422440 26.72 70.11 118 4.055
1637422500 26.72 69.84 118 4.055
1637422560 26.62 69.57 137 4.055
1637422620 26.63 69.29 118 4.055
1637422680 26.66 69 124 4.055
1637422740 26.56 68.77 262 4.055
1637422800 26.54 68.51 453 4.055
1637422860 26.69 68.35 518 4.055
1637422920 26.76 68.2 405 4.055
1637422980 26.83 67.98 512 4.055
1637423040 26.83 67.67 691 4.055
1637423100 26.82 67.42 751 4.055
1637423160 26.8 67.28 618 4.055
1637423220 26.9 67.03 469 4.055
1637423280 27.14 66.86 374 4.055
1637423340 27.48 66.66 411 4.049
1637423400 27.76 66.43 296 4.055
1637423460 27.84 66.07 256 4.06
1637423520 27.99 65.81 256 4.055
1637423580 28.03 65.49 268 4.055
1637423640 28.03 65.16 308 4.055
1637423700 28.05 64.83 274 4.06
1637423760 27.89 64.59 195 4.06
1637423820 27.86 64.22 243 4.055
1637423880 27.71 63.95 393 4.055
1637423940 27.72 63.71 405 4.06
1637424000 27.69 63.44 231 4.06
1637424060 27.94 63.26 201 4.06
1637424120 28.06 63.02 189 4.06
1637424180 28.2 62.76 171 4.055
1637424240 28.27 62.51 137 4.055
1637424300 28.36 62.24 153 4.055
1637424360 28.51 61.96 195 4.055
1637424420 28.5 61.66 268 4.055
1637424480 28.37 61.44 286 4.06
1637424540 28.39 61.22 118 4.055
1637424600 28.36 61.01 124 4.055
1637424660 28.43 60.8 124 4.055
1637424720 28.56 60.57 131 4.055
1637424780 28.66 60.34 131 4.055
1637424840 28.63 60.14 131 4.055
1637424900 28.5 59.86 131 4.055
1637424960 28.9 57.1 344 4.06
1637425020 28.82 56.9 159 4.06
1637425080 28.67 56.69 100 4.055
1637425140 28.59 56.54 106 4.055
1637425200 28.64 56.49 124 4.06
1637425260 28.39 56.29 189 4.055
1637425320 28.26 56.19 171 4.055
1637425380 28.32 56.13 237 4.06
1637425440 28.09 56.09 286 4.06
1637425500 27.91 56.16 338 4.06
1637425560 27.85 56.27 393 4.065
1637425620 27.76 56.23 334 4.065
1637425680 27.78 56.34 286 4.065
1637425740 27.92 56.4 423 4.065
1637425800 28.09 56.54 334 4.065
1637425860 28.43 56.68 304 4.065
1637425920 28.5 56.78 286 4.065
1637425980 28.74 56.91 237 4.065
1637426040 28.84 56.89 328 4.06
1637426100 28.84 56.93 405 4.065
1637426160 28.81 56.95 219 4.065
1637426220 28.74 56.93 213 4.065
1637426280 28.61 56.95 201 4.065
1637426340 28.57 56.97 189 4.06
1637426400 28.57 57 189 4.06
1637426460 28.49 57.03 201 4.065
1637426520 28.49 57.11 237 4.065
1637426580 28.36 57.16 406 4.065
1637426640 28.16 57.25 298 4.065
1637426700 28.12 57.35 472 4.071
1637426760 28.08 57.45 632 4.071
1637426820 28.22 57.54 382 4.071
1637426880 28.43 57.63 268 4.065
1637426940 28.56 57.8 501 4.071
1637427000 28.67 57.88 262 4.071
1637427060 28.71 57.95 225 4.065
1637427120 28.73 58.01 225 4.065
1637427180 28.59 58.12 207 4.071
1637427240 28.5 58.16 191 4.065
1637427300 28.43 58.18 441 4.065
1637427360 28.27 58.27 418 4.071
1637427420 28.37 58.4 358 4.071
1637427480 28.39 58.52 400 4.076
1637427540 28.6 58.72 760 4.076
1637427600 28.77 58.79 652 4.076
1637427660 28.9 58.84 490 4.076
1637427720 29.07 58.87 521 4.076
1637427780 29.24 58.82 353 4.082
1637427840 29.41 58.82 358 4.082
1637427900 29.49 58.73 269 4.071
1637427960 29.53 58.54 525 4.071
1637428020 29.53 58.46 752 4.071
1637428080 29.58 58.34 911 4.076
1637428140 29.8 58.31 989 4.082
1637428200 29.95 58.26 390 4.082
1637428260 29.85 58.19 989 4.082
1637428320 29.65 58.18 1001 4.082
1637428380 29.75 58.28 1013 4.087
1637428440 29.85 58.27 1033 4.092
1637428500 30.05 58.28 1052 4.092
1637428560 30.34 58.29 1070 4.092
1637428620 30.33 58.11 1082 4.098
1637428680 30.34 58.04 1078 4.098
1637428740 30.16 57.89 233 4.076
1637428800 30.17 57.81 191 4.076
1637428860 30.15 57.67 221 4.076
1637428920 29.99 57.61 932 4.092
1637428980 29.71 57.61 1010 4.071
1637429040 29.8 57.65 1108 4.087
1637429100 30.09 57.54 1132 4.076
1637429160 30.17 57.48 341 4.082
1637429220 30.51 57.39 377 4.082
1637429280 30.33 57.19 594 4.087
1637429340 30.27 57.15 1030 4.098
1637429400 30.13 57.14 1121 4.082
1637429460 30.23 57.1 1060 4.087
1637429520 30.46 57.1 1069 4.098
1637429580 30.81 57.05 1054 4.076
1637429640 31.19 56.95 1066 4.076
1637429700 31.32 56.82 1072 4.092
1637429760 31.29 56.68 1078 4.076
1637429820 31.73 56.59 1096 4.098
1637429880 31.92 56.33 1103 4.076
1637429940 31.66 56 1109 4.076
1637430000 31.56 55.75 1109 4.103
1637430060 31.79 55.59 1115 4.103
1637430120 31.76 55.35 1109 4.108
1637430180 31.59 55.05 1105 4.103
1637430240 31.42 54.85 1097 4.108
1637430300 31.24 54.71 1093 4.108
1637430360 31.33 54.65 1099 4.108
1637430420 31.42 54.53 1099 4.108
1637430480 31.29 54.5 1111 4.108
1637430540 31.52 54.48 1111 4.108
1637430600 31.7 54.45 1135 4.114
1637430660 31.87 54.39 1177 4.108
1637430720 32.1 54.23 287 4.087
1637430780 32.22 53.98 269 4.087
1637430840 31.72 53.81 287 4.087
1637430900 31.25 53.69 365 4.092
1637430960 31.02 53.68 293 4.092
1637431020 30.85 53.68 257 4.087
1637431080 30.74 53.73 257 4.087
1637431140 30.24 53.77 257 4.087
1637431200 30.09 53.92 281 4.092
1637431260 29.9 53.98 281 4.087
1637431320 29.8 54.27 263 4.087
1637431380 29.75 54.42 233 4.087
1637431440 29.62 54.58 203 4.087
1637431500 29.48 54.77 197 4.087
1637431560 29.17 54.95 191 4.082
1637431620 29.1 55.22 209 4.082
1637431680 28.97 55.48 215 4.082
1637431740 28.81 55.77 203 4.082
1637431800 28.67 56.13 215 4.087
1637431860 28.64 56.51 215 4.082
1637431920 28.57 56.89 227 4.087
1637431980 28.46 57.14 239 4.087
1637432040 28.4 57.36 263 4.087
1637432100 28.24 57.56 377 4.082
1637432160 28.27 57.89 245 4.087
1637432220 28.3 58.1 257 4.087
1637432280 28.3 58.29 299 4.092
1637432340 28.29 58.58 371 4.092
1637432400 28.33 58.74 305 4.092
1637432460 28.43 59 1108 4.082
1637432520 28.42 59.2 1115 4.082
1637432580 28.64 59.45 1085 4.082
1637432640 28.91 59.66 1061 4.082
1637432700 29.14 59.64 1049 4.082
1637432760 29.42 59.66 1037 4.082
1637432820 29.49 59.64 1055 4.082
1637432880 29.69 59.65 1079 4.076
1637432940 29.99 59.52 444 4.092
1637433000 30.05 59.39 323 4.092
1637433060 30.07 59.25 780 4.082
1637433120 30.16 59.15 1121 4.082
1637433180 30.3 58.99 1019 4.082
1637433240 30.58 58.78 1017 4.082
1637433300 30.74 58.61 1025 4.082
1637433360 30.94 58.35 1043 4.092
1637433420 31.12 58.06 1043 4.082
1637433480 31.04 57.66 390 4.092
1637433540 31.15 57.41 1073 4.103
1637433600 31.18 57.15 408 4.092
1637433660 31.32 56.91 305 4.087
1637433720 31.09 56.67 305 4.087
1637433780 30.95 56.5 384 4.092
1637433840 30.88 56.31 1019 4.087
1637433900 30.44 56.15 1103 4.082
1637433960 30.38 56.04 377 4.092
1637434020 30.26 56 323 4.092
1637434080 30.22 55.98 329 4.092
1637434140 30.1 56 1067 4.082
1637434200 30.1 55.93 1019 4.082
1637434260 30.2 55.88 245 4.087
1637434320 30.27 55.91 486 4.092
1637434380 30.2 55.93 263 4.087
1637434440 30.26 55.91 209 4.087
1637434500 30.06 55.92 215 4.087
1637434560 30.13 55.99 245 4.087
1637434620 30 56.03 287 4.092
1637434680 29.89 56.07 329 4.087
1637434740 30.15 56.16 275 4.092
1637434800 29.8 56.15 227 4.087
1637434860 29.63 56.21 221 4.087
1637434920 29.59 56.35 215 4.087
1637434980 29.45 56.49 215 4.087
1637435040 29.11 56.6 215 4.087
1637435100 28.97 56.79 227 4.092
1637435160 28.89 57.01 251 4.087
1637435220 28.94 57.23 263 4.087
1637435280 28.89 57.45 281 4.092
1637435340 28.77 57.7 347 4.092
1637435400 28.67 57.91 899 4.082
1637435460 28.71 58.18 953 4.082
1637435520 28.71 58.38 341 4.092
1637435580 28.77 58.47 335 4.092
1637435640 28.7 58.66 755 4.087
1637435700 28.8 58.78 899 4.082
1637435760 28.91 58.89 263 4.092
1637435820 29.11 59.07 251 4.092
1637435880 29.17 59.14 257 4.087
1637435940 29.12 59.24 275 4.092
1637436000 29.12 59.41 263 4.092
1637436060 29.07 59.47 257 4.092
1637436120 28.93 59.54 257 4.092
1637436180 28.91 59.67 263 4.092
1637436240 28.94 59.77 275 4.092
1637436300 28.86 59.79 301 4.098
1637436360 28.8 59.89 317 4.092
1637436420 28.74 59.98 343 4.098
1637436480 28.73 60.02 403 4.092
1637436540 28.69 60.1 444 4.087
1637436600 28.66 60.14 385 4.092
1637436660 28.56 60.16 371 4.098
1637436720 28.71 60.29 701 4.087
1637436780 28.84 60.28 948 4.087
1637436840 29.08 60.27 780 4.082
1637436900 29.39 60.28 239 4.087
1637436960 29.42 60.19 179 4.092
1637437020 29.51 60.14 161 4.087
1637437080 29.48 60.09 161 4.087
1637437140 29.51 60.01 167 4.092
1637437200 29.44 59.93 173 4.087
1637437260 29.36 59.79 197 4.087
1637437320 29.21 59.69 221 4.092
1637437380 29.1 59.57 209 4.087
1637437440 29.07 59.52 215 4.092
1637437500 28.87 59.45 179 4.092
1637437560 28.75 59.43 173 4.087
1637437620 28.75 59.45 161 4.087
1637437680 28.71 59.48 143 4.087
1637437740 28.6 59.58 143 4.087
1637437800 28.49 59.69 137 4.087
1637437860 28.42 59.79 131 4.087
1637437920 28.4 59.94 137 4.087
1637437980 28.35 60.14 155 4.087
1637438040 28.13 60.28 191 4.087
1637438100 28.12 60.47 215 4.092
1637438160 28.13 60.7 203 4.092
1637438220 28.1 60.86 203 4.092
1637438280 28.05 61.08 203 4.092
1637438340 27.96 61.28 221 4.092
1637438400 27.85 61.49 221 4.092
1637438460 27.88 61.75 221 4.092
1637438520 27.81 61.87 227 4.092
1637438580 27.81 62.05 239 4.092
1637438640 27.88 62.22 245 4.098
1637438700 27.92 62.28 257 4.092
1637438760 27.98 62.38 257 4.092
1637438820 28.1 62.56 263 4.092
1637438880 28.18 62.65 287 4.092
1637438940 28.23 62.67 319 4.098
1637439000 28.37 62.73 313 4.098
1637439060 28.42 62.74 355 4.098
1637439120 28.42 62.72 349 4.098
1637439180 28.49 62.67 840 4.087
1637439240 28.61 62.63 341 4.092
1637439300 28.8 62.64 692 4.098
1637439360 28.94 62.48 335 4.098
1637439420 28.91 62.34 311 4.092
1637439480 28.96 62.21 468 4.098
1637439540 28.97 62.13 227 4.092
1637439600 28.9 62 209 4.092
1637439660 28.75 61.92 209 4.092
1637439720 28.57 61.9 233 4.092
1637439780 28.47 61.95 161 4.092
1637439840 28.45 61.94 161 4.092
1637439900 28.42 61.91 173 4.092
1637439960 28.35 61.84 185 4.092
1637440020 28.29 61.88 186 4.092
1637440080 28.2 61.91 191 4.092
1637440140 28.12 61.95 222 4.098
1637440200 28.06 62.04 259 4.092
1637440260 28.06 62.09 301 4.098
1637440320 28.1 62.21 819 4.098
1637440380 28.29 62.33 307 4.092
1637440440 28.6 62.33 277 4.098
1637440500 28.64 62.29 608 4.098
1637440560 28.7 62.29 337 4.098
1637440620 28.8 62.28 704 4.098
1637440680 29.14 62.28 783 4.098
1637440740 29.25 62.16 257 4.092
1637440800 29.41 62.1 234 4.098
1637440860 29.29 61.92 228 4.098
1637440920 29.41 61.88 222 4.098
1637440980 29.34 61.75 234 4.098
1637441040 29.2 61.62 234 4.098
1637441100 29 61.55 234 4.098
1637441160 28.82 61.6 210 4.098
1637441220 28.86 61.65 198 4.098
1637441280 28.78 61.63 186 4.098
1637441340 28.73 61.6 186 4.098
1637441400 28.67 61.64 179 4.098
1637441460 28.53 61.7 179 4.092
1637441520 28.39 61.76 174 4.092
1637441580 28.18 61.81 179 4.098
1637441640 28.15 61.96 179 4.092
1637441700 28.1 62.14 186 4.098
1637441760 28.1 62.28 222 4.098
1637441820 28.08 62.42 265 4.098
1637441880 28.03 62.58 240 4.098
1637441940 28.05 62.72 204 4.098
1637442000 28.02 62.85 192 4.092
1637442060 27.95 62.99 174 4.092
1637442120 27.82 63.11 162 4.092
1637442180 27.72 63.27 143 4.092
1637442240 27.73 63.29 137 4.098
1637442300 27.78 63.47 131 4.092
1637442360 27.71 63.56 124 4.092
1637442420 27.73 63.57 131 4.092
1637442480 27.71 63.61 112 4.092
1637442540 27.76 63.66 94 4.087
1637442600 27.72 63.69 94 4.092
1637442660 27.71 63.76 94 4.092
1637442720 27.69 63.77 94 4.092
1637442780 27.65 63.92 94 4.092
1637442840 27.55 63.96 100 4.092
1637442900 27.51 64.02 106 4.092
1637442960 27.38 64.1 106 4.092
1637443020 27.35 64.17 106 4.092
1637443080 27.35 64.36 106 4.092
1637443140 27.33 64.45 112 4.092
1637443200 27.33 64.53 118 4.092
1637443260 27.3 64.63 131 4.092
1637443320 27.28 64.64 143 4.092
1637443380 27.24 64.67 149 4.092
1637443440 27.24 64.67 149 4.092
1637443500 27.27 64.67 143 4.092
1637443560 27.25 64.73 150 4.092
1637443620 27.25 64.79 149 4.092
1637443680 27.24 64.89 137 4.098
1637443740 27.21 64.97 131 4.092
1637443800 27.24 65.04 137 4.092
1637443860 27.3 65.11 155 4.092
1637443920 27.34 65.22 162 4.092
1637443980 27.33 65.26 185 4.092
1637444040 27.3 65.33 180 4.098
1637444100 27.34 65.38 162 4.092
1637444160 27.34 65.42 149 4.092
1637444220 27.35 65.43 179 4.098
1637444280 27.37 65.55 186 4.098
1637444340 27.4 65.58 197 4.098
1637444400 27.43 65.59 185 4.098
1637444460 27.44 65.54 180 4.092
1637444520 27.49 65.56 174 4.092
1637444580 27.45 65.58 168 4.092
1637444640 27.45 65.66 161 4.092
1637444700 27.47 65.7 156 4.092
1637444760 27.41 65.77 156 4.098
1637444820 27.33 65.84 162 4.098
1637444880 27.3 65.89 173 4.098
1637444940 27.24 65.89 174 4.092
1637445000 27.28 65.98 186 4.098
1637445060 27.18 66.06 197 4.092
1637445120 27.13 66.16 198 4.098
1637445180 27.14 66.28 192 4.098
1637445240 27.28 66.38 186 4.098
1637445300 27.38 66.41 174 4.092
1637445360 27.41 66.29 156 4.092
1637445420 27.43 66.25 149 4.092
1637445480 27.44 66.2 161 4.098
1637445540 27.43 66.19 162 4.092
1637445600 27.38 66.12 143 4.098
1637445660 27.3 66.04 150 4.098
1637445720 27.33 66 156 4.098
1637445780 27.37 65.94 149 4.092
1637445840 27.34 65.91 149 4.098
1637445900 27.27 65.93 156 4.098
1637445960 27.25 65.95 155 4.092
1637446020 27.28 66.07 149 4.092
1637446080 27.23 66.12 143 4.098
1637446140 27.25 66.18 131 4.092
1637446200 27.28 66.31 124 4.092
1637446260 27.17 66.42 124 4.092
1637446320 27.18 66.53 131 4.092
1637446380 27.18 66.68 150 4.098
1637446440 27.2 66.74 143 4.098
1637446500 27.2 66.79 144 4.092
1637446560 27.17 66.84 144 4.098
1637446620 27.17 66.97 149 4.092
1637446680 27.21 67.08 144 4.098
1637446740 27.23 67.14 124 4.092
1637446800 27.2 67.24 100 4.098
1637446860 27.2 67.3 94 4.092
1637446920 27.2 67.38 88 4.092
1637446980 27.17 67.41 94 4.092
1637447040 27.1 67.5 94 4.087
1637447100 27.07 67.62 106 4.092
1637447160 27.05 67.76 118 4.092
1637447220 27.01 67.89 131 4.092
1637447280 27 68.05 131 4.092
1637447340 27.05 68.19 118 4.092
1637447400 27.04 68.22 124 4.092
1637447460 26.91 68.25 137 4.092
1637447520 26.89 68.31 143 4.092
1637447580 26.86 68.4 149 4.098
1637447640 26.82 68.51 150 4.092
1637447700 26.76 68.63 144 4.098
1637447760 26.76 68.78 131 4.092
1637447820 26.72 68.87 131 4.092
1637447880 26.72 68.98 124 4.098
1637447940 26.73 69.11 124 4.092
1637448000 26.79 69.18 118 4.098
1637448060 26.77 69.28 124 4.092
1637448120 26.74 69.3 118 4.092
1637448180 26.72 69.36 120 4.092
1637448240 26.72 69.4 118 4.092
1637448300 26.67 69.5 112 4.092
1637448360 26.72 69.56 106 4.092
1637448420 26.76 69.59 94 4.092
1637448480 26.7 69.6 82 4.092
1637448540 26.7 69.65 82 4.092
1637448600 26.69 69.65 76 4.092
1637448660 26.62 69.68 76 4.092
1637448720 26.6 69.8 76 4.092
1637448780 26.52 69.87 82 4.092
1637448840 26.47 69.94 88 4.092
1637448900 26.5 70.05 82 4.092
1637448960 26.47 70.15 82 4.092
1637449020 26.47 70.31 76 4.092
1637449080 26.47 70.44 76 4.087
1637449140 26.46 70.58 70 4.092
1637449200 26.4 70.66 70 4.092
1637449260 26.39 70.78 64 4.092
1637449320 26.35 70.9 64 4.092
1637449380 26.35 70.99 58 4.092
1637449440 26.28 71.04 52 4.092
1637449500 26.23 71.21 46 4.092
1637449560 26.21 71.36 40 4.092
1637449620 26.18 71.47 34 4.087
1637449680 26.16 71.61 28 4.092
1637449740 26.09 71.75 22 4.092
1637449800 25.99 71.87 22 4.092
1637449860 25.89 72.03 22 4.092
1637449920 25.82 72.21 22 4.092
1637449980 25.72 72.44 22 4.092
1637450040 25.65 72.7 22 4.087
1637450100 25.58 72.93 22 4.087
1637450160 25.49 73.19 16 4.092
1637450220 25.44 73.45 16 4.092
1637450280 25.38 73.7 16 4.092
1637450340 25.34 73.98 16 4.087
1637450400 25.28 74.22 16 4.092
1637450460 25.27 74.35 22 4.092
1637450520 25.23 74.51 22 4.087
1637450580 25.21 74.68 16 4.092
1637450640 25.18 74.78 22 4.092
1637450700 25.14 74.91 28 4.092
1637450760 25.13 75.02 28 4.092
1637450820 25.12 75.11 28 4.092
1637450880 25.12 75.16 22 4.092
1637450940 25.13 75.18 16 4.092
1637451000 25.13 75.18 10 4.092
1637451060 25.12 75.22 4 4.092
1637451120 25.1 75.29 4 4.092
1637451180 25.1 75.34 0 4.087
1637451240 25.07 75.37 0 4.092
1637451300 25.1 75.45 0 4.092
1637451360 25.04 75.44 0 4.087
1637451420 25.06 75.49 0 4.087
1637451480 25.03 75.48 0 4.092
1637451540 25.02 75.49 0 4.087
1637451600 24.97 75.51 0 4.087
1637451660 24.96 75.6 0 4.092
1637451720 24.94 75.63 0 4.092
1637451780 24.91 75.64 0 4.087
1637451840 24.9 75.74 0 4.087
1637451900 24.87 75.82 0 4.087
1637451960 24.87 75.87 0 4.092
1637452020 24.86 75.88 0 4.092
1637452080 24.86 75.93 0 4.087
1637452140 24.89 75.99 0 4.092
1637452200 24.85 76.07 0 4.092
1637452260 24.85 76.14 0 4.087
1637452320 24.85 76.17 0 4.087
1637452380 24.85 76.25 0 4.087
1637452440 24.83 76.29 0 4.087
1637452500 24.82 76.28 0 4.087
1637452560 24.83 76.38 0 4.087
1637452620 24.77 76.38 0 4.087
1637452680 24.77 76.42 0 4.087
1637452740 24.79 76.42 0 4.087
1637452800 24.76 76.5 0 4.092
1637452860 24.77 76.59 0 4.092
1637452920 24.77 76.61 0 4.092
1637452980 24.75 76.64 0 4.092
1637453040 24.73 76.69 0 4.087
1637453100 24.75 76.73 0 4.087
1637453160 24.7 76.71 0 4.087
1637453220 24.73 76.74 0 4.087
1637453280 24.72 76.78 0 4.087
1637453340 24.72 76.77 0 4.087
1637453400 24.72 76.76 0 4.092
1637453460 24.69 76.74 0 4.092
1637453520 24.69 76.78 0 4.087
1637453580 24.69 76.86 0 4.087
1637453640 24.72 76.96 0 4.087
1637453700 24.67 77.04 0 4.087
1637453760 24.66 77.1 0 4.087
1637453820 24.62 77.23 0 4.092
1637453880 24.61 77.37 0 4.087
1637453940 24.59 77.53 0 4.087
1637454000 24.55 77.65 0 4.092
1637454060 24.53 77.78 0 4.087
1637454120 24.52 77.94 0 4.087
1637454180 24.52 78.1 0 4.087
1637454240 24.45 78.23 0 4.087
1637454300 24.36 78.41 0 4.087
1637454360 24.36 78.57 0 4.092
1637454420 24.31 78.7 0 4.087
1637454480 24.31 78.81 0 4.087
1637454540 24.26 78.97 0 4.087
1637454600 24.25 79.06 0 4.092
1637454660 24.18 79.16 0 4.087
1637454720 24.18 79.3 0 4.087
1637454780 24.14 79.39 0 4.087
1637454840 24.11 79.48 0 4.087
1637454900 24.1 79.58 0 4.087
1637454960 24.04 79.66 0 4.087
1637455020 24.05 79.72 0 4.087
1637455080 24.01 79.74 0 4.087
1637455140 24.02 79.83 0 4.087
1637455200 24.02 79.84 0 4.087
1637455260 23.97 79.88 0 4.087
1637455320 23.95 79.91 0 4.092
1637455380 23.95 79.98 0 4.087
1637455440 23.88 80.04 0 4.087
1637455500 23.88 80.11 0 4.092
1637455560 23.85 80.21 0 4.087
1637455620 23.84 80.3 0 4.087
1637455680 23.82 80.37 0 4.087
1637455740 23.77 80.45 0 4.092
1637455800 23.78 80.49 0 4.087
1637455860 23.75 80.55 0 4.087
1637455920 23.74 80.66 0 4.087
1637455980 23.71 80.72 0 4.087
1637456040 23.7 80.75 0 4.087
1637456100 23.67 80.84 0 4.087
1637456160 23.65 80.84 0 4.087
1637456220 23.65 80.86 0 4.087
1637456280 23.64 80.92 0 4.087
1637456340 23.59 80.91 0 4.087
1637456400 23.6 80.92 0 4.087
1637456460 23.59 80.95 0 4.087
1637456520 23.57 80.95 0 4.087
1637456580 23.59 80.98 0 4.087
1637456640 23.57 81.02 0 4.087
1637456700 23.57 81.05 0 4.087
1637456760 23.6 81.08 0 4.087
1637456820 23.59 81.11 0 4.087
1637456880 23.59 81.12 0 4.087
1637456940 23.61 81.15 0 4.087
1637457000 23.59 81.16 0 4.087
1637457060 23.6 81.17 0 4.087
1637457120 23.63 81.18 0 4.087
1637457180 23.63 81.19 0 4.087
1637457240 23.6 81.22 0 4.087
1637457300 23.63 81.22 0 4.087
1637457360 23.63 81.23 0 4.087
1637457420 23.61 81.23 0 4.087
1637457480 23.63 81.23 0 4.087
1637457540 23.61 81.24 0 4.087
1637457600 23.61 81.24 0 4.087
1637457660 23.6 81.26 0 4.087
1637457720 23.57 81.28 0 4.087
1637457780 23.59 81.27 0 4.087
1637457840 23.59 81.31 0 4.087
1637457900 23.59 81.3 0 4.087
1637457960 23.59 81.32 0 4.087
1637458020 23.61 81.35 0 4.087
1637458080 23.6 81.33 0 4.082
1637458140 23.63 81.3 0 4.087
1637458200 23.61 81.27 0 4.087
1637458260 23.61 81.23 0 4.087
1637458320 23.64 81.19 0 4.087
1637458380 23.63 81.17 0 4.087
1637458440 23.61 81.1 0 4.082
1637458500 23.64 81.08 0 4.087
1637458560 23.61 81.04 0 4.087
1637458620 23.61 80.97 0 4.087
1637458680 23.61 80.92 0 4.087
1637458740 23.6 80.89 0 4.087
1637458800 23.61 80.86 0 4.082
1637458860 23.63 80.8 0 4.082
1637458920 23.61 80.79 0 4.087
1637458980 23.61 80.77 0 4.087
1637459040 23.64 80.78 0 4.087
1637459100 23.6 80.78 0 4.087
1637459160 23.63 80.78 0 4.087
1637459220 23.64 80.77 0 4.087
1637459280 23.64 80.78 0 4.087
1637459340 23.64 80.82 0 4.087
1637459400 23.64 80.8 0 4.087
1637459460 23.65 80.8 0 4.082
1637459520 23.64 80.77 0 4.082
1637459580 23.67 80.82 0 4.087
1637459640 23.68 80.78 0 4.087
1637459700 23.61 80.79 0 4.087
1637459760 23.61 80.75 0 4.087
1637459820 23.61 80.74 0 4.087
1637459880 23.6 80.69 0 4.087
1637459940 23.59 80.69 0 4.087
1637460000 23.59 80.73 0 4.087
1637460060 23.57 80.73 0 4.087
1637460120 23.57 80.69 0 4.087
1637460180 23.56 80.68 0 4.082
1637460240 23.54 80.71 0 4.082
1637460300 23.54 80.68 0 4.082
1637460360 23.53 80.7 0 4.082
1637460420 23.51 80.67 0 4.082
1637460480 23.51 80.67 0 4.082
1637460540 23.5 80.62 0 4.087
1637460600 23.5 80.65 0 4.082
1637460660 23.51 80.67 0 4.082
1637460720 23.54 80.68 0 4.082
1637460780 23.54 80.66 0 4.087
1637460840 23.54 80.66 0 4.082
1637460900 23.54 80.63 0 4.087
1637460960 23.54 80.61 0 4.082
1637461020 23.54 80.57 0 4.087
1637461080 23.56 80.59 0 4.087
1637461140 23.53 80.58 0 4.087
1637461200 23.54 80.59 0 4.082
1637461260 23.53 80.54 0 4.082
1637461320 23.51 80.53 0 4.087
1637461380 23.51 80.53 0 4.087
1637461440 23.51 80.52 0 4.087
1637461500 23.5 80.55 0 4.087
1637461560 23.47 80.56 0 4.082
1637461620 23.46 80.55 0 4.087
1637461680 23.41 80.57 0 4.087
1637461740 23.43 80.62 0 4.082
1637461800 23.37 80.61 0 4.082
1637461860 23.36 80.68 0 4.087
1637461920 23.31 80.7 0 4.087
1637461980 23.26 80.75 0 4.087
1637462040 23.24 80.81 0 4.082
1637462100 23.21 80.82 0 4.082
1637462160 23.2 80.87 0 4.082
1637462220 23.19 80.92 0 4.082
1637462280 23.2 80.92 0 4.082
1637462340 23.2 80.95 0 4.087
1637462400 23.24 81.05 0 4.082
1637462460 23.26 81.15 0 4.082
1637462520 23.27 81.26 0 4.082
1637462580 23.29 81.37 0 4.082
1637462640 23.31 81.43 0 4.082
1637462700 23.3 81.47 0 4.087
1637462760 23.3 81.5 0 4.082
1637462820 23.33 81.55 0 4.087
1637462880 23.34 81.59 0 4.082
1637462940 23.34 81.66 0 4.087
1637463000 23.33 81.75 0 4.082
1637463060 23.37 81.84 0 4.082
1637463120 23.33 81.88 0 4.082
1637463180 23.36 81.96 0 4.082
1637463240 23.33 81.93 0 4.082
1637463300 23.34 81.95 0 4.082
1637463360 23.37 81.98 0 4.082
1637463420 23.39 81.94 0 4.082
1637463480 23.37 81.88 0 4.082
1637463540 23.37 81.85 0 4.082
1637463600 23.4 81.85 0 4.082
1637463660 23.4 81.81 0 4.087
1637463720 23.43 81.81 0 4.082
1637463780 23.43 81.81 0 4.082
1637463840 23.44 81.73 0 4.082
1637463900 23.44 81.73 0 4.082
1637463960 23.47 81.7 0 4.071
1637464020 23.44 81.67 0 4.082
1637464080 23.47 81.64 0 4.082
1637464140 23.49 81.61 0 4.082
1637464200 23.44 81.53 0 4.082
1637464260 23.5 81.43 0 4.082
1637464320 23.49 81.37 0 4.082
1637464380 23.47 81.24 0 4.082
1637464440 23.46 81.19 0 4.082
1637464500 23.47 81.11 0 4.082
1637464560 23.44 80.98 0 4.082
1637464620 23.47 80.96 0 4.082
1637464680 23.47 80.92 0 4.082
1637464740 23.44 80.83 0 4.082
1637464800 23.39 80.79 0 4.082
1637464860 23.36 80.74 0 4.076
1637464920 23.33 80.75 0 4.076
1637464980 23.31 80.73 0 4.082
1637465040 23.33 80.69 0 4.082
1637465100 23.29 80.71 0 4.082
1637465160 23.29 80.73 0 4.082
1637465220 23.26 80.67 0 4.082
1637465280 23.26 80.68 0 4.082
1637465340 23.27 80.65 0 4.082
1637465400 23.26 80.63 0 4.082
1637465580 23.27 80.61 0 4.082
1637465640 23.26 80.56 0 4.082
1637465700 23.27 80.59 0 4.082
1637465760 23.26 80.58 0 4.082
1637465820 23.27 80.59 0 4.082
1637465880 23.27 80.6 0 4.082
1637465940 23.29 80.65 0 4.076
1637466000 23.29 80.7 0 4.082
1637466060 23.31 80.7 0 4.082
1637466120 23.31 80.74 0 4.082
1637466180 23.36 80.81 0 4.082
1637466240 23.37 80.86 0 4.082
1637466300 23.39 80.88 0 4.082
1637466360 23.39 80.97 0 4.082
1637466420 23.39 81 0 4.082
1637466480 23.4 81.08 0 4.082
1637466540 23.4 81.08 0 4.082
1637466600 23.41 81.16 0 4.082
1637466660 23.4 81.15 0 4.082
1637466720 23.41 81.17 0 4.082
1637466780 23.37 81.12 0 4.076
1637466840 23.4 81.09 0 4.082
1637466900 23.4 81.11 0 4.082
1637466960 23.4 81.02 0 4.082
1637467020 23.39 80.96 0 4.082
1637467080 23.43 80.9 0 4.082
1637467140 23.37 80.85 0 4.082
1637467200 23.36 80.82 0 4.082
1637467260 23.36 80.74 0 4.076
1637467320 23.36 80.71 0 4.082
1637467380 23.34 80.65 0 4.082
1637467440 23.36 80.65 0 4.082
1637467500 23.34 80.64 0 4.082
1637467560 23.34 80.66 0 4.082
1637467620 23.33 80.65 0 4.082
1637467680 23.34 80.67 4 4.071
1637467740 23.29 80.74 0 4.076
1637467800 23.29 80.74 0 4.076
1637467860 23.27 80.79 0 4.082
1637467920 23.3 80.81 0 4.076
1637467980 23.26 80.89 0 4.076
1637468040 23.26 80.94 0 4.082
1637468100 23.26 80.96 0 4.076
1637468160 23.23 81.02 0 4.076
1637468220 23.27 81.09 0 4.082
1637468280 23.26 81.06 0 4.082
1637468340 23.24 81.06 0 4.076
1637468400 23.26 81.07 0 4.076
1637468460 23.26 81.11 0 4.076
1637468520 23.26 81.08 0 4.076
1637468580 23.31 81.17 0 4.071
1637468640 23.3 81.43 0 4.076
1637468700 23.3 81.48 0 4.076
1637468760 23.24 81.64 0 4.076
1637468820 23.24 81.73 0 4.076
1637468880 23.2 81.85 0 4.076
1637468940 23.2 81.95 0 4.076
1637469000 23.2 82.04 0 4.076
1637469060 23.17 82.17 0 4.076
1637469120 23.12 82.44 0 4.076
1637469180 23 82.6 0 4.076
1637469240 22.89 82.81 0 4.076
1637469300 22.72 83.02 0 4.082
1637469360 22.61 83.31 0 4.076
1637469420 22.51 83.58 0 4.076
1637469480 22.44 83.89 0 4.071
1637469540 22.3 84.27 0 4.076
1637469600 22.3 84.7 0 4.076
1637469660 22.08 85.04 0 4.076
1637469720 22.01 85.37 4 4.076
1637469780 21.93 85.72 0 4.076
1637469840 21.87 86.02 0 4.076
1637469900 21.77 86.3 0 4.076
1637469960 21.76 86.62 0 4.076
1637470020 21.68 86.91 0 4.076
1637470080 21.68 87.19 0 4.076
1637470140 21.61 87.41 0 4.076
1637470200 21.53 87.64 0 4.076
1637470260 21.6 87.93 0 4.076
1637470320 21.54 88.11 0 4.076
1637470380 21.44 88.32 0 4.076
1637470440 21.42 88.48 0 4.076
1637470500 21.4 88.65 0 4.076
1637470560 21.36 88.84 0 4.076
1637470620 21.37 88.97 0 4.076
1637470680 21.42 89.22 0 4.076
1637470740 21.39 89.37 0 4.076
