1639026000 23.22 77.49 0 4.001
1639026060 23.21 77.51 0 4.001
1639026120 23.24 77.64 0 4.001
1639026180 23.18 77.51 0 4.001
1639026240 23.19 77.83 0 4.001
1639026300 23.19 77.97 0 4.001
1639026360 23.19 77.83 0 4.001
1639026420 23.19 77.64 0 4.001
1639026480 23.19 77.38 0 4.001
1639026540 23.19 77.33 0 4.001
1639026600 23.21 77.37 0 4.001
1639026660 23.21 77.34 0 4.001
1639026720 23.21 77.08 0 4.001
1639026780 23.21 77.51 0 4.001
1639026840 23.17 77.16 0 3.996
1639026900 23.11 77.44 0 3.996
1639026960 22.99 77.76 0 3.996
1639027020 22.95 78.07 0 4.001
1639027080 22.91 78.25 0 4.001
1639027140 22.87 78.59 0 4.001
1639027200 22.88 79.31 0 4.001
1639027260 22.83 79.18 0 4.001
1639027320 22.81 79.12 0 4.001
1639027380 22.79 78.92 0 4.001
1639027440 22.75 78.88 0 4.001
1639027500 22.75 78.78 0 4.001
1639027560 22.79 78.69 0 4.001
1639027620 22.83 78.6 0 4.001
1639027680 22.79 78.28 0 4.001
1639027740 22.79 78.07 0 3.996
1639027800 22.81 78.06 0 3.996
1639027860 22.79 77.95 0 3.996
1639027920 22.79 78.29 0 3.996
1639027980 22.83 78.4 0 3.996
1639028040 22.85 78.42 0 3.996
1639028100 22.84 78.53 0 3.996
1639028160 22.85 78.53 0 3.996
1639028220 22.79 78.52 0 3.996
1639028280 22.78 78.5 0 3.996
1639028340 22.81 78.51 0 3.996
1639028400 22.79 78.41 0 3.996
1639028460 22.78 78.45 0 3.996
1639028520 22.75 78.53 0 3.996
1639028580 22.73 78.76 0 3.996
1639028640 22.71 78.82 0 3.996
1639028700 22.71 78.48 0 3.99
1639028760 22.71 78.44 0 3.996
1639028820 22.7 78.51 0 3.996
1639028880 22.66 78.55 0 3.996
1639028940 22.64 78.55 0 3.996
1639029000 22.64 78.6 0 3.996
1639029060 22.67 78.58 0 3.996
1639029120 22.66 78.6 0 3.996
1639029180 22.7 78.48 0 3.996
1639029240 22.7 78.44 0 3.996
1639029300 22.73 78.28 0 3.996
1639029360 22.75 78.3 0 3.996
1639029420 22.68 78.2 0 3.996
1639029480 22.64 78.04 0 3.996
1639029540 22.63 78.19 0 3.99
1639029600 22.61 78.25 0 3.99
1639029660 22.6 78.27 0 3.99
1639029720 22.57 78.29 0 3.99
1639029780 22.53 78.16 0 3.99
1639029840 22.5 78.19 0 3.99
1639029900 22.46 78.24 0 3.99
1639029960 22.42 78.4 0 3.996
1639030020 22.4 78.46 0 3.99
1639030080 22.37 78.39 0 3.99
1639030140 22.36 78.38 0 3.99
1639030200 22.33 78.33 0 3.99
1639030260 22.33 78.42 0 3.99
1639030320 22.34 78.3 0 3.99
1639030380 22.32 78.13 0 3.99
1639030440 22.33 77.99 0 3.99
1639030500 22.36 77.69 0 3.99
1639030560 22.37 77.51 0 3.99
1639030620 22.36 77.46 0 3.99
1639030680 22.39 77.38 0 3.99
1639030740 22.4 77.22 0 3.99
1639030800 22.39 77.09 0 3.99
1639030860 22.4 77.15 0 3.99
1639030920 22.4 77.05 0 3.99
1639030980 22.34 77.25 0 3.99
1639031040 22.32 77.31 0 3.99
1639031100 22.3 77.38 0 3.99
1639031160 22.29 77.56 0 3.99
1639031220 22.29 77.69 0 3.99
1639031280 22.29 77.63 0 3.99
1639031340 22.27 77.46 0 3.985
1639031400 22.26 77.42 0 3.985
1639031460 22.27 77.46 0 3.99
1639031520 22.29 77.44 0 3.99
1639031580 22.27 77.27 0 3.99
1639031640 22.33 77.13 0 3.99
1639031700 22.32 77.14 0 3.99
1639031760 22.34 77.09 0 3.99
1639031820 22.42 77.04 0 3.985
1639031880 22.47 76.87 0 3.99
1639031940 22.51 76.47 0 3.99
1639032000 22.58 76.03 0 3.985
1639032060 22.7 75.63 0 3.99
1639032120 22.73 75.47 0 3.985
1639032180 22.75 75.22 0 3.985
1639032240 22.7 75.38 0 3.985
1639032300 22.66 75.41 0 3.985
1639032360 22.67 75.59 0 3.99
1639032420 22.63 75.68 0 3.985
1639032480 22.61 75.74 0 3.985
1639032540 22.6 75.79 0 3.99
1639032600 22.6 75.7 0 3.985
1639032660 22.54 75.74 0 3.985
1639032720 22.54 75.81 0 3.985
1639032780 22.47 76.02 0 3.985
1639032840 22.46 76 0 3.985
1639032900 22.53 75.86 0 3.985
1639032960 22.54 75.67 0 3.985
1639033020 22.48 75.98 0 3.985
1639033080 22.48 76 0 3.985
1639033140 22.47 75.99 0 3.985
1639033200 22.46 76.16 0 3.985
1639033260 22.46 76.24 0 3.985
1639033320 22.48 76.17 0 3.985
1639033380 22.47 76.19 0 3.985
1639033440 22.42 76.26 0 3.985
1639033500 22.4 76.36 0 3.985
1639033560 22.4 76.45 0 3.985
1639033620 22.42 76.28 0 3.985
1639033680 22.46 76.31 0 3.985
1639033740 22.46 76.45 0 3.985
1639033800 22.42 76.38 0 3.985
1639033860 22.36 76.65 0 3.985
1639033920 22.29 76.71 0 3.985
1639033980 22.22 77.16 0 3.985
1639034040 22.23 77.63 0 3.979
1639034100 22.47 76.87 0 3.979
1639034160 22.61 76.37 0 3.985
1639034220 22.71 76.14 0 3.985
1639034280 22.84 76.36 0 3.985
1639034340 22.87 76.56 0 3.979
1639034400 22.79 76.34 0 3.979
1639034460 22.7 76.16 0 3.979
1639034520 22.66 76.4 0 3.985
1639034580 22.61 76.61 0 3.979
1639034640 22.57 77.33 0 3.979
1639034700 22.53 77.29 0 3.985
1639034760 22.53 77.4 0 3.979
1639034820 22.5 77.56 0 3.985
1639034880 22.46 77.55 0 3.979
1639034940 22.46 77.76 0 3.979
1639035000 22.4 78.01 0 3.979
1639035060 22.34 78.45 0 3.979
1639035120 22.33 78.8 0 3.979
1639035180 22.27 79.03 0 3.979
1639035240 22.2 79.17 0 3.979
1639035300 22.14 79.54 0 3.979
1639035360 22.14 80.72 0 3.979
1639035420 22.13 80.52 0 3.979
1639035480 22.06 80.65 0 3.979
1639035540 22.14 80.84 0 3.979
1639035600 22.14 80.63 0 3.979
1639035660 22.2 80.97 0 3.979
1639035720 22.16 80.56 0 3.979
1639035780 22.16 81.62 0 3.979
1639035840 22.2 81.85 0 3.979
1639035900 22.22 82.29 0 3.979
1639035960 22.14 82.5 0 3.979
1639036020 22.1 82.92 0 3.979
1639036080 22.16 82.85 0 3.979
1639036140 22.1 82.89 0 3.979
1639036200 22.07 83.07 0 3.979
1639036260 22.02 83.49 0 3.979
1639036320 22.02 83.59 0 3.979
1639036380 22 82.9 0 3.979
1639036440 22.05 83.1 0 3.979
1639036500 22.07 83.11 0 3.979
1639036560 22.1 83.28 0 3.979
1639036620 22.17 83.39 0 3.979
1639036680 22.23 84.22 0 3.979
1639036740 22.22 84.63 0 3.974
1639036800 22.17 84.55 0 3.974
1639036860 22.17 84.67 0 3.979
1639036920 22.19 84.62 0 3.974
1639036980 22.19 84.93 0 3.979
1639037040 22.17 85.06 0 3.974
1639037100 22.16 85.17 0 3.979
1639037160 22.16 85.48 0 3.979
1639037220 22.13 85.56 0 3.974
1639037280 22.07 85.38 0 3.974
1639037340 22 85.73 0 3.979
1639037400 21.97 85.94 0 3.974
1639037460 21.93 85.9 0 3.974
1639037520 21.95 86.27 0 3.974
1639037580 21.93 86.12 0 3.974
1639037640 21.97 86.43 0 3.974
1639037700 21.97 86.29 0 3.974
1639037760 21.97 86.3 0 3.974
1639037820 22.02 86 0 3.974
1639037880 21.99 85.84 0 3.974
1639037940 21.97 85.82 0 3.974
1639038000 21.95 85.81 0 3.974
1639038060 21.93 85.75 0 3.974
1639038120 21.92 85.6 0 3.974
1639038180 21.88 85.63 0 3.974
1639038240 21.83 85.25 0 3.974
1639038300 21.85 84.26 0 3.974
1639038360 21.86 82.95 0 3.974
1639038420 21.93 82.51 0 3.974
1639038480 21.99 82.56 0 3.974
1639038540 21.96 82.4 0 3.974
1639038600 22.02 82.24 0 3.974
1639038660 22.02 82.14 0 3.974
1639038720 22.09 82.02 0 3.974
1639038780 22.17 81.38 0 3.974
1639038840 22.29 80.58 0 3.974
1639038900 22.36 79.9 0 3.974
1639038960 22.44 79.4 0 3.974
1639039020 22.48 78.98 0 3.974
1639039080 22.53 78.71 0 3.974
1639039140 22.54 78.84 0 3.974
1639039200 22.58 78.95 0 3.974
1639039260 22.56 79.18 0 3.969
1639039320 22.58 79.47 0 3.969
1639039380 22.56 79.4 0 3.974
1639039440 22.6 79.9 0 3.969
1639039500 22.56 79.83 0 3.969
1639039560 22.56 79.89 0 3.969
1639039620 22.56 80.73 0 3.969
1639039680 22.51 81.3 0 3.969
1639039740 22.43 81.23 0 3.974
1639039800 22.19 82.19 0 3.969
1639039860 22.03 82.83 0 3.969
1639039920 21.95 83.24 0 3.969
1639039980 21.91 83.52 0 3.974
1639040040 21.81 84.1 0 3.969
1639040100 21.75 84.97 0 3.969
1639040160 21.75 84.93 0 3.969
1639040220 21.69 84.63 0 3.974
1639040280 21.66 84.76 0 3.969
1639040340 21.59 85 0 3.969
1639040400 21.58 85.11 0 3.969
1639040460 21.56 85.18 0 3.969
1639040520 21.56 85.09 0 3.969
1639040580 21.58 85.1 0 3.969
1639040640 21.56 85.26 0 3.969
1639040700 21.56 85.35 0 3.974
1639040760 21.58 84.98 0 3.969
1639040820 21.58 84.84 0 3.969
1639040880 21.58 85.02 0 3.969
1639040940 21.62 84.89 0 3.969
1639041000 21.62 84.99 0 3.969
1639041060 21.62 84.94 0 3.969
1639041120 21.65 84.94 0 3.969
1639041180 21.65 84.82 0 3.969
1639041240 21.66 84.45 0 3.963
1639041300 21.65 84.42 0 3.969
1639041360 21.65 84.58 0 3.969
1639041420 21.61 84.62 0 3.969
1639041480 21.62 84.68 0 3.969
1639041540 21.63 84.58 0 3.969
1639041600 21.63 84.44 0 3.969
1639041660 21.61 84.33 0 3.969
1639041720 21.59 84.22 0 3.969
1639041780 21.59 84.15 0 3.963
1639041840 21.65 84.24 0 3.969
1639041900 21.66 84.4 0 3.969
1639041960 21.68 84.52 0 3.969
1639042020 21.69 84.4 0 3.969
1639042080 21.71 84.31 0 3.969
1639042140 21.72 84.1 0 3.963
1639042200 21.73 83.98 0 3.969
1639042260 21.79 83.94 0 3.969
1639042320 21.81 83.9 0 3.963
1639042380 21.81 83.95 0 3.969
1639042440 21.85 83.87 0 3.969
1639042500 21.89 83.67 0 3.969
1639042560 21.89 83.63 0 3.963
1639042620 21.88 83.23 0 3.963
1639042680 21.88 83.17 0 3.963
1639042740 21.88 83.17 0 3.969
1639042800 21.85 82.99 0 3.963
1639042860 21.81 82.97 0 3.963
1639042920 21.81 83.07 0 3.963
1639042980 21.78 83.12 0 3.969
1639043040 21.76 83.16 0 3.963
1639043100 21.73 83.38 0 3.963
1639043160 21.75 83.41 0 3.963
1639043220 21.76 83.27 0 3.963
1639043280 21.76 83.21 0 3.963
1639043340 21.79 83.1 0 3.963
1639043400 21.76 82.92 0 3.963
1639043460 21.78 83.12 0 3.963
1639043520 21.75 83.25 0 3.963
1639043580 21.73 83.14 0 3.963
1639043640 21.75 83.17 0 3.963
1639043700 21.75 82.58 0 3.963
1639043760 21.72 81.85 0 3.963
1639043820 21.71 80.92 0 3.963
1639043880 21.69 80.69 0 3.963
1639043940 21.71 80.81 0 3.958
1639044000 21.69 80.67 0 3.958
1639044060 21.71 80.71 0 3.958
1639044120 21.69 81.06 0 3.963
1639044180 21.68 81.48 0 3.963
1639044240 21.68 81.36 0 3.963
1639044300 21.71 81.2 0 3.963
1639044360 21.68 81.39 0 3.963
1639044420 21.75 81.86 0 3.963
1639044480 21.72 81.75 0 3.963
1639044540 21.76 82.03 0 3.963
1639044600 21.76 82.6 0 3.963
1639044660 21.75 82.43 0 3.963
1639044720 21.79 82.27 0 3.963
1639044780 21.81 82.17 0 3.963
1639044840 21.85 82.15 0 3.958
1639044900 21.86 82.1 0 3.958
1639044960 21.86 81.9 0 3.958
1639045020 21.91 81.71 0 3.963
1639045080 21.92 81.16 0 3.958
1639045140 21.89 80.63 0 3.963
1639045200 21.93 79.35 0 3.958
1639045260 21.96 78.7 0 3.958
1639045320 21.93 78.46 0 3.958
1639045380 21.92 78.34 0 3.958
1639045440 21.96 78.3 0 3.958
1639045500 21.96 78.26 0 3.958
1639045560 21.92 77.75 0 3.958
1639045620 21.92 77.59 0 3.963
1639045680 21.89 77.43 0 3.958
1639045740 21.91 77.22 0 3.958
1639045800 21.89 77.59 0 3.958
1639045860 21.88 77.58 0 3.958
1639045920 21.85 77.76 0 3.958
1639045980 21.86 78 0 3.958
1639046040 21.83 78.26 0 3.958
1639046100 21.82 78.19 0 3.958
1639046160 21.85 78.18 0 3.958
1639046220 21.82 78.17 0 3.958
1639046280 21.82 78.17 0 3.958
1639046340 21.82 78.29 0 3.958
1639046400 21.81 78.23 0 3.958
1639046460 21.82 78.13 0 3.958
1639046520 21.82 78.18 0 3.958
1639046580 21.79 78.31 0 3.958
1639046640 21.75 78.31 0 3.958
1639046700 21.71 78.39 0 3.958
1639046760 21.69 78.62 0 3.958
1639046820 21.61 78.43 0 3.958
1639046880 21.55 78.38 0 3.958
1639046940 21.55 78.65 0 3.958
1639047000 21.52 78.76 0 3.958
1639047060 21.54 78.93 0 3.958
1639047120 21.52 78.89 0 3.958
1639047180 21.48 79.01 0 3.958
1639047240 21.49 78.97 0 3.958
1639047300 21.49 79 0 3.958
1639047360 21.51 78.83 0 3.958
1639047420 21.52 78.76 0 3.958
1639047480 21.58 78.73 0 3.958
1639047540 21.56 78.73 0 3.953
1639047600 21.58 78.83 0 3.953
1639047660 21.59 78.88 0 3.953
1639047720 21.63 78.88 0 3.953
1639047780 21.66 78.84 0 3.953
1639047840 21.68 78.95 0 3.958
1639047900 21.71 79.02 0 3.953
1639047960 21.71 79.09 0 3.953
1639048020 21.76 79.32 0 3.953
1639048080 21.76 79.56 0 3.958
1639048140 21.76 79.83 0 3.958
1639048200 21.79 79.78 0 3.958
1639048260 21.85 79.57 0 3.958
1639048320 21.86 79.73 0 3.953
1639048380 21.79 78.96 0 3.953
1639048440 21.71 78.97 0 3.953
1639048500 21.71 79.14 0 3.953
1639048560 21.71 79.46 0 3.953
1639048620 21.71 79.42 0 3.953
1639048680 21.69 79.59 0 3.953
1639048740 21.72 80.45 0 3.953
1639048800 21.73 81.12 0 3.953
1639048860 21.69 80.23 0 3.953
1639048920 21.68 79.94 0 3.953
1639048980 21.71 80.65 0 3.953
1639049040 21.73 80.84 0 3.953
1639049100 21.68 80.63 0 3.953
1639049160 21.68 81.09 0 3.953
1639049220 21.71 81.33 0 3.953
1639049280 21.76 81 0 3.953
1639049340 21.82 80.86 0 3.926
1639049400 21.82 80.77 0 3.947
1639049460 21.79 80.76 0 3.947
1639049520 21.75 80.75 0 3.947
1639049580 21.75 80.75 0 3.947
1639049640 21.81 80.48 0 3.947
1639049700 21.81 80.36 0 3.953
1639049760 21.83 80.49 0 3.947
1639049820 21.88 80.22 0 3.947
1639049880 21.88 79.69 0 3.953
1639049940 21.88 79.81 0 3.947
1639050000 21.88 79.98 0 3.947
1639050060 21.91 80.42 0 3.953
1639050120 21.92 80.28 0 3.953
1639050180 21.89 79.98 0 3.953
1639050240 21.79 80.52 0 3.947
1639050300 21.66 81.04 0 3.947
1639050360 21.62 81.98 0 3.947
1639050420 21.59 82.76 0 3.953
1639050480 21.56 82.9 0 3.953
1639050540 21.58 83.34 0 3.947
1639050600 21.56 83.74 0 3.953
1639050660 21.62 84.02 0 3.953
1639050720 21.59 84.07 0 3.947
1639050780 21.58 84.15 0 3.947
1639050840 21.61 84.38 0 3.947
1639050900 21.62 84.48 0 3.953
1639050960 21.61 84.49 0 3.947
1639051020 21.59 84.59 0 3.947
1639051080 21.56 84.57 0 3.947
1639051140 21.55 84.71 0 3.947
1639051200 21.56 84.96 0 3.947
1639051260 21.55 85.36 0 3.947
1639051320 21.55 85.6 0 3.947
1639051380 21.54 85.72 0 3.953
1639051440 21.51 85.97 0 3.947
1639051500 21.49 86.07 0 3.947
1639051560 21.49 86.01 0 3.947
1639051620 21.48 86.4 0 3.947
1639051680 21.48 86.46 0 3.947
1639051740 21.44 86.56 0 3.947
1639051800 21.38 86.71 0 3.947
1639051860 21.35 86.85 0 3.947
1639051920 21.32 87 0 3.947
1639051980 21.28 86 0 3.947
1639052040 21.1 82.98 0 3.947
1639052100 21.04 81.92 0 3.947
1639052160 20.97 81.62 0 3.947
1639052220 20.97 82.27 0 3.947
1639052280 20.95 82.58 0 3.947
1639052340 20.94 82.69 0 3.947
1639052400 20.91 82.85 4 3.947
1639052460 20.87 82.74 0 3.947
1639052520 20.89 82.73 0 3.947
1639052580 20.91 82.39 4 3.947
1639052640 20.87 82.43 4 3.947
1639052700 20.84 82.41 4 3.947
1639052760 20.8 82.92 4 3.947
1639052820 20.73 82.62 4 3.947
1639052880 20.76 82.28 4 3.947
1639052940 20.8 82.2 4 3.947
1639053000 20.83 82.34 4 3.947
1639053060 20.87 82.01 10 3.942
1639053120 20.97 81.87 10 3.947
1639053180 21.04 81.18 10 3.947
1639053240 21.04 80.6 10 3.947
1639053300 21.01 79.92 10 3.947
1639053360 21.02 79.85 16 3.947
1639053420 20.98 79.78 16 3.947
1639053480 20.94 79.32 16 3.947
1639053540 20.94 79.14 16 3.947
1639053600 20.95 79.59 22 3.947
1639053660 20.97 81.05 22 3.947
1639053720 20.94 81.61 22 3.947
1639053780 20.9 81.13 22 3.947
1639053840 20.94 81.67 28 3.942
1639053900 20.95 80.64 28 3.942
1639053960 20.94 80.42 28 3.942
1639054020 20.95 80.05 28 3.947
1639054080 20.98 80.7 34 3.947
1639054140 21.01 81.33 34 3.942
1639054200 21.02 82.32 34 3.942
1639054260 20.98 82.61 34 3.942
1639054320 21.01 83.28 34 3.947
1639054380 21.01 83.48 34 3.947
1639054440 20.98 83.71 39 3.947
1639054500 21.04 84.12 39 3.947
1639054560 21.04 84.11 39 3.947
1639054620 21.1 84.74 45 3.947
1639054680 21.12 85.32 45 3.947
1639054740 21.17 85.72 45 3.942
1639054800 21.17 85.71 45 3.947
1639054860 21.21 85.55 51 3.942
1639054920 21.25 85.41 69 3.942
1639054980 21.27 85.3 91 3.942
1639055040 21.31 85.21 91 3.942
1639055100 21.41 84.82 79 3.947
1639055160 21.45 84.17 85 3.942
1639055220 21.51 84.02 85 3.942
1639055280 21.56 83.64 75 3.942
1639055340 21.65 83.13 75 3.942
1639055400 21.66 83.06 69 3.942
1639055460 21.63 83.02 79 3.942
1639055520 21.65 83.25 91 3.942
1639055580 21.68 83.3 109 3.942
1639055640 21.73 83.5 114 3.942
1639055700 21.79 83.38 126 3.942
1639055760 21.85 83.34 132 3.942
1639055820 21.95 83.02 138 3.942
1639055880 22.05 82.58 144 3.942
1639055940 22.2 82.07 150 3.947
1639056000 22.33 81.93 150 3.942
1639056060 22.63 80.53 144 3.942
1639056120 22.73 80.2 138 3.947
1639056180 23.04 79.44 150 3.947
1639056240 23.01 79.2 161 3.947
1639056300 23.15 78.92 173 3.947
1639056360 23.25 78.84 173 3.947
1639056420 23.45 78.27 173 3.947
1639056480 23.83 77.04 161 3.947
1639056540 23.72 76.69 150 3.947
1639056600 23.93 76.8 156 3.947
1639056660 23.96 75.82 167 3.947
1639056720 23.73 76.72 173 3.947
1639056780 23.72 77.28 167 3.947
1639056840 23.83 77.03 167 3.947
1639056900 23.84 76.44 173 3.947
1639056960 23.81 76.58 185 3.947
1639057020 23.63 77.28 201 3.953
1639057080 23.53 77.66 203 3.953
1639057140 23.48 78.21 191 3.953
1639057200 23.56 77.95 203 3.953
1639057260 23.75 77.37 156 3.953
1639057320 23.8 77.7 207 3.953
1639057380 23.8 77.71 231 3.953
1639057440 23.8 78.22 225 3.953
1639057500 23.97 77.73 260 3.953
1639057560 23.95 77.48 272 3.958
1639057620 24.04 77.63 197 3.958
1639057680 24.1 76.88 185 3.958
1639057740 24.14 76.86 185 3.963
1639057800 24.06 77.04 262 3.963
1639057860 24.11 77.27 243 3.963
1639057920 24.28 76.76 343 3.963
1639057980 24.6 75.9 314 3.969
1639058040 24.57 75.66 308 3.969
1639058100 24.47 75.64 308 3.963
1639058160 24.28 76.4 320 3.969
1639058220 24.38 76.24 326 3.969
1639058280 24.35 76.57 284 3.969
1639058340 24.62 75.72 280 3.969
1639058400 24.81 75.16 290 3.969
1639058460 24.92 74.72 256 3.969
1639058520 25.05 74.16 280 3.969
1639058580 25.04 73.81 302 3.969
1639058640 24.88 73.78 308 3.974
1639058700 24.74 74.48 302 3.974
1639058760 24.68 74.16 296 3.974
1639058820 24.68 74.59 320 3.974
1639058880 24.93 74.2 344 3.979
1639058940 24.98 73.83 320 3.979
1639059000 25.19 73.27 298 3.979
1639059060 25.37 72.64 292 3.979
1639059120 25.39 72.73 314 3.985
1639059180 25.34 72.96 308 3.985
1639059240 25.42 72.88 298 3.979
1639059300 25.6 72.56 308 3.985
1639059360 25.3 72.58 316 3.985
1639059420 24.92 73.85 332 3.985
1639059480 24.86 74.02 350 3.985
1639059540 25.02 73.83 374 3.985
1639059600 25.43 73.06 393 3.99
1639059660 25.62 71.83 393 3.99
1639059720 25.79 71.29 387 3.996
1639059780 26.15 69.79 427 3.996
1639059840 26.14 69.74 427 3.996
1639059900 26.52 68.59 399 3.996
1639059960 26.82 66.54 393 3.996
1639060020 26.81 65.38 358 3.996
1639060080 27.07 63.39 370 4.001
1639060140 27.32 62.74 387 3.996
1639060200 27.13 62.76 399 4.001
1639060260 26.51 64.14 393 4.001
1639060320 26.82 64.43 453 4.006
1639060380 27.19 63.04 471 4.012
1639060440 27.36 63.2 507 4.017
1639060500 27.77 61.49 501 4.017
1639060560 27.78 61.85 489 4.017
1639060620 27.77 62.15 495 4.017
1639060680 27.58 63.48 525 4.022
1639059840 27.61 63.97 515 4.028
1639059900 27.53 65.17 527 4.028
1639059960 27.44 65.27 533 4.028
1639060020 27.27 66.09 521 4.033
1639060080 26.92 67.09 515 4.033
1639060140 26.98 67.72 521 4.033
1639060200 26.92 67.57 528 4.039
1639060260 26.9 67.9 528 4.039
1639060320 26.79 68.16 533 4.044
1639060380 26.76 68.45 558 4.049
1639060440 26.85 67.89 552 4.044
1639060500 26.76 68.41 558 4.049
1639060560 27.03 67.65 572 4.055
1639060620 27.19 67.48 572 4.055
1639060680 27.47 66.29 578 4.055
1639060740 27.47 66.22 584 4.06
1639060800 27.47 66.07 590 4.065
1639060860 27.54 65.76 591 4.065
1639060920 27.98 65.05 591 4.071
1639060980 27.88 64.54 585 4.071
1639061040 28.1 64.12 597 4.071
1639061100 28.1 63.05 591 4.076
1639061160 28.49 62.28 605 4.076
1639061220 28.77 60.97 611 4.082
1639061280 28.61 61.53 587 4.082
1639061340 28.14 63.02 594 4.087
1639061400 27.7 64.56 551 4.087
1639061460 27.67 65.33 570 4.087
1639061520 28.04 62.34 600 4.092
1639061580 28.1 61.61 602 4.098
1639061640 27.77 62.39 608 4.103
1639061700 27.3 64.26 578 4.103
1639061760 27.13 64.74 566 4.103
1639061820 27.25 64.87 597 4.103
1639061880 27.68 63.94 597 4.108
1639061940 27.98 62.65 579 4.103
1639062000 28.16 62.84 597 4.114
1639062060 28.18 62.39 609 4.114
1639062120 28.63 61.8 599 4.119
1639062180 29.14 60.64 599 4.125
1639062240 29.38 60.38 624 4.092
1639062300 29.14 61.06 587 4.082
1639062360 29.37 59.88 569 4.076
1639062420 29.3 59 551 4.076
1639062480 29.75 57.64 495 4.071
1639062540 28.86 59.61 489 4.071
1639062600 28.73 61.06 531 4.071
1639062660 28.69 60.6 579 4.065
1639062720 28.61 61 561 4.065
1639062780 28.65 61.87 549 4.065
1639062840 28.72 61.44 576 4.092
1639062900 28.46 61.54 560 4.103
1639062960 28.22 62.97 555 4.103
1639063020 28.1 63.87 343 4.098
1639063080 28.28 63.31 287 4.076
1639063140 27.94 64.08 502 4.071
1639063200 27.77 64.42 501 4.071
1639063260 27.67 65.18 472 4.071
1639063320 27.83 64.95 423 4.065
1639063380 27.81 64.51 442 4.065
1639063440 27.83 64.99 465 4.065
1639063500 27.39 66.38 495 4.065
1639063560 27.5 65.7 471 4.065
1639063620 27.36 66.11 561 4.065
1639063680 27.43 66.49 578 4.065
1639063740 27.53 65.88 582 4.092
1639063800 27.37 65.62 578 4.103
1639063860 27.36 66.73 609 4.114
1639063920 27.6 65.47 617 4.119
1639063980 27.5 65.7 635 4.119
1639064040 27.17 66.73 606 4.092
1639064100 27.58 66.48 630 4.087
1639064160 27.83 65.36 635 4.082
1639064220 28 65.18 635 4.082
1639064280 27.77 65.24 646 4.076
1639064340 27.65 65.94 658 4.076
1639064400 27.34 66.44 676 4.071
1639064460 27.63 66.49 688 4.071
1639064520 27.78 66.23 706 4.071
1639064580 27.98 65.2 724 4.071
1639064640 27.83 65.26 734 4.065
1639064700 27.63 66.11 746 4.065
1639064760 27.83 65.93 752 4.065
1639064820 28.59 64.37 764 4.065
1639064880 29.16 62.26 763 4.065
1639064940 29.37 61.63 771 4.065
1639065000 29.54 61.15 758 4.065
1639065060 29.47 60.97 746 4.065
1639065120 29.75 60.21 745 4.065
1639065180 30.06 59.15 763 4.065
1639065240 29.67 60.15 727 4.065
1639065300 29.43 60.25 739 4.06
1639065360 29.14 61.1 745 4.06
1639065420 28.8 62.31 566 4.06
1639065480 28.93 62.04 691 4.06
1639065540 29.1 61.74 243 4.065
1639065600 28.39 63.39 643 4.06
1639065660 28.23 63.84 590 4.055
1639065720 27.85 64.78 445 4.055
1639065780 28.11 64.49 219 4.06
1639065840 28.04 64.65 499 4.055
1639065900 28.35 64.11 362 4.055
1639065960 28.52 62.83 679 4.055
1639066020 28.05 63.85 755 4.055
1639066080 28.38 63.21 780 4.055
1639066140 28.55 61.96 292 4.055
1639066200 28.53 61.97 302 4.055
1639066260 28.89 61.16 774 4.055
1639066320 29.12 60.39 780 4.049
1639066380 29.16 59.62 814 4.049
1639066440 29.35 59.16 861 4.049
1639066500 29.37 58.28 880 4.049
1639066560 29.44 58.03 886 4.049
1639066620 29.96 56.75 891 4.049
1639066680 30.12 55.84 897 4.049
1639066740 30.56 54.49 899 4.044
1639066800 30.59 54.9 867 4.049
1639066860 30.12 55.72 838 4.044
1639066920 30.14 56.82 814 4.044
1639066980 29.96 57.13 837 4.049
1639067040 29.51 57.33 843 4.044
1639067100 29.65 57.66 885 4.044
1639067160 29.71 56.11 877 4.044
1639067220 29.43 55.83 891 4.044
1639067280 29.27 56.47 915 4.044
1639067340 28.77 58.14 902 4.039
1639067400 28.96 58 877 4.039
1639067460 29.37 56.52 889 4.039
1639067520 29.51 55.28 889 4.044
1639067580 29.41 55.62 902 4.039
1639067640 29.88 54.98 938 4.039
1639067700 30.06 53.05 938 4.039
1639067760 30.45 52.18 944 4.039
1639067820 29.92 53.04 956 4.039
1639067880 30.19 53.07 932 4.039
1639067940 30.62 52.71 926 4.039
1639068000 31.02 51.31 914 4.039
1639068060 30.97 50.94 920 4.039
1639068120 30.53 52.24 877 4.039
1639068180 31.14 51.28 865 4.039
1639068240 31.53 50.53 843 4.033
1639068300 32.16 48.96 825 4.033
1639068360 32.3 48.14 825 4.039
1639068420 31.64 48.96 829 4.033
1639068480 31.47 49.74 825 4.033
1639068540 31.49 49.95 841 4.033
1639068600 30.81 49.92 680 4.033
1639068660 30.78 50.25 835 4.033
1639068720 30.9 49.72 847 4.033
1639068780 30.96 49.7 847 4.033
1639068840 30.88 49.6 853 4.033
1639068900 30.37 50.47 853 4.033
1639068960 30.45 50.14 829 4.033
1639069020 30.49 50.3 823 4.033
1639069080 30.74 50.17 876 4.033
1639069140 30.81 49.27 908 4.092
1639069200 30.83 50.03 947 4.108
1639069260 30.96 49.39 938 4.119
1639069320 31.1 48.93 929 4.13
1639069380 31.42 47.87 939 4.076
1639069440 32.22 46.55 944 4.071
1639069500 32.46 45.96 926 4.065
1639069560 32.02 45.83 944 4.06
1639069620 31.83 46.83 918 4.06
1639069680 31.52 48.01 912 4.06
1639069740 31.38 48 918 4.06
1639069800 31.27 48.75 899 4.06
1639069860 31.41 49.01 905 4.055
1639069920 31.53 48.87 935 4.055
1639069980 31.49 49.14 804 4.055
1639070040 31.44 49.38 880 4.049
1639070100 31.37 50.16 850 4.049
1639070160 31.47 50.61 905 4.049
1639070220 31.22 50.87 905 4.049
1639070280 31.04 51.39 905 4.049
1639070340 31.11 50.9 945 4.049
1639070400 31.1 51.27 905 4.049
1639070460 31.01 51.62 927 4.044
1639070520 31.53 50.35 921 4.049
1639070580 31.39 50.77 944 4.049
1639070640 31.53 51.08 975 4.044
1639070700 31.58 51.65 986 4.044
1639070760 31.34 52.14 944 4.044
1639070820 31.51 52.4 933 4.044
1639070880 31.81 51.96 938 4.044
1639070940 32.23 51.19 978 4.114
1639071000 32.24 50.64 1013 4.135
1639071060 32.09 49.94 1017 4.146
1639071120 31.69 50.8 1033 4.157
1639071180 31.34 51.82 1040 4.167
1639071240 31.37 52.25 1051 4.184
1639071300 31.37 53.05 1061 4.151
1639071360 31.45 52.72 1072 4.2
1639071420 31.68 52.38 1072 4.2
1639071480 31.73 51.65 1063 4.157
1639071540 31.35 52.81 1064 4.162
1639071600 30.98 53.12 1066 4.167
1639071660 30.98 53.78 1075 4.173
1639071720 31.18 53.26 1082 4.184
1639071780 31.51 52.56 1085 4.173
1639071840 31.47 52.26 1079 4.151
1639071900 31.08 53.24 1058 4.146
1639071960 31.28 53.46 1064 4.141
1639072020 31.86 52.03 1045 4.135
1639072080 32 51.1 472 4.135
1639072140 31.61 52.11 862 4.13
1639072200 31.34 52.14 248 4.13
1639072260 30.62 53.79 1091 4.125
1639072320 30.42 54.69 1079 4.125
1639072380 30.59 55.06 1097 4.125
1639072440 31.32 54.16 1090 4.125
1639072500 32 52.33 1114 4.119
1639072560 31.89 52.41 1138 4.119
1639072620 32.08 52.71 1120 4.119
1639072680 32.6 51.25 1138 4.114
1639072740 32.13 51.22 1099 4.151
1639072800 32 51.54 1046 4.162
1639072860 32.03 51.94 957 4.157
1639072920 31.61 51.79 936 4.141
1639072980 31.18 53.45 748 4.141
1639073040 31.22 53.98 1136 4.135
1639073100 31.11 54.66 1129 4.135
1639073160 31.13 55.24 1135 4.135
1639073220 30.96 55.38 941 4.13
1639073280 30.94 55.87 867 4.13
1639073340 31.21 54.63 793 4.125
1639073400 30.96 55.05 733 4.125
1639073460 30.52 56.14 775 4.125
1639073520 30.55 56.61 835 4.119
1639073580 30.59 56.43 774 4.119
1639073640 31.07 55.23 908 4.119
1639073700 30.76 55.84 834 4.114
1639073760 30.67 56.66 780 4.114
1639073820 30.53 56.89 627 4.114
1639073880 30.6 57.03 621 4.114
1639073940 30.59 56.91 549 4.114
1639074000 30.47 57.35 525 4.108
1639074060 30.57 57.33 597 4.108
1639074120 30.33 57.52 784 4.108
1639074180 30.29 58.02 868 4.108
1639074240 30.76 56.91 941 4.108
1639074300 30.52 57.22 838 4.108
1639074360 30.56 57.25 977 4.108
1639074420 30.66 57.05 1019 4.103
1639074480 30.86 56.27 989 4.108
1639074540 31.1 55.61 903 4.098
1639074600 30.9 55.99 981 4.098
1639074660 30.56 56.25 1007 4.098
1639074720 30.37 57.48 957 4.098
1639074780 30.55 56.92 680 4.098
1639074840 30.59 56.34 319 4.098
1639074900 30.37 57.08 975 4.098
1639074960 30.77 56.71 1024 4.098
1639075020 31.34 55.8 1016 4.098
1639075080 31.55 53.94 710 4.092
1639075140 31.73 53.62 335 4.092
1639075200 31.83 53.2 811 4.092
1639075260 31.69 53.09 1034 4.092
1639075320 31.42 54.59 1099 4.092
1639075380 31.39 55.67 1142 4.092
1639075440 31.65 55.63 301 4.103
1639075500 31.27 56.39 287 4.092
1639075560 31.18 57.1 1112 4.092
1639075620 30.97 57.88 1135 4.092
1639075680 31.08 57.3 1112 4.092
1639075740 31.06 56.89 1129 4.092
1639075800 31.24 56.45 828 4.087
1639075860 31.55 55.63 305 4.087
1639075920 31.16 56.31 311 4.087
1639075980 30.87 57.54 1141 4.087
1639076040 30.71 57.91 737 4.087
1639076100 30.81 58.02 1105 4.087
1639076160 30.43 58.19 1135 4.087
1639076220 30.84 57.86 341 4.087
1639076280 31.53 55.95 1176 4.082
1639076340 31.28 56 1170 4.082
1639076400 31.21 55.96 1182 4.082
1639076460 31.14 56.22 1162 4.076
1639076520 31.65 55.26 786 4.082
1639076580 31.38 55.49 1005 4.082
1639076640 31.52 55.25 1120 4.082
1639076700 31.41 54.98 340 4.082
1639076760 30.9 56.23 676 4.076
1639076820 30.16 58.4 1126 4.076
1639076880 30.35 57.35 1120 4.076
1639076940 30.3 58.4 1138 4.076
1639077000 30.65 57.63 1162 4.076
1639077060 31.22 56.79 1174 4.076
1639077120 31.35 56.19 490 4.076
1639077180 31.41 55.84 328 4.071
1639077240 31.1 55.99 487 4.103
1639077300 30.57 56.5 1133 4.082
1639077360 30.2 57.86 1084 4.076
1639077420 30.66 56.7 1096 4.076
1639077480 30.76 56.97 262 4.076
1639077540 30.91 56.24 233 4.076
1639077600 30.46 57.66 275 4.076
1639077660 30.45 57.97 998 4.076
1639077720 30.39 58.74 299 4.071
1639077780 30.6 58 382 4.071
1639077840 30.66 57.46 1010 4.071
1639077900 30.77 57.64 1034 4.071
1639077960 31.42 56.1 963 4.071
1639078020 31.61 55.52 957 4.071
1639078080 32.05 54.25 963 4.076
1639078140 32.43 53.52 828 4.082
1639078200 31.89 54.04 981 4.076
1639078260 31 55.79 1090 4.076
1639078320 31.01 55.85 484 4.076
1639078380 31.14 55.36 340 4.076
1639078440 30.46 57.72 298 4.076
1639078500 30.33 58.72 292 4.071
1639078560 29.91 58.91 274 4.071
1639078620 29.57 60.3 243 4.071
1639078680 29.57 60.52 256 4.071
1639078740 29.57 60.78 382 4.071
1639078800 29.55 61.13 322 4.071
1639078860 29.35 61.62 855 4.071
1639078920 29.34 61.64 328 4.065
1639078980 29.58 61.07 758 4.071
1639079040 29.61 60.94 805 4.06
1639079100 29.63 60.93 823 4.06
1639079160 30.08 59.73 853 4.065
1639079220 30.33 59.2 722 4.06
1639079280 30.8 57.63 292 4.065
1639079340 30.69 57.07 668 4.06
1639079400 30.42 56.59 644 4.065
1639079460 30.18 57.95 620 4.06
1639079520 30.11 57.93 572 4.06
1639079580 30.12 57.74 554 4.06
1639079640 29.98 58.8 542 4.06
1639079700 29.96 58.55 608 4.06
1639079760 29.85 58.27 459 4.06
1639079820 29.47 58.95 380 4.06
1639079880 29.51 59.42 338 4.06
1639079940 29.61 59.37 316 4.076
1639080000 29.69 59.41 215 4.071
1639080060 29.55 59.65 322 4.065
1639080120 29.38 60.29 358 4.065
1639080180 29.3 61.12 417 4.06
1639080240 29.35 61.05 435 4.06
1639080300 29.37 61.08 501 4.06
1639080360 29.17 61.84 507 4.06
1639080420 29.35 61.36 608 4.06
1639080480 29.58 60.69 606 4.06
1639080540 29.35 61 594 4.06
1639080600 29.37 61.34 674 4.06
1639080660 29.31 61.97 249 4.06
1639080720 29.53 61.39 308 4.055
1639080780 29.3 61.22 751 4.055
1639080840 29.2 61.52 275 4.076
1639080900 29.2 61.74 310 4.06
1639080960 29.25 61.82 769 4.055
1639081020 29.33 61.93 768 4.06
1639081080 29.71 61.13 268 4.055
1639081140 29.94 59.55 810 4.055
1639081200 29.78 58.8 816 4.055
1639081260 29.88 59.2 846 4.055
1639081320 30.14 58.3 899 4.055
1639081380 30.55 58.01 882 4.055
1639081440 30.73 57.6 701 4.055
1639081500 30.96 57.57 268 4.065
1639081560 30.78 57.92 268 4.071
1639081620 30.53 58.41 870 4.06
1639081680 30.32 59.06 876 4.055
1639081740 29.84 59.89 859 4.119
1639081800 29.61 60.35 438 4.087
1639081860 30.25 58.95 706 4.071
1639081920 30.12 58.61 835 4.071
1639081980 29.91 59.56 835 4.065
1639082040 30.14 58.67 835 4.065
1639082100 30.23 58.73 829 4.065
1639082160 30.32 59.1 829 4.065
1639082220 31.01 57.31 835 4.06
1639082280 31.14 56.84 835 4.06
1639082340 31.34 55.84 799 4.06
1639082400 30.81 57.26 882 4.06
1639082460 30.81 57.94 560 4.06
1639082520 31.13 56.77 858 4.06
1639082580 30.93 57.57 829 4.06
1639082640 30.63 57.24 823 4.125
1639082700 30.3 57.61 814 4.135
1639082760 30.22 58.18 701 4.087
1639082820 30.57 57.66 774 4.082
1639082880 30.56 57.32 755 4.076
1639082940 30.29 57.74 772 4.076
1639083000 30.37 57.66 766 4.076
1639083060 30.55 57 778 4.076
1639083120 30.46 57.41 519 4.076
1639083180 30.25 57.87 597 4.071
1639083240 30.26 58.07 730 4.071
1639083300 30.26 57.99 724 4.071
1639083360 30.69 57.28 718 4.071
1639083420 30.66 56.21 730 4.071
1639083480 30.71 56.43 722 4.065
1639083540 30.35 55.61 722 4.065
1639083600 30.49 56.03 716 4.065
1639083660 31 54.32 722 4.06
1639083720 30.91 54.38 722 4.065
1639083780 30.94 54.76 734 4.065
1639083840 30.6 54.67 722 4.065
1639083900 30.25 55.32 758 4.06
1639083960 30.11 55.6 757 4.06
1639084020 30.35 55.18 769 4.06
1639084080 30.36 54.22 775 4.06
1639084140 30.52 54.02 787 4.06
1639084200 30.73 53.93 781 4.06
1639084260 31.1 53.16 775 4.06
1639084320 30.8 54.24 799 4.06
1639084380 30.88 53.97 817 4.06
1639084440 30.46 55.01 811 4.119
1639084500 30.88 54.26 801 4.076
1639084560 31.27 53.53 597 4.071
1639084620 31.28 53.08 758 4.065
1639084680 31.27 52.86 746 4.065
1639084740 30.91 54.15 394 4.065
1639084800 30.98 53.95 728 4.065
1639084860 30.77 54.44 728 4.065
1639084920 30.65 54.85 489 4.06
1639084980 30.4 55.71 727 4.065
1639085040 30.65 55.54 721 4.06
1639085100 31.06 54.37 721 4.06
1639085160 31.06 54.48 721 4.06
1639085220 30.63 55.79 721 4.06
1639085280 30.53 56.2 721 4.06
1639085340 30.86 55.29 721 4.055
1639085400 31.17 54.93 727 4.055
1639085460 31.73 53.88 727 4.055
1639085520 31.82 53.05 733 4.06
1639085580 31.47 53.77 739 4.055
1639085640 31.39 53.77 743 4.055
1639085700 31.11 54.53 749 4.055
1639085760 31.25 54.6 739 4.055
1639085820 31.42 53.87 584 4.055
1639085880 31.08 54.39 679 4.055
1639085940 30.94 55.4 243 4.06
1639086000 30.49 56.22 225 4.065
1639086060 30.3 56.85 239 4.071
1639086120 30.01 57.48 618 4.055
1639086180 29.63 59.27 606 4.055
1639086240 29.64 59.06 231 4.065
1639086300 29.65 59.4 618 4.055
1639086360 29.74 59.23 612 4.055
1639086420 30.27 57.86 618 4.055
1639086480 30.46 57.47 636 4.055
1639086540 30.39 57.21 624 4.055
1639086600 30.8 56.08 606 4.055
1639086660 31.27 55.41 594 4.055
1639086720 31.18 55.39 582 4.049
1639086780 31 56.01 380 4.055
1639086840 30.98 56.12 451 4.055
1639086900 30.86 55.75 540 4.049
1639086960 30.04 58.27 534 4.049
1639087020 30.18 57.92 512 4.049
1639087080 29.89 58.71 499 4.049
1639087140 30.09 58.49 286 4.065
1639087200 30.12 58.51 454 4.082
1639087260 30.2 58.43 444 4.092
1639087320 30.04 58.79 444 4.098
1639087380 29.76 59.49 433 4.098
1639087440 29.86 59.1 439 4.103
1639087500 29.82 58.9 409 4.108
1639087560 29.76 58.97 257 4.087
1639087620 29.53 59.5 388 4.082
1639087680 29.6 59.23 370 4.076
1639087740 29.28 60.14 364 4.071
1639087800 29.37 60.19 364 4.071
1639087860 29.44 60.1 346 4.071
1639087920 29.44 60.06 340 4.071
1639087980 29.44 60.53 310 4.071
1639088040 29.65 59.83 281 4.082
1639088100 29.82 59.48 243 4.071
1639088160 29.89 59.35 191 4.071
1639088220 29.79 59.34 185 4.071
1639088280 29.55 59.96 173 4.071
1639088340 29.33 60.63 155 4.071
1639088400 28.89 62.12 143 4.071
1639088460 28.76 62.66 143 4.071
1639088520 28.67 63.05 137 4.076
1639088580 28.35 64.06 124 4.071
1639088640 28.21 64.17 106 4.071
1639088700 27.98 64.76 94 4.076
1639088760 27.71 65.4 88 4.071
1639088820 27.58 66 88 4.071
1639088880 27.63 65.92 88 4.071
1639088940 27.44 66.71 82 4.065
1639089000 27.4 67.47 88 4.065
1639089060 27.32 68.02 82 4.065
1639089120 27.34 68.08 88 4.065
1639089180 27.34 68.31 88 4.065
1639089240 27.32 68.63 94 4.071
1639089300 27.23 68.93 94 4.065
1639089360 27.05 69.5 94 4.065
1639089420 26.9 70.09 94 4.065
1639089480 26.95 70.05 94 4.065
1639089540 27.13 68.43 88 4.065
1639089600 27.27 67.79 88 4.065
1639089660 27.29 67.66 82 4.065
1639089720 27.3 68.13 82 4.065
1639089780 27.29 68.68 76 4.065
1639089840 27.37 68.57 76 4.06
1639089900 27.3 69.06 82 4.06
1639089960 27.26 69.06 82 4.06
1639090020 27.17 69.24 82 4.06
1639090080 27.13 69.48 82 4.06
1639090140 27.22 69.31 94 4.06
1639090200 27.29 68.7 94 4.06
1639090260 27.16 68.73 94 4.06
1639090320 27.16 68.57 94 4.06
1639090380 27.09 68.12 94 4.06
1639090440 26.99 68.7 94 4.06
1639090500 27 69.04 94 4.06
1639090560 27 69.37 88 4.06
1639090620 26.95 69.91 82 4.06
1639090680 27.07 69.77 76 4.06
1639090740 26.96 70.49 70 4.055
1639090800 26.81 71.3 64 4.055
1639090860 26.86 71.21 58 4.055
1639090920 26.76 71.61 58 4.055
1639090980 26.83 71.57 52 4.055
1639091040 26.96 71.13 52 4.055
1639091100 26.92 71.1 46 4.055
1639091160 26.66 71.97 46 4.055
1639091220 26.69 72.09 40 4.055
1639091280 26.58 72.17 40 4.055
1639091340 26.54 72.1 40 4.055
1639091400 26.54 72.47 40 4.055
1639091460 26.58 72.28 34 4.055
1639091520 26.66 72.03 34 4.055
1639091580 26.45 72.33 34 4.055
1639091640 26.41 72.95 34 4.049
1639091700 26.41 72.99 34 4.049
1639091760 26.39 72.87 34 4.049
1639091820 26.42 72.67 34 4.049
1639091880 26.37 72.84 34 4.049
1639091940 26.38 72.87 34 4.049
1639092000 26.39 72.91 34 4.049
1639092060 26.48 72.7 34 4.055
1639092120 26.55 72.59 34 4.049
1639092180 26.58 72.28 34 4.049
1639092240 26.62 72.21 34 4.055
1639092300 26.56 72.28 34 4.049
1639092360 26.56 72.43 34 4.049
1639092420 26.58 72.51 28 4.049
1639092480 26.38 72.94 28 4.049
1639092540 26.21 73.55 28 4.044
1639092600 26.24 73.73 28 4.049
1639092660 26.32 73.52 28 4.049
1639092720 26.37 73.38 28 4.044
1639092780 26.41 73.63 28 4.049
1639092840 26.46 73.13 28 4.049
1639092900 26.34 73.57 22 4.049
1639092960 26.14 74.37 22 4.049
1639093020 26.07 74.88 16 4.049
1639093080 26.11 74.91 16 4.044
1639093140 26.21 74.59 16 4.044
1639093200 26.18 74.57 10 4.044
1639093260 26.17 74.81 10 4.044
1639093320 26.13 74.73 10 4.049
1639093380 26.2 74.54 10 4.044
1639093440 26.18 74.64 10 4.044
1639093500 26.24 74.33 4 4.044
1639093560 26.2 74.17 4 4.044
1639093620 26.11 74.57 4 4.044
1639093680 26.18 74.24 4 4.044
1639093740 25.95 74.38 4 4.044
1639093800 25.91 74.84 4 4.044
1639093860 26 74.59 4 4.044
1639093920 26.07 74.27 4 4.044
1639093980 26.1 74.24 0 4.044
1639094040 26.03 74.4 0 4.044
1639094100 25.97 74.87 0 4.044
1639094160 25.91 75.07 0 4.044
1639094220 25.87 75.1 0 4.044
1639094280 25.69 75.91 0 4.044
1639094340 25.73 75.89 0 4.039
1639094400 25.69 75.99 0 4.039
1639094460 25.7 76.08 0 4.039
1639094520 25.8 75.86 0 4.039
1639094580 25.81 75.89 0 4.039
1639094640 25.81 75.78 0 4.039
1639094700 25.86 75.87 0 4.039
1639094760 25.79 76.03 0 4.039
1639094820 25.7 76.62 0 4.044
1639094880 25.73 76.37 0 4.039
1639094940 25.6 77.05 0 4.039
1639095000 25.67 77.01 0 4.039
1639095060 25.67 77.05 0 4.039
1639095120 25.7 77.01 0 4.039
1639095180 25.76 76.76 0 4.039
1639095240 25.73 76.8 0 4.039
1639095300 25.72 77.01 0 4.039
1639095360 25.76 76.82 0 4.039
1639095420 25.67 76.96 0 4.039
1639095480 25.53 77.5 0 4.039
1639095540 25.54 77.71 0 4.039
1639095600 25.59 77.8 0 4.039
1639095660 25.52 77.92 0 4.039
1639095720 25.46 78.19 0 4.039
1639095780 25.33 78.56 0 4.039
1639095840 25.32 78.8 0 4.039
1639095900 25.39 78.73 0 4.033
1639095960 25.44 78.79 0 4.033
1639096020 25.49 78.47 0 4.039
1639096080 25.52 78.47 0 4.033
1639096140 25.53 78.61 0 4.033
1639096200 25.53 78.76 0 4.033
1639096260 25.53 78.51 0 4.033
1639096320 25.44 79.12 0 4.033
1639096380 25.36 79.44 0 4.033
1639096440 25.22 79.97 0 4.033
1639096500 25.22 80.07 0 4.039
1639096560 25.21 80.13 0 4.033
1639096620 25.18 80.41 0 4.033
1639096680 25.18 80.37 0 4.033
1639096740 25.12 80.76 0 4.033
1639096800 25.12 80.79 0 4.033
1639096860 25.15 80.83 0 4.033
1639096920 25.21 80.69 0 4.033
1639096980 25.22 80.5 0 4.033
1639097040 25.19 80.43 0 4.033
1639097100 25.15 80.7 0 4.033
1639097160 25.18 80.54 0 4.033
1639097220 25.23 80.56 0 4.033
1639097280 25.16 80.62 0 4.033
1639097340 25.15 80.48 0 4.033
1639097400 25.12 80.58 0 4.033
1639097460 25.06 80.97 0 4.033
1639097520 25.13 80.67 0 4.028
1639097580 25.13 80.49 0 4.033
1639097640 25.12 80.6 0 4.033
1639097700 25.18 80.54 0 4.033
1639097760 25.11 80.65 0 4.033
1639097820 25.05 80.85 0 4.033
1639097880 25.05 80.92 0 4.033
1639097940 25.01 80.91 0 4.028
1639098000 24.98 80.87 0 4.028
1639098060 24.99 80.85 0 4.028
1639098120 24.91 81.3 0 4.028
1639098180 24.86 81.28 0 4.028
1639098240 24.86 81.4 0 4.028
1639098300 24.82 81.66 0 4.028
1639098360 24.74 81.8 0 4.028
1639098420 24.72 82.09 0 4.028
1639098480 24.7 82.21 0 4.028
1639098540 24.65 82.1 0 4.028
1639098600 24.67 82.24 0 4.028
1639098660 24.61 82.17 0 4.028
1639098720 24.65 82.22 0 4.028
1639098780 24.6 82.31 0 4.028
1639098840 24.61 82.36 0 4.022
1639098900 24.58 82.54 0 4.022
1639098960 24.62 82.4 0 4.028
1639099020 24.57 82.62 0 4.028
1639099080 24.53 82.79 0 4.028
1639099140 24.51 83.05 0 4.028
1639099200 24.5 83.11 0 4.028
1639099260 24.48 83.27 0 4.022
1639099320 24.41 83.38 0 4.028
1639099380 24.4 83.56 0 4.028
1639099440 24.35 83.72 0 4.028
1639099500 24.32 83.96 0 4.022
1639099560 24.28 84.09 0 4.022
1639099620 24.27 84.07 0 4.022
1639099680 24.26 84.24 0 4.028
1639099740 24.23 84.44 0 4.022
1639099800 24.17 84.67 0 4.022
1639099860 24.13 84.91 0 4.022
1639099920 24.13 84.86 0 4.022
1639099980 24.11 84.74 0 4.028
1639100040 24.1 85.01 0 4.022
1639100100 24.06 85.19 0 4.022
1639100160 24.01 85.33 0 4.022
1639100220 24.01 85.5 0 4.022
1639100280 24.06 85.4 0 4.022
1639100340 24.04 85.34 0 4.022
1639100400 24.04 85.33 0 4.022
1639100460 24.06 85.52 0 4.022
1639100520 24.04 85.66 0 4.022
1639100580 24.07 85.48 0 4.022
1639100640 24.01 85.69 0 4.017
1639100700 24 85.79 0 4.022
1639100760 23.99 85.74 0 4.022
1639100820 23.99 85.85 0 4.022
1639100880 24.01 85.64 0 4.017
1639100940 24.01 85.42 0 4.022
1639101000 24.04 85.22 0 4.022
1639101060 24.06 85.2 0 4.022
1639101120 24.07 85.13 0 4.022
1639101180 24.09 85.03 0 4.022
1639101240 24.07 84.96 0 4.022
1639101300 24.01 85.29 0 4.022
1639101360 23.99 85.23 0 4.022
1639101420 23.97 85.33 0 4.022
1639101480 23.96 85.38 0 4.022
1639101540 23.96 85.6 0 4.017
1639101600 23.95 85.78 0 4.017
1639101660 23.93 85.9 0 4.017
1639101720 23.89 85.96 0 4.022
1639101780 23.89 86.02 0 4.017
1639101840 23.87 85.97 0 4.017
1639101900 23.84 85.96 0 4.017
1639101960 23.9 85.89 0 4.017
1639102020 23.84 85.95 0 4.017
1639102080 23.84 85.95 0 4.017
1639102140 23.83 84.78 0 4.017
1639102200 23.83 84.79 0 4.017
1639102260 23.83 84.51 0 4.017
1639102320 23.84 84.57 0 4.017
1639102380 23.9 84.42 0 4.017
1639102440 23.86 83.99 0 4.012
1639102500 23.84 83.68 0 4.017
1639102560 23.84 83.58 0 4.017
1639102620 23.86 83.5 0 4.017
1639102680 23.93 83.57 0 4.017
1639102740 23.93 83.61 0 4.017
1639102800 23.95 83.63 0 4.017
1639102860 23.95 83.79 0 4.017
1639102920 24 84.06 0 4.017
1639102980 23.96 84.12 0 4.017
1639103040 23.95 83.84 0 4.017
1639103100 23.97 83.5 0 4.017
1639103160 23.95 83.57 0 4.017
1639103220 23.95 83.65 0 4.017
1639103280 23.9 83.73 0 4.017
1639103340 23.84 83.99 0 4.012
1639103400 23.87 84.08 0 4.012
1639103460 23.86 83.98 0 4.012
1639103520 23.87 83.71 0 4.012
1639103580 23.87 83.43 0 4.012
1639103640 23.87 82.74 0 4.012
1639103700 23.86 82.55 0 4.012
1639103760 23.89 82.18 0 4.012
1639103820 23.89 81.95 0 4.017
1639103880 23.87 81.65 0 4.012
1639103940 23.89 81.62 0 4.017
1639104000 23.92 81.61 0 4.012
1639104060 23.96 81.66 0 4.012
1639104120 23.97 81.64 0 4.017
1639104180 23.97 81.88 0 4.012
1639104240 23.97 81.79 0 4.012
1639104300 23.97 81.68 0 4.012
1639104360 23.96 81.44 0 4.012
1639104420 23.95 81.49 0 4.012
1639104480 23.96 81.94 0 4.012
1639104540 23.97 82.41 0 4.012
1639104600 23.97 82.69 0 4.012
1639104660 23.96 83.43 0 4.012
1639104720 23.92 83.39 0 4.012
1639104780 23.95 83.24 0 4.012
1639104840 23.95 83.13 0 4.012
1639104900 23.95 83.08 0 4.012
1639104960 23.93 83.07 0 4.012
1639105020 23.92 83.1 0 4.012
1639105080 23.93 83.23 0 4.006
1639105140 23.93 82.97 0 4.006
1639105200 23.9 83.42 0 4.006
1639105260 23.86 83.3 0 4.006
1639105320 23.9 83.36 0 4.006
1639105380 23.92 83.76 0 4.006
1639105440 23.92 83.57 0 4.012
1639105500 23.86 83.46 0 4.012
1639105560 23.87 83.93 0 4.006
1639105620 23.84 83.6 0 4.006
1639105680 23.87 83.58 0 4.006
1639105740 23.86 83.61 0 4.012
1639105800 23.83 83.53 0 4.006
1639105860 23.83 83.36 0 4.006
1639105920 23.84 83.14 0 4.006
1639105980 23.84 83.19 0 4.012
1639106040 23.84 83.28 0 4.006
1639106100 23.89 83.29 0 4.006
1639106160 23.9 83.09 0 4.006
1639106220 23.84 82.74 0 4.006
1639106280 23.87 82.62 0 4.006
1639106340 23.81 82.22 0 4.006
1639106400 23.83 82.11 0 4.006
1639106460 23.79 81.51 0 4.006
1639106520 23.77 81.61 0 4.006
1639106580 23.77 80.99 0 4.006
1639106640 23.7 80.79 0 4.006
1639106700 23.72 80.76 0 4.006
1639106760 23.68 80.51 0 4.006
1639106820 23.72 80.75 0 4.006
1639106880 23.72 80.57 0 4.006
1639106940 23.73 80.74 0 4.001
1639107000 23.75 80.7 0 4.006
1639107060 23.76 80.81 0 4.006
1639107120 23.72 81.22 0 4.006
1639107180 23.73 80.96 0 4.006
1639107240 23.7 81 0 4.006
1639107300 23.73 81.08 0 4.001
1639107360 23.72 80.93 0 4.006
1639107420 23.75 80.87 0 4.006
1639107480 23.77 81.06 0 4.006
1639107540 23.76 80.78 0 4.001
1639107600 23.79 80.78 0 4.006
1639107660 23.76 80.68 0 4.006
1639107720 23.79 80.56 0 4.006
1639107780 23.8 80.41 0 4.001
1639107840 23.8 80.5 0 4.001
1639107900 23.77 80.82 0 4.001
1639107960 23.8 81.43 0 4.001
1639108020 23.79 81.41 0 4.001
1639108080 23.8 81.71 0 4.001
1639108140 23.8 81.91 0 4.006
1639108200 23.84 83.8 0 4.001
1639108260 23.79 83.44 0 4.001
1639108320 23.77 83.63 0 4.001
1639108380 23.8 84.43 0 4.001
1639108440 23.79 84.57 0 4.001
1639108500 23.81 85.1 0 4.001
1639108560 23.8 84.69 0 4.006
1639108620 23.8 84.4 0 4.001
1639108680 23.77 84.31 0 4.001
1639108740 23.81 84.65 0 3.996
1639108800 23.83 84.61 0 4.001
1639108860 23.84 84.68 0 4.001
1639108920 23.83 84.22 0 4.001
1639108980 23.84 84.28 0 4.001
1639109040 23.87 84.03 0 4.001
1639109100 23.87 83.75 0 4.001
1639109160 23.87 82.82 0 4.001
1639109220 23.9 82.71 0 4.001
1639109280 23.92 82.31 0 4.001
1639109340 23.95 82.1 0 4.001
1639109400 23.96 81.82 0 4.001
1639109460 23.95 81.84 0 4.001
1639109520 23.96 81.08 0 4.001
1639109580 23.99 81.46 0 4.001
1639109640 23.99 80.72 0 3.996
1639109700 23.96 80.45 0 3.996
1639109760 23.99 80.57 0 4.001
1639109820 23.97 80.58 0 3.996
1639109880 23.97 80.51 0 3.996
1639109940 24 80.79 0 3.996
1639110000 23.99 80.97 0 3.996
1639110060 24.01 80.97 0 3.996
1639110120 24 80.95 0 4.001
1639110180 24 81.11 0 3.996
1639110240 24.01 81.05 0 3.996
1639110300 24.01 80.92 0 3.996
1639110360 23.97 80.74 0 3.996
1639110420 23.97 80.63 0 4.001
1639110480 23.99 80.42 0 3.996
1639110540 23.97 80.6 0 3.99
1639110600 23.96 80.46 0 3.996
1639110660 23.96 80.34 0 3.996
1639110720 23.96 80.21 0 3.996
1639110780 23.96 80.34 0 3.996
1639110840 23.93 80.45 0 3.996
1639110900 23.92 80.09 0 3.996
1639110960 23.92 80.21 0 3.996
1639111020 23.95 80.04 0 3.996
1639111080 23.89 80.28 0 3.996
1639111140 23.86 80.34 0 3.996
1639111200 23.86 80.54 0 3.996
1639111260 23.84 80.49 0 3.996
1639111320 23.87 80.5 0 3.996
1639111380 23.89 80.39 0 3.996
1639111440 23.9 80.41 0 3.99
1639111500 23.92 80.48 0 3.996
1639111560 23.93 80.48 0 3.996
1639111620 23.95 80.5 0 3.996
1639111680 23.99 80.48 0 3.996
1639111740 23.97 80.44 0 3.996
1639111800 23.97 80.34 0 3.996
1639111860 23.96 80.24 0 3.996
1639111920 23.93 80.03 0 3.99
1639111980 23.93 80.12 0 3.996
1639112040 23.89 79.91 0 3.99
1639112100 23.81 79.85 0 3.99
1639112160 23.79 79.85 0 3.996
1639112220 23.77 79.95 0 3.99
1639112280 23.76 79.81 0 3.99
1639112340 23.77 79.61 0 3.99
