1634533200 21.58 88.97 0 4.049
1634533260 21.62 89.05 0 4.055
1634533320 21.62 87.81 0 4.055
1634533380 21.66 88.35 0 4.055
1634533440 21.66 87.79 0 4.055
1634533500 21.68 87.45 0 4.055
1634533560 21.69 87.24 0 4.055
1634533620 21.69 86.69 0 4.049
1634533680 21.69 86.91 0 4.049
1634533740 21.71 86.47 0 4.049
1634533800 21.73 86.42 0 4.055
1634533860 21.75 86.51 0 4.049
1634533920 21.75 86.89 0 4.055
1634533980 21.72 86.89 0 4.049
1634534040 21.71 86.81 0 4.055
1634534100 21.72 86.93 0 4.055
1634534160 21.73 87.35 0 4.055
1634534220 21.82 87.35 0 4.049
1634534280 21.76 87.25 0 4.049
1634534340 21.75 87.59 0 4.049
1634534400 21.77 87.72 0 4.049
1634534460 21.76 88.13 0 4.049
1634534520 21.75 88.44 0 4.049
1634534580 21.75 87.79 0 4.049
1634534640 21.76 87.81 0 4.049
1634534700 21.77 87.78 0 4.055
1634534760 21.76 87.74 0 4.049
1634534820 21.77 87.67 0 4.049
1634534880 21.77 87.37 0 4.049
1634534940 21.86 87.64 0 4.049
1634535000 21.8 87.65 0 4.049
1634535060 21.79 87.52 0 4.049
1634535120 21.83 87.54 0 4.049
1634535180 21.83 87.46 0 4.049
1634535240 21.79 87.55 0 4.049
1634535300 21.79 87.42 0 4.049
1634535360 21.77 87.97 0 4.049
1634535420 21.76 87.98 0 4.049
1634535480 21.75 88.46 0 4.049
1634535540 21.73 88.8 0 4.049
1634535600 21.75 88.69 0 4.055
1634535660 21.73 88.66 0 4.049
1634535720 21.73 88.13 0 4.049
1634535780 21.76 87.73 0 4.049
1634535840 21.82 87.5 0 4.049
1634535900 21.82 88.48 0 4.049
1634535960 21.77 89.44 0 4.049
1634536020 21.71 89.86 0 4.049
1634536080 21.62 90.26 0 4.049
1634536140 21.58 90.51 0 4.049
1634536200 21.53 90.6 0 4.049
1634536260 21.52 90.86 0 4.049
1634536320 21.52 91.05 0 4.049
1634536380 21.55 91.19 0 4.049
1634536440 21.52 91.07 0 4.049
1634536500 21.49 90.25 0 4.049
1634536560 21.56 89.92 0 4.049
1634536620 21.65 89.46 0 4.049
1634536680 21.68 89.12 0 4.049
1634536740 21.71 88.62 0 4.049
1634536800 21.77 88.12 0 4.049
1634536860 21.82 87.29 0 4.049
1634536920 21.85 86.85 0 4.049
1634536980 21.89 86.8 0 4.049
1634537040 21.89 86.41 0 4.049
1634537100 21.87 87.02 0 4.049
1634537160 21.87 87.25 0 4.049
1634537220 21.82 87.48 0 4.049
1634537280 21.8 88.13 0 4.049
1634537340 21.72 88.41 0 4.049
1634537400 21.65 88.78 0 4.049
1634537460 21.59 88.96 0 4.049
1634537520 21.56 89.26 0 4.049
1634537580 21.52 89.22 0 4.049
1634537640 21.5 89.17 0 4.049
1634537700 21.5 89.17 0 4.044
1634537760 21.5 89.43 0 4.049
1634537820 21.48 90.15 0 4.049
1634537880 21.46 90.17 0 4.049
1634537940 21.34 90.33 0 4.049
1634538000 21.31 90.97 0 4.049
1634538060 21.27 91.01 0 4.049
1634538120 21.25 91.11 0 4.049
1634538180 21.27 91.05 0 4.049
1634538240 21.29 91.03 0 4.049
1634538300 21.34 91 0 4.049
1634538360 21.37 90.95 0 4.049
1634538420 21.37 90.84 0 4.049
1634538480 21.41 90.93 0 4.049
1634538540 21.39 91.03 0 4.049
1634538600 21.38 91 0 4.049
1634538660 21.44 91.51 0 4.049
1634538720 21.46 91.42 0 4.049
1634538780 21.41 91.48 0 4.049
1634538840 21.39 91.54 0 4.049
1634538900 21.38 91.65 0 4.049
1634538960 21.39 91.61 0 4.049
1634539020 21.37 91.55 0 4.049
1634539080 21.34 91.54 0 4.049
1634539140 21.32 91.58 0 4.049
1634539200 21.29 91.76 0 4.049
1634539260 21.28 91.68 0 4.049
1634539320 21.27 91.91 0 4.049
1634539380 21.24 91.93 0 4.049
1634539440 21.22 91.99 0 4.049
1634539500 21.18 91.91 0 4.049
1634539560 21.18 91.87 0 4.049
1634539620 21.17 91.89 0 4.049
1634539680 21.14 92.24 0 4.049
1634539740 21.17 92.33 0 4.049
1634539800 21.14 92.46 0 4.049
1634539860 21.12 92.62 0 4.049
1634539920 21.11 92.74 0 4.049
1634539980 21.11 92.91 0 4.049
1634540040 21.1 92.99 0 4.049
1634540100 21.05 92.42 0 4.049
1634540160 21.01 91.82 0 4.049
1634540220 21.01 91.72 0 4.049
1634540280 21 91.43 0 4.049
1634540340 21.04 90.9 0 4.049
1634540400 21.02 90.72 0 4.049
1634540460 21.01 90.82 0 4.049
1634540520 20.98 90.92 0 4.049
1634540580 21 91.02 0 4.049
1634540640 20.95 91.53 0 4.044
1634540700 21 91.9 0 4.049
1634540760 20.97 92.16 0 4.049
1634540820 20.93 92.35 0 4.049
1634540880 20.93 92.43 0 4.049
1634540940 20.91 92.78 0 4.049
1634541000 20.9 93.05 0 4.044
1634541060 20.87 93.17 0 4.049
1634541120 20.83 92.87 0 4.049
1634541180 20.76 92.31 0 4.049
1634541240 20.79 91.31 0 4.049
1634541300 20.83 89.6 0 4.049
1634541360 20.91 89.87 0 4.044
1634541420 20.9 90.63 0 4.049
1634541480 20.93 91.33 0 4.049
1634541540 20.93 92.31 0 4.049
1634541600 20.89 92.43 0 4.049
1634541660 20.84 92.56 0 4.049
1634541720 20.86 92.94 0 4.049
1634541780 20.66 89.9 0 4.049
1634541840 20.69 89.73 0 4.049
1634541900 20.77 85.61 0 4.049
1634541960 20.94 84.35 0 4.049
1634542020 21.02 83.67 0 4.049
1634542080 21.1 83.78 0 4.049
1634542140 21.1 83.56 0 4.049
1634542200 21.11 84.31 0 4.044
1634542260 21.07 83.44 0 4.049
1634542320 21.05 84.69 0 4.049
1634542380 21.02 84.09 0 4.049
1634542440 21 84.63 0 4.049
1634542500 20.98 84.65 0 4.049
1634542560 20.95 84.95 0 4.049
1634542620 20.91 85.49 0 4.044
1634542680 20.86 85.77 0 4.049
1634542740 20.79 86.06 0 4.049
1634542800 20.76 85.22 0 4.049
1634542860 20.74 85.13 0 4.044
1634542920 20.76 85.3 0 4.044
1634542980 20.76 84.79 0 4.044
1634543040 20.8 84.19 0 4.049
1634543100 20.84 83.8 0 4.049
1634543160 20.86 83.09 0 4.049
1634543220 20.93 84.83 0 4.049
1634543280 20.95 86.32 0 4.049
1634543340 20.93 86.85 0 4.049
1634543400 20.89 87.75 0 4.044
1634543460 20.87 88.95 0 4.044
1634543520 20.84 89.72 0 4.049
1634543580 20.81 90.19 0 4.049
1634543640 20.76 90.29 0 4.044
1634543700 20.73 90.57 0 4.049
1634543760 20.76 91.13 0 4.049
1634543820 20.7 91.22 0 4.044
1634543880 20.67 91.32 0 4.044
1634543940 20.67 91.49 0 4.044
1634544000 20.62 91.07 0 4.044
1634544060 20.52 88.8 0 4.049
1634544120 20.59 88.88 0 4.044
1634544180 20.6 88.94 0 4.044
1634544240 20.67 89.75 0 4.044
1634544300 20.69 90.47 0 4.044
1634544360 20.65 89.7 0 4.049
1634544420 20.66 89.73 0 4.049
1634544480 20.67 89.97 0 4.049
1634544540 20.66 89.79 0 4.049
1634544600 20.62 89.59 0 4.044
1634544660 20.62 89.79 0 4.044
1634544720 20.65 90 0 4.044
1634544780 20.67 89.81 0 4.044
1634544840 20.65 88.65 0 4.049
1634544900 20.67 88.8 0 4.044
1634544960 20.65 87.74 0 4.049
1634545020 20.7 86.8 0 4.044
1634545080 20.79 85.07 0 4.049
1634545140 20.89 85.17 0 4.044
1634545200 20.9 84.93 0 4.044
1634545260 20.9 85.47 0 4.044
1634545320 20.93 86.49 0 4.044
1634545380 20.9 86.91 0 4.044
1634545440 20.87 87.4 0 4.044
1634545500 20.86 87.5 0 4.044
1634545560 20.8 87.66 0 4.049
1634545620 20.73 87.87 0 4.049
1634545680 20.66 87.91 0 4.044
1634545740 20.63 88.24 0 4.044
1634545800 20.59 88.3 0 4.044
1634545860 20.52 88.52 0 4.044
1634545920 20.44 88.48 0 4.049
1634545980 20.4 88.94 0 4.044
1634546040 20.36 88.95 0 4.044
1634546100 20.36 89.29 0 4.049
1634546160 20.31 89.59 0 4.044
1634546220 20.25 89.75 0 4.049
1634546280 20.21 90.18 0 4.044
1634546340 20.22 90.56 0 4.044
1634546400 20.14 89.43 0 4.044
1634546460 20.21 90.71 0 4.044
1634546520 20.19 90.53 0 4.044
1634546580 20.19 90.81 0 4.044
1634546640 20.11 89.05 0 4.049
1634546700 20.21 88.65 0 4.044
1634546760 20.26 88.45 0 4.044
1634546820 20.29 89.04 0 4.049
1634546880 20.25 89.35 0 4.044
1634546940 20.21 89.75 0 4.049
1634547000 20.19 90.31 0 4.044
1634547060 20.21 90.34 0 4.044
1634547120 20.18 90.22 0 4.044
1634547180 20.12 90.39 0 4.044
1634547240 20.12 89.85 0 4.049
1634547300 20.11 89.23 0 4.044
1634547360 20.12 89.03 0 4.044
1634547420 20.08 89.4 0 4.044
1634547480 20.11 88.98 0 4.044
1634547540 20.02 89.25 0 4.044
1634547600 20.02 89.83 0 4.044
1634547660 19.95 90.13 0 4.044
1634547720 19.92 90.74 0 4.044
1634547780 19.92 91.21 0 4.044
1634547840 19.89 91.72 0 4.044
1634547900 19.84 91.85 0 4.044
1634547960 19.84 92.41 0 4.044
1634548020 19.81 92.12 0 4.044
1634548080 19.81 91.78 0 4.044
1634548140 19.77 90.75 0 4.044
1634548200 19.8 90.63 0 4.044
1634548260 19.85 90.51 0 4.044
1634548320 19.88 90.4 0 4.044
1634548380 19.87 89.6 0 4.044
1634548440 19.88 89.45 0 4.044
1634548500 19.87 89.36 0 4.044
1634548560 19.91 89.87 0 4.044
1634548620 19.89 89.92 0 4.049
1634548680 19.85 89.75 0 4.044
1634548740 19.84 89.21 0 4.044
1634548800 19.81 88.61 0 4.044
1634548860 19.81 87.71 0 4.044
1634548920 19.87 86.16 0 4.044
1634548980 19.95 85.28 0 4.044
1634549040 19.95 85.42 0 4.044
1634549100 19.89 85.5 0 4.044
1634549160 19.88 85.67 0 4.044
1634549220 19.82 85.52 0 4.044
1634549280 19.81 86.58 0 4.044
1634549340 19.75 87.17 0 4.044
1634549400 19.74 87.17 0 4.044
1634549460 19.71 86.48 0 4.044
1634549520 19.73 86.04 0 4.044
1634549580 19.78 85.29 0 4.044
1634549640 19.85 84.86 0 4.044
1634549700 19.87 85.32 0 4.044
1634549760 19.82 85.19 0 4.044
1634549820 19.8 86.08 0 4.044
1634549880 19.75 86.64 0 4.044
1634549940 19.7 86.96 0 4.044
1634550000 19.61 87.39 0 4.044
1634550060 19.6 87.53 0 4.044
1634550120 19.52 88.17 0 4.044
1634550180 19.47 88.19 0 4.044
1634550240 19.41 88.09 0 4.044
1634550300 19.37 88.13 0 4.044
1634550360 19.32 88.13 0 4.044
1634550420 19.23 88.02 0 4.044
1634550480 19.25 88.08 0 4.044
1634550540 19.26 88.59 0 4.044
1634550600 19.22 88.66 0 4.044
1634550660 19.16 89.21 0 4.044
1634550720 19.13 88.93 0 4.044
1634550780 19.1 89.21 0 4.044
1634550840 19.15 90.27 0 4.044
1634550900 19.13 90.02 0 4.044
1634550960 19.09 89.81 0 4.044
1634551020 19.06 89.98 0 4.044
1634551080 19.1 90.32 0 4.044
1634551140 19.17 90.88 0 4.044
1634551200 19.15 90.56 0 4.044
1634551260 19.23 90.63 0 4.044
1634551320 19.29 90.16 0 4.044
1634551380 19.34 89.53 0 4.044
1634551440 19.38 89.58 0 4.044
1634551500 19.36 89.76 0 4.044
1634551560 19.36 89.99 0 4.044
1634551620 19.36 90.26 0 4.044
1634551680 19.37 90.54 0 4.044
1634551740 19.34 90.53 0 4.044
1634551800 19.34 90.84 0 4.044
1634551860 19.36 90.94 0 4.044
1634551920 19.36 91.64 0 4.044
1634551980 19.4 92.3 0 4.044
1634552040 19.44 92.5 0 4.044
1634552100 19.43 91.8 0 4.044
1634552160 19.46 92.21 0 4.044
1634552220 19.44 91.27 0 4.044
1634552280 19.53 90.96 0 4.044
1634552340 19.56 90.53 0 4.044
1634552400 19.6 90.53 0 4.044
1634552460 19.58 90.54 0 4.044
1634552520 19.56 89.84 0 4.044
1634552580 19.53 88.71 0 4.044
1634552640 19.54 88.38 0 4.044
1634552700 19.53 88.44 0 4.044
1634552760 19.53 88.18 0 4.044
1634552820 19.56 88.46 0 4.044
1634552880 19.52 89.03 0 4.044
1634552940 19.44 89.15 0 4.044
1634553000 19.44 89.36 0 4.044
1634553060 19.37 89.74 0 4.039
1634553120 19.37 89.96 0 4.044
1634553180 19.29 89.63 0 4.044
1634553240 19.23 89.69 0 4.044
1634553300 19.25 90.12 0 4.044
1634553360 19.26 90.65 0 4.044
1634553420 19.26 90.56 0 4.044
1634553480 19.27 90.63 0 4.044
1634553540 19.29 90.57 0 4.044
1634553600 19.32 90.42 0 4.039
1634553660 19.37 89.88 0 4.039
1634553720 19.47 89.29 0 4.044
1634553780 19.53 89.22 0 4.044
1634553840 19.53 89.19 0 4.044
1634553900 19.58 89.12 0 4.044
1634553960 19.58 89.05 0 4.039
1634554020 19.63 89.34 0 4.044
1634554080 19.6 89.52 0 4.044
1634554140 19.6 89.79 0 4.044
1634554200 19.63 89.79 0 4.044
1634554260 19.63 90.13 0 4.044
1634554320 19.67 90.43 0 4.044
1634554380 19.67 90.65 0 4.044
1634554440 19.65 89.81 0 4.044
1634554500 19.61 89.66 0 4.044
1634554560 19.61 89.8 0 4.044
1634554620 19.63 89.79 0 4.044
1634554680 19.64 90.28 0 4.039
1634554740 19.61 90.72 0 4.039
1634554800 19.57 91.12 0 4.044
1634554860 19.54 91.46 0 4.044
1634554920 19.54 91.48 0 4.039
1634554980 19.56 91.72 0 4.039
1634555040 19.53 91.58 0 4.039
1634555100 19.49 91.61 0 4.044
1634555160 19.52 91.87 0 4.039
1634555220 19.49 91.66 0 4.039
1634555280 19.5 91.78 0 4.044
1634555340 19.46 91.85 0 4.044
1634555400 19.47 91.97 0 4.044
1634555460 19.43 92.17 0 4.044
1634555520 19.43 92.2 0 4.044
1634555580 19.41 92.19 0 4.039
1634555640 19.43 92.47 0 4.044
1634555700 19.43 92.51 0 4.039
1634555760 19.4 92.52 0 4.044
1634555820 19.36 92.33 0 4.044
1634555880 19.38 92.49 0 4.044
1634555940 19.38 92.33 0 4.044
1634556000 19.4 92.05 0 4.044
1634556060 19.44 91.93 0 4.039
1634556120 19.5 91.98 0 4.044
1634556180 19.53 91.56 0 4.044
1634556240 19.53 91.74 0 4.039
1634556300 19.54 91.63 0 4.044
1634556360 19.52 91.3 0 4.039
1634556420 19.54 91.15 0 4.039
1634556480 19.52 91.27 0 4.039
1634556540 19.52 91.21 0 4.044
1634556600 19.52 91.1 0 4.044
1634556660 19.46 91.2 0 4.044
1634556720 19.47 91.15 0 4.039
1634556780 19.47 91.21 4 4.044
1634556840 19.47 91.39 4 4.044
1634556900 19.43 90.53 4 4.039
1634556960 19.5 90.4 4 4.044
1634557020 19.5 90.37 4 4.044
1634557080 19.52 90.82 4 4.044
1634557140 19.44 90.62 4 4.039
1634557200 19.46 90.6 10 4.044
1634557260 19.49 90.49 10 4.039
1634557320 19.54 89.85 10 4.039
1634557380 19.61 89.7 10 4.039
1634557440 19.67 89.43 16 4.039
1634557500 19.71 89.24 16 4.039
1634557560 19.71 89.73 16 4.039
1634557620 19.71 89.95 16 4.039
1634557680 19.71 90.48 16 4.039
1634557740 19.7 90.67 22 4.039
1634557800 19.71 89.93 22 4.039
1634557860 19.78 89.41 22 4.044
1634557920 19.85 88.95 22 4.039
1634557980 19.92 88.87 22 4.039
1634558040 19.96 88.93 22 4.044
1634558100 19.96 88.42 28 4.039
1634558160 19.99 88.24 28 4.039
1634558220 20.02 88.49 28 4.039
1634558280 20.11 89.21 34 4.039
1634558340 20.11 89.58 34 4.044
1634558400 20.11 89.54 40 4.039
1634558460 20.12 89.51 40 4.039
1634558520 20.15 89.73 40 4.039
1634558580 20.16 89.7 40 4.039
1634558640 20.16 89.05 46 4.039
1634558700 20.14 88.71 46 4.039
1634558760 20.18 89.23 46 4.044
1634558820 20.22 89.33 52 4.039
1634558880 20.22 89.41 52 4.039
1634558940 20.26 89.43 52 4.039
1634559000 20.26 89.17 64 4.039
1634559060 20.29 89.03 88 4.039
1634559120 20.31 89.26 82 4.039
1634559180 20.31 89.56 70 4.039
1634559240 20.36 89.55 70 4.039
1634559300 20.38 89.16 76 4.039
1634559360 20.4 89.06 76 4.039
1634559420 20.42 88.78 76 4.044
1634559480 20.52 88.58 70 4.039
1634559540 20.56 88.37 82 4.039
1634559600 20.62 87.85 94 4.039
1634559660 20.7 87.57 112 4.039
1634559720 20.76 87.2 135 4.044
1634559780 20.81 86.67 123 4.044
1634559840 20.89 86.46 135 4.044
1634559900 20.95 86.25 112 4.044
1634559960 21.02 86.25 153 4.039
1634560020 21.14 85.41 189 4.044
1634560080 21.28 85.2 153 4.044
1634560140 21.42 85.1 147 4.044
1634560200 21.6 83.64 165 4.044
1634560260 21.72 83.56 129 4.044
1634560320 21.79 82.74 112 4.044
1634560380 21.82 82.81 112 4.044
1634560440 21.73 81.66 117 4.044
1634560500 21.71 82.4 112 4.039
1634560560 21.65 82.75 117 4.044
1634560620 21.5 83.68 117 4.044
1634560680 21.56 83.99 117 4.049
1634560740 21.59 83.73 123 4.044
1634560800 21.62 83.61 123 4.044
1634560860 21.62 83.35 129 4.044
1634560920 21.66 83.69 135 4.044
1634560980 21.65 83.97 135 4.044
1634561040 21.69 83.79 141 4.044
1634561100 21.65 83.72 147 4.044
1634561160 21.6 84.27 147 4.044
1634561220 21.62 83.73 153 4.049
1634561280 21.52 83.85 153 4.049
1634561340 21.53 83.95 159 4.049
1634561400 21.56 84.59 165 4.049
1634561460 21.59 83.86 165 4.049
1634561520 21.69 83.7 177 4.049
1634561580 21.76 82.98 177 4.049
1634561640 21.89 83.09 189 4.049
1634561700 22 82.81 189 4.049
1634561760 22.03 82.27 201 4.049
1634561820 21.83 82.9 201 4.049
1634561880 21.96 82.49 207 4.049
1634561940 22.07 82.18 231 4.049
1634562000 22.31 81.7 249 4.055
1634562060 22.5 81.74 256 4.055
1634562120 22.68 81.58 243 4.055
1634562180 22.91 80.62 237 4.055
1634562240 23.14 80.42 231 4.055
1634562300 23.1 80.56 231 4.055
1634562360 23.14 80.3 231 4.049
1634562420 23.17 79.27 231 4.06
1634562480 23.23 80.32 237 4.049
1634562540 23.37 79.79 243 4.055
1634562600 23.22 77 256 4.055
1634562660 23.1 79.08 249 4.055
1634562720 23.19 78.4 262 4.055
1634562780 23.29 78.26 256 4.055
1634562840 23.49 77.56 237 4.055
1634562900 23.57 75.64 237 4.055
1634562960 23.65 75.85 243 4.055
1634563020 23.78 75.48 268 4.06
1634563080 23.63 76.94 286 4.055
1634563140 23.87 75.12 292 4.06
1634563200 23.87 74.33 256 4.06
1634563260 23.87 74.31 256 4.06
1634563320 24.16 72.96 274 4.055
1634563380 24.08 73.36 286 4.06
1634563440 24.18 72.83 292 4.06
1634563500 24.21 72.35 308 4.049
1634563560 24.15 72.26 334 4.06
1634563620 24.22 71.56 334 4.065
1634563680 24.33 71.73 358 4.065
1634563740 24.46 71.62 382 4.065
1634563800 24.57 71.53 358 4.065
1634563860 24.81 71.03 346 4.065
1634563920 25.06 69.62 328 4.06
1634563980 25.13 68.67 334 4.065
1634564040 25.21 68.92 334 4.065
1634564100 25.36 68.16 370 4.065
1634564160 25.29 69.37 352 4.071
1634564220 25.17 67.55 358 4.065
1634564280 25.14 67.9 394 4.065
1634564340 25.36 66.52 364 4.065
1634564400 25.53 64.74 376 4.065
1634564460 25.69 64.27 406 4.071
1634564520 25.72 64.18 376 4.071
1634564580 25.73 65 370 4.065
1634564640 25.89 65.91 388 4.071
1634564700 26.02 64.56 496 4.076
1634564760 25.96 63.74 515 4.082
1634564820 26 64.77 757 4.087
1634564880 26.19 64.47 727 4.087
1634564940 26.58 63.33 721 4.092
1634565000 26.96 62.02 795 4.098
1634565060 27.4 60.6 679 4.092
1634565120 27.81 58.84 813 4.098
1634565180 27.59 60.54 745 4.065
1634565240 27.97 59.73 578 4.06
1634565300 28.2 59.15 453 4.06
1634565360 28.19 59.15 780 4.06
1634565420 28.63 59.81 817 4.06
1634565480 28.76 59.13 798 4.055
1634565540 28.6 59.74 787 4.055
1634565600 28.8 58 786 4.055
1634565660 28.65 59.72 606 4.055
1634565720 29.1 58.66 536 4.055
1634565780 29.17 59.58 780 4.055
1634565840 28.78 60.14 804 4.055
1634565900 28.5 59.28 578 4.055
1634565960 27.49 61.37 636 4.055
1634566020 26.82 64.49 655 4.055
1634566080 26.78 65.2 542 4.055
1634566140 26.99 64.33 548 4.055
1634566200 27.12 63.64 727 4.055
1634566260 27.14 65.08 749 4.049
1634566320 27.63 64.95 727 4.055
1634566380 27.91 62.38 713 4.055
1634566440 27.89 61.44 701 4.055
1634566500 28.09 61.68 697 4.055
1634566560 28.2 61.69 697 4.049
1634566620 28.25 59.58 695 4.049
1634566680 27.97 60.19 701 4.055
1634566740 27.98 61.11 695 4.055
1634566800 27.95 60.45 689 4.049
1634566860 27.94 58.73 691 4.055
1634566920 28.16 58.98 683 4.049
1634566980 28.36 59.34 689 4.049
1634567040 27.67 60.2 695 4.049
1634567100 28.15 57.86 707 4.049
1634567160 28.65 56.56 719 4.049
1634567220 28.81 54.51 749 4.049
1634567280 29.34 50.99 774 4.049
1634567340 29.72 51.15 790 4.049
1634567400 29.75 51.73 808 4.049
1634567460 29.95 52.55 826 4.049
1634567520 30.06 52.1 850 4.049
1634567580 28.92 55.86 874 4.049
1634567640 28.36 58.83 880 4.049
1634567700 28.11 59.16 892 4.049
1634567760 28.22 60.05 899 4.049
1634567820 28.83 59.43 909 4.049
1634567880 29.51 56.72 945 4.049
1634567940 28.73 57.24 868 4.049
1634568000 27.87 60.61 518 4.049
1634568060 27.89 60.88 338 4.06
1634568120 27.28 62.04 302 4.049
1634568180 26.59 63.22 558 4.049
1634568240 26.4 64.61 731 4.049
1634568300 26.43 66.66 272 4.049
1634568360 26.58 65.29 278 4.049
1634568420 26.89 64.91 505 4.055
1634568480 27.08 63.64 433 4.049
1634568540 27.46 63.43 272 4.049
1634568600 27.2 64.48 260 4.044
1634568660 27.26 63.58 225 4.049
1634568720 27.02 64.74 207 4.049
1634568780 26.81 65.94 189 4.049
1634568840 26.68 66.04 165 4.049
1634568900 26.61 65.9 153 4.049
1634568960 26.44 66.61 171 4.055
1634569020 26.17 68.68 177 4.055
1634569080 25.92 69.66 201 4.055
1634569140 25.69 68.1 165 4.055
1634569200 25.56 68.25 147 4.055
1634569260 25.64 69.14 147 4.055
1634569320 25.71 68.54 147 4.06
1634569380 25.73 68.76 159 4.055
1634569440 25.65 68.91 171 4.055
1634569500 25.52 68.13 177 4.055
1634569560 25.52 68.81 171 4.055
1634569620 25.44 69.67 165 4.055
1634569680 25.52 69.63 161 4.055
1634569740 25.44 69.18 153 4.055
1634569800 25.29 69.42 155 4.055
1634569860 25.22 70.12 161 4.055
1634569920 25.28 70.32 171 4.055
1634569980 25.21 70.05 189 4.06
1634570040 25.18 70.96 225 4.06
1634570100 25.28 71.25 256 4.06
1634570160 25.35 69.82 703 4.049
1634570220 25.44 69.46 923 4.055
1634570280 25.8 69.09 874 4.049
1634570340 26.07 67.63 874 4.055
1634570400 26.28 68.42 876 4.049
1634570460 26.54 66.68 429 4.049
1634570520 26.54 65.37 201 4.049
1634570580 26.4 66.81 165 4.049
1634570640 26.26 67.18 171 4.049
1634570700 26.04 67.84 225 4.049
1634570760 25.87 68.52 826 4.049
1634570820 25.89 68.56 195 4.049
1634570880 26.07 67.65 880 4.049
1634570940 26.31 66.57 868 4.049
1634571000 26.61 66.91 856 4.049
1634571060 26.89 64.65 856 4.055
1634571120 27.29 64.4 862 4.049
1634571180 27.51 61.12 874 4.049
1634571240 27.14 61.59 880 4.049
1634571300 27.17 61.24 886 4.049
1634571360 27.7 60.65 892 4.049
1634571420 28.09 59.19 909 4.049
1634571480 28.41 59.32 921 4.049
1634571540 28.29 58.54 957 4.049
1634571600 28.56 58.12 999 4.049
1634571660 28.83 57.34 975 4.044
1634571720 28.34 60.54 899 4.049
1634571780 28.71 57.78 1058 4.049
1634571840 28.25 58.4 1111 4.049
1634571900 28.09 59.86 380 4.049
1634571960 28.32 58.48 332 4.049
1634572020 28.29 58.04 338 4.049
1634572080 28.49 57.76 338 4.044
1634572140 28.56 58.3 332 4.049
1634572200 28.56 57.82 332 4.049
1634572260 28.56 56.61 338 4.044
1634572320 28.08 59.79 344 4.049
1634572380 27.89 60.58 409 4.049
1634572440 28.12 58.64 326 4.049
1634572500 28.12 57.25 332 4.049
1634572560 27.59 58.21 423 4.065
1634572620 27.29 58.34 1082 4.098
1634572680 27.78 58.64 1090 4.055
1634572740 28.34 57.64 1088 4.049
1634572800 28.62 55.56 1100 4.049
1634572860 29.1 55.91 350 4.049
1634572920 29.17 57.18 1106 4.055
1634572980 29.72 55.37 1149 4.049
1634573040 29.79 53.72 332 4.049
1634573100 29.71 54.64 338 4.049
1634573160 29.58 55.04 778 4.049
1634573220 29.32 52.6 874 4.044
1634573280 29.1 54.96 1052 4.049
1634573340 29.48 54.14 909 4.049
1634573400 29.8 55.54 356 4.044
1634573460 29.84 54.22 356 4.06
1634573520 29.51 53.7 597 4.071
1634573580 29.53 53.37 328 4.06
1634573640 29.38 54.54 328 4.065
1634573700 29.13 53.58 364 4.065
1634573760 29.05 55.18 423 4.065
1634573820 29.45 54.99 328 4.065
1634573880 29.29 54.03 352 4.065
1634573940 28.8 54.35 539 4.076
1634574000 28.52 55.71 1180 4.055
1634574060 28.41 57.67 1126 4.055
1634574120 28.89 55.53 1108 4.055
1634574180 29.45 55.67 1118 4.055
1634574240 29.62 54.25 1162 4.055
1634574300 29.75 50.87 391 4.049
1634574360 30.13 51.66 344 4.049
1634574420 29.86 51.83 338 4.049
1634574480 29.66 52.46 826 4.049
1634574540 29.47 51.1 947 4.049
1634574600 29.61 51.37 469 4.049
1634574660 29.53 51.85 433 4.049
1634574720 29.51 53.08 463 4.049
1634574780 29.28 50.1 743 4.055
1634574840 29.38 51 518 4.049
1634574900 29.61 49.92 427 4.049
1634574960 29.45 49.37 439 4.049
1634575020 29.51 50.47 433 4.049
1634575080 29.51 52.41 433 4.049
1634575140 29.24 51.18 499 4.049
1634575200 28.9 50.14 576 4.049
1634575260 28.83 52.95 493 4.049
1634575320 29.04 52.3 522 4.049
1634575380 28.94 52.83 522 4.049
1634575440 28.94 53.07 1380 4.049
1634575500 29.13 52.15 939 4.049
1634575560 29.28 52.73 1149 4.049
1634575620 29.83 51.51 451 4.049
1634575680 30.2 51.2 397 4.049
1634575740 29.42 52.45 387 4.049
1634575800 29.48 52.63 522 4.049
1634575860 29.47 52.9 1130 4.049
1634575920 29.11 53.66 1326 4.049
1634575980 29.25 54.94 344 4.049
1634576040 29.68 53.86 308 4.049
1634576100 29.55 54.58 356 4.049
1634576160 29.42 55.08 1207 4.049
1634576220 29.45 55.03 683 4.049
1634576280 29.41 54.45 1149 4.049
1634576340 29.47 56.12 1117 4.049
1634576400 29.79 53.49 1106 4.049
1634576460 29.59 55.9 1087 4.049
1634576520 30.04 55.12 1100 4.049
1634576580 30.55 52.37 1094 4.049
1634576640 30.96 51.4 1111 4.049
1634576700 31.12 53.37 1136 4.049
1634576760 30.65 53.69 1155 4.044
1634576820 30.5 52.13 415 4.044
1634576880 30.72 52.32 225 4.044
1634576940 30.53 51.66 231 4.049
1634577000 29.72 53.67 576 4.049
1634577060 29.22 52.65 225 4.055
1634577120 28.94 53.52 219 4.055
1634577180 28.98 55 225 4.055
1634577240 28.7 53.71 1177 4.044
1634577300 28.78 54.13 1219 4.049
1634577360 29.07 52.57 415 4.049
1634577420 29.05 52.98 1106 4.049
1634577480 29.29 53.77 1254 4.049
1634577540 29.58 52.64 1267 4.049
1634577600 29.83 51.9 350 4.049
1634577660 30.14 52.24 320 4.049
1634577720 30.1 50.46 302 4.049
1634577780 29.92 49.74 320 4.044
1634577840 29.98 51.13 350 4.049
1634577900 29.93 51.14 570 4.044
1634577960 29.63 51.88 368 4.044
1634578020 29.55 52.3 1295 4.049
1634578080 29.66 52.32 677 4.044
1634578140 29.31 52.82 582 4.044
1634578200 29.17 53.91 808 4.044
1634578260 29.51 53.83 493 4.044
1634578320 29.47 52.25 355 4.049
1634578380 28.98 51.96 272 4.044
1634578440 29.1 52.58 236 4.049
1634578500 28.96 53.36 231 4.044
1634578560 28.96 54.22 207 4.044
1634578620 28.69 53.81 195 4.049
1634578680 28.53 53.8 231 4.044
1634578740 28.19 55.21 1149 4.049
1634578800 28.38 55.04 1153 4.049
1634578860 28.29 55.57 790 4.044
1634578920 28.38 56.05 647 4.044
1634578980 28.36 56.58 225 4.049
1634579040 28.16 57.03 171 4.044
1634579100 28.04 58.08 159 4.044
1634579160 27.97 58.34 177 4.044
1634579220 27.81 58.43 231 4.044
1634579280 27.39 59.25 1165 4.044
1634579340 27.46 59.55 1129 4.049
1634579400 27.59 58.61 1135 4.044
1634579460 27.81 59.65 1153 4.044
1634579520 28.34 57.97 1200 4.044
1634579580 28.89 58.15 272 4.044
1634579640 29.28 54.47 266 4.044
1634579700 28.98 53.43 320 4.044
1634579760 28.98 54.84 627 4.065
1634579820 29.39 54.89 1177 4.049
1634579880 29.55 52.52 1188 4.044
1634579940 30 51.28 1194 4.044
1634580000 30.44 51.44 332 4.044
1634580060 30.67 51.29 879 4.044
1634580120 30.68 51.22 1142 4.044
1634580180 30.99 49.79 1124 4.044
1634580240 31.1 52.17 1111 4.044
1634580300 31.48 50.59 1105 4.044
1634580360 31.22 50.1 1087 4.044
1634580420 30.75 48.86 1081 4.044
1634580480 30.75 47.57 1081 4.044
1634580540 30.81 48.79 1099 4.044
1634580600 31.02 49.12 1117 4.044
1634580660 31.16 47.61 1129 4.044
1634580720 31.06 48.1 1135 4.044
1634580780 30.45 47.38 819 4.044
1634580840 30.65 49.1 1004 4.044
1634580900 31.26 46.95 1057 4.044
1634580960 31.54 46.41 1087 4.044
1634581020 31.09 47.58 1093 4.044
1634581080 30.85 48.1 1105 4.044
1634581140 31.33 47.34 1111 4.044
1634581200 31.7 47.78 1117 4.044
1634581260 32.21 47.68 1111 4.044
1634581320 31.81 45.03 1103 4.044
1634581380 30.95 47.16 1099 4.044
1634581440 30.9 47.47 1087 4.044
1634581500 31.27 48.9 1093 4.044
1634581560 31.87 45.87 1099 4.087
1634581620 32.07 45.4 1123 4.092
1634581680 32.11 44.69 1138 4.092
1634581740 32.41 43.57 1144 4.098
1634581800 32.15 43.97 1133 4.098
1634581860 31.4 46.73 1127 4.098
1634581920 31.68 45.87 1115 4.103
1634581980 32.19 45.58 1109 4.103
1634582040 32.18 46.12 1097 4.103
1634582100 32.1 44.41 1085 4.103
1634582160 31.81 45.41 1085 4.108
1634582220 32.28 43.54 1093 4.103
1634582280 32.38 44.52 1111 4.108
1634582340 31.94 44.23 1129 4.108
1634582400 32.58 45.31 1136 4.114
1634582460 32.83 42.29 1142 4.114
1634582520 32.52 42.72 1130 4.114
1634582580 31.8 44.97 1130 4.119
1634582640 31.85 44.73 1138 4.119
1634582700 32.14 48.4 1138 4.119
1634582760 32.26 44.75 1132 4.119
1634582820 32.56 43.53 1144 4.119
1634582880 32.8 46.15 1139 4.119
1634582940 32.49 41.35 1132 4.125
1634583000 32.15 45.24 1121 4.125
1634583060 31.32 43.82 1109 4.125
1634583120 30.98 44.75 1091 4.125
1634583180 30.9 45.62 1073 4.125
1634583240 31.54 47.01 1066 4.13
1634583300 32.07 46.29 1066 4.125
1634583360 31.81 43.72 1066 4.125
1634583420 31.26 45.22 1067 4.125
1634583480 30.9 45.91 1073 4.13
1634583540 30.86 44.97 1079 4.13
1634583600 30.67 46.22 1093 4.135
1634583660 31.09 46.01 1091 4.135
1634583720 31.53 46.67 1081 4.13
1634583780 32.01 46.22 1069 4.135
1634583840 32.01 45.82 1069 4.135
1634583900 32.38 45.69 1063 4.135
1634583960 32.26 44.19 1051 4.135
1634584020 31.98 45.36 1045 4.135
1634584080 31.91 45.32 1051 4.135
1634584140 31.98 46.14 1057 4.141
1634584200 32.25 45.3 1069 4.135
1634584260 32.41 45.25 1087 4.141
1634584320 32.52 45.84 1088 4.135
1634584380 31.95 47.11 1081 4.141
1634584440 31.51 48.03 1082 4.141
1634584500 31.3 49.85 1082 4.141
1634584560 31.92 48.09 1088 4.141
1634584620 32.58 48.39 367 4.108
1634584680 32.31 46.92 463 4.103
1634584740 32.39 47.51 638 4.103
1634584800 32.45 47.4 1049 4.103
1634584860 32.1 48.96 1036 4.103
1634584920 32.22 47.83 1024 4.103
1634584980 32.16 49.43 1011 4.098
1634585040 32.05 47.38 993 4.103
1634585100 31.63 48.45 987 4.098
1634585160 31.29 50.14 981 4.098
1634585220 31.64 50.65 981 4.103
1634585280 31.33 51.98 987 4.098
1634585340 31.6 50.77 1005 4.098
1634585400 31.78 50.35 1005 4.098
1634585460 31.8 50.11 1005 4.098
1634585520 31.85 48.8 1017 4.098
1634585580 31.8 49.64 1017 4.092
1634585640 31.74 50.82 1011 4.098
1634585700 32.28 49.2 1005 4.098
1634585760 32.45 49.51 1005 4.092
1634585820 32.59 47.78 1011 4.098
1634585880 32.38 49.16 1011 4.098
1634585940 31.57 50.32 1011 4.092
1634586000 30.82 51.56 1004 4.092
1634586060 30.95 55.03 999 4.098
1634586120 31.25 51.72 992 4.098
1634586180 31.37 52.28 986 4.092
1634586240 30.84 53.17 968 4.092
1634586300 29.93 54.5 956 4.092
1634586360 30 55.35 992 4.098
1634586420 29.63 56.61 746 4.092
1634586480 29.9 55.77 926 4.098
1634586540 30.03 56.01 951 4.092
1634586600 30.35 54.8 956 4.092
1634586660 30.14 54.2 968 4.092
1634586720 30.23 55.11 980 4.092
1634586780 30.24 55.14 745 4.092
1634586840 29.86 55.04 1046 4.092
1634586900 29.38 56.49 1004 4.092
1634586960 29.17 56.79 552 4.092
1634587020 29.04 57.84 558 4.092
1634587080 28.86 58.22 920 4.092
1634587140 28.83 58.57 920 4.092
1634587200 29.63 58.66 914 4.092
1634587260 30.27 56.15 914 4.092
1634587320 30.78 56.46 902 4.092
1634587380 30.11 54.57 902 4.092
1634587440 29.87 56.03 902 4.092
1634587500 29.69 56.12 896 4.092
1634587560 29.87 55.7 889 4.092
1634587620 29.55 56.19 877 4.092
1634587680 29.38 55.32 871 4.092
1634587740 29.28 56.95 871 4.092
1634587800 29.32 57.02 859 4.092
1634587860 29.04 57.23 853 4.092
1634587920 28.96 57.27 853 4.092
1634587980 28.63 57.68 853 4.087
1634588040 28.59 59.64 841 4.092
1634588100 28.97 58.68 834 4.092
1634588160 29.05 57.26 829 4.092
1634588220 28.97 57.18 829 4.092
1634588280 29.11 56.31 823 4.092
1634588340 29.65 57.69 823 4.092
1634588400 30.07 54.67 823 4.092
1634588460 30.23 53.89 823 4.092
1634588520 30.41 53.32 823 4.092
1634588580 30.62 54.05 823 4.092
1634588640 30.69 54.29 822 4.092
1634588700 30.82 53.59 817 4.092
1634588760 31.22 52.79 816 4.092
1634588820 30.65 53.2 816 4.092
1634588880 30.96 54.04 810 4.087
1634588940 31.35 52.32 534 4.087
1634589000 31.4 51.28 805 4.092
1634589060 31.3 51.83 816 4.087
1634589120 31 52.2 823 4.087
1634589180 30.51 52.62 828 4.092
1634589240 30.23 53.26 840 4.087
1634589300 30.53 53.6 835 4.087
1634589360 31.03 54.59 840 4.092
1634589420 30.99 51.84 840 4.087
1634589480 30.96 53.63 835 4.087
1634589540 31.13 53.22 822 4.092
1634589600 31.26 51.9 816 4.092
1634589660 31.22 52.53 804 4.087
1634589720 31.6 50.78 798 4.092
1634589780 31.29 51.95 780 4.087
1634589840 30.62 52.93 780 4.087
1634589900 30.14 54.33 781 4.087
1634589960 30.28 54.97 792 4.087
1634590020 30.61 53.3 811 4.087
1634590080 31.13 52.71 828 4.087
1634590140 30.6 51.94 834 4.087
1634590200 31.2 53.29 846 4.087
1634590260 31.02 50.92 858 4.087
1634590320 30.74 51.01 371 4.092
1634590380 30.72 52.43 661 4.087
1634590440 30.48 53.99 781 4.092
1634590500 31.15 52.98 906 4.087
1634590560 31.1 51.7 912 4.087
1634590620 31.3 51.61 912 4.087
1634590680 31.05 51.5 912 4.087
1634590740 31.36 52.34 683 4.087
1634590800 31.63 51.57 924 4.087
1634590860 30.98 50.93 462 4.087
1634590920 30.62 53.4 359 4.087
1634590980 30.38 53.4 347 4.087
1634591040 30.72 52.41 341 4.087
1634591100 30.31 53.19 341 4.087
1634591160 30.27 53.42 673 4.087
1634591220 29.66 54.5 846 4.087
1634591280 29.28 54.49 846 4.087
1634591340 29.1 55.32 828 4.087
1634591400 29.52 56.89 335 4.087
1634591460 30.02 56.08 335 4.087
1634591520 30.16 55.71 498 4.087
1634591580 29.96 53.42 311 4.087
1634591640 29.65 54.27 293 4.087
1634591700 28.96 56.18 281 4.087
1634591760 29.14 56.32 299 4.087
1634591820 28.83 56.74 582 4.087
1634591880 28.93 56.7 468 4.087
1634591940 29.03 56.62 420 4.087
1634592000 28.73 57.27 311 4.087
1634592060 28.15 58.84 287 4.087
1634592120 28.43 58.25 612 4.087
1634592180 28.73 57.31 719 4.087
1634592240 28.77 57.38 707 4.087
1634592300 29.08 57.43 689 4.087
1634592360 29.47 58.88 701 4.087
1634592420 29.52 55.74 689 4.087
1634592480 29.71 55.24 480 4.087
1634592540 30.2 54.3 233 4.087
1634592600 30.11 54.36 281 4.087
1634592660 29.63 55.13 203 4.087
1634592720 29.52 57.02 191 4.082
1634592780 29.31 56.84 185 4.087
1634592840 29.22 56.62 179 4.087
1634592900 29.28 57.47 179 4.087
1634592960 29.28 56.86 173 4.087
1634593020 28.67 57.98 179 4.087
1634593080 28.83 57.97 179 4.087
1634593140 28.93 58.19 185 4.082
1634593200 28.84 57.96 191 4.082
1634593260 28.71 57.89 269 4.087
1634593320 28.46 57.97 263 4.082
1634593380 28.26 59.2 191 4.087
1634593440 27.97 58.37 191 4.087
1634593500 27.97 59.72 203 4.082
1634593560 27.91 59.41 203 4.082
1634593620 28.14 58.41 317 4.087
1634593680 28.16 57.93 365 4.087
1634593740 28.35 58.06 239 4.082
1634593800 28.34 58.71 299 4.087
1634593860 28.31 58.5 281 4.087
1634593920 28.36 59.05 299 4.082
1634593980 28.2 59.69 203 4.087
1634594040 28.26 59.74 197 4.087
1634594100 27.91 60.46 197 4.087
1634594160 27.7 61.51 191 4.082
1634594220 27.64 61.66 221 4.087
1634594280 27.46 61.81 365 4.082
1634594340 27.46 61.8 510 4.087
1634594400 27.67 61.52 492 4.087
1634594460 27.98 61 490 4.087
1634594520 28.12 60.75 472 4.082
1634594580 28.65 60.45 462 4.082
1634594640 28.7 59.19 468 4.082
1634594700 28.42 60.01 442 4.087
1634594760 28.28 60.06 161 4.082
1634594820 28.01 60.72 167 4.087
1634594880 28.02 61.61 155 4.087
1634594940 28.16 61.33 149 4.082
1634595000 28.25 61.48 149 4.087
1634595060 28.19 60.79 167 4.082
1634595120 28.09 61.26 143 4.087
1634595180 27.81 61.96 143 4.087
1634595240 27.74 62.43 143 4.082
1634595300 27.8 62.93 137 4.082
1634595360 27.76 62.42 143 4.082
1634595420 27.49 63.48 209 4.082
1634595480 27.59 63.98 221 4.087
1634595540 27.64 63.52 233 4.087
1634595600 27.84 62.83 233 4.082
1634595660 27.8 63.08 305 4.082
1634595720 27.67 62.6 384 4.087
1634595780 27.78 63.09 384 4.082
1634595840 28.12 62.25 384 4.082
1634595900 28.43 60.94 384 4.087
1634595960 28.14 61.43 347 4.082
1634596020 28.39 61.09 329 4.082
1634596080 28.6 60.57 341 4.082
1634596140 28.45 60.88 323 4.082
1634596200 28.55 60.66 311 4.082
1634596260 28.53 60.71 316 4.082
1634596320 28.55 60.65 323 4.082
1634596380 28.09 61.73 317 4.082
1634596440 28.29 61.71 305 4.082
1634596500 28.14 62.31 299 4.082
1634596560 28.36 61.79 293 4.082
1634596620 28.28 61.73 287 4.082
1634596680 28.23 62.62 281 4.082
1634596740 28.5 62 269 4.082
1634596800 28.7 60.53 263 4.082
1634596860 28.73 60.52 245 4.082
1634596920 28.63 61.07 239 4.087
1634596980 28.38 62 239 4.082
1634597040 27.98 62.56 233 4.087
1634597100 28.01 62.34 233 4.087
1634597160 27.78 63.32 203 4.082
1634597220 27.64 63.68 179 4.082
1634596380 28.09 61.73 317 4.082
1634596440 28.29 61.71 305 4.082
1634596500 28.14 62.31 299 4.082
1634596560 28.36 61.79 293 4.082
1634596620 28.28 61.73 287 4.082
1634596680 28.23 62.62 281 4.082
1634596740 28.5 62 269 4.082
1634596800 28.7 60.53 263 4.082
1634596860 28.73 60.52 245 4.082
1634596920 28.63 61.07 239 4.087
1634596980 28.38 62 239 4.082
1634597040 27.98 62.56 233 4.087
1634597100 28.01 62.34 233 4.087
1634597160 27.78 63.32 203 4.082
1634597220 27.64 63.68 179 4.082
1634597280 27.47 64.06 173 4.087
1634597340 27.26 65.01 124 4.082
1634597400 27.05 65.58 124 4.082
1634597460 27.12 65.27 149 4.082
1634597520 27.17 65.57 155 4.082
1634597580 27.2 65.23 124 4.082
1634597640 27.2 64.97 100 4.082
1634597700 26.92 66.11 88 4.082
1634597760 26.68 66.66 82 4.082
1634597820 26.62 66.36 82 4.087
1634597880 26.65 66.72 100 4.082
1634597940 26.68 65.99 82 4.082
1634598000 26.37 66.9 82 4.082
1634598060 26.22 67.68 88 4.082
1634598120 26.24 67.05 82 4.087
1634598180 26.33 67.62 88 4.087
1634598240 26.38 66.91 88 4.087
1634598300 26.27 67.44 76 4.087
1634598360 26.17 67.11 58 4.082
1634598420 26.1 67.49 58 4.082
1634598480 26.14 67.62 52 4.082
1634598540 26.16 67.79 46 4.082
1634598600 26.04 67.82 46 4.082
1634598660 26.07 68.18 40 4.082
1634598720 26.1 67.3 34 4.087
1634598780 26.07 67.51 28 4.087
1634598840 26 67.33 22 4.082
1634598900 25.94 67.81 22 4.082
1634598960 25.9 68.32 22 4.082
1634599020 25.86 68.21 22 4.082
1634599080 25.77 68.73 16 4.087
1634599140 25.66 69.29 16 4.082
1634599200 25.68 69.51 16 4.082
1634599260 25.48 70.34 10 4.082
1634599320 25.51 70.33 10 4.082
1634599380 25.44 70.92 10 4.082
1634599440 25.45 70.5 10 4.087
1634599500 25.46 70.72 10 4.082
1634599560 25.48 70.47 10 4.082
1634599620 25.41 70.84 4 4.082
1634599680 25.35 71.02 4 4.082
1634599740 25.28 71.16 4 4.082
1634599800 25.29 71.34 4 4.082
1634599860 25.22 71.43 4 4.082
1634599920 25.15 71.67 4 4.082
1634599980 25.21 71.8 0 4.082
1634600040 25.2 71.86 0 4.087
1634600100 25.13 71.96 0 4.082
1634600160 25.08 72.49 0 4.082
1634600220 25.04 72.54 0 4.082
1634600280 24.98 72.84 0 4.082
1634600340 25.01 72.94 0 4.082
1634600400 24.95 72.9 0 4.087
1634600460 24.83 73.08 0 4.082
1634600520 24.8 73.75 0 4.082
1634600580 24.78 73.64 0 4.082
1634600640 24.73 74.04 0 4.087
1634600700 24.77 74.28 0 4.082
1634600760 24.77 74.56 0 4.082
1634600820 24.74 74.64 0 4.082
1634600880 24.6 75.12 0 4.082
1634600940 24.6 75.31 0 4.082
1634601000 24.59 75.35 0 4.082
1634601060 24.63 75.47 0 4.082
1634601120 24.57 75.83 0 4.082
1634601180 24.5 76.28 0 4.082
1634601240 24.53 76.24 0 4.082
1634601300 24.53 76.34 0 4.082
1634601360 24.5 76.48 0 4.082
1634601420 24.46 76.79 0 4.082
1634601480 24.48 76.91 0 4.082
1634601540 24.53 76.83 0 4.082
1634601600 24.52 76.79 0 4.082
1634601660 24.5 76.85 0 4.082
1634601720 24.56 77.31 0 4.082
1634601780 24.52 77.12 0 4.082
1634601840 24.53 77.23 0 4.082
1634601900 24.56 76.94 0 4.082
1634601960 24.56 76.9 0 4.082
1634602020 24.53 77.43 0 4.082
1634602080 24.55 77.67 0 4.082
1634602140 24.5 77.75 0 4.082
1634602200 24.46 77.83 0 4.082
1634602260 24.43 77.94 0 4.082
1634602320 24.4 77.9 0 4.082
1634602380 24.43 77.84 0 4.082
1634602440 24.44 77.84 0 4.082
1634602500 24.43 77.86 0 4.082
1634602560 24.46 78.11 0 4.082
1634602620 24.48 77.91 0 4.082
1634602680 24.43 78.16 0 4.082
1634602740 24.4 78.26 0 4.082
1634602800 24.33 78.13 0 4.082
1634602860 24.3 78.56 0 4.082
1634602920 24.29 78.63 0 4.082
1634602980 24.29 78.65 0 4.082
1634603040 24.26 78.55 0 4.082
1634603100 24.22 78.7 0 4.082
1634603160 24.22 78.62 0 4.082
1634603220 24.18 78.78 0 4.082
1634603280 24.18 79.09 0 4.082
1634603340 24.16 79 0 4.082
1634603400 24.21 78.87 0 4.082
1634603460 24.19 79.18 0 4.082
1634603520 24.15 79.15 0 4.082
1634603580 24.18 79.48 0 4.082
1634603640 24.14 79.18 0 4.082
1634603700 24.19 79.27 0 4.082
1634603760 24.16 79.09 0 4.082
1634603820 24.19 78.86 0 4.082
1634603880 24.16 78.8 0 4.082
1634603940 24.15 78.9 0 4.082
1634604000 24.16 78.88 0 4.082
1634604060 24.14 79.09 0 4.082
1634604120 24.12 79.5 0 4.082
1634604180 24.05 79.5 0 4.082
1634604240 24.01 79.75 0 4.082
1634604300 23.95 79.99 0 4.082
1634604360 23.89 80.46 0 4.082
1634604420 23.84 80.68 0 4.082
1634604480 23.84 80.95 0 4.076
1634604540 23.82 80.83 0 4.082
1634604600 23.8 80.75 0 4.082
1634604660 23.84 80.81 0 4.082
1634604720 23.84 80.98 0 4.082
1634604780 23.81 81.01 0 4.082
1634604840 23.77 81.25 0 4.082
1634604900 23.78 81.14 0 4.082
1634604960 23.75 81.19 0 4.076
1634605020 23.8 81.05 0 4.082
1634605080 23.81 81.12 0 4.082
1634605140 23.81 81 0 4.076
1634605200 23.8 81.69 0 4.082
1634605260 23.72 81.46 0 4.082
1634605320 23.72 81.7 0 4.082
1634605380 23.67 81.6 0 4.082
1634605440 23.68 82.02 0 4.082
1634605500 23.71 81.77 0 4.082
1634605560 23.71 81.72 0 4.082
1634605620 23.72 81.71 0 4.082
1634605680 23.72 81.75 0 4.082
1634605740 23.77 81.8 0 4.076
1634605800 23.75 82.13 0 4.082
1634605860 23.71 82.3 0 4.082
1634605920 23.72 82.17 0 4.082
1634605980 23.74 82.01 0 4.082
1634606040 23.72 82.08 0 4.082
1634606100 23.71 82.18 0 4.082
1634606160 23.72 82.33 0 4.082
1634606220 23.75 82.15 0 4.076
1634606280 23.77 81.82 0 4.076
1634606340 23.74 81.78 0 4.076
1634606400 23.75 81.86 0 4.082
1634606460 23.77 82.2 0 4.082
1634606520 23.8 81.89 0 4.082
1634606580 23.8 81.91 0 4.082
1634606640 23.75 81.93 0 4.082
1634606700 23.72 81.75 0 4.082
1634606760 23.75 81.98 0 4.082
1634606820 23.78 82.53 0 4.082
1634606880 23.77 82.39 0 4.082
1634606940 23.82 82.31 0 4.082
1634607000 23.81 81.64 0 4.082
1634607060 23.77 81.77 0 4.082
1634607120 23.77 81.79 0 4.082
1634607180 23.8 81.73 0 4.082
1634607240 23.84 81.92 0 4.082
1634607300 23.81 82.03 0 4.082
1634607360 23.84 82 0 4.082
1634607420 23.82 81.77 0 4.082
1634607480 23.82 82.03 0 4.082
1634607540 23.82 81.73 0 4.076
1634607600 23.85 81.98 0 4.082
1634607660 23.85 82.07 0 4.082
1634607720 23.85 82.52 0 4.082
1634607780 23.84 81.85 0 4.076
1634607840 23.91 82.21 0 4.082
1634607900 23.92 82 0 4.076
1634607960 23.92 82.12 0 4.082
1634608020 24.02 82.29 0 4.082
1634608080 23.97 81.66 0 4.076
1634608140 23.95 81.73 0 4.076
1634608200 23.87 81.65 0 4.076
1634608260 23.78 81.83 0 4.082
1634608320 23.72 82.09 0 4.082
1634608380 23.68 82.36 0 4.082
1634608440 23.7 82.58 0 4.082
1634608500 23.61 82.55 0 4.082
1634608560 23.59 82.93 0 4.076
1634608620 23.54 83.14 0 4.076
1634608680 23.46 83.5 0 4.076
1634608740 23.46 83.75 0 4.082
1634608800 23.42 83.76 0 4.082
1634608860 23.42 83.66 0 4.076
1634608920 23.43 83.49 0 4.076
1634608980 23.42 83.59 0 4.082
1634609040 23.43 83.72 0 4.082
1634609100 23.42 83.52 0 4.076
1634609160 23.4 83.7 0 4.082
1634609220 23.44 83.7 0 4.082
1634609280 23.44 83.94 0 4.076
1634609340 23.46 83.88 0 4.082
1634609400 23.47 83.86 0 4.082
1634609460 23.42 83.68 0 4.076
1634609520 23.46 83.57 0 4.082
1634609580 23.43 83.41 0 4.076
1634609640 23.49 83.4 0 4.082
1634609700 23.53 83.23 0 4.076
1634609760 23.56 83.31 0 4.076
1634609820 23.61 83.66 0 4.076
1634609880 23.57 83.55 0 4.082
1634609940 23.64 83.52 0 4.076
1634610000 23.63 83.78 0 4.076
1634610060 23.61 83.37 0 4.082
1634610120 23.6 83.57 0 4.076
1634610180 23.57 83.81 0 4.076
1634610240 23.6 83.81 0 4.076
1634610300 23.57 83.51 0 4.076
1634610360 23.59 84.01 0 4.076
1634610420 23.59 83.9 0 4.076
1634610480 23.61 84.1 0 4.082
1634610540 23.63 84.11 0 4.082
1634610600 23.63 83.61 0 4.076
1634610660 23.64 83.45 0 4.076
1634610720 23.64 83.57 0 4.076
1634610780 23.63 83.55 0 4.076
1634610840 23.61 83.49 0 4.076
1634610900 23.64 83.84 0 4.076
1634610960 23.61 83.91 0 4.082
1634611020 23.6 83.77 0 4.076
1634611080 23.6 83.6 0 4.076
1634611140 23.56 84.19 0 4.076
1634611200 23.53 83.71 0 4.082
1634611260 23.51 83.76 0 4.082
1634611320 23.51 83.82 0 4.076
1634611380 23.5 83.57 0 4.076
1634611440 23.5 83.96 0 4.076
1634611500 23.47 83.68 0 4.082
1634611560 23.46 83.65 0 4.082
1634611620 23.47 83.71 0 4.076
1634611680 23.49 83.84 0 4.076
1634611740 23.49 83.73 0 4.076
1634611800 23.42 83.7 0 4.082
1634611860 23.44 83.95 0 4.076
1634611920 23.42 83.97 0 4.076
1634611980 23.4 83.63 0 4.076
1634612040 23.43 83.74 0 4.082
1634612100 23.42 83.59 0 4.076
1634612160 23.4 84.07 0 4.076
1634612220 23.36 84.06 0 4.076
1634612280 23.34 84.12 0 4.076
1634612340 23.32 84.24 0 4.082
1634612400 23.3 84.01 0 4.076
1634612460 23.3 84.27 0 4.076
1634612520 23.24 84.19 0 4.076
1634612580 23.2 84.46 0 4.082
1634612640 23.22 84.6 0 4.076
1634612700 23.19 84.66 0 4.076
1634612760 23.2 85.23 0 4.076
1634612820 23.14 85.86 0 4.076
1634612880 23.09 85.89 0 4.076
1634612940 23.09 86.18 0 4.076
1634613000 23.08 86.23 0 4.076
1634613060 23.06 85.95 0 4.076
1634613120 23.06 85.24 0 4.082
1634613180 23.06 84.86 0 4.076
1634613240 23.06 85.01 0 4.076
1634613300 23.03 85.52 0 4.082
1634613360 22.99 86.48 0 4.076
1634613420 22.92 87.21 0 4.076
1634613480 22.85 87.62 0 4.076
1634613540 22.75 88.07 0 4.082
1634613600 22.69 88.26 0 4.076
1634613660 22.65 88.27 0 4.076
1634613720 22.64 88.24 0 4.082
1634613780 22.62 87.93 0 4.076
1634613840 22.65 87.9 0 4.076
1634613900 22.59 87.73 0 4.076
1634613960 22.59 88.13 0 4.082
1634614020 22.55 88.48 0 4.076
1634614080 22.54 88.72 0 4.076
1634614140 22.47 89.02 0 4.076
1634614200 22.43 89.25 0 4.076
1634614260 22.37 89.47 0 4.076
1634614320 22.31 89.65 0 4.076
1634614380 22.31 89.62 0 4.076
1634614440 22.28 89.62 0 4.076
1634614500 22.28 89.68 0 4.076
1634614560 22.27 89.75 0 4.076
1634614620 22.26 89.9 0 4.082
1634614680 22.26 89.82 0 4.076
1634614740 22.27 89.85 0 4.076
1634614800 22.26 89.75 0 4.076
1634614860 22.33 89.39 0 4.076
1634614920 22.37 89.26 0 4.082
1634614980 22.31 88.49 0 4.076
1634615040 22.35 88.16 0 4.076
1634615100 22.37 87.77 0 4.076
1634615160 22.4 88.14 0 4.076
1634615220 22.35 88.17 0 4.076
1634615280 22.35 88.32 0 4.076
1634615340 22.34 88.11 0 4.076
1634615400 22.27 88.26 0 4.082
1634615460 22.27 88.26 0 4.082
1634615520 22.26 88.23 0 4.076
1634615580 22.28 88.27 0 4.076
1634615640 22.24 88.37 0 4.076
1634615700 22.23 88.23 0 4.082
1634615760 22.21 88.31 0 4.076
1634615820 22.21 88.56 0 4.076
1634615880 22.2 88.29 0 4.076
1634615940 22.18 88.27 0 4.076
1634616000 22.2 88.35 0 4.071
1634616060 22.17 88.31 0 4.076
1634616120 22.2 88.1 0 4.076
1634616180 22.2 88.03 0 4.076
1634616240 22.2 88.07 0 4.076
1634616300 22.18 88.04 0 4.076
1634616360 22.21 88.36 0 4.076
1634616420 22.27 88.28 0 4.076
1634616480 22.24 88.2 0 4.076
1634616540 22.23 88.31 0 4.076
1634616600 22.28 88.49 0 4.076
1634616660 22.27 88.39 0 4.076
1634616720 22.3 88.5 0 4.076
1634616780 22.3 88.37 0 4.076
1634616840 22.31 88.45 0 4.076
1634616900 22.34 88.41 0 4.076
1634616960 22.28 88.36 0 4.076
1634617020 22.28 88.29 0 4.076
1634617080 22.3 88.41 0 4.076
1634617140 22.3 88.34 0 4.076
1634617200 22.35 88.26 0 4.076
1634617260 22.35 88.09 0 4.076
1634617320 22.37 88 0 4.076
1634617380 22.37 88.26 0 4.071
1634617440 22.35 88.1 0 4.076
1634617500 22.34 88.3 0 4.076
1634617560 22.31 88.56 0 4.071
1634617620 22.28 88.9 0 4.071
1634617680 22.3 89.03 0 4.076
1634617740 22.26 88.87 0 4.076
1634617800 22.26 88.85 0 4.076
1634617860 22.2 88.92 0 4.076
1634617920 22.13 89.31 0 4.076
1634617980 22.11 89.65 0 4.076
1634618040 22.06 89.97 0 4.071
1634618100 22 90.24 0 4.076
1634618160 21.99 90.37 0 4.076
1634618220 21.99 90.5 0 4.076
1634618280 21.97 90.8 0 4.076
1634618340 21.97 90.49 0 4.076
1634618400 21.95 90.56 0 4.076
1634618460 21.99 90.67 0 4.071
1634618520 22 90.64 0 4.076
1634618580 21.97 90.58 0 4.076
1634618640 21.96 90.69 0 4.071
1634618700 21.96 90.91 0 4.076
1634618760 21.93 90.94 0 4.076
1634618820 21.93 91.15 0 4.076
1634618880 21.97 91.08 0 4.076
1634618940 21.97 90.88 0 4.076
1634619000 21.97 90.76 0 4.076
1634619060 21.99 90.82 0 4.076
1634619120 22.01 90.79 0 4.076
1634619180 22.03 90.63 0 4.076
1634619240 22.04 90.71 0 4.076
1634619300 22.07 90.8 0 4.076
1634619360 22.04 90.55 0 4.076
1634619420 22.06 90.74 0 4.076
1634619480 22.01 90.75 0 4.071
1634619540 21.96 90.96 0 4.071
