1634533200 22.81 87.52 0 4.022
1634533260 22.81 87.55 0 4.022
1634533320 22.78 87.53 0 4.022
1634533380 22.77 87.73 0 4.022
1634533440 22.74 87.89 0 4.022
1634533500 22.7 87.92 0 4.022
1634533560 22.7 88.17 0 4.022
1634533620 22.7 88.22 0 4.022
1634533680 22.67 88.22 0 4.022
1634533740 22.67 88.41 0 4.022
1634533800 22.66 88.45 0 4.022
1634533860 22.64 88.73 0 4.022
1634533920 22.64 88.75 0 4.022
1634533980 22.6 88.74 0 4.022
1634534040 22.63 88.99 0 4.022
1634534100 22.6 89 0 4.022
1634534160 22.61 88.99 0 4.022
1634534220 22.6 89.08 0 4.022
1634534280 22.6 89.14 0 4.022
1634534340 22.6 89.31 0 4.022
1634534400 22.6 89.26 0 4.022
1634534460 22.58 89.43 0 4.022
1634534520 22.6 89.5 0 4.022
1634534580 22.58 89.42 0 4.022
1634534640 22.58 89.4 0 4.017
1634534700 22.58 89.39 0 4.017
1634534760 22.53 89.29 0 4.022
1634534820 22.53 89.44 0 4.017
1634534880 22.53 89.59 0 4.022
1634534940 22.53 89.79 0 4.022
1634535000 22.5 89.89 0 4.017
1634535060 22.5 89.96 0 4.022
1634535120 22.5 89.88 0 4.022
1634535180 22.51 89.94 0 4.022
1634535240 22.48 89.93 0 4.022
1634535300 22.47 89.92 0 4.022
1634535360 22.5 90.02 0 4.017
1634535420 22.47 90 0 4.022
1634535480 22.46 89.92 0 4.022
1634535540 22.44 89.78 0 4.017
1634535600 22.43 89.68 0 4.017
1634535660 22.44 89.58 0 4.017
1634535720 22.42 89.21 0 4.017
1634535780 22.4 88.61 0 4.017
1634535840 22.51 88.55 0 4.017
1634535900 22.47 87.94 0 4.017
1634535960 22.5 87.61 0 4.017
1634536020 22.5 87.12 0 4.017
1634536080 22.53 86.73 0 4.017
1634536140 22.56 86.65 0 4.017
1634536200 22.57 86.7 0 4.017
1634536260 22.58 86.51 0 4.017
1634536320 22.61 86.39 0 4.017
1634536380 22.64 86.29 0 4.017
1634536440 22.63 86.36 0 4.017
1634536500 22.63 86.44 0 4.017
1634536560 22.61 86.64 0 4.017
1634536620 22.63 86.58 0 4.017
1634536680 22.61 86.55 0 4.017
1634536740 22.61 86.51 0 4.017
1634536800 22.61 86.51 0 4.017
1634536860 22.63 86.59 0 4.017
1634536920 22.58 86.59 0 4.017
1634536980 22.56 86.59 0 4.017
1634537040 22.51 86.62 0 4.017
1634537100 22.53 86.95 0 4.017
1634537160 22.48 86.83 0 4.017
1634537220 22.46 86.83 0 4.017
1634537280 22.47 87.02 0 4.017
1634537340 22.46 86.96 0 4.012
1634537400 22.44 87.08 0 4.017
1634537460 22.44 87.16 0 4.017
1634537520 22.43 87.19 0 4.012
1634537580 22.44 87.25 0 4.012
1634537640 22.48 87.04 0 4.017
1634537700 22.5 86.84 0 4.012
1634537760 22.48 86.7 0 4.012
1634537820 22.47 86.65 0 4.017
1634537880 22.47 86.64 0 4.017
1634537940 22.44 86.84 0 4.012
1634538000 22.4 86.82 0 4.017
1634538060 22.39 86.9 0 4.012
1634538120 22.36 86.8 0 4.012
1634538180 22.36 86.73 0 4.012
1634538240 22.36 86.88 0 4.012
1634538300 22.34 86.83 0 4.012
1634538360 22.29 86.82 0 4.012
1634538420 22.29 86.89 0 4.017
1634538480 22.32 87.43 0 4.012
1634538540 22.3 88 0 4.012
1634538600 22.26 88.35 0 4.012
1634538660 22.2 88.28 0 4.012
1634538720 22.2 88.16 0 4.017
1634538780 22.19 87.91 0 4.012
1634538840 22.17 87.86 0 4.012
1634538900 22.17 87.68 0 4.012
1634538960 22.14 87.49 0 4.012
1634539020 22.12 87.35 0 4.012
1634539080 22.12 87.15 0 4.017
1634539140 22.13 86.72 0 4.006
1634539200 22.14 86.7 0 4.012
1634539260 22.17 86.53 0 4.012
1634539320 22.13 86.28 0 4.012
1634539380 22.16 86.23 0 4.012
1634539440 22.13 86.24 0 4.012
1634539500 22.13 86.29 0 4.012
1634539560 22.17 86.51 0 4.012
1634539620 22.17 86.76 0 4.012
1634539680 22.17 86.94 0 4.012
1634539740 22.16 86.92 0 4.012
1634539800 22.13 86.92 0 4.012
1634539860 22.1 86.47 0 4.012
1634539920 22.09 85.67 0 4.012
1634539980 22.07 84.73 0 4.012
1634540040 22.06 84.14 0 4.006
1634540100 22.06 83.66 0 4.006
1634540160 22.03 83.67 0 4.012
1634540220 22.02 83.72 0 4.012
1634540280 21.99 83.73 0 4.012
1634540340 21.97 83.88 0 4.012
1634540400 22 84.06 0 4.012
1634540460 21.97 84.77 0 4.012
1634540520 22.05 87.05 0 4.012
1634540580 21.97 88.08 0 4.012
1634540640 22.02 89.49 0 4.012
1634540700 21.96 90.19 0 4.012
1634540760 21.92 90.56 0 4.006
1634540820 21.89 90.9 0 4.012
1634540880 21.85 91.07 0 4.006
1634540940 21.81 91.07 0 4.006
1634541000 21.79 91 0 4.006
1634541060 21.69 90.17 0 4.006
1634541120 21.75 89.81 0 4.012
1634541180 21.83 90.7 0 4.006
1634541240 21.81 91.13 0 4.006
1634541300 21.79 91.45 0 4.006
1634541360 21.73 91.51 0 4.012
1634541420 21.78 91.67 0 4.012
1634541480 21.72 91.34 0 4.012
1634541540 21.68 90.43 0 4.006
1634541600 21.69 89.77 0 4.012
1634541660 21.71 89.31 0 4.012
1634541720 21.73 88.62 0 4.006
1634541780 21.72 88.1 0 4.012
1634541840 21.71 87.67 0 4.006
1634541900 21.79 87.64 0 4.006
1634541960 21.76 87.34 0 4.006
1634542020 21.76 87.08 0 4.006
1634542080 21.75 86.62 0 4.006
1634542140 21.76 86.43 0 4.006
1634542200 21.79 86.79 0 4.006
1634542260 21.78 86.44 0 4.006
1634542320 21.76 85.67 0 4.006
1634542380 21.76 85.51 0 4.006
1634542440 21.78 85.6 0 4.006
1634542500 21.76 85.63 0 4.006
1634542560 21.75 85.53 0 4.006
1634542620 21.72 85.42 0 4.006
1634542680 21.73 85.35 0 4.006
1634542740 21.73 85.21 0 4.001
1634542800 21.72 85.26 0 4.006
1634542860 21.72 85.39 0 4.006
1634542920 21.75 85.58 0 4.006
1634542980 21.73 85.72 0 4.006
1634543040 21.72 85.83 0 4.006
1634543100 21.73 85.99 0 4.006
1634543160 21.72 86.08 0 4.006
1634543220 21.71 86.19 0 4.001
1634543280 21.73 86.2 0 4.006
1634543340 21.71 86.36 0 4.006
1634543400 21.71 86.48 0 4.006
1634543460 21.71 86.43 0 4.006
1634543520 21.69 86.42 0 4.006
1634543580 21.71 86.16 0 4.006
1634543640 21.66 86.03 0 4.001
1634543700 21.68 86.05 0 4.001
1634543760 21.69 85.98 0 4.006
1634543820 21.68 85.9 0 4.006
1634543880 21.68 85.93 0 4.001
1634543940 21.68 86.14 0 4.006
1634544000 21.71 86.04 0 4.006
1634544060 21.71 86.05 0 4.006
1634544120 21.71 86.12 0 4.001
1634544180 21.66 86.01 0 4.006
1634544240 21.71 86.15 0 4.001
1634544300 21.69 86.26 0 4.006
1634544360 21.71 86.22 0 4.006
1634544420 21.66 86.13 0 4.001
1634544480 21.68 86 0 4.001
1634544540 21.65 85.61 0 4.001
1634544600 21.65 85.51 0 4.001
1634544660 21.61 84.95 0 4.001
1634544720 21.62 84.54 0 4.001
1634544780 21.59 84.48 0 4.001
1634544840 21.56 84.64 0 4.001
1634544900 21.56 84.96 0 4.001
1634544960 21.56 84.47 0 4.001
1634545020 21.49 84.3 0 4.006
1634545080 21.49 84 0 4.001
1634545140 21.48 83.73 0 4.001
1634545200 21.49 83.4 0 4.001
1634545260 21.49 83.25 0 4.001
1634545320 21.54 83.28 0 4.006
1634545380 21.52 83.27 0 4.001
1634545440 21.52 83.36 0 4.001
1634545500 21.52 83.62 0 4.001
1634545560 21.51 84.06 0 4.001
1634545620 21.48 84.27 0 4.001
1634545680 21.44 84.39 0 4.001
1634545740 21.46 84.96 0 4.001
1634545800 21.4 85.23 0 4.001
1634545860 21.38 85.51 0 4.001
1634545920 21.41 86.75 0 4.001
1634545980 21.38 87.25 0 4.001
1634546040 21.34 87.54 0 4.001
1634546100 21.31 87.61 0 4.001
1634546160 21.27 87.7 0 4.001
1634546220 21.27 87.69 0 4.001
1634546280 21.24 87.96 0 4.001
1634546340 21.24 88.07 0 3.996
1634546400 21.22 88.12 0 4.001
1634546460 21.2 88.24 0 4.001
1634546520 21.2 88.36 0 4.001
1634546580 21.21 88.46 0 4.001
1634546640 21.2 88.51 0 4.001
1634546700 21.17 88.54 0 4.001
1634546760 21.12 88.56 0 4.001
1634546820 21.11 88.68 0 4.001
1634546880 21.11 88.58 0 4.001
1634546940 21.07 88.61 0 4.001
1634547000 21.07 88.79 0 4.001
1634547060 21.07 89.02 0 4.001
1634547120 21.05 89.21 0 4.001
1634547180 21.04 89.34 0 4.001
1634547240 21.01 89.3 0 3.996
1634547300 21 89.33 0 3.996
1634547360 21 89.34 0 3.996
1634547420 20.95 89.41 0 4.001
1634547480 20.95 89.51 0 3.996
1634547540 20.93 89.55 0 3.996
1634547600 20.95 89.65 0 3.996
1634547660 20.91 89.47 0 3.996
1634547720 20.93 89.13 0 3.996
1634547780 20.91 88.81 0 3.996
1634547840 20.91 88.78 0 3.996
1634547900 20.91 88.72 0 3.996
1634547960 20.91 88.98 0 3.996
1634548020 20.95 89.29 0 3.996
1634548080 20.93 89.45 0 3.996
1634548140 21.01 90.14 0 3.996
1634548200 20.97 90.42 0 3.996
1634548260 20.98 90.56 0 4.001
1634548320 20.97 90.78 0 3.996
1634548380 21 90.98 0 3.996
1634548440 21.02 91.33 0 3.996
1634548500 21.04 91.51 0 3.996
1634548560 21.05 91.77 0 3.996
1634548620 21.07 92 0 3.996
1634548680 21.1 92.18 0 3.996
1634548740 21.01 92.16 0 3.996
1634548800 21.05 92.41 0 3.996
1634548860 21.05 92.3 0 4.001
1634548920 21.04 91.94 0 3.996
1634548980 20.95 90.67 0 3.996
1634549040 21 89.12 0 3.99
1634549100 21 88.03 0 3.996
1634549160 21.07 87.39 0 3.996
1634549220 21.1 86.8 0 3.996
1634549280 21.12 86.48 0 3.996
1634549340 21.14 86.33 0 3.996
1634549400 21.14 86.11 0 3.996
1634549460 21.14 85.91 0 3.996
1634549520 21.17 85.67 0 3.996
1634549580 21.17 85.61 0 3.996
1634549640 21.18 85.5 0 3.996
1634549700 21.18 85.41 0 3.99
1634549760 21.18 85.42 0 3.996
1634549820 21.21 85.3 0 3.996
1634549880 21.24 85.4 0 3.996
1634549940 21.28 85.41 0 3.99
1634550000 21.3 85.29 0 3.99
1634550060 21.31 85.13 0 3.996
1634550120 21.32 85.12 0 3.996
1634550180 21.31 85.15 0 3.996
1634550240 21.34 85.06 0 3.996
1634550300 21.34 85.07 0 3.99
1634550360 21.32 85.2 0 3.996
1634550420 21.31 85.24 0 3.99
1634550480 21.32 85.38 0 3.996
1634550540 21.3 85.42 0 3.996
1634550600 21.32 85.42 0 3.99
1634550660 21.31 85.31 0 3.996
1634550720 21.28 85.3 0 3.996
1634550780 21.3 85.44 0 3.996
1634550840 21.3 85.41 0 3.99
1634550900 21.31 85.31 0 3.99
1634550960 21.31 85.37 0 3.99
1634551020 21.32 85.32 0 3.99
1634551080 21.32 85.36 0 3.996
1634551140 21.31 85.33 0 3.99
1634551200 21.31 85.35 0 3.996
1634551260 21.31 85.44 0 3.99
1634551320 21.27 85.81 0 3.99
1634551380 21.28 86.05 0 3.99
1634551440 21.25 86.22 0 3.996
1634551500 21.21 86.36 0 3.99
1634551560 21.21 86.41 0 3.996
1634551620 21.21 86.54 0 3.996
1634551680 21.18 86.55 0 3.99
1634551740 21.18 86.77 0 3.99
1634551800 21.17 86.8 0 3.99
1634551860 21.18 86.88 0 3.99
1634551920 21.17 86.92 0 3.99
1634551980 21.17 86.95 0 3.99
1634552040 21.14 87.11 0 3.99
1634552100 21.14 87.15 0 3.99
1634552160 21.14 87.2 0 3.99
1634552220 21.12 87.11 0 3.99
1634552280 21.12 87 0 3.99
1634552340 21.12 86.93 0 3.99
1634552400 21.15 86.91 0 3.99
1634552460 21.15 86.88 0 3.99
1634552520 21.2 86.86 0 3.99
1634552580 21.24 86.86 0 3.99
1634552640 21.25 86.68 0 3.985
1634552700 21.25 86.58 0 3.99
1634552760 21.22 86.74 0 3.99
1634552820 21.21 86.78 0 3.99
1634552880 21.22 86.9 0 3.99
1634552940 21.21 86.95 0 3.99
1634553000 21.24 87.04 0 3.99
1634553060 21.24 87.11 0 3.99
1634553120 21.25 87.27 0 3.99
1634553180 21.22 87.32 0 3.99
1634553240 21.21 87.39 0 3.985
1634553300 21.22 87.43 0 3.99
1634553360 21.24 87.44 0 3.99
1634553420 21.2 87.53 0 3.99
1634553480 21.22 87.61 0 3.99
1634553540 21.25 87.62 0 3.985
1634553600 21.22 87.57 0 3.985
1634553660 21.27 87.63 0 3.985
1634553720 21.22 87.72 4 3.985
1634553780 21.25 87.76 4 3.985
1634553840 21.27 87.8 4 3.99
1634553900 21.24 87.9 4 3.985
1634553960 21.3 88.01 4 3.99
1634554020 21.3 87.99 4 3.99
1634554080 21.27 87.86 4 3.985
1634554140 21.27 87.84 4 3.99
1634554200 21.27 87.84 10 3.985
1634554260 21.28 87.89 10 3.99
1634554320 21.27 87.9 10 3.985
1634554380 21.28 87.92 10 3.99
1634554440 21.3 87.88 16 3.985
1634554500 21.28 87.81 16 3.985
1634554560 21.3 87.84 16 3.985
1634554620 21.34 87.79 16 3.985
1634554680 21.35 87.6 16 3.985
1634554740 21.34 87.47 16 3.985
1634554800 21.38 87.43 16 3.985
1634554860 21.37 87.27 16 3.99
1634554920 21.38 87.37 16 3.985
1634554980 21.4 87.34 22 3.985
1634555040 21.42 87.32 22 3.985
1634555100 21.44 87.35 22 3.985
1634555160 21.45 87.24 22 3.985
1634555220 21.49 87.22 22 3.985
1634555280 21.51 87.29 28 3.985
1634555340 21.54 87.29 28 3.985
1634555400 21.55 87.41 28 3.985
1634555460 21.59 87.44 28 3.985
1634555520 21.59 87.45 28 3.985
1634555580 21.61 87.5 28 3.985
1634555640 21.63 87.51 28 3.985
1634555700 21.63 87.4 28 3.985
1634555760 21.65 87.26 34 3.985
1634555820 21.66 87.2 34 3.985
1634555880 21.66 87.11 34 3.985
1634555940 21.69 87.09 34 3.985
1634556000 21.71 86.98 34 3.985
1634556060 21.71 86.79 40 3.985
1634556120 21.72 86.86 40 3.985
1634556180 21.78 86.77 40 3.985
1634556240 21.78 86.77 46 3.979
1634556300 21.83 86.66 46 3.979
1634556360 21.85 86.62 46 3.985
1634556420 21.88 86.61 52 3.985
1634556480 21.91 86.47 52 3.985
1634556540 21.91 86.39 51 3.985
1634556600 21.92 86.16 52 3.979
1634556660 21.92 86.1 57 3.985
1634556720 21.93 86.01 57 3.979
1634556780 21.95 85.97 57 3.985
1634556840 21.99 85.72 57 3.985
1634556900 21.97 85.25 57 3.985
1634556960 22 85.32 63 3.979
1634557020 22.03 85.02 63 3.985
1634557080 22.05 84.86 63 3.985
1634557140 22.06 84.84 63 3.979
1634557200 22.07 84.89 69 3.979
1634557260 22.14 85.17 69 3.979
1634557320 22.19 85.2 69 3.979
1634557380 22.17 85.2 69 3.979
1634557440 22.2 84.86 75 3.979
1634557500 22.22 84.87 75 3.985
1634557560 22.24 84.49 75 3.985
1634557620 22.27 84.42 75 3.979
1634557680 22.29 84.42 81 3.979
1634557740 22.32 84.67 81 3.985
1634557800 22.36 84.87 81 3.979
1634557860 22.43 84.83 87 3.985
1634557920 22.39 84.19 87 3.985
1634557980 22.37 83.82 87 3.985
1634558040 22.36 83.82 93 3.979
1634558100 22.37 83.81 93 3.979
1634558160 22.36 83.73 93 3.985
1634558220 22.4 83.78 93 3.985
1634558280 22.44 83.95 93 3.985
1634558340 22.47 84.07 99 3.985
1634558400 22.5 84.07 99 3.985
1634558460 22.57 83.93 99 3.985
1634558520 22.64 83.86 105 3.985
1634558580 22.68 84.1 105 3.985
1634558640 22.68 84.25 105 3.985
1634558700 22.71 84.52 105 3.985
1634558760 22.75 84.45 105 3.985
1634558820 22.74 84.61 105 3.985
1634558880 22.78 84.82 105 3.985
1634558940 22.84 84.59 105 3.985
1634559000 22.87 84.57 109 3.985
1634559060 22.87 84.37 109 3.985
1634559120 22.9 84.28 109 3.985
1634559180 22.95 84.21 115 3.985
1634559240 22.91 83.68 115 3.985
1634559300 22.95 83.63 121 3.985
1634559360 23.01 83.06 128 3.99
1634559420 23.11 82.94 134 3.985
1634559480 23.21 82.49 140 3.99
1634559540 23.17 82.31 146 3.99
1634559600 23.26 82.15 152 3.99
1634559660 23.35 81.72 158 3.996
1634559720 23.42 81.14 164 3.996
1634559780 23.45 81.06 164 3.99
1634559840 23.36 80.91 168 3.99
1634559900 23.44 80.94 176 3.996
1634559960 23.5 80.74 176 3.996
1634560020 23.52 80.7 180 3.996
1634560080 23.63 80.78 180 3.996
1634560140 23.77 80.5 188 3.996
1634560200 23.86 80.04 188 4.001
1634560260 23.92 80 188 4.001
1634560320 23.97 79.54 188 4.001
1634560380 24.1 79.74 188 4.001
1634560440 24.06 79.46 194 4.001
1634560500 24.2 79.05 192 4.001
1634560560 24.21 78.43 194 4.006
1634560620 24.32 78.33 194 4.006
1634560680 24.44 78.06 194 4.006
1634560740 24.48 77.82 188 4.001
1634560800 24.62 77.37 188 4.006
1634560860 24.64 75.96 188 4.006
1634560920 24.47 75.85 194 4.006
1634560980 24.4 76.29 194 4.006
1634561040 24.53 76.2 194 4.006
1634561100 24.65 75.94 200 4.006
1634561160 24.7 75.65 204 4.012
1634561220 24.68 75.87 206 4.012
1634561280 24.79 75.61 216 4.012
1634561340 24.86 75.44 224 4.012
1634561400 24.93 75.17 228 4.017
1634561460 24.86 74.4 234 4.017
1634561520 24.81 75.53 234 4.022
1634561580 25.04 75.72 240 4.017
1634561640 24.93 74.75 240 4.017
1634561700 24.83 74.82 240 4.017
1634561760 25.02 75.15 246 4.022
1634561820 25.15 74.94 246 4.017
1634561880 25.21 75.11 252 4.022
1634561940 25.15 75.35 265 4.022
1634562000 25.34 75.32 271 4.028
1634562060 25.39 74.29 295 4.028
1634562120 25.49 73.52 359 4.028
1634562180 25.7 72.66 337 4.033
1634562240 25.81 72.31 408 4.039
1634562300 25.97 72.36 319 4.033
1634562360 26.01 72.68 301 4.033
1634562420 26.13 72.73 415 4.039
1634562480 26.2 72.5 337 4.039
1634562540 26.34 71.84 284 4.033
1634562600 26.39 71.81 278 4.033
1634562660 26.3 71.43 278 4.039
1634562720 26.41 71.18 290 4.033
1634562780 26.52 70.47 343 4.039
1634562840 26.61 70.92 290 4.039
1634562900 26.48 71.45 266 4.039
1634562960 26.52 71.9 284 4.039
1634563020 26.48 71.94 356 4.049
1634563080 26.59 72.18 326 4.049
1634563140 26.75 71.85 284 4.049
1634563200 26.85 71.76 290 4.044
1634563260 26.79 71.46 320 4.049
1634563320 26.79 71.45 326 4.049
1634563380 26.83 70.76 549 4.071
1634563440 26.86 70.7 338 4.055
1634563500 27.1 69.81 460 4.071
1634563560 27.2 69.24 539 4.082
1634563620 27.39 68.59 521 4.082
1634563680 27.7 67.61 546 4.087
1634563740 27.88 66.46 480 4.092
1634563800 28.05 66.41 420 4.087
1634563860 28.08 66.13 359 4.082
1634563920 28.45 64.02 468 4.092
1634563980 28.59 63.74 414 4.087
1634564040 28.7 62.97 322 4.06
1634564100 28.23 64.25 326 4.055
1634564160 28.49 63.42 417 4.049
1634564220 28.52 63.63 636 4.049
1634564280 28.76 62.98 540 4.049
1634564340 28.83 61.46 594 4.092
1634564400 28.82 61.84 627 4.103
1634564460 28.83 60.31 463 4.098
1634564520 28.7 60.87 421 4.098
1634564580 28.59 60.62 439 4.103
1634564640 28.26 61.52 519 4.108
1634564700 28.31 62.45 683 4.082
1634564760 28.65 62.54 436 4.071
1634564820 29.03 61.19 650 4.071
1634564880 29.27 60.57 608 4.065
1634564940 29.44 59.55 608 4.065
1634565000 29.81 58.19 632 4.06
1634565060 29.81 57.55 632 4.06
1634565120 29.91 56.96 638 4.06
1634565180 30.2 57.18 638 4.06
1634565240 30.26 56.84 643 4.055
1634565300 30.39 56.75 649 4.055
1634565360 30.33 57.11 649 4.055
1634565420 30.49 56.13 655 4.055
1634565480 30.67 55.88 655 4.055
1634565540 30.88 55.03 661 4.055
1634565600 31.16 54.09 661 4.049
1634565660 31.24 53.4 667 4.055
1634565720 30.9 53.67 671 4.049
1634565780 31.02 53.98 679 4.055
1634565840 30.96 53.87 677 4.055
1634565900 31.35 53.97 683 4.049
1634565960 31.42 53.53 689 4.049
1634566020 31.61 52.71 695 4.049
1634566080 30.91 53.04 695 4.049
1634566140 30.96 53.64 701 4.044
1634566200 30.57 54.67 695 4.044
1634566260 30.9 53.3 706 4.049
1634566320 31.16 52.73 712 4.044
1634566380 31.38 52.34 712 4.044
1634566440 31.51 52.48 712 4.044
1634566500 31.49 52.86 718 4.044
1634566560 31.42 52.24 718 4.044
1634566620 31.49 51.75 724 4.049
1634566680 32.06 50.98 724 4.044
1634566740 31.98 51.27 730 4.044
1634566800 32.09 49.62 736 4.044
1634566860 32.1 49.59 736 4.044
1634566920 31.92 50.63 742 4.044
1634566980 32.34 50.1 748 4.039
1634567040 32.12 49.24 746 4.044
1634567100 32.24 49.99 746 4.039
1634567160 32.4 49.34 752 4.039
1634567220 32.13 50 758 4.039
1634567280 32.1 50.19 758 4.039
1634567340 32.5 49.69 764 4.039
1634567400 32.88 48.63 764 4.039
1634567460 32.5 49.64 777 4.039
1634567520 32.3 49.41 783 4.039
1634567580 32.3 50.13 789 4.039
1634567640 32.39 49.87 789 4.039
1634567700 32.12 50.33 789 4.039
1634567760 32.2 49.94 789 4.039
1634567820 32.34 49.46 789 4.039
1634567880 32.32 49.02 789 4.039
1634567940 32.64 49.4 793 4.092
1634568000 33.07 48.8 795 4.103
1634568060 33.12 48.31 798 4.114
1634568120 32.7 49.02 804 4.119
1634568180 32.87 48.47 811 4.13
1634568240 33.11 47.59 814 4.135
1634568300 32.97 47.31 820 4.141
1634568360 32.9 47.81 822 4.146
1634568420 33.25 46.91 823 4.151
1634568480 33.22 46.63 825 4.162
1634568540 33.48 46.19 832 4.167
1634568600 33.12 47.11 834 4.173
1634568660 33.1 47.12 861 4.184
1634568720 32.98 46.79 843 4.189
1634568780 33.32 46.4 832 4.135
1634568840 33.28 47.02 829 4.119
1634568900 33.24 46.75 840 4.114
1634568960 33.14 46.05 846 4.114
1634569020 33.38 46.22 850 4.108
1634569080 33.48 46.19 856 4.108
1634569140 33.42 46.13 861 4.108
1634569200 33.27 46.46 867 4.103
1634569260 33.31 46.58 867 4.103
1634569320 33.38 46.52 886 4.098
1634569380 33.28 46.22 892 4.098
1634569440 32.53 47.84 897 4.103
1634569500 32.47 48.51 909 4.098
1634569560 32.69 48.06 909 4.098
1634569620 32.64 46.63 915 4.098
1634569680 32.8 46.7 921 4.098
1634569740 32.8 46.95 941 4.157
1634569800 32.94 46.28 868 4.167
1634569860 33.11 45.77 926 4.119
1634569920 32.8 47.07 954 4.114
1634569980 32.83 48.39 1014 4.108
1634570040 33.11 47.85 457 4.108
1634570100 32.88 48.36 349 4.108
1634570160 32.71 48.5 240 4.103
1634570220 32.44 48.44 216 4.103
1634570280 32 49.97 222 4.103
1634570340 31.47 50.78 216 4.103
1634570400 31.14 52.53 222 4.103
1634570460 30.91 52.51 704 4.103
1634570520 30.55 53.35 1120 4.098
1634570580 30.74 52.7 1060 4.098
1634570640 30.62 52.8 1179 4.098
1634570700 30.87 53 468 4.092
1634570760 30.86 52.74 1173 4.092
1634570820 30.7 53.7 1222 4.092
1634570880 31.1 53.39 570 4.092
1634570940 31.61 52.65 486 4.092
1634571000 31.68 52.21 1004 4.092
1634571060 31.73 51.83 426 4.092
1634571120 32.02 50.92 335 4.092
1634571180 31.73 50.96 317 4.087
1634571240 31.17 53.41 305 4.087
1634571300 30.87 53.55 311 4.092
1634571360 30.87 54.41 365 4.092
1634571420 30.71 53.38 365 4.087
1634571480 30.46 54.7 450 4.087
1634571540 30.39 55 926 4.092
1634571600 30.66 54.82 1183 4.087
1634571660 30.83 53.57 876 4.087
1634571720 31.24 53 918 4.087
1634571780 31.52 52.96 1069 4.087
1634571840 31.51 52.36 852 4.087
1634571900 31.76 51.64 1249 4.087
1634571960 31.81 50.67 1286 4.082
1634572020 31.9 51.47 1278 4.087
1634572080 32.26 48.48 816 4.087
1634572140 32.49 47.94 1218 4.082
1634572200 32.61 49.81 1218 4.082
1634572260 32.67 49.74 1170 4.082
1634572320 33.14 48.96 798 4.082
1634572380 33.27 48.45 365 4.082
1634572440 33.49 47.87 311 4.092
1634572500 33.24 47.12 307 4.098
1634572560 32.6 48.79 319 4.103
1634572620 32.47 49.2 307 4.103
1634572680 32.4 48.81 313 4.108
1634572740 31.88 49.94 319 4.114
1634572800 31.79 50.57 325 4.114
1634572860 31.81 50.64 1036 4.098
1634572920 31.98 50.39 1106 4.098
1634572980 32.09 49.07 1162 4.092
1634573040 32.13 48.82 1149 4.092
1634573100 32.61 49.11 1185 4.092
1634573160 33.11 47.85 1185 4.092
1634573220 33.36 48 1225 4.092
1634573280 33.62 47.51 1203 4.087
1634573340 33.62 46.44 365 4.092
1634573400 33.51 47.3 365 4.087
1634573460 33.04 47.98 468 4.087
1634573520 32.84 48.84 966 4.087
1634573580 32.74 49.21 912 4.087
1634573640 32.53 49.06 834 4.087
1634573700 32.91 49.25 636 4.087
1634573760 33.02 48.66 540 4.087
1634573820 32.88 49.28 474 4.087
1634573880 32.85 49.25 432 4.087
1634573940 32.42 49.5 420 4.087
1634574000 32.09 50.98 408 4.082
1634574060 32.02 51.45 390 4.082
1634574120 31.62 52.07 365 4.082
1634574180 31.45 53.26 353 4.082
1634574240 31.45 53.02 349 4.098
1634574300 31.55 52.05 361 4.103
1634574360 31.42 53.07 403 4.108
1634574420 31.17 52.34 368 4.108
1634574480 31.37 52.51 344 4.114
1634574540 30.74 53.36 337 4.114
1634574600 30.77 53.65 740 4.103
1634574660 30.65 53.66 415 4.098
1634574720 30.8 53.68 1102 4.092
1634574780 30.94 53.04 1167 4.092
1634574840 31.14 52.21 1149 4.092
1634574900 31.28 52.1 1124 4.092
1634574960 31.69 50.78 1112 4.092
1634575020 31.78 50.49 1087 4.092
1634575080 31.76 49.93 1075 4.092
1634575140 32.34 49.16 1082 4.162
1634575200 32.54 49.35 1094 4.184
1634575260 32.64 48.78 1109 4.151
1634575320 32.84 47.95 1111 4.194
1634575380 32.47 48.72 1099 4.157
1634575440 32.1 49.55 1102 4.162
1634575500 32.5 48.49 1114 4.173
1634575560 32.96 47.66 1123 4.178
1634575620 33.15 45.97 1144 4.184
1634575680 33.14 46.39 1158 4.194
1634575740 33.25 47.14 1173 4.2
1634575800 33.47 46.4 1179 4.248
1634575860 34.06 45.94 1173 4.2
1634575920 34.2 45.56 1141 4.2
1634575980 34.5 44.67 1106 4.184
1634576040 34.73 43.84 1084 4.167
1634576100 34.85 44.58 1078 4.167
1634576160 34.81 44.71 1072 4.162
1634576220 34.84 44.02 1052 4.162
1634576280 34.74 44.5 1046 4.157
1634576340 35.05 43.37 1037 4.157
1634576400 34.6 42.61 1033 4.157
1634576460 34.56 44.61 1031 4.151
1634576520 34.63 44.4 1037 4.151
1634576580 34.97 43.7 1037 4.151
1634576640 34.56 44.03 1048 4.151
1634576700 34.56 44.03 1017 4.146
1634576760 35 42.61 992 4.146
1634576820 35.15 42.59 986 4.146
1634576880 34.3 43.33 986 4.146
1634576940 33.45 46.01 987 4.194
1634577000 33.14 46.8 847 4.151
1634577060 32.59 47.73 1005 4.151
1634577120 32.4 49.61 993 4.146
1634577180 32.9 47.91 1005 4.146
1634577240 33.2 46.08 1004 4.146
1634577300 33.21 46.9 1024 4.146
1634577360 33.35 45.04 1040 4.146
1634577420 33.34 46.26 1046 4.141
1634577480 33.35 45.76 1064 4.141
1634577540 33.66 45.81 1082 4.141
1634577600 33.63 45.07 1099 4.141
1634577660 33.92 44.52 1106 4.141
1634577720 34.22 43.58 1130 4.135
1634577780 34.22 43.14 1142 4.135
1634577840 34.36 42.83 1155 4.157
1634577900 34.75 42.47 1159 4.173
1634577960 34.7 42.07 1156 4.184
1634578020 34.87 41.79 1167 4.2
1634578080 35.07 42.48 1170 4.243
1634578140 35.35 40.73 1179 4.2
1634578200 35.41 40.78 1165 4.237
1634578260 35.75 40.42 1145 4.194
1634578320 35.87 40.66 1130 4.189
1634578380 36.04 40.48 1111 4.184
1634578440 36.31 39.79 1105 4.178
1634578500 36.36 38.87 1111 4.178
1634578560 36.33 39.28 1115 4.173
1634578620 36.5 38.85 1121 4.173
1634578680 36.15 39.63 1138 4.173
1634578740 36.34 39.16 1167 4.157
1634578800 36.5 39.38 1179 4.162
1634578860 36.3 38.58 1185 4.157
1634578920 36.47 39.16 1185 4.157
1634578980 36.74 38.36 1179 4.157
1634579040 36.63 38.82 1185 4.157
1634579100 36.71 38.06 1167 4.157
1634579160 37.04 37.41 1189 4.151
1634579220 36.91 38.78 957 4.151
1634579280 36.95 38.46 1201 4.151
1634579340 36.39 39.03 1171 4.151
1634579400 36.68 38.93 1159 4.151
1634579460 36.7 38.88 1127 4.151
1634579520 36.46 39.25 1127 4.146
1634579580 36.44 39.3 1120 4.146
1634578740 36.34 39.16 1167 4.157
1634578800 36.5 39.38 1179 4.162
1634578860 36.3 38.58 1185 4.157
1634578920 36.47 39.16 1185 4.157
1634578980 36.74 38.36 1179 4.157
1634579040 36.63 38.82 1185 4.157
1634579100 36.71 38.06 1167 4.157
1634579160 37.04 37.41 1189 4.151
1634579220 36.91 38.78 957 4.151
1634579280 36.95 38.46 1201 4.151
1634579340 36.39 39.03 1171 4.151
1634579400 36.68 38.93 1159 4.151
1634579460 36.7 38.88 1127 4.151
1634579520 36.46 39.25 1127 4.146
1634579580 36.44 39.3 1120 4.146
1634579640 36.33 39.64 1120 4.141
1634579700 36.64 39.22 1144 4.141
1634579760 36.84 39.24 1150 4.141
1634579820 36.84 38.28 1150 4.141
1634579880 36.92 38.7 1168 4.141
1634579940 37.01 39.13 1180 4.135
1634580000 36.92 40.42 1203 4.135
1634580060 37.18 39.42 1142 4.135
1634580120 37.42 39.23 284 4.135
1634580180 36.43 40.64 278 4.135
1634580240 36 41.85 266 4.135
1634580300 35.52 41.83 248 4.135
1634580360 35.05 43.07 254 4.135
1634580420 34.94 43.99 296 4.13
1634580480 34.47 44.25 326 4.135
1634580540 33.72 45.98 344 4.13
1634580600 33.14 46.43 975 4.125
1634580660 32.33 49.04 1030 4.125
1634580720 32.71 49.34 1060 4.125
1634580780 33.08 48.62 314 4.13
1634580840 33.02 48.46 236 4.125
1634580900 32.96 48.85 242 4.125
1634580960 32.9 48.87 254 4.125
1634581020 32.69 48.93 260 4.125
1634581080 32.39 50.08 266 4.125
1634581140 32.47 50.03 254 4.125
1634581200 32.42 50.3 246 4.119
1634581260 31.98 51.17 240 4.119
1634581320 32.16 51.07 252 4.119
1634581380 32.02 51.32 284 4.119
1634581440 31.79 51.45 252 4.119
1634581500 31.25 53.1 246 4.114
1634581560 31.28 53.26 234 4.119
1634581620 30.94 53.25 222 4.119
1634581680 31.11 53.89 210 4.114
1634581740 30.93 53.65 186 4.114
1634581800 30.9 54 174 4.114
1634581860 30.83 54.02 162 4.114
1634581920 30.73 54.77 156 4.114
1634581980 30.62 55.23 150 4.114
1634582040 30.47 55.67 150 4.114
1634582100 30.26 55.22 900 4.114
1634582160 30.29 55.27 972 4.114
1634582220 30.32 55.38 947 4.108
1634582280 30.78 55.31 935 4.108
1634582340 31.37 53.72 886 4.103
1634582400 31.47 53.13 873 4.108
1634582460 31.57 52.35 873 4.108
1634582520 31.82 52.16 873 4.103
1634582580 32.08 51.37 867 4.103
1634582640 31.68 51.53 867 4.103
1634582700 31.64 51.25 867 4.103
1634582760 31.27 51.79 867 4.103
1634582820 31.14 52.68 879 4.103
1634582880 31.11 52.76 905 4.103
1634582940 31.37 52.87 849 4.103
1634583000 31.57 52 886 4.103
1634583060 31.44 52.28 873 4.103
1634583120 31.73 52.01 873 4.103
1634583180 32.18 50.96 873 4.103
1634583240 32.46 50.51 885 4.098
1634583300 32.77 49.84 662 4.098
1634583360 32.57 48.66 873 4.098
1634583420 32.23 49.9 837 4.098
1634583480 32.23 50.99 831 4.098
1634583540 32.66 50.4 825 4.098
1634583600 32.66 50.37 819 4.098
1634583660 32.73 49.79 813 4.098
1634583720 33.08 49.23 819 4.098
1634583780 33.17 48.84 825 4.098
1634583840 33.17 48.97 819 4.098
1634583900 33.34 49.2 811 4.098
1634583960 33.44 47.75 799 4.092
1634584020 33.66 46.9 819 4.098
1634584080 33.36 46.92 823 4.098
1634584140 33.27 47.63 816 4.092
1634584200 32.87 47.97 829 4.092
1634584260 32.63 48.95 835 4.092
1634584320 33.02 49.02 846 4.092
1634584380 32.88 48.31 841 4.092
1634584440 32.54 48.88 841 4.092
1634584500 32.63 49.23 841 4.092
1634584560 32.85 48.3 852 4.092
1634584620 33.2 48.23 865 4.087
1634584680 33.25 46.84 859 4.087
1634584740 33.76 46.81 858 4.092
1634584800 33.91 46.51 865 4.087
1634584860 33.78 47.39 871 4.087
1634584920 33.56 47.67 894 4.092
1634584980 33.65 48.21 906 4.087
1634585040 33.45 48.4 912 4.141
1634585100 33.65 48.44 877 4.151
1634585160 33.63 48.47 658 4.114
1634585220 33.61 47.88 712 4.108
1634585280 33.68 47.53 886 4.108
1634585340 33.66 48.57 892 4.108
1634585400 33.66 48.3 905 4.103
1634585460 33.89 48.03 899 4.103
1634585520 34.02 48.25 905 4.098
1634585580 33.66 48.78 905 4.098
1634585640 33.86 48.22 899 4.098
1634585700 33.63 48.63 879 4.098
1634585760 33.58 48.35 849 4.098
1634585820 33.68 48.58 867 4.098
1634585880 34.03 48.58 861 4.098
1634585940 33.59 47.29 859 4.092
1634586000 32.87 49.56 588 4.092
1634586060 33.35 48.68 879 4.092
1634586120 33.65 48.29 853 4.092
1634586180 33.62 47.78 841 4.092
1634586240 33.8 47.06 843 4.098
1634586300 34.02 46.54 841 4.092
1634586360 34 46.16 835 4.092
1634586420 33.96 46.13 841 4.092
1634586480 34.39 45.45 775 4.092
1634586540 34.81 45 486 4.087
1634586600 34.67 44.35 835 4.092
1634586660 34.26 44.86 835 4.092
1634586720 34.12 45.78 725 4.092
1634586780 34.06 46.15 335 4.087
1634586840 33.44 46.3 361 4.108
1634586900 32.75 46.75 240 4.103
1634586960 32.57 47.66 252 4.103
1634587020 32.27 49.07 277 4.108
1634587080 32.05 49.18 825 4.098
1634587140 32.18 49.43 493 4.092
1634587200 32.49 48.5 805 4.092
1634587260 32.69 48.5 263 4.092
1634587320 32.59 47.96 486 4.092
1634587380 32.73 48.31 329 4.092
1634587440 32.91 47.31 667 4.092
1634587500 32.93 47.82 757 4.092
1634587560 32.78 47.81 757 4.092
1634587620 32.63 48.7 649 4.092
1634587680 32.5 48.89 727 4.087
1634587740 32.61 49.47 722 4.092
1634587800 32.94 48.89 746 4.098
1634587860 33.34 47.85 680 4.103
1634587920 33.25 47.86 579 4.103
1634587980 32.27 49.17 783 4.098
1634588040 32.51 49.73 727 4.092
1634588100 32.61 49.97 600 4.092
1634588160 32.75 50 347 4.092
1634588220 32.32 50.4 227 4.092
1634588280 32.42 50.12 197 4.087
1634588340 32.71 50.03 191 4.087
1634588400 32.64 49.44 197 4.092
1634588460 32.46 50.28 185 4.087
1634588520 32.34 50.53 161 4.087
1634588580 32.08 50.24 155 4.087
1634588640 31.76 51.45 149 4.087
1634588700 31.71 51.79 155 4.092
1634588760 31.51 51.44 197 4.092
1634588820 31.34 52.94 186 4.098
1634588880 31.38 52.99 155 4.098
1634588940 31.28 52.56 143 4.092
1634589000 31.22 52.7 124 4.092
1634589060 31.21 53.07 124 4.092
1634589120 31.18 53.22 118 4.092
1634589180 31.16 53.35 118 4.092
1634589240 30.97 53.97 124 4.092
1634589300 30.8 54.01 118 4.092
1634589360 30.4 54.84 118 4.092
1634589420 30.32 55.64 137 4.092
1634589480 30.27 55.89 138 4.098
1634589540 30.26 56.46 131 4.092
1634589600 30.22 56.56 137 4.092
1634589660 30.27 56.75 143 4.092
1634589720 30.29 56.79 173 4.092
1634589780 30.06 56.86 167 4.098
1634589840 30.15 56.8 156 4.098
1634589900 30.12 57.06 143 4.098
1634589960 29.92 57.17 143 4.092
1634590020 29.98 57.16 137 4.092
1634590080 30.02 57.3 138 4.098
1634590140 30.12 57.22 144 4.092
1634590200 30.16 57.07 137 4.092
1634590260 30.19 57.05 114 4.092
1634590320 30.16 57.63 106 4.098
1634590380 30.12 57.41 124 4.092
1634590440 30.04 57.45 124 4.092
1634590500 29.85 57.8 118 4.092
1634590560 29.95 57.97 100 4.092
1634590620 29.92 57.83 94 4.092
1634590680 29.88 58.1 88 4.092
1634590740 29.89 58.09 100 4.087
1634590800 29.91 58.22 106 4.087
1634590860 30.01 58.01 106 4.092
1634590920 29.95 57.57 94 4.092
1634590980 29.94 57.95 100 4.092
1634591040 29.89 58.24 106 4.092
1634591100 29.91 58.47 106 4.092
1634591160 29.94 58.39 118 4.092
1634591220 29.99 58.13 118 4.092
1634591280 29.88 58.68 106 4.092
1634591340 29.84 58.65 106 4.087
1634591400 29.78 58.81 106 4.087
1634591460 29.78 58.96 94 4.087
1634591520 29.71 58.69 118 4.087
1634591580 29.6 59.09 118 4.087
1634591640 29.58 59.24 106 4.092
1634591700 29.53 59.04 106 4.087
1634591760 29.51 59.18 106 4.087
1634591820 29.21 59.66 112 4.092
1634591880 29.02 60.4 118 4.092
1634591940 28.84 60.66 112 4.092
1634592000 28.83 60.72 112 4.087
1634592060 28.9 60.69 118 4.092
1634592120 28.74 60.9 112 4.092
1634592180 28.7 61.1 118 4.092
1634592240 28.63 62.04 106 4.087
1634592300 28.72 61.4 100 4.087
1634592360 28.82 61.19 106 4.087
1634592420 28.93 61.22 106 4.087
1634592480 28.93 61.18 112 4.092
1634592540 28.97 60.88 118 4.087
1634592600 28.87 60.89 112 4.087
1634592660 28.93 61.25 118 4.087
1634592720 28.96 61.16 118 4.087
1634592780 29.02 61.03 112 4.092
1634592840 29.09 61.24 112 4.087
1634592900 29.04 60.85 118 4.087
1634592960 29.04 60.76 124 4.087
1634593020 29.04 60.88 124 4.092
1634593080 28.89 61.12 124 4.092
1634593140 28.76 61.91 124 4.087
1634593200 28.84 61.82 118 4.087
1634593260 28.87 61.35 118 4.087
1634593320 28.42 61.28 118 4.087
1634593380 28.34 61.75 112 4.087
1634593440 28.45 62.03 106 4.092
1634593500 28.56 61.91 106 4.087
1634593560 28.38 62.13 100 4.087
1634593620 28.31 62.83 100 4.087
1634593680 28.43 62.76 94 4.087
1634593740 28.55 62.09 88 4.087
1634593800 28.42 62.03 76 4.087
1634593860 28.32 62.64 70 4.087
1634593920 28.29 62.58 76 4.082
1634593980 28.08 63.46 76 4.087
1634594040 28.02 64.02 70 4.076
1634594100 28.12 63.97 64 4.082
1634594160 28.19 63.85 64 4.082
1634594220 28.25 63.71 58 4.082
1634594280 28.34 63.66 58 4.082
1634594340 28.34 63.55 52 4.082
1634594400 28.29 63.79 52 4.082
1634594460 28.26 64.16 46 4.082
1634594520 28.22 63.86 46 4.082
1634594580 27.83 64.4 46 4.082
1634594640 27.83 64.85 46 4.082
1634594700 27.9 64.95 40 4.082
1634594760 27.87 64.9 40 4.076
1634594820 27.92 65.29 34 4.076
1634594880 27.92 65.13 28 4.082
1634594940 27.85 65.53 22 4.076
1634595000 27.78 65.92 22 4.076
1634595060 27.8 66.12 22 4.076
1634595120 27.72 66.58 34 4.076
1634595180 27.76 66.72 28 4.076
1634595240 27.58 66.79 28 4.076
1634595300 27.57 66.95 28 4.076
1634595360 27.56 66.94 34 4.076
1634595420 27.51 67.48 34 4.082
1634595480 27.39 67.59 28 4.076
1634595540 27.06 68.4 28 4.076
1634595600 27.03 69.33 28 4.076
1634595660 27.16 68.99 28 4.076
1634595720 27.16 68.94 22 4.076
1634595780 26.98 69.47 22 4.076
1634595840 26.95 69.62 22 4.071
1634595900 26.86 70.16 22 4.076
1634595960 26.99 69.86 28 4.076
1634596020 27.06 69.66 22 4.076
1634596080 27.16 69.48 22 4.076
1634596140 27.2 69.31 16 4.076
1634596200 27.19 69.52 16 4.076
1634596260 27.27 69.27 16 4.076
1634596320 27.3 69.22 10 4.076
1634596380 27.26 69.3 10 4.076
1634596440 27.22 69.26 4 4.076
1634596500 27.17 69.85 4 4.071
1634596560 26.82 70.55 4 4.076
1634596620 26.86 70.84 0 4.076
1634596680 26.79 71.18 0 4.076
1634596740 26.85 71.19 0 4.071
1634596800 26.96 70.74 0 4.071
1634596860 26.88 70.89 0 4.071
1634596920 26.66 71.66 0 4.071
1634596980 26.35 72.48 0 4.071
1634597040 26.35 72.84 0 4.076
1634597100 26.38 72.83 0 4.076
1634597160 26.56 72.44 0 4.071
1634597220 26.68 71.76 0 4.071
1634597280 26.62 71.97 0 4.071
1634597340 26.58 71.89 0 4.071
1634597400 26.45 72.38 0 4.071
1634597460 26.46 72.48 0 4.071
1634597520 26.49 72.48 0 4.071
1634597580 26.56 72.44 0 4.071
1634597640 26.62 72.15 0 4.065
1634597700 26.71 71.88 0 4.071
1634597760 26.63 72.05 0 4.071
1634597820 26.72 71.8 0 4.065
1634597880 26.71 71.9 0 4.071
1634597940 26.72 71.63 0 4.065
1634598000 26.71 71.92 0 4.065
1634598060 26.63 71.75 0 4.071
1634598120 26.61 72.07 0 4.065
1634598180 26.51 72.51 0 4.065
1634598240 26.63 72.42 0 4.071
1634598300 26.54 71.99 0 4.071
1634598360 26.11 73.69 0 4.071
1634598420 26.18 73.94 0 4.065
1634598480 26.27 73.58 0 4.065
1634598540 26.32 73.44 0 4.065
1634598600 26.37 73.28 0 4.065
1634598660 26.42 73.06 0 4.065
1634598720 26.45 73.25 0 4.065
1634598780 26.55 72.93 0 4.065
1634598840 26.51 72.9 0 4.065
1634598900 26.44 73.02 0 4.065
1634598960 26.37 73.42 0 4.065
1634599020 26.39 73.4 0 4.065
1634599080 26.34 73.54 0 4.071
1634599140 26.34 73.59 0 4.065
1634599200 26.37 73.57 0 4.065
1634599260 26.39 73.48 0 4.065
1634599320 26.39 73.43 0 4.065
1634599380 26.21 73.85 0 4.065
1634599440 26.28 74 0 4.06
1634599500 26.25 74.09 0 4.06
1634599560 26.23 74.04 0 4.065
1634599620 26.17 74.45 0 4.065
1634599680 26.18 74.57 0 4.065
1634599740 26.21 74.43 0 4.06
1634599800 26.17 74.54 0 4.065
1634599860 26.23 74.49 0 4.06
1634599920 26.25 74.22 0 4.065
1634599980 26.28 73.81 0 4.06
1634600040 26.23 73.98 0 4.065
1634600100 26.31 74.02 0 4.06
1634600160 26.39 73.77 0 4.06
1634600220 26.42 73.66 0 4.06
1634600280 26.41 73.64 0 4.065
1634600340 26.37 73.66 0 4.06
1634600400 26.18 74.19 0 4.06
1634600460 26.2 74.45 0 4.06
1634600520 26.21 74.39 0 4.06
1634600580 26.23 74.47 0 4.06
1634600640 26.28 74.17 0 4.06
1634600700 26.3 74.06 0 4.06
1634600760 26.18 74.27 0 4.06
1634600820 26.2 74.05 0 4.06
1634600880 26.07 74.18 0 4.06
1634600940 25.98 74.61 0 4.06
1634601000 25.97 75.19 0 4.06
1634601060 25.97 74.81 0 4.065
1634601120 26.07 74.66 0 4.06
1634601180 26.04 74.67 0 4.06
1634601240 26.17 74.46 0 4.06
1634601300 26.15 74.22 0 4.055
1634601360 26.25 74.09 0 4.06
1634601420 26.2 73.98 0 4.06
1634601480 26.13 74.38 0 4.055
1634601540 26.2 74.22 0 4.06
1634601600 26.2 74.17 0 4.055
1634601660 26.23 74.22 0 4.06
1634601720 26.25 74.03 0 4.055
1634601780 26.23 74 0 4.06
1634601840 26.18 74.11 0 4.055
1634601900 26.04 74.3 0 4.055
1634601960 25.87 75.31 0 4.06
1634602020 25.84 75.32 0 4.06
1634602080 25.86 75.23 0 4.06
1634602140 25.94 75.14 0 4.055
1634602200 25.91 75.32 0 4.055
1634602260 26.05 74.92 0 4.06
1634602320 26.1 74.64 0 4.055
1634602380 26.15 74.71 0 4.055
1634602440 26.15 74.63 0 4.055
1634602500 26.15 74.59 0 4.055
1634602560 26.17 74.59 0 4.055
1634602620 26.18 74.59 0 4.055
1634602680 26.24 74.45 0 4.055
1634602740 26.31 74.3 0 4.055
1634602800 26.28 74.29 0 4.055
1634602860 26.28 74.45 0 4.055
1634602920 26.11 74.76 0 4.055
1634602980 25.94 75.84 0 4.055
1634603040 25.95 75.76 0 4.049
1634603100 25.93 75.92 0 4.055
1634603160 25.7 76.58 0 4.06
1634603220 25.86 76.42 0 4.055
1634603280 25.95 75.99 0 4.055
1634603340 25.9 76.16 0 4.055
1634603400 25.95 76.17 0 4.055
1634603460 25.86 76.43 0 4.055
1634603520 25.95 75.86 0 4.055
1634603580 25.94 75.96 0 4.055
1634603640 25.91 75.86 0 4.055
1634603700 25.95 75.83 0 4.055
1634603760 25.9 75.78 0 4.055
1634603820 25.69 76.49 0 4.055
1634603880 25.77 76.45 0 4.055
1634603940 25.74 76.26 0 4.049
1634604000 25.76 76.72 0 4.049
1634604060 25.79 76.38 0 4.055
1634604120 25.6 77.03 0 4.049
1634604180 25.6 77.3 0 4.055
1634604240 25.46 77.66 0 4.055
1634604300 25.5 77.79 0 4.049
1634604360 25.6 77.81 0 4.049
1634604420 25.66 77.53 0 4.055
1634604480 25.69 77.32 0 4.049
1634604540 25.77 77.17 0 4.055
1634604600 25.86 76.74 0 4.055
1634604660 25.8 76.89 0 4.055
1634604720 25.59 77.3 0 4.049
1634604780 25.62 77.64 0 4.055
1634604840 25.69 77.27 0 4.044
1634604900 25.73 77.25 0 4.044
1634604960 25.84 76.82 0 4.049
1634605020 25.87 76.79 0 4.049
1634605080 25.74 77.04 0 4.049
1634605140 25.83 77.25 0 4.049
1634605200 25.86 76.74 0 4.049
1634605260 25.83 76.71 0 4.049
1634605320 25.74 76.82 0 4.049
1634605380 25.59 77.4 0 4.049
1634605440 25.44 77.71 0 4.044
1634605500 25.36 78.18 0 4.049
1634605560 25.32 78.53 0 4.049
1634605620 25.42 78.42 0 4.044
1634605680 25.52 78.34 0 4.049
1634605740 25.49 78.4 0 4.044
1634605800 25.52 78.38 0 4.049
1634605860 25.53 78.42 0 4.049
1634605920 25.56 78.26 0 4.044
1634605980 25.54 78.31 0 4.044
1634606040 25.56 78.24 0 4.044
1634606100 25.47 78.6 0 4.049
1634606160 25.33 79.01 0 4.044
1634606220 25.22 79.53 0 4.044
1634606280 25.11 79.94 0 4.049
1634606340 24.99 80.36 0 4.044
1634606400 24.95 80.81 0 4.044
1634606460 24.95 80.78 0 4.049
1634606520 24.88 80.93 0 4.044
1634606580 24.86 80.71 0 4.049
1634606640 24.93 80.82 0 4.039
1634606700 24.89 80.8 0 4.044
1634606760 24.88 81.14 0 4.044
1634606820 24.81 81.3 0 4.044
1634606880 24.74 81.46 0 4.044
1634606940 24.81 81.48 0 4.044
1634607000 24.71 81.79 0 4.044
1634607060 24.68 81.97 0 4.044
1634607120 24.64 82.11 0 4.044
1634607180 24.67 82.16 0 4.044
1634607240 24.61 82.18 0 4.044
1634607300 24.61 82.33 0 4.044
1634607360 24.57 82.4 0 4.044
1634607420 24.58 82.2 0 4.044
1634607480 24.54 82.47 0 4.044
1634607540 24.54 82.81 0 4.039
1634607600 24.62 82.09 0 4.044
1634607660 24.61 81.86 0 4.039
1634607720 24.61 82 0 4.044
1634607780 24.58 82.27 0 4.039
1634607840 24.51 82.58 0 4.039
1634607900 24.72 81.69 0 4.044
1634607960 24.83 81.04 0 4.044
1634608020 24.88 80.95 0 4.044
1634608080 24.83 81.12 0 4.044
1634608140 24.74 81.75 0 4.044
1634608200 24.65 82.32 0 4.044
1634608260 24.6 82.45 0 4.039
1634608320 24.53 82.9 0 4.039
1634608380 24.38 83.34 0 4.039
1634608440 24.42 83.37 0 4.039
1634608500 24.38 83.34 0 4.039
1634608560 24.42 82.98 0 4.039
1634608620 24.35 83.3 0 4.039
1634608680 24.37 83.14 0 4.039
1634608740 24.28 83.86 0 4.039
1634608800 24.2 84.01 0 4.039
1634608860 24.16 84.47 0 4.039
1634608920 24.14 84.53 0 4.039
1634608980 24.07 84.75 0 4.039
1634609040 24.06 84.85 0 4.039
1634609100 24.09 84.76 0 4.039
1634609160 24.17 84.04 0 4.039
1634609220 24.23 83.63 0 4.039
1634609280 24.35 82.92 0 4.039
1634609340 24.57 82.23 0 4.039
1634609400 24.61 81.46 0 4.039
1634609460 24.68 81.21 0 4.039
1634609520 24.75 80.74 0 4.039
1634609580 24.78 80.7 0 4.039
1634609640 24.79 80.77 0 4.039
1634609700 24.78 81.25 0 4.039
1634609760 24.77 80.38 0 4.039
1634609820 24.78 81.21 0 4.039
1634609880 24.82 80.99 0 4.039
1634609940 24.78 81.13 0 4.039
1634610000 24.85 80.03 0 4.039
1634610060 24.91 80.23 0 4.039
1634610120 24.95 79.85 0 4.039
1634610180 24.99 79.71 0 4.039
1634610240 24.92 80.1 0 4.033
1634610300 25.01 79.24 0 4.033
1634610360 24.98 78.78 0 4.033
1634610420 25.02 78.9 0 4.033
1634610480 25.16 78.49 0 4.039
1634610540 25.25 77.98 0 4.039
1634610600 25.29 77.84 0 4.039
1634610660 25.26 78.06 0 4.033
1634610720 25.32 77.97 0 4.039
1634610780 25.25 78.6 0 4.033
1634610840 25.29 77.71 0 4.039
1634610900 25.39 77.78 0 4.033
1634610960 25.42 77.5 0 4.033
1634611020 25.5 76.86 0 4.039
1634611080 25.56 76.65 0 4.039
1634611140 25.62 76.31 0 4.033
1634611200 25.7 76.36 0 4.033
1634611260 25.66 76.56 0 4.033
1634611320 25.6 76.94 0 4.033
1634611380 25.57 77.17 0 4.033
1634611440 25.47 77.95 0 4.033
1634611500 25.5 76.94 0 4.033
1634611560 25.5 76.76 0 4.039
1634611620 25.56 76.69 0 4.033
1634611680 25.6 76.51 0 4.033
1634611740 25.56 76.97 0 4.033
1634611800 25.5 76.7 0 4.033
1634611860 25.49 75.57 0 4.033
1634611920 25.44 77.15 0 4.033
1634611980 25.3 78.43 0 4.033
1634612040 25.16 78.89 0 4.028
1634612100 25.06 77.84 0 4.033
1634612160 24.93 80.3 0 4.033
1634612220 24.79 77.06 0 4.033
1634612280 24.91 75.59 0 4.033
1634612340 24.89 75.53 0 4.033
1634612400 24.89 75.12 0 4.033
1634612460 24.92 74.96 0 4.033
1634612520 24.95 75.53 0 4.033
1634612580 24.95 75.92 0 4.033
1634612640 24.98 74.74 0 4.028
1634612700 25.01 74.78 0 4.033
1634612760 25.06 74.51 0 4.033
1634612820 25.16 78.62 0 4.033
1634612880 24.96 76.71 0 4.033
1634612940 25.02 76.22 0 4.028
1634613000 25.02 78.41 0 4.033
1634613060 24.88 79.92 0 4.033
1634613120 24.7 81.17 0 4.028
1634613180 24.58 77.59 0 4.028
1634613240 24.74 76.73 0 4.033
1634613300 24.74 77.76 0 4.033
1634613360 24.71 75.93 0 4.028
1634613420 24.78 75.05 0 4.033
1634613480 24.81 76.36 0 4.033
1634613540 24.77 74.72 0 4.033
1634613600 24.83 75.61 0 4.033
1634613660 24.88 77.11 0 4.033
1634613720 24.86 77.98 0 4.033
1634613780 24.82 79.94 0 4.028
1634613840 24.77 79.19 0 4.028
1634613900 24.75 79.65 0 4.028
1634613960 24.7 80.68 0 4.028
1634614020 24.57 80.86 0 4.028
1634614080 24.46 81 0 4.028
1634614140 24.34 81.6 0 4.033
1634614200 24.34 81.75 0 4.028
1634614260 24.28 82.25 0 4.033
1634614320 24.28 82 0 4.028
1634614380 24.31 79.59 0 4.028
1634614440 24.4 77.96 0 4.028
1634614500 24.7 76.35 0 4.028
1634614560 24.85 75.71 0 4.028
1634614620 24.96 79 0 4.028
1634614680 24.82 78.13 0 4.028
1634614740 24.96 77.06 0 4.028
1634614800 25.05 76.78 0 4.028
1634614860 24.96 78.41 0 4.028
1634614920 24.95 77.61 0 4.022
1634614980 25.06 77.53 0 4.028
1634615040 25.11 76.84 0 4.028
1634615100 25.16 76.96 0 4.028
1634615160 25.26 76.39 0 4.028
1634615220 25.28 77.29 0 4.028
1634615280 25.3 75.77 0 4.028
1634615340 25.42 76.11 0 4.028
1634615400 25.39 77.19 0 4.028
1634615460 25.34 78.4 0 4.028
1634615520 25.29 78.3 0 4.028
1634615580 25.22 78.59 0 4.028
1634615640 25.21 78.34 0 4.022
1634615700 25.08 78.92 0 4.022
1634615760 24.92 80.07 0 4.022
1634615820 24.85 80.42 0 4.028
1634615880 24.81 80.48 0 4.028
1634615940 24.72 80.9 0 4.028
1634616000 24.67 81.09 0 4.022
1634616060 24.6 81.51 0 4.028
1634616120 24.5 82.03 0 4.028
1634616180 24.42 82.4 0 4.028
1634616240 24.35 82.68 0 4.028
1634616300 24.3 82.91 0 4.022
1634616360 24.27 83.07 0 4.022
1634616420 24.2 83.33 0 4.028
1634616480 24.13 83.52 0 4.022
1634616540 24.09 83.71 0 4.022
1634616600 24.07 83.75 0 4.022
1634616660 24.03 83.93 0 4.022
1634616720 24.01 84.06 0 4.022
1634616780 23.95 84.13 0 4.022
1634616840 23.97 84.34 0 4.022
1634616900 23.95 84.44 0 4.022
1634616960 23.95 84.56 0 4.022
1634617020 23.92 84.64 0 4.022
1634617080 23.86 84.74 0 4.022
1634617140 23.87 84.81 0 4.022
1634617200 23.87 84.83 0 4.022
1634617260 23.84 84.89 0 4.022
1634617320 23.84 84.93 0 4.022
1634617380 23.83 84.98 0 4.022
1634617440 23.83 85.19 0 4.022
1634617500 23.8 85.26 0 4.022
1634617560 23.8 85.32 0 4.022
1634617620 23.8 85.35 0 4.022
1634617680 23.76 85.3 0 4.022
1634617740 23.79 85.34 0 4.022
1634617800 23.73 85.3 0 4.022
1634617860 23.76 85.52 0 4.022
1634617920 23.75 85.57 0 4.022
1634617980 23.72 85.61 0 4.022
1634618040 23.69 85.6 0 4.022
1634618100 23.69 85.62 0 4.022
1634618160 23.65 85.55 0 4.022
1634618220 23.65 85.55 0 4.022
1634618280 23.62 85.73 0 4.022
1634618340 23.55 86 0 4.017
1634618400 23.55 86.15 0 4.022
1634618460 23.49 86.19 0 4.022
1634618520 23.48 86.25 0 4.022
1634618580 23.46 86.39 0 4.022
1634618640 23.44 86.37 0 4.017
1634618700 23.44 86.5 0 4.017
1634618760 23.44 86.58 0 4.022
1634618820 23.36 86.64 0 4.022
1634618880 23.36 86.61 0 4.017
1634618940 23.36 86.73 0 4.022
1634619000 23.33 86.86 0 4.022
1634619060 23.33 86.97 0 4.022
1634619120 23.35 87.06 0 4.017
1634619180 23.32 87.1 0 4.022
1634619240 23.3 87.08 0 4.017
1634619300 23.3 87.11 0 4.017
1634619360 23.28 87.16 0 4.017
1634619420 23.26 87.18 0 4.022
1634619480 23.26 87.23 0 4.017
1634619540 23.24 87.25 0 4.017
