1634533200 22.08 87.07 0 4.114
1634533260 22.07 87.05 0 4.114
1634533320 22.04 87.05 0 4.114
1634533380 22.03 87.04 0 4.114
1634533440 22.04 87.02 0 4.114
1634533500 21.98 87 0 4.114
1634533560 21.98 86.97 0 4.114
1634533620 21.97 86.96 0 4.114
1634533680 21.93 86.93 0 4.114
1634533740 21.93 86.88 0 4.114
1634533800 21.94 86.88 0 4.114
1634533860 21.9 86.78 0 4.114
1634533920 21.93 86.7 0 4.114
1634533980 21.94 86.61 0 4.114
1634534040 21.93 86.52 0 4.114
1634534100 21.94 86.54 0 4.114
1634534160 21.97 86.5 0 4.114
1634534220 21.95 86.41 0 4.114
1634534280 21.98 86.37 0 4.114
1634534340 22 86.26 0 4.114
1634534400 22.04 86.21 0 4.114
1634534460 22.03 86.18 0 4.114
1634534520 22.07 86.13 0 4.114
1634534580 22.07 86.05 0 4.114
1634534640 22.08 85.99 0 4.114
1634534700 22.08 85.94 0 4.114
1634534760 22.12 85.91 0 4.114
1634534820 22.1 85.87 0 4.114
1634534880 22.08 85.77 0 4.114
1634534940 22.12 85.77 0 4.108
1634535000 22.08 85.75 0 4.114
1634535060 22.1 85.7 0 4.114
1634535120 22.1 85.71 0 4.114
1634535180 22.07 85.69 0 4.114
1634535240 22.05 85.69 0 4.114
1634535300 22.04 85.66 0 4.114
1634535360 22.01 85.61 0 4.108
1634535420 21.97 85.51 0 4.114
1634535480 21.97 85.39 0 4.114
1634535540 22 85.3 0 4.114
1634535600 22 85.19 0 4.114
1634535660 21.98 85.14 0 4.114
1634535720 21.98 84.98 0 4.114
1634535780 21.97 84.93 0 4.114
1634535840 21.95 84.83 0 4.114
1634535900 21.97 84.79 0 4.114
1634535960 21.97 84.76 0 4.114
1634536020 21.98 84.69 0 4.114
1634536080 21.97 84.7 0 4.114
1634536140 21.95 84.62 0 4.114
1634536200 21.95 84.59 0 4.114
1634536260 21.93 84.53 0 4.114
1634536320 21.91 84.48 0 4.114
1634536380 21.93 84.45 0 4.114
1634536440 21.93 84.46 0 4.114
1634536500 21.9 84.36 0 4.114
1634536560 21.93 84.37 0 4.114
1634536620 21.9 84.33 0 4.114
1634536680 21.88 84.33 0 4.114
1634536740 21.87 84.25 0 4.114
1634536800 21.83 84.16 0 4.114
1634536860 21.87 84.14 0 4.108
1634536920 21.85 84.06 0 4.114
1634536980 21.84 83.98 0 4.108
1634537040 21.87 83.9 0 4.114
1634537100 21.83 83.84 0 4.114
1634537160 21.87 83.75 0 4.114
1634537220 21.85 83.68 0 4.114
1634537280 21.84 83.57 0 4.114
1634537340 21.84 83.46 0 4.114
1634537400 21.84 83.38 0 4.114
1634537460 21.87 83.26 0 4.114
1634537520 21.85 83.22 0 4.108
1634537580 21.84 83.12 0 4.114
1634537640 21.85 83.1 0 4.108
1634537700 21.84 83.02 0 4.114
1634537760 21.81 82.96 0 4.108
1634537820 21.8 82.9 0 4.108
1634537880 21.77 82.86 0 4.114
1634537940 21.79 82.82 0 4.114
1634538000 21.8 82.73 0 4.114
1634538060 21.79 82.7 0 4.114
1634538120 21.77 82.67 0 4.108
1634538180 21.81 82.71 0 4.114
1634538240 21.81 82.67 0 4.114
1634538300 21.79 82.63 0 4.108
1634538360 21.8 82.65 0 4.114
1634538420 21.79 82.63 0 4.114
1634538480 21.77 82.59 0 4.114
1634538540 21.74 82.58 0 4.114
1634538600 21.74 82.59 0 4.108
1634538660 21.73 82.57 0 4.114
1634538720 21.71 82.58 0 4.114
1634538780 21.68 82.56 0 4.114
1634538840 21.67 82.53 0 4.114
1634538900 21.65 82.46 0 4.114
1634538960 21.65 82.37 0 4.114
1634539020 21.68 82.38 0 4.114
1634539080 21.68 82.4 0 4.108
1634539140 21.68 82.41 0 4.108
1634539200 21.67 82.41 0 4.114
1634539260 21.63 82.41 0 4.114
1634539320 21.63 82.42 0 4.114
1634539380 21.6 82.4 0 4.108
1634539440 21.6 82.38 0 4.114
1634539500 21.61 82.35 0 4.114
1634539560 21.58 82.27 0 4.108
1634539620 21.6 82.28 0 4.108
1634539680 21.58 82.21 0 4.114
1634539740 21.6 82.2 0 4.108
1634539800 21.6 82.17 0 4.114
1634539860 21.6 82.09 0 4.114
1634539920 21.6 82.11 0 4.108
1634539980 21.6 82.13 0 4.114
1634540040 21.58 82.18 0 4.108
1634540100 21.56 82.22 0 4.108
1634540160 21.52 82.26 0 4.114
1634540220 21.52 82.32 0 4.114
1634540280 21.53 82.41 0 4.108
1634540340 21.5 82.51 0 4.108
1634540400 21.46 82.57 0 4.108
1634540460 21.46 82.7 0 4.108
1634540520 21.4 82.78 0 4.108
1634540580 21.43 82.9 0 4.108
1634540640 21.39 82.96 0 4.114
1634540700 21.37 83.07 0 4.114
1634540760 21.37 83.17 0 4.108
1634540820 21.36 83.17 0 4.108
1634540880 21.33 83.23 0 4.108
1634540940 21.33 83.32 0 4.108
1634541000 21.33 83.34 0 4.114
1634541060 21.29 83.4 0 4.108
1634541120 21.3 83.43 0 4.114
1634541180 21.32 83.52 0 4.108
1634541240 21.28 83.57 0 4.114
1634541300 21.29 83.65 0 4.108
1634541360 21.28 83.72 0 4.108
1634541420 21.23 83.76 0 4.108
1634541480 21.2 83.78 0 4.108
1634541540 21.19 83.82 0 4.108
1634541600 21.18 83.87 0 4.114
1634541660 21.19 83.88 0 4.108
1634541720 21.19 83.95 0 4.108
1634541780 21.2 83.99 0 4.114
1634541840 21.18 84.12 0 4.108
1634541900 21.14 84.19 0 4.108
1634541960 21.14 84.25 0 4.108
1634542020 21.16 84.28 0 4.108
1634542080 21.13 84.31 0 4.108
1634542140 21.13 84.33 0 4.108
1634542200 21.1 84.37 0 4.114
1634542260 21.1 84.38 0 4.108
1634542320 21.07 84.4 0 4.108
1634542380 21.05 84.37 0 4.108
1634542440 21.06 84.29 0 4.114
1634542500 21.05 84.16 0 4.108
1634542560 21.09 84.11 0 4.108
1634542620 21.06 84.01 0 4.108
1634542680 21.06 83.93 0 4.108
1634542740 21.06 83.83 0 4.108
1634542800 21.09 83.75 0 4.108
1634542860 21.1 83.68 0 4.108
1634542920 21.12 83.63 0 4.108
1634542980 21.12 83.56 0 4.108
1634543040 21.1 83.42 0 4.114
1634543100 21.12 83.27 0 4.114
1634543160 21.12 83.14 0 4.108
1634543220 21.16 82.91 0 4.108
1634543280 21.2 82.8 0 4.108
1634543340 21.23 82.65 0 4.108
1634543400 21.25 82.55 0 4.108
1634543460 21.28 82.39 0 4.114
1634543520 21.28 82.31 0 4.108
1634543580 21.25 82.21 0 4.114
1634543640 21.28 82.16 0 4.108
1634543700 21.29 82.14 0 4.108
1634543760 21.3 82.11 0 4.108
1634543820 21.28 82 0 4.108
1634543880 21.26 81.97 0 4.108
1634543940 21.28 81.96 0 4.108
1634544000 21.28 82 0 4.114
1634544060 21.29 82.03 0 4.108
1634544120 21.25 82.08 0 4.108
1634544180 21.32 82.28 0 4.108
1634544240 21.29 82.6 0 4.108
1634544300 21.33 82.77 0 4.108
1634544360 21.3 83.08 0 4.108
1634544420 21.26 83.23 0 4.108
1634544480 21.2 83.32 0 4.108
1634544540 21.2 83.42 0 4.108
1634544600 21.14 83.41 0 4.108
1634544660 21.12 83.12 0 4.108
1634544720 21.18 82.92 0 4.108
1634544780 21.2 82.72 0 4.108
1634544840 21.2 82.59 0 4.114
1634544900 21.2 82.42 0 4.108
1634544960 21.2 82.38 0 4.103
1634545020 21.2 82.34 0 4.108
1634545080 21.18 82.35 0 4.108
1634545140 21.14 82.39 0 4.108
1634545200 21.1 82.38 0 4.108
1634545260 21.07 82.45 0 4.108
1634545320 21.05 82.53 0 4.108
1634545380 21 82.55 0 4.108
1634545440 20.99 82.57 0 4.108
1634545500 20.99 82.64 0 4.108
1634545560 20.96 82.69 0 4.108
1634545620 20.93 82.73 0 4.108
1634545680 20.92 82.7 0 4.108
1634545740 20.86 82.59 0 4.108
1634545800 20.89 82.56 0 4.108
1634545860 20.9 82.6 0 4.103
1634545920 20.92 82.59 0 4.108
1634545980 20.93 82.6 0 4.108
1634546040 20.9 82.6 0 4.108
1634546100 20.9 82.58 0 4.108
1634546160 20.89 82.55 0 4.108
1634546220 20.89 82.53 0 4.108
1634546280 20.89 82.55 0 4.108
1634546340 20.86 82.51 0 4.108
1634546400 20.83 82.47 0 4.108
1634546460 20.85 82.49 0 4.103
1634546520 20.85 82.46 0 4.108
1634546580 20.81 82.46 0 4.108
1634546640 20.78 82.41 0 4.108
1634546700 20.78 82.38 0 4.108
1634546760 20.79 82.35 0 4.103
1634546820 20.78 82.33 0 4.103
1634546880 20.81 82.34 0 4.108
1634546940 20.79 82.29 0 4.108
1634547000 20.81 82.26 0 4.108
1634547060 20.82 82.23 0 4.108
1634547120 20.82 82.27 0 4.103
1634547180 20.78 82.32 0 4.108
1634547240 20.78 82.34 0 4.108
1634547300 20.75 82.35 0 4.108
1634547360 20.75 82.37 0 4.108
1634547420 20.69 82.38 0 4.108
1634547480 20.69 82.45 0 4.108
1634547540 20.68 82.52 0 4.108
1634547600 20.68 82.63 0 4.108
1634547660 20.65 82.7 0 4.103
1634547720 20.61 82.76 0 4.108
1634547780 20.64 82.85 0 4.108
1634547840 20.62 82.92 0 4.108
1634547900 20.56 82.98 0 4.103
1634547960 20.55 83 0 4.103
1634548020 20.54 83.03 0 4.108
1634548080 20.54 83.1 0 4.108
1634548140 20.54 83.26 0 4.103
1634548200 20.55 83.34 0 4.108
1634548260 20.49 83.41 0 4.103
1634548320 20.51 83.51 0 4.103
1634548380 20.52 83.57 0 4.103
1634548440 20.54 83.66 0 4.108
1634548500 20.52 83.86 0 4.108
1634548560 20.48 83.95 0 4.103
1634548620 20.47 84.05 0 4.103
1634548680 20.48 84.15 0 4.103
1634548740 20.48 84.3 0 4.108
1634548800 20.51 84.43 0 4.103
1634548860 20.51 84.54 0 4.103
1634548920 20.49 84.75 0 4.108
1634548980 20.47 84.85 0 4.108
1634549040 20.45 84.97 0 4.108
1634549100 20.42 85.04 0 4.108
1634549160 20.41 85.06 0 4.108
1634549220 20.45 85.09 0 4.103
1634549280 20.48 85.15 0 4.108
1634549340 20.47 85.19 0 4.103
1634549400 20.47 85.15 0 4.108
1634549460 20.49 85.16 0 4.103
1634549520 20.52 85.07 0 4.103
1634549580 20.54 85.05 0 4.108
1634549640 20.54 84.99 0 4.103
1634549700 20.59 84.99 0 4.103
1634549760 20.59 84.96 0 4.103
1634549820 20.64 84.96 0 4.108
1634549880 20.68 85.04 0 4.108
1634549940 20.69 85.08 0 4.103
1634550000 20.69 85.04 0 4.103
1634550060 20.68 85.03 0 4.103
1634550120 20.72 85.04 0 4.103
1634550180 20.74 85 0 4.103
1634550240 20.75 85.04 0 4.108
1634550300 20.78 85.07 0 4.103
1634550360 20.78 85.05 0 4.103
1634550420 20.79 85.07 0 4.103
1634550480 20.79 85.09 0 4.103
1634550540 20.78 85.03 0 4.103
1634550600 20.77 85.02 0 4.103
1634550660 20.77 84.99 0 4.103
1634550720 20.78 84.9 0 4.103
1634550780 20.77 84.86 0 4.108
1634550840 20.74 84.8 0 4.103
1634550900 20.74 84.66 0 4.108
1634550960 20.74 84.62 0 4.103
1634551020 20.75 84.62 0 4.103
1634551080 20.74 84.55 0 4.103
1634551140 20.74 84.49 0 4.103
1634551200 20.75 84.48 0 4.103
1634551260 20.74 84.4 0 4.098
1634551320 20.71 84.35 0 4.103
1634551380 20.74 84.28 0 4.103
1634551440 20.75 84.26 0 4.103
1634551500 20.75 84.2 0 4.103
1634551560 20.72 84.18 0 4.103
1634551620 20.77 84.19 0 4.103
1634551680 20.75 84.16 0 4.103
1634551740 20.75 84.2 0 4.103
1634551800 20.78 84.29 0 4.103
1634551860 20.78 84.41 0 4.103
1634551920 20.74 84.46 0 4.103
1634551980 20.71 84.5 0 4.103
1634552040 20.72 84.55 0 4.103
1634552100 20.68 84.57 0 4.103
1634552160 20.69 84.68 0 4.103
1634552220 20.69 84.77 0 4.103
1634552280 20.69 84.86 0 4.103
1634552340 20.64 84.93 0 4.103
1634552400 20.69 85.02 0 4.103
1634552460 20.64 85.15 0 4.103
1634552520 20.67 85.29 0 4.103
1634552580 20.62 85.36 0 4.103
1634552640 20.61 85.4 0 4.103
1634552700 20.58 85.49 0 4.103
1634552760 20.61 85.54 0 4.103
1634552820 20.59 85.61 0 4.103
1634552880 20.58 85.69 0 4.103
1634552940 20.56 85.72 0 4.103
1634553000 20.54 85.79 0 4.103
1634553060 20.54 85.79 0 4.098
1634553120 20.52 85.77 0 4.103
1634553180 20.51 85.71 0 4.103
1634553240 20.55 85.68 0 4.103
1634553300 20.55 85.7 0 4.103
1634553360 20.56 85.69 0 4.103
1634553420 20.58 85.72 0 4.103
1634553480 20.59 85.73 0 4.103
1634553540 20.62 85.78 0 4.103
1634553600 20.61 85.74 0 4.103
1634553660 20.62 85.74 0 4.103
1634553720 20.62 85.78 0 4.103
1634553780 20.64 85.78 6 4.103
1634553840 20.65 85.82 6 4.103
1634553900 20.67 85.85 6 4.098
1634553960 20.68 85.89 6 4.098
1634554020 20.67 85.91 6 4.098
1634554080 20.67 85.91 6 4.103
1634554140 20.65 85.94 6 4.098
1634554200 20.69 85.92 6 4.103
1634554260 20.71 86 6 4.103
1634554320 20.69 85.95 12 4.103
1634554380 20.67 85.91 12 4.103
1634554440 20.71 85.84 12 4.103
1634554500 20.75 85.87 12 4.103
1634554560 20.75 85.96 12 4.103
1634554620 20.72 85.99 12 4.103
1634554680 20.75 86.05 18 4.103
1634554740 20.75 86.04 18 4.103
1634554800 20.74 86.04 18 4.103
1634554860 20.77 86.05 18 4.098
1634554920 20.77 86.04 18 4.098
1634554980 20.77 86.1 18 4.098
1634555040 20.77 86.06 18 4.098
1634555100 20.81 86.01 18 4.103
1634555160 20.81 86.04 18 4.098
1634555220 20.82 86.05 24 4.103
1634555280 20.81 86.04 24 4.103
1634555340 20.81 86.03 24 4.103
1634555400 20.82 86.02 24 4.103
1634555460 20.85 86.04 24 4.103
1634555520 20.83 86 24 4.103
1634555580 20.86 86 24 4.103
1634555640 20.89 86 24 4.103
1634555700 20.89 86.01 24 4.103
1634555760 20.9 86.01 30 4.103
1634555820 20.92 85.99 30 4.103
1634555880 20.93 86.05 30 4.103
1634555940 20.96 86.07 30 4.103
1634556000 20.95 86.09 30 4.103
1634556060 20.96 86.04 36 4.103
1634556120 20.98 85.98 36 4.103
1634556180 21 85.9 36 4.103
1634556240 21.03 85.9 42 4.103
1634556300 21.05 85.92 42 4.103
1634556360 21.07 85.89 42 4.103
1634556420 21.1 85.86 42 4.103
1634556480 21.13 85.84 42 4.103
1634556540 21.12 85.8 42 4.103
1634556600 21.12 85.71 48 4.103
1634556660 21.16 85.62 48 4.103
1634556720 21.19 85.57 48 4.103
1634556780 21.2 85.5 48 4.103
1634556840 21.26 85.46 48 4.103
1634556900 21.29 85.41 54 4.103
1634556960 21.29 85.41 54 4.103
1634557020 21.32 85.35 60 4.103
1634557080 21.33 85.36 54 4.103
1634557140 21.4 85.42 60 4.103
1634557200 21.4 85.49 60 4.103
1634557260 21.39 85.47 60 4.103
1634557320 21.4 85.54 60 4.103
1634557380 21.39 85.55 60 4.103
1634557440 21.42 85.5 66 4.103
1634557500 21.46 85.5 66 4.103
1634557560 21.5 85.45 66 4.103
1634557620 21.52 85.34 66 4.103
1634557680 21.56 85.2 66 4.103
1634557740 21.54 85.08 72 4.103
1634557800 21.57 85.02 72 4.103
1634557860 21.58 84.91 72 4.103
1634557920 21.6 84.86 72 4.103
1634557980 21.63 84.78 78 4.103
1634558040 21.67 84.76 78 4.103
1634558100 21.7 84.68 84 4.103
1634558160 21.73 84.56 84 4.103
1634558220 21.77 84.48 84 4.103
1634558280 21.8 84.45 84 4.103
1634558340 21.87 84.47 90 4.103
1634558400 21.94 84.52 90 4.108
1634558460 21.98 84.66 90 4.103
1634558520 22.01 84.75 96 4.103
1634558580 22.05 84.82 96 4.103
1634558640 22.12 84.91 96 4.108
1634558700 22.15 84.97 102 4.108
1634558760 22.21 85.05 102 4.103
1634558820 22.24 85.13 102 4.103
1634558880 22.28 85.19 108 4.108
1634558940 22.34 85.26 108 4.108
1634559000 22.39 85.22 108 4.108
1634559060 22.44 85.22 114 4.108
1634559120 22.51 85.27 114 4.108
1634559180 22.48 85.2 114 4.108
1634559240 22.55 85.21 120 4.108
1634559300 22.46 85.06 120 4.108
1634559360 22.51 84.98 120 4.108
1634559420 22.54 84.89 126 4.108
1634559480 22.52 84.8 126 4.108
1634559540 22.58 84.72 132 4.108
1634559600 22.56 84.71 138 4.108
1634559660 22.61 84.62 138 4.108
1634559720 22.61 84.49 138 4.108
1634559780 22.65 84.43 144 4.108
1634559840 22.75 84.36 144 4.108
1634559900 22.8 84.22 150 4.108
1634559960 22.88 84.11 150 4.108
1634560020 22.95 84.04 150 4.108
1634560080 22.92 83.95 150 4.108
1634560140 22.89 83.8 150 4.108
1634560200 22.9 83.65 150 4.108
1634560260 22.95 83.56 150 4.108
1634560320 22.95 83.37 156 4.114
1634560380 22.96 83.15 162 4.108
1634560440 23 82.98 162 4.114
1634560500 23.09 82.83 168 4.108
1634560560 23.17 82.65 168 4.108
1634560620 23.24 82.42 168 4.108
1634560680 23.34 82.28 168 4.114
1634560740 23.44 82.07 168 4.114
1634560800 23.57 81.98 174 4.114
1634560860 23.64 81.73 174 4.114
1634560920 23.56 81.51 174 4.114
1634560980 23.59 81.33 174 4.114
1634561040 23.63 81.27 180 4.108
1634561100 23.6 81.07 180 4.114
1634561160 23.56 80.93 186 4.114
1634561220 23.51 80.83 186 4.114
1634561280 23.63 80.78 198 4.114
1634561340 23.72 80.72 192 4.114
1634561400 23.77 80.67 198 4.114
1634561460 23.94 80.62 198 4.114
1634561520 24 80.5 204 4.114
1634561580 24.12 80.29 204 4.114
1634561640 24.07 80.19 204 4.114
1634561700 24.01 80.18 216 4.114
1634561760 24.1 80.11 222 4.114
1634561820 24.1 79.83 204 4.114
1634561880 24.01 79.65 204 4.119
1634561940 24.05 79.48 210 4.114
1634562000 24.16 79.33 234 4.114
1634562060 24.26 79.22 222 4.114
1634562120 24.42 79.22 234 4.119
1634562180 24.49 79.03 216 4.114
1634562240 24.46 78.84 222 4.114
1634562300 24.58 78.64 240 4.119
1634562360 24.61 78.55 228 4.119
1634562420 24.58 78.38 210 4.114
1634562480 24.56 78.24 204 4.119
1634562540 24.56 78.29 198 4.119
1634562600 24.55 78.17 192 4.114
1634562660 24.53 78.08 186 4.114
1634562720 24.56 78 186 4.119
1634562780 24.62 78 180 4.114
1634562840 24.76 78.06 180 4.114
1634562900 24.83 77.95 192 4.119
1634562960 24.89 77.79 168 4.114
1634563020 24.94 77.78 168 4.114
1634563080 24.93 77.66 168 4.119
1634563140 24.91 77.55 162 4.114
1634563200 24.9 77.58 162 4.114
1634563260 24.97 77.54 150 4.114
1634563320 24.97 77.45 144 4.114
1634563380 25.03 77.33 174 4.114
1634563440 25.09 77.42 138 4.114
1634563500 25.12 77.38 174 4.114
1634563560 24.96 77.47 162 4.114
1634563620 24.87 77.56 150 4.114
1634563680 24.82 77.74 168 4.114
1634563740 24.96 77.87 162 4.114
1634563800 24.97 77.99 150 4.114
1634563860 25 77.99 102 4.114
1634563920 25.12 77.94 84 4.114
1634563980 24.98 77.93 66 4.114
1634564040 24.97 77.9 60 4.108
1634564100 24.93 77.85 60 4.114
1634564160 24.9 77.69 60 4.108
1634564220 24.83 77.61 60 4.114
1634564280 24.67 77.68 60 4.114
1634564340 24.42 77.82 102 4.114
1634564400 24.22 77.92 162 4.114
1634564460 24.22 78.07 174 4.114
1634564520 24.38 78.24 150 4.114
1634564580 24.38 78.3 144 4.119
1634564640 24.48 78.36 168 4.114
1634564700 24.58 78.39 411 4.114
1634564760 24.58 78.33 707 4.114
1634564820 24.62 78.36 551 4.119
1634564880 24.82 78.32 495 4.119
1634564940 24.97 78.17 314 4.119
1634565000 25.06 77.89 180 4.114
1634565060 25.14 77.77 138 4.119
1634565120 25.26 77.53 114 4.114
1634565180 25.17 77.21 186 4.119
1634565240 25.18 77.05 319 4.119
1634565300 25.36 76.88 362 4.114
1634565360 25.41 76.6 162 4.114
1634565420 25.57 76.51 120 4.114
1634565480 25.51 76.26 108 4.114
1634565540 25.52 76.19 108 4.114
1634565600 25.57 76.09 108 4.114
1634565660 25.6 76.03 114 4.114
1634565720 25.52 75.76 126 4.114
1634565780 25.54 75.71 138 4.114
1634565840 25.41 75.44 144 4.114
1634565900 25.4 75.3 162 4.114
1634565960 25.48 75.31 174 4.114
1634566020 25.57 75.4 180 4.114
1634566080 25.74 75.42 180 4.119
1634566140 25.88 75.34 174 4.119
1634566200 25.93 75.13 168 4.119
1634566260 26.02 74.89 144 4.119
1634566320 26.12 74.8 138 4.119
1634566380 26.22 74.74 108 4.119
1634566440 26.32 74.49 126 4.119
1634566500 26.25 74.36 120 4.119
1634566560 26.28 74.35 114 4.114
1634566620 26.39 74.23 114 4.114
1634566680 26.28 73.95 102 4.114
1634566740 26.11 73.67 120 4.114
1634566800 26.16 73.56 132 4.119
1634566860 26.18 73.32 138 4.114
1634566920 26.23 73.14 138 4.114
1634566980 26.28 72.91 132 4.114
1634567040 26.35 72.72 108 4.114
1634567100 26.43 72.55 66 4.114
1634567160 26.49 72.47 54 4.114
1634567220 26.32 72.39 54 4.114
1634567280 26.18 72.26 96 4.114
1634567340 26.21 72.15 114 4.119
1634567400 26.3 72.19 60 4.114
1634567460 26.15 71.91 60 4.114
1634567520 26.06 71.8 72 4.114
1634567580 25.87 71.84 120 4.114
1634567640 25.69 72 114 4.114
1634567700 25.71 72.09 126 4.114
1634567760 25.78 72.17 120 4.114
1634567820 25.82 72.19 108 4.114
1634567880 25.92 72 114 4.114
1634567940 26.08 71.74 138 4.114
1634568000 26.08 71.26 102 4.114
1634568060 26.23 70.96 102 4.114
1634568120 26.29 70.61 108 4.114
1634568180 26.33 70.27 108 4.114
1634568240 26.49 70.16 102 4.114
1634568300 26.47 70.02 102 4.119
1634568360 26.43 69.78 108 4.114
1634568420 26.56 69.5 108 4.114
1634568480 26.52 69.28 120 4.114
1634568540 26.42 68.98 180 4.114
1634568600 26.54 68.87 204 4.119
1634568660 26.56 68.81 186 4.119
1634568720 26.62 68.65 216 4.119
1634568780 26.77 68.61 156 4.119
1634568840 26.82 68.52 162 4.114
1634568900 26.87 68.3 108 4.119
1634568960 26.94 68.1 259 4.114
1634569020 27.04 68.03 144 4.119
1634569080 27.13 67.91 186 4.114
1634569140 27.27 67.79 192 4.119
1634569200 27.37 67.48 162 4.119
1634569260 27.44 67.26 362 4.114
1634569320 27.49 66.96 126 4.119
1634569380 27.47 66.61 132 4.119
1634569440 27.44 66.42 138 4.119
1634569500 27.49 66.33 144 4.119
1634569560 27.58 66.3 144 4.119
1634569620 27.64 66.08 150 4.114
1634569680 27.68 65.81 150 4.119
1634569740 27.78 65.48 156 4.119
1634569800 27.91 65.29 168 4.119
1634569860 27.99 65.13 126 4.119
1634569920 27.98 64.9 150 4.114
1634569980 28.02 64.64 186 4.119
1634570040 28 64.52 186 4.119
1634570100 27.81 64.35 180 4.119
1634570160 27.44 64.13 162 4.119
1634570220 27.38 64.24 144 4.119
1634570280 27.47 64.24 174 4.119
1634570340 27.41 64.16 198 4.119
1634570400 27.33 64.26 198 4.119
1634570460 27.3 64.35 259 4.119
1634570520 27.4 64.42 272 4.125
1634570580 27.4 64.4 272 4.125
1634570640 27.62 64.3 272 4.125
1634570700 27.64 64.37 230 4.125
1634570760 27.78 64.29 198 4.125
1634570820 27.86 64.35 210 4.125
1634570880 27.95 64.32 224 4.125
1634570940 27.94 64.12 254 4.125
1634571000 27.98 64.18 272 4.125
1634571060 27.72 64.12 278 4.125
1634571120 27.52 64.12 290 4.13
1634571180 27.47 64.13 290 4.125
1634571240 27.43 64.33 290 4.125
1634571300 27.3 64.42 296 4.125
1634571360 27.34 64.62 296 4.13
1634571420 27.49 64.78 302 4.119
1634571480 27.43 64.81 326 4.13
1634571540 27.35 64.87 356 4.13
1634571600 27.35 65 344 4.119
1634571660 27.34 64.98 302 4.119
1634571720 27.38 65.04 289 4.119
1634571780 27.37 65.18 296 4.119
1634571840 27.38 65.18 314 4.114
1634571900 27.43 65.13 319 4.114
1634571960 27.55 64.92 393 4.125
1634572020 27.68 64.78 603 4.114
1634572080 27.95 64.86 325 4.119
1634572140 28.08 64.95 290 4.114
1634572200 28.26 64.96 277 4.114
1634572260 28.27 64.78 301 4.114
1634572320 28.32 64.57 1100 4.114
1634572380 28.42 64.26 331 4.114
1634572440 28.5 64.04 289 4.119
1634572500 28.46 63.81 417 4.119
1634572560 28.51 63.7 344 4.114
1634572620 28.73 63.79 356 4.114
1634572680 28.82 63.58 331 4.114
1634572740 28.75 63.3 283 4.114
1634572800 28.7 63.19 252 4.114
1634572860 28.6 63.2 228 4.125
1634572920 28.64 63.21 228 4.119
1634572980 28.61 63.19 938 4.114
1634573040 28.45 63.18 1149 4.114
1634573100 28.18 63.05 380 4.114
1634573160 28.13 62.97 441 4.114
1634573220 28.42 63.11 501 4.114
1634573280 28.63 63.1 774 4.114
1634573340 28.94 62.98 265 4.114
1634573400 29.08 62.77 252 4.114
1634573460 29.28 62.68 277 4.114
1634573520 29.28 62.27 307 4.114
1634573580 29.22 61.97 337 4.114
1634573640 29.17 61.75 362 4.114
1634573700 29.05 61.72 417 4.114
1634573760 28.96 61.67 393 4.114
1634573820 28.69 61.37 397 4.114
1634573880 28.45 61.35 319 4.114
1634573940 28.39 61.29 289 4.114
1634574000 28.36 61.36 289 4.114
1634574060 28.39 61.38 295 4.114
1634574120 28.4 61.48 313 4.114
1634574180 28.2 61.39 319 4.114
1634574240 28.05 61.44 399 4.114
1634574300 27.98 61.48 1329 4.114
1634574360 28.09 61.55 676 4.108
1634574420 28.32 61.58 1353 4.114
1634574480 28.54 61.57 1311 4.114
1634574540 28.87 61.55 1261 4.108
1634574600 29.08 61.47 567 4.114
1634574660 29.53 61.49 385 4.108
1634574720 29.66 61.52 1106 4.108
1634574780 29.59 61.45 924 4.108
1634574840 29.62 61.25 918 4.108
1634574900 29.76 61.28 1225 4.114
1634574960 29.62 61.01 1027 4.108
1634575020 29.86 60.84 1197 4.114
1634575080 29.86 60.79 1189 4.114
1634575140 30.09 60.71 1213 4.108
1634575200 30.16 60.4 579 4.114
1634575260 29.98 60.11 1159 4.108
1634575320 30.16 59.89 186 4.114
1634575380 30.07 59.48 296 4.119
1634575440 29.92 59.3 1255 4.108
1634575500 29.65 59.2 1201 4.114
1634575560 29.35 59.14 1186 4.141
1634575620 29.45 59.08 1192 4.146
1634575680 29.75 58.95 1206 4.146
1634575740 30.06 58.95 356 4.119
1634575800 30.5 58.87 399 4.114
1634575860 30.48 58.58 755 4.114
1634575920 30.23 58.3 1197 4.114
1634575980 29.98 58.18 1173 4.114
1634576040 29.99 58.16 1161 4.114
1634576100 30.03 57.94 1149 4.114
1634576160 29.83 57.74 1155 4.114
1634576220 29.76 57.46 1149 4.114
1634576280 30.1 57.38 1142 4.114
1634576340 30.53 57.1 953 4.114
1634576400 30.92 56.86 670 4.114
1634576460 31.08 56.61 972 4.135
1634576520 30.79 56.34 1114 4.141
1634576580 30.64 56.19 1114 4.141
1634576640 31.18 56.12 1114 4.146
1634576700 31.22 55.87 1108 4.146
1634576760 31.11 55.57 1114 4.146
1634576820 31.07 55.37 1108 4.151
1634576880 31.01 55.08 1114 4.146
1634576940 31.32 54.99 1109 4.151
1634577000 31.62 54.93 1102 4.151
1634577060 31.84 54.65 1097 4.151
1634577120 31.77 54.37 1103 4.151
1634577180 31.72 54.01 1109 4.157
1634577240 31.52 53.72 1123 4.151
1634577300 31.87 53.47 1127 4.151
1634577360 32.09 53.05 1136 4.151
1634577420 31.93 52.74 1149 4.157
1634577480 31.93 52.53 1155 4.157
1634577540 31.93 52.34 1161 4.157
1634577600 31.94 52.16 1167 4.157
1634577660 31.59 51.94 1142 4.157
1634577720 31.92 51.79 1150 4.162
1634577780 31.59 51.6 1150 4.157
1634577840 31.69 51.6 1136 4.157
1634577900 32.13 51.7 1117 4.157
1634577960 32.44 51.46 1118 4.162
1634578020 32.55 51.27 1124 4.162
1634578080 32.49 51.01 1130 4.157
1634578140 32.2 50.74 1132 4.162
1634578200 31.77 50.58 1130 4.162
1634578260 32.04 50.63 1124 4.162
1634578320 32.37 50.52 1130 4.162
1634578380 32.19 50.19 1132 4.162
1634578440 32.06 49.77 1130 4.162
1634578500 32.12 49.69 1144 4.162
1634578560 32.14 49.37 617 4.157
1634578620 32.31 49.27 578 4.141
1634578680 32.04 49.08 1191 4.135
1634578740 31.53 48.8 1161 4.135
1634578800 31.28 48.73 1149 4.135
1634578860 31.77 48.69 1136 4.135
1634578920 32.2 48.7 1142 4.135
1634578980 32.53 48.56 1142 4.135
1634579040 32.71 48.32 1153 4.13
1634579100 32.85 48.08 1161 4.135
1634579160 32.81 47.93 1173 4.135
1634579220 32.84 47.81 1179 4.135
1634579280 32.67 47.82 1197 4.135
1634579340 32.98 47.92 1227 4.135
1634579400 32.63 47.74 1267 4.13
1634579460 32.45 47.78 364 4.135
1634579520 31.96 47.8 1331 4.135
1634579580 31.75 48.09 406 4.135
1634579640 31.86 48.37 290 4.13
1634579700 31.55 48.48 254 4.135
1634579760 31.41 48.78 242 4.13
1634579820 31.36 48.85 284 4.135
1634579880 30.92 49.03 746 4.13
1634579940 30.67 49.46 807 4.13
1634580000 30.58 49.77 929 4.135
1634580060 30.51 50.11 1183 4.13
1634580120 30.97 50.49 1165 4.13
1634580180 31.39 50.67 1135 4.13
1634580240 31.25 50.64 1149 4.13
1634580300 31.38 50.64 1177 4.13
1634580360 31.55 50.58 278 4.13
1634580420 31.72 50.61 290 4.13
1634580480 31.63 50.53 600 4.13
1634580540 31.33 50.54 1213 4.13
1634580600 30.97 50.8 1183 4.135
1634580660 31.14 51.09 1167 4.13
1634580720 31.29 51.3 218 4.13
1634580780 31.26 51.56 200 4.13
1634580840 31.11 51.66 194 4.13
1634580900 30.95 51.82 188 4.13
1634580960 30.54 52.12 206 4.135
1634581020 30.28 52.4 200 4.135
1634581080 30.28 52.77 200 4.135
1634581140 30.27 53.03 218 4.141
1634581200 30.22 53.35 248 4.141
1634581260 29.76 53.81 310 4.141
1634581320 29.52 54.3 527 4.13
1634581380 29.62 54.74 284 4.13
1634581440 29.68 54.94 206 4.135
1634581500 29.63 55.31 188 4.13
1634581560 29.69 55.75 188 4.13
1634581620 29.48 56.08 200 4.13
1634581680 29.35 56.33 200 4.13
1634581740 29.36 56.55 212 4.13
1634581800 29.44 56.74 224 4.13
1634581860 29.39 56.95 200 4.13
1634581920 29.21 57.52 200 4.135
1634581980 29.2 57.77 212 4.135
1634582040 29.17 58.08 248 4.135
1634582100 29.07 58.3 1049 4.13
1634582160 29.21 58.54 180 4.13
1634582220 29.28 58.83 176 4.13
1634582280 29.34 59.03 170 4.13
1634582340 29.44 59.18 156 4.13
1634582400 29.45 59.25 144 4.13
1634582460 29.34 59.37 655 4.13
1634582520 29.22 59.66 174 4.13
1634582580 29.12 59.84 188 4.13
1634582640 29.05 60.01 212 4.13
1634582700 28.97 60.13 230 4.13
1634582760 28.96 60.38 248 4.135
1634582820 28.86 60.46 310 4.141
1634582880 28.96 60.66 643 4.13
1634582940 28.94 60.82 795 4.13
1634583000 28.89 60.73 983 4.13
1634583060 28.93 60.72 618 4.13
1634583120 29.17 60.8 752 4.13
1634583180 29.17 60.73 959 4.13
1634583240 29.51 60.75 947 4.13
1634583300 29.62 60.61 941 4.13
1634583360 29.79 60.45 903 4.13
1634583420 30.05 60.36 879 4.13
1634583480 29.9 60.09 909 4.13
1634583540 30.1 59.98 891 4.13
1634583600 29.98 59.77 885 4.13
1634583660 29.99 59.6 886 4.135
1634583720 30.05 59.48 880 4.141
1634583780 30.37 59.32 876 4.141
1634583840 30.77 59.03 874 4.141
1634583900 30.67 58.61 870 4.135
1634583960 30.77 58.35 870 4.141
1634584020 30.54 58.06 868 4.141
1634584080 30.57 57.95 864 4.141
1634584140 30.91 57.71 868 4.141
1634584200 31.46 57.5 874 4.141
1634584260 31.22 57.09 894 4.141
1634584320 31.26 56.92 894 4.141
1634584380 31.65 56.72 894 4.141
1634584440 31.73 56.44 894 4.141
1634584500 32.12 56.13 882 4.141
1634584560 32.22 55.64 876 4.141
1634584620 32.38 55.19 864 4.146
1634584680 32.43 54.92 852 4.141
1634584740 32.4 54.71 852 4.141
1634584800 32.16 54.5 852 4.146
1634584860 32.19 54.41 852 4.141
1634584920 32.03 54.18 852 4.146
1634584980 31.97 54.04 858 4.141
1634585040 31.93 53.9 858 4.146
1634585100 32.03 53.6 858 4.146
1634585160 32.06 53.4 858 4.146
1634585220 31.86 53.26 858 4.146
1634585280 31.87 53.36 862 4.135
1634585340 31.94 53.31 856 4.135
1634585400 32.22 53.35 850 4.135
1634585460 32.29 53.43 849 4.13
1634585520 32.09 53.33 856 4.13
1634585580 31.93 53.43 861 4.135
1634585640 31.82 53.56 862 4.135
1634585700 31.75 53.64 856 4.13
1634585760 31.7 53.65 856 4.135
1634585820 31.56 53.8 856 4.13
1634585880 31.53 53.89 849 4.135
1634585940 31.45 54.11 844 4.135
1634586000 31.63 54.21 849 4.13
1634586060 31.25 54.21 849 4.13
1634586120 31.39 54.36 844 4.13
1634586180 31.61 54.45 825 4.13
1634586240 31.9 54.45 850 4.13
1634586300 31.79 54.48 838 4.13
1634586360 31.9 54.45 826 4.146
1634586420 31.79 54.34 816 4.146
1634586480 31.87 54.29 808 4.146
1634586540 31.89 54.09 798 4.146
1634586600 32.33 54.12 792 4.146
1634586660 32.14 53.87 786 4.146
1634586720 32.45 53.87 780 4.151
1634586780 32.24 53.64 768 4.146
1634586840 32.17 53.65 761 4.146
1634586900 32.02 53.47 749 4.146
1634586960 31.99 53.36 755 4.146
1634587020 31.94 53.36 486 4.135
1634587080 31.76 53.43 236 4.135
1634587140 31.79 53.53 644 4.13
1634587200 31.84 53.58 266 4.135
1634587260 32.14 53.62 771 4.135
1634587320 31.66 53.48 826 4.135
1634587380 31.68 53.63 844 4.13
1634587440 31.53 53.71 832 4.135
1634587500 31.66 53.8 826 4.135
1634587560 31.8 53.82 540 4.135
1634587620 32.14 53.69 388 4.135
1634587680 32.03 53.45 326 4.13
1634587740 32.19 53.21 783 4.135
1634587800 31.72 53 630 4.135
1634587860 31.76 53.03 588 4.135
1634587920 31.72 52.8 382 4.135
1634587980 31.46 52.64 746 4.13
1634588040 31.15 52.6 764 4.13
1634588100 31.39 52.69 752 4.13
1634588160 31.61 52.66 644 4.141
1634588220 31.76 52.61 618 4.13
1634588280 31.79 52.64 382 4.135
1634588340 31.73 52.4 320 4.135
1634588400 31.72 52.32 667 4.13
1634588460 31.75 52.23 272 4.135
1634588520 31.77 52.24 236 4.13
1634588580 31.56 52.39 576 4.13
1634588640 31.25 52.45 230 4.13
1634588700 31.15 52.56 200 4.13
1634588760 30.95 52.72 194 4.135
1634588820 30.66 52.98 188 4.13
1634588880 30.6 53.38 194 4.135
1634588940 30.37 53.64 188 4.135
1634589000 30.19 54.03 200 4.13
1634589060 29.75 54.32 188 4.135
1634589120 29.61 54.6 188 4.141
1634589180 29.31 54.93 182 4.135
1634589240 29.08 55.53 206 4.135
1634589300 28.89 56.13 200 4.141
1634589360 28.71 56.59 254 4.135
1634589420 28.59 57.08 182 4.141
1634589480 28.42 57.48 156 4.135
1634589540 28.26 58.08 170 4.141
1634589600 28.23 58.5 156 4.135
1634589660 28.27 58.97 138 4.135
1634589720 28.23 59.64 126 4.135
1634589780 28.16 59.92 138 4.141
1634589840 28.22 60.36 120 4.141
1634589900 28.3 60.82 132 4.135
1634589960 28.22 61.14 150 4.135
1634590020 28.23 61.38 150 4.141
1634590080 28.2 61.59 150 4.135
1634590140 28.16 61.87 144 4.135
1634590200 28.13 61.99 150 4.141
1634590260 28.26 62.11 146 4.135
1634590320 28.39 62.18 144 4.135
1634590380 28.5 62.25 138 4.141
1634590440 28.56 62.28 132 4.135
1634590500 28.57 62.17 132 4.135
1634590560 28.46 62.14 126 4.141
1634590620 28.46 62.23 138 4.141
1634590680 28.37 62.31 146 4.141
1634590740 28.22 62.41 140 4.141
1634590800 28.33 62.59 126 4.135
1634590860 28.37 62.65 108 4.135
1634590920 28.4 62.72 102 4.141
1634590980 28.37 62.78 108 4.135
1634591040 28.33 62.66 114 4.135
1634591100 28.33 62.66 126 4.141
1634591160 28.18 62.72 140 4.141
1634591220 28.18 62.91 144 4.141
1634591280 28.08 63.06 146 4.141
1634591340 28.19 63.21 152 4.141
1634591400 28.2 63.32 150 4.141
1634591460 28.18 63.46 138 4.141
1634591520 28.08 63.66 132 4.141
1634591580 28.1 63.77 126 4.135
1634591640 28.08 63.84 126 4.141
1634591700 28.06 63.97 120 4.141
1634591760 27.96 64.03 114 4.135
1634591820 27.82 64.17 108 4.135
1634591880 27.76 64.29 102 4.141
1634591940 27.76 64.33 114 4.135
1634592000 27.72 64.5 120 4.141
1634592060 27.69 64.66 114 4.135
1634592120 27.69 64.65 114 4.135
1634592180 27.75 64.61 114 4.141
1634592240 27.81 64.67 120 4.141
1634592300 27.73 64.6 114 4.141
1634592360 27.71 64.78 126 4.141
1634592420 27.66 64.81 120 4.141
1634592480 27.65 64.89 114 4.141
1634592540 27.66 64.95 108 4.135
1634592600 27.59 64.99 108 4.141
1634592660 27.61 65.04 114 4.141
1634592720 27.59 65.16 126 4.141
1634592780 27.51 65.22 132 4.141
1634592840 27.51 65.37 126 4.135
1634592900 27.54 65.44 132 4.141
1634592960 27.59 65.49 132 4.141
1634593020 27.62 65.51 132 4.135
1634593080 27.58 65.55 140 4.141
1634593140 27.65 65.72 132 4.141
1634593200 27.71 65.73 126 4.141
1634593260 27.73 65.66 120 4.141
1634593320 27.81 65.75 120 4.141
1634593380 27.84 65.61 114 4.141
1634593440 27.86 65.51 108 4.135
1634593500 27.88 65.54 108 4.135
1634593560 28 65.45 102 4.135
1634593620 27.99 65.41 96 4.141
1634593680 27.94 65.26 90 4.135
1634593740 27.82 65.06 84 4.135
1634593800 27.75 64.88 78 4.141
1634593860 27.61 64.68 72 4.135
1634593920 27.55 64.67 78 4.135
1634593980 27.44 64.73 78 4.141
1634594040 27.35 64.84 78 4.135
1634594100 27.31 64.88 78 4.141
1634594160 27.27 64.92 78 4.141
1634594220 27.2 65.02 72 4.141
1634594280 27.17 65.14 66 4.135
1634594340 27.11 65.34 54 4.135
1634594400 27.11 65.46 48 4.135
1634594460 27.05 65.62 48 4.135
1634594520 27.04 65.71 48 4.135
1634594580 26.96 65.86 54 4.135
1634594640 27 66.04 54 4.141
1634594700 26.9 66.24 48 4.135
1634594760 26.89 66.37 42 4.135
1634594820 26.87 66.59 42 4.135
1634594880 26.82 66.83 36 4.135
1634594940 26.77 67.02 36 4.135
1634595000 26.69 67.21 30 4.135
1634595060 26.62 67.4 30 4.135
1634595120 26.63 67.55 30 4.135
1634595180 26.6 67.76 30 4.135
1634595240 26.6 67.91 30 4.135
1634595300 26.56 68.06 30 4.135
1634595360 26.5 68.25 30 4.13
1634595420 26.47 68.37 30 4.141
1634595480 26.44 68.57 30 4.135
1634595540 26.42 68.75 24 4.135
1634595600 26.36 69 30 4.135
1634595660 26.32 69.21 30 4.135
1634595720 26.29 69.37 24 4.135
1634595780 26.26 69.61 24 4.135
1634595840 26.21 69.84 24 4.135
1634595900 26.18 70.03 24 4.141
1634595960 26.16 70.31 24 4.135
1634596020 26.14 70.48 24 4.135
1634596080 26.12 70.63 18 4.135
1634596140 26.18 70.83 18 4.135
1634596200 26.11 70.98 18 4.135
1634596260 26.08 71.2 12 4.135
1634596320 26.11 71.39 12 4.13
1634596380 26.05 71.52 6 4.135
1634596440 26.01 71.67 6 4.135
1634596500 25.95 71.89 0 4.135
1634596560 25.88 72.14 0 4.135
1634596620 25.85 72.33 0 4.135
1634596680 25.85 72.54 0 4.135
1634596740 25.85 72.73 0 4.135
1634596800 25.82 72.92 0 4.135
1634596860 25.75 73.11 0 4.135
1634596920 25.74 73.26 0 4.135
1634596980 25.71 73.42 0 4.135
1634597040 25.67 73.6 0 4.135
1634597100 25.65 73.78 0 4.135
1634597160 25.63 73.96 0 4.13
1634597220 25.6 74.12 0 4.13
1634597280 25.56 74.29 0 4.135
1634597340 25.54 74.45 0 4.13
1634597400 25.54 74.6 0 4.13
1634597460 25.49 74.77 0 4.135
1634597520 25.47 74.94 0 4.13
1634597580 25.44 75.05 0 4.135
1634597640 25.47 75.15 0 4.135
1634597700 25.48 75.27 0 4.135
1634597760 25.44 75.35 0 4.135
1634597820 25.4 75.44 0 4.135
1634597880 25.33 75.56 0 4.135
1634597940 25.36 75.78 0 4.135
1634598000 25.34 75.86 0 4.135
1634598060 25.3 75.94 0 4.13
1634598120 25.26 76.07 0 4.13
1634598180 25.21 76.2 0 4.13
1634598240 25.18 76.3 0 4.135
1634598300 25.17 76.38 0 4.135
1634598360 25.16 76.5 0 4.135
1634598420 25.13 76.59 0 4.135
1634598480 25.12 76.67 0 4.135
1634598540 25.1 76.78 0 4.13
1634598600 25.09 76.86 0 4.135
1634598660 25.1 76.99 0 4.135
1634598720 25.03 77.05 0 4.135
1634598780 25.03 77.1 0 4.13
1634598840 25.04 77.22 0 4.135
1634598900 24.97 77.33 0 4.13
1634598960 24.97 77.42 0 4.135
1634599020 24.96 77.46 0 4.13
1634599080 24.9 77.57 0 4.13
1634599140 24.87 77.7 0 4.135
1634599200 24.86 77.81 0 4.13
1634599260 24.86 77.92 0 4.13
1634599320 24.86 78.02 0 4.13
1634599380 24.85 78.13 0 4.135
1634599440 24.79 78.24 0 4.135
1634599500 24.77 78.36 0 4.13
1634599560 24.72 78.44 0 4.135
1634599620 24.72 78.52 0 4.13
1634599680 24.7 78.68 0 4.135
1634599740 24.69 78.73 0 4.13
1634599800 24.63 78.86 0 4.13
1634599860 24.63 78.91 0 4.13
1634599920 24.61 79.04 0 4.13
1634599980 24.56 79.13 0 4.13
1634600040 24.56 79.25 0 4.135
1634600100 24.55 79.37 0 4.135
1634600160 24.51 79.47 0 4.135
1634600220 24.46 79.58 0 4.13
1634600280 24.45 79.7 0 4.13
1634600340 24.46 79.79 0 4.135
1634600400 24.42 79.88 0 4.13
1634600460 24.4 79.99 0 4.13
1634600520 24.39 80.09 0 4.135
1634600580 24.39 80.16 0 4.13
1634600640 24.38 80.25 0 4.13
1634600700 24.35 80.35 0 4.135
1634600760 24.38 80.39 0 4.13
1634600820 24.38 80.45 0 4.13
1634600880 24.36 80.5 0 4.13
1634600940 24.42 80.67 0 4.13
1634601000 24.38 80.69 0 4.13
1634601060 24.33 80.76 0 4.135
1634601120 24.39 80.82 0 4.135
1634601180 24.38 80.81 0 4.13
1634601240 24.39 80.88 0 4.13
1634601300 24.38 80.92 0 4.13
1634601360 24.35 80.96 0 4.13
1634601420 24.36 80.97 0 4.135
1634601480 24.35 80.99 0 4.13
1634601540 24.35 80.98 0 4.13
1634601600 24.32 80.98 0 4.13
1634601660 24.36 81.01 0 4.13
1634601720 24.36 80.98 0 4.13
1634601780 24.38 81.07 0 4.13
1634601840 24.38 81.07 0 4.13
1634601900 24.39 81.06 0 4.13
1634601960 24.36 81.02 0 4.13
1634602020 24.43 81.02 0 4.13
1634602080 24.43 81.04 0 4.13
1634602140 24.42 81.14 0 4.135
1634602200 24.4 81.14 0 4.13
1634602260 24.43 81.12 0 4.13
1634602320 24.43 81.15 0 4.13
1634602380 24.46 81.16 0 4.13
1634602440 24.46 81.1 0 4.135
1634602500 24.48 81.09 0 4.13
1634602560 24.51 81.07 0 4.135
1634602620 24.51 81.11 0 4.13
1634602680 24.51 81.09 0 4.13
1634602740 24.51 81.05 0 4.13
1634602800 24.52 81.06 0 4.13
1634602860 24.55 81.09 0 4.13
1634602920 24.55 81.06 0 4.13
1634602980 24.55 81.07 0 4.13
1634603040 24.55 81.12 0 4.13
1634603100 24.58 81.07 0 4.13
1634603160 24.63 81.08 0 4.13
1634603220 24.63 81 0 4.13
1634603280 24.66 81.04 0 4.13
1634603340 24.66 81.03 0 4.13
1634603400 24.65 81.02 0 4.13
1634603460 24.63 81.02 0 4.13
1634603520 24.62 81.07 0 4.13
1634603580 24.58 81.05 0 4.13
1634603640 24.53 81.07 0 4.13
1634603700 24.53 81.19 0 4.13
1634603760 24.55 81.2 0 4.13
1634603820 24.52 81.21 0 4.13
1634603880 24.53 81.23 0 4.13
1634603940 24.53 81.3 0 4.135
1634604000 24.58 81.39 0 4.13
1634604060 24.52 81.41 0 4.13
1634604120 24.52 81.48 0 4.13
1634604180 24.52 81.5 0 4.13
1634604240 24.53 81.6 0 4.13
1634604300 24.52 81.57 0 4.13
1634604360 24.52 81.61 0 4.13
1634604420 24.51 81.55 0 4.13
1634604480 24.55 81.65 0 4.13
1634604540 24.53 81.69 0 4.13
1634604600 24.55 81.74 0 4.13
1634604660 24.55 81.75 0 4.13
1634604720 24.52 81.81 0 4.13
1634604780 24.51 81.82 0 4.13
1634604840 24.51 81.83 0 4.13
1634604900 24.52 81.87 0 4.125
1634604960 24.48 81.89 0 4.13
1634605020 24.46 81.88 0 4.13
1634605080 24.42 81.92 0 4.13
1634605140 24.45 82 0 4.13
1634605200 24.46 82.07 0 4.13
1634605260 24.4 82.09 0 4.13
1634605320 24.43 82.09 0 4.13
1634605380 24.4 82.12 0 4.13
1634605440 24.4 82.09 0 4.13
1634605500 24.42 82.16 0 4.13
1634605560 24.4 82.12 0 4.13
1634605620 24.4 82.12 0 4.13
1634605680 24.39 82.12 0 4.13
1634605740 24.4 82.15 0 4.13
1634605800 24.42 82.23 0 4.125
1634605860 24.38 82.25 0 4.13
1634605920 24.35 82.31 0 4.13
1634605980 24.32 82.34 0 4.13
1634606040 24.28 82.38 0 4.13
1634606100 24.28 82.45 0 4.13
1634606160 24.25 82.53 0 4.125
1634606220 24.25 82.65 0 4.13
1634606280 24.23 82.77 0 4.13
1634606340 24.22 82.85 0 4.13
1634606400 24.19 83 0 4.13
1634606460 24.11 83.09 0 4.125
1634606520 24.1 83.19 0 4.13
1634606580 24.07 83.31 0 4.13
1634606640 24 83.41 0 4.13
1634606700 23.92 83.55 0 4.125
1634606760 23.88 83.66 0 4.13
1634606820 23.84 83.82 0 4.13
1634606880 23.85 83.95 0 4.13
1634606940 23.82 84.1 0 4.13
1634607000 23.75 84.2 0 4.13
1634607060 23.74 84.28 0 4.125
1634607120 23.72 84.44 0 4.13
1634607180 23.67 84.54 0 4.13
1634607240 23.67 84.64 0 4.125
1634607300 23.65 84.72 0 4.125
1634607360 23.65 84.86 0 4.13
1634607420 23.64 84.93 0 4.13
1634607480 23.63 85.04 0 4.13
1634607540 23.64 85.14 0 4.125
1634607600 23.6 85.2 0 4.125
1634607660 23.56 85.3 0 4.13
1634607720 23.53 85.37 0 4.125
1634607780 23.53 85.49 0 4.13
1634607840 23.51 85.59 0 4.13
1634607900 23.5 85.7 0 4.13
1634607960 23.5 85.8 0 4.13
1634608020 23.47 85.87 0 4.125
1634608080 23.5 85.95 0 4.13
1634608140 23.5 86.01 0 4.13
1634608200 23.47 86.09 0 4.13
1634608260 23.44 86.16 0 4.125
1634608320 23.43 86.21 0 4.13
1634608380 23.4 86.32 0 4.13
1634608440 23.39 86.34 0 4.13
1634608500 23.39 86.41 0 4.125
1634608560 23.36 86.48 0 4.13
1634608620 23.37 86.56 0 4.13
1634608680 23.36 86.59 0 4.13
1634608740 23.39 86.67 0 4.13
1634608800 23.4 86.7 0 4.13
1634608860 23.39 86.75 0 4.13
1634608920 23.4 86.82 0 4.13
1634608980 23.41 86.87 0 4.13
1634609040 23.44 86.9 0 4.13
1634609100 23.41 86.93 0 4.13
1634609160 23.39 87 0 4.13
1634609220 23.34 87.01 0 4.125
1634609280 23.31 87.1 0 4.125
1634609340 23.31 87.14 0 4.13
1634609400 23.27 87.17 0 4.125
1634609460 23.27 87.23 0 4.13
1634609520 23.24 87.3 0 4.13
1634609580 23.21 87.34 0 4.13
1634609640 23.21 87.42 0 4.125
1634609700 23.2 87.47 0 4.13
1634609760 23.16 87.54 0 4.125
1634609820 23.14 87.6 0 4.125
1634609880 23.13 87.67 0 4.13
1634609940 23.12 87.75 0 4.125
1634610000 23.14 87.81 0 4.13
1634610060 23.13 87.85 0 4.125
1634610120 23.13 87.9 0 4.125
1634610180 23.13 87.97 0 4.13
1634610240 23.13 88.01 0 4.13
1634610300 23.07 88.07 0 4.125
1634610360 23.09 88.12 0 4.125
1634610420 23.06 88.17 0 4.13
1634610480 23.06 88.22 0 4.125
1634610540 23.05 88.26 0 4.13
1634610600 23.05 88.31 0 4.13
1634610660 23.05 88.39 0 4.125
1634610720 23.05 88.42 0 4.125
1634610780 23.05 88.46 0 4.125
1634610840 23.03 88.53 0 4.13
1634610900 23.03 88.56 0 4.125
1634610960 23.02 88.59 0 4.13
1634611020 23 88.62 0 4.125
1634611080 22.99 88.68 0 4.125
1634611140 22.97 88.76 0 4.125
1634611200 22.95 88.76 0 4.125
1634611260 22.96 88.88 0 4.125
1634611320 22.93 88.89 0 4.125
1634611380 22.95 88.94 0 4.13
1634611440 22.93 89.03 0 4.125
1634611500 22.9 89.04 0 4.13
1634611560 22.9 89.14 0 4.125
1634611620 22.89 89.15 0 4.125
1634611680 22.88 89.22 0 4.13
1634611740 22.88 89.27 0 4.125
1634611800 22.85 89.32 0 4.13
1634611860 22.85 89.39 0 4.125
1634611920 22.82 89.44 0 4.125
1634611980 22.83 89.51 0 4.125
1634612040 22.85 89.52 0 4.125
1634612100 22.88 89.58 0 4.125
1634612160 22.9 89.57 0 4.125
1634612220 22.89 89.64 0 4.125
1634612280 22.9 89.66 0 4.125
1634612340 22.9 89.66 0 4.13
1634612400 22.92 89.73 0 4.125
1634612460 22.89 89.7 0 4.125
1634612520 22.89 89.7 0 4.125
1634612580 22.92 89.71 0 4.125
1634612640 22.89 89.71 0 4.125
1634612700 22.89 89.72 0 4.125
1634612760 22.93 89.76 0 4.125
1634612820 22.9 89.74 0 4.125
1634612880 22.95 89.74 0 4.125
1634612940 22.93 89.72 0 4.13
1634613000 22.89 89.64 0 4.125
1634613060 22.96 89.58 0 4.125
1634613120 22.96 89.43 0 4.125
1634613180 22.99 89.37 0 4.125
1634613240 22.99 89.29 0 4.125
1634613300 23 89.17 0 4.125
1634613360 23.05 89.12 0 4.125
1634613420 23.06 89.04 0 4.125
1634613480 23.07 88.97 0 4.125
1634613540 23.09 88.93 0 4.125
1634613600 23.1 88.78 0 4.125
1634613660 23.1 88.67 0 4.125
1634613720 23.1 88.55 0 4.125
1634613780 23.12 88.44 0 4.125
1634613840 23.13 88.34 0 4.13
1634613900 23.14 88.23 0 4.125
1634613960 23.16 88.13 0 4.125
1634614020 23.16 88.04 0 4.125
1634614080 23.17 87.95 0 4.125
1634614140 23.21 87.89 0 4.125
1634614200 23.23 87.81 0 4.125
1634614260 23.21 87.71 0 4.125
1634614320 23.23 87.68 0 4.125
1634614380 23.23 87.58 0 4.125
1634614440 23.23 87.51 0 4.125
1634614500 23.23 87.39 0 4.125
1634614560 23.26 87.35 0 4.125
1634614620 23.27 87.27 0 4.125
1634614680 23.3 87.25 0 4.125
1634614740 23.29 87.25 0 4.125
1634614800 23.3 87.23 0 4.125
1634614860 23.3 87.22 0 4.125
1634614920 23.27 87.2 0 4.125
1634614980 23.26 87.19 0 4.125
1634615040 23.29 87.16 0 4.125
1634615100 23.24 87.09 0 4.125
1634615160 23.26 87.1 0 4.125
1634615220 23.27 87.07 0 4.125
1634615280 23.27 87.04 0 4.125
1634615340 23.27 87.04 0 4.125
1634615400 23.3 87.06 0 4.125
1634615460 23.3 87.1 0 4.125
1634615520 23.27 87.04 0 4.125
1634615580 23.3 87.1 0 4.125
1634615640 23.31 87.14 0 4.125
1634615700 23.34 87.17 0 4.125
1634615760 23.29 87.22 0 4.125
1634615820 23.3 87.22 0 4.125
1634615880 23.29 87.3 0 4.125
1634615940 23.27 87.36 0 4.125
1634616000 23.3 87.41 0 4.125
1634616060 23.24 87.44 0 4.125
1634616120 23.26 87.5 0 4.125
1634616180 23.29 87.57 0 4.125
1634616240 23.27 87.64 0 4.125
1634616300 23.29 87.7 0 4.125
1634616360 23.29 87.73 0 4.125
1634616420 23.3 87.79 0 4.125
1634616480 23.3 87.78 0 4.125
1634616540 23.27 87.82 0 4.125
1634616600 23.26 87.88 0 4.125
1634616660 23.3 87.87 0 4.125
1634616720 23.29 87.88 0 4.125
1634616780 23.29 87.95 0 4.125
1634616840 23.3 87.94 0 4.125
1634616900 23.27 87.93 0 4.125
1634616960 23.26 87.96 0 4.125
1634617020 23.29 87.99 0 4.119
1634617080 23.26 88 0 4.125
1634617140 23.27 88.03 0 4.125
1634617200 23.23 88 0 4.125
1634617260 23.21 87.91 0 4.125
1634617320 23.21 87.89 0 4.125
1634617380 23.26 87.8 0 4.125
1634617440 23.26 87.7 0 4.125
1634617500 23.3 87.66 0 4.125
1634617560 23.29 87.62 0 4.125
1634617620 23.24 87.59 0 4.125
1634617680 23.21 87.48 0 4.125
1634617740 23.23 87.39 0 4.125
1634617800 23.21 87.34 0 4.125
1634617860 23.19 87.16 0 4.125
1634617920 23.19 87.06 0 4.125
1634617980 23.19 86.99 0 4.125
1634618040 23.17 86.91 0 4.125
1634618100 23.17 86.86 0 4.125
1634618160 23.16 86.77 0 4.119
1634618220 23.17 86.7 0 4.125
1634618280 23.17 86.6 0 4.125
1634618340 23.19 86.5 0 4.125
1634618400 23.17 86.48 0 4.125
1634618460 23.19 86.39 0 4.125
1634618520 23.16 86.35 0 4.119
1634618580 23.17 86.28 0 4.125
1634618640 23.19 86.28 0 4.125
1634618700 23.16 86.24 0 4.119
1634618760 23.16 86.23 0 4.125
1634618820 23.14 86.21 0 4.119
1634618880 23.13 86.21 0 4.125
1634618940 23.09 86.21 0 4.125
1634619000 23.07 86.17 0 4.125
1634619060 23.05 86.12 0 4.125
1634619120 23.06 86.14 0 4.119
1634619180 23.03 86.11 0 4.119
1634619240 23 86.16 0 4.125
1634619300 23 86.17 0 4.119
1634619360 22.97 86.23 0 4.125
1634619420 22.95 86.23 0 4.125
1634619480 22.93 86.25 0 4.125
1634619540 22.92 86.27 0 4.125
