1636261200 21.02 88.19 0 4.06
1636261260 21.07 88.3 0 4.055
1636261320 21.12 87.9 0 4.06
1636261380 21.14 87.89 0 4.055
1636261440 21.21 88.07 0 4.055
1636261500 21.15 88.17 0 4.055
1636261560 21.11 88.33 0 4.055
1636261620 21.1 88.61 0 4.055
1636261680 21.02 88.79 0 4.055
1636261740 21.01 89.66 0 4.055
1636261800 21.01 89.85 0 4.055
1636261860 20.97 90.08 0 4.055
1636261920 20.91 90.3 0 4.055
1636261980 20.87 90.32 0 4.055
1636262040 20.9 91.17 0 4.055
1636262100 20.83 91.13 0 4.055
1636262160 20.84 91.65 0 4.055
1636262220 20.86 91.76 0 4.055
1636262280 20.8 91.3 0 4.055
1636262340 20.81 91.21 0 4.06
1636262400 20.87 91.37 0 4.055
1636262460 20.87 91.2 0 4.055
1636262520 20.86 90.89 0 4.055
1636262580 20.81 90.9 0 4.055
1636262640 20.9 90.95 0 4.055
1636262700 20.94 90.28 0 4.055
1636262760 20.94 90.16 0 4.055
1636262820 20.98 89.51 0 4.055
1636262880 21.01 88.57 0 4.055
1636262940 21.01 88.35 0 4.055
1636263000 21.01 88.02 0 4.055
1636263060 20.95 88.15 0 4.055
1636263120 20.94 88.1 0 4.055
1636263180 20.93 88.18 0 4.055
1636263240 20.89 88.16 0 4.049
1636263300 20.89 87.98 0 4.055
1636263360 20.89 87.97 0 4.055
1636263420 20.9 87.6 0 4.055
1636263480 20.94 87.6 0 4.055
1636263540 20.95 87.55 0 4.055
1636263600 20.95 88.22 0 4.055
1636263660 20.9 88.45 0 4.055
1636263720 20.87 88.77 0 4.055
1636263780 20.84 89.14 0 4.055
1636263840 20.8 89.33 0 4.055
1636263900 20.79 89.67 0 4.055
1636263960 20.73 89.34 0 4.055
1636264020 20.73 89.26 0 4.055
1636264080 20.7 89.56 0 4.055
1636264140 20.7 89.5 0 4.055
1636264200 20.67 89.56 0 4.055
1636264260 20.6 89.81 0 4.055
1636264320 20.53 89.75 0 4.055
1636264380 20.49 89.9 0 4.055
1636264440 20.47 89.93 0 4.055
1636264500 20.44 90.14 0 4.055
1636264560 20.47 90.89 0 4.055
1636264620 20.46 91.15 0 4.049
1636264680 20.46 91.2 0 4.055
1636264740 20.42 91.27 0 4.055
1636264800 20.38 91.31 0 4.055
1636264860 20.35 91.42 0 4.055
1636264920 20.33 91.88 0 4.055
1636264980 20.35 92.26 0 4.055
1636265040 20.36 92.46 0 4.049
1636265100 20.33 92.38 0 4.055
1636265160 20.33 92.63 0 4.055
1636265220 20.35 92.87 0 4.055
1636265280 20.42 93.32 0 4.055
1636265340 20.4 93.25 0 4.055
1636265400 20.44 93.37 0 4.055
1636265460 20.49 93.36 0 4.055
1636265520 20.52 93.27 0 4.055
1636265580 20.57 93.21 0 4.055
1636265640 20.6 92.98 0 4.055
1636265700 20.62 92.83 0 4.055
1636265760 20.7 92.28 0 4.055
1636265820 20.74 91.76 0 4.055
1636265880 20.8 91.6 0 4.055
1636265940 20.86 91.21 0 4.049
1636266000 20.81 91.18 0 4.055
1636266060 20.83 91.14 0 4.055
1636266120 20.87 91.69 0 4.055
1636266180 20.84 91.22 0 4.055
1636266240 20.86 91.29 0 4.055
1636266300 20.8 91.4 0 4.055
1636266360 20.83 91.32 0 4.049
1636266420 20.83 91.09 0 4.055
1636266480 20.9 90.89 0 4.055
1636266540 21 90.82 0 4.055
1636266600 21.04 90.48 0 4.055
1636266660 21.02 90.51 0 4.055
1636266720 20.9 90.23 0 4.055
1636266780 20.84 90.8 0 4.055
1636266840 20.8 91.11 0 4.049
1636266900 20.83 91.29 0 4.049
1636266960 20.84 91.52 0 4.055
1636267020 20.9 91.71 0 4.055
1636267080 20.9 91.87 0 4.055
1636267140 20.93 92.26 0 4.055
1636267200 20.87 91.47 0 4.055
1636267260 20.81 91.2 0 4.055
1636267320 20.71 91.25 0 4.055
1636267380 20.69 91.62 0 4.055
1636267440 20.74 92.56 0 4.055
1636267500 20.73 92.33 0 4.055
1636267560 20.67 92.08 0 4.055
1636267620 20.67 91.9 0 4.055
1636267680 20.71 91.85 0 4.049
1636267740 20.69 91.5 0 4.049
1636267800 20.7 91.43 0 4.055
1636267860 20.71 91.23 0 4.049
1636267920 20.7 91.2 0 4.055
1636267980 20.66 91.18 0 4.049
1636268040 20.69 91.07 0 4.055
1636268100 20.71 90.9 0 4.049
1636268160 20.71 90.89 0 4.049
1636268220 20.73 90.53 0 4.055
1636268280 20.73 90.44 0 4.055
1636268340 20.74 90.4 0 4.055
1636268400 20.74 90.29 0 4.055
1636268460 20.76 90.24 0 4.055
1636268520 20.77 90.29 0 4.055
1636268580 20.74 90.38 0 4.049
1636268640 20.77 90.25 0 4.049
1636268700 20.83 90.46 0 4.049
1636268760 20.84 90.52 0 4.055
1636268820 20.83 90.35 0 4.055
1636268880 20.84 90.65 0 4.049
1636268940 20.84 90.58 0 4.049
1636269000 20.86 90.7 0 4.049
1636269060 20.89 90.98 0 4.049
1636269120 20.91 91.05 0 4.049
1636269180 20.9 90.81 0 4.049
1636269240 20.91 90.38 0 4.055
1636269300 20.9 90.1 0 4.055
1636269360 20.97 90.32 0 4.055
1636269420 20.98 90.16 0 4.049
1636269480 20.95 90.08 0 4.055
1636269540 20.9 89.78 0 4.049
1636269600 20.9 89.68 0 4.049
1636269660 20.84 89.83 0 4.049
1636269720 20.86 89.83 0 4.049
1636269780 20.83 89.97 0 4.055
1636269840 20.81 90 0 4.049
1636269900 20.79 90.52 0 4.049
1636269960 20.76 90.67 0 4.049
1636270020 20.73 90.78 0 4.055
1636270080 20.71 90.95 0 4.049
1636270140 20.67 91.13 0 4.055
1636270200 20.71 91.03 0 4.055
1636270260 20.67 90.88 0 4.049
1636270320 20.66 90.86 0 4.049
1636270380 20.66 91.13 0 4.055
1636270440 20.62 91.21 0 4.049
1636270500 20.59 91.25 0 4.049
1636270560 20.56 91.36 0 4.049
1636270620 20.52 91.52 0 4.049
1636270680 20.52 91.74 0 4.049
1636270740 20.52 92.21 0 4.055
1636270800 20.5 92.48 0 4.049
1636270860 20.5 92.77 0 4.049
1636270920 20.42 92.68 0 4.049
1636270980 20.44 92.97 0 4.049
1636271040 20.42 93.18 0 4.049
1636271100 20.38 93.11 0 4.049
1636271160 20.35 92.93 0 4.049
1636271220 20.35 93.07 0 4.055
1636271280 20.36 92.88 0 4.049
1636271340 20.39 92.85 0 4.049
1636271400 20.36 92.74 0 4.049
1636271460 20.36 92.98 0 4.049
1636271520 20.33 93.12 0 4.049
1636271580 20.33 93.16 0 4.049
1636271640 20.38 93.27 0 4.049
1636271700 20.35 93.16 0 4.049
1636271760 20.38 93.18 0 4.049
1636271820 20.36 93.29 0 4.049
1636271880 20.38 93.11 0 4.049
1636271940 20.36 93.36 0 4.049
1636272000 20.36 93.24 0 4.049
1636272060 20.43 93.46 0 4.055
1636272120 20.44 93.35 0 4.049
1636272180 20.43 92.88 0 4.049
1636272240 20.42 92.66 0 4.049
1636272300 20.42 92.81 0 4.049
1636272360 20.35 92.55 0 4.049
1636272420 20.28 92.45 0 4.049
1636272480 20.22 92.26 0 4.049
1636272540 20.16 92.54 0 4.049
1636272600 20.12 92.7 0 4.049
1636272660 20.09 92.69 0 4.049
1636272720 20.09 92.96 0 4.049
1636272780 20.12 93.13 0 4.049
1636272840 20.11 93.32 0 4.049
1636272900 20.11 93.35 0 4.049
1636272960 20.08 93.24 0 4.049
1636273020 20.11 93.42 0 4.049
1636273080 20.08 93.28 0 4.049
1636273140 20.05 93.51 0 4.049
1636273200 20.05 93.65 0 4.049
1636273260 20.04 93.59 0 4.049
1636273320 20.02 93.51 0 4.049
1636273380 20.02 93.63 0 4.049
1636273440 20.04 93.73 0 4.049
1636273500 20.02 93.54 0 4.049
1636273560 20.02 93.62 0 4.049
1636273620 20.02 93.65 0 4.049
1636273680 20.05 93.65 0 4.049
1636273740 20.04 93.52 0 4.049
1636273800 20.05 93.69 0 4.049
1636273860 20.07 93.64 0 4.049
1636273920 20.07 93.72 0 4.049
1636273980 20.11 93.72 0 4.049
1636274040 20.09 93.53 0 4.049
1636274100 20.15 93.32 0 4.049
1636274160 20.18 92.81 0 4.049
1636274220 20.21 92.57 0 4.049
1636274280 20.19 92.44 0 4.049
1636274340 20.19 92.18 0 4.049
1636274400 20.21 91.94 0 4.049
1636274460 20.22 92.05 0 4.049
1636274520 20.19 92.49 0 4.049
1636274580 20.16 92.84 0 4.049
1636274640 20.09 92.95 0 4.049
1636274700 20.05 93.33 0 4.049
1636274760 19.99 93.49 0 4.049
1636274820 19.96 93.59 0 4.049
1636274880 19.92 93.84 0 4.049
1636274940 19.89 93.87 0 4.044
1636275000 19.88 94.13 0 4.049
1636275060 19.85 94.33 0 4.049
1636275120 19.82 94.46 0 4.049
1636275180 19.85 94.66 0 4.049
1636275240 19.81 94.85 0 4.049
1636275300 19.82 94.87 0 4.049
1636275360 19.81 95 0 4.049
1636275420 19.81 95.05 0 4.049
1636275480 19.75 95.09 0 4.049
1636275540 19.78 95.17 0 4.049
1636275600 19.81 95.29 0 4.049
1636275660 19.82 95.03 0 4.049
1636275720 19.89 94.67 0 4.049
1636275780 19.94 94.35 0 4.049
1636275840 19.92 94.03 0 4.049
1636275900 19.95 94.25 0 4.044
1636275960 19.98 94.03 0 4.049
1636276020 19.98 93.85 0 4.049
1636276080 19.96 93.69 0 4.049
1636276140 19.92 93.62 0 4.049
1636276200 19.91 93.83 0 4.049
1636276260 19.92 93.92 0 4.049
1636276320 19.89 93.87 0 4.049
1636276380 19.84 93.92 0 4.049
1636276440 19.85 94.15 0 4.049
1636276500 19.84 94.25 0 4.049
1636276560 19.8 94.38 0 4.049
1636276620 19.84 94.75 0 4.049
1636276680 19.78 94.6 0 4.049
1636276740 19.78 94.64 0 4.049
1636276800 19.75 94.46 0 4.049
1636276860 19.7 94.39 0 4.049
1636276920 19.68 94.58 0 4.049
1636276980 19.7 94.68 0 4.049
1636277040 19.73 94.85 0 4.049
1636277100 19.71 94.85 0 4.049
1636277160 19.67 94.68 0 4.049
1636277220 19.65 94.84 0 4.049
1636277280 19.67 94.81 0 4.049
1636277340 19.73 94.8 0 4.049
1636277400 19.71 94.82 0 4.049
1636277460 19.73 94.77 0 4.049
1636277520 19.7 94.47 0 4.044
1636277580 19.67 94.61 0 4.049
1636277640 19.68 94.69 0 4.049
1636277700 19.7 94.57 0 4.049
1636277760 19.7 94.69 0 4.049
1636277820 19.71 94.46 0 4.044
1636277880 19.63 94.46 0 4.049
1636277940 19.63 94.51 0 4.049
1636278000 19.6 94.34 0 4.049
1636278060 19.54 94.2 0 4.049
1636278120 19.5 94.19 0 4.049
1636278180 19.53 94.26 0 4.049
1636278240 19.57 94.45 0 4.049
1636278300 19.54 94.59 0 4.049
1636278360 19.54 94.51 0 4.049
1636278420 19.56 94.45 0 4.049
1636278480 19.53 94.46 0 4.049
1636278540 19.5 94.61 0 4.049
1636278600 19.5 94.85 0 4.049
1636278660 19.49 94.87 0 4.049
1636278720 19.46 94.85 0 4.049
1636278780 19.46 95.11 0 4.049
1636278840 19.47 95.05 0 4.049
1636278900 19.54 95.12 0 4.049
1636278960 19.63 95.12 0 4.049
1636279020 19.67 94.82 0 4.049
1636279080 19.63 94.49 0 4.049
1636279140 19.58 94.26 0 4.044
1636279200 19.56 94.12 0 4.049
1636279260 19.54 94.12 0 4.049
1636279320 19.52 94.1 0 4.049
1636279380 19.52 94.04 0 4.049
1636279440 19.52 94.06 0 4.044
1636279500 19.52 94.03 0 4.049
1636279560 19.5 93.95 0 4.044
1636279620 19.57 93.98 0 4.044
1636279680 19.52 93.6 0 4.049
1636279740 19.52 93.81 0 4.049
1636279800 19.5 93.89 0 4.049
1636279860 19.5 93.78 0 4.049
1636279920 19.46 93.67 0 4.044
1636279980 19.37 93.76 0 4.049
1636280040 19.33 94 0 4.049
1636280100 19.32 94.07 0 4.049
1636280160 19.26 94.13 0 4.049
1636280220 19.22 94.17 0 4.049
1636280280 19.17 94.17 0 4.049
1636280340 19.17 94.41 0 4.044
1636280400 19.16 94.47 0 4.044
1636280460 19.1 94.58 0 4.049
1636280520 19.09 94.71 0 4.049
1636280580 19.09 94.73 0 4.049
1636280640 19.03 94.74 0 4.049
1636280700 19.06 95.2 0 4.049
1636280760 19.09 95.43 0 4.044
1636280820 19.07 95.15 0 4.049
1636280880 19.02 95.2 0 4.044
1636280940 18.99 95.19 0 4.049
1636281000 18.95 95.12 0 4.044
1636281060 18.91 95.48 0 4.049
1636281120 18.95 95.8 0 4.049
1636281180 18.91 95.83 0 4.049
1636281240 18.95 96.19 0 4.044
1636281300 19.02 96.34 0 4.049
1636281360 19.07 96.54 0 4.044
1636281420 19.07 96.51 0 4.049
1636281480 19.1 96.46 0 4.049
1636281540 19.13 96.61 0 4.044
1636281600 19.15 96.62 0 4.049
1636281660 19.16 96.41 0 4.044
1636281720 19.19 96.32 0 4.044
1636281780 19.22 96.11 0 4.049
1636281840 19.32 95.88 0 4.049
1636281900 19.38 95.43 0 4.049
1636281960 19.43 95.09 0 4.049
1636282020 19.4 94.68 0 4.049
1636282080 19.4 94.47 0 4.044
1636282140 19.4 94.46 0 4.044
1636282200 19.37 94.54 0 4.049
1636282260 19.33 94.76 0 4.044
1636282320 19.29 94.55 0 4.044
1636282380 19.23 94.61 0 4.049
1636282440 19.23 94.54 0 4.049
1636282500 19.15 94.64 0 4.044
1636282560 19.12 94.84 0 4.044
1636282620 19.1 94.94 0 4.044
1636282680 19.07 95.01 0 4.044
1636282740 19.03 95.17 0 4.044
1636282800 19.02 95.26 0 4.049
1636282860 18.98 95.34 0 4.049
1636282920 18.98 95.48 0 4.044
1636282980 18.95 95.47 0 4.044
1636283040 18.92 95.48 0 4.049
1636283100 18.94 95.79 0 4.044
1636283160 18.92 95.54 0 4.044
1636283220 18.88 95.53 0 4.044
1636283280 18.88 95.62 0 4.044
1636283340 18.88 95.66 0 4.049
1636283400 18.85 95.69 0 4.044
1636283460 18.84 95.75 0 4.044
1636283520 18.86 95.86 0 4.049
1636283580 18.85 95.83 0 4.049
1636283640 18.82 95.97 0 4.044
1636283700 18.84 96.29 0 4.044
1636283760 18.84 96.31 0 4.044
1636283820 18.86 96.4 0 4.044
1636283880 18.88 96.49 0 4.044
1636283940 18.92 96.35 0 4.044
1636284000 18.99 96.13 0 4.044
1636284060 19.02 95.66 0 4.044
1636284120 19.02 95.47 0 4.044
1636284180 19.03 95.36 0 4.044
1636284240 19.06 95.57 0 4.044
1636284300 19.06 95.51 0 4.044
1636284360 19.06 95.5 0 4.044
1636284420 19.01 95.44 0 4.044
1636284480 19.01 95.62 0 4.044
1636284540 19.02 95.63 0 4.044
1636284600 19.02 95.81 0 4.044
1636284660 19.03 95.86 0 4.044
1636284720 19.02 95.68 0 4.044
1636284780 19.02 95.76 0 4.044
1636284840 19.01 95.87 0 4.044
1636284900 19.05 95.93 0 4.044
1636284960 19.06 95.83 0 4.044
1636285020 19.07 95.84 0 4.044
1636285080 19.06 95.63 0 4.044
1636285140 18.98 95.47 0 4.044
1636285200 18.96 95.53 0 4.044
1636285260 18.94 95.49 0 4.044
1636285320 18.92 95.63 0 4.044
1636285380 18.94 95.82 0 4.044
1636285440 18.91 95.79 0 4.044
1636285500 18.88 95.76 0 4.044
1636285560 18.86 95.9 0 4.044
1636285620 18.85 95.81 0 4.044
1636285680 18.75 95.87 0 4.044
1636285740 18.75 95.86 0 4.044
1636285800 18.71 95.88 0 4.044
1636285860 18.74 96.19 0 4.044
1636285920 18.76 96.46 0 4.044
1636285980 18.76 96.08 0 4.044
1636286040 18.69 96.07 0 4.044
1636286100 18.71 96.12 0 4.044
1636286160 18.65 96.13 0 4.049
1636286220 18.64 96.28 0 4.044
1636286280 18.75 96.83 0 4.044
1636286340 18.79 96.84 0 4.044
1636286400 18.74 96.6 0 4.044
1636286460 18.68 96.69 0 4.044
1636286520 18.72 97.12 0 4.044
1636286580 18.84 97.28 0 4.044
1636286640 18.84 97 0 4.044
1636286700 18.84 96.84 0 4.044
1636286760 18.79 96.7 0 4.044
1636286820 18.75 96.68 0 4.044
1636286880 18.75 96.61 0 4.044
1636286940 18.72 96.63 0 4.044
1636287000 18.72 96.54 0 4.044
1636287060 18.69 96.35 0 4.049
1636287120 18.64 96.29 0 4.044
1636287180 18.62 96.36 4 4.044
1636287240 18.62 96.45 4 4.044
1636287300 18.59 96.34 4 4.044
1636287360 18.57 96.36 4 4.044
1636287420 18.52 96.45 4 4.044
1636287480 18.57 96.58 4 4.044
1636287540 18.59 96.74 4 4.039
1636287600 18.58 96.75 4 4.044
1636287660 18.61 96.77 4 4.044
1636287720 18.57 96.49 10 4.044
1636287780 18.55 96.57 10 4.044
1636287840 18.55 96.65 10 4.044
1636287900 18.58 96.76 10 4.044
1636287960 18.58 96.63 10 4.044
1636288020 18.57 96.51 10 4.044
1636288080 18.57 96.42 10 4.044
1636288140 18.59 96.58 10 4.044
1636288200 18.57 96.45 10 4.044
1636288260 18.58 96.52 10 4.044
1636288320 18.58 96.25 16 4.044
1636288380 18.54 96.08 16 4.044
1636288440 18.5 96.05 16 4.044
1636288500 18.5 96.16 16 4.044
1636288560 18.5 96.3 16 4.044
1636288620 18.51 96.29 16 4.044
1636288680 18.51 96.37 22 4.044
1636288740 18.62 96.68 22 4.044
1636288800 18.69 96.4 22 4.044
1636288860 18.74 96.58 22 4.044
1636288920 18.82 96.71 22 4.044
1636288980 18.88 96.4 22 4.044
1636289040 18.92 96.26 22 4.044
1636289100 18.98 95.99 22 4.044
1636289160 18.95 95.73 22 4.044
1636289220 18.95 95.55 28 4.039
1636289280 18.96 95.32 28 4.044
1636289340 18.91 94.56 28 4.044
1636289400 18.91 94.34 28 4.044
1636289460 18.91 93.24 28 4.044
1636289520 18.99 92.85 34 4.044
1636289580 19.06 92.44 52 4.044
1636289640 19.12 92.14 58 4.044
1636289700 19.12 91.85 64 4.044
1636289760 19.19 91.8 70 4.044
1636289820 19.32 91.89 76 4.044
1636289880 19.4 91.87 82 4.044
1636289940 19.46 92.1 82 4.044
1636290000 19.56 92.41 88 4.044
1636290060 19.63 92.34 94 4.044
1636290120 19.63 91.79 100 4.044
1636290180 19.71 91.62 106 4.044
1636290240 19.77 91.39 106 4.044
1636290300 19.92 91.84 106 4.044
1636290360 20.01 91.2 94 4.039
1636290420 20.05 90.94 64 4.044
1636290480 20.02 90.98 58 4.044
1636290540 20.08 90.72 58 4.039
1636290600 20.19 90.82 64 4.044
1636290660 20.19 89.87 64 4.044
1636290720 20.21 90.33 58 4.044
1636290780 20.26 90.14 58 4.044
1636290840 20.32 89.77 58 4.044
1636290900 20.31 89.79 58 4.039
1636290960 20.35 90.05 58 4.044
1636291020 20.28 90.54 58 4.044
1636291080 20.22 90.92 58 4.044
1636291140 20.21 91.14 58 4.044
1636291200 20.09 90.58 58 4.039
1636291260 20.07 90.91 58 4.044
1636291320 20.08 90.9 58 4.044
1636291380 20.16 91.31 64 4.044
1636291440 20.21 90.97 64 4.044
1636291500 20.28 91.1 64 4.039
1636291560 20.32 90.77 64 4.039
1636291620 20.38 90.42 64 4.044
1636291680 20.38 89.8 64 4.044
1636291740 20.31 89.17 70 4.044
1636291800 20.33 89.01 70 4.044
1636291860 20.43 89.48 76 4.039
1636291920 20.44 88.81 82 4.044
1636291980 20.5 88.92 100 4.044
1636292040 20.57 88.16 123 4.044
1636292100 20.71 88.36 117 4.039
1636292160 20.87 88.32 94 4.044
1636292220 20.98 88.23 88 4.044
1636292280 21.01 87.38 94 4.044
1636292340 21.08 87.36 100 4.044
1636292400 21.21 87.28 88 4.044
1636292460 21.25 86.39 88 4.044
1636292520 21.29 86.19 82 4.044
1636292580 21.42 86.25 82 4.044
1636292640 21.53 85.93 82 4.044
1636292700 21.59 85.81 88 4.044
1636292760 21.62 85.27 94 4.044
1636292820 21.69 84.89 105 4.039
1636292880 21.68 83.78 94 4.044
1636292940 21.77 84.39 88 4.039
1636293000 21.8 84.18 88 4.044
1636293060 21.85 84.17 94 4.044
1636293120 21.96 84.35 100 4.044
1636293180 22 83.66 105 4.039
1636293240 22.03 82.81 106 4.044
1636293300 22.08 82.14 106 4.044
1636293360 22.18 81.94 123 4.044
1636293420 22.31 81.79 165 4.044
1636293480 22.37 80.91 201 4.044
1636293540 22.3 79.06 219 4.049
1636293600 22.34 78.48 237 4.049
1636293660 22.54 77.93 266 4.049
1636293720 22.82 77.82 302 4.049
1636293780 23.09 76.86 320 4.055
1636293840 23.29 77.02 326 4.055
1636293900 23.3 76.83 326 4.055
1636293960 23.39 77.46 326 4.055
1636294020 23.51 78.05 332 4.055
1636294080 23.61 77.64 338 4.055
1636294140 23.7 77.4 350 4.055
1636294200 24.05 76.26 350 4.055
1636294260 23.87 77.15 356 4.06
1636294320 23.92 77.66 361 4.049
1636294380 23.78 74 368 4.044
1636294440 23.97 73.55 367 4.044
1636294500 24.05 72.89 367 4.044
1636294560 24.26 71.8 373 4.044
1636294620 24.56 70.08 379 4.044
1636294680 25.03 72.66 379 4.044
1636294740 24.88 71.35 380 4.055
1636294800 24.74 72.5 380 4.055
1636294860 24.71 72.09 399 4.055
1636294920 24.87 71.8 417 4.06
1636294980 25.03 71.12 417 4.06
1636295040 25.22 70.62 417 4.06
1636295100 25.2 70.53 423 4.06
1636295160 25.15 69.68 429 4.06
1636295220 25.2 70.22 435 4.06
1636295280 25.38 69.22 441 4.065
1636295340 25.51 68.56 441 4.065
1636295400 25.41 68.91 447 4.06
1636295460 25.55 68.51 459 4.065
1636295520 25.89 68.28 471 4.065
1636295580 26.07 67.41 471 4.065
1636295640 26.14 66.79 471 4.065
1636295700 26.3 66.38 483 4.065
1636295760 26.26 64.46 483 4.065
1636295820 26.16 64.99 484 4.071
1636295880 26.33 64.89 489 4.071
1636295940 26.35 64.59 489 4.071
1636296000 26.41 64.18 501 4.071
1636296060 26.55 63.88 501 4.065
1636296120 26.74 63.03 507 4.071
1636296180 26.4 63.91 513 4.071
1636296240 26.64 62.32 513 4.071
1636296300 26.75 61.49 513 4.076
1636296360 26.77 62.52 531 4.076
1636296420 26.78 63.35 537 4.076
1636296480 26.89 62.35 537 4.076
1636296540 26.96 60.93 537 4.071
1636296600 27.02 61.48 539 4.076
1636296660 26.86 62.21 533 4.076
1636296720 26.92 64.17 539 4.076
1636296780 26.78 62.29 533 4.076
1636296840 26.65 63.9 539 4.076
1636296900 26.77 63.83 551 4.076
1636296960 26.83 63.59 557 4.082
1636297020 26.72 62.56 551 4.082
1636297080 26.68 63.91 551 4.076
1636297140 26.52 63.63 569 4.076
1636297200 26.54 64.11 581 4.082
1636297260 26.41 64.17 593 4.082
1636297320 26.5 64.33 593 4.082
1636297380 26.5 63.39 593 4.082
1636297440 26.72 62.89 605 4.082
1636297500 27.13 61.64 605 4.082
1636297560 27.63 61.25 605 4.082
1636297620 27.67 60.01 612 4.087
1636297680 27.84 60.82 617 4.087
1636297740 28.28 59.25 618 4.087
1636297800 28.52 58.25 618 4.087
1636297860 28.63 58.13 624 4.087
1636297920 28.8 58.24 624 4.087
1636297980 28.83 57.8 630 4.087
1636298040 28.73 57.23 636 4.087
1636298100 28.83 57.49 643 4.092
1636298160 28.62 57.95 643 4.092
1636298220 28.65 57.44 649 4.087
1636298280 28.63 58.35 655 4.092
1636298340 28.52 58.11 661 4.092
1636298400 28.53 57.47 673 4.092
1636298460 28.57 56.97 680 4.092
1636298520 28.34 56.69 679 4.098
1636298580 28.69 56.75 686 4.098
1636298640 28.67 56.24 694 4.076
1636298700 28.63 56.49 694 4.071
1636298760 28.34 60.23 694 4.071
1636298820 28.41 57.9 700 4.071
1636298880 28.57 56.36 700 4.071
1636298940 28.49 56.49 698 4.071
1636299000 28.53 55.94 692 4.065
1636299060 28.52 56.95 692 4.071
1636299120 28.25 57.25 692 4.065
1636299180 28.41 55.98 692 4.065
1636299240 28.94 54.38 698 4.065
1636299300 29.03 53.46 716 4.065
1636299360 28.41 55.89 722 4.065
1636299420 28.78 54.11 728 4.065
1636299480 29.1 54.54 728 4.065
1636299540 29.07 53.93 734 4.065
1636299600 29.62 53.24 740 4.065
1636299660 29.77 52.91 746 4.065
1636299720 30.24 52.96 752 4.065
1636299780 30.16 51.8 758 4.065
1636299840 29.35 53.08 764 4.065
1636299900 29.04 55.41 771 4.065
1636299960 29.22 54.78 781 4.065
1636300020 29.41 54.83 789 4.065
1636300080 29.75 53.41 787 4.065
1636300140 29.82 52.9 799 4.065
1636300200 30.09 52.34 793 4.065
1636300260 30.44 51.21 799 4.065
1636300320 30.31 50.62 805 4.06
1636300380 30.64 50.87 805 4.06
1636300440 30.37 51.88 811 4.06
1636300500 30.06 51.78 811 4.06
1636300560 30.74 52.16 817 4.06
1636300620 30.98 49.91 829 4.06
1636300680 30.93 47.73 829 4.065
1636300740 31.23 48.84 829 4.06
1636300800 30.64 49.3 829 4.06
1636300860 30.72 48.93 823 4.06
1636300920 30.55 49.39 829 4.06
1636300980 29.26 51.08 829 4.06
1636301040 28.74 53.16 841 4.06
1636301100 28.53 54.14 835 4.06
1636301160 28.26 54.97 835 4.06
1636301220 28.25 55.56 841 4.06
1636301280 28.19 55.43 841 4.06
1636301340 27.83 56.48 835 4.055
1636301400 28.04 56.55 847 4.06
1636301460 28.16 56.28 840 4.06
1636301520 28.78 54.88 841 4.06
1636301580 28.92 55.29 841 4.06
1636301640 29.61 51.74 852 4.06
1636301700 29.79 52.82 864 4.06
1636301760 30.19 50.34 876 4.06
1636301820 29.72 51.44 876 4.06
1636301880 30.14 52.03 888 4.06
1636301940 30.3 49.98 894 4.06
1636302000 30.45 49.64 888 4.06
1636302060 30.85 49.32 924 4.06
1636302120 31.05 48.86 930 4.06
1636302180 31.06 48.88 930 4.06
1636302240 31.08 49.07 935 4.06
1636302300 31.26 49.15 948 4.06
1636302360 31.32 47.79 948 4.06
1636302420 31.47 47.33 959 4.06
1636302480 31.77 46.95 984 4.055
1636302540 31.81 46.95 990 4.06
1636302600 31.36 48.14 1013 4.06
1636302660 30.57 49.88 1019 4.06
1636302720 30.58 50.35 978 4.055
1636302780 30.38 50.37 995 4.06
1636302840 30.48 48.65 947 4.06
1636302900 30.31 50.68 1019 4.06
1636302960 29.84 50.19 1031 4.055
1636303020 29.82 52.75 1031 4.06
1636303080 30.07 50.03 1031 4.06
1636303140 30.84 49.41 1049 4.055
1636303200 31.27 48.76 1066 4.06
1636303260 31.59 47.35 1066 4.055
1636303320 31.88 45.98 1067 4.06
1636303380 32.22 45.78 1061 4.055
1636302540 31.81 46.95 990 4.06
1636302600 31.36 48.14 1013 4.06
1636302660 30.57 49.88 1019 4.06
1636302720 30.58 50.35 978 4.055
1636302780 30.38 50.37 995 4.06
1636302840 30.48 48.65 947 4.06
1636302900 30.31 50.68 1019 4.06
1636302960 29.84 50.19 1031 4.055
1636303020 29.82 52.75 1031 4.06
1636303080 30.07 50.03 1031 4.06
1636303140 30.84 49.41 1049 4.055
1636303200 31.27 48.76 1066 4.06
1636303260 31.59 47.35 1066 4.055
1636303320 31.88 45.98 1067 4.06
1636303380 32.22 45.78 1061 4.055
1636303440 31.74 46.94 1066 4.06
1636303500 31.53 47.08 1085 4.055
1636303560 31.44 48.14 1090 4.055
1636303620 31.37 47.11 423 4.055
1636303680 30.95 48.54 1055 4.06
1636303740 30.93 47.84 1084 4.06
1636303800 31.19 46.87 1096 4.055
1636303860 31.44 46.95 1115 4.055
1636303920 31.08 50.06 1139 4.055
1636303980 30.53 48.92 1132 4.055
1636304040 30.98 50.86 1150 4.055
1636304100 30.78 50.77 463 4.055
1636304160 30.9 51.29 487 4.06
1636304220 30.44 50.4 755 4.055
1636304280 30.58 50.5 911 4.06
1636304340 31.05 49.49 548 4.06
1636304400 31.13 51.58 481 4.055
1636304460 30 51.32 445 4.055
1636304520 29.52 52.79 393 4.055
1636304580 29.36 53.44 356 4.055
1636304640 29.15 54.58 332 4.055
1636304700 28.96 54.14 326 4.055
1636304760 28.9 54.43 320 4.055
1636304820 28.46 55.82 308 4.055
1636304880 28.55 57.01 308 4.055
1636304940 28.86 57.32 320 4.055
1636305000 28.98 57.33 326 4.055
1636305060 29.05 57.74 362 4.055
1636305120 29.26 55.98 411 4.055
1636305180 29.2 57.53 387 4.055
1636305240 29.44 56.61 1072 4.055
1636305300 29.44 56.86 1090 4.055
1636305360 29.89 54.39 1054 4.055
1636305420 30.27 54.32 798 4.055
1636305480 30.5 52.19 1037 4.055
1636305540 30.55 51.96 947 4.055
1636305600 30.77 51.86 1126 4.055
1636305660 31.26 51.45 1150 4.055
1636305720 31.51 49.45 1132 4.055
1636305780 31.8 49.74 1126 4.055
1636305840 31.87 48.81 1132 4.055
1636305900 31.78 48.89 1138 4.055
1636305960 31.8 47.31 1132 4.055
1636306020 31.83 47.46 1156 4.049
1636306080 32.08 48.31 1174 4.055
1636306140 32.31 46.68 1168 4.055
1636306200 32.04 46.93 1120 4.055
1636306260 31.57 47.44 1048 4.055
1636306320 31.1 50.35 1078 4.049
1636306380 31.76 49.68 826 4.055
1636306440 32.21 47.35 519 4.071
1636306500 32.39 49.69 640 4.071
1636306560 31.47 47.85 370 4.065
1636306620 31.66 47.94 344 4.055
1636306680 31.64 48.54 344 4.055
1636306740 31.78 47.68 344 4.055
1636306800 31.7 47.75 1144 4.055
1636306860 31.02 48.17 1156 4.055
1636306920 30.64 48.03 1132 4.055
1636306980 30.45 50.01 1156 4.055
1636306140 32.31 46.68 1168 4.055
1636306200 32.04 46.93 1120 4.055
1636306260 31.57 47.44 1048 4.055
1636306320 31.1 50.35 1078 4.049
1636306380 31.76 49.68 826 4.055
1636306440 32.21 47.35 519 4.071
1636306500 32.39 49.69 640 4.071
1636306560 31.47 47.85 370 4.065
1636306620 31.66 47.94 344 4.055
1636306680 31.64 48.54 344 4.055
1636306740 31.78 47.68 344 4.055
1636306800 31.7 47.75 1144 4.055
1636306860 31.02 48.17 1156 4.055
1636306920 30.64 48.03 1132 4.055
1636306980 30.45 50.01 1156 4.055
1636306140 32.31 46.68 1168 4.055
1636306200 32.04 46.93 1120 4.055
1636306260 31.57 47.44 1048 4.055
1636306320 31.1 50.35 1078 4.049
1636306380 31.76 49.68 826 4.055
1636306440 32.21 47.35 519 4.071
1636306500 32.39 49.69 640 4.071
1636306560 31.47 47.85 370 4.065
1636306620 31.66 47.94 344 4.055
1636306680 31.64 48.54 344 4.055
1636306740 31.78 47.68 344 4.055
1636306800 31.7 47.75 1144 4.055
1636306860 31.02 48.17 1156 4.055
1636306920 30.64 48.03 1132 4.055
1636306980 30.45 50.01 1156 4.055
1636307040 30.77 49.76 1150 4.055
1636307100 30.67 48.24 1150 4.055
1636307160 30.88 49.3 1156 4.055
1636307220 30.75 47.84 1144 4.055
1636307280 30.65 49.34 1156 4.055
1636307340 31.25 49.62 1156 4.055
1636307400 31.53 46.66 1144 4.055
1636307460 31.63 46.02 1155 4.055
1636307520 31.3 46.12 1156 4.055
1636307580 30.98 48.62 1156 4.055
1636307640 31.39 46.08 1162 4.055
1636307700 31.94 45.98 1162 4.055
1636307760 32.1 47.32 1180 4.055
1636307820 32.38 44.16 374 4.055
1636307880 32.42 42.43 344 4.049
1636307940 32.22 43.38 338 4.055
1636308000 32.18 44.78 338 4.049
1636308060 31.99 44.01 344 4.049
1636308120 31.74 45.04 350 4.055
1636308180 31.37 47.08 1221 4.049
1636308240 30.92 45.74 1219 4.049
1636308300 31.22 45.31 1239 4.049
1636308360 31.27 44.85 1245 4.049
1636308420 31.18 45.89 947 4.055
1636308480 31.39 46.68 892 4.055
1636308540 31.83 46.59 1231 4.055
1636308600 31.53 44.92 1177 4.055
1636308660 30.86 45.87 1168 4.049
1636308720 31.05 47.93 1155 4.055
1636308780 31.22 46.49 1138 4.049
1636308840 31.6 46.59 1118 4.049
1636308900 31.97 45.98 1132 4.049
1636308960 32.43 45.11 1149 4.055
1636309020 32.76 44.46 1144 4.049
1636309080 33.1 45.16 1136 4.049
1636309140 33.52 41.81 1177 4.087
1636309200 33.22 43.76 1185 4.092
1636309260 33 41.4 1130 4.092
1636309320 32.51 43.3 1216 4.06
1636309380 31.77 44.99 1180 4.055
1636309440 31.63 45.09 1180 4.06
1636309500 31.36 46.96 1180 4.055
1636309560 31.68 48.16 1197 4.055
1636309620 31.23 47.85 1209 4.055
1636309680 31.99 46.94 1203 4.055
1636309740 32.19 47.79 1203 4.055
1636309800 32.28 45.22 1215 4.055
1636309860 31.99 47.93 1209 4.055
1636309920 32.29 46.14 1227 4.055
1636309980 32.42 46.35 1233 4.055
1636310040 32.45 47.38 1245 4.049
1636310100 33.09 47.06 368 4.055
1636310160 32.56 45.69 326 4.055
1636310220 31.67 49.48 391 4.055
1636310280 31.74 49.01 441 4.055
1636310340 31.33 47.88 1168 4.049
1636310400 31.2 49.29 1191 4.049
1636310460 30.67 50.8 1168 4.055
1636310520 30.82 52.86 1168 4.055
1636310580 31.29 51.16 1144 4.055
1636310640 31.77 49.88 1120 4.055
1636310700 31.85 51.49 1136 4.055
1636310760 31.97 50.04 1132 4.049
1636310820 32.12 49.28 1150 4.055
1636310880 31.76 50.14 1168 4.055
1636310940 31.97 51.3 1177 4.049
1636311000 32.11 51.88 1195 4.055
1636311060 32.26 51.77 1203 4.055
1636311120 32.28 49.27 1189 4.049
1636311180 32.03 49.22 1174 4.049
1636311240 31.9 47.43 1149 4.049
1636311300 31.59 49.89 1155 4.049
1636311360 31.54 48.86 1174 4.049
1636311420 31.48 49.65 1183 4.049
1636311480 31.57 52.12 1195 4.049
1636311540 31.66 50.19 1201 4.049
1636311600 31.95 50.53 1207 4.049
1636311660 32.15 52.34 1201 4.049
1636311720 32.25 49.77 1213 4.049
1636311780 32.1 51.33 1207 4.049
1636311840 32.38 50.89 1213 4.049
1636311900 32.01 51.33 487 4.049
1636311960 32.29 50.7 1177 4.049
1636312020 31.8 52.64 1171 4.049
1636312080 31.9 52.59 1171 4.049
1636312140 31.88 52.95 1156 4.049
1636312200 32.01 52.21 1142 4.049
1636312260 32.07 51.45 1106 4.049
1636312320 31.9 52.07 1124 4.049
1636312380 32.16 50.73 1130 4.049
1636312440 32.12 50.44 1136 4.049
1636312500 31.9 50.75 1142 4.049
1636312560 31.71 52.47 1112 4.049
1636312620 31.85 52.87 1112 4.049
1636312680 31.48 53.77 1100 4.049
1636312740 31.7 53.57 1109 4.082
1636312800 31.94 53.07 1118 4.092
1636312860 31.53 51.36 1118 4.092
1636312920 31.2 53.61 1094 4.092
1636312980 31.35 52.96 1078 4.092
1636313040 31.44 53.04 1078 4.098
1636313100 31.73 52.85 1078 4.098
1636313160 31.94 51.69 1079 4.103
1636313220 32.19 50.88 1061 4.098
1636313280 31.71 51.5 1060 4.103
1636313340 31.78 51.58 1049 4.103
1636313400 31.92 52.79 1043 4.103
1636313460 32.03 52.14 1037 4.103
1636313520 32.39 49.89 1045 4.108
1636313580 32.34 50.99 1051 4.108
1636313640 32.52 50.39 1039 4.108
1636313700 32.05 51.47 1039 4.103
1636313760 32.29 50.43 1046 4.108
1636313820 32.26 50.06 1045 4.114
1636313880 31.83 50.43 1064 4.108
1636313940 32.08 48.89 1063 4.114
1636314000 32.08 49.76 1064 4.114
1636314060 31.48 48.2 1082 4.119
1636314120 31.19 51.52 1114 4.114
1636314180 31.41 52.22 1120 4.119
1636314240 31.88 52.47 1114 4.119
1636314300 31.95 51.18 1114 4.119
1636314360 32.16 51.49 1099 4.087
1636314420 32.21 51.15 1111 4.082
1636314480 32.07 51.55 1091 4.082
1636314540 31.2 53.43 1072 4.082
1636314600 31.61 54.37 1067 4.082
1636314660 31.2 53.53 1072 4.076
1636314720 31.61 51.33 1109 4.082
1636314780 31.3 52.62 1114 4.076
1636314840 31.12 51.52 1114 4.076
1636314900 30.99 52.64 1102 4.076
1636314960 31.41 54.13 993 4.076
1636315020 31.53 51.69 957 4.076
1636315080 31.47 52.68 850 4.076
1636315140 31.43 51.45 730 4.076
1636315200 31.59 51.1 615 4.076
1636315260 31.37 50.71 682 4.076
1636315320 31.56 50.29 575 4.076
1636315380 31.57 51.08 627 4.076
1636315440 31.63 52.09 724 4.076
1636315500 31.66 50.37 760 4.076
1636315560 31.16 51.75 754 4.076
1636315620 31.09 50.75 766 4.071
1636315680 30.82 50.84 790 4.076
1636315740 30.48 53.67 850 4.076
1636315800 30.2 52.99 880 4.076
1636315860 30.23 53.71 903 4.076
1636315920 30.14 54.27 905 4.076
1636315980 30.47 52.15 905 4.076
1636316040 30.14 52.69 915 4.071
1636316100 30.03 53.07 939 4.076
1636316160 30.11 54.05 939 4.076
1636316220 30.32 54.16 963 4.076
1636316280 30.34 53.26 969 4.076
1636316340 30.44 53.43 980 4.071
1636316400 30.38 54.44 1016 4.076
1636316460 30.81 53.16 1030 4.071
1636316520 30.68 53.66 1046 4.076
1636316580 30.09 52.94 1034 4.076
1636316640 29.83 54.2 1040 4.071
1636316700 30.03 55.01 1034 4.071
1636316760 30.89 52.87 1028 4.071
1636316820 31.16 53.24 1028 4.071
1636316880 31.2 52.92 1016 4.071
1636316940 31.22 53.37 1010 4.071
1636317000 31.46 51.83 992 4.071
1636317060 31.39 53.12 986 4.071
1636317120 31.16 53.58 969 4.071
1636317180 31.74 51.95 975 4.071
1636317240 32.07 49.91 969 4.071
1636317300 31.76 49.49 957 4.071
1636317360 31.59 50.19 933 4.071
1636317420 31.06 52.4 957 4.071
1636317480 31.3 51.67 963 4.071
1636317540 31.47 51.67 957 4.071
1636317600 31.66 53.05 951 4.071
1636317660 31.78 52.25 951 4.071
1636317720 31.8 49.99 951 4.071
1636317780 31.59 51.13 945 4.076
1636316940 31.22 53.37 1010 4.071
1636317000 31.46 51.83 992 4.071
1636317060 31.39 53.12 986 4.071
1636317120 31.16 53.58 969 4.071
1636317180 31.74 51.95 975 4.071
1636317240 32.07 49.91 969 4.071
1636317300 31.76 49.49 957 4.071
1636317360 31.59 50.19 933 4.071
1636317420 31.06 52.4 957 4.071
1636317480 31.3 51.67 963 4.071
1636317540 31.47 51.67 957 4.071
1636317600 31.66 53.05 951 4.071
1636317660 31.78 52.25 951 4.071
1636317720 31.8 49.99 951 4.071
1636317780 31.59 51.13 945 4.076
1636317840 31.37 51.86 927 4.071
1636317900 31.13 53.99 921 4.071
1636317960 31.39 53 903 4.071
1636318020 31.67 50.86 903 4.071
1636318080 31.61 49.94 909 4.071
1636318140 31.64 52.46 914 4.071
1636318200 31.7 50.95 915 4.071
1636318260 31.51 50.08 758 4.071
1636318320 31.27 51.18 448 4.071
1636318380 31.03 52.1 418 4.071
1636318440 30.89 53.22 405 4.071
1636318500 30.85 54.03 430 4.071
1636318560 30.65 53.12 406 4.071
1636318620 30.21 53.79 507 4.071
1636318680 29.93 55.48 771 4.071
1636318740 29.69 55.8 448 4.071
1636318800 29.77 56.32 412 4.071
1636318860 29.95 56.44 424 4.071
1636318920 30.02 57.45 466 4.071
1636318980 30.06 56.69 466 4.071
1636319040 29.92 56.52 877 4.065
1636319100 29.98 57.64 585 4.071
1636319160 30.26 57.09 591 4.071
1636319220 30.42 55.9 670 4.065
1636319280 30.5 56.91 442 4.071
1636319340 30.42 56.17 436 4.071
1636319400 30.4 55.76 567 4.071
1636319460 30.44 55.81 891 4.071
1636319520 30.44 55.17 879 4.071
1636319580 30.28 54.98 459 4.071
1636319640 29.99 55.62 472 4.071
1636319700 29.89 57.92 579 4.071
1636319760 29.77 57.97 460 4.065
1636319820 29.75 57.3 406 4.071
1636319880 29.73 57.15 370 4.065
1636319940 29.45 57.57 358 4.071
1636320000 29.58 58.28 352 4.071
1636320060 29.42 56.97 346 4.065
1636320120 29.32 57.68 316 4.065
1636320180 29.45 56.92 310 4.065
1636320240 29.55 58.03 304 4.071
1636320300 29.58 57.16 310 4.065
1636320360 29.61 57.04 316 4.065
1636320420 29.62 57.61 316 4.071
1636320480 29.58 57.19 316 4.065
1636320540 29.42 58.28 310 4.065
1636320600 29.53 57.9 304 4.071
1636320660 29.47 57.62 298 4.071
1636320720 29.35 58.17 298 4.071
1636320780 29.21 58.56 292 4.065
1636320840 28.87 60.39 322 4.065
1636320900 28.93 59.45 322 4.065
1636320960 28.96 58.79 328 4.065
1636321020 28.66 59.83 322 4.065
1636321080 28.92 59.75 304 4.065
1636321140 28.92 59.69 304 4.065
1636321200 28.89 60.43 310 4.065
1636321260 28.87 59.6 429 4.065
1636321320 28.94 59.44 292 4.065
1636321380 29.03 60.39 274 4.065
1636321440 28.93 61.08 268 4.065
1636321500 28.81 61.18 262 4.065
1636321560 28.47 62.56 313 4.055
1636321620 28.07 63.95 608 4.065
1636321680 27.81 63.64 346 4.065
1636321740 27.67 64.92 328 4.065
1636321800 27.43 64.15 411 4.065
1636321860 27.39 66.47 579 4.065
1636321920 27.33 66.3 644 4.065
1636321980 27.76 67.28 465 4.065
1636322040 28.11 64.8 370 4.065
1636322100 28.04 65.19 340 4.065
1636322160 27.89 63.67 328 4.065
1636322220 27.68 64.58 304 4.065
1636322280 27.6 65.43 370 4.065
1636322340 27.54 65.09 340 4.065
1636322400 27.56 65.34 435 4.065
1636322460 27.65 65.6 501 4.065
1636322520 28.01 64.93 644 4.065
1636322580 28.29 64.15 358 4.065
1636322640 28.39 62.58 286 4.065
1636322700 28.11 62.58 280 4.065
1636322760 27.85 63.36 280 4.065
1636322820 27.85 64.46 280 4.065
1636322880 28.12 63.47 322 4.065
1636322940 28.42 63.11 256 4.065
1636323000 28.63 62.45 249 4.065
1636323060 28.78 63.1 256 4.065
1636323120 28.56 62.05 262 4.065
1636323180 28.16 63.29 286 4.065
1636323240 27.94 63.33 350 4.065
1636323300 27.89 63.61 364 4.065
1636323360 27.88 63.43 543 4.065
1636323420 27.98 63.46 585 4.065
1636323480 28.25 63.53 620 4.065
1636323540 28.53 61.28 531 4.06
1636323600 28.23 62.36 374 4.065
1636323660 28.18 62.91 370 4.065
1636323720 28.19 63.43 346 4.065
1636323780 28.42 62.07 561 4.065
1636323840 28.32 60.77 573 4.065
1636323900 28.16 61.53 567 4.065
1636323960 28.05 62.21 567 4.065
1636324020 28.18 61.75 567 4.065
1636324080 28.28 62.05 567 4.06
1636324140 28.45 59.66 549 4.065
1636324200 28.94 60.11 530 4.065
1636324260 29.41 58.63 519 4.065
1636324320 29.24 59.68 507 4.06
1636324380 29.48 59.15 495 4.06
1636324440 28.96 59.51 465 4.06
1636324500 28.93 60.35 417 4.06
1636324560 28.39 62.11 453 4.065
1636324620 28.16 63.13 471 4.06
1636324680 28.23 63.74 465 4.065
1636324740 28.04 62.74 447 4.065
1636324800 28.07 62.1 429 4.065
1636324860 27.95 62.83 411 4.065
1636324920 27.97 63.6 417 4.06
1636324980 28.29 62.31 393 4.06
1636325040 28.22 62.44 219 4.065
1636325100 28.15 62.69 191 4.065
1636325160 27.88 64.08 161 4.065
1636325220 27.64 64.28 155 4.065
1636325280 27.37 64.93 155 4.06
1636325340 27.19 65.52 155 4.065
1636325400 27.09 65.86 149 4.065
1636325460 27.03 65.79 149 4.065
1636325520 26.99 65.07 149 4.065
1636325580 26.99 65.74 155 4.065
1636325640 26.92 64.97 256 4.071
1636325700 26.96 64.12 340 4.071
1636325760 27.08 64.26 340 4.071
1636325820 27.05 64.06 334 4.071
1636325880 27.06 64.38 322 4.071
1636325940 27.02 64.41 262 4.071
1636326000 26.95 65.03 219 4.071
1636326060 27.1 64.7 286 4.071
1636326120 27.03 65.08 298 4.065
1636326180 27.08 65.36 304 4.071
1636326240 27.22 64.99 298 4.065
1636326300 27.37 64.61 298 4.065
1636326360 27.41 64.38 167 4.071
1636326420 27.5 64.56 280 4.071
1636326480 27.46 64.36 292 4.071
1636326540 27.44 64.83 286 4.071
1636326600 27.51 64.56 280 4.071
1636326660 27.33 65.35 262 4.071
1636326720 27.19 65.9 249 4.071
1636326780 27.06 66.43 239 4.071
1636326840 27.12 66.79 191 4.071
1636326900 27.2 65.75 155 4.071
1636326960 27.05 65.78 131 4.065
1636327020 26.83 66.51 112 4.065
1636327080 26.77 67.45 94 4.065
1636327140 26.78 67.25 88 4.065
1636327200 26.75 67.46 82 4.065
1636327260 26.64 67.76 70 4.065
1636327320 26.65 67.73 70 4.065
1636327380 26.47 68.41 64 4.065
1636327440 26.41 68.7 58 4.065
1636327500 26.44 68.74 52 4.065
1636327560 26.37 68.78 46 4.065
1636327620 26.27 68.56 40 4.065
1636327680 26.33 69.41 40 4.065
1636326840 27.12 66.79 191 4.071
1636326900 27.2 65.75 155 4.071
1636326960 27.05 65.78 131 4.065
1636327020 26.83 66.51 112 4.065
1636327080 26.77 67.45 94 4.065
1636327140 26.78 67.25 88 4.065
1636327200 26.75 67.46 82 4.065
1636327260 26.64 67.76 70 4.065
1636327320 26.65 67.73 70 4.065
1636327380 26.47 68.41 64 4.065
1636327440 26.41 68.7 58 4.065
1636327500 26.44 68.74 52 4.065
1636327560 26.37 68.78 46 4.065
1636327620 26.27 68.56 40 4.065
1636327680 26.33 69.41 40 4.065
1636327740 26.27 69.06 34 4.065
1636327800 26.22 69.55 40 4.065
1636327860 26.2 69.66 46 4.065
1636327920 26.24 69.59 28 4.065
1636327980 26.17 69.67 28 4.065
1636328040 26.16 69.97 28 4.065
1636328100 26.14 70.04 40 4.065
1636328160 26.2 70.47 64 4.065
1636328220 26.26 69.92 64 4.065
1636328280 26.3 69.76 40 4.065
1636328340 26.27 70.16 46 4.065
1636328400 26.16 70.29 40 4.065
1636328460 26.19 70.38 40 4.065
1636328520 26.22 70.48 34 4.065
1636328580 26.13 70.56 34 4.065
1636328640 26.2 70.47 34 4.065
1636328700 26.16 70.43 28 4.065
1636328760 26.22 70.42 28 4.065
1636328820 26.22 70.58 22 4.065
1636328880 26.14 69.65 22 4.065
1636328940 26.2 70.22 22 4.065
1636329000 26.26 69.36 22 4.065
1636329060 26.16 69.58 22 4.065
1636329120 26.12 69.26 16 4.065
1636329180 26.06 69.27 16 4.065
1636329240 26.04 69.45 10 4.065
1636329300 26.03 69.91 10 4.065
1636329360 26.03 69.26 4 4.065
1636329420 26.03 69.74 4 4.065
1636329480 25.94 69.59 4 4.065
1636329540 25.93 69.91 4 4.065
1636329600 25.92 69.79 4 4.071
1636329660 25.9 69.98 4 4.065
1636329720 25.89 70.16 0 4.065
1636329780 25.82 70.04 0 4.065
1636329840 25.87 70.38 0 4.065
1636329900 25.73 70.38 0 4.065
1636329960 25.68 70.74 0 4.065
1636330020 25.64 70.91 0 4.065
1636330080 25.62 70.91 0 4.065
1636330140 25.58 71.39 0 4.065
1636330200 25.52 71.3 0 4.065
1636330260 25.51 71.64 0 4.065
1636330320 25.51 71.65 0 4.06
1636330380 25.51 71.55 0 4.065
1636330440 25.61 71.83 0 4.065
1636330500 25.56 71.8 0 4.065
1636330560 25.56 71.81 0 4.065
1636330620 25.55 71.83 0 4.065
1636330680 25.52 71.61 0 4.065
1636330740 25.44 72.13 0 4.065
1636330800 25.34 72.5 0 4.065
1636330860 25.36 72.51 0 4.065
1636330920 25.28 72.66 0 4.065
1636330980 25.25 72.92 0 4.065
1636331040 25.22 72.99 0 4.065
1636331100 25.21 73.31 0 4.065
1636331160 25.22 73.49 0 4.065
1636331220 25.22 73.53 0 4.065
1636331280 25.25 74.11 0 4.06
1636331340 25.22 73.33 0 4.065
1636331400 25.25 73.6 0 4.06
1636331460 25.27 73.73 0 4.065
1636331520 25.2 74.38 0 4.065
1636331580 25.14 74.22 0 4.065
1636331640 25.17 74.38 0 4.06
1636331700 25.18 74.31 0 4.065
1636331760 25.14 74.07 0 4.065
1636331820 25.17 73.96 0 4.065
1636331880 25.17 74.16 0 4.065
1636331940 25.15 74.08 0 4.06
1636332000 25.15 74.24 0 4.065
1636332060 25.2 74.82 0 4.065
1636332120 25.13 74.43 0 4.065
1636332180 25.13 74.54 0 4.065
1636332240 25.14 74.45 0 4.06
1636332300 25.15 74.87 0 4.065
1636332360 25.18 74.56 0 4.06
1636332420 25.18 74.87 0 4.065
1636332480 25.18 74.73 0 4.065
1636332540 25.18 74.65 0 4.06
1636332600 25.2 74.99 0 4.065
1636332660 25.18 74.92 0 4.06
1636332720 25.2 74.95 0 4.065
1636332780 25.18 75.03 0 4.06
1636332840 25.17 74.93 0 4.06
1636332900 25.17 75.17 0 4.06
1636332960 25.17 75.47 0 4.06
1636333020 25.17 75.72 0 4.065
1636333080 25.14 75.42 0 4.065
1636333140 25.11 76.04 0 4.065
1636333200 25.06 75.8 0 4.065
1636333260 25.03 76.02 0 4.06
1636333320 25.03 76.8 0 4.065
1636333380 25.03 76.22 0 4.065
1636333440 25.06 76.88 0 4.06
1636333500 25.01 76.81 0 4.06
1636333560 24.97 77.01 0 4.06
1636333620 24.95 77.19 0 4.06
1636333680 24.93 77 0 4.06
1636333740 24.88 77.13 0 4.06
1636333800 24.9 77.23 0 4.06
1636333860 24.9 77.42 0 4.065
1636333920 24.87 77.4 0 4.06
1636333980 24.91 77.76 0 4.06
1636334040 24.88 77.59 0 4.06
1636334100 24.9 77.86 0 4.06
1636334160 24.86 77.84 0 4.06
1636334220 24.84 77.74 0 4.06
1636334280 24.78 77.96 0 4.065
1636334340 24.74 78.17 0 4.06
1636334400 24.76 78.38 0 4.06
1636334460 24.77 78.44 0 4.06
1636334520 24.74 78.52 0 4.06
1636334580 24.73 78.77 0 4.06
1636334640 24.73 78.69 0 4.065
1636334700 24.73 78.69 0 4.06
1636334760 24.81 78.1 0 4.06
1636334820 24.8 77.76 0 4.06
1636334880 24.73 78.12 0 4.06
1636334940 24.71 78.32 0 4.06
1636335000 24.71 78.72 0 4.06
1636335060 24.71 78.52 0 4.06
1636335120 24.71 78.79 0 4.06
1636335180 24.73 78.48 0 4.06
1636335240 24.66 78.89 0 4.06
1636335300 24.6 78.97 0 4.06
1636335360 24.56 79.09 0 4.06
1636335420 24.5 79.3 0 4.06
1636335480 24.44 79.51 0 4.06
1636335540 24.46 79.48 0 4.06
1636335600 24.42 79.74 0 4.065
1636335660 24.4 79.91 0 4.06
1636335720 24.38 79.97 0 4.065
1636335780 24.38 80.33 0 4.06
1636335840 24.38 80.11 0 4.065
1636335900 24.39 79.93 0 4.06
1636335960 24.35 80.56 0 4.06
1636336020 24.29 80.32 0 4.06
1636336080 24.23 80.64 0 4.06
1636336140 24.19 80.88 0 4.06
1636336200 24.14 81.12 0 4.06
1636336260 24.11 81.41 0 4.06
1636336320 24.05 81.4 0 4.06
1636336380 24.05 81.67 0 4.06
1636336440 24 82.06 0 4.06
1636336500 24 81.92 0 4.06
1636336560 23.95 82.59 0 4.06
1636336620 23.88 82.73 0 4.06
1636336680 23.85 83.01 0 4.06
1636336740 23.81 83.15 0 4.06
1636336800 23.81 83.11 0 4.06
1636336860 23.78 83.11 0 4.06
1636336920 23.74 83.2 0 4.06
1636336980 23.71 83.51 0 4.06
1636337040 23.68 83.47 0 4.06
1636337100 23.67 83.85 0 4.06
1636337160 23.65 83.72 0 4.06
1636337220 23.64 83.74 0 4.06
1636337280 23.6 83.68 0 4.06
1636337340 23.6 84.18 0 4.06
1636337400 23.6 83.96 0 4.06
1636337460 23.59 84.17 0 4.06
1636337520 23.56 84.22 0 4.06
1636337580 23.59 84.25 0 4.06
1636337640 23.49 84.75 0 4.06
1636337700 23.42 85.17 0 4.06
1636337760 23.4 85.7 0 4.06
1636337820 23.47 85.25 0 4.06
1636337880 23.49 85.37 0 4.06
1636337940 23.49 85.02 0 4.06
1636338000 23.46 85.25 0 4.06
1636338060 23.42 84.85 0 4.06
1636338120 23.4 85.22 0 4.06
1636338180 23.37 85.55 0 4.06
1636338240 23.33 85.76 0 4.06
1636338300 23.3 85.78 0 4.06
1636338360 23.26 85.79 0 4.06
1636338420 23.23 86.2 0 4.06
1636338480 23.22 86.3 0 4.06
1636338540 23.19 86.48 0 4.06
1636338600 23.16 86.4 0 4.06
1636338660 23.13 86.51 0 4.06
1636338720 23.1 86.56 0 4.06
1636338780 23.12 86.85 0 4.06
1636338840 23.05 86.77 0 4.06
1636338900 23.02 86.99 0 4.06
1636338960 22.99 87.05 0 4.06
1636339020 23.03 87.27 0 4.06
1636339080 23.12 87.3 0 4.06
1636339140 23.19 86.74 0 4.06
1636339200 23.14 87.17 0 4.06
1636339260 23.17 85.61 0 4.06
1636339320 23.22 85.1 0 4.06
1636339380 23.32 85.56 0 4.06
1636339440 23.29 83.21 0 4.06
1636339500 23.36 82.98 0 4.06
1636339560 23.4 82.14 0 4.06
1636339620 23.4 83.73 0 4.06
1636339680 23.34 84.25 0 4.06
1636339740 23.3 84.19 0 4.049
1636339800 23.22 84.21 0 4.06
1636339860 23.19 83.92 0 4.055
1636339920 23.14 82.42 0 4.06
1636339980 23.14 83.19 0 4.06
1636340040 23.13 82.85 0 4.06
1636340100 23.1 82.75 0 4.06
1636340160 23.09 82.55 0 4.06
1636340220 23.09 82.62 0 4.06
1636340280 23.06 82.44 0 4.06
1636340340 23.06 82.63 0 4.06
1636340400 23.01 82.53 0 4.06
1636340460 22.99 82.78 0 4.06
1636340520 23.01 82.52 0 4.055
1636340580 23.01 81.89 0 4.06
1636340640 23.05 81.57 0 4.06
1636340700 23.03 81.35 0 4.06
1636340760 23.05 81.69 0 4.06
1636340820 23.06 81.08 0 4.055
1636340880 23.1 80.39 0 4.06
1636340940 23.08 80.77 0 4.06
1636341000 23.06 80.55 0 4.055
1636341060 23.03 79.69 0 4.06
1636341120 23.08 79.66 0 4.06
1636341180 23.08 79.57 0 4.06
1636341240 23.1 79.04 0 4.055
1636341300 23.14 78.8 0 4.06
1636341360 23.16 78.41 0 4.06
1636341420 23.17 78.74 0 4.06
1636341480 23.16 78.95 0 4.06
1636341540 23.17 79.77 0 4.06
1636341600 23.13 80.11 0 4.055
1636341660 23.1 80.09 0 4.06
1636341720 23.06 80.2 0 4.06
1636341780 23.02 80.36 0 4.06
1636341840 23.01 80.12 0 4.06
1636341900 23.02 79.91 0 4.06
1636341960 23.01 80.55 0 4.06
1636342020 22.98 81.65 0 4.055
1636342080 22.93 81.86 0 4.06
1636342140 22.93 82.29 0 4.06
1636342200 22.88 82.45 0 4.06
1636342260 22.84 82.62 0 4.055
1636342320 22.76 80.52 0 4.06
1636342380 22.85 80.94 0 4.055
1636342440 22.91 81.61 0 4.055
1636342500 22.84 81.7 0 4.06
1636342560 22.84 82.11 0 4.055
1636342620 22.78 81.25 0 4.055
1636342680 22.78 80.72 0 4.06
1636342740 22.81 80.52 0 4.06
1636342800 22.84 79.72 0 4.06
1636342860 22.91 79.25 0 4.06
1636342920 22.96 78.98 0 4.055
1636342980 22.95 79.63 0 4.055
1636343040 22.91 79.55 0 4.055
1636343100 22.91 79.18 0 4.055
1636343160 22.93 80.3 0 4.06
1636343220 22.88 80.37 0 4.055
1636343280 22.84 80.18 0 4.055
1636343340 22.84 80.11 0 4.055
1636343400 22.89 79.9 0 4.06
1636343460 22.82 79.73 0 4.055
1636343520 22.85 79.65 0 4.06
1636343580 22.82 80.61 0 4.055
1636343640 22.75 81.36 0 4.055
1636343700 22.75 82.21 0 4.06
1636343760 22.68 80.55 0 4.06
1636343820 22.71 80.1 0 4.055
1636343880 22.68 78.53 0 4.06
1636343940 22.66 78.75 0 4.055
1636344000 22.66 78.25 0 4.06
1636344060 22.72 78.16 0 4.06
1636344120 22.71 78.06 0 4.055
1636344180 22.68 77.37 0 4.06
1636344240 22.78 76.7 0 4.055
1636344300 22.81 76.22 0 4.055
1636344360 22.82 77.24 0 4.055
1636344420 22.79 77.51 0 4.055
1636344480 22.69 76.9 0 4.055
1636344540 22.61 77.31 0 4.06
1636344600 22.54 77.29 0 4.055
1636344660 22.51 76.88 0 4.055
1636344720 22.47 78.27 0 4.055
1636344780 22.41 76.95 0 4.055
1636344840 22.38 76.82 0 4.06
1636344900 22.38 77.4 0 4.06
1636344960 22.44 76.18 0 4.055
1636345020 22.47 75.25 0 4.055
1636345080 22.51 75.54 0 4.06
1636345140 22.52 75.93 0 4.055
1636345200 22.5 77.31 0 4.055
1636345260 22.47 79.37 0 4.06
1636345320 22.41 80.39 0 4.06
1636345380 22.33 80.6 0 4.055
1636345440 22.28 80.86 0 4.06
1636345500 22.21 79.21 0 4.055
1636345560 22.16 77.72 0 4.055
1636345620 22.18 76.84 0 4.055
1636345680 22.16 77.7 0 4.055
1636345740 22.16 77.69 0 4.06
1636345800 22.16 76.74 0 4.055
1636345860 22.13 76.57 0 4.06
1636345920 22.16 76.31 0 4.055
1636345980 22.23 75.86 0 4.06
1636346040 22.26 75.23 0 4.055
1636346100 22.23 74.99 0 4.055
1636346160 22.21 75.96 0 4.055
1636346220 22.2 74.88 0 4.055
1636346280 22.26 75.04 0 4.06
1636346340 22.26 74.88 0 4.055
1636346400 22.24 75.57 0 4.055
1636346460 22.26 76.83 0 4.055
1636346520 22.2 75.91 0 4.055
1636346580 22.18 75.11 0 4.055
1636346640 22.18 76.46 0 4.055
1636346700 22.24 78.36 0 4.055
1636346760 22.3 79.19 0 4.055
1636346820 22.23 79.41 0 4.055
1636346880 22.13 79.19 0 4.055
1636346940 22.08 79.94 0 4.055
1636347000 22.04 80.1 0 4.055
1636347060 22 80.52 0 4.06
1636347120 21.96 81.73 0 4.055
1636347180 21.97 82.99 0 4.06
1636347240 21.92 83.78 0 4.055
1636347300 21.82 83.48 0 4.055
1636347360 21.77 82.66 0 4.055
1636347420 21.73 81.46 0 4.055
1636347480 21.72 81.39 0 4.06
1636347540 21.69 81.66 0 4.055
