1634446800 19.81 96.81 0 4.039
1634446860 19.88 96.79 0 4.039
1634446920 19.85 96.46 0 4.039
1634446980 19.78 96.51 0 4.039
1634447040 19.75 96.62 0 4.039
1634447100 19.75 96.82 0 4.039
1634447160 19.74 96.85 0 4.033
1634447220 19.73 96.91 0 4.033
1634447280 19.71 96.94 0 4.039
1634447340 19.71 97.09 0 4.039
1634447400 19.7 97.11 0 4.039
1634447460 19.64 97.15 0 4.039
1634447520 19.65 97.27 0 4.039
1634447580 19.64 97.32 0 4.039
1634447640 19.64 97.32 0 4.039
1634447700 19.64 97.43 0 4.039
1634447760 19.65 97.67 0 4.039
1634447820 19.65 97.4 0 4.039
1634447880 19.65 97.49 0 4.039
1634447940 19.64 97.52 0 4.033
1634448000 19.68 97.49 0 4.039
1634448060 19.67 97.49 0 4.039
1634448120 19.73 97.7 0 4.033
1634448180 19.71 97.59 0 4.039
1634448240 19.71 97.53 0 4.039
1634448300 19.68 97.58 0 4.033
1634448360 19.73 97.6 0 4.039
1634448420 19.73 97.69 0 4.039
1634448480 19.71 97.62 0 4.039
1634448540 19.67 97.57 0 4.039
1634448600 19.73 97.8 0 4.039
1634448660 19.71 97.61 0 4.039
1634448720 19.67 97.62 0 4.039
1634448780 19.63 97.67 0 4.033
1634448840 19.65 97.81 0 4.033
1634448900 19.63 97.7 0 4.033
1634448960 19.61 97.7 0 4.039
1634449020 19.63 97.77 0 4.033
1634449080 19.61 97.82 0 4.039
1634449140 19.64 97.8 0 4.039
1634449200 19.64 97.82 0 4.039
1634449260 19.65 97.84 0 4.039
1634449320 19.63 97.53 0 4.039
1634449380 19.61 97.34 0 4.039
1634449440 19.56 97.05 0 4.039
1634449500 19.6 97.07 0 4.039
1634449560 19.65 97.01 0 4.039
1634449620 19.65 97.06 0 4.039
1634449680 19.7 97.14 0 4.033
1634449740 19.68 97.18 0 4.039
1634449800 19.7 97.21 0 4.033
1634449860 19.65 96.5 0 4.033
1634449920 19.53 94.4 0 4.039
1634449980 19.6 93.34 0 4.039
1634450040 19.68 92.78 0 4.039
1634450100 19.64 92.32 0 4.033
1634450160 19.64 92.42 0 4.033
1634450220 19.65 92.61 0 4.039
1634450280 19.67 92.79 0 4.039
1634450340 19.67 92.84 0 4.039
1634450400 19.65 92.93 0 4.033
1634450460 19.64 92.93 0 4.039
1634450520 19.67 93.15 0 4.039
1634450580 19.67 92.97 0 4.033
1634450640 19.68 93.14 0 4.033
1634450700 19.7 93.4 0 4.033
1634450760 19.71 93.24 0 4.033
1634450820 19.67 93.27 0 4.039
1634450880 19.65 93.35 0 4.039
1634450940 19.65 93.37 0 4.033
1634451000 19.65 93.63 0 4.033
1634451060 19.64 93.39 0 4.033
1634451120 19.68 93.32 0 4.033
1634451180 19.73 93.65 0 4.039
1634451240 19.73 93.69 0 4.039
1634451300 19.74 93.39 0 4.039
1634451360 19.75 93.67 0 4.033
1634451420 19.74 93.91 0 4.033
1634451480 19.74 93.72 0 4.033
1634451540 19.81 93.82 0 4.033
1634451600 19.82 93.62 0 4.039
1634451660 19.82 93.67 0 4.033
1634451720 19.81 93.51 0 4.033
1634451780 19.85 93.71 0 4.033
1634451840 19.87 93.71 0 4.039
1634451900 19.87 93.45 0 4.039
1634451960 19.91 93.5 0 4.033
1634452020 19.87 92.88 0 4.039
1634452080 19.91 92.32 0 4.039
1634452140 19.98 92.08 0 4.033
1634452200 19.98 91.56 0 4.039
1634452260 20.08 90.94 0 4.033
1634452320 20.11 91.12 0 4.033
1634452380 20.09 91.09 0 4.033
1634452440 20.05 90.99 0 4.033
1634452500 20.05 91.03 0 4.033
1634452560 20.08 91.06 0 4.033
1634452620 20.05 91.04 0 4.033
1634452680 20.05 91.3 0 4.033
1634452740 20.02 91.64 0 4.033
1634452800 19.98 92.02 0 4.039
1634452860 19.98 92.36 0 4.033
1634452920 20.01 92.48 0 4.033
1634452980 19.96 92.79 0 4.033
1634453040 19.96 93.2 0 4.039
1634453100 19.89 93.7 0 4.033
1634453160 19.84 93.98 0 4.033
1634453220 19.78 94.37 0 4.033
1634453280 19.71 94.48 0 4.033
1634453340 19.68 94.71 0 4.033
1634453400 19.71 94.99 0 4.033
1634453460 19.68 94.95 0 4.033
1634453520 19.67 95.06 0 4.033
1634453580 19.64 95.33 0 4.039
1634453640 19.65 95.58 0 4.033
1634453700 19.61 95.49 0 4.033
1634453760 19.58 95.52 0 4.033
1634453820 19.56 95.64 0 4.033
1634453880 19.57 96.03 0 4.033
1634453940 19.56 95.98 0 4.033
1634454000 19.54 95.95 0 4.033
1634454060 19.53 96.17 0 4.033
1634454120 19.58 96.17 0 4.039
1634454180 19.6 96.02 0 4.033
1634454240 19.64 96.06 0 4.039
1634454300 19.63 95.94 0 4.033
1634454360 19.63 95.97 0 4.033
1634454420 19.61 95.83 0 4.033
1634454480 19.58 95.62 0 4.033
1634454540 19.6 95.75 0 4.033
1634454600 19.6 95.71 0 4.033
1634454660 19.57 95.85 0 4.033
1634454720 19.56 95.94 0 4.033
1634454780 19.49 95.85 0 4.033
1634454840 19.49 95.95 0 4.033
1634454900 19.44 96.03 0 4.033
1634454960 19.47 96.15 0 4.033
1634455020 19.44 96.14 0 4.033
1634455080 19.44 96.24 0 4.033
1634455140 19.44 96.4 0 4.033
1634455200 19.44 96.54 0 4.033
1634455260 19.41 96.58 0 4.033
1634455320 19.44 96.47 0 4.033
1634455380 19.41 96.52 0 4.033
1634455440 19.44 96.86 0 4.033
1634455500 19.43 96.6 0 4.033
1634455560 19.43 96.67 0 4.033
1634455620 19.4 96.67 0 4.033
1634455680 19.38 96.51 0 4.033
1634455740 19.44 96.48 0 4.033
1634455800 19.46 96.52 0 4.033
1634455860 19.47 96.45 0 4.033
1634455920 19.5 96.36 0 4.033
1634455980 19.47 96.36 0 4.033
1634456040 19.52 96.24 0 4.033
1634456100 19.52 96.32 0 4.033
1634456160 19.5 96.26 0 4.033
1634456220 19.5 96.32 0 4.033
1634456280 19.56 96.55 0 4.033
1634456340 19.58 96.65 0 4.033
1634456400 19.58 96.7 0 4.033
1634456460 19.53 96.61 0 4.033
1634456520 19.53 96.7 0 4.033
1634456580 19.52 96.71 0 4.033
1634456640 19.53 96.76 0 4.033
1634456700 19.49 96.89 0 4.033
1634456760 19.47 96.89 0 4.033
1634456820 19.5 96.96 0 4.033
1634456880 19.5 96.89 0 4.033
1634456940 19.46 96.88 0 4.033
1634457000 19.5 96.97 0 4.033
1634457060 19.5 97.01 0 4.033
1634457120 19.47 96.97 0 4.033
1634457180 19.5 97.05 0 4.033
1634457240 19.49 97.07 0 4.033
1634457300 19.47 96.93 0 4.033
1634457360 19.47 96.93 0 4.039
1634457420 19.44 96.96 0 4.033
1634457480 19.41 96.91 0 4.033
1634457540 19.43 97.01 0 4.033
1634457600 19.41 96.99 0 4.033
1634457660 19.41 97.01 0 4.033
1634457720 19.4 97.12 0 4.033
1634457780 19.41 97.13 0 4.033
1634457840 19.4 97.14 0 4.033
1634457900 19.4 97.24 0 4.033
1634457960 19.34 97.29 0 4.033
1634458020 19.34 97.38 0 4.033
1634458080 19.32 97.42 0 4.033
1634458140 19.32 97.49 0 4.033
1634458200 19.26 97.42 0 4.033
1634458260 19.25 97.48 0 4.033
1634458320 19.25 97.58 0 4.033
1634458380 19.26 97.74 0 4.033
1634458440 19.26 97.81 0 4.033
1634458500 19.23 97.72 0 4.033
1634458560 19.22 97.79 0 4.033
1634458620 19.22 97.88 0 4.039
1634458680 19.2 97.83 0 4.033
1634458740 19.2 97.75 0 4.033
1634458800 19.16 97.68 0 4.033
1634458860 19.22 98.02 0 4.033
1634458920 19.26 98.1 0 4.033
1634458980 19.29 98.04 0 4.033
1634459040 19.23 97.86 0 4.033
1634459100 19.2 97.83 0 4.033
1634459160 19.2 97.89 0 4.033
1634459220 19.23 98.04 0 4.033
1634459280 19.26 97.99 0 4.033
1634459340 19.19 97.91 0 4.033
1634459400 19.2 97.87 0 4.033
1634459460 19.16 97.86 0 4.033
1634459520 19.12 97.76 0 4.033
1634459580 19.07 97.81 0 4.033
1634459640 19.03 97.79 0 4.033
1634459700 19.01 97.76 0 4.033
1634459760 18.99 97.78 0 4.033
1634459820 18.91 97.8 0 4.033
1634459880 18.94 97.81 0 4.033
1634459940 18.98 97.95 0 4.033
1634460000 18.92 97.85 0 4.033
1634460060 18.92 97.94 0 4.033
1634460120 18.92 97.97 0 4.033
1634460180 18.91 97.96 0 4.033
1634460240 18.88 98.03 0 4.033
1634460300 18.88 98.11 0 4.033
1634460360 18.85 98.09 0 4.033
1634460420 18.89 98.17 0 4.033
1634460480 18.95 98.49 0 4.028
1634460540 19.02 98.64 0 4.033
1634460600 19.03 98.65 0 4.033
1634460660 18.99 98.27 0 4.033
1634460720 18.94 98.23 0 4.033
1634460780 18.94 98.31 0 4.033
1634460840 18.91 98.19 0 4.033
1634460900 18.91 98.18 0 4.033
1634460960 18.85 98.08 0 4.033
1634461020 18.86 98.24 0 4.033
1634461080 18.84 98.12 0 4.033
1634461140 18.85 98.24 0 4.033
1634461200 18.85 98.34 0 4.028
1634461260 18.85 98.24 0 4.033
1634461320 18.81 98.11 0 4.033
1634461380 18.79 98.1 0 4.033
1634461440 18.75 98.1 0 4.033
1634461500 18.72 98.1 0 4.033
1634461560 18.67 98.09 0 4.033
1634461620 18.65 98.04 0 4.033
1634461680 18.64 98.24 0 4.033
1634461740 18.58 98.26 0 4.033
1634461800 18.58 98.31 0 4.033
1634461860 18.58 98.43 0 4.033
1634461920 18.59 98.51 0 4.033
1634461980 18.57 98.5 0 4.033
1634462040 18.55 98.47 0 4.033
1634462100 18.57 98.56 0 4.033
1634462160 18.58 98.55 0 4.033
1634462220 18.54 98.51 0 4.033
1634462280 18.57 98.53 0 4.028
1634462340 18.52 98.42 0 4.028
1634462400 18.5 98.44 0 4.033
1634462460 18.46 98.39 0 4.033
1634462520 18.43 98.38 0 4.033
1634462580 18.41 98.32 0 4.033
1634462640 18.43 98.51 0 4.033
1634462700 18.43 98.46 0 4.033
1634462760 18.4 98.44 0 4.033
1634462820 18.41 98.45 0 4.033
1634462880 18.38 98.57 0 4.033
1634462940 18.43 98.68 0 4.033
1634463000 18.5 98.88 0 4.033
1634463060 18.51 99 0 4.028
1634463120 18.52 98.95 0 4.033
1634463180 18.52 98.95 0 4.028
1634463240 18.51 98.87 0 4.033
1634463300 18.48 98.82 0 4.033
1634463360 18.48 98.78 0 4.033
1634463420 18.47 98.72 0 4.028
1634463480 18.48 98.8 0 4.033
1634463540 18.51 98.9 0 4.033
1634463600 18.5 98.77 0 4.028
1634463660 18.5 98.88 0 4.033
1634463720 18.44 98.63 0 4.028
1634463780 18.37 98.66 0 4.028
1634463840 18.36 98.59 0 4.033
1634463900 18.36 98.53 0 4.033
1634463960 18.38 98.6 0 4.033
1634464020 18.36 98.43 0 4.033
1634464080 18.38 98.29 0 4.028
1634464140 18.37 98.2 0 4.033
1634464200 18.37 98.07 0 4.033
1634464260 18.37 98.01 0 4.028
1634464320 18.37 98.13 0 4.028
1634464380 18.36 97.95 0 4.033
1634464440 18.34 97.51 0 4.033
1634464500 18.37 97.39 0 4.028
1634464560 18.37 96.4 0 4.033
1634464620 18.44 95.73 0 4.033
1634464680 18.51 95.28 0 4.033
1634464740 18.57 94.9 0 4.028
1634464800 18.52 94.65 0 4.033
1634464860 18.51 94.61 0 4.033
1634464920 18.51 94.64 0 4.028
1634464980 18.5 94.69 0 4.028
1634465040 18.48 94.63 0 4.033
1634465100 18.47 94.73 0 4.033
1634465160 18.47 94.66 0 4.028
1634465220 18.46 94.62 0 4.028
1634465280 18.46 94.52 0 4.028
1634465340 18.48 94.32 0 4.033
1634465400 18.5 94.33 0 4.028
1634465460 18.52 94.19 0 4.028
1634465520 18.51 94.14 0 4.033
1634465580 18.48 94.21 0 4.028
1634465640 18.44 94.43 0 4.028
1634465700 18.41 94.74 0 4.033
1634465760 18.37 94.96 0 4.033
1634465820 18.34 95.21 0 4.033
1634465880 18.27 95.24 0 4.028
1634465940 18.3 95.8 0 4.028
1634466000 18.28 95.94 0 4.033
1634466060 18.24 95.91 0 4.028
1634466120 18.23 96.4 0 4.033
1634466180 18.24 96.67 0 4.028
1634466240 18.22 96.41 0 4.028
1634466300 18.26 96.46 0 4.033
1634466360 18.23 95.86 0 4.028
1634466420 18.26 95.62 0 4.028
1634466480 18.18 95.06 0 4.028
1634466540 18.18 94.9 0 4.028
1634466600 18.2 95.05 0 4.028
1634466660 18.2 95.18 0 4.028
1634466720 18.16 95.28 0 4.033
1634466780 18.17 95.56 0 4.028
1634466840 18.18 95.91 0 4.028
1634466900 18.11 95.94 0 4.028
1634466960 18.09 96.1 0 4.033
1634467020 18.06 96.18 0 4.028
1634467080 18.01 96.21 4 4.028
1634467140 18.01 96.26 4 4.028
1634467200 17.97 96.26 4 4.028
1634467260 17.96 96.4 4 4.028
1634467320 17.99 96.78 4 4.028
1634467380 18.01 96.79 4 4.033
1634467440 17.97 96.83 4 4.033
1634467500 17.96 96.81 4 4.028
1634467560 17.93 96.89 4 4.028
1634467620 17.97 96.96 10 4.028
1634467680 17.97 97.03 10 4.028
1634467740 17.92 97.06 10 4.028
1634467800 17.96 97.19 10 4.028
1634467860 17.97 97.31 10 4.028
1634467920 18.01 97.47 10 4.028
1634467980 18.03 97.43 10 4.033
1634468040 18.07 97.49 16 4.028
1634468100 18.04 97.57 16 4.028
1634468160 18.06 97.7 16 4.028
1634468220 18.11 97.76 22 4.033
1634468280 18.13 97.73 22 4.028
1634468340 18.14 97.65 22 4.028
1634468400 18.13 97.46 22 4.028
1634468460 18.17 97.58 22 4.033
1634468520 18.13 97.39 22 4.028
1634468580 18.16 97.31 22 4.028
1634468640 18.13 97.03 22 4.028
1634468700 18.16 97.13 22 4.028
1634468760 18.2 97.19 22 4.028
1634468820 18.23 97.36 22 4.028
1634468880 18.24 97.19 28 4.028
1634468940 18.26 97.05 28 4.028
1634469000 18.24 97.15 28 4.028
1634469060 18.23 97.12 28 4.028
1634469120 18.3 97.32 28 4.028
1634469180 18.31 97.26 28 4.028
1634469240 18.31 97.18 28 4.028
1634469300 18.33 96.78 28 4.028
1634469360 18.38 96.86 28 4.028
1634469420 18.46 96.86 34 4.028
1634469480 18.51 96.44 40 4.028
1634469540 18.51 95.77 46 4.028
1634469600 18.57 95.69 40 4.028
1634469660 18.58 95.32 40 4.028
1634469720 18.57 95.09 52 4.028
1634469780 18.55 95.17 82 4.028
1634469840 18.64 95.37 105 4.028
1634469900 18.79 95.58 123 4.028
1634469960 18.91 95.43 135 4.033
1634470020 19.07 95.47 135 4.028
1634470080 19.15 95.39 147 4.033
1634470140 19.22 95.16 129 4.028
1634470200 19.25 94.07 82 4.028
1634470260 19.26 93.54 135 4.033
1634470320 19.36 93.3 171 4.033
1634470380 19.53 93.23 177 4.033
1634470440 19.78 93.95 183 4.033
1634470500 20.04 93.34 189 4.033
1634470560 20.07 91.74 177 4.033
1634470620 20.18 91.51 123 4.033
1634470680 20.46 91.92 105 4.033
1634470740 20.7 90.94 99 4.033
1634470800 20.56 89.69 94 4.033
1634470860 20.56 89.4 94 4.028
1634470920 20.6 88.48 93 4.033
1634470980 20.44 87.84 99 4.028
1634471040 20.44 88.68 99 4.033
1634471100 20.43 88.9 99 4.033
1634471160 20.49 89.71 105 4.033
1634471220 20.52 89.58 111 4.033
1634471280 20.52 89.36 111 4.033
1634471340 20.44 89.86 111 4.033
1634471400 20.49 90.32 111 4.033
1634471460 20.42 88.35 111 4.033
1634471520 20.42 88.99 105 4.028
1634471580 20.43 88.27 105 4.033
1634471640 20.42 87.94 111 4.033
1634471700 20.46 88.33 111 4.033
1634471760 20.47 88.01 117 4.033
1634471820 20.5 88.08 123 4.033
1634471880 20.47 87.41 123 4.033
1634471940 20.56 88.16 135 4.033
1634472000 20.57 89.17 153 4.033
1634472060 20.6 88.79 147 4.033
1634472120 20.67 89.97 141 4.033
1634472180 20.77 89.69 141 4.033
1634472240 20.76 89.44 153 4.033
1634472300 20.87 90.27 147 4.039
1634472360 20.95 90.63 147 4.039
1634472420 20.83 88.64 159 4.033
1634472480 20.93 89.02 147 4.033
1634472540 21.01 89.37 141 4.033
1634472600 20.9 88.15 141 4.033
1634472660 20.91 89.04 141 4.039
1634472720 20.93 88.76 147 4.039
1634472780 20.91 88.57 141 4.039
1634472840 20.97 88.29 141 4.039
1634472900 21 88.37 141 4.033
1634472960 21.08 88.88 153 4.033
1634473020 21.1 88.58 159 4.039
1634473080 21.08 88.24 177 4.033
1634473140 21.14 88.65 248 4.039
1634473200 21.24 89.12 307 4.033
1634473260 21.39 88.94 272 4.028
1634473320 21.37 86.87 283 4.028
1634473380 21.38 86.99 283 4.028
1634473440 21.44 87.07 236 4.033
1634473500 21.52 85.67 260 4.028
1634473560 21.53 85.5 355 4.033
1634473620 21.6 85.3 420 4.028
1634473680 21.65 85.64 438 4.028
1634473740 21.87 84.76 448 4.028
1634473800 22.17 84.29 448 4.028
1634473860 22.24 81.84 438 4.028
1634473920 22.31 81.85 438 4.028
1634473980 22.54 81.89 448 4.028
1634474040 22.76 81.82 454 4.028
1634474100 22.89 80.39 460 4.028
1634474160 23.17 80.44 460 4.022
1634474220 23.05 80.88 466 4.028
1634474280 23.09 81.12 466 4.022
1634474340 23.32 79.71 466 4.028
1634474400 23.68 76.5 472 4.028
1634474460 23.53 78.02 472 4.028
1634474520 23.78 81.31 478 4.028
1634474580 24 77.09 478 4.028
1634474640 23.95 77.56 478 4.028
1634474700 24.22 77.18 472 4.028
1634474760 24.39 75.63 472 4.017
1634474820 24.35 74.65 478 4.022
1634474880 24.04 76.38 490 4.022
1634474940 24.07 76.87 490 4.022
1634475000 24.29 77.51 490 4.022
1634475060 24.65 76.05 495 4.028
1634475120 24.65 74.55 495 4.022
1634475180 24.46 74.3 501 4.022
1634475240 24.5 74.15 507 4.028
1634475300 24.66 75.4 513 4.028
1634475360 24.76 74.26 513 4.028
1634475420 24.83 73.22 519 4.022
1634475480 24.81 72.64 519 4.022
1634475540 24.86 71.69 525 4.022
1634475600 24.86 71 525 4.022
1634475660 24.77 72.17 531 4.022
1634475720 24.73 72.92 531 4.022
1634475780 24.83 72.76 531 4.022
1634475840 24.88 73.48 537 4.022
1634475900 24.91 72.53 537 4.022
1634475960 25.04 73.29 543 4.022
1634476020 25.13 72.9 543 4.022
1634476080 25.08 72.55 549 4.022
1634476140 25.13 72.48 555 4.022
1634476200 25.34 71.82 555 4.022
1634476260 25.48 73.34 561 4.022
1634476320 25.61 71.92 561 4.022
1634476380 25.51 72.22 567 4.022
1634476440 25.68 71.35 572 4.022
1634476500 25.56 68.86 572 4.022
1634476560 25.49 70.06 578 4.028
1634476620 25.65 70.71 578 4.022
1634476680 25.35 69.72 578 4.022
1634476740 25.31 70.82 584 4.022
1634476800 25.73 71.69 590 4.022
1634476860 25.66 65 590 4.022
1634476920 25.51 68.27 596 4.022
1634476980 25.64 68.34 596 4.022
1634477040 26.16 67.51 602 4.022
1634477100 25.87 66.64 608 4.022
1634477160 25.66 66.04 608 4.022
1634477220 26.12 64.42 614 4.022
1634477280 26.44 63.67 614 4.022
1634477340 26.83 63.63 620 4.022
1634477400 27.3 59.78 632 4.022
1634477460 27.37 60.5 638 4.022
1634477520 27.13 61.08 644 4.022
1634477580 27.1 62.51 650 4.022
1634477640 26.67 62.34 655 4.022
1634477700 26 64.33 661 4.022
1634477760 26.13 66.28 679 4.022
1634477820 26.74 65.41 691 4.017
1634477880 26.99 62.76 697 4.022
1634477940 27.03 64 709 4.022
1634478000 27.1 62.1 733 4.022
1634478060 27.26 61.62 337 4.033
1634478120 27.33 62.8 254 4.033
1634478180 27.08 61.72 165 4.028
1634478240 26.67 62.51 153 4.022
1634478300 26.52 63.93 159 4.028
1634478360 26.43 64.33 171 4.028
1634478420 26.13 64.02 200 4.028
1634478540 25.82 65 284 4.033
1634478600 25.2 65.56 301 4.022
1634478660 25.24 65.83 319 4.033
1634478720 25.41 66.92 480 4.044
1634478780 25.49 66.67 697 4.055
1634478840 25.87 67.38 588 4.055
1634478900 26.22 64.63 643 4.055
1634478960 26.35 64.63 496 4.049
1634479020 26.57 64.11 361 4.039
1634479080 26.38 63.2 355 4.044
1634479140 26.28 63.4 355 4.044
1634479200 26.27 65.28 600 4.055
1634479260 26.24 65.15 387 4.044
1634479320 26.26 64.73 338 4.044
1634479380 25.83 65.29 347 4.017
1634479440 25.9 65.99 403 4.044
1634479500 25.77 64.91 433 4.049
1634479560 25.77 66.31 518 4.055
1634479620 25.75 63.83 710 4.065
1634479680 25.69 65.28 662 4.06
1634479740 26.07 64.26 638 4.06
1634479800 26.12 63.29 578 4.06
1634479860 26.02 62.75 417 4.055
1634479920 26.1 62.99 380 4.055
1634479980 26.23 62.21 362 4.049
1634480040 26.07 62.56 350 4.049
1634480100 26.26 62.51 350 4.049
1634480160 26.13 63.86 362 4.049
1634480220 26.34 62.99 380 4.055
1634480280 26.52 63.58 391 4.055
1634480340 26.3 61.07 584 4.055
1634480400 25.93 62.85 469 4.055
1634480460 25.94 62.45 465 4.055
1634480520 26 61.61 471 4.06
1634480580 26.08 62.09 495 4.06
1634480640 25.92 62.57 542 4.06
1634480700 26.03 61.86 602 4.065
1634480760 26.07 62.37 596 4.065
1634480820 25.97 60.25 579 4.065
1634480880 25.86 60.47 573 4.065
1634480940 25.73 59.88 555 4.071
1634481000 25.87 60.44 664 4.076
1634481060 25.92 61.14 700 4.076
1634481120 26.3 61 682 4.076
1634481180 26.64 59.67 585 4.076
1634481240 26.95 59.74 536 4.065
1634481300 26.61 56.78 561 4.071
1634481360 26.41 57.42 640 4.076
1634481420 26.44 57.47 575 4.071
1634481480 26.78 58.99 627 4.076
1634481540 27.03 57.21 768 4.082
1634481600 27.2 56.48 647 4.082
1634481660 27.37 56.01 599 4.082
1634481720 27.46 56.75 502 4.076
1634481780 27.6 55.16 495 4.076
1634481840 27.71 55.57 533 4.076
1634481900 27.44 55.84 533 4.076
1634481960 27.26 57.36 653 4.082
1634482020 27.3 57.95 533 4.076
1634482080 27.25 56.69 581 4.076
1634482140 27.25 57.61 1072 4.06
1634482200 27.44 57.24 1001 4.055
1634482260 27.59 56.94 876 4.055
1634482320 27.13 55.07 584 4.055
1634482380 26.96 56.26 584 4.055
1634482440 27.41 56.97 828 4.055
1634482500 27.36 53.65 721 4.055
1634482560 27.51 52.68 761 4.049
1634482620 27.54 52.45 987 4.049
1634482680 27.78 52.66 1114 4.049
1634482740 28.22 54.45 387 4.049
1634482800 28.53 50.87 409 4.049
1634482860 28.45 52.04 886 4.049
1634482920 28.32 52.97 332 4.049
1634482980 28.31 52.08 862 4.049
1634483040 28.18 53.17 296 4.049
1634483100 27.7 55.17 286 4.055
1634483160 27.16 54.88 356 4.049
1634483220 26.74 58.23 344 4.049
1634483280 26.52 58.59 832 4.049
1634483340 26.59 60.33 1040 4.049
1634483400 26.83 60.75 987 4.049
1634483460 27.09 60.2 975 4.049
1634483520 27.64 60.18 975 4.049
1634483580 28.01 59.36 975 4.049
1634483640 27.7 57.67 975 4.049
1634483700 27.1 58.85 975 4.049
1634483760 26.88 59.51 981 4.049
1634483820 26.96 59.27 981 4.049
1634483880 26.99 57.16 975 4.049
1634483940 27.49 59.64 980 4.044
1634484000 28.46 55.97 974 4.044
1634484060 28.6 55.35 981 4.044
1634484120 28.87 55.39 998 4.049
1634484180 29.18 53.99 1004 4.049
1634484240 29.34 53.65 999 4.044
1634484300 29.68 51.63 987 4.044
1634484360 29.86 50.48 998 4.044
1634484420 29.69 51.95 1016 4.044
1634484480 29.9 51.68 933 4.044
1634484540 30.23 49.54 968 4.044
1634484600 30.37 49.89 974 4.049
1634484660 30.16 49.19 927 4.044
1634484720 30.11 48.76 927 4.044
1634484780 30 50.43 950 4.044
1634484840 30.06 48.36 966 4.039
1634484900 30.26 49.28 1010 4.044
1634484960 30.35 50.56 980 4.044
1634485020 30.24 48.16 814 4.049
1634485080 30.31 49.61 772 4.044
1634485140 30.14 49.14 742 4.044
1634485200 30.17 48.83 902 4.044
1634485260 30.11 48.55 1046 4.044
1634485320 30.27 48.77 1087 4.044
1634485380 30.48 49.06 1117 4.044
1634485440 30.41 48.36 1165 4.044
1634485500 30.64 47.11 778 4.044
1634485560 30.5 49.14 677 4.044
1634485620 30.27 49.18 641 4.044
1634485680 30.23 49.2 1010 4.044
1634485740 30.4 47.77 539 4.033
1634485800 30.28 48.35 534 4.044
1634485860 30.3 48.28 635 4.039
1634485920 30.6 47.59 611 4.044
1634485980 30.51 49.88 1165 4.044
1634486040 30.58 47.92 1266 4.044
1634486100 30.9 47.19 1272 4.044
1634486160 31.1 47.59 1270 4.044
1634486220 31.7 46.58 1287 4.039
1634486280 32.43 45.81 1284 4.044
1634486340 32.86 45.03 1301 4.044
1634486400 32.99 44.9 1313 4.044
1634486460 32.87 44.08 1240 4.039
1634486520 33.28 46.75 1365 4.044
1634486580 33.21 43.82 1270 4.044
1634487180 29.79 49.11 522 4.049
1634487240 29.62 50.64 451 4.055
1634487300 29.84 50.62 403 4.055
1634487360 30.03 49.76 368 4.049
1634487420 29.72 51.7 344 4.055
1634487480 29.59 54.41 374 4.055
1634487540 29.22 55.26 380 4.06
1634487600 28.96 56.31 387 4.065
1634487660 28.52 57.1 388 4.065
1634487720 28.42 57.67 388 4.065
1634487780 28.55 57.42 394 4.071
1634487840 28.46 58.8 394 4.065
1634487900 28.52 59.02 405 4.071
1634487960 28.57 58 412 4.071
1634488020 28.46 58.19 412 4.071
1634488080 28.22 59.04 412 4.071
1634488140 28.16 59.04 424 4.071
1634488200 28.42 59.23 436 4.076
1634488260 28.7 57.91 442 4.076
1634488320 28.41 58.28 442 4.076
1634488380 28.23 59.55 490 4.076
1634488440 27.33 62.93 502 4.076
1634488500 27.34 62.79 557 4.082
1634488560 27.32 62.86 593 4.082
1634488620 27.19 62.97 557 4.082
1634488680 27.1 63.59 569 4.082
1634488740 27.1 64.65 582 4.087
1634488800 27.01 64.8 643 4.087
1634488860 27.03 64.15 594 4.087
1634488920 26.96 64.83 594 4.087
1634488980 27.08 65.06 649 4.092
1634489040 27.06 64.44 594 4.087
1634489100 27.16 64.86 564 4.087
1634489160 27.26 63.82 576 4.087
1634489220 27.26 64.59 618 4.092
1634489280 33.35 44.46 1216 4.076
1634489340 33.45 44.33 1126 4.076
1634489400 33.73 42.49 819 4.071
1634489460 32.86 46.13 1073 4.033
1634489520 31.03 51.49 1105 3.931
1634489580 31.46 50.3 1432 4.098
1634489640 31.63 48.94 1215 4.092
1634489700 31.94 48.2 984 4.087
1634489760 32.18 45.95 1228 4.098
1634489820 32.15 45.51 936 4.06
1634489880 32.43 47.3 1102 4.055
1634489940 32.34 48.9 1362 4.055
1634490000 32.1 45.69 921 4.049
1634490060 32.52 46.8 1171 4.049
1634490120 32.14 48.64 356 4.049
1634490180 32.46 47.01 296 4.049
1634490240 32.32 48.13 260 4.044
1634490300 31.84 48.31 256 4.049
1634490360 31.5 48.66 249 4.049
1634490420 30.98 49.26 243 4.049
1634490480 31.06 49.06 296 4.049
1634490540 30.47 50.34 314 4.049
1634490600 30.32 51.62 344 4.049
1634490660 29.21 52.39 338 4.049
1634490720 28.87 54.63 374 4.049
1634490780 28.94 53.99 600 4.049
1634490840 28.98 55.49 1362 4.049
1634490900 28.92 56.93 1368 4.049
1634490960 29.59 56.19 1017 4.049
1634491020 30.44 54.32 921 4.049
1634491080 30.82 51.8 1260 4.049
1634491140 30.65 51.54 868 4.049
1634491200 29.92 52.71 505 4.044
1634491260 29.36 54.18 445 4.049
1634491320 29.9 53.95 427 4.049
1634491380 29.9 54.86 975 4.082
1634491440 29.29 53.68 609 4.071
1634491500 29.08 54.81 585 4.071
1634491560 28.63 55.36 471 4.065
1634491620 28.67 56.45 388 4.065
1634491680 28.52 54.99 376 4.065
1634491740 28.56 55.95 370 4.065
1634491800 28.63 56.33 388 4.065
1634491860 28.7 57.19 399 4.065
1634491920 28.76 54.87 406 4.071
1634491980 28.73 54.82 411 4.071
1634492040 28.74 54.13 388 4.065
1634492100 29.22 52.78 400 4.071
1634492160 29.32 52.75 406 4.071
1634492220 29.61 52.6 418 4.071
1634492280 29.26 51.98 394 4.065
1634492340 28.83 53.32 399 4.065
1634492400 28.83 51.95 418 4.071
1634492460 29.05 53.5 466 4.076
1634492520 29.13 52.44 466 4.076
1634492580 29.25 55.1 466 4.076
1634492640 29.48 52.84 484 4.076
1634492700 29.25 52.47 515 4.076
1634492760 29.04 53.72 799 4.06
1634492820 29.14 53.22 1182 4.06
1634492880 29.68 51.73 602 4.06
1634492940 29.98 49.58 618 4.06
1634493000 30.04 49.68 632 4.06
1634493060 30.1 50.65 643 4.055
1634493120 30.28 49.88 518 4.055
1634493180 30.5 47.71 512 4.049
1634493240 30.21 48.36 505 4.055
1634493300 30.23 48.19 505 4.055
1634493360 30.14 49.93 505 4.055
1634493420 30.3 48.95 505 4.055
1634493480 30.31 48.52 542 4.055
1634493540 29.99 47.85 505 4.055
1634493600 30.09 47.59 499 4.055
1634493660 30.27 49.25 512 4.055
1634493720 30.44 50.57 560 4.055
1634493780 30.3 48.5 1209 4.055
1634493840 30.04 47.19 1054 4.055
1634493900 30.67 48.76 1245 4.055
1634493960 31.15 46.21 1019 4.055
1634494020 31.08 44.47 673 4.055
1634494080 30.6 45.35 689 4.049
1634494140 30.72 46.7 749 4.055
1634494200 30.85 43.98 1060 4.055
1634494260 31.12 45.38 1118 4.055
1634494320 31.09 45.68 685 4.049
1634487180 29.79 49.11 522 4.049
1634487240 29.62 50.64 451 4.055
1634487300 29.84 50.62 403 4.055
1634487360 30.03 49.76 368 4.049
1634487420 29.72 51.7 344 4.055
1634487480 29.59 54.41 374 4.055
1634487540 29.22 55.26 380 4.06
1634487600 28.96 56.31 387 4.065
1634487660 28.52 57.1 388 4.065
1634487720 28.42 57.67 388 4.065
1634487780 28.55 57.42 394 4.071
1634487840 28.46 58.8 394 4.065
1634487900 28.52 59.02 405 4.071
1634487960 28.57 58 412 4.071
1634488020 28.46 58.19 412 4.071
1634488080 28.22 59.04 412 4.071
1634488140 28.16 59.04 424 4.071
1634488200 28.42 59.23 436 4.076
1634488260 28.7 57.91 442 4.076
1634488320 28.41 58.28 442 4.076
1634488380 28.23 59.55 490 4.076
1634488440 27.33 62.93 502 4.076
1634488500 27.34 62.79 557 4.082
1634488560 27.32 62.86 593 4.082
1634488620 27.19 62.97 557 4.082
1634488680 27.1 63.59 569 4.082
1634488740 27.1 64.65 582 4.087
1634488800 27.01 64.8 643 4.087
1634488860 27.03 64.15 594 4.087
1634488920 26.96 64.83 594 4.087
1634488980 27.08 65.06 649 4.092
1634489040 27.06 64.44 594 4.087
1634489100 27.16 64.86 564 4.087
1634489160 27.26 63.82 576 4.087
1634489220 27.26 64.59 618 4.092
1634489280 33.35 44.46 1216 4.076
1634489340 33.45 44.33 1126 4.076
1634489400 33.73 42.49 819 4.071
1634489460 32.86 46.13 1073 4.033
1634489520 31.03 51.49 1105 3.931
1634489580 31.46 50.3 1432 4.098
1634489640 31.63 48.94 1215 4.092
1634489700 31.94 48.2 984 4.087
1634489760 32.18 45.95 1228 4.098
1634489820 32.15 45.51 936 4.06
1634489880 32.43 47.3 1102 4.055
1634489940 32.34 48.9 1362 4.055
1634490000 32.1 45.69 921 4.049
1634490060 32.52 46.8 1171 4.049
1634490120 32.14 48.64 356 4.049
1634490180 32.46 47.01 296 4.049
1634490240 32.32 48.13 260 4.044
1634490300 31.84 48.31 256 4.049
1634490360 31.5 48.66 249 4.049
1634490420 30.98 49.26 243 4.049
1634490480 31.06 49.06 296 4.049
1634490540 30.47 50.34 314 4.049
1634490600 30.32 51.62 344 4.049
1634490660 29.21 52.39 338 4.049
1634490720 28.87 54.63 374 4.049
1634490780 28.94 53.99 600 4.049
1634490840 28.98 55.49 1362 4.049
1634490900 28.92 56.93 1368 4.049
1634490960 29.59 56.19 1017 4.049
1634491020 30.44 54.32 921 4.049
1634491080 30.82 51.8 1260 4.049
1634491140 30.65 51.54 868 4.049
1634491200 29.92 52.71 505 4.044
1634491260 29.36 54.18 445 4.049
1634491320 29.9 53.95 427 4.049
1634491380 29.9 54.86 975 4.082
1634491440 29.29 53.68 609 4.071
1634491500 29.08 54.81 585 4.071
1634491560 28.63 55.36 471 4.065
1634491620 28.67 56.45 388 4.065
1634491680 28.52 54.99 376 4.065
1634491740 28.56 55.95 370 4.065
1634491800 28.63 56.33 388 4.065
1634491860 28.7 57.19 399 4.065
1634491920 28.76 54.87 406 4.071
1634491980 28.73 54.82 411 4.071
1634492040 28.74 54.13 388 4.065
1634492100 29.22 52.78 400 4.071
1634492160 29.32 52.75 406 4.071
1634492220 29.61 52.6 418 4.071
1634492280 29.26 51.98 394 4.065
1634492340 28.83 53.32 399 4.065
1634492400 28.83 51.95 418 4.071
1634492460 29.05 53.5 466 4.076
1634492520 29.13 52.44 466 4.076
1634492580 29.25 55.1 466 4.076
1634492640 29.48 52.84 484 4.076
1634492700 29.25 52.47 515 4.076
1634492760 29.04 53.72 799 4.06
1634492820 29.14 53.22 1182 4.06
1634492880 29.68 51.73 602 4.06
1634492940 29.98 49.58 618 4.06
1634493000 30.04 49.68 632 4.06
1634493060 30.1 50.65 643 4.055
1634493120 30.28 49.88 518 4.055
1634493180 30.5 47.71 512 4.049
1634493240 30.21 48.36 505 4.055
1634493300 30.23 48.19 505 4.055
1634493360 30.14 49.93 505 4.055
1634493420 30.3 48.95 505 4.055
1634493480 30.31 48.52 542 4.055
1634493540 29.99 47.85 505 4.055
1634493600 30.09 47.59 499 4.055
1634493660 30.27 49.25 512 4.055
1634493720 30.44 50.57 560 4.055
1634493780 30.3 48.5 1209 4.055
1634493840 30.04 47.19 1054 4.055
1634493900 30.67 48.76 1245 4.055
1634493960 31.15 46.21 1019 4.055
1634494020 31.08 44.47 673 4.055
1634494080 30.6 45.35 689 4.049
1634494140 30.72 46.7 749 4.055
1634494200 30.85 43.98 1060 4.055
1634494260 31.12 45.38 1118 4.055
1634494320 31.09 45.68 685 4.049
1634487180 30.6 45.35 689 4.049
1634487240 30.72 46.7 749 4.055
1634487300 30.85 43.98 1060 4.055
1634487360 31.12 45.38 1118 4.055
1634487420 31.09 45.68 685 4.049
1634487480 31.41 45.86 703 4.049
1634487540 31.61 43.81 1454 4.049
1634487600 31.18 44.88 761 4.049
1634487660 30.5 46.04 695 4.049
1634487720 30.19 47.05 618 4.049
1634487780 29.79 49.11 522 4.049
1634487840 29.62 50.64 451 4.055
1634487900 29.84 50.62 403 4.055
1634487960 30.03 49.76 368 4.049
1634488020 29.72 51.7 344 4.055
1634488080 29.59 54.41 374 4.055
1634488140 29.22 55.26 380 4.06
1634488200 28.96 56.31 387 4.065
1634488260 28.52 57.1 388 4.065
1634488320 28.42 57.67 388 4.065
1634488380 28.55 57.42 394 4.071
1634488440 28.46 58.8 394 4.065
1634488500 28.52 59.02 405 4.071
1634488560 28.57 58 412 4.071
1634488620 28.46 58.19 412 4.071
1634488680 28.22 59.04 412 4.071
1634488740 28.16 59.04 424 4.071
1634488800 28.42 59.23 436 4.076
1634488860 28.7 57.91 442 4.076
1634488920 28.41 58.28 442 4.076
1634488980 28.23 59.55 490 4.076
1634489040 27.33 62.93 502 4.076
1634489100 27.34 62.79 557 4.082
1634489160 27.32 62.86 593 4.082
1634489220 27.19 62.97 557 4.082
1634489280 27.1 63.59 569 4.082
1634489340 27.1 64.65 582 4.087
1634489400 27.01 64.8 643 4.087
1634489460 27.03 64.15 594 4.087
1634489520 26.96 64.83 594 4.087
1634489580 27.08 65.06 649 4.092
1634489640 27.06 64.44 594 4.087
1634489700 27.16 64.86 564 4.087
1634489760 27.26 63.82 576 4.087
1634489820 27.26 64.59 618 4.092
1634489880 27.28 64.7 594 4.087
1634489940 27.53 63.54 873 4.076
1634490000 27.53 63.35 685 4.092
1634490060 32.86 46.13 1073 4.033
1634490120 31.03 51.49 1105 3.931
1634490180 31.46 50.3 1432 4.098
1634490240 31.63 48.94 1215 4.092
1634490300 31.94 48.2 984 4.087
1634490360 32.18 45.95 1228 4.098
1634490420 32.15 45.51 936 4.06
1634490480 32.43 47.3 1102 4.055
1634490540 32.34 48.9 1362 4.055
1634490600 32.1 45.69 921 4.049
1634490660 32.52 46.8 1171 4.049
1634490720 32.14 48.64 356 4.049
1634490780 32.46 47.01 296 4.049
1634490840 32.32 48.13 260 4.044
1634490900 31.84 48.31 256 4.049
1634490960 31.5 48.66 249 4.049
1634491020 30.98 49.26 243 4.049
1634491080 31.06 49.06 296 4.049
1634491140 30.47 50.34 314 4.049
1634491200 30.32 51.62 344 4.049
1634491260 29.21 52.39 338 4.049
1634491320 28.87 54.63 374 4.049
1634491380 28.94 53.99 600 4.049
1634491440 28.98 55.49 1362 4.049
1634491500 28.92 56.93 1368 4.049
1634491560 29.59 56.19 1017 4.049
1634491620 30.44 54.32 921 4.049
1634491680 30.82 51.8 1260 4.049
1634491740 30.65 51.54 868 4.049
1634491800 29.92 52.71 505 4.044
1634491860 29.36 54.18 445 4.049
1634491920 29.9 53.95 427 4.049
1634491980 29.9 54.86 975 4.082
1634492040 29.29 53.68 609 4.071
1634492100 29.08 54.81 585 4.071
1634492160 28.63 55.36 471 4.065
1634492220 28.67 56.45 388 4.065
1634492280 28.52 54.99 376 4.065
1634492340 28.56 55.95 370 4.065
1634492400 28.63 56.33 388 4.065
1634492460 28.7 57.19 399 4.065
1634492520 28.76 54.87 406 4.071
1634492580 28.73 54.82 411 4.071
1634492640 28.74 54.13 388 4.065
1634492700 29.22 52.78 400 4.071
1634492760 29.32 52.75 406 4.071
1634492820 29.61 52.6 418 4.071
1634492880 29.26 51.98 394 4.065
1634492940 28.83 53.32 399 4.065
1634493000 28.83 51.95 418 4.071
1634493060 29.05 53.5 466 4.076
1634493120 29.13 52.44 466 4.076
1634493180 29.25 55.1 466 4.076
1634493240 29.48 52.84 484 4.076
1634493300 29.25 52.47 515 4.076
1634493360 29.04 53.72 799 4.06
1634493420 29.14 53.22 1182 4.06
1634493480 29.68 51.73 602 4.06
1634493540 29.98 49.58 618 4.06
1634493600 30.04 49.68 632 4.06
1634493660 30.1 50.65 643 4.055
1634493720 30.28 49.88 518 4.055
1634493780 30.5 47.71 512 4.049
1634493840 30.21 48.36 505 4.055
1634493900 30.23 48.19 505 4.055
1634493960 30.14 49.93 505 4.055
1634494020 30.3 48.95 505 4.055
1634494080 30.31 48.52 542 4.055
1634494140 29.99 47.85 505 4.055
1634494200 30.09 47.59 499 4.055
1634494260 30.27 49.25 512 4.055
1634494320 30.44 50.57 560 4.055
1634494680 30.3 48.5 1209 4.055
1634494740 30.04 47.19 1054 4.055
1634494800 30.67 48.76 1245 4.055
1634494860 31.15 46.21 1019 4.055
1634494920 31.08 44.47 673 4.055
1634494980 30.6 45.35 689 4.049
1634495040 30.72 46.7 749 4.055
1634495100 30.85 43.98 1060 4.055
1634495160 31.12 45.38 1118 4.055
1634495220 31.09 45.68 685 4.049
1634495280 31.41 45.86 703 4.049
1634495340 31.61 43.81 1454 4.049
1634495400 31.18 44.88 761 4.049
1634495460 30.5 46.04 695 4.049
1634495520 30.19 47.05 618 4.049
1634495580 29.79 49.11 522 4.049
1634495640 29.62 50.64 451 4.055
1634495700 29.84 50.62 403 4.055
1634495760 30.03 49.76 368 4.049
1634495820 29.72 51.7 344 4.055
1634495880 29.59 54.41 374 4.055
1634495940 29.22 55.26 380 4.06
1634496000 28.96 56.31 387 4.065
1634496060 28.52 57.1 388 4.065
1634496120 28.42 57.67 388 4.065
1634496180 28.55 57.42 394 4.071
1634496240 28.46 58.8 394 4.065
1634496300 28.52 59.02 405 4.071
1634496360 28.57 58 412 4.071
1634496420 28.46 58.19 412 4.071
1634496480 28.22 59.04 412 4.071
1634496540 28.16 59.04 424 4.071
1634496600 28.42 59.23 436 4.076
1634496660 28.7 57.91 442 4.076
1634496720 28.41 58.28 442 4.076
1634496780 28.23 59.55 490 4.076
1634496840 27.33 62.93 502 4.076
1634496900 27.34 62.79 557 4.082
1634496960 27.32 62.86 593 4.082
1634497020 27.19 62.97 557 4.082
1634497080 27.1 63.59 569 4.082
1634497140 27.1 64.65 582 4.087
1634497200 27.01 64.8 643 4.087
1634497260 27.03 64.15 594 4.087
1634497320 26.96 64.83 594 4.087
1634497380 27.08 65.06 649 4.092
1634497440 27.06 64.44 594 4.087
1634497500 27.16 64.86 564 4.087
1634497560 27.26 63.82 576 4.087
1634497620 27.26 64.59 618 4.092
1634497680 27.28 64.7 594 4.087
1634497740 27.53 63.54 873 4.076
1634497800 27.53 63.35 685 4.092
1634497860 27.39 63.82 618 4.087
1634497920 27.33 63.57 673 4.092
1634497980 27.39 62.97 706 4.071
1634498040 27.57 64.45 640 4.065
1634498100 27.77 63.43 585 4.065
1634498160 27.71 63.31 817 4.065
1634498220 27.63 62.38 1105 4.071
1634498280 27.63 63.8 1212 4.065
1634498340 27.77 62.99 656 4.065
1634498400 28.26 63.66 501 4.065
1634498460 28.81 63.15 579 4.065
1634498520 29.04 61.68 525 4.065
1634498580 29.31 57.88 477 4.065
1634498640 28.52 59.86 447 4.065
1634498700 27.98 61.33 441 4.065
1634498760 27.88 62.44 417 4.06
1634498820 28.41 61.98 417 4.06
1634498880 28.45 61.57 429 4.065
1634498940 28.59 60.39 429 4.065
1634499000 28.71 59.46 435 4.065
1634499060 28.55 58.79 441 4.065
1634499120 28.45 59.69 453 4.065
1634498280 27.63 63.8 1212 4.065
1634498340 27.77 62.99 656 4.065
1634498400 28.26 63.66 501 4.065
1634498460 28.81 63.15 579 4.065
1634498520 29.04 61.68 525 4.065
1634498580 29.31 57.88 477 4.065
1634498640 28.52 59.86 447 4.065
1634498700 27.98 61.33 441 4.065
1634498760 27.88 62.44 417 4.06
1634498820 28.41 61.98 417 4.06
1634498880 28.45 61.57 429 4.065
1634498940 28.59 60.39 429 4.065
1634499000 28.71 59.46 435 4.065
1634499060 28.55 58.79 441 4.065
1634499120 28.45 59.69 453 4.065
1634499180 28.57 60.79 465 4.06
1634499240 28.34 60.08 483 4.065
1634499300 28.34 61.44 477 4.065
1634499360 28.43 61.25 471 4.065
1634499420 28.56 59.11 459 4.06
1634499480 28.47 60.47 453 4.06
1634499540 28.71 59.74 447 4.065
1634499600 28.78 60.22 435 4.065
1634499660 28.87 58.94 423 4.06
1634499720 28.71 58.91 411 4.065
1634499780 28.38 60.5 405 4.06
1634499840 28.11 61.13 399 4.065
1634499900 28.12 62.14 399 4.06
1634499960 28.29 62.82 399 4.06
1634500020 28.2 61.26 405 4.06
1634500080 28.56 60.3 405 4.06
1634500140 28.5 61.48 405 4.06
1634500200 28.69 61.32 405 4.06
1634500260 29.04 59.54 405 4.06
1634500320 28.86 58.42 417 4.06
1634500380 28.74 59.6 417 4.06
1634500440 28.45 60.24 417 4.06
1634500500 28.46 59.06 411 4.06
1634500560 28.42 59.24 405 4.06
1634500620 28.29 60.47 405 4.06
1634500680 28.34 60.22 405 4.06
1634500740 28.57 59.69 411 4.06
1634500800 28.65 59.33 459 4.06
1634500860 28.47 59.58 501 4.065
1634500920 28.65 58.78 483 4.06
1634500980 28.7 58.81 429 4.06
1634501040 28.8 59.14 423 4.06
1634501100 28.83 59.24 417 4.06
1634501160 29.01 58.96 405 4.06
1634501220 28.98 58.95 387 4.06
1634501280 29.11 60.49 374 4.06
1634501340 29.25 58.97 368 4.06
1634501400 29.28 59.54 368 4.06
1634501460 28.92 59.23 380 4.06
1634501520 28.93 59.26 393 4.06
1634501580 28.76 58.95 411 4.06
1634501640 28.38 60.64 429 4.06
1634501700 28.52 61.6 435 4.06
1634501760 28.83 59.81 417 4.055
1634501820 28.78 59.81 405 4.06
1634501880 28.35 59.96 405 4.06
1634501940 28.02 61.14 399 4.06
1634502000 27.65 61.92 411 4.06
1634502060 27.56 62.56 447 4.055
1634502120 27.68 62.47 489 4.06
1634502180 27.53 62.09 685 4.06
1634502240 27.72 62.72 715 4.06
1634502300 28.09 61.84 888 4.06
1634502360 28.32 61.54 959 4.06
1634502420 28.52 61.71 1048 4.055
1634502480 29.07 60.97 1090 4.06
1634502540 29 58.57 965 4.06
1634502600 28.77 59.38 1025 4.055
1634502660 29.45 59.82 989 4.055
1634502720 29.8 57.21 755 4.055
1634502780 30.03 57.43 612 4.06
1634502840 29.75 57.42 548 4.06
1634502900 28.65 59.43 471 4.06
1634502960 28.45 60.23 441 4.055
1634503020 28.01 62.93 435 4.06
1634503080 28.32 61.8 429 4.06
1634503140 28.52 60.37 423 4.06
1634503200 28.55 60.63 417 4.055
1634503260 28.73 61.04 412 4.065
1634503320 28.73 61.38 400 4.071
1634503380 28.73 60.1 394 4.071
1634503440 28.14 60.81 388 4.071
1634503500 27.68 61.73 376 4.071
1634503560 27.4 63.4 376 4.071
1634503620 27.37 64.51 376 4.076
1634503680 27.72 64.35 364 4.071
1634503740 27.88 62.75 358 4.071
1634503800 27.84 63.86 358 4.076
1634503860 27.83 62.53 358 4.076
1634503920 27.71 63.01 358 4.076
1634503980 27.53 64.68 358 4.076
1634504040 27.47 64.15 364 4.076
1634504100 27.53 64.03 364 4.071
1634504160 27.22 64.01 358 4.076
1634504220 26.91 65.9 358 4.076
1634504280 26.88 67.2 364 4.076
1634504340 27.06 66.46 370 4.076
1634504400 27.12 67.45 384 4.082
1634504460 27.08 67.58 394 4.082
1634504520 26.93 68.03 406 4.082
1634504580 27.23 68.83 412 4.076
1634504640 27.54 68.55 426 4.082
1634504700 27.61 64.6 432 4.082
1634504760 27.6 66.17 426 4.082
1634504820 27.16 64.69 420 4.082
1634504880 26.71 65.88 402 4.082
1634504940 26.61 65.85 371 4.082
1634505000 26.58 65.78 352 4.071
1634505060 26.47 66.95 346 4.065
1634505120 26.64 66.91 334 4.065
1634505180 26.88 67.13 328 4.065
1634505240 26.82 67.5 322 4.071
1634505300 26.62 67.55 304 4.065
1634505360 26.77 68.2 286 4.065
1634505420 26.93 67.83 268 4.065
1634505480 27.02 67.68 256 4.071
1634505540 26.88 68.68 249 4.065
1634505600 26.98 68.04 243 4.065
1634505660 27.1 67.43 243 4.065
1634505720 27.2 67.86 237 4.065
1634505780 27.36 67.53 243 4.065
1634505840 26.95 66.68 237 4.065
1634505900 26.65 68.29 237 4.065
1634505960 26.71 68.56 231 4.065
1634506020 26.41 68.68 237 4.065
1634506080 26.44 69.41 237 4.065
1634506140 26.23 69.43 243 4.065
1634506200 26.28 68.54 249 4.065
1634506260 26.5 68.88 262 4.06
1634506320 26.67 68.89 268 4.065
1634506380 26.59 68.48 268 4.065
1634506440 26.33 69.24 268 4.065
1634506500 26.23 69.66 268 4.065
1634506560 26.2 70.18 262 4.065
1634506620 26.33 70.8 256 4.065
1634506680 26.4 70.3 249 4.065
1634506740 26.33 70.12 243 4.065
1634506800 26.45 70.29 237 4.06
1634506860 26.64 69.6 231 4.065
1634506920 26.68 69.73 231 4.065
1634506980 26.58 68.91 231 4.065
1634507040 26.67 68.71 231 4.065
1634507100 26.71 68.49 237 4.06
1634507160 26.7 68.79 249 4.06
1634507220 26.64 68.92 268 4.065
1634507280 26.58 69.5 316 4.065
1634507340 26.7 69.04 543 4.065
1634507400 26.59 69.63 495 4.065
1634507460 26.91 68.9 501 4.065
1634507520 27.16 68.28 477 4.065
1634507580 27.49 68.29 513 4.065
1634507640 27.46 66.58 554 4.065
1634507700 27.78 65.55 566 4.065
1634507760 28.08 65.37 548 4.06
1634507820 28.25 64.57 530 4.06
1634507880 27.57 67.14 507 4.065
1634507940 27.89 66.63 304 4.06
1634508000 27.59 65.29 453 4.06
1634508060 27.37 66.97 483 4.06
1634508120 27.68 66.76 459 4.06
1634508180 27.72 66.34 368 4.06
1634508240 27.88 65.85 447 4.065
1634508300 27.4 65.67 447 4.06
1634508360 27.1 68.04 429 4.065
1634508420 26.91 67.99 417 4.06
1634508480 27.13 67.64 399 4.06
1634508540 26.91 67.52 387 4.06
1634508600 26.71 67.8 328 4.06
1634508660 26.79 68.77 328 4.06
1634508720 27.12 68.4 298 4.06
1634508780 27.44 67.37 201 4.06
1634508840 27.03 68.14 155 4.06
1634508900 26.61 68.87 149 4.06
1634508960 26.27 69.08 149 4.06
1634509020 26.13 70.13 149 4.06
1634509080 25.86 70.55 149 4.06
1634509140 25.66 71.72 155 4.06
1634509200 25.61 71.56 155 4.06
1634509260 25.49 71.83 167 4.06
1634509320 25.46 72.22 161 4.06
1634509380 25.55 72.16 167 4.06
1634509440 25.72 71.8 161 4.06
1634509500 25.96 70.86 149 4.06
1634509560 25.99 71.34 149 4.06
1634509620 26.2 71.17 143 4.06
1634509680 26.33 70.11 149 4.06
1634509740 26.37 69.88 243 4.065
1634509800 26.23 69.03 219 4.06
1634509860 26.07 70.12 167 4.06
1634509920 25.99 69.96 201 4.065
1634509980 26.23 70.02 219 4.065
1634510040 26.47 68.97 112 4.06
1634510100 26.31 68.97 100 4.065
1634510160 26.23 69.3 100 4.06
1634510220 26.22 69.86 88 4.065
1634510280 26.23 69.37 82 4.06
1634510340 26.24 69.61 76 4.06
1634510400 26.16 69.33 70 4.06
1634510460 26.13 69.55 58 4.06
1634510520 26 70.18 52 4.06
1634510580 25.86 70.57 46 4.06
1634510640 25.61 71.19 40 4.06
1634510700 25.51 71.4 40 4.06
1634510760 25.31 71.95 34 4.065
1634510820 25.27 72.44 34 4.065
1634510880 25.22 72.27 34 4.06
1634510940 25.22 72.32 34 4.06
1634511000 25.08 71.6 28 4.065
1634511060 24.94 73.06 28 4.06
1634511120 24.88 73.19 28 4.06
1634511180 24.97 72.82 22 4.065
1634511240 24.98 71.94 22 4.06
1634511300 24.87 71.51 22 4.06
1634511360 24.87 72.05 22 4.06
1634511420 24.88 71.97 22 4.06
1634511480 24.81 71.76 22 4.06
1634511540 24.74 72.2 16 4.06
1634511600 24.69 72.6 16 4.06
1634511660 24.7 73.02 16 4.06
1634511720 24.7 73.37 16 4.06
1634511780 24.7 73.4 16 4.065
1634511840 24.74 73.68 10 4.06
1634511900 24.78 73.83 10 4.06
1634511960 24.81 74.09 10 4.06
1634512020 24.81 73.81 10 4.06
1634512080 24.8 74.08 10 4.065
1634512140 24.86 74.26 10 4.06
1634512200 24.87 73.98 10 4.06
1634512260 24.87 74.39 10 4.06
1634512320 24.9 74.09 10 4.06
1634512380 24.83 73.74 10 4.06
1634512440 24.83 74.43 4 4.06
1634512500 24.83 74.56 10 4.06
1634512560 24.84 74.73 10 4.06
1634512620 24.87 74.39 10 4.06
1634512680 24.87 74.67 10 4.06
1634512740 24.86 73.99 10 4.06
1634512800 24.83 75.53 10 4.06
1634512860 24.78 75.17 10 4.06
1634512920 24.78 74.48 4 4.06
1634512980 24.78 75.35 4 4.06
1634513040 24.77 75.67 4 4.06
1634513100 24.65 76.59 4 4.06
1634513160 24.55 76.32 4 4.06
1634513220 24.52 76.73 4 4.06
1634513280 24.43 76.66 4 4.06
1634513340 24.38 77.2 4 4.06
1634513400 24.38 77.53 4 4.06
1634513460 24.39 77.48 0 4.06
1634513520 24.4 77 0 4.06
1634513580 24.39 77.5 0 4.06
1634513640 24.38 76.22 0 4.06
1634513700 24.38 76.47 0 4.06
1634513760 24.36 76.58 0 4.06
1634513820 24.28 77.1 0 4.06
1634513880 24.28 77.97 0 4.06
1634513940 24.22 78.19 0 4.06
1634514000 24.18 78.32 0 4.06
1634514060 24.09 79.09 0 4.06
1634514120 24.05 78.73 0 4.06
1634514180 23.95 79.18 0 4.06
1634514240 23.87 79.71 0 4.06
1634514300 23.8 80.08 0 4.06
1634514360 23.77 80.47 0 4.06
1634514420 23.77 80.99 0 4.06
1634514480 23.71 80.6 0 4.06
1634514540 23.7 80.96 0 4.06
1634514600 23.74 81.33 0 4.06
1634514660 23.74 81.08 0 4.06
1634514720 23.67 81.05 0 4.06
1634514780 23.65 81.37 0 4.06
1634514840 23.63 81.45 0 4.06
1634514900 23.67 80.94 0 4.06
1634514960 23.7 80.62 0 4.06
1634515020 23.77 80.48 0 4.06
1634515080 23.78 79.75 0 4.06
1634515140 23.82 79.3 0 4.06
1634515200 23.82 79.27 0 4.06
1634515260 23.87 79.55 0 4.06
1634515320 23.88 79.13 0 4.06
1634515380 23.87 78.26 0 4.06
1634515440 23.92 78.09 0 4.06
1634515500 23.95 77.79 0 4.06
1634515560 23.97 77.77 0 4.06
1634515620 23.98 77.93 0 4.06
1634515680 23.98 78.24 0 4.06
1634515740 23.97 77.98 0 4.06
1634515800 23.97 78.14 0 4.06
1634515860 23.98 77.92 0 4.06
1634515920 23.98 78.34 0 4.06
1634515980 23.94 78.39 0 4.06
1634516040 23.88 78.54 0 4.06
1634516100 23.81 78.62 0 4.06
1634516160 23.78 78.87 0 4.06
1634516220 23.81 78.93 0 4.06
1634516280 23.77 79.07 0 4.06
1634516340 23.75 79.33 0 4.06
1634516400 23.74 79.38 0 4.06
1634516460 23.74 79.6 0 4.06
1634516520 23.74 79.63 0 4.06
1634516580 23.68 79.35 0 4.06
1634516640 23.67 79.91 0 4.06
1634516700 23.68 80.24 0 4.06
1634516760 23.68 79.83 0 4.06
1634516820 23.6 79.97 0 4.055
1634516880 23.57 80.11 0 4.06
1634516940 23.56 80.26 0 4.06
1634517000 23.51 80.42 0 4.06
1634517060 23.46 80.52 0 4.06
1634517120 23.47 80.67 0 4.06
1634517180 23.49 81.35 0 4.06
1634517240 23.47 81.82 0 4.06
1634517300 23.46 82.18 0 4.055
1634517360 23.46 82.02 0 4.06
1634517420 23.46 82.44 0 4.06
1634517480 23.42 82.75 0 4.06
1634517540 23.36 83.09 0 4.06
1634517600 23.37 82.86 0 4.06
1634517660 23.37 83.28 0 4.06
1634517720 23.34 83.06 0 4.06
1634517780 23.36 83.09 0 4.06
1634517840 23.34 83.22 0 4.06
1634517900 23.32 83.5 0 4.06
1634517960 23.32 83.75 0 4.06
1634518020 23.29 83.49 0 4.06
1634518080 23.27 83.84 0 4.06
1634518140 23.23 84.11 0 4.06
1634518200 23.22 84.49 0 4.055
1634518260 23.16 84.39 0 4.06
1634518320 23.16 84.58 0 4.06
1634518380 23.19 84.32 0 4.06
1634518440 23.2 84.37 0 4.06
1634518500 23.24 84.44 0 4.06
1634518560 23.22 84.37 0 4.06
1634518620 23.17 84.72 0 4.055
1634518680 23.13 84.85 0 4.06
1634518740 23.14 84.85 0 4.06
1634518800 23.13 84.73 0 4.06
1634518860 23.12 85.26 0 4.055
1634518920 23.08 85.21 0 4.055
1634518980 23.08 85.65 0 4.055
1634519040 23.05 85.27 0 4.06
1634519100 23.02 85.81 0 4.06
1634519160 22.98 85.29 0 4.06
1634519220 23.01 85.46 0 4.06
1634519280 22.96 85.42 0 4.055
1634519340 22.96 85.47 0 4.06
1634519400 22.95 85.32 0 4.055
1634519460 22.98 85.3 0 4.055
1634519520 22.98 85.46 0 4.06
1634519580 23.03 86.2 0 4.06
1634519640 23.02 86.07 0 4.06
1634519700 22.96 86.37 0 4.06
1634519760 22.98 86.38 0 4.055
1634519820 22.93 86.3 0 4.06
1634519880 22.93 86.44 0 4.06
1634519940 22.89 86.49 0 4.06
1634520000 22.92 86.63 0 4.06
1634520060 22.89 86.64 0 4.06
1634520120 22.89 86.65 0 4.06
1634520180 22.89 86.57 0 4.06
1634520240 22.89 86.48 0 4.06
1634520300 22.84 86.51 0 4.06
1634520360 22.82 86.65 0 4.055
1634520420 22.78 86.91 0 4.06
1634520480 22.78 87.01 0 4.055
1634520540 22.74 87.21 0 4.06
1634520600 22.71 87.26 0 4.055
1634520660 22.74 87.51 0 4.055
1634520720 22.72 87.52 0 4.055
1634520780 22.74 87.64 0 4.06
1634520840 22.68 87.96 0 4.06
1634520900 22.64 87.99 0 4.06
1634520960 22.59 87.84 0 4.055
1634521020 22.55 87.74 0 4.06
1634521080 22.58 88.12 0 4.055
1634521140 22.55 88.22 0 4.06
1634521200 22.55 87.95 0 4.055
1634521260 22.58 88.18 0 4.055
1634521320 22.61 88.44 0 4.055
1634521380 22.59 88.68 0 4.06
1634521440 22.58 88.51 0 4.055
1634521500 22.59 88.5 0 4.055
1634521560 22.61 88.42 0 4.055
1634521620 22.59 88.35 0 4.055
1634521680 22.62 88.6 0 4.06
1634521740 22.61 87.98 0 4.055
1634521800 22.62 87.97 0 4.055
1634521860 22.64 87.79 0 4.055
1634521920 22.65 87.95 0 4.06
1634521980 22.66 88.06 0 4.055
1634522040 22.65 88.11 0 4.055
1634522100 22.65 87.86 0 4.06
1634522160 22.66 87.91 0 4.055
1634522220 22.68 88.29 0 4.055
1634522280 22.65 88.34 0 4.055
1634522340 22.64 88.43 0 4.06
1634522400 22.64 88.74 0 4.06
1634522460 22.62 88.46 0 4.06
1634522520 22.66 88.41 0 4.055
1634522580 22.69 88.42 0 4.055
1634522640 22.69 88.49 0 4.055
1634522700 22.68 88.65 0 4.055
1634522760 22.69 88.3 0 4.06
1634522820 22.68 88.43 0 4.055
1634522880 22.66 88.1 0 4.06
1634522940 22.69 88.24 0 4.06
1634523000 22.65 88.83 0 4.055
1634523060 22.64 88.95 0 4.055
1634523120 22.62 88.88 0 4.055
1634523180 22.62 88.98 0 4.055
1634523240 22.57 89.04 0 4.055
1634523300 22.57 89.19 0 4.055
1634523360 22.57 89.32 0 4.055
1634523420 22.52 89.18 0 4.06
1634523480 22.48 89.12 0 4.06
1634523540 22.47 89.18 0 4.055
1634523600 22.44 89.43 0 4.06
1634523660 22.44 89.68 0 4.06
1634523720 22.44 89.9 0 4.055
1634523780 22.41 89.75 0 4.055
1634523840 22.4 89.93 0 4.055
1634523900 22.41 89.75 0 4.055
1634523960 22.38 89.75 0 4.055
1634524020 22.38 89.76 0 4.055
1634524080 22.35 89.76 0 4.055
1634524140 22.31 89.83 0 4.055
1634524200 22.31 89.82 0 4.055
1634524260 22.33 89.61 0 4.055
1634524320 22.35 89.45 0 4.055
1634524380 22.37 89.72 0 4.055
1634524440 22.38 89.82 0 4.055
1634524500 22.38 89.8 0 4.055
1634524560 22.33 89.96 0 4.055
1634524620 22.3 89.86 0 4.055
1634524680 22.3 89.89 0 4.055
1634524740 22.3 89.7 0 4.055
1634524800 22.31 90.04 0 4.055
1634524860 22.3 90.16 0 4.055
1634524920 22.3 90.47 0 4.055
1634524980 22.3 90.49 0 4.055
1634525040 22.27 90.69 0 4.055
1634525100 22.28 90.55 0 4.055
1634525160 22.28 90.45 0 4.055
1634525220 22.24 89.99 0 4.055
1634525280 22.27 90.33 0 4.055
1634525340 22.26 90.11 0 4.055
1634525400 22.26 89.94 0 4.055
1634525460 22.3 89.64 0 4.055
1634525520 22.31 89.76 0 4.055
1634525580 22.3 89.14 0 4.055
1634525640 22.31 88.8 0 4.055
1634525700 22.34 88.65 0 4.055
1634525760 22.34 88.05 0 4.055
1634525820 22.31 87.22 0 4.055
1634525880 22.34 86.74 0 4.055
1634525940 22.37 86.57 0 4.055
1634526000 22.35 86.45 0 4.055
1634526060 22.37 86.51 0 4.055
1634526120 22.35 86.7 0 4.055
1634526180 22.35 86.81 0 4.055
1634526240 22.31 86.91 0 4.055
1634526300 22.33 86.66 0 4.055
1634526360 22.31 86.75 0 4.055
1634526420 22.31 86.32 0 4.055
1634526480 22.34 86.29 0 4.055
1634526540 22.33 86.09 0 4.055
1634526600 22.33 86.12 0 4.055
1634526660 22.31 85.96 0 4.055
1634526720 22.3 85.48 0 4.055
1634526780 22.34 85.49 0 4.055
1634526840 22.33 85.08 0 4.055
1634526900 22.31 85.09 0 4.055
1634526960 22.3 85.1 0 4.055
1634527020 22.28 85.17 0 4.055
1634527080 22.27 85.15 0 4.055
1634527140 22.27 84.96 0 4.055
1634527200 22.27 85.1 0 4.055
1634527260 22.24 85.38 0 4.055
1634527320 22.23 85.46 0 4.055
1634527380 22.27 84.85 0 4.055
1634527440 22.24 84.85 0 4.06
1634527500 22.26 84.1 0 4.055
1634527560 22.28 84.53 0 4.055
1634527620 22.3 84.55 0 4.049
1634527680 22.27 82.29 0 4.055
1634527740 22.33 82.54 0 4.055
1634527800 22.33 82.46 0 4.055
1634527860 22.34 82.61 0 4.055
1634527920 22.34 82 0 4.055
1634527980 22.31 82.25 0 4.055
1634528040 22.31 82.13 0 4.055
1634528100 22.31 82.78 0 4.055
1634528160 22.28 83.42 0 4.055
1634528220 22.26 83.02 0 4.055
1634528280 22.24 82.69 0 4.055
1634528340 22.26 82.18 0 4.055
1634528400 22.28 82.56 0 4.055
1634528460 22.28 80.85 0 4.055
1634528520 22.31 80.25 0 4.055
1634528580 22.33 80.75 0 4.055
1634528640 22.35 80.21 0 4.055
1634528700 22.38 80.63 0 4.055
1634528760 22.41 82.42 0 4.055
1634528820 22.35 81.08 0 4.055
1634528880 22.43 83.59 0 4.055
1634528940 22.35 83.32 0 4.055
1634529000 22.37 84.67 0 4.055
1634529060 22.3 85.66 0 4.055
1634529120 22.28 85.7 0 4.055
1634529180 22.24 86.19 0 4.055
1634529240 22.27 86.46 0 4.055
1634529300 22.2 85.97 0 4.055
1634529360 22.11 84.89 0 4.055
1634529420 22.07 84.47 0 4.055
1634529480 22.08 83.01 0 4.055
1634529540 22.08 83.19 0 4.055
1634529600 22.1 83.7 0 4.055
1634529660 22.07 84.31 0 4.055
1634529720 22.06 83.95 0 4.055
1634529780 22.04 84.41 0 4.055
1634529840 22.01 84.21 0 4.055
1634529900 22.01 84.25 0 4.055
1634529960 22.04 83.84 0 4.055
1634530020 22.06 84.6 0 4.055
1634530080 22.07 84.49 0 4.049
1634530140 22.07 84.48 0 4.055
1634530200 22.1 85.04 0 4.055
1634530260 22.1 85.16 0 4.049
1634530320 22.06 85.17 0 4.049
1634530380 21.96 84.98 0 4.055
1634530440 21.89 85.36 0 4.049
1634530500 21.85 85.97 0 4.055
1634530560 21.85 86.32 0 4.049
1634530620 21.83 86.67 0 4.049
1634530680 21.83 86.98 0 4.049
1634530740 21.85 87.7 0 4.055
1634530800 21.85 88.13 0 4.055
1634530860 21.85 88.36 0 4.055
1634530920 21.82 88 0 4.055
1634530980 21.82 88.75 0 4.055
1634531040 21.82 88.8 0 4.055
1634531100 21.8 88.92 0 4.055
1634531160 21.79 89.21 0 4.049
1634531220 21.76 89.52 0 4.055
1634531280 21.75 89.84 0 4.049
1634531340 21.76 90.24 0 4.055
1634531400 21.73 90.11 0 4.055
1634531460 21.73 90.44 0 4.055
1634531520 21.69 90.83 0 4.049
1634531580 21.71 91.03 0 4.055
1634531640 21.71 91.04 0 4.049
1634531700 21.71 90.95 0 4.055
1634531760 21.72 91.22 0 4.055
1634531820 21.76 91.64 0 4.049
1634531880 21.75 91.71 0 4.049
1634531940 21.72 91.68 0 4.055
1634532000 21.72 91.99 0 4.055
1634532060 21.68 91.89 0 4.055
1634532120 21.65 92.17 0 4.055
1634532180 21.65 92.21 0 4.055
1634532240 21.63 92.19 0 4.049
1634532300 21.62 92.37 0 4.055
1634532360 21.6 92.23 0 4.055
1634532420 21.58 92.31 0 4.055
1634532480 21.59 92.47 0 4.055
1634532540 21.56 92.53 0 4.055
1634532600 21.52 92.45 0 4.055
1634532660 21.46 92.33 0 4.049
1634532720 21.45 92.33 0 4.049
1634532780 21.41 91.88 0 4.049
1634532840 21.39 91.73 0 4.049
1634532900 21.39 91.25 0 4.049
1634532960 21.44 90.91 0 4.049
1634533020 21.46 89.98 0 4.049
1634533080 21.52 89.51 0 4.049
1634533140 21.55 89.19 0 4.049
