1642568400 22.75 86.39 0 4.092
1642568460 22.7 86.42 0 4.092
1642568520 22.72 86.42 0 4.098
1642568580 22.7 86.5 0 4.092
1642568640 22.7 86.51 0 4.092
1642568700 22.72 86.58 0 4.092
1642568760 22.7 86.59 0 4.092
1642568820 22.7 86.6 0 4.092
1642568880 22.69 86.61 0 4.092
1642568940 22.68 86.62 0 4.092
1642569000 22.69 86.62 0 4.092
1642569060 22.65 86.64 0 4.092
1642569120 22.66 86.66 0 4.092
1642569180 22.62 86.62 0 4.087
1642569240 22.62 86.65 0 4.092
1642569300 22.62 86.68 0 4.092
1642569360 22.61 86.72 0 4.087
1642569420 22.62 86.74 0 4.092
1642569480 22.59 86.72 0 4.092
1642569540 22.59 86.77 0 4.092
1642569600 22.58 86.83 0 4.092
1642569660 22.58 86.85 0 4.092
1642569720 22.55 86.89 0 4.092
1642569780 22.52 86.95 0 4.092
1642569840 22.51 86.98 0 4.092
1642569900 22.48 87.04 0 4.092
1642569960 22.48 87.09 0 4.092
1642570020 22.45 87.14 0 4.092
1642570080 22.44 87.2 0 4.092
1642570140 22.42 87.28 0 4.092
1642570200 22.36 87.34 0 4.092
1642570260 22.35 87.31 0 4.092
1642570320 22.34 87.33 0 4.092
1642570380 22.34 87.36 0 4.092
1642570440 22.28 87.33 0 4.087
1642570500 22.31 87.34 0 4.087
1642570560 22.3 87.27 0 4.087
1642570620 22.27 87.29 0 4.092
1642570680 22.24 87.26 0 4.092
1642570740 22.22 87.23 0 4.092
1642570800 22.19 87.22 0 4.092
1642570860 22.16 87.17 0 4.092
1642570920 22.19 87.2 0 4.092
1642570980 22.14 87.21 0 4.092
1642571040 22.12 87.24 0 4.092
1642571100 22.15 87.21 0 4.092
1642571160 22.12 87.21 0 4.092
1642571220 22.12 87.24 0 4.087
1642571280 22.15 87.27 0 4.087
1642571340 22.11 87.3 0 4.087
1642571400 22.11 87.29 0 4.092
1642571460 22.11 87.29 0 4.087
1642571520 22.11 87.33 0 4.087
1642571580 22.05 87.35 0 4.087
1642571640 22.04 87.38 0 4.092
1642571700 22 87.39 0 4.092
1642571760 21.95 87.43 0 4.092
1642571820 21.95 87.42 0 4.092
1642571880 21.94 87.48 0 4.092
1642571940 21.93 87.47 0 4.092
1642572000 21.91 87.51 0 4.092
1642572060 21.9 87.54 0 4.092
1642572120 21.85 87.54 0 4.087
1642572180 21.85 87.56 0 4.092
1642572240 21.8 87.58 0 4.087
1642572300 21.8 87.55 0 4.092
1642572360 21.79 87.55 0 4.092
1642572420 21.79 87.54 0 4.092
1642572480 21.8 87.56 0 4.087
1642572540 21.8 87.56 0 4.087
1642572600 21.77 87.51 0 4.092
1642572660 21.73 87.47 0 4.087
1642572720 21.7 87.47 0 4.087
1642572780 21.68 87.42 0 4.092
1642572840 21.67 87.35 0 4.092
1642572900 21.65 87.31 0 4.092
1642572960 21.65 87.31 0 4.092
1642573020 21.6 87.27 0 4.087
1642573080 21.57 87.21 0 4.092
1642573140 21.58 87.17 0 4.087
1642573200 21.56 87.15 0 4.087
1642573260 21.53 87.09 0 4.092
1642573320 21.53 87.06 0 4.087
1642573380 21.53 87.07 0 4.092
1642573440 21.5 87.03 0 4.092
1642573500 21.47 87.01 0 4.092
1642573560 21.52 87.05 0 4.087
1642573620 21.46 87.06 0 4.092
1642573680 21.44 87.08 0 4.092
1642573740 21.46 87.09 0 4.087
1642573800 21.44 87.08 0 4.092
1642573860 21.42 87.08 0 4.087
1642573920 21.42 87.14 0 4.087
1642573980 21.4 87.16 0 4.087
1642574040 21.39 87.17 0 4.087
1642574100 21.36 87.22 0 4.087
1642574160 21.37 87.21 0 4.087
1642574220 21.39 87.29 0 4.087
1642574280 21.37 87.33 0 4.087
1642574340 21.34 87.32 0 4.087
1642574400 21.32 87.33 0 4.087
1642574460 21.3 87.37 0 4.087
1642574520 21.32 87.36 0 4.092
1642574580 21.32 87.38 0 4.087
1642574640 21.29 87.35 0 4.087
1642574700 21.32 87.38 0 4.087
1642574760 21.33 87.37 0 4.087
1642574820 21.33 87.35 0 4.087
1642574880 21.3 87.36 0 4.087
1642574940 21.29 87.37 0 4.087
1642575000 21.28 87.41 0 4.087
1642575060 21.28 87.41 0 4.087
1642575120 21.29 87.39 0 4.087
1642575180 21.25 87.39 0 4.087
1642575240 21.28 87.42 0 4.087
1642575300 21.26 87.4 0 4.087
1642575360 21.29 87.43 0 4.087
1642575420 21.29 87.47 0 4.092
1642575480 21.26 87.42 0 4.087
1642575540 21.28 87.46 0 4.087
1642575600 21.26 87.47 0 4.087
1642575660 21.28 87.49 0 4.087
1642575720 21.23 87.51 0 4.092
1642575780 21.25 87.46 0 4.087
1642575840 21.28 87.55 0 4.087
1642575900 21.25 87.55 0 4.087
1642575960 21.28 87.51 0 4.087
1642576020 21.28 87.56 0 4.087
1642576080 21.26 87.56 0 4.087
1642576140 21.26 87.61 0 4.087
1642576200 21.25 87.59 0 4.087
1642576260 21.23 87.6 0 4.087
1642576320 21.23 87.57 0 4.087
1642576380 21.22 87.58 0 4.087
1642576440 21.22 87.57 0 4.092
1642576500 21.22 87.62 0 4.087
1642576560 21.2 87.57 0 4.087
1642576620 21.19 87.58 0 4.087
1642576680 21.2 87.55 0 4.087
1642576740 21.19 87.57 0 4.087
1642576800 21.23 87.58 0 4.087
1642576860 21.25 87.54 0 4.087
1642576920 21.28 87.56 0 4.087
1642576980 21.25 87.53 0 4.087
1642577040 21.23 87.57 0 4.087
1642577100 21.29 87.62 0 4.087
1642577160 21.29 87.59 0 4.092
1642577220 21.29 87.59 0 4.087
1642577280 21.29 87.62 0 4.087
1642577340 21.29 87.65 0 4.087
1642577400 21.3 87.64 0 4.087
1642577460 21.32 87.64 0 4.087
1642577520 21.32 87.62 0 4.087
1642577580 21.33 87.61 0 4.087
1642577640 21.33 87.6 0 4.087
1642577700 21.34 87.57 0 4.087
1642577760 21.37 87.58 0 4.087
1642577820 21.39 87.54 0 4.087
1642577880 21.4 87.54 0 4.087
1642577940 21.4 87.52 0 4.087
1642578000 21.42 87.47 0 4.087
1642578060 21.47 87.47 0 4.087
1642578120 21.47 87.43 0 4.087
1642578180 21.46 87.4 0 4.087
1642578240 21.46 87.36 0 4.082
1642578300 21.47 87.3 0 4.087
1642578360 21.49 87.29 0 4.082
1642578420 21.52 87.23 0 4.087
1642578480 21.5 87.22 0 4.087
1642578540 21.5 87.16 0 4.082
1642578600 21.49 87.1 0 4.087
1642578660 21.53 87.09 0 4.087
1642578720 21.54 87.08 0 4.087
1642578780 21.56 87.06 0 4.087
1642578840 21.57 87.06 0 4.087
1642578900 21.57 86.98 0 4.087
1642578960 21.57 86.98 0 4.087
1642579020 21.57 86.94 0 4.087
1642579080 21.58 86.94 0 4.087
1642579140 21.6 86.94 0 4.087
1642579200 21.61 86.93 0 4.087
1642579260 21.6 86.88 0 4.087
1642579320 21.61 86.87 0 4.082
1642579380 21.63 86.83 0 4.087
1642579440 21.63 86.85 0 4.082
1642579500 21.65 86.84 0 4.082
1642579560 21.61 86.84 0 4.087
1642579620 21.61 86.84 0 4.087
1642579680 21.6 86.81 0 4.087
1642579740 21.6 86.83 0 4.087
1642579800 21.63 86.84 0 4.087
1642579860 21.6 86.84 0 4.087
1642579920 21.61 86.86 0 4.087
1642579980 21.61 86.88 0 4.087
1642580040 21.6 86.91 0 4.087
1642580100 21.6 86.95 0 4.087
1642580160 21.6 86.92 0 4.082
1642580220 21.58 87.02 0 4.087
1642580280 21.61 87.04 0 4.087
1642580340 21.61 87.05 0 4.082
1642580400 21.6 87.03 0 4.087
1642580460 21.57 87.02 0 4.087
1642580520 21.6 86.98 0 4.087
1642580580 21.63 86.97 0 4.082
1642580640 21.65 86.9 0 4.087
1642580700 21.67 86.89 0 4.082
1642580760 21.68 86.82 0 4.087
1642580820 21.67 86.78 0 4.082
1642580880 21.68 86.75 0 4.087
1642580940 21.67 86.68 0 4.087
1642581000 21.68 86.6 0 4.082
1642581060 21.68 86.54 0 4.087
1642581120 21.67 86.47 0 4.087
1642581180 21.71 86.38 0 4.082
1642581240 21.7 86.33 0 4.082
1642581300 21.68 86.21 0 4.087
1642581360 21.68 86.16 0 4.082
1642581420 21.68 86.09 0 4.087
1642581480 21.71 86.04 0 4.082
1642581540 21.73 85.99 0 4.087
1642581600 21.73 85.93 0 4.082
1642581660 21.73 85.88 0 4.087
1642581720 21.7 85.82 0 4.087
1642581780 21.74 85.78 0 4.087
1642581840 21.73 85.73 0 4.082
1642581900 21.7 85.7 0 4.082
1642581960 21.68 85.64 0 4.082
1642582020 21.67 85.61 0 4.082
1642582080 21.65 85.57 0 4.082
1642582140 21.65 85.52 0 4.082
1642582200 21.63 85.5 0 4.082
1642582260 21.6 85.48 0 4.082
1642582320 21.58 85.44 0 4.082
1642582380 21.56 85.46 0 4.082
1642582440 21.56 85.42 0 4.082
1642582500 21.54 85.45 0 4.082
1642582560 21.52 85.46 0 4.082
1642582620 21.52 85.46 0 4.082
1642582680 21.5 85.45 0 4.082
1642582740 21.49 85.46 0 4.082
1642582800 21.47 85.47 0 4.082
1642582860 21.46 85.47 0 4.082
1642582920 21.44 85.49 0 4.082
1642582980 21.46 85.53 0 4.087
1642583040 21.4 85.55 0 4.082
1642583100 21.4 85.57 0 4.082
1642583160 21.4 85.59 0 4.082
1642583220 21.37 85.61 0 4.082
1642583280 21.34 85.63 0 4.082
1642583340 21.33 85.68 0 4.082
1642583400 21.33 85.73 0 4.082
1642583460 21.3 85.75 0 4.082
1642583520 21.29 85.77 0 4.082
1642583580 21.3 85.85 0 4.082
1642583640 21.28 85.81 0 4.082
1642583700 21.26 85.89 0 4.087
1642583760 21.26 85.9 0 4.082
1642583820 21.28 85.97 0 4.082
1642583880 21.25 85.96 0 4.082
1642583940 21.25 86.01 0 4.082
1642584000 21.23 86.07 0 4.082
1642584060 21.22 86.1 0 4.082
1642584120 21.25 86.12 0 4.082
1642584180 21.2 86.14 0 4.082
1642584240 21.2 86.17 0 4.082
1642584300 21.16 86.2 0 4.082
1642584360 21.18 86.23 0 4.082
1642584420 21.16 86.25 0 4.082
1642584480 21.16 86.28 0 4.082
1642584540 21.16 86.25 0 4.082
1642584600 21.14 86.3 0 4.082
1642584660 21.13 86.31 0 4.082
1642584720 21.12 86.37 0 4.082
1642584780 21.06 86.38 0 4.082
1642584840 21.07 86.43 0 4.082
1642584900 21.06 86.46 0 4.082
1642584960 21.03 86.53 0 4.082
1642585020 20.99 86.54 0 4.087
1642585080 20.98 86.56 0 4.082
1642585140 20.95 86.56 0 4.082
1642585200 20.93 86.59 0 4.082
1642585260 20.92 86.59 0 4.082
1642585320 20.92 86.64 0 4.082
1642585380 20.88 86.67 0 4.082
1642585440 20.89 86.71 0 4.082
1642585500 20.88 86.72 0 4.082
1642585560 20.82 86.75 0 4.082
1642585620 20.81 86.75 0 4.082
1642585680 20.81 86.81 0 4.082
1642585740 20.77 86.86 0 4.082
1642585800 20.77 86.89 0 4.082
1642585860 20.74 86.91 0 4.082
1642585920 20.71 86.93 0 4.082
1642585980 20.67 86.96 0 4.082
1642586040 20.65 86.96 0 4.082
1642586100 20.65 86.93 0 4.082
1642586160 20.68 86.9 0 4.082
1642586220 20.67 86.86 0 4.082
1642586280 20.69 86.86 0 4.082
1642586340 20.67 86.76 0 4.082
1642586400 20.65 86.74 0 4.082
1642586460 20.68 86.66 0 4.082
1642586520 20.69 86.65 0 4.082
1642586580 20.67 86.6 0 4.082
1642586640 20.62 86.55 0 4.082
1642586700 20.64 86.45 0 4.082
1642586760 20.64 86.4 0 4.082
1642586820 20.64 86.35 0 4.082
1642586880 20.62 86.29 0 4.082
1642586940 20.59 86.21 0 4.082
1642587000 20.58 86.12 0 4.082
1642587060 20.59 86.05 0 4.082
1642587120 20.56 85.98 0 4.082
1642587180 20.58 85.88 0 4.082
1642587240 20.64 85.82 0 4.082
1642587300 20.62 85.73 0 4.082
1642587360 20.64 85.63 0 4.082
1642587420 20.62 85.65 0 4.082
1642587480 20.62 85.54 0 4.082
1642587540 20.62 85.47 0 4.082
1642587600 20.61 85.42 0 4.082
1642587660 20.61 85.43 0 4.082
1642587720 20.58 85.39 0 4.082
1642587780 20.54 85.39 0 4.076
1642587840 20.51 85.46 0 4.082
1642587900 20.48 85.49 0 4.082
1642587960 20.41 85.52 0 4.082
1642588020 20.38 85.62 0 4.082
1642588080 20.34 85.63 0 4.082
1642588140 20.34 85.65 0 4.082
1642588200 20.34 85.67 0 4.082
1642588260 20.31 85.68 0 4.082
1642588320 20.34 85.67 0 4.082
1642588380 20.37 85.68 0 4.082
1642588440 20.37 85.72 0 4.082
1642588500 20.35 85.73 0 4.082
1642588560 20.35 85.78 0 4.082
1642588620 20.31 85.82 0 4.082
1642588680 20.3 85.88 0 4.076
1642588740 20.28 85.94 0 4.076
1642588800 20.26 86.01 0 4.082
1642588860 20.26 86.08 0 4.082
1642588920 20.24 86.12 0 4.082
1642588980 20.24 86.21 0 4.082
1642589040 20.18 86.25 0 4.082
1642589100 20.17 86.32 0 4.082
1642589160 20.16 86.37 0 4.082
1642589220 20.13 86.41 0 4.082
1642589280 20.13 86.51 0 4.082
1642589340 20.1 86.58 0 4.082
1642589400 20.1 86.6 0 4.082
1642589460 20.07 86.72 0 4.076
1642589520 20.04 86.79 0 4.082
1642589580 20.03 86.82 0 4.082
1642589640 20.04 86.9 0 4.082
1642589700 20.03 86.88 0 4.082
1642589760 19.98 86.94 0 4.076
1642589820 20.01 87 0 4.082
1642589880 20 87.01 0 4.082
1642589940 20.01 87.04 0 4.082
1642590000 19.96 87.09 0 4.082
1642590060 19.98 87.11 0 4.082
1642590120 19.97 87.13 0 4.082
1642590180 19.98 87.18 0 4.082
1642590240 19.97 87.2 0 4.082
1642590300 19.94 87.15 0 4.082
1642590360 19.96 87.16 0 4.076
1642590420 19.97 87.16 0 4.082
1642590480 19.97 87.19 0 4.082
1642590540 19.96 87.19 0 4.082
1642590600 19.98 87.2 0 4.076
1642590660 19.94 87.15 0 4.076
1642590720 19.96 87.15 0 4.082
1642590780 19.96 87.16 0 4.082
1642590840 19.98 87.15 0 4.076
1642590900 19.96 87.13 0 4.076
1642590960 19.9 87.17 0 4.082
1642591020 19.93 87.19 0 4.076
1642591080 19.88 87.18 0 4.082
1642591140 19.86 87.21 0 4.082
1642591200 19.86 87.18 0 4.082
1642591260 19.87 87.19 0 4.076
1642591320 19.86 87.21 0 4.076
1642591380 19.87 87.23 0 4.076
1642591440 19.88 87.19 0 4.082
1642591500 19.86 87.2 0 4.082
1642591560 19.86 87.18 0 4.082
1642591620 19.87 87.18 0 4.082
1642591680 19.88 87.16 0 4.082
1642591740 19.87 87.21 0 4.082
1642591800 19.81 87.16 0 4.076
1642591860 19.8 87.13 0 4.082
1642591920 19.86 87.1 0 4.082
1642591980 19.9 87.12 0 4.082
1642592040 19.94 87.11 0 4.076
1642592100 19.93 87.1 0 4.076
1642592160 19.9 87.12 0 4.076
1642592220 19.86 87.13 0 4.082
1642592280 19.81 87.11 0 4.082
1642592340 19.8 87.12 0 4.076
1642592400 19.8 87.12 0 4.082
1642592460 19.79 87.05 0 4.082
1642592520 19.83 87.09 0 4.082
1642592580 19.77 87.11 0 4.076
1642592640 19.76 87.1 0 4.076
1642592700 19.79 87.12 0 4.076
1642592760 19.79 87.17 0 4.082
1642592820 19.79 87.15 0 4.076
1642592880 19.76 87.2 0 4.082
1642592940 19.76 87.23 0 4.082
1642593000 19.76 87.24 0 4.082
1642593060 19.76 87.28 0 4.082
1642593120 19.77 87.39 0 4.082
1642593180 19.74 87.4 0 4.076
1642593240 19.79 87.45 0 4.082
1642593300 19.74 87.49 0 4.076
1642593360 19.73 87.55 0 4.082
1642593420 19.74 87.6 0 4.076
1642593480 19.74 87.62 0 4.076
1642593540 19.73 87.7 0 4.082
1642593600 19.74 87.75 0 4.076
1642593660 19.74 87.77 0 4.082
1642593720 19.76 87.85 0 4.076
1642593780 19.76 87.93 0 4.076
1642593840 19.74 87.94 0 4.076
1642593900 19.76 88.05 0 4.082
1642593960 19.72 88.07 0 4.076
1642594020 19.72 88.17 0 4.076
1642594080 19.73 88.16 0 4.076
1642594140 19.77 88.19 0 4.082
1642594200 19.77 88.2 0 4.076
1642594260 19.77 88.28 0 4.082
1642594320 19.81 88.3 0 4.076
1642594380 19.79 88.32 0 4.076
1642594440 19.79 88.37 0 4.082
1642594500 19.81 88.35 0 4.076
1642594560 19.8 88.39 0 4.076
1642594620 19.81 88.39 0 4.076
1642594680 19.83 88.38 0 4.076
1642594740 19.87 88.37 0 4.076
1642594800 19.88 88.32 0 4.076
1642594860 19.9 88.32 0 4.076
1642594920 19.93 88.3 0 4.076
1642594980 19.97 88.23 0 4.076
1642595040 19.98 88.21 0 4.082
1642595100 19.98 88.14 0 4.076
1642595160 20 88.11 0 4.076
1642595220 20.06 88.03 4 4.076
1642595280 20.08 87.97 0 4.082
1642595340 20.08 87.92 0 4.076
1642595400 20.1 87.81 0 4.076
1642595460 20.1 87.75 4 4.076
1642595520 20.13 87.69 4 4.076
1642595580 20.13 87.66 4 4.076
1642595640 20.11 87.58 4 4.076
1642595700 20.16 87.57 4 4.076
1642595760 20.13 87.48 4 4.076
1642595820 20.17 87.47 4 4.076
1642595880 20.13 87.41 4 4.076
1642595940 20.16 87.35 4 4.076
1642596000 20.11 87.26 10 4.076
1642596060 20.13 87.25 10 4.076
1642596120 20.11 87.2 10 4.076
1642596180 20.11 87.14 4 4.076
1642596240 20.13 87.12 10 4.076
1642596300 20.11 87.09 10 4.076
1642596360 20.13 87.06 10 4.076
1642596420 20.13 87.02 10 4.076
1642596480 20.11 86.99 10 4.076
1642596540 20.11 86.96 10 4.076
1642596600 20.11 86.91 10 4.076
1642596660 20.14 86.9 10 4.076
1642596720 20.13 86.85 10 4.076
1642596780 20.11 86.81 10 4.076
1642596840 20.13 86.79 16 4.076
1642596900 20.17 86.72 16 4.076
1642596960 20.2 86.68 16 4.076
1642597020 20.21 86.61 16 4.076
1642597080 20.2 86.57 16 4.076
1642597140 20.2 86.51 16 4.076
1642597200 20.2 86.51 16 4.076
1642597260 20.17 86.46 16 4.076
1642597320 20.18 86.39 16 4.076
1642597380 20.2 86.33 16 4.076
1642597440 20.17 86.34 16 4.076
1642597500 20.16 86.34 16 4.076
1642597560 20.2 86.26 22 4.076
1642597620 20.2 86.24 22 4.076
1642597680 20.18 86.25 22 4.076
1642597740 20.23 86.21 22 4.076
1642597800 20.23 86.16 22 4.076
1642597860 20.28 86.13 22 4.076
1642597920 20.37 86.16 22 4.076
1642597980 20.41 86.16 28 4.076
1642598040 20.41 86.15 28 4.076
1642598100 20.48 86.12 28 4.076
1642598160 20.49 86.08 28 4.076
1642598220 20.51 86.12 34 4.076
1642598280 20.54 86.14 34 4.076
1642598340 20.58 86.16 40 4.076
1642598400 20.59 86.16 40 4.076
1642598460 20.61 86.23 40 4.076
1642598520 20.64 86.23 40 4.076
1642598580 20.65 86.3 46 4.076
1642598640 20.65 86.31 46 4.076
1642598700 20.68 86.38 46 4.076
1642598760 20.68 86.45 52 4.076
1642598820 20.72 86.52 52 4.076
1642598880 20.72 86.55 52 4.076
1642598940 20.72 86.64 52 4.076
1642599000 20.71 86.73 52 4.076
1642599060 20.75 86.77 52 4.076
1642599120 20.77 86.87 52 4.076
1642599180 20.81 86.91 58 4.076
1642599240 20.81 86.97 58 4.071
1642599300 20.82 87 58 4.076
1642599360 20.78 87.07 58 4.076
1642599420 20.82 87.13 58 4.076
1642599480 20.83 87.16 58 4.076
1642599540 20.83 87.22 58 4.076
1642599600 20.86 87.24 64 4.076
1642599660 20.88 87.27 64 4.076
1642599720 20.89 87.33 64 4.076
1642599780 20.93 87.36 64 4.076
1642599840 20.95 87.35 64 4.076
1642599900 20.99 87.37 64 4.076
1642599960 21 87.36 64 4.076
1642600020 21.02 87.43 70 4.076
1642600080 21.07 87.46 70 4.076
1642600140 21.1 87.44 70 4.076
1642600200 21.13 87.46 70 4.076
1642600260 21.19 87.53 70 4.071
1642600320 21.28 87.55 70 4.071
1642600380 21.34 87.54 70 4.076
1642600440 21.4 87.56 70 4.076
1642600500 21.49 87.52 76 4.076
1642600560 21.53 87.55 76 4.076
1642600620 21.57 87.52 76 4.076
1642600680 21.64 87.51 76 4.076
1642600740 21.64 87.48 76 4.071
1642600800 21.7 87.49 76 4.076
1642600860 21.67 87.35 76 4.076
1642600920 21.83 87.32 76 4.076
1642600980 21.94 87.21 82 4.076
1642601040 22.03 87.14 82 4.076
1642601100 22.07 87.09 82 4.076
1642601160 22.1 87.01 82 4.076
1642601220 22.12 86.92 82 4.071
1642601280 22.16 86.87 82 4.071
1642601340 22.19 86.8 82 4.076
1642601400 22.21 86.72 82 4.076
1642601460 22.24 86.66 88 4.071
1642601520 22.28 86.5 88 4.076
1642601580 22.36 86.46 88 4.076
1642601640 22.39 86.39 88 4.076
1642601700 22.51 86.29 88 4.076
1642601760 22.54 86.19 88 4.071
1642601820 22.58 86.1 88 4.076
1642601880 22.59 86.01 88 4.071
1642601940 22.62 85.83 88 4.071
1642602000 22.68 85.74 88 4.076
1642602060 22.73 85.58 88 4.076
1642602120 22.8 85.46 88 4.076
1642602180 22.85 85.32 94 4.076
1642602240 22.89 85.18 94 4.076
1642602300 22.9 84.96 94 4.076
1642602360 22.96 84.81 94 4.076
1642602420 23.02 84.6 94 4.076
1642602480 23.06 84.45 94 4.076
1642602540 23.1 84.3 94 4.076
1642602600 23.16 84.1 94 4.076
1642602660 23.19 83.99 94 4.071
1642602720 23.24 83.78 94 4.076
1642602780 23.26 83.7 94 4.076
1642602840 23.26 83.48 94 4.071
1642602900 23.26 83.37 94 4.076
1642602960 23.3 83.23 100 4.076
1642603020 23.3 83.11 94 4.071
1642603080 23.27 83.02 100 4.071
1642603140 23.26 82.88 100 4.076
1642603200 23.2 82.78 100 4.076
1642603260 23.23 82.71 94 4.076
1642603320 23.31 82.61 100 4.076
1642603380 23.37 82.53 100 4.076
1642603440 23.47 82.47 100 4.076
1642603500 23.5 82.41 100 4.071
1642603560 23.56 82.31 100 4.076
1642603620 23.57 82.15 100 4.076
1642603680 23.56 82.04 100 4.076
1642603740 23.63 81.93 100 4.076
1642603800 23.67 81.79 100 4.076
1642603860 23.57 81.63 100 4.076
1642603920 23.56 81.49 100 4.076
1642603980 23.63 81.39 100 4.076
1642604040 23.7 81.26 100 4.076
1642604100 23.74 81.13 100 4.076
1642604160 23.81 80.99 106 4.071
1642604220 23.8 80.85 100 4.076
1642604280 23.8 80.71 106 4.071
1642604340 23.68 80.54 106 4.076
1642604400 23.75 80.51 106 4.076
1642604460 23.88 80.35 106 4.076
1642604520 24 80.27 106 4.076
1642604580 24.12 80.23 106 4.076
1642604640 24.15 80.04 106 4.076
1642604700 24.14 79.85 106 4.076
1642604760 24.19 79.7 106 4.076
1642604820 24.23 79.55 106 4.076
1642604880 24.31 79.41 106 4.076
1642604940 24.36 79.27 106 4.076
1642605000 24.4 79.14 106 4.076
1642605060 24.38 78.97 112 4.076
1642605120 24.42 78.82 112 4.076
1642605180 24.49 78.64 106 4.076
1642605240 24.56 78.54 112 4.076
1642605300 24.55 78.35 112 4.076
1642605360 24.51 78.23 112 4.076
1642605420 24.48 78.07 112 4.076
1642605480 24.55 77.97 112 4.076
1642605540 24.61 77.84 112 4.071
1642605600 24.62 77.69 112 4.076
1642605660 24.61 77.57 112 4.076
1642605720 24.72 77.47 112 4.076
1642605780 24.73 77.39 118 4.076
1642605840 24.69 77.34 118 4.071
1642605900 24.76 77.25 118 4.076
1642605960 24.86 77.17 118 4.071
1642606020 24.89 77.12 118 4.076
1642606080 24.93 77.06 118 4.076
1642606140 24.96 76.93 118 4.076
1642606200 25 76.88 131 4.076
1642606260 24.94 76.72 131 4.071
1642606320 25.06 76.58 131 4.076
1642606380 25.07 76.5 131 4.076
1642606440 25.14 76.43 124 4.076
1642606500 25.21 76.36 124 4.076
1642606560 25.28 76.23 131 4.076
1642606620 25.36 76.16 137 4.076
1642606680 25.45 75.97 124 4.076
1642606740 25.52 75.77 124 4.076
1642606800 25.61 75.66 124 4.076
1642606860 25.58 75.5 124 4.076
1642606920 25.6 75.33 124 4.076
1642606980 25.51 75.15 124 4.076
1642607040 25.49 74.99 124 4.076
1642607100 25.51 74.86 124 4.076
1642607160 25.63 74.7 149 4.076
1642607220 25.75 74.58 239 4.076
1642607280 25.92 74.46 430 4.076
1642607340 26.03 74.3 545 4.076
1642607400 26.29 74.15 388 4.076
1642607460 26.4 73.89 263 4.076
1642607520 26.6 73.7 281 4.076
1642607580 26.72 73.47 257 4.076
1642607640 26.86 73.22 173 4.076
1642607700 27.03 72.96 137 4.076
1642607760 27.23 72.68 137 4.076
1642607820 27.31 72.33 191 4.076
1642607880 27.28 71.99 185 4.076
1642607940 27.27 71.59 143 4.076
1642608000 27.38 71.32 305 4.076
1642608060 27.3 70.98 382 4.076
1642608120 27.34 70.74 575 4.076
1642608180 27.4 70.47 599 4.076
1642608240 27.23 70.09 537 4.076
1642608300 27.2 69.82 575 4.071
1642608360 27.24 69.51 569 4.076
1642608420 27.38 69.26 442 4.076
1642608480 27.52 68.97 406 4.076
1642608540 27.62 68.66 605 4.076
1642608600 27.72 68.42 658 4.076
1642608660 27.68 68.11 527 4.076
1642608720 27.48 67.79 682 4.076
1642608780 27.51 67.58 826 4.076
1642608840 27.49 67.29 718 4.076
1642608900 27.55 67.06 484 4.076
1642608960 27.55 66.78 352 4.076
1642609020 27.68 66.58 281 4.076
1642609080 27.62 66.32 299 4.071
1642609140 27.78 66.16 334 4.065
1642609200 27.69 65.89 286 4.076
1642609260 27.64 65.78 209 4.076
1642609320 27.71 65.6 185 4.076
1642609380 27.51 65.4 155 4.076
1642609440 27.38 65.28 161 4.076
1642609500 27.49 65.16 149 4.076
1642609560 27.47 65.05 191 4.076
1642609620 27.41 64.97 173 4.071
1642609680 27.41 64.85 155 4.076
1642609740 27.4 64.85 221 4.076
1642609800 27.41 64.76 203 4.076
1642609860 27.28 64.63 161 4.076
1642609920 27.31 64.6 155 4.076
1642609980 27.37 64.5 167 4.076
1642610040 27.52 64.49 143 4.071
1642610100 27.72 64.49 137 4.076
1642610160 27.58 64.46 143 4.076
1642610220 27.47 64.44 137 4.076
1642610280 27.31 64.4 149 4.076
1642610340 27.23 64.37 143 4.076
1642610400 27.21 64.37 143 4.076
1642610460 27.24 64.37 137 4.076
1642610520 27.38 64.37 167 4.076
1642610580 27.52 64.39 173 4.076
1642610640 27.62 64.49 227 4.076
1642610700 27.75 64.53 179 4.076
1642610760 27.89 64.58 251 4.076
1642610820 27.91 64.52 305 4.076
1642610880 27.98 64.51 521 4.076
1642610940 28.03 64.44 201 4.065
1642611000 28.09 64.35 724 4.076
1642611060 28.12 64.29 575 4.076
1642611120 28.2 64.21 545 4.076
1642611180 28.27 64.15 646 4.076
1642611240 28.08 64.07 569 4.071
1642611300 28.33 63.98 424 4.076
1642611360 28.5 63.87 233 4.071
1642611420 28.45 63.72 167 4.076
1642611480 28.36 63.59 155 4.076
1642611540 28.49 63.52 239 4.076
1642611600 28.53 63.4 382 4.076
1642611660 28.74 63.31 287 4.076
1642611720 28.84 63.22 155 4.076
1642611780 28.91 63.17 179 4.076
1642611840 29.05 63.1 227 4.076
1642611900 29.1 63.05 328 4.076
1642611960 29.11 62.94 299 4.076
1642612020 29.15 62.82 167 4.076
1642612080 29.24 62.78 179 4.076
1642612140 29.18 62.65 161 4.076
1642612200 29.21 62.56 161 4.076
1642612260 29.29 62.51 203 4.076
1642612320 29.38 62.37 215 4.076
1642612380 29.39 62.31 209 4.076
1642612560 29.36 62.19 191 4.076
1642612620 29.47 62.14 167 4.071
1642612680 29.55 62.02 203 4.076
1642612740 29.24 61.84 215 4.076
1642612800 29.02 61.68 167 4.076
1642612860 29.05 61.59 173 4.076
1642612920 29.1 61.49 167 4.071
1642612980 29.11 61.37 197 4.076
1642613040 29.11 61.26 197 4.076
1642613100 29.12 61.18 466 4.076
1642613160 29.21 61.13 820 4.071
1642613220 29.34 61.1 1114 4.076
1642613280 29.49 61.04 1138 4.076
1642613340 29.68 60.89 1139 4.076
1642613400 29.92 60.78 1139 4.082
1642613460 31.49 56.86 516 4.092
1642613520 31.43 56.45 365 4.087
1642613580 31.52 56.11 155 4.082
1642613640 31.24 55.75 167 4.082
1642613700 31.05 55.47 245 4.082
1642613760 30.84 55.23 1183 4.092
1642613820 30.77 55.07 1162 4.082
1642613880 30.74 54.9 1099 4.087
1642613940 30.82 54.76 1132 4.076
1642614000 30.77 54.55 1108 4.076
1642614060 30.94 54.45 951 4.076
1642614120 30.94 54.3 588 4.092
1642614180 30.85 54.16 871 4.092
1642614240 31.04 54.05 834 4.087
1642614300 31.15 53.92 438 4.092
1642614360 31.14 53.66 954 4.087
1642614420 30.97 53.45 1138 4.092
1642614480 31.01 53.23 1168 4.082
1642614540 30.92 52.97 1156 4.076
1642614600 30.94 52.79 1145 4.082
1642614660 30.98 52.59 1168 4.071
1642614720 31.7 52.18 1170 4.082
1642614780 31.84 52.04 1170 4.082
1642614840 31.93 51.86 1164 4.108
1642614900 31.8 51.53 1180 4.082
1642614960 31.86 51.28 1183 4.103
1642615020 32.13 50.92 1212 4.108
1642615080 32.35 50.7 1200 4.082
1642615140 32.35 50.38 1207 4.108
1642615200 32.2 50.08 1236 4.082
1642615260 32.09 49.76 227 4.082
1642615320 31.7 49.49 221 4.087
1642615380 31.62 49.41 305 4.087
1642615440 31.58 49.35 1067 4.082
1642615500 31.18 49.33 1210 4.082
1642615560 31.18 49.44 1243 4.108
1642615620 31.51 49.59 1237 4.114
1642615680 31.59 49.6 1209 4.114
1642615740 31.76 49.8 1215 4.114
1642615800 31.86 49.87 1221 4.114
1642615860 32.12 49.95 1215 4.114
1642615920 32.12 50.03 1215 4.114
1642615980 32.26 50.12 1203 4.114
1642616040 32.29 50.27 1210 4.114
1642616100 32.45 50.42 1222 4.119
1642616160 32.53 50.51 1216 4.119
1642616220 32.51 50.66 1234 4.119
1642616280 32.67 50.76 1234 4.119
1642616340 32.75 50.95 1222 4.119
1642616400 32.97 51.04 1210 4.119
1642616460 33.24 51.16 1252 4.119
1642616520 32.82 51.01 1064 4.119
1642616580 32.88 51.02 313 4.103
1642616640 32.88 51.09 197 4.098
1642616700 32.74 51.18 203 4.098
1642616760 32.47 51.31 228 4.092
1642616820 31.93 51.51 252 4.098
1642616880 31.39 51.78 373 4.103
1642616940 31.09 52.06 1195 4.087
1642617000 30.75 52.38 1185 4.087
1642617060 30.48 52.69 1177 4.087
1642617120 30.74 53.09 1183 4.087
1642617180 30.87 53.39 1189 4.087
1642617240 31.24 53.66 1225 4.087
1642617300 31.59 53.81 305 4.098
1642617360 31.59 53.89 215 4.092
1642617420 31.56 53.89 191 4.092
1642617480 31.15 54.02 239 4.092
1642617540 30.71 54.12 283 4.098
1642617600 30.6 54.3 612 4.092
1642617660 30.23 54.5 1195 4.087
1642617720 30 54.8 1189 4.087
1642617780 30.22 55.1 1171 4.087
1642617840 30.26 55.3 1207 4.087
1642617900 30.63 55.55 846 4.087
1642617960 30.77 55.67 427 4.103
1642618020 30.66 55.82 1130 4.092
1642618080 30.73 55.99 1231 4.087
1642618140 31.14 56.05 1304 4.087
1642618200 31.45 56.1 996 4.087
1642618260 31.59 56.15 373 4.098
1642618320 31.62 56.07 281 4.092
1642618380 31.32 56.01 269 4.098
1642618440 31.02 56.07 257 4.092
1642618500 30.66 56.12 313 4.098
1642618560 30.27 56.25 1245 4.087
1642618620 30.06 56.44 1261 4.087
1642618680 29.96 56.6 1237 4.087
1642618740 30.12 56.83 1243 4.087
1642618800 30.07 56.9 259 4.098
1642618860 30.31 57.12 209 4.092
1642618920 30.46 57.29 227 4.092
1642618980 30.57 57.46 1165 4.087
1642619040 30.43 57.58 287 4.092
1642619100 30.31 57.78 325 4.098
1642619160 30.17 57.89 1261 4.087
1642619220 30.05 58 834 4.087
1642619280 30.05 58.18 307 4.098
1642619340 30.2 58.29 295 4.092
1642619400 30.2 58.48 1322 4.087
1642619460 30.23 58.64 1002 4.087
1642619520 30.1 58.76 335 4.098
1642619580 30.07 58.88 319 4.098
1642619640 29.93 58.91 259 4.098
1642619700 29.79 58.96 239 4.092
1642619760 29.49 59.04 239 4.098
1642619820 29.28 59.23 252 4.092
1642619880 29.12 59.44 265 4.098
1642619940 29 59.59 295 4.103
1642620000 28.98 59.78 883 4.092
1642620060 28.94 59.96 313 4.098
1642620120 29 60.18 319 4.098
1642620180 28.81 60.35 606 4.092
1642620240 28.84 60.52 1275 4.087
1642620300 29.04 60.72 1243 4.087
1642620360 29.25 60.84 1239 4.087
1642620420 29.68 61 1263 4.087
1642620480 30 61.06 1267 4.092
1642620540 30.53 61.17 1136 4.087
1642620600 30.81 61.07 1305 4.087
1642620660 31.02 60.9 1069 4.092
1642620720 31.09 60.68 855 4.108
1642620780 31.14 60.45 361 4.098
1642620840 31.18 60.25 1251 4.092
1642620900 30.98 60.02 600 4.092
1642620960 31.14 59.9 445 4.098
1642621020 31.31 59.64 373 4.098
1642621080 31.07 59.38 283 4.098
1642621140 30.77 59.14 761 4.092
1642621200 30.54 58.92 283 4.098
1642621260 30.36 58.76 239 4.098
1642621320 30.43 58.7 215 4.098
1642621380 30.16 58.51 209 4.098
1642621440 29.92 58.47 197 4.092
1642621500 29.72 58.39 185 4.092
1642621560 29.42 58.43 191 4.092
1642621620 29.41 58.49 197 4.098
1642621680 29.29 58.58 222 4.098
1642621740 29.11 58.71 246 4.098
1642621800 28.94 58.91 295 4.103
1642621860 29.01 59.09 325 4.103
1642621920 28.97 59.26 450 4.092
1642621980 28.91 59.43 319 4.098
1642622040 29.01 59.65 265 4.098
1642622100 28.96 59.74 271 4.098
1642622160 28.97 59.82 265 4.098
1642622220 29.08 59.94 265 4.103
1642622280 29.02 60.14 301 4.098
1642622340 29 60.3 450 4.092
1642622400 28.87 60.38 468 4.092
1642622460 28.78 60.42 1046 4.092
1642622520 29.05 60.58 185 4.092
1642622580 29 60.64 161 4.098
1642622640 29.01 60.73 155 4.092
1642622700 29.04 60.85 155 4.092
1642622760 28.96 60.88 161 4.092
1642622820 28.84 60.92 185 4.092
1642622880 28.78 61.01 222 4.098
1642622940 28.71 61.08 277 4.098
1642623000 28.64 61.13 546 4.092
1642623060 28.61 61.25 252 4.098
1642623120 28.56 61.33 216 4.092
1642623180 28.45 61.39 198 4.098
1642623240 28.45 61.43 186 4.098
1642623300 28.4 61.49 186 4.098
1642623360 28.43 61.56 168 4.098
1642623420 28.39 61.66 143 4.098
1642623480 28.42 61.7 131 4.098
1642623540 28.37 61.77 114 4.092
1642623600 28.33 61.89 102 4.092
1642623660 28.19 62.03 94 4.092
1642623720 28.18 62.17 106 4.092
1642623780 28.08 62.33 131 4.092
1642623840 27.95 62.52 155 4.092
1642623900 27.81 62.68 234 4.092
1642623960 27.75 62.89 590 4.103
1642624020 27.92 63.1 953 4.108
1642624080 28.16 63.31 676 4.103
1642624140 28.27 63.5 228 4.098
1642624200 28.42 63.61 265 4.098
1642624260 28.51 63.77 929 4.108
1642624320 28.5 63.79 944 4.098
1642624380 28.61 63.81 938 4.092
1642624440 28.82 63.85 920 4.092
1642624500 29 63.86 944 4.092
1642624560 29.41 63.84 935 4.103
1642624620 29.49 63.78 228 4.098
1642624680 29.72 63.63 463 4.098
1642624740 29.62 63.49 935 4.108
1642624800 29.58 63.37 652 4.103
1642624860 29.77 63.25 283 4.103
1642624920 29.77 63.07 468 4.092
1642624980 30.06 62.91 252 4.098
1642625040 29.75 62.74 246 4.098
1642625100 29.76 62.6 240 4.103
1642625160 29.55 62.42 228 4.098
1642625220 29.22 62.32 216 4.098
1642625280 29.17 62.22 210 4.103
1642625340 29.11 62.17 283 4.103
1642625400 28.84 62.04 361 4.103
1642625460 28.73 62.05 283 4.103
1642625520 28.64 62.08 463 4.108
1642625580 28.7 62.12 935 4.108
1642625640 28.64 62.17 379 4.103
1642625700 28.66 62.25 682 4.103
1642625760 28.82 62.35 724 4.103
1642625820 29.01 62.42 397 4.103
1642625880 29.07 62.48 524 4.103
1642625940 29.31 62.48 289 4.103
1642626000 29.44 62.51 487 4.108
1642626060 29.26 62.41 536 4.103
1642626120 29.24 62.45 252 4.103
1642626180 29.08 62.4 228 4.103
1642626240 29.04 62.3 210 4.098
1642626300 29.01 62.29 198 4.103
1642626360 28.91 62.32 198 4.103
1642626420 28.74 62.3 204 4.103
1642626480 28.6 62.36 204 4.103
1642626540 28.45 62.45 204 4.103
1642626600 28.27 62.58 216 4.103
1642626660 28.23 62.69 240 4.108
1642626720 28.26 62.83 240 4.108
1642626780 28.18 62.94 240 4.103
1642626840 28.22 63.1 289 4.103
1642626900 28.13 63.3 277 4.108
1642626960 28.09 63.46 313 4.108
1642627020 28.15 63.68 712 4.108
1642627080 28.23 63.87 519 4.108
1642627140 28.59 64.1 561 4.108
1642627200 28.6 64.23 313 4.108
1642627260 28.54 64.36 331 4.108
1642627320 28.53 64.49 343 4.108
1642627380 28.51 64.61 271 4.108
1642627440 28.57 64.69 246 4.108
1642627500 28.56 64.77 228 4.108
1642627560 28.46 64.93 210 4.103
1642627620 28.36 65.09 192 4.103
1642627680 28.22 65.21 180 4.103
1642627740 28.06 65.31 168 4.103
1642627800 28.05 65.5 162 4.108
1642627860 28 65.62 156 4.103
1642627920 27.96 65.85 150 4.103
1642627980 27.94 66.03 150 4.103
1642628040 28 66.18 150 4.103
1642628100 27.95 66.33 150 4.103
1642628160 27.95 66.47 150 4.103
1642628220 27.88 66.59 156 4.103
1642628280 27.82 66.81 150 4.103
1642628340 27.72 66.94 156 4.103
1642628400 27.72 67.1 168 4.103
1642628460 27.78 67.23 168 4.103
1642628520 27.78 67.32 162 4.103
1642628580 27.81 67.37 156 4.103
1642628640 27.79 67.44 150 4.103
1642628700 27.78 67.53 144 4.103
1642628760 27.69 67.59 144 4.103
1642628820 27.68 67.66 144 4.103
1642628880 27.64 67.7 150 4.103
1642628940 27.68 67.74 156 4.103
1642629000 27.66 67.75 156 4.103
1642629060 27.66 67.67 156 4.103
1642629120 27.69 67.61 150 4.108
1642629180 27.72 67.55 156 4.103
1642629240 27.69 67.59 162 4.103
1642629300 27.71 67.57 174 4.103
1642629360 27.69 67.46 168 4.103
1642629420 27.71 67.34 162 4.103
1642629480 27.71 67.24 186 4.103
1642629540 27.64 67.17 168 4.103
1642629600 27.71 67.12 198 4.103
1642629660 27.76 67.08 192 4.103
1642629720 27.81 67 162 4.103
1642629780 27.85 66.96 138 4.103
1642629840 27.85 66.9 126 4.103
1642629900 27.72 66.82 132 4.103
1642629960 27.62 66.78 144 4.103
1642630020 27.58 66.71 144 4.103
1642630080 27.55 66.71 144 4.103
1642630140 27.54 66.72 138 4.103
1642630200 27.51 66.73 126 4.103
1642630260 27.41 66.74 120 4.103
1642630320 27.37 66.79 120 4.103
1642630380 27.35 66.86 126 4.108
1642630440 27.27 66.95 126 4.103
1642630500 27.2 67.04 132 4.103
1642630560 27.24 67.19 138 4.103
1642630620 27.24 67.3 138 4.103
1642630680 27.25 67.42 144 4.108
1642630740 27.21 67.45 144 4.103
1642630800 27.15 67.48 138 4.108
1642630860 27.14 67.54 132 4.103
1642630920 27.15 67.59 126 4.103
1642630980 27.17 67.6 132 4.103
1642631040 27.2 67.6 126 4.108
1642631100 27.2 67.61 120 4.103
1642631160 27.24 67.59 114 4.103
1642631220 27.24 67.61 96 4.103
1642631280 27.21 67.64 96 4.103
1642631340 27.23 67.63 96 4.103
1642631400 27.21 67.65 114 4.103
1642631460 27.25 67.69 120 4.103
1642631520 27.28 67.74 96 4.103
1642631580 27.24 67.8 96 4.103
1642631640 27.27 67.86 96 4.103
1642631700 27.27 67.88 96 4.103
1642631760 27.31 67.98 108 4.103
1642631820 27.34 68 126 4.103
1642631880 27.33 68.07 144 4.103
1642631940 27.33 68.19 156 4.103
1642632000 27.33 68.23 156 4.103
1642632060 27.35 68.32 144 4.108
1642632120 27.34 68.36 132 4.103
1642632180 27.37 68.43 126 4.103
1642632240 27.41 68.46 126 4.103
1642632300 27.37 68.45 126 4.108
1642632360 27.38 68.5 138 4.108
1642632420 27.4 68.53 132 4.103
1642632480 27.43 68.59 114 4.103
1642632540 27.37 68.56 96 4.103
1642632600 27.38 68.6 84 4.103
1642632660 27.37 68.59 78 4.103
1642632720 27.38 68.63 84 4.103
1642632780 27.38 68.68 84 4.103
1642632840 27.35 68.7 84 4.103
1642632900 27.33 68.77 84 4.103
1642632960 27.31 68.8 78 4.103
1642633020 27.28 68.86 78 4.103
1642633080 27.3 68.85 72 4.103
1642633140 27.3 68.88 66 4.103
1642633200 27.28 68.91 72 4.103
1642633260 27.24 69 66 4.103
1642633320 27.21 69 60 4.103
1642633380 27.17 69.07 66 4.103
1642633440 27.04 69.13 60 4.103
1642633500 27.01 69.26 66 4.103
1642633560 27 69.35 66 4.098
1642633620 26.91 69.42 66 4.103
1642633680 26.87 69.5 60 4.103
1642633740 26.86 69.61 66 4.103
1642633800 26.89 69.71 60 4.098
1642633860 26.89 69.82 48 4.103
1642633920 26.86 69.86 48 4.103
1642633980 26.83 69.91 48 4.103
1642634040 26.79 69.95 48 4.098
1642634100 26.76 70 48 4.103
1642634160 26.73 70 54 4.103
1642634220 26.72 70 54 4.103
1642634280 26.72 70.09 54 4.103
1642634340 26.72 70.05 54 4.103
1642634400 26.69 70.1 54 4.103
1642634460 26.7 70.12 54 4.098
1642634520 26.69 70.14 48 4.103
1642634580 26.7 70.19 48 4.098
1642634640 26.7 70.26 42 4.098
1642634700 26.69 70.29 42 4.103
1642634760 26.67 70.31 42 4.103
1642634820 26.64 70.33 42 4.103
1642634880 26.63 70.35 42 4.103
1642634940 26.63 70.39 36 4.103
1642635000 26.6 70.42 36 4.098
1642635060 26.54 70.42 30 4.098
1642635120 26.54 70.47 30 4.103
1642635180 26.52 70.48 24 4.103
1642635240 26.43 70.46 24 4.103
1642635300 26.43 70.55 18 4.103
1642635360 26.42 70.6 18 4.098
1642635420 26.38 70.64 18 4.103
1642635480 26.35 70.65 18 4.098
1642635540 26.32 70.71 12 4.098
1642635600 26.33 70.79 12 4.098
1642635660 26.3 70.85 12 4.098
1642635720 26.25 70.9 12 4.103
1642635780 26.23 71 12 4.098
1642635840 26.23 71.07 12 4.103
1642635900 26.21 71.13 12 4.103
1642635960 26.21 71.24 6 4.103
1642636020 26.16 71.32 6 4.098
1642636080 26.15 71.42 6 4.098
1642636140 26.14 71.51 6 4.103
1642636200 26.09 71.62 6 4.098
1642636260 26.05 71.71 6 4.098
1642636320 26.05 71.77 6 4.098
1642636380 26.01 71.88 6 4.098
1642636440 26.02 71.98 6 4.103
1642636500 25.99 72.05 0 4.098
1642636560 25.99 72.14 0 4.098
1642636620 25.96 72.22 0 4.098
1642636680 25.98 72.34 0 4.098
1642636740 25.96 72.41 0 4.098
1642636800 25.96 72.49 0 4.098
1642636860 25.96 72.57 0 4.098
1642636920 25.96 72.65 0 4.098
1642636980 25.95 72.7 0 4.098
1642637040 25.98 72.75 0 4.098
1642637100 25.96 72.78 0 4.103
1642637160 25.98 72.84 0 4.098
1642637220 25.99 72.91 0 4.098
1642637280 25.99 73.02 0 4.098
1642637340 25.95 73.04 0 4.098
1642637400 25.95 73.15 0 4.098
1642637460 25.95 73.21 0 4.098
1642637520 25.96 73.29 0 4.098
1642637580 25.93 73.37 0 4.098
1642637640 25.89 73.46 0 4.098
1642637700 25.88 73.56 0 4.098
1642637760 25.88 73.62 0 4.098
1642637820 25.89 73.75 0 4.098
1642637880 25.87 73.85 0 4.098
1642637940 25.85 73.92 0 4.098
1642638000 25.84 74.02 0 4.098
1642638060 25.81 74.09 0 4.098
1642638120 25.78 74.19 0 4.098
1642638180 25.75 74.28 0 4.098
1642638240 25.77 74.38 0 4.098
1642638300 25.77 74.47 0 4.098
1642638360 25.77 74.54 0 4.098
1642638420 25.75 74.64 0 4.098
1642638480 25.74 74.74 0 4.098
1642638540 25.72 74.79 0 4.098
1642638600 25.71 74.9 0 4.098
1642638660 25.69 74.95 0 4.098
1642638720 25.69 75.07 0 4.098
1642638780 25.69 75.18 0 4.098
1642638840 25.65 75.26 0 4.098
1642638900 25.65 75.38 0 4.098
1642638960 25.67 75.4 0 4.092
1642639020 25.65 75.46 0 4.098
1642639080 25.63 75.57 0 4.098
1642639140 25.63 75.66 0 4.098
1642639200 25.61 75.74 0 4.098
1642639260 25.58 75.78 0 4.098
1642639320 25.57 75.87 0 4.098
1642639380 25.56 75.9 0 4.098
1642639440 25.52 75.94 0 4.098
1642639500 25.52 76.03 0 4.098
1642639560 25.48 76.1 0 4.098
1642639620 25.47 76.13 0 4.098
1642639680 25.45 76.21 0 4.098
1642639740 25.47 76.29 0 4.098
1642639800 25.45 76.37 0 4.098
1642639860 25.41 76.4 0 4.098
1642639920 25.41 76.46 0 4.098
1642639980 25.41 76.53 0 4.098
1642640040 25.4 76.59 0 4.098
1642640100 25.38 76.63 0 4.098
1642640160 25.36 76.66 0 4.098
1642640220 25.34 76.72 0 4.098
1642640280 25.36 76.8 0 4.098
1642640340 25.34 76.8 0 4.098
1642640400 25.33 76.88 0 4.098
1642640460 25.34 76.91 0 4.098
1642640520 25.3 76.93 0 4.098
1642640580 25.31 77 0 4.098
1642640640 25.31 77 0 4.098
1642640700 25.31 77.05 0 4.098
1642640760 25.31 77.14 0 4.092
1642640820 25.27 77.21 0 4.098
1642640880 25.23 77.25 0 4.098
1642640940 25.26 77.28 0 4.098
1642641000 25.26 77.31 0 4.098
1642641060 25.24 77.38 0 4.098
1642641120 25.23 77.45 0 4.098
1642641180 25.21 77.48 0 4.098
1642641240 25.23 77.51 0 4.098
1642641300 25.21 77.54 0 4.098
1642641360 25.17 77.58 0 4.098
1642641420 25.17 77.59 0 4.098
1642641480 25.17 77.63 0 4.092
1642641540 25.17 77.65 0 4.098
1642641600 25.13 77.71 0 4.098
1642641660 25.14 77.74 0 4.098
1642641720 25.14 77.77 0 4.098
1642641780 25.13 77.8 0 4.098
1642641840 25.12 77.82 0 4.098
1642641900 25.12 77.86 0 4.092
1642641960 25.12 77.94 0 4.098
1642642020 25.07 77.98 0 4.092
1642642080 25.04 78.01 0 4.092
1642642140 25.06 78.08 0 4.098
1642642200 25.04 78.09 0 4.098
1642642260 25.03 78.14 0 4.092
1642642320 25.03 78.17 0 4.098
1642642380 25.02 78.17 0 4.098
1642642440 25 78.23 0 4.092
1642642500 24.98 78.29 0 4.092
1642642560 24.97 78.33 0 4.098
1642642620 24.94 78.38 0 4.092
1642642680 24.97 78.45 0 4.092
1642642740 24.98 78.51 0 4.098
1642642800 24.96 78.54 0 4.092
1642642860 24.97 78.59 0 4.098
1642642920 24.98 78.63 0 4.092
1642642980 24.94 78.66 0 4.092
1642643040 24.94 78.66 0 4.098
1642643100 24.96 78.74 0 4.098
1642643160 24.91 78.75 0 4.098
1642643220 24.9 78.8 0 4.092
1642643280 24.91 78.84 0 4.092
1642643340 24.89 78.86 0 4.098
1642643400 24.87 78.94 0 4.092
1642643460 24.86 78.97 0 4.092
1642643520 24.83 78.99 0 4.098
1642643580 24.87 79.04 0 4.092
1642643640 24.85 79.07 0 4.092
1642643700 24.87 79.12 0 4.092
1642643760 24.83 79.18 0 4.098
1642643820 24.86 79.19 0 4.098
1642643880 24.83 79.22 0 4.092
1642643940 24.83 79.24 0 4.092
1642644000 24.82 79.25 0 4.092
1642644060 24.82 79.33 0 4.098
1642644120 24.79 79.33 0 4.098
1642644180 24.77 79.36 0 4.092
1642644240 24.76 79.4 0 4.092
1642644300 24.77 79.42 0 4.092
1642644360 24.75 79.46 0 4.092
1642644420 24.76 79.49 0 4.092
1642644480 24.77 79.52 0 4.092
1642644540 24.76 79.59 0 4.092
1642644600 24.73 79.57 0 4.092
1642644660 24.72 79.64 0 4.092
1642644720 24.7 79.7 0 4.092
1642644780 24.66 79.75 0 4.098
1642644840 24.65 79.78 0 4.092
1642644900 24.65 79.81 0 4.092
1642644960 24.65 79.87 0 4.092
1642645020 24.58 79.9 0 4.098
1642645080 24.58 79.95 0 4.092
1642645140 24.56 80.03 0 4.092
1642645200 24.53 80.07 0 4.092
1642645260 24.53 80.12 0 4.082
1642645320 24.53 80.22 0 4.092
1642645380 24.53 80.24 0 4.092
1642645440 24.52 80.29 0 4.092
1642645500 24.52 80.31 0 4.092
1642645560 24.49 80.36 0 4.092
1642645620 24.48 80.39 0 4.092
1642645680 24.48 80.4 0 4.092
1642645740 24.48 80.48 0 4.092
1642645800 24.48 80.49 0 4.092
1642645860 24.46 80.5 0 4.092
1642645920 24.45 80.53 0 4.092
1642645980 24.43 80.61 0 4.092
1642646040 24.45 80.63 0 4.092
1642646100 24.43 80.68 0 4.098
1642646160 24.42 80.68 0 4.092
1642646220 24.4 80.69 0 4.092
1642646280 24.39 80.76 0 4.092
1642646340 24.4 80.8 0 4.092
1642646400 24.4 80.83 0 4.092
1642646460 24.36 80.85 0 4.092
1642646520 24.38 80.9 0 4.092
1642646580 24.38 80.9 0 4.092
1642646640 24.36 80.95 0 4.092
1642646700 24.4 81.02 0 4.087
1642646760 24.49 81.05 0 4.092
1642646820 24.49 81.01 0 4.092
1642646880 24.48 80.96 0 4.087
1642646940 24.46 80.96 0 4.092
1642647000 24.45 80.94 0 4.092
1642647060 24.43 80.89 0 4.092
1642647120 24.42 80.78 0 4.092
1642647180 24.38 80.75 0 4.092
1642647240 24.42 80.67 0 4.092
1642647300 24.39 80.58 0 4.092
1642647360 24.39 80.53 0 4.092
1642647420 24.35 80.42 0 4.092
1642647480 24.38 80.35 0 4.092
1642647540 24.38 80.25 0 4.092
1642647600 24.36 80.19 0 4.092
1642647660 24.35 80.09 0 4.092
1642647720 24.32 79.98 0 4.092
1642647780 24.31 79.94 0 4.092
1642647840 24.32 79.83 0 4.092
1642647900 24.31 79.8 0 4.092
1642647960 24.26 79.75 0 4.092
1642648020 24.28 79.67 0 4.092
1642648080 24.25 79.57 0 4.092
1642648140 24.23 79.49 0 4.092
1642648200 24.21 79.39 0 4.092
1642648260 24.22 79.3 0 4.092
1642648320 24.23 79.15 0 4.092
1642648380 24.21 79.02 0 4.092
1642648440 24.22 78.9 0 4.092
1642648500 24.23 78.77 0 4.092
1642648560 24.22 78.72 0 4.092
1642648620 24.22 78.63 0 4.092
1642648680 24.22 78.51 0 4.092
1642648740 24.21 78.43 0 4.087
1642648800 24.19 78.32 0 4.087
1642648860 24.19 78.24 0 4.087
1642648920 24.15 78.2 0 4.092
1642648980 24.18 78.13 0 4.092
1642649040 24.15 78.1 0 4.092
1642649100 24.11 78.06 0 4.092
1642649160 24.1 78.02 0 4.092
1642649220 24.08 78.03 0 4.092
1642649280 24.07 78.03 0 4.092
1642649340 24.04 78.06 0 4.092
1642649400 24.02 78.12 0 4.087
1642649460 24 78.21 0 4.092
1642649520 23.97 78.19 0 4.092
1642649580 23.92 78.25 0 4.092
1642649640 23.91 78.27 0 4.092
1642649700 23.89 78.33 0 4.092
1642649760 23.87 78.35 0 4.082
1642649820 23.84 78.43 0 4.092
1642649880 23.82 78.4 0 4.087
1642649940 23.82 78.45 0 4.087
1642650000 23.77 78.47 0 4.092
1642650060 23.78 78.54 0 4.087
1642650120 23.74 78.57 0 4.087
1642650180 23.71 78.58 0 4.087
1642650240 23.67 78.57 0 4.092
1642650300 23.67 78.6 0 4.087
1642650360 23.64 78.62 0 4.092
1642650420 23.65 78.59 0 4.087
1642650480 23.61 78.55 0 4.087
1642650540 23.59 78.53 0 4.087
1642650600 23.57 78.46 0 4.082
1642650660 23.56 78.38 0 4.087
1642650720 23.53 78.23 0 4.087
1642650780 23.56 78.18 0 4.087
1642650840 23.57 78.06 0 4.092
1642650900 23.6 77.95 0 4.087
1642650960 23.57 77.84 0 4.087
1642651020 23.56 77.73 0 4.092
1642651080 23.56 77.64 0 4.087
1642651140 23.59 77.49 0 4.087
1642651200 23.57 77.44 0 4.087
1642651260 23.57 77.32 0 4.087
1642651320 23.59 77.22 0 4.092
1642651380 23.6 77.1 0 4.092
1642651440 23.61 77 0 4.092
1642651500 23.61 76.96 0 4.087
1642651560 23.59 76.84 0 4.076
1642651620 23.57 76.72 0 4.087
1642651680 23.6 76.69 0 4.087
1642651740 23.6 76.62 0 4.087
1642651800 23.59 76.5 0 4.087
1642651860 23.59 76.41 0 4.087
1642651920 23.6 76.28 0 4.087
1642651980 23.61 76.2 0 4.087
1642652040 23.64 76.13 0 4.087
1642652100 23.64 76.01 0 4.087
1642652160 23.64 75.91 0 4.087
1642652220 23.65 75.8 0 4.087
1642652280 23.64 75.73 0 4.087
1642652340 23.65 75.64 0 4.087
1642652400 23.64 75.57 0 4.087
1642652460 23.63 75.49 0 4.087
1642652520 23.63 75.43 0 4.087
1642652580 23.61 75.38 0 4.087
1642652640 23.6 75.36 0 4.087
1642652700 23.63 75.37 0 4.087
1642652760 23.61 75.3 0 4.087
1642652820 23.63 75.31 0 4.087
1642652880 23.6 75.32 0 4.087
1642652940 23.56 75.29 0 4.087
1642653000 23.56 75.29 0 4.087
1642653060 23.54 75.21 0 4.087
1642653120 23.59 75.18 0 4.087
1642653180 23.57 75.11 0 4.087
1642653240 23.63 75.06 0 4.087
1642653300 23.68 74.94 0 4.087
1642653360 23.68 74.88 0 4.087
1642653420 23.68 74.78 0 4.087
1642653480 23.72 74.71 0 4.087
1642653540 23.7 74.61 0 4.087
1642653600 23.7 74.58 0 4.087
1642653660 23.68 74.53 0 4.087
1642653720 23.65 74.47 0 4.087
1642653780 23.64 74.41 0 4.087
1642653840 23.61 74.37 0 4.087
1642653900 23.61 74.34 0 4.087
1642653960 23.61 74.29 0 4.087
1642654020 23.59 74.3 0 4.087
1642654080 23.6 74.19 0 4.087
1642654140 23.64 74.15 0 4.087
1642654200 23.65 74.08 0 4.087
1642654260 23.67 73.99 0 4.082
1642654320 23.68 73.94 0 4.087
1642654380 23.68 73.85 0 4.087
1642654440 23.7 73.8 0 4.087
1642654500 23.61 73.74 0 4.087
1642654560 23.63 73.71 0 4.087
1642654620 23.61 73.65 0 4.087
1642654680 23.6 73.71 0 4.087
1642654740 23.57 73.77 0 4.087
