1639803600 23.87 84.59 0 4.065
1639803660 23.84 84.55 0 4.065
1639803720 23.88 84.57 0 4.065
1639803780 23.89 84.55 0 4.071
1639803840 23.91 84.61 0 4.071
1639803900 23.89 84.58 0 4.071
1639803960 23.89 84.62 0 4.065
1639804020 23.89 84.6 0 4.071
1639804080 23.88 84.62 0 4.071
1639804140 23.85 84.64 0 4.071
1639804200 23.88 84.66 0 4.065
1639804260 23.87 84.71 0 4.065
1639804320 23.82 84.73 0 4.071
1639804380 23.81 84.75 0 4.065
1639804440 23.8 84.77 0 4.065
1639804500 23.78 84.79 0 4.071
1639804560 23.78 84.8 0 4.071
1639804620 23.78 84.86 0 4.065
1639804680 23.78 84.87 0 4.071
1639804740 23.78 84.92 0 4.065
1639804800 23.78 84.96 0 4.071
1639804860 23.77 84.97 0 4.071
1639804920 23.78 84.97 0 4.071
1639804980 23.81 85.01 0 4.071
1639805040 23.82 85.08 0 4.065
1639805100 23.82 85.13 0 4.065
1639805160 23.82 85.13 0 4.065
1639805220 23.82 85.2 0 4.065
1639805280 23.78 85.25 0 4.065
1639805340 23.77 85.32 0 4.071
1639805400 23.77 85.39 0 4.065
1639805460 23.74 85.43 0 4.065
1639805520 23.71 85.51 0 4.065
1639805580 23.7 85.59 0 4.065
1639805640 23.7 85.66 0 4.071
1639805700 23.68 85.73 0 4.065
1639805760 23.65 85.79 0 4.071
1639805820 23.65 85.86 0 4.071
1639805880 23.65 85.94 0 4.065
1639805940 23.63 85.97 0 4.065
1639806000 23.6 86.04 0 4.065
1639806060 23.56 86.12 0 4.065
1639806120 23.57 86.17 0 4.065
1639806180 23.57 86.24 0 4.065
1639806240 23.56 86.29 0 4.065
1639806300 23.54 86.38 0 4.071
1639806360 23.54 86.44 0 4.071
1639806420 23.56 86.5 0 4.065
1639806480 23.54 86.55 0 4.065
1639806540 23.57 86.64 0 4.065
1639806600 23.54 86.69 0 4.065
1639806660 23.51 86.75 0 4.065
1639806720 23.51 86.8 0 4.065
1639806780 23.5 86.76 0 4.071
1639806840 23.46 86.69 0 4.065
1639806900 23.46 86.63 0 4.071
1639806960 23.49 86.56 0 4.065
1639807020 23.47 86.49 0 4.065
1639807080 23.49 86.45 0 4.065
1639807140 23.46 86.37 0 4.065
1639807200 23.43 86.31 0 4.065
1639807260 23.43 86.17 0 4.071
1639807320 23.44 86.09 0 4.065
1639807380 23.44 86.04 0 4.065
1639807440 23.46 85.94 0 4.065
1639807500 23.43 85.86 0 4.065
1639807560 23.44 85.83 0 4.065
1639807620 23.4 85.74 0 4.065
1639807680 23.41 85.69 0 4.065
1639807740 23.39 85.66 0 4.065
1639807800 23.41 85.62 0 4.071
1639807860 23.41 85.58 0 4.065
1639807920 23.4 85.57 0 4.065
1639807980 23.39 85.56 0 4.071
1639808040 23.4 85.57 0 4.065
1639808100 23.41 85.63 0 4.065
1639808160 23.4 85.7 0 4.071
1639808220 23.37 85.74 0 4.065
1639808280 23.34 85.74 0 4.065
1639808340 23.36 85.76 0 4.065
1639808400 23.37 85.81 0 4.065
1639808460 23.37 85.83 0 4.071
1639808520 23.39 85.92 0 4.065
1639808580 23.37 85.96 0 4.065
1639808640 23.39 86 0 4.065
1639808700 23.34 86.06 0 4.065
1639808760 23.34 86.15 0 4.065
1639808820 23.34 86.18 0 4.065
1639808880 23.34 86.26 0 4.065
1639808940 23.36 86.34 0 4.065
1639809000 23.31 86.42 0 4.065
1639809060 23.29 86.51 0 4.065
1639809120 23.26 86.57 0 4.06
1639809180 23.29 86.65 0 4.065
1639809240 23.3 86.8 0 4.065
1639809300 23.29 86.9 0 4.071
1639809360 23.3 87.02 0 4.065
1639809420 23.3 87.15 0 4.065
1639809480 23.29 87.25 0 4.065
1639809540 23.26 87.36 0 4.065
1639809600 23.24 87.48 0 4.065
1639809660 23.23 87.63 0 4.065
1639809720 23.19 87.74 0 4.065
1639809780 23.17 87.85 0 4.065
1639809840 23.17 87.95 0 4.065
1639809900 23.16 88.07 0 4.065
1639809960 23.17 88.2 0 4.065
1639810020 23.14 88.31 0 4.065
1639810080 23.13 88.42 0 4.065
1639810140 23.09 88.5 0 4.065
1639810200 23.06 88.59 0 4.065
1639810260 23.05 88.7 0 4.065
1639810320 23.05 88.8 0 4.065
1639810380 23.06 88.9 0 4.065
1639810440 23.05 89 0 4.065
1639810500 23.05 89.07 0 4.065
1639810560 23.03 89.16 0 4.065
1639810620 23.03 89.27 0 4.065
1639810680 23.05 89.34 0 4.065
1639810740 23.05 89.44 0 4.065
1639810800 23.05 89.46 0 4.065
1639810860 23.02 89.5 0 4.065
1639810920 23.02 89.55 0 4.065
1639810980 23.02 89.58 0 4.065
1639811040 23.03 89.66 0 4.065
1639811100 23.03 89.72 0 4.065
1639811160 23.03 89.71 0 4.065
1639811220 23.06 89.76 0 4.065
1639811280 23.06 89.79 0 4.065
1639811340 23.05 89.83 0 4.065
1639811400 23.03 89.85 0 4.06
1639811460 23.05 89.91 0 4.065
1639811520 23.05 89.89 0 4.065
1639811580 23.05 89.96 0 4.065
1639811640 23.06 89.97 0 4.065
1639811700 23.07 89.96 0 4.065
1639811760 23.07 90 0 4.065
1639811820 23.06 90 0 4.065
1639811880 23.09 90.03 0 4.065
1639811940 23.09 90.05 0 4.065
1639812000 23.09 90.06 0 4.065
1639812060 23.09 90.08 0 4.065
1639812120 23.13 90.11 0 4.065
1639812180 23.1 90.09 0 4.06
1639812240 23.1 90.06 0 4.065
1639812300 23.13 90.13 0 4.065
1639812360 23.13 90.08 0 4.065
1639812420 23.13 90.06 0 4.065
1639812480 23.12 90.07 0 4.065
1639812540 23.16 90.07 0 4.065
1639812600 23.14 90.04 0 4.065
1639812660 23.17 90.06 0 4.065
1639812720 23.17 90.02 0 4.065
1639812780 23.19 90.03 0 4.065
1639812840 23.17 89.98 0 4.065
1639812900 23.2 89.98 0 4.065
1639812960 23.2 89.97 0 4.065
1639813020 23.17 89.96 0 4.065
1639813080 23.21 89.93 0 4.065
1639813140 23.2 89.93 0 4.065
1639813200 23.2 89.91 0 4.065
1639813260 23.2 89.91 0 4.065
1639813320 23.21 89.85 0 4.065
1639813380 23.23 89.86 0 4.065
1639813440 23.23 89.82 0 4.065
1639813500 23.26 89.81 0 4.06
1639813560 23.23 89.79 0 4.065
1639813620 23.23 89.79 0 4.065
1639813680 23.23 89.75 0 4.065
1639813740 23.21 89.71 0 4.06
1639813800 23.2 89.73 0 4.065
1639813860 23.21 89.73 0 4.065
1639813920 23.23 89.68 0 4.065
1639813980 23.2 89.65 0 4.065
1639814040 23.19 89.64 0 4.065
1639814100 23.21 89.61 0 4.065
1639814160 23.19 89.6 0 4.065
1639814220 23.2 89.51 0 4.065
1639814280 23.21 89.5 0 4.065
1639814340 23.27 89.45 0 4.065
1639814400 23.23 89.41 0 4.065
1639814460 23.21 89.37 0 4.065
1639814520 23.2 89.25 0 4.06
1639814580 23.21 89.19 0 4.065
1639814640 23.23 89.14 0 4.06
1639814700 23.26 89.06 0 4.065
1639814760 23.26 88.95 0 4.065
1639814820 23.27 88.87 0 4.065
1639814880 23.26 88.82 0 4.065
1639814940 23.26 88.78 0 4.065
1639815000 23.24 88.75 0 4.06
1639815060 23.26 88.72 0 4.065
1639815120 23.26 88.67 0 4.065
1639815180 23.24 88.62 0 4.06
1639815240 23.26 88.59 0 4.065
1639815300 23.33 88.58 0 4.065
1639815360 23.27 88.6 0 4.065
1639815420 23.26 88.59 0 4.06
1639815480 23.24 88.6 0 4.065
1639815540 23.21 88.67 0 4.06
1639815600 23.16 88.72 0 4.06
1639815660 23.1 88.78 0 4.065
1639815720 23.06 88.86 0 4.065
1639815780 23.05 88.9 0 4.06
1639815840 23.06 89.08 0 4.06
1639815900 22.99 89.18 0 4.065
1639815960 22.95 89.34 0 4.06
1639816020 22.92 89.5 0 4.06
1639816080 22.92 89.68 0 4.065
1639816140 22.88 89.79 0 4.065
1639816200 22.83 89.95 0 4.06
1639816260 22.8 90.1 0 4.06
1639816320 22.8 90.23 0 4.06
1639816380 22.76 90.4 0 4.065
1639816440 22.73 90.53 0 4.065
1639816500 22.72 90.7 0 4.06
1639816560 22.72 90.82 0 4.06
1639816620 22.72 91.02 0 4.06
1639816680 22.7 91.14 0 4.06
1639816740 22.61 91.21 0 4.065
1639816800 22.58 91.36 0 4.065
1639816860 22.56 91.51 0 4.06
1639816920 22.58 91.62 0 4.065
1639816980 22.51 91.74 0 4.06
1639817040 22.52 91.86 0 4.065
1639817100 22.51 91.9 0 4.06
1639817160 22.49 91.98 0 4.06
1639817220 22.49 92.1 0 4.06
1639817280 22.46 92.19 0 4.06
1639817340 22.46 92.26 0 4.06
1639817400 22.45 92.33 0 4.065
1639817460 22.49 92.41 0 4.065
1639817520 22.48 92.46 0 4.06
1639817580 22.48 92.58 0 4.06
1639817640 22.49 92.62 0 4.06
1639817700 22.52 92.66 0 4.065
1639817760 22.49 92.75 0 4.065
1639817820 22.51 92.81 0 4.06
1639817880 22.49 92.89 0 4.06
1639817940 22.51 92.92 0 4.06
1639818000 22.51 93.03 0 4.06
1639818060 22.49 93.06 0 4.06
1639818120 22.46 93.12 0 4.06
1639818180 22.45 93.17 0 4.06
1639818240 22.48 93.26 0 4.06
1639818300 22.48 93.28 0 4.06
1639818360 22.49 93.34 0 4.06
1639818420 22.51 93.4 0 4.06
1639818480 22.46 93.39 0 4.06
1639818540 22.46 93.48 0 4.06
1639818600 22.45 93.57 0 4.06
1639818660 22.51 93.54 0 4.06
1639818720 22.46 93.57 0 4.06
1639818780 22.41 93.65 0 4.065
1639818840 22.39 93.7 0 4.06
1639818900 22.42 93.73 0 4.06
1639818960 22.45 93.77 0 4.06
1639819020 22.44 93.76 0 4.06
1639819080 22.44 93.82 0 4.06
1639819140 22.49 93.84 0 4.065
1639819200 22.48 93.89 0 4.06
1639819260 22.45 93.89 0 4.06
1639819320 22.48 93.96 0 4.06
1639819380 22.46 93.99 0 4.06
1639819440 22.45 94.06 0 4.06
1639819500 22.44 94.08 0 4.06
1639819560 22.44 94.11 0 4.06
1639819620 22.46 94.15 0 4.065
1639819680 22.45 94.14 0 4.06
1639819740 22.42 94.19 0 4.06
1639819800 22.52 94.26 0 4.06
1639819860 22.52 94.27 0 4.06
1639819920 22.44 94.31 0 4.055
1639819980 22.46 94.35 0 4.06
1639820040 22.46 94.37 0 4.06
1639820100 22.49 94.39 0 4.06
1639820160 22.52 94.47 0 4.06
1639820220 22.51 94.46 0 4.06
1639820280 22.54 94.51 0 4.06
1639820340 22.51 94.56 0 4.06
1639820400 22.44 94.56 0 4.06
1639820460 22.41 94.56 0 4.06
1639820520 22.36 94.61 0 4.06
1639820580 22.36 94.64 0 4.06
1639820640 22.31 94.64 0 4.06
1639820700 22.32 94.65 0 4.06
1639820760 22.32 94.69 0 4.06
1639820820 22.31 94.71 0 4.06
1639820880 22.3 94.74 0 4.06
1639820940 22.31 94.72 0 4.06
1639821000 22.3 94.78 0 4.06
1639821060 22.35 94.76 0 4.06
1639821120 22.34 94.79 0 4.06
1639821180 22.34 94.83 0 4.06
1639821240 22.31 94.85 0 4.06
1639821300 22.3 94.88 0 4.06
1639821360 22.27 94.87 0 4.06
1639821420 22.28 94.93 0 4.06
1639821480 22.21 94.9 0 4.06
1639821540 22.24 94.95 0 4.065
1639821600 22.18 94.93 0 4.06
1639821660 22.18 94.94 0 4.06
1639821720 22.14 94.96 0 4.06
1639821780 22.15 95 0 4.06
1639821840 22.16 94.97 0 4.06
1639821900 22.12 95.02 0 4.06
1639821960 22.1 95 0 4.06
1639822020 22.1 95.06 0 4.06
1639822080 22.11 95.06 0 4.06
1639822140 22.11 95.12 0 4.06
1639822200 22.1 95.04 0 4.06
1639822260 22.11 95.11 0 4.06
1639822320 22.16 95.1 0 4.06
1639822380 22.24 95.14 0 4.06
1639822440 22.28 95.15 0 4.06
1639822500 22.24 95.18 0 4.06
1639822560 22.25 95.16 0 4.065
1639822620 22.24 95.15 0 4.06
1639822680 22.24 95.2 0 4.06
1639822740 22.24 95.22 0 4.06
1639822800 22.3 95.23 0 4.06
1639822860 22.28 95.25 0 4.06
1639822920 22.25 95.28 0 4.06
1639822980 22.22 95.27 0 4.06
1639823040 22.27 95.29 0 4.06
1639823100 22.25 95.3 0 4.06
1639823160 22.19 95.32 0 4.06
1639823220 22.15 95.32 0 4.06
1639823280 22.15 95.3 0 4.06
1639823340 22.16 95.32 0 4.06
1639823400 22.15 95.35 0 4.06
1639823460 22.1 95.32 0 4.06
1639823520 22.04 95.32 0 4.06
1639823580 22.05 95.34 0 4.06
1639823640 22.14 95.35 0 4.06
1639823700 22.18 95.34 0 4.06
1639823760 22.15 95.36 0 4.06
1639823820 22.11 95.39 0 4.06
1639823880 22.07 95.33 0 4.06
1639823940 22.04 95.38 0 4.06
1639824000 21.97 95.39 0 4.06
1639824060 21.94 95.37 0 4.055
1639824120 21.91 95.38 0 4.06
1639824180 21.91 95.42 0 4.06
1639824240 21.87 95.41 0 4.06
1639824300 21.83 95.39 0 4.06
1639824360 21.81 95.37 0 4.06
1639824420 21.79 95.4 0 4.06
1639824480 21.77 95.39 0 4.06
1639824540 21.73 95.35 0 4.06
1639824600 21.71 95.34 0 4.06
1639824660 21.71 95.38 0 4.06
1639824720 21.76 95.37 0 4.06
1639824780 21.68 95.35 0 4.06
1639824840 21.7 95.37 0 4.06
1639824900 21.64 95.34 0 4.06
1639824960 21.64 95.33 0 4.06
1639825020 21.67 95.33 0 4.06
1639825080 21.65 95.31 0 4.06
1639825140 21.63 95.33 0 4.06
1639825200 21.61 95.35 0 4.06
1639825260 21.56 95.31 0 4.06
1639825320 21.57 95.32 0 4.055
1639825380 21.53 95.27 0 4.055
1639825440 21.53 95.28 0 4.06
1639825500 21.52 95.29 0 4.06
1639825560 21.49 95.31 0 4.06
1639825620 21.43 95.27 0 4.06
1639825680 21.34 95.25 0 4.06
1639825740 21.3 95.28 0 4.06
1639825800 21.28 95.24 0 4.06
1639825860 21.29 95.26 0 4.06
1639825920 21.32 95.22 0 4.06
1639825980 21.36 95.22 0 4.06
1639826040 21.39 95.22 0 4.06
1639826100 21.36 95.21 0 4.06
1639826160 21.39 95.17 0 4.06
1639826220 21.37 95.17 0 4.06
1639826280 21.4 95.16 0 4.06
1639826340 21.44 95.12 0 4.06
1639826400 21.42 95.11 4 4.06
1639826460 21.42 95.09 0 4.06
1639826520 21.44 95.01 0 4.06
1639826580 21.49 95.01 0 4.06
1639826640 21.47 94.99 4 4.06
1639826700 21.46 94.95 0 4.06
1639826760 21.54 94.93 0 4.06
1639826820 21.56 94.87 4 4.06
1639826880 21.6 94.89 4 4.06
1639826940 21.58 94.83 4 4.06
1639827000 21.54 94.79 4 4.06
1639827060 21.5 94.75 4 4.06
1639827120 21.56 94.7 4 4.06
1639827180 21.58 94.66 4 4.055
1639827240 21.58 94.61 4 4.06
1639827300 21.56 94.52 4 4.06
1639827360 21.61 94.48 4 4.06
1639827420 21.6 94.45 10 4.06
1639827480 21.64 94.35 10 4.055
1639827540 21.61 94.3 10 4.06
1639827600 21.63 94.25 4 4.06
1639827660 21.64 94.15 10 4.06
1639827720 21.65 94.13 10 4.06
1639827780 21.63 94.05 10 4.06
1639827840 21.65 93.97 10 4.06
1639827900 21.65 93.91 10 4.055
1639827960 21.67 93.84 10 4.055
1639828020 21.65 93.8 10 4.055
1639828080 21.67 93.7 10 4.055
1639828140 21.67 93.61 10 4.06
1639828200 21.68 93.55 10 4.06
1639828260 21.76 93.45 10 4.055
1639828320 21.8 93.38 16 4.055
1639828380 21.8 93.3 16 4.06
1639828440 21.83 93.17 16 4.055
1639828500 21.88 93.12 22 4.055
1639828560 21.95 93.05 16 4.06
1639828620 21.97 92.95 22 4.06
1639828680 21.94 92.94 28 4.055
1639828740 21.95 92.86 28 4.06
1639828800 21.93 92.84 34 4.06
1639828860 21.88 92.78 40 4.055
1639828920 21.87 92.66 46 4.055
1639828980 21.9 92.6 52 4.055
1639829040 21.93 92.52 58 4.055
1639829100 21.98 92.43 58 4.06
1639829160 22.03 92.38 64 4.06
1639829220 22.05 92.27 64 4.055
1639829280 22.04 92.19 70 4.06
1639829340 22.08 92.09 70 4.06
1639829400 22.12 91.97 76 4.055
1639829460 22.16 91.84 76 4.06
1639829520 22.21 91.78 76 4.06
1639829580 22.22 91.64 82 4.06
1639829640 22.34 91.55 82 4.06
1639829700 22.36 91.46 82 4.06
1639829760 22.39 91.39 88 4.06
1639829820 22.45 91.24 82 4.06
1639829880 22.52 91.15 82 4.055
1639829940 22.52 91.09 82 4.055
1639830000 22.61 91.03 88 4.06
1639830060 22.52 90.92 88 4.06
1639830120 22.58 90.8 88 4.06
1639830180 22.69 90.81 94 4.055
1639830240 22.68 90.72 94 4.06
1639830300 22.69 90.6 94 4.055
1639830360 22.76 90.53 94 4.06
1639830420 22.78 90.46 94 4.06
1639830480 22.82 90.4 100 4.06
1639830540 22.89 90.27 100 4.06
1639830600 22.96 90.25 94 4.06
1639830660 22.97 90.13 94 4.055
1639830720 23.03 90.02 94 4.044
1639830780 23.12 89.89 94 4.055
1639830840 23.16 89.83 94 4.06
1639830900 23.14 89.77 94 4.06
1639830960 23.19 89.74 94 4.055
1639831020 23.07 89.64 94 4.055
1639831080 23.05 89.63 94 4.06
1639831140 23.1 89.68 94 4.06
1639831200 23.14 89.68 100 4.06
1639831260 23.13 89.64 124 4.06
1639831320 23.14 89.5 112 4.06
1639831380 23.23 89.43 100 4.06
1639831440 23.3 89.32 106 4.06
1639831500 23.27 89.2 106 4.06
1639831560 23.43 89.09 106 4.06
1639831620 23.41 89.01 94 4.049
1639831680 23.4 88.83 94 4.055
1639831740 23.4 88.7 100 4.055
1639831800 23.43 88.64 94 4.055
1639831860 23.44 88.55 106 4.055
1639831920 23.47 88.5 118 4.06
1639831980 23.5 88.51 100 4.055
1639832040 23.54 88.51 94 4.06
1639832100 23.46 88.47 88 4.055
1639832160 23.47 88.42 94 4.055
1639832220 23.46 88.31 94 4.055
1639832280 23.57 88.29 94 4.06
1639832340 23.6 88.28 94 4.055
1639832400 23.63 88.23 94 4.055
1639832460 23.57 88.22 94 4.055
1639832520 23.64 88.22 94 4.055
1639832580 23.68 88.22 94 4.055
1639832640 23.72 88.19 94 4.06
1639832700 23.67 88.15 94 4.055
1639832760 23.6 88.09 94 4.055
1639832820 23.6 87.93 94 4.06
1639832880 23.63 87.83 94 4.06
1639832940 23.65 87.75 94 4.06
1639833000 23.7 87.69 94 4.06
1639833060 23.72 87.63 94 4.055
1639833120 23.75 87.71 100 4.055
1639833180 23.81 87.71 100 4.06
1639833240 23.8 87.7 100 4.06
1639833300 23.81 87.7 106 4.06
1639833360 23.87 87.71 106 4.055
1639833420 23.87 87.68 112 4.055
1639833480 23.87 87.67 112 4.055
1639833540 23.82 87.65 118 4.055
1639833600 23.87 87.64 124 4.06
1639833660 23.82 87.64 124 4.06
1639833720 23.84 87.66 131 4.06
1639833780 23.91 87.63 137 4.06
1639833840 23.94 87.66 137 4.055
1639833900 23.98 87.62 143 4.06
1639833960 24.04 87.62 143 4.06
1639834020 24.08 87.68 149 4.06
1639834080 24.11 87.67 155 4.06
1639834140 24.16 87.63 155 4.06
1639834200 24.21 87.59 155 4.06
1639834260 24.23 87.54 161 4.06
1639834320 24.28 87.5 165 4.06
1639834380 24.32 87.47 189 4.06
1639834440 24.36 87.39 231 4.065
1639834500 24.45 87.33 219 4.06
1639834560 24.56 87.25 243 4.065
1639834620 24.61 87.11 219 4.06
1639834680 24.73 87.08 207 4.065
1639834740 24.87 86.92 225 4.06
1639834800 24.9 86.8 213 4.065
1639834860 24.91 86.69 213 4.065
1639834920 24.96 86.53 219 4.065
1639834980 24.97 86.37 225 4.065
1639835040 25.04 86.23 213 4.065
1639835100 25.09 86.05 225 4.065
1639835160 25.12 85.76 219 4.065
1639835220 24.91 85.56 219 4.065
1639835280 24.9 85.41 231 4.065
1639835340 24.93 85.31 237 4.065
1639835400 25.06 85.23 237 4.065
1639835460 25.18 85.11 239 4.065
1639835520 25.24 85.07 243 4.065
1639835580 25.18 84.83 256 4.071
1639835640 25.24 84.67 256 4.065
1639835700 25.17 84.43 249 4.065
1639835760 25.26 84.27 239 4.071
1639835820 25.33 84.06 225 4.065
1639835880 25.4 83.94 233 4.071
1639835940 25.44 83.8 225 4.071
1639836000 25.34 83.62 225 4.065
1639836060 25.37 83.55 231 4.065
1639836120 25.38 83.36 231 4.065
1639836180 25.37 83.21 213 4.071
1639836240 25.37 83 207 4.065
1639836300 25.42 82.89 201 4.065
1639836360 25.6 82.79 197 4.065
1639836420 25.68 82.67 197 4.065
1639836480 25.71 82.51 197 4.065
1639836540 25.71 82.38 197 4.065
1639836600 25.72 82.27 197 4.065
1639836660 25.63 82.12 197 4.071
1639836720 25.64 82.01 197 4.065
1639836780 25.44 81.74 207 4.065
1639836840 25.42 81.6 221 4.065
1639836900 25.4 81.45 207 4.065
1639836960 25.52 81.38 179 4.065
1639837020 25.61 81.27 185 4.06
1639837080 25.64 81.18 161 4.065
1639837140 25.68 81.14 167 4.065
1639837200 25.72 81.03 197 4.065
1639837260 25.79 80.99 243 4.065
1639837320 25.92 80.96 292 4.071
1639837380 26.02 80.77 274 4.065
1639837440 26.06 80.55 239 4.071
1639837500 26.18 80.37 274 4.071
1639837560 26.3 80.24 268 4.076
1639837620 26.4 80.02 292 4.071
1639837680 26.5 79.81 304 4.076
1639837740 26.57 79.54 286 4.071
1639837800 26.56 79.26 287 4.076
1639837860 26.66 79.09 280 4.071
1639837920 26.79 78.88 256 4.071
1639837980 26.89 78.68 334 4.071
1639838040 26.72 78.45 280 4.071
1639838100 26.84 78.33 262 4.071
1639838160 26.87 78.16 239 4.071
1639838220 27 77.96 239 4.071
1639838280 26.94 77.63 239 4.071
1639838340 26.9 77.36 227 4.071
1639838400 26.9 77.13 227 4.071
1639838460 26.96 76.96 227 4.071
1639838520 27.03 76.72 233 4.071
1639838580 26.98 76.56 239 4.071
1639838640 26.76 76.31 243 4.076
1639838700 26.82 76.18 257 4.076
1639838760 26.82 76.06 274 4.076
1639838820 26.79 75.87 280 4.071
1639838880 26.91 75.7 299 4.076
1639838940 27.01 75.55 316 4.076
1639839000 27.08 75.36 316 4.076
1639839060 27.17 75.13 340 4.076
1639839120 27.31 75.08 316 4.076
1639839180 27.47 74.9 299 4.076
1639839240 27.51 74.69 298 4.076
1639839300 27.49 74.52 293 4.076
1639839360 27.38 74.28 293 4.076
1639839420 27.37 74.05 281 4.076
1639839480 27.27 73.85 281 4.076
1639839540 27.08 73.69 281 4.082
1639839600 27 73.58 281 4.082
1639839660 27.07 73.44 287 4.076
1639839720 27.04 73.34 299 4.076
1639839780 26.94 73.22 316 4.076
1639839840 27.11 73.2 316 4.076
1639839900 27.05 73.01 316 4.082
1639839960 27.17 72.94 310 4.082
1639840020 27.25 72.83 323 4.082
1639840080 27.49 72.66 316 4.082
1639840140 27.49 72.41 310 4.076
1639840200 27.37 72.21 316 4.082
1639840260 27.33 72.08 293 4.082
1639840320 27.24 71.88 227 4.076
1639840380 27.21 71.79 221 4.076
1639840440 27.17 71.69 209 4.076
1639840500 27 71.57 215 4.076
1639840560 26.96 71.56 209 4.076
1639840620 26.79 71.55 203 4.071
1639840680 26.74 71.55 197 4.076
1639840740 26.67 71.61 197 4.076
1639840800 26.57 71.65 197 4.076
1639840860 26.39 71.72 197 4.076
1639840920 26.22 71.97 209 4.076
1639840980 26.06 72.12 215 4.076
1639841040 25.88 72.38 221 4.076
1639841100 25.74 72.63 227 4.082
1639841160 25.69 72.88 239 4.076
1639841220 25.72 73.17 257 4.076
1639841280 25.72 73.4 263 4.082
1639841340 25.68 73.61 251 4.082
1639841400 25.65 73.8 239 4.082
1639841460 25.64 73.99 227 4.082
1639841520 25.57 74.16 227 4.076
1639841580 25.54 74.28 221 4.076
1639841640 25.58 74.45 227 4.076
1639841700 25.69 74.62 245 4.076
1639841760 25.71 74.75 251 4.082
1639841820 25.74 74.8 263 4.082
1639841880 25.68 74.88 269 4.082
1639841940 25.77 74.92 269 4.076
1639842000 25.75 75.02 239 4.082
1639842060 25.72 74.98 215 4.082
1639842120 25.74 75.01 203 4.082
1639842180 25.81 75.01 185 4.076
1639842240 25.75 74.99 185 4.076
1639842300 25.72 75.03 185 4.076
1639842360 25.79 75.05 179 4.076
1639842420 25.84 75.03 179 4.076
1639842480 25.77 74.99 173 4.076
1639842540 25.74 75.02 161 4.076
1639842600 25.69 75.06 143 4.076
1639842660 25.57 75.05 124 4.076
1639842720 25.61 75.03 124 4.071
1639842780 25.61 75.05 137 4.076
1639842840 25.57 75.01 149 4.076
1639842900 25.49 74.98 173 4.076
1639842960 25.45 74.98 203 4.082
1639843020 25.4 75.03 233 4.082
1639843080 25.42 75.09 245 4.082
1639843140 25.42 75.14 185 4.082
1639843200 25.37 75.12 149 4.076
1639843260 25.38 75.18 137 4.076
1639843320 25.48 75.28 131 4.071
1639843380 25.47 75.26 124 4.076
1639843440 25.38 75.31 118 4.071
1639843500 25.3 75.3 118 4.076
1639843560 25.24 75.28 118 4.076
1639843620 25.14 75.32 112 4.076
1639843680 25.1 75.35 112 4.071
1639843740 24.98 75.41 112 4.076
1639843800 24.96 75.53 118 4.076
1639843860 24.94 75.63 118 4.071
1639843920 24.91 75.75 124 4.076
1639843980 24.89 75.82 124 4.076
1639844040 24.87 75.93 137 4.076
1639844100 24.94 76.05 143 4.076
1639844160 24.9 76.1 155 4.076
1639844220 24.9 76.1 161 4.071
1639844280 24.91 76.14 179 4.071
1639844340 24.87 76.2 203 4.076
1639844400 24.93 76.26 239 4.082
1639844460 25 76.34 245 4.076
1639844520 25.02 76.38 245 4.082
1639844580 25.13 76.46 275 4.082
1639844640 25.16 76.4 323 4.082
1639844700 25.26 76.36 347 4.087
1639844760 25.4 76.28 353 4.087
1639844820 25.51 76.25 347 4.087
1639844880 25.67 76.11 323 4.087
1639844940 25.74 75.99 275 4.087
1639845000 25.82 75.9 257 4.082
1639845060 25.92 75.83 275 4.087
1639845120 25.99 75.77 281 4.082
1639845180 26.08 75.66 269 4.082
1639845240 26.11 75.54 257 4.082
1639845300 26.05 75.46 239 4.082
1639845360 26.03 75.33 233 4.082
1639845420 26.03 75.2 245 4.082
1639845480 26.02 75.1 384 4.087
1639845540 26.06 75.01 347 4.087
1639845600 26.08 74.94 287 4.087
1639845660 26.12 74.91 275 4.087
1639845720 26.18 74.9 263 4.087
1639845780 26.28 74.85 251 4.082
1639845840 26.38 74.74 239 4.082
1639845900 26.44 74.62 227 4.087
1639845960 26.47 74.52 233 4.082
1639846020 26.4 74.39 239 4.082
1639846080 26.44 74.31 251 4.082
1639846140 26.32 74.13 233 4.087
1639846200 26.23 74 251 4.087
1639846260 26.16 73.93 233 4.082
1639846320 26.14 73.87 221 4.087
1639846380 26.03 73.82 221 4.082
1639846440 25.98 73.77 203 4.087
1639846500 25.99 73.67 191 4.082
1639846560 25.99 73.69 227 4.087
1639846620 25.93 73.64 311 4.087
1639846680 25.93 73.62 396 4.087
1639846740 26.02 73.62 396 4.092
1639846800 26.08 73.57 408 4.092
1639846860 26.11 73.58 347 4.087
1639846920 26.22 73.52 347 4.087
1639846980 26.28 73.46 396 4.092
1639847040 26.38 73.38 450 4.092
1639847100 26.49 73.26 499 4.098
1639847160 26.56 73.14 533 4.082
1639847220 26.63 73.06 524 4.098
1639847280 26.77 72.98 545 4.082
1639847340 26.84 72.8 403 4.092
1639847400 26.91 72.66 390 4.098
1639847460 26.96 72.47 463 4.098
1639847520 27.03 72.37 557 4.082
1639847580 27.04 72.16 700 4.082
1639847640 27.25 72 498 4.098
1639847700 27.38 71.84 737 4.082
1639847760 27.49 71.67 754 4.076
1639847820 27.61 71.48 487 4.092
1639847880 27.62 71.21 341 4.092
1639847940 27.69 71.09 311 4.092
1639848000 27.81 70.92 311 4.092
1639848060 27.86 70.71 311 4.087
1639848120 27.72 70.53 311 4.092
1639848180 27.61 70.37 317 4.092
1639848240 27.45 70.17 329 4.092
1639848300 27.3 70.02 341 4.092
1639848360 27.13 69.86 329 4.092
1639848420 26.93 69.82 323 4.092
1639848480 26.8 69.83 323 4.092
1639848540 26.87 69.88 347 4.092
1639848600 26.83 69.92 445 4.098
1639848660 26.73 69.93 515 4.082
1639848720 26.7 69.94 1200 4.082
1639848780 26.82 70 1266 4.082
1639848840 27.17 70.13 590 4.103
1639848900 27.33 70.12 408 4.098
1639848960 27.64 70.12 367 4.098
1639849020 27.84 70.07 317 4.092
1639849080 27.62 69.9 311 4.092
1639849140 27.69 69.81 287 4.092
1639849200 27.54 69.72 293 4.092
1639849260 27.37 69.65 299 4.092
1639849320 27.14 69.55 281 4.092
1639849380 27.08 69.57 257 4.092
1639849440 27.1 69.59 233 4.087
1639849500 27.11 69.6 239 4.087
1639849560 27.2 69.61 263 4.092
1639849620 27.25 69.58 287 4.092
1639849680 27.13 69.48 299 4.092
1639849740 27.04 69.43 325 4.092
1639849800 26.96 69.4 317 4.092
1639849860 26.97 69.44 317 4.098
1639849920 27.01 69.5 311 4.092
1639849980 27.08 69.54 275 4.092
1639850040 27.04 69.52 293 4.092
1639850100 27.1 69.59 347 4.098
1639850160 27.11 69.58 329 4.092
1639850220 27.21 69.54 1153 4.082
1639850280 27.28 69.51 438 4.092
1639850340 27.49 69.46 281 4.092
1639850400 27.41 69.43 719 4.087
1639850460 27.44 69.43 245 4.087
1639850520 27.33 69.37 215 4.087
1639850580 27.21 69.35 203 4.092
1639850640 27.04 69.36 197 4.092
1639850700 27.05 69.41 197 4.087
1639850760 27 69.45 197 4.087
1639850820 26.87 69.55 191 4.087
1639850880 26.8 69.55 185 4.087
1639850940 26.66 69.56 197 4.087
1639851000 26.56 69.62 215 4.087
1639851060 26.59 69.68 251 4.092
1639851120 26.64 69.77 257 4.092
1639851180 26.66 69.82 275 4.092
1639851240 26.72 69.86 275 4.098
1639851300 26.79 69.88 269 4.092
1639851360 26.91 69.96 275 4.098
1639851420 26.89 70.03 317 4.092
1639851480 26.9 70.12 233 4.092
1639851540 26.91 70.13 269 4.092
1639851600 26.83 70.14 1075 4.087
1639851660 26.86 70.24 1019 4.087
1639851720 27.01 70.28 311 4.098
1639851780 27.33 70.36 287 4.092
1639851840 27.52 70.35 600 4.087
1639851900 27.68 70.37 456 4.082
1639851960 27.78 70.29 774 4.082
1639852020 27.79 70.19 1123 4.082
1639852080 27.92 70.01 810 4.082
1639852140 28.05 69.91 1109 4.087
1639852200 28.06 69.73 923 4.082
1639852260 28.09 69.56 457 4.098
1639852320 28.18 69.4 536 4.098
1639852380 28.37 69.25 689 4.087
1639852440 28.42 69.06 798 4.087
1639852500 28.36 68.88 641 4.087
1639852560 28.51 68.67 463 4.098
1639852620 28.69 68.41 433 4.092
1639852680 28.81 68.2 397 4.098
1639852740 28.6 67.97 415 4.098
1639852800 28.54 67.84 307 4.092
1639852860 28.53 67.68 305 4.092
1639852920 28.33 67.53 317 4.098
1639852980 28.2 67.43 287 4.098
1639853040 28.15 67.37 263 4.098
1639853100 28.03 67.35 263 4.092
1639853160 27.79 67.31 263 4.098
1639853220 27.56 67.3 269 4.092
1639853280 27.4 67.39 301 4.098
1639853340 27.35 67.55 325 4.098
1639853400 27.34 67.66 361 4.098
1639853460 27.33 67.83 456 4.087
1639853520 27.34 67.94 371 4.098
1639853580 27.44 68.09 403 4.098
1639853640 27.49 68.18 409 4.092
1639853700 27.48 68.22 337 4.098
1639853760 27.4 68.27 277 4.092
1639853820 27.47 68.34 283 4.092
1639853880 27.48 68.35 283 4.098
1639853940 27.37 68.32 275 4.098
1639854000 27.24 68.36 265 4.098
1639854060 27.1 68.38 263 4.098
1639854120 27.13 68.41 265 4.092
1639854180 27.04 68.5 271 4.098
1639854240 26.96 68.57 289 4.098
1639854300 26.96 68.67 301 4.098
1639854360 27.05 68.81 305 4.098
1639854420 27.15 68.89 343 4.098
1639854480 27.33 68.95 996 4.087
1639854540 27.34 68.97 1002 4.087
1639854600 27.44 68.98 570 4.087
1639854660 27.61 68.99 474 4.087
1639854720 27.79 68.96 251 4.092
1639854780 27.88 68.91 209 4.098
1639854840 27.86 68.8 221 4.092
1639854900 27.64 68.68 265 4.098
1639854960 27.52 68.6 305 4.098
1639855020 27.4 68.53 355 4.098
1639855080 27.34 68.52 396 4.087
1639855140 27.34 68.47 624 4.087
1639855200 27.4 68.49 474 4.087
1639855260 27.28 68.48 480 4.087
1639855320 27.31 68.39 331 4.098
1639855380 27.47 68.41 295 4.098
1639855440 27.61 68.34 301 4.098
1639855500 27.44 68.26 331 4.098
1639855560 27.27 68.22 426 4.092
1639855620 27.21 68.22 894 4.092
1639855680 27.2 68.19 900 4.087
1639855740 27.33 68.24 1004 4.087
1639855800 27.71 68.25 852 4.087
1639855860 27.82 68.21 834 4.087
1639855920 28.2 68.12 451 4.092
1639855980 28.12 67.96 403 4.103
1639856040 28.15 67.87 361 4.098
1639856100 28.03 67.76 295 4.098
1639856160 27.84 67.69 252 4.098
1639856220 27.84 67.68 259 4.098
1639856280 27.75 67.67 289 4.098
1639856340 27.65 67.62 325 4.098
1639856400 27.48 67.6 331 4.098
1639856460 27.27 67.62 319 4.103
1639856520 27.21 67.66 301 4.103
1639856580 27.13 67.74 313 4.098
1639856640 27.18 67.86 325 4.103
1639856700 27.17 67.92 307 4.098
1639856760 27.13 68.04 246 4.098
1639856820 27.14 68.16 222 4.098
1639856880 27.1 68.36 234 4.098
1639856940 27.04 68.49 265 4.098
1639857000 27.1 68.64 301 4.098
1639857060 27.04 68.71 295 4.103
1639857120 26.97 68.84 271 4.103
1639857180 26.93 68.97 246 4.098
1639857240 26.76 69.08 240 4.098
1639857300 26.8 69.2 240 4.103
1639857360 26.83 69.36 234 4.098
1639857420 26.73 69.44 228 4.103
1639857480 26.79 69.5 228 4.103
1639857540 26.83 69.61 228 4.098
1639857600 26.77 69.69 228 4.098
1639857660 26.74 69.81 222 4.103
1639857720 26.7 69.91 222 4.098
1639857780 26.72 70.06 210 4.103
1639857840 26.79 70.2 204 4.098
1639857900 26.72 70.27 186 4.098
1639857960 26.72 70.4 174 4.098
1639858020 26.59 70.49 156 4.098
1639858080 26.59 70.58 132 4.092
1639858140 26.49 70.65 132 4.098
1639858200 26.44 70.81 137 4.098
1639858260 26.38 70.85 138 4.098
1639858320 26.3 71.04 150 4.098
1639858380 26.22 71.15 174 4.098
1639858440 26.25 71.27 204 4.103
1639858500 26.28 71.41 210 4.098
1639858560 26.26 71.52 210 4.103
1639858620 26.29 71.63 210 4.098
1639858680 26.36 71.77 216 4.098
1639858740 26.35 71.86 228 4.098
1639858800 26.26 71.96 240 4.103
1639858860 26.21 72.02 246 4.098
1639858920 26.25 72.12 222 4.103
1639858980 26.29 72.21 192 4.103
1639859040 26.29 72.24 162 4.103
1639859100 26.35 72.24 131 4.098
1639859160 26.35 72.28 126 4.098
1639859220 26.3 72.32 131 4.098
1639859280 26.35 72.34 132 4.098
1639859340 26.28 72.35 144 4.098
1639859400 26.19 72.33 150 4.098
1639859460 26.18 72.3 144 4.098
1639859520 26.32 72.41 138 4.092
1639859580 26.35 72.46 144 4.098
1639859640 26.26 72.44 156 4.098
1639859700 26.22 72.39 162 4.098
1639859760 26.22 72.39 144 4.098
1639859820 26.28 72.42 144 4.098
1639859880 26.28 72.45 162 4.098
1639859940 26.4 72.53 168 4.098
1639860000 26.32 72.45 174 4.098
1639860060 26.28 72.45 174 4.098
1639860120 26.25 72.52 180 4.098
1639860180 26.28 72.5 174 4.103
1639860240 26.25 72.49 156 4.103
1639860300 26.18 72.52 156 4.098
1639860360 26.16 72.57 156 4.098
1639860420 26.23 72.62 162 4.098
1639860480 26.26 72.64 168 4.098
1639860540 26.23 72.62 174 4.103
1639860600 26.23 72.6 174 4.098
1639860660 26.19 72.6 162 4.103
1639860720 26.22 72.62 144 4.098
1639860780 26.18 72.54 126 4.098
1639860840 26.08 72.47 114 4.098
1639860900 26.06 72.49 114 4.098
1639860960 26.06 72.49 132 4.098
1639861020 26.02 72.43 149 4.098
1639861080 26.02 72.39 156 4.098
1639861140 26.03 72.37 138 4.098
1639861200 26.02 72.37 144 4.098
1639861260 26.08 72.32 156 4.098
1639861320 26.03 72.31 180 4.098
1639861380 26.09 72.3 204 4.103
1639861440 26.08 72.24 222 4.103
1639861500 26.19 72.29 240 4.108
1639861560 26.26 72.25 259 4.103
1639861620 26.36 72.21 271 4.108
1639861680 26.43 72.13 271 4.103
1639861740 26.54 72.05 265 4.103
1639861800 26.62 71.96 277 4.108
1639861860 26.74 71.82 271 4.108
1639861920 26.73 71.62 277 4.103
1639861980 26.74 71.54 252 4.108
1639862040 26.79 71.34 234 4.103
1639862100 26.87 71.21 240 4.103
1639862160 26.83 71 252 4.108
1639862220 26.84 70.89 259 4.103
1639862280 26.79 70.76 252 4.103
1639862340 26.79 70.59 252 4.108
1639862400 26.76 70.49 246 4.103
1639862460 26.8 70.42 240 4.108
1639862520 26.8 70.27 228 4.103
1639862580 26.84 70.17 216 4.108
1639862640 26.9 70.05 180 4.103
1639862700 26.8 69.95 162 4.103
1639862760 26.73 69.86 156 4.103
1639862820 26.82 69.78 162 4.103
1639862880 26.82 69.67 168 4.103
1639862940 26.8 69.63 162 4.103
1639863000 26.8 69.57 150 4.103
1639863060 26.79 69.52 132 4.103
1639863120 26.72 69.46 120 4.103
1639863180 26.72 69.44 114 4.098
1639863240 26.69 69.39 102 4.098
1639863300 26.64 69.39 102 4.098
1639863360 26.64 69.4 96 4.098
1639863420 26.69 69.48 90 4.098
1639863480 26.64 69.51 90 4.098
1639863540 26.49 69.53 84 4.098
1639863600 26.42 69.6 78 4.098
1639863660 26.39 69.62 72 4.098
1639863720 26.36 69.72 66 4.098
1639863780 26.35 69.88 60 4.098
1639863840 26.35 69.96 54 4.098
1639863900 26.26 69.98 54 4.098
1639863960 26.22 70.08 54 4.098
1639864020 26.28 70.18 48 4.098
1639864080 26.28 70.31 54 4.098
1639864140 26.22 70.47 54 4.098
1639864200 26.19 70.58 54 4.098
1639864260 26.18 70.67 48 4.098
1639864320 26.16 70.74 48 4.098
1639864380 26.12 70.83 42 4.098
1639864440 26.08 70.89 42 4.098
1639864500 26.01 71.04 42 4.098
1639864560 25.95 71.26 42 4.098
1639864620 25.89 71.41 42 4.098
1639864680 25.85 71.58 42 4.098
1639864740 25.87 71.78 36 4.098
1639864800 25.85 71.91 42 4.098
1639864860 25.82 72.06 42 4.098
1639864920 25.81 72.23 42 4.092
1639864980 25.79 72.35 42 4.098
1639865040 25.84 72.46 42 4.098
1639865100 25.75 72.6 42 4.098
1639865160 25.74 72.66 42 4.092
1639865220 25.71 72.78 34 4.098
1639865280 25.72 72.92 36 4.098
1639865340 25.65 72.95 36 4.098
1639865400 25.63 73.06 36 4.098
1639865460 25.63 73.2 36 4.098
1639865520 25.56 73.28 36 4.092
1639865580 25.52 73.4 30 4.098
1639865640 25.51 73.42 28 4.098
1639865700 25.51 73.54 22 4.098
1639865760 25.51 73.63 24 4.092
1639865820 25.49 73.69 22 4.098
1639865880 25.47 73.83 22 4.098
1639865940 25.44 73.89 22 4.098
1639866000 25.4 73.97 24 4.098
1639866060 25.41 74.04 24 4.098
1639866120 25.38 74.1 22 4.092
1639866180 25.36 74.19 22 4.098
1639866240 25.34 74.25 22 4.092
1639866300 25.31 74.3 18 4.092
1639866360 25.3 74.37 18 4.098
1639866420 25.28 74.48 18 4.098
1639866480 25.28 74.54 16 4.092
1639866540 25.28 74.64 12 4.098
1639866600 25.24 74.68 12 4.092
1639866660 25.24 74.78 12 4.092
1639866720 25.21 74.85 10 4.092
1639866780 25.21 74.91 10 4.098
1639866840 25.18 74.98 10 4.092
1639866900 25.14 75.04 12 4.098
1639866960 25.14 75.06 4 4.098
1639867020 25.13 75.09 6 4.098
1639867080 25.1 75.12 6 4.098
1639867140 25.1 75.19 6 4.098
1639867200 25.07 75.19 10 4.098
1639867260 25.03 75.24 6 4.092
1639867320 25 75.31 6 4.092
1639867380 24.98 75.36 10 4.098
1639867440 24.98 75.37 6 4.092
1639867500 24.96 75.48 6 4.092
1639867560 24.96 75.58 6 4.098
1639867620 24.97 75.64 4 4.092
1639867680 24.97 75.7 4 4.092
1639867740 24.97 75.74 4 4.098
1639867800 24.97 75.84 4 4.098
1639867860 24.96 75.93 0 4.092
1639867920 24.97 76 4 4.098
1639867980 24.94 76.08 0 4.098
1639868040 24.93 76.15 0 4.098
1639868100 24.91 76.26 0 4.092
1639868160 24.89 76.34 0 4.098
1639868220 24.86 76.47 0 4.092
1639868280 24.82 76.6 0 4.098
1639868340 24.83 76.7 0 4.092
1639868400 24.86 76.8 0 4.092
1639868460 24.85 76.88 0 4.092
1639868520 24.83 77 0 4.092
1639868580 24.85 77.06 0 4.092
1639868640 24.85 77.1 0 4.092
1639868700 24.82 77.16 0 4.092
1639868760 24.85 77.22 0 4.092
1639868820 24.82 77.31 0 4.092
1639868880 24.77 77.38 0 4.092
1639868940 24.79 77.47 0 4.092
1639869000 24.79 77.54 0 4.092
1639869060 24.76 77.67 0 4.098
1639869120 24.77 77.79 0 4.092
1639869180 24.75 77.85 0 4.092
1639869240 24.7 77.92 0 4.092
1639869300 24.7 77.98 0 4.092
1639869360 24.72 78.04 0 4.092
1639869420 24.69 78.11 0 4.092
1639869480 24.69 78.18 0 4.092
1639869540 24.66 78.21 0 4.092
1639869600 24.65 78.26 0 4.092
1639869660 24.66 78.33 0 4.092
1639869720 24.63 78.37 0 4.092
1639869780 24.62 78.45 0 4.092
1639869840 24.61 78.53 0 4.092
1639869900 24.61 78.59 0 4.092
1639869960 24.56 78.66 0 4.092
1639870020 24.52 78.69 0 4.092
1639870080 24.56 78.75 0 4.092
1639870140 24.53 78.78 0 4.092
1639870200 24.53 78.86 0 4.092
1639870260 24.52 78.91 0 4.092
1639870320 24.53 78.92 0 4.092
1639870380 24.53 79.01 0 4.098
1639870440 24.52 79.05 0 4.092
1639870500 24.51 79.09 0 4.092
1639870560 24.52 79.18 0 4.092
1639870620 24.51 79.23 0 4.092
1639870680 24.49 79.28 0 4.098
1639870740 24.49 79.34 0 4.092
1639870800 24.48 79.51 0 4.092
1639870860 24.48 79.57 0 4.092
1639870920 24.42 79.66 0 4.092
1639870980 24.43 79.76 0 4.092
1639871040 24.39 79.83 0 4.092
1639871100 24.36 79.9 0 4.092
1639871160 24.35 80 0 4.092
1639871220 24.31 80.05 0 4.092
1639871280 24.28 80.11 0 4.092
1639871340 24.29 80.18 0 4.092
1639871400 24.23 80.26 0 4.092
1639871460 24.26 80.3 0 4.092
1639871520 24.25 80.38 0 4.092
1639871580 24.23 80.41 0 4.092
1639871640 24.23 80.49 0 4.092
1639871700 24.21 80.53 0 4.087
1639871760 24.22 80.64 0 4.098
1639871820 24.18 80.73 0 4.092
1639871880 24.18 80.79 0 4.092
1639871940 24.14 80.89 0 4.092
1639872000 24.12 81 0 4.092
1639872060 24.1 81.05 0 4.092
1639872120 24.05 81.1 0 4.092
1639872180 24.05 81.19 0 4.087
1639872240 24.04 81.27 0 4.092
1639872300 24.01 81.34 0 4.092
1639872360 24.01 81.38 0 4.092
1639872420 24 81.42 0 4.092
1639872480 23.95 81.46 0 4.092
1639872540 23.98 81.57 0 4.092
1639872600 23.97 81.63 0 4.092
1639872660 23.97 81.68 0 4.092
1639872720 23.94 81.69 0 4.092
1639872780 23.94 81.73 0 4.092
1639872840 23.97 81.79 0 4.092
1639872900 23.98 81.84 0 4.092
1639872960 23.97 81.86 0 4.092
1639873020 23.97 81.9 0 4.087
1639873080 23.97 81.91 0 4.092
1639873140 23.95 81.94 0 4.092
1639873200 23.98 81.93 0 4.087
1639873260 23.95 81.91 0 4.092
1639873320 24 81.97 0 4.092
1639873380 23.98 81.95 0 4.092
1639873440 23.98 81.98 0 4.092
1639873500 23.98 82.02 0 4.092
1639873560 23.95 82.02 0 4.092
1639873620 23.94 82.05 0 4.092
1639873680 23.94 82.02 0 4.087
1639873740 23.95 82.07 0 4.092
1639873800 23.95 82.02 0 4.092
1639873860 23.94 82.04 0 4.092
1639873920 23.91 82.03 0 4.087
1639873980 23.91 82.08 0 4.092
1639874040 23.92 82.08 0 4.087
1639874100 23.97 82.09 0 4.092
1639874160 23.97 82.07 0 4.087
1639874220 23.98 82.07 0 4.092
1639874280 23.97 82.09 0 4.092
1639874340 24 82.11 0 4.092
1639874400 24 82.11 0 4.092
1639874460 24.01 82.13 0 4.092
1639874520 24 82.11 0 4.092
1639874580 24.02 82.15 0 4.087
1639874640 24 82.2 0 4.092
1639874700 24 82.22 0 4.092
1639874760 23.98 82.25 0 4.092
1639874820 23.97 82.32 0 4.087
1639874880 23.94 82.3 0 4.092
1639874940 23.94 82.34 0 4.092
1639875000 23.94 82.35 0 4.092
1639875060 23.94 82.4 0 4.092
1639875120 23.94 82.44 0 4.092
1639875180 23.91 82.49 0 4.087
1639875240 23.89 82.49 0 4.087
1639875300 23.89 82.56 0 4.087
1639875360 23.88 82.54 0 4.087
1639875420 23.89 82.63 0 4.092
1639875480 23.89 82.63 0 4.092
1639875540 23.89 82.65 0 4.092
1639875600 23.92 82.69 0 4.092
1639875660 23.95 82.66 0 4.087
1639875720 23.94 82.69 0 4.087
1639875780 23.94 82.72 0 4.087
1639875840 23.91 82.67 0 4.092
1639875900 23.92 82.71 0 4.087
1639875960 23.87 82.73 0 4.087
1639876020 23.89 82.76 0 4.087
1639876080 23.87 82.78 0 4.092
1639876140 23.84 82.81 0 4.092
1639876200 23.85 82.82 0 4.087
1639876260 23.81 82.85 0 4.092
1639876320 23.81 82.92 0 4.092
1639876380 23.78 82.94 0 4.087
1639876440 23.75 83.02 0 4.087
1639876500 23.74 83.07 0 4.092
1639876560 23.74 83.15 0 4.087
1639876620 23.71 83.16 0 4.087
1639876680 23.71 83.22 0 4.087
1639876740 23.7 83.27 0 4.087
1639876800 23.72 83.35 0 4.087
1639876860 23.71 83.41 0 4.087
1639876920 23.67 83.42 0 4.087
1639876980 23.67 83.46 0 4.087
1639877040 23.67 83.5 0 4.087
1639877100 23.67 83.53 0 4.087
1639877160 23.65 83.53 0 4.092
1639877220 23.68 83.57 0 4.087
1639877280 23.64 83.6 0 4.087
1639877340 23.64 83.62 0 4.087
1639877400 23.64 83.64 0 4.087
1639877460 23.61 83.64 0 4.087
1639877520 23.63 83.66 0 4.087
1639877580 23.61 83.68 0 4.087
1639877640 23.6 83.73 0 4.087
1639877700 23.61 83.74 0 4.087
1639877760 23.59 83.73 0 4.092
1639877820 23.6 83.76 0 4.087
1639877880 23.59 83.77 0 4.092
1639877940 23.59 83.82 0 4.087
1639878000 23.61 83.85 0 4.087
1639878060 23.57 83.85 0 4.087
1639877220 23.68 83.57 0 4.087
1639877280 23.64 83.6 0 4.087
1639877340 23.64 83.62 0 4.087
1639877400 23.64 83.64 0 4.087
1639877460 23.61 83.64 0 4.087
1639877520 23.63 83.66 0 4.087
1639877580 23.61 83.68 0 4.087
1639877640 23.6 83.73 0 4.087
1639877700 23.61 83.74 0 4.087
1639877760 23.59 83.73 0 4.092
1639877820 23.6 83.76 0 4.087
1639877880 23.59 83.77 0 4.092
1639877940 23.59 83.82 0 4.087
1639878000 23.61 83.85 0 4.087
1639878060 23.57 83.85 0 4.087
1639878120 23.57 83.85 0 4.087
1639878180 23.56 83.87 0 4.087
1639878240 23.56 83.93 0 4.087
1639878300 23.56 83.92 0 4.087
1639878360 23.56 83.93 0 4.087
1639878420 23.53 83.91 0 4.087
1639878480 23.51 83.93 0 4.087
1639878540 23.5 83.9 0 4.087
1639878600 23.5 83.92 0 4.087
1639878660 23.47 83.91 0 4.087
1639878720 23.49 83.94 0 4.087
1639878780 23.47 83.97 0 4.087
1639878840 23.44 83.96 0 4.087
1639878900 23.43 83.95 0 4.087
1639878960 23.4 84 0 4.087
1639879020 23.39 83.98 0 4.087
1639879080 23.37 84 0 4.087
1639879140 23.34 84.04 0 4.087
1639879200 23.36 84 0 4.087
1639879260 23.33 84.01 0 4.087
1639879320 23.33 83.98 0 4.082
1639879380 23.34 83.97 0 4.087
1639879440 23.31 83.93 0 4.082
1639879500 23.34 83.91 0 4.087
1639879560 23.33 83.91 0 4.087
1639879620 23.34 83.92 0 4.087
1639879680 23.33 83.9 0 4.087
1639879740 23.31 83.91 0 4.087
1639879800 23.31 83.89 0 4.087
1639879860 23.31 83.93 0 4.087
1639879920 23.3 83.92 0 4.087
1639879980 23.29 83.93 0 4.092
1639880040 23.27 83.93 0 4.087
1639880100 23.27 83.92 0 4.087
1639880160 23.29 83.96 0 4.087
1639880220 23.3 83.93 0 4.082
1639880280 23.3 83.87 0 4.087
1639880340 23.37 83.84 0 4.087
1639880400 23.37 83.8 0 4.087
1639880460 23.36 83.79 0 4.087
1639880520 23.36 83.74 0 4.087
1639880580 23.37 83.76 0 4.087
1639880640 23.36 83.68 0 4.087
1639880700 23.34 83.67 0 4.082
1639880760 23.39 83.58 0 4.087
1639880820 23.41 83.47 0 4.087
1639880880 23.43 83.4 0 4.087
1639880940 23.43 83.36 0 4.087
1639881000 23.47 83.31 0 4.087
1639881060 23.46 83.24 0 4.087
1639881120 23.49 83.23 0 4.087
1639881180 23.47 83.16 0 4.087
1639881240 23.5 83.17 0 4.087
1639881300 23.54 83.18 0 4.087
1639881360 23.53 83.19 0 4.087
1639881420 23.54 83.19 0 4.082
1639881480 23.53 83.21 0 4.087
1639881540 23.53 83.23 0 4.087
1639881600 23.51 83.27 0 4.082
1639881660 23.5 83.27 0 4.087
1639881720 23.51 83.3 0 4.087
1639881780 23.54 83.34 0 4.087
1639881840 23.53 83.31 0 4.087
1639881900 23.56 83.36 0 4.082
1639881960 23.56 83.34 0 4.087
1639882020 23.57 83.38 0 4.082
1639882080 23.57 83.36 0 4.087
1639882140 23.56 83.33 0 4.087
1639882200 23.56 83.3 0 4.082
1639882260 23.59 83.26 0 4.087
1639882320 23.54 83.18 0 4.087
1639882380 23.54 83.16 0 4.087
1639882440 23.59 83.14 0 4.087
1639882500 23.59 83.13 0 4.082
1639882560 23.57 83.04 0 4.082
1639882620 23.59 83.01 0 4.082
1639882680 23.57 82.96 0 4.082
1639882740 23.57 82.94 0 4.082
1639882800 23.56 82.9 0 4.082
1639882860 23.56 82.9 0 4.082
1639882920 23.54 82.87 0 4.082
1639882980 23.56 82.84 0 4.082
1639883040 23.57 82.81 0 4.082
1639883100 23.57 82.82 0 4.082
1639883160 23.56 82.8 0 4.087
1639883220 23.51 82.75 0 4.082
1639883280 23.54 82.72 0 4.082
1639883340 23.53 82.73 0 4.082
1639883400 23.53 82.69 0 4.082
1639883460 23.53 82.7 0 4.082
1639883520 23.5 82.7 0 4.082
1639883580 23.51 82.69 0 4.082
1639883640 23.47 82.7 0 4.082
1639883700 23.5 82.69 0 4.082
1639883760 23.5 82.72 0 4.082
1639883820 23.47 82.72 0 4.082
1639883880 23.44 82.76 0 4.082
1639883940 23.49 82.76 0 4.082
1639884000 23.47 82.79 0 4.082
1639884060 23.49 82.8 0 4.082
1639884120 23.49 82.83 0 4.082
1639884180 23.46 82.85 0 4.082
1639884240 23.44 82.86 0 4.082
1639884300 23.43 82.91 0 4.082
1639884360 23.44 82.95 0 4.082
1639884420 23.41 82.99 0 4.082
1639884480 23.44 82.97 0 4.082
1639884540 23.4 82.92 0 4.082
1639884600 23.41 82.93 0 4.082
1639884660 23.39 82.96 0 4.082
1639884720 23.41 83.02 0 4.082
1639884780 23.43 83.03 0 4.082
1639884840 23.43 83.05 0 4.082
1639884900 23.41 83.07 0 4.082
1639884960 23.4 83.07 0 4.082
1639885020 23.43 83.12 0 4.082
1639885080 23.41 83.13 0 4.082
1639885140 23.4 83.12 0 4.082
1639885200 23.41 83.15 0 4.082
1639885260 23.4 83.19 0 4.082
1639885320 23.4 83.19 0 4.082
1639885380 23.41 83.21 0 4.082
1639885440 23.39 83.27 0 4.082
1639885500 23.4 83.28 0 4.082
1639885560 23.39 83.3 0 4.082
1639885620 23.39 83.33 0 4.082
1639885680 23.4 83.33 0 4.082
1639885740 23.37 83.32 0 4.082
1639885800 23.37 83.35 0 4.082
1639885860 23.36 83.35 0 4.082
1639885920 23.34 83.37 0 4.082
1639885980 23.3 83.39 0 4.082
1639886040 23.3 83.39 0 4.082
1639886100 23.27 83.42 0 4.082
1639886160 23.3 83.41 0 4.082
1639886220 23.29 83.41 0 4.082
1639886280 23.27 83.42 0 4.082
1639886340 23.29 83.41 0 4.082
1639886400 23.27 83.44 0 4.082
1639886460 23.23 83.41 0 4.082
1639886520 23.26 83.45 0 4.076
1639886580 23.24 83.45 0 4.082
1639886640 23.21 83.46 0 4.082
1639886700 23.21 83.47 0 4.082
1639886760 23.23 83.49 0 4.082
1639886820 23.21 83.47 0 4.082
1639886880 23.19 83.5 0 4.082
1639886940 23.19 83.52 0 4.082
1639887000 23.2 83.54 0 4.082
1639887060 23.17 83.56 0 4.082
1639887120 23.19 83.61 0 4.082
1639887180 23.14 83.61 0 4.082
1639887240 23.14 83.63 0 4.082
1639887300 23.14 83.61 0 4.082
1639887360 23.13 83.6 0 4.076
1639887420 23.14 83.63 0 4.076
1639887480 23.1 83.67 0 4.082
1639887540 23.1 83.73 0 4.082
1639887600 23.09 83.77 0 4.082
1639887660 23.09 83.81 0 4.076
1639887720 23.06 83.79 0 4.082
1639887780 23.07 83.83 0 4.082
1639887840 23.06 83.83 0 4.082
1639887900 23.06 83.84 0 4.082
1639887960 23.07 83.86 0 4.082
1639888020 23.06 83.89 0 4.082
1639888080 23.07 83.93 0 4.082
1639888140 23.06 83.99 0 4.082
1639888200 23.02 83.92 0 4.082
1639888260 23.05 83.95 0 4.076
1639888320 23.03 83.95 0 4.082
1639888380 23.02 83.96 0 4.076
1639888440 23.03 84 0 4.082
1639888500 23 83.98 0 4.082
1639888560 22.99 83.98 0 4.082
1639888620 22.96 84.01 0 4.082
1639888680 22.97 84.06 0 4.082
1639888740 22.92 84.07 0 4.082
1639888800 22.93 84.12 0 4.082
1639888860 22.92 84.16 0 4.082
1639888920 22.86 84.19 0 4.082
1639888980 22.85 84.21 0 4.082
1639889040 22.83 84.2 0 4.082
1639889100 22.8 84.21 0 4.082
1639889160 22.78 84.21 0 4.082
1639889220 22.79 84.18 0 4.076
1639889280 22.78 84.12 0 4.076
1639889340 22.79 84.12 0 4.082
1639889400 22.8 84.13 0 4.076
1639889460 22.8 84.06 0 4.082
1639889520 22.8 84.07 0 4.082
1639889580 22.78 84 0 4.082
1639889640 22.78 84.02 0 4.082
1639889700 22.79 83.96 0 4.082
1639889760 22.78 83.96 0 4.082
1639889820 22.76 83.97 0 4.082
1639889880 22.73 83.99 0 4.076
1639889940 22.75 83.98 0 4.082
