1636606800 22 86.78 0 4.119
1636606860 21.95 86.83 0 4.125
1636606920 21.91 86.74 0 4.119
1636606980 21.93 86.76 0 4.119
1636607040 21.91 86.7 0 4.125
1636607100 21.93 86.61 0 4.119
1636607160 21.93 86.57 0 4.119
1636607220 21.93 86.54 0 4.119
1636607280 21.93 86.49 0 4.119
1636607340 21.93 86.45 0 4.119
1636607400 21.91 86.41 0 4.119
1636607460 21.91 86.39 0 4.119
1636607520 21.93 86.37 0 4.119
1636607580 21.94 86.34 0 4.119
1636607640 21.94 86.28 0 4.119
1636607700 21.94 86.3 0 4.119
1636607760 21.95 86.22 0 4.119
1636607820 21.94 86.16 0 4.119
1636607880 21.95 86.08 0 4.125
1636607940 21.95 86.02 0 4.119
1636608000 21.97 85.96 0 4.119
1636608060 21.94 85.86 0 4.119
1636608120 21.95 85.78 0 4.119
1636608180 21.97 85.76 0 4.119
1636608240 21.97 85.7 0 4.119
1636608300 21.95 85.6 0 4.119
1636608360 21.98 85.53 0 4.119
1636608420 21.95 85.5 0 4.119
1636608480 21.97 85.44 0 4.119
1636608540 21.98 85.37 0 4.119
1636608600 21.98 85.29 0 4.119
1636608660 21.98 85.3 0 4.119
1636608720 22 85.25 0 4.119
1636608780 22.03 85.2 0 4.119
1636608840 22.01 85.1 0 4.119
1636608900 22.03 85.06 0 4.125
1636608960 22.04 85.02 0 4.119
1636609020 22.05 84.98 0 4.119
1636609080 22.04 84.89 0 4.119
1636609140 22.05 84.87 0 4.125
1636609200 22.04 84.82 0 4.119
1636609260 22.01 84.78 0 4.119
1636609320 21.98 84.8 0 4.119
1636609380 22 84.82 0 4.119
1636609440 21.95 84.86 0 4.119
1636609500 21.93 84.89 0 4.119
1636609560 21.88 84.97 0 4.119
1636609620 21.84 85.03 0 4.119
1636609680 21.8 85.1 0 4.119
1636609740 21.81 85.16 0 4.119
1636609800 21.73 85.21 0 4.119
1636609860 21.7 85.27 0 4.119
1636609920 21.71 85.32 0 4.125
1636609980 21.7 85.4 0 4.119
1636610040 21.67 85.45 0 4.119
1636610100 21.65 85.49 0 4.119
1636610160 21.64 85.55 0 4.119
1636610220 21.64 85.63 0 4.119
1636610280 21.64 85.72 0 4.119
1636610340 21.61 85.79 0 4.119
1636610400 21.63 85.88 0 4.119
1636610460 21.6 85.88 0 4.119
1636610520 21.6 85.98 0 4.119
1636610580 21.58 86.06 0 4.119
1636610640 21.6 86.15 0 4.119
1636610700 21.6 86.27 0 4.119
1636610760 21.57 86.3 0 4.119
1636610820 21.58 86.37 0 4.119
1636610880 21.58 86.45 0 4.119
1636610940 21.6 86.54 0 4.119
1636611000 21.6 86.61 0 4.119
1636611060 21.58 86.68 0 4.119
1636611120 21.58 86.77 0 4.119
1636611180 21.58 86.77 0 4.119
1636611240 21.58 86.78 0 4.119
1636611300 21.58 86.81 0 4.119
1636611360 21.61 86.79 0 4.119
1636611420 21.63 86.8 0 4.119
1636611480 21.61 86.77 0 4.119
1636611540 21.64 86.77 0 4.119
1636611600 21.63 86.72 0 4.119
1636611660 21.64 86.67 0 4.119
1636611720 21.67 86.59 0 4.119
1636611780 21.7 86.5 0 4.119
1636611840 21.7 86.43 0 4.119
1636611900 21.73 86.3 0 4.119
1636611960 21.73 86.21 0 4.119
1636612020 21.79 86.16 0 4.119
1636612080 21.8 86.11 0 4.119
1636612140 21.8 86.07 0 4.119
1636612200 21.84 86.07 0 4.119
1636612260 21.85 86.11 0 4.119
1636612320 21.84 86.1 0 4.119
1636612380 21.85 86.09 0 4.119
1636612440 21.85 86.12 0 4.119
1636612500 21.84 86.15 0 4.119
1636612560 21.87 86.09 0 4.119
1636612620 21.84 86.08 0 4.119
1636612680 21.87 86.14 0 4.119
1636612740 21.9 86.14 0 4.119
1636612800 21.9 86.17 0 4.119
1636612860 21.9 86.14 0 4.119
1636612920 21.88 86.17 0 4.119
1636612980 21.88 86.18 0 4.119
1636613040 21.88 86.21 0 4.119
1636613100 21.84 86.16 0 4.119
1636613160 21.84 86.18 0 4.119
1636613220 21.87 86.16 0 4.119
1636613280 21.85 86.12 0 4.119
1636613340 21.87 86.11 0 4.119
1636613400 21.88 86.04 0 4.119
1636613460 21.93 85.98 0 4.119
1636613520 21.93 85.97 0 4.119
1636613580 21.91 85.97 0 4.119
1636613640 21.88 85.91 0 4.119
1636613700 21.91 85.9 0 4.119
1636613760 21.9 85.82 0 4.119
1636613820 21.9 85.79 0 4.119
1636613880 21.9 85.74 0 4.119
1636613940 21.9 85.71 0 4.119
1636614000 21.84 85.66 0 4.119
1636614060 21.83 85.62 0 4.119
1636614120 21.81 85.62 0 4.119
1636614180 21.81 85.62 0 4.119
1636614240 21.8 85.7 0 4.119
1636614300 21.79 85.72 0 4.119
1636614360 21.77 85.68 0 4.119
1636614420 21.79 85.7 0 4.119
1636614480 21.81 85.61 0 4.119
1636614540 21.81 85.58 0 4.119
1636614600 21.81 85.58 0 4.119
1636614660 21.79 85.52 0 4.119
1636614720 21.79 85.42 0 4.119
1636614780 21.81 85.37 0 4.119
1636614840 21.81 85.31 0 4.114
1636614900 21.81 85.19 0 4.119
1636614960 21.85 85.12 0 4.119
1636615020 21.83 85.02 0 4.119
1636615080 21.83 84.96 0 4.114
1636615140 21.83 84.95 0 4.119
1636615200 21.84 84.91 0 4.119
1636615260 21.83 84.9 0 4.119
1636615320 21.84 84.83 0 4.119
1636615380 21.85 84.75 0 4.119
1636615440 21.85 84.72 0 4.119
1636615500 21.87 84.54 0 4.119
1636615560 21.93 84.42 0 4.119
1636615620 21.95 84.34 0 4.119
1636615680 21.97 84.24 0 4.119
1636615740 21.98 84.12 0 4.119
1636615800 21.97 84.04 0 4.119
1636615860 22 83.96 0 4.119
1636615920 22 83.86 0 4.119
1636615980 22 83.77 0 4.119
1636616040 22.01 83.68 0 4.119
1636616100 22.01 83.58 0 4.119
1636616160 22.01 83.52 0 4.119
1636616220 22.01 83.43 0 4.119
1636616280 22.03 83.32 0 4.119
1636616340 22.03 83.28 0 4.119
1636616400 22.01 83.18 0 4.114
1636616460 21.98 83.12 0 4.114
1636616520 22.03 83.05 0 4.114
1636616580 22.01 83.06 0 4.119
1636616640 21.98 83.03 0 4.114
1636616700 22 82.99 0 4.119
1636616760 21.94 83.01 0 4.119
1636616820 21.94 82.95 0 4.119
1636616880 21.94 82.85 0 4.119
1636616940 21.93 82.86 0 4.119
1636617000 21.91 82.82 0 4.119
1636617060 21.91 82.8 0 4.119
1636617120 21.88 82.79 0 4.119
1636617180 21.9 82.82 0 4.119
1636617240 21.88 82.78 0 4.114
1636617300 21.85 82.79 0 4.103
1636617360 21.81 82.88 0 4.114
1636617420 21.79 82.87 0 4.114
1636617480 21.77 82.79 0 4.114
1636617540 21.77 82.79 0 4.119
1636617600 21.8 82.89 0 4.114
1636617660 21.84 83.1 0 4.114
1636617720 21.83 83.28 0 4.114
1636617780 21.77 83.41 0 4.119
1636617840 21.71 83.48 0 4.114
1636617900 21.7 83.51 0 4.119
1636617960 21.67 83.49 0 4.119
1636618020 21.65 83.57 0 4.114
1636618080 21.65 83.69 0 4.119
1636618140 21.63 83.85 0 4.114
1636618200 21.6 84.01 0 4.114
1636618260 21.54 84.15 0 4.114
1636618320 21.52 84.31 0 4.114
1636618380 21.47 84.47 0 4.114
1636618440 21.44 84.58 0 4.119
1636618500 21.4 84.77 0 4.114
1636618560 21.39 84.94 0 4.114
1636618620 21.37 85.08 0 4.114
1636618680 21.36 85.28 0 4.114
1636618740 21.32 85.41 0 4.119
1636618800 21.33 85.59 0 4.114
1636618860 21.33 85.75 0 4.114
1636618920 21.32 85.88 0 4.119
1636618980 21.34 86.1 0 4.119
1636619040 21.36 86.3 0 4.114
1636619100 21.37 86.45 0 4.114
1636619160 21.36 86.61 0 4.114
1636619220 21.36 86.71 0 4.114
1636619280 21.36 86.74 0 4.114
1636619340 21.33 86.76 0 4.119
1636619400 21.39 86.8 0 4.114
1636619460 21.4 86.83 0 4.114
1636619520 21.4 86.83 0 4.114
1636619580 21.39 86.8 0 4.114
1636619640 21.4 86.76 0 4.114
1636619700 21.43 86.68 0 4.114
1636619760 21.46 86.62 0 4.114
1636619820 21.46 86.54 0 4.114
1636619880 21.46 86.51 0 4.114
1636619940 21.46 86.45 0 4.114
1636620000 21.47 86.4 0 4.114
1636620060 21.47 86.39 0 4.114
1636620120 21.46 86.31 0 4.114
1636620180 21.46 86.27 0 4.114
1636620240 21.46 86.14 0 4.114
1636620300 21.49 86.02 0 4.114
1636620360 21.49 85.95 0 4.114
1636620420 21.49 85.84 0 4.114
1636620480 21.47 85.81 0 4.114
1636620540 21.46 85.7 0 4.114
1636620600 21.5 85.61 0 4.114
1636620660 21.5 85.56 0 4.114
1636620720 21.49 85.44 0 4.114
1636620780 21.52 85.3 0 4.114
1636620840 21.52 85.17 0 4.114
1636620900 21.52 84.93 0 4.108
1636620960 21.54 84.76 0 4.114
1636621020 21.52 84.6 0 4.114
1636621080 21.54 84.39 0 4.114
1636621140 21.56 84.22 0 4.114
1636621200 21.54 84.04 0 4.114
1636621260 21.54 83.88 0 4.114
1636621320 21.52 83.67 0 4.114
1636621380 21.56 83.53 0 4.114
1636621440 21.56 83.4 0 4.114
1636621500 21.52 83.2 0 4.119
1636621560 21.56 83.02 0 4.114
1636621620 21.53 82.86 0 4.114
1636621680 21.53 82.68 0 4.114
1636621740 21.54 82.5 0 4.114
1636621800 21.56 82.33 0 4.108
1636621860 21.56 82.15 0 4.108
1636621920 21.56 81.98 0 4.114
1636621980 21.6 81.86 0 4.114
1636622040 21.57 81.72 0 4.114
1636622100 21.61 81.65 0 4.114
1636622160 21.63 81.62 0 4.114
1636622220 21.61 81.52 0 4.114
1636622280 21.64 81.48 0 4.114
1636622340 21.65 81.46 0 4.114
1636622400 21.65 81.45 0 4.114
1636622460 21.65 81.47 0 4.114
1636622520 21.67 81.46 0 4.114
1636622580 21.64 81.36 0 4.114
1636622640 21.65 81.25 0 4.114
1636622700 21.64 81.09 0 4.114
1636622760 21.65 80.92 0 4.108
1636622820 21.64 80.79 0 4.114
1636622880 21.64 80.57 0 4.114
1636622940 21.64 80.38 0 4.114
1636623000 21.63 80.22 0 4.114
1636623060 21.64 80.09 0 4.114
1636623120 21.63 80 0 4.114
1636623180 21.61 79.89 0 4.114
1636623240 21.57 79.78 0 4.114
1636623300 21.57 79.76 0 4.114
1636623360 21.57 79.76 0 4.114
1636623420 21.52 79.75 0 4.114
1636623480 21.52 79.76 0 4.114
1636623540 21.47 79.79 0 4.114
1636623600 21.46 79.89 0 4.108
1636623660 21.43 79.94 0 4.114
1636623720 21.39 80.05 0 4.108
1636623780 21.33 80.16 0 4.108
1636623840 21.3 80.27 0 4.114
1636623900 21.32 80.48 0 4.114
1636623960 21.29 80.74 0 4.108
1636624020 21.26 80.9 0 4.114
1636624080 21.16 80.98 0 4.114
1636624140 21.14 80.94 0 4.114
1636624200 21.13 80.85 0 4.114
1636624260 21.1 80.85 0 4.114
1636624320 21.09 80.82 0 4.114
1636624380 21.07 80.9 0 4.108
1636624440 21.09 80.99 0 4.114
1636624500 21.05 81.1 0 4.108
1636624560 21.02 81.28 0 4.108
1636624620 20.98 81.35 0 4.114
1636624680 20.92 81.39 0 4.108
1636624740 20.9 81.41 0 4.114
1636624800 20.86 81.42 0 4.114
1636624860 20.83 81.38 0 4.114
1636624920 20.81 81.29 0 4.114
1636624980 20.77 81.28 0 4.114
1636625040 20.77 81.27 0 4.114
1636625100 20.75 81.31 0 4.114
1636625160 20.77 81.36 0 4.114
1636625220 20.75 81.31 0 4.114
1636625280 20.77 81.35 0 4.114
1636625340 20.75 81.37 0 4.114
1636625400 20.74 81.34 0 4.108
1636625460 20.71 81.36 0 4.114
1636625520 20.72 81.36 0 4.114
1636625580 20.69 81.4 0 4.108
1636625640 20.67 81.43 0 4.114
1636625700 20.65 81.39 0 4.114
1636625760 20.64 81.43 0 4.114
1636625820 20.62 81.44 0 4.108
1636625880 20.64 81.53 0 4.114
1636625940 20.65 81.63 0 4.108
1636626000 20.61 81.76 0 4.114
1636626060 20.61 81.87 0 4.114
1636626120 20.58 81.81 0 4.108
1636626180 20.58 81.74 0 4.108
1636626240 20.58 81.63 0 4.114
1636626300 20.62 81.65 0 4.108
1636626360 20.64 81.52 0 4.108
1636626420 20.64 81.45 0 4.114
1636626480 20.65 81.37 0 4.114
1636626540 20.67 81.27 0 4.108
1636626600 20.68 81.28 0 4.114
1636626660 20.67 81.26 0 4.108
1636626720 20.65 81.15 0 4.114
1636626780 20.65 81.07 0 4.108
1636626840 20.62 80.97 0 4.108
1636626900 20.61 80.91 0 4.114
1636626960 20.64 80.84 0 4.108
1636627020 20.62 80.8 0 4.108
1636627080 20.62 80.8 0 4.108
1636627140 20.61 80.8 0 4.108
1636627200 20.58 80.76 0 4.108
1636627260 20.59 80.64 0 4.108
1636627320 20.56 80.61 0 4.114
1636627380 20.56 80.57 0 4.108
1636627440 20.56 80.52 0 4.108
1636627500 20.55 80.51 0 4.108
1636627560 20.56 80.48 0 4.108
1636627620 20.56 80.48 0 4.114
1636627680 20.55 80.54 0 4.114
1636627740 20.52 80.54 0 4.108
1636627800 20.51 80.54 0 4.108
1636627860 20.48 80.56 0 4.108
1636627920 20.48 80.56 0 4.108
1636627980 20.48 80.59 0 4.108
1636628040 20.45 80.63 0 4.108
1636628100 20.47 80.62 0 4.108
1636628160 20.45 80.64 0 4.108
1636628220 20.45 80.68 0 4.108
1636628280 20.41 80.61 0 4.108
1636628340 20.39 80.54 0 4.108
1636628400 20.39 80.46 0 4.114
1636628460 20.41 80.47 0 4.108
1636628520 20.38 80.37 0 4.108
1636628580 20.38 80.29 0 4.114
1636628640 20.38 80.21 0 4.108
1636628700 20.41 80.12 0 4.108
1636628760 20.39 79.98 0 4.108
1636628820 20.42 79.96 0 4.108
1636628880 20.41 79.91 0 4.114
1636628940 20.39 79.92 0 4.108
1636629000 20.39 79.85 0 4.108
1636629060 20.41 79.85 6 4.108
1636629120 20.38 79.81 0 4.108
1636629180 20.38 79.82 0 4.108
1636629240 20.35 79.87 6 4.108
1636629300 20.34 79.82 0 4.108
1636629360 20.32 79.84 0 4.108
1636629420 20.34 79.94 0 4.108
1636629480 20.32 80.07 0 4.108
1636629540 20.31 80.21 6 4.108
1636629600 20.26 80.36 6 4.108
1636629660 20.23 80.46 6 4.108
1636629720 20.17 80.52 6 4.108
1636629780 20.18 80.46 6 4.108
1636629840 20.2 80.56 6 4.108
1636629900 20.16 80.51 6 4.103
1636629960 20.14 80.46 6 4.108
1636630020 20.2 80.47 6 4.108
1636630080 20.2 80.51 6 4.108
1636630140 20.16 80.56 6 4.108
1636630200 20.17 80.59 6 4.103
1636630260 20.14 80.68 6 4.108
1636630320 20.18 80.79 6 4.108
1636630380 20.16 80.94 6 4.114
1636630440 20.13 81.04 6 4.103
1636630500 20.16 81.15 6 4.108
1636630560 20.11 81.14 6 4.108
1636630620 20.14 81.17 6 4.108
1636630680 20.14 81.22 6 4.108
1636630740 20.14 81.27 6 4.108
1636630800 20.16 81.36 6 4.108
1636630860 20.18 81.49 12 4.108
1636630920 20.2 81.57 12 4.108
1636630980 20.16 81.48 6 4.108
1636631040 20.2 81.43 12 4.108
1636631100 20.2 81.41 12 4.108
1636631160 20.23 81.33 12 4.108
1636631220 20.24 81.25 12 4.108
1636631280 20.27 81.2 12 4.108
1636631340 20.28 81 12 4.103
1636631400 20.31 81.01 18 4.108
1636631460 20.31 80.99 12 4.108
1636631520 20.34 81.01 18 4.108
1636631580 20.34 80.89 18 4.108
1636631640 20.34 80.83 18 4.108
1636631700 20.37 80.85 18 4.108
1636631760 20.34 80.82 24 4.108
1636631820 20.34 80.81 24 4.108
1636631880 20.37 80.86 24 4.108
1636631940 20.39 80.87 30 4.108
1636632000 20.42 80.99 36 4.108
1636632060 20.42 81.06 36 4.108
1636632120 20.48 81.08 42 4.108
1636632180 20.51 81.08 42 4.108
1636632240 20.52 81.09 42 4.108
1636632300 20.58 81.09 42 4.108
1636632360 20.65 81.04 42 4.108
1636632420 20.72 81.05 42 4.108
1636632480 20.74 81 42 4.108
1636632540 20.81 81.03 36 4.108
1636632600 20.85 80.97 36 4.108
1636632660 20.88 80.92 42 4.108
1636632720 20.9 80.81 42 4.108
1636632780 20.99 80.8 42 4.108
1636632840 21.03 80.74 42 4.108
1636632900 21.06 80.55 42 4.108
1636632960 21.09 80.38 42 4.108
1636633020 21.09 80.21 48 4.108
1636633080 21.16 80.04 48 4.108
1636633140 21.16 79.92 48 4.108
1636633200 21.23 79.84 48 4.108
1636633260 21.28 79.78 48 4.108
1636633320 21.32 79.72 54 4.108
1636633380 21.32 79.67 48 4.108
1636633440 21.3 79.4 48 4.108
1636633500 21.33 79.13 54 4.108
1636633560 21.37 78.94 54 4.108
1636633620 21.37 78.9 54 4.108
1636633680 21.37 78.76 54 4.108
1636633740 21.44 78.71 54 4.108
1636633800 21.46 78.63 54 4.108
1636633860 21.5 78.53 54 4.108
1636633920 21.53 78.61 60 4.108
1636633980 21.56 78.64 60 4.108
1636634040 21.58 78.65 60 4.108
1636634100 21.61 78.71 60 4.108
1636634160 21.65 78.76 60 4.108
1636634220 21.71 78.75 60 4.108
1636634280 21.73 78.58 60 4.108
1636634340 21.76 78.49 66 4.108
1636634400 21.79 78.3 66 4.108
1636634460 21.83 78.18 66 4.108
1636634520 21.9 78.2 66 4.108
1636634580 21.93 78.2 66 4.108
1636634640 21.95 78.03 66 4.108
1636634700 22.01 77.81 66 4.108
1636634760 22.11 77.63 66 4.108
1636634820 22.11 77.74 66 4.108
1636634880 22.08 77.75 66 4.108
1636634940 22.07 77.77 66 4.108
1636635000 22.1 77.84 66 4.108
1636635060 22.12 77.96 66 4.114
1636635120 22.08 78.15 66 4.108
1636635180 22.1 78.5 66 4.114
1636635240 22.1 79.01 72 4.108
1636635300 22.1 79.43 72 4.108
1636635360 22.12 79.84 72 4.108
1636635420 22.14 80.15 72 4.108
1636635480 22.16 80.42 72 4.108
1636635540 22.24 80.59 72 4.108
1636635600 22.24 80.73 78 4.114
1636635660 22.21 80.83 78 4.114
1636635720 22.27 80.86 78 4.108
1636635780 22.31 80.84 78 4.108
1636635840 22.38 80.87 78 4.108
1636635900 22.34 80.91 78 4.114
1636635960 22.3 81.03 78 4.108
1636636020 22.34 81.18 78 4.108
1636636080 22.35 81.24 78 4.114
1636636140 22.41 81.18 78 4.114
1636636200 22.52 81.12 78 4.108
1636636260 22.58 81.02 78 4.108
1636636320 22.63 80.91 78 4.108
1636636380 22.7 80.81 78 4.114
1636636440 22.8 80.73 78 4.108
1636636500 22.88 80.64 84 4.114
1636636560 22.93 80.48 84 4.114
1636636620 23.02 80.29 84 4.108
1636636680 23.12 80.2 84 4.108
1636636740 23.13 80.08 84 4.114
1636636800 23.2 79.97 84 4.114
1636636860 23.3 79.87 84 4.114
1636636920 23.36 79.81 84 4.114
1636636980 23.41 79.75 84 4.114
1636637040 23.5 79.7 84 4.114
1636637100 23.53 79.55 90 4.108
1636637160 23.47 79.31 84 4.114
1636637220 23.53 79.15 84 4.108
1636637280 23.6 79.04 84 4.108
1636637340 23.6 78.93 90 4.108
1636637400 23.59 78.78 90 4.108
1636637460 23.59 78.68 90 4.108
1636637520 23.64 78.58 90 4.114
1636637580 23.71 78.46 90 4.114
1636637640 23.77 78.37 90 4.114
1636637700 23.77 78.24 90 4.108
1636637760 23.82 78.17 90 4.114
1636637820 23.87 78.08 90 4.114
1636637880 23.88 77.93 90 4.108
1636637940 23.85 77.73 90 4.114
1636638000 23.92 77.56 90 4.108
1636638060 24.01 77.5 90 4.108
1636638120 24 77.35 90 4.114
1636638180 24 77.21 90 4.108
1636638240 24.04 77.11 90 4.114
1636638300 24.07 76.95 90 4.108
1636638360 24.04 76.72 90 4.114
1636638420 24.08 76.55 90 4.114
1636638480 24.12 76.38 90 4.114
1636638540 24.25 76.3 90 4.114
1636638600 24.29 76.2 90 4.108
1636638660 24.36 76.13 90 4.114
1636638720 24.36 75.94 90 4.114
1636638780 24.33 75.75 90 4.114
1636638840 24.32 75.61 90 4.114
1636638900 24.33 75.42 96 4.108
1636638960 24.43 75.31 96 4.108
1636639020 24.51 75.17 90 4.114
1636639080 24.45 75.04 96 4.108
1636639140 24.39 74.81 96 4.108
1636639200 24.42 74.67 96 4.108
1636639260 24.42 74.55 96 4.114
1636639320 24.45 74.35 96 4.108
1636639380 24.51 74.27 96 4.114
1636639440 24.56 74.13 96 4.108
1636639500 24.62 74.01 96 4.114
1636639560 24.66 73.92 96 4.114
1636639620 24.7 73.77 102 4.108
1636639680 24.77 73.68 96 4.108
1636639740 24.79 73.49 102 4.114
1636639800 24.89 73.41 102 4.114
1636639860 24.96 73.28 96 4.114
1636639920 25.07 73.15 102 4.114
1636639980 25.13 72.98 96 4.114
1636640040 25.04 72.69 96 4.114
1636640100 25.14 72.59 96 4.114
1636640160 25.18 72.55 96 4.114
1636640220 25.14 72.44 96 4.114
1636640280 25.09 72.18 96 4.114
1636640340 25.06 72.03 96 4.114
1636640400 25.04 71.94 114 4.114
1636640460 25.17 71.93 126 4.114
1636640520 25.21 71.91 120 4.114
1636640580 25.26 71.83 180 4.114
1636640640 25.33 71.69 240 4.114
1636640700 25.41 71.5 144 4.108
1636640760 25.49 71.39 138 4.114
1636640820 25.65 71.27 120 4.114
1636640880 25.67 71.14 108 4.114
1636640940 25.72 70.97 102 4.114
1636641000 25.71 70.71 102 4.114
1636641060 25.67 70.59 108 4.114
1636641120 25.71 70.52 240 4.114
1636641180 25.84 70.49 405 4.114
1636641240 25.87 70.41 489 4.114
1636641300 25.98 70.19 283 4.114
1636641360 26.09 69.92 192 4.114
1636641420 26.18 69.63 108 4.114
1636641480 26.11 69.35 108 4.114
1636641540 26.12 69.1 108 4.114
1636641600 26.08 68.95 132 4.114
1636641660 26.03 68.77 150 4.114
1636641720 25.89 68.45 162 4.114
1636641780 25.85 68.32 144 4.114
1636641840 25.72 68.25 132 4.114
1636641900 25.75 68.18 144 4.114
1636641960 25.92 68.23 162 4.114
1636642020 25.99 68.11 120 4.114
1636642080 26.12 67.92 168 4.114
1636642140 26.21 67.81 168 4.114
1636642200 26.25 67.61 120 4.114
1636642260 26.29 67.53 174 4.114
1636642320 26.43 67.49 337 4.114
1636642380 26.6 67.4 356 4.114
1636642440 26.67 67.12 519 4.119
1636642500 26.76 66.74 423 4.114
1636642560 26.94 66.57 156 4.114
1636642620 27.01 66.36 126 4.114
1636642680 27.2 66.22 156 4.114
1636642740 27.25 65.99 210 4.114
1636642800 27.03 65.81 192 4.114
1636642860 26.91 65.65 307 4.114
1636642920 27.04 65.54 180 4.114
1636642980 27.17 65.36 144 4.114
1636643040 27.28 65.17 126 4.114
1636643100 27.43 64.95 156 4.114
1636643160 27.45 64.66 144 4.114
1636643220 27.43 64.4 126 4.114
1636643280 27.25 63.99 174 4.114
1636643340 27.23 63.64 204 4.114
1636643400 27.17 63.42 138 4.114
1636643460 27.2 63.21 108 4.114
1636643520 27.23 63.03 120 4.114
1636643580 27.34 62.82 114 4.114
1636643640 27.33 62.65 114 4.114
1636643700 27.33 62.72 114 4.114
1636643760 27.25 62.61 174 4.114
1636643820 27.21 62.54 471 4.114
1636643880 27.2 62.44 676 4.114
1636643940 27.14 62.28 713 4.119
1636644000 27.25 62.26 585 4.114
1636644060 27.47 62.18 319 4.114
1636644120 27.65 61.94 228 4.114
1636644180 27.96 61.73 240 4.119
1636644240 28.16 61.58 138 4.119
1636644300 28.23 61.38 168 4.114
1636644360 28.18 61.25 126 4.114
1636644420 28.1 61.12 138 4.114
1636644480 28.19 60.96 114 4.114
1636644540 28.3 60.79 114 4.114
1636644600 28.1 60.68 114 4.114
1636644660 27.92 60.55 114 4.114
1636644720 27.85 60.43 114 4.114
1636644780 27.72 60.27 114 4.119
1636644840 27.65 60.26 120 4.114
1636644900 27.51 60.25 150 4.114
1636644960 27.51 60.25 186 4.114
1636645020 27.54 60.31 246 4.119
1636645080 27.65 60.47 162 4.114
1636645140 27.66 60.47 138 4.119
1636645200 27.72 60.5 192 4.114
1636645260 27.84 60.52 234 4.114
1636645320 27.95 60.59 605 4.114
1636645380 28 60.68 658 4.119
1636645440 28.08 60.74 180 4.114
1636645500 28.22 60.82 180 4.114
1636645560 28.13 60.69 138 4.114
1636645620 28.22 60.66 132 4.119
1636645680 28.33 60.56 126 4.119
1636645740 28.46 60.5 186 4.119
1636645800 28.47 60.41 228 4.114
1636645860 28.46 60.3 162 4.114
1636645920 28.54 60.24 144 4.114
1636645980 28.42 60.2 156 4.114
1636646040 28.46 60.19 222 4.114
1636646100 28.56 60.25 228 4.114
1636646160 28.51 60.09 138 4.114
1636646220 28.6 60.13 126 4.119
1636646280 28.74 60.14 120 4.119
1636646340 28.81 60.12 144 4.114
1636646400 28.94 60.11 162 4.114
1636646460 28.89 59.99 156 4.114
1636646520 28.87 60.03 132 4.119
1636646580 28.82 60.01 120 4.119
1636646640 28.7 59.91 126 4.119
1636646700 28.63 59.87 132 4.114
1636646760 28.36 59.88 150 4.119
1636646820 28.2 59.93 174 4.114
1636646880 28.32 60 150 4.119
1636646940 28.47 59.99 138 4.119
1636647000 28.51 59.94 180 4.119
1636647060 28.57 59.85 284 4.119
1636647120 28.53 59.64 531 4.119
1636647180 28.7 59.63 780 4.119
1636647240 28.78 59.54 871 4.119
1636647300 29.02 59.54 1010 4.119
1636647360 29.14 59.26 1034 4.125
1636647420 29.31 59.01 1046 4.119
1636647480 29.47 58.76 1052 4.119
1636647540 29.51 58.41 1058 4.125
1636647600 29.58 58.05 1060 4.125
1636647660 29.83 57.85 1042 4.119
1636647720 30.03 57.58 204 4.119
1636647780 30.36 57.3 108 4.119
1636647840 30.33 57.06 472 4.125
1636647900 30.09 56.81 817 4.125
1636647960 29.99 56.68 840 4.114
1636648020 30.16 56.53 912 4.119
1636648080 30.12 56.17 954 4.114
1636648140 30.15 55.93 1106 4.114
1636648200 29.72 55.88 1118 4.114
1636648260 29.59 55.8 1124 4.114
1636648320 29.59 55.71 1130 4.114
1636648380 29.8 55.76 1130 4.114
1636648440 30.06 55.57 1136 4.114
1636648500 30.07 55.26 918 4.114
1636648560 30.23 55.08 549 4.114
1636648620 30.46 54.9 252 4.108
1636648680 30.53 54.72 240 4.114
1636648740 30.71 54.58 271 4.114
1636648800 30.87 54.32 581 4.119
1636648860 30.68 54.12 834 4.114
1636648920 30.87 54.07 725 4.114
1636648980 30.71 53.93 719 4.114
1636649040 30.99 53.98 1124 4.114
1636649100 31.24 53.98 1173 4.108
1636649160 31.21 53.97 210 4.108
1636649220 30.88 53.98 204 4.114
1636649280 30.53 54.08 192 4.114
1636649340 30.24 54.34 192 4.114
1636649400 29.87 54.59 180 4.108
1636649460 29.58 54.96 186 4.108
1636649520 29.38 55.39 453 4.108
1636649580 29.36 55.77 1189 4.114
1636649640 29.32 56.17 1161 4.114
1636649700 29.56 56.63 1142 4.135
1636649760 29.76 57.09 1132 4.141
1636649820 29.85 57.38 1132 4.146
1636649880 30.07 57.59 1114 4.141
1636649940 30.07 57.82 1102 4.146
1636650000 30.03 58.09 1102 4.146
1636650060 30.28 58.31 1096 4.146
1636650120 30.17 58.38 1078 4.146
1636650180 30.15 58.47 1079 4.146
1636650240 30.1 58.55 1090 4.151
1636650300 30 58.68 1084 4.151
1636650360 30.06 58.85 1091 4.151
1636650420 30.2 58.95 1091 4.151
1636650480 30.5 59.03 1097 4.157
1636650540 30.53 59.12 1091 4.151
1636650600 30.74 59.2 1103 4.151
1636650660 31.02 59.18 1109 4.157
1636650720 31.31 58.98 248 4.135
1636650780 31.12 58.72 350 4.125
1636650840 30.58 58.55 1158 4.125
1636650900 30.46 58.5 623 4.125
1636650960 30.31 58.45 897 4.125
1636651020 30.27 58.44 799 4.119
1636651080 30.15 58.46 308 4.125
1636651140 30.16 58.58 417 4.125
1636651200 29.76 58.62 709 4.119
1636651260 29.34 58.84 1170 4.125
1636651320 29.44 59.11 1139 4.125
1636651380 29.42 59.35 1132 4.119
1636651440 29.72 59.58 1120 4.119
1636651500 30.09 59.8 1016 4.146
1636651560 30.4 59.86 376 4.135
1636651620 30.57 59.78 284 4.13
1636651680 30.43 59.67 841 4.119
1636651740 30.16 59.61 1127 4.119
1636651800 29.95 59.66 1127 4.119
1636651860 30.09 59.69 1120 4.119
1636651920 30.15 59.58 1114 4.125
1636651980 30.16 59.53 1115 4.119
1636652040 30.15 59.37 1114 4.125
1636652100 30.19 59.23 1115 4.119
1636652160 30.26 59.12 1103 4.119
1636652220 30.44 59.04 1084 4.119
1636652280 30.48 59.01 1096 4.119
1636652340 30.67 58.8 1120 4.119
1636652400 30.91 58.64 1138 4.141
1636652460 31.28 58.26 1141 4.151
1636652520 31.24 58.11 1147 4.151
1636652580 31.36 57.83 1147 4.151
1636652640 31.42 57.58 1147 4.157
1636652700 31.51 57.36 1159 4.157
1636652760 31.41 57.14 1149 4.157
1636652820 31.32 56.96 1185 4.157
1636652880 31.32 56.72 1161 4.157
1636652940 31.56 56.65 1173 4.157
1636653000 31.73 56.44 1191 4.157
1636653060 31.97 56.15 326 4.13
1636653120 31.79 56.01 492 4.13
1636653180 31.7 55.95 618 4.13
1636653240 31.31 55.8 1152 4.13
1636653300 30.85 55.77 1117 4.13
1636653360 30.84 55.76 1133 4.13
1636653420 30.81 55.91 1145 4.125
1636653480 31.01 55.89 1194 4.125
1636653540 30.95 55.89 1176 4.125
1636653600 30.73 55.77 1171 4.125
1636653660 30.66 55.79 999 4.13
1636653720 30.89 55.91 1164 4.13
1636653780 30.95 55.9 1152 4.125
1636653840 30.81 55.85 1158 4.125
1636653900 31.28 55.98 1177 4.125
1636653960 31.46 55.87 1189 4.125
1636654020 31.29 55.81 1085 4.125
1636654080 31.17 55.78 1188 4.125
1636654140 31.25 55.9 430 4.125
1636654200 31.62 55.9 624 4.141
1636654260 31.72 55.79 442 4.13
1636654320 31.96 55.8 508 4.125
1636654380 31.77 55.65 1188 4.125
1636654440 31.92 55.56 1133 4.125
1636654500 31.52 55.38 454 4.125
1636654560 30.94 55.35 775 4.13
1636654620 30.57 55.35 1054 4.125
1636654680 30.38 55.39 278 4.13
1636654740 30.38 55.51 272 4.125
1636654800 30.2 55.73 260 4.125
1636654860 30.16 55.95 272 4.125
1636654920 30.02 56.17 368 4.125
1636654980 30.02 56.35 1188 4.125
1636655040 29.98 56.44 332 4.125
1636655100 29.93 56.51 1194 4.125
1636655160 29.92 56.59 1206 4.13
1636655220 30.22 56.7 1170 4.125
1636655280 30.47 56.64 1152 4.125
1636655340 30.75 56.58 1054 4.125
1636655400 31.21 56.62 278 4.125
1636655460 31.41 56.43 224 4.125
1636655520 30.92 56.22 224 4.125
1636655580 30.64 56.14 242 4.125
1636655640 30.41 56.19 266 4.125
1636655700 30.19 56.16 260 4.119
1636655760 29.9 56.27 248 4.125
1636655820 29.73 56.29 296 4.125
1636655880 29.48 56.42 575 4.125
1636655940 29.42 56.56 587 4.125
1636656000 29.45 56.78 332 4.125
1636656060 29.26 56.96 969 4.125
1636656120 29.22 57.17 1127 4.125
1636656180 29.52 57.4 1127 4.119
1636656240 29.68 57.51 1127 4.114
1636656300 30.07 57.63 715 4.119
1636656360 30.44 57.7 1109 4.125
1636656420 30.33 57.54 1115 4.125
1636656480 30.51 57.47 1120 4.125
1636656540 30.64 57.33 951 4.125
1636656600 30.67 57.25 757 4.125
1636656660 31.01 57.22 216 4.125
1636656720 30.6 56.96 252 4.125
1636656780 30.3 56.88 290 4.125
1636656840 30.07 56.78 1010 4.125
1636656900 30.13 56.71 332 4.119
1636656960 30.27 56.72 234 4.125
1636657020 30.05 56.55 210 4.125
1636657080 29.98 56.53 218 4.119
1636657140 29.75 56.5 265 4.125
1636657200 29.51 56.55 272 4.125
1636657260 29.25 56.66 290 4.125
1636657320 29.1 56.85 841 4.119
1636657380 29 57.06 186 4.119
1636657440 29 57.27 186 4.119
1636657500 28.96 57.52 218 4.119
1636657560 28.81 57.7 272 4.125
1636657620 28.81 57.95 877 4.125
1636657680 28.87 58.13 1017 4.119
1636657740 29.12 58.16 867 4.125
1636657800 29.39 58.14 844 4.141
1636657860 29.53 58.08 698 4.135
1636657920 29.56 58.11 986 4.125
1636657980 29.8 58.09 290 4.125
1636658040 29.96 58.05 751 4.119
1636658100 29.93 57.9 545 4.125
1636658160 29.95 57.85 356 4.125
1636658220 29.93 57.82 278 4.125
1636658280 30.05 57.76 230 4.119
1636658340 30.05 57.6 198 4.125
1636658400 29.85 57.57 198 4.125
1636658460 29.66 57.55 198 4.119
1636658520 29.66 57.55 198 4.125
1636658580 29.48 57.44 210 4.119
1636658640 29.32 57.41 216 4.119
1636658700 29.28 57.41 254 4.125
1636658760 29.11 57.52 314 4.13
1636658820 28.93 57.57 254 4.13
1636658880 28.8 57.54 254 4.13
1636658940 28.78 57.61 272 4.13
1636659000 28.74 57.83 278 4.13
1636659060 28.8 58.01 296 4.13
1636659120 28.8 58.2 775 4.125
1636659180 28.71 58.34 951 4.125
1636659240 28.84 58.43 841 4.125
1636659300 29.1 58.46 725 4.125
1636659360 29.24 58.5 266 4.125
1636659420 29.44 58.48 266 4.125
1636659480 29.49 58.36 368 4.125
1636659540 29.55 58.23 356 4.125
1636659600 29.59 58.12 302 4.125
1636659660 29.65 57.96 260 4.13
1636659720 29.49 57.81 236 4.13
1636659780 29.44 57.72 314 4.13
1636659840 29.39 57.68 320 4.135
1636659900 29.42 57.62 868 4.135
1636659960 29.39 57.53 855 4.135
1636660020 29.45 57.51 874 4.135
1636660080 29.61 57.51 248 4.125
1636660140 29.68 57.55 242 4.125
1636660200 29.76 57.59 242 4.125
1636660260 29.61 57.48 242 4.125
1636660320 29.77 57.45 399 4.125
1636660380 29.71 57.43 472 4.125
1636660440 29.66 57.37 374 4.125
1636660500 29.52 57.39 867 4.125
1636660560 29.39 57.5 817 4.125
1636660620 29.45 57.53 278 4.125
1636660680 29.53 57.65 224 4.125
1636660740 29.69 57.68 617 4.125
1636660800 29.59 57.57 643 4.125
1636660860 29.71 57.65 290 4.125
1636660920 29.41 57.64 350 4.119
1636660980 29.38 57.72 296 4.125
1636661040 29.51 57.83 387 4.125
1636661100 29.48 57.86 763 4.125
1636661160 29.58 57.92 393 4.125
1636661220 29.69 57.97 873 4.119
1636661280 30.06 58.01 739 4.125
1636661340 30.37 57.89 265 4.125
1636661400 30.27 57.71 819 4.135
1636661460 30.31 57.63 466 4.13
1636661520 30.26 57.47 454 4.135
1636661580 30.26 57.27 838 4.135
1636661640 30.31 57.12 808 4.135
1636661700 30.61 56.98 802 4.135
1636661760 30.5 56.83 758 4.13
1636661820 30.73 56.74 326 4.13
1636661880 30.82 56.52 174 4.13
1636661940 30.66 56.28 174 4.13
1636662000 30.23 56.07 168 4.13
1636662060 29.95 55.98 174 4.13
1636662120 29.49 55.96 174 4.13
1636662180 29.21 56.08 188 4.13
1636662240 29.22 56.2 272 4.13
1636662300 29.05 56.36 230 4.135
1636662360 29.01 56.62 254 4.13
1636662420 28.98 56.82 486 4.135
1636662480 28.96 56.89 504 4.135
1636662540 28.98 56.98 630 4.135
1636662600 29.31 56.93 182 4.13
1636662660 29.28 56.92 156 4.13
1636662720 29.21 57 138 4.13
1636662780 29.21 57.12 132 4.13
1636662840 29.34 57.14 132 4.13
1636662960 29.28 57.21 138 4.13
1636663020 29.14 57.35 132 4.13
1636663080 28.82 57.41 138 4.13
1636663140 28.8 57.59 266 4.13
1636663200 28.56 57.72 162 4.13
1636663260 28.4 57.82 168 4.13
1636663320 28.42 57.9 180 4.13
1636663380 28.42 57.9 182 4.13
1636663440 28.36 57.95 180 4.13
1636663500 28.42 58.06 624 4.135
1636663560 28.45 58.14 588 4.135
1636663620 28.61 58.09 570 4.135
1636663680 28.86 58.02 558 4.135
1636663740 28.87 58.02 558 4.135
1636663800 29.17 57.98 114 4.135
1636663860 29.26 57.88 120 4.13
1636663920 29.12 57.82 114 4.13
1636663980 29.02 57.78 102 4.13
1636664040 28.91 57.87 120 4.13
1636664100 28.82 57.81 108 4.13
1636664160 28.74 57.82 156 4.119
1636664220 28.54 57.99 150 4.13
1636664280 28.5 57.96 132 4.13
1636664340 28.42 57.99 144 4.13
1636664400 28.4 58.03 144 4.13
1636664460 28.46 58.06 144 4.13
1636664520 28.46 57.96 138 4.13
1636664580 28.45 57.9 132 4.13
1636664640 28.4 57.82 126 4.13
1636664700 28.4 57.81 114 4.13
1636664760 28.37 57.74 108 4.13
1636664820 28.37 57.78 108 4.13
1636664880 28.3 57.86 102 4.13
1636664940 28.2 57.9 78 4.13
1636665000 28.23 58.07 96 4.13
1636665060 28.24 58.12 132 4.13
1636665120 28.18 58.26 132 4.13
1636665180 28.18 58.4 138 4.13
1636665240 28.22 58.49 138 4.13
1636665300 28.22 58.6 138 4.13
1636665360 28.2 58.8 144 4.13
1636665420 28.22 58.93 126 4.13
1636665480 28.19 59.01 144 4.13
1636665540 28.15 59.13 150 4.13
1636665600 28.26 59.31 150 4.135
1636665660 28.26 59.45 162 4.135
1636665720 28.23 59.57 162 4.135
1636665780 28.2 59.64 164 4.135
1636665840 28.24 59.69 162 4.13
1636665900 28.33 59.88 170 4.13
1636665960 28.37 59.91 174 4.13
1636666020 28.36 59.86 168 4.135
1636666080 28.4 59.83 162 4.13
1636666140 28.5 59.84 156 4.135
1636666200 28.6 59.84 126 4.13
1636666260 28.5 59.83 138 4.13
1636666320 28.53 59.92 126 4.13
1636666380 28.47 60 120 4.135
1636666440 28.37 60.04 108 4.13
1636666500 28.39 60.13 102 4.13
1636666560 28.3 60.18 96 4.13
1636666620 28.32 60.23 90 4.13
1636666680 28.3 60.31 78 4.13
1636666740 28.2 60.34 54 4.13
1636666800 28.15 60.44 48 4.13
1636666860 28.12 60.51 42 4.13
1636666920 27.99 60.53 36 4.13
1636666980 27.92 60.62 36 4.13
1636667040 27.85 60.76 36 4.13
1636667100 27.73 60.77 42 4.13
1636667160 27.64 60.88 30 4.13
1636667220 27.55 60.97 30 4.13
1636667280 27.51 61.05 30 4.13
1636667340 27.47 61.12 24 4.13
1636667400 27.41 61.16 30 4.13
1636667460 27.4 61.26 30 4.13
1636667520 27.33 61.24 30 4.13
1636667580 27.3 61.27 24 4.13
1636667640 27.21 61.4 24 4.13
1636667700 27.17 61.57 24 4.13
1636667760 27.1 61.66 30 4.125
1636667820 27.05 61.86 30 4.13
1636667880 26.96 62.02 30 4.13
1636667940 26.94 62.21 30 4.13
1636668000 26.87 62.39 30 4.125
1636668060 26.79 62.57 30 4.13
1636668120 26.74 62.73 30 4.125
1636668180 26.72 62.85 30 4.13
1636668240 26.69 62.93 30 4.13
1636668300 26.69 62.99 30 4.125
1636668360 26.7 63.08 30 4.13
1636668420 26.69 63.21 30 4.125
1636668480 26.64 63.28 30 4.13
1636668540 26.6 63.38 30 4.13
1636668600 26.57 63.52 30 4.13
1636668660 26.56 63.65 36 4.125
1636668720 26.54 63.82 36 4.125
1636668780 26.56 63.99 36 4.125
1636668840 26.54 64.11 36 4.125
1636668900 26.56 64.26 30 4.13
1636668960 26.53 64.42 36 4.125
1636669020 26.56 64.63 36 4.125
1636669080 26.57 64.81 36 4.13
1636669140 26.56 64.95 36 4.125
1636669200 26.53 65.11 36 4.13
1636669260 26.59 65.28 36 4.125
1636669320 26.54 65.41 30 4.13
1636669380 26.59 65.52 30 4.13
1636669440 26.62 65.68 30 4.13
1636669500 26.62 65.78 30 4.125
1636669560 26.63 65.92 30 4.125
1636669620 26.6 66.06 30 4.125
1636669680 26.59 66.21 36 4.125
1636669740 26.6 66.33 36 4.13
1636669800 26.64 66.45 36 4.125
1636669860 26.6 66.66 36 4.125
1636669920 26.56 66.81 36 4.125
1636669980 26.57 66.91 36 4.125
1636670040 26.6 67.05 36 4.125
1636670100 26.6 67.13 36 4.13
1636670160 26.62 67.24 36 4.125
1636670220 26.59 67.33 36 4.125
1636670280 26.57 67.38 36 4.125
1636670340 26.53 67.44 36 4.125
1636670400 26.52 67.57 36 4.125
1636670460 26.49 67.61 36 4.125
1636670520 26.46 67.76 36 4.125
1636670580 26.43 67.83 30 4.125
1636670640 26.42 67.97 30 4.125
1636670700 26.4 68.11 30 4.125
1636670760 26.39 68.27 24 4.125
1636670820 26.33 68.38 24 4.13
1636670880 26.32 68.53 24 4.125
1636670940 26.28 68.66 18 4.125
1636671000 26.26 68.77 18 4.125
1636671060 26.21 68.9 18 4.125
1636671120 26.21 69.01 12 4.13
1636671180 26.19 69.17 12 4.125
1636671240 26.15 69.3 12 4.125
1636671300 26.08 69.47 12 4.125
1636671360 26.06 69.59 12 4.119
1636671420 25.99 69.7 6 4.125
1636671480 25.91 69.82 6 4.125
1636671540 25.85 69.93 6 4.125
1636671600 25.84 70.05 6 4.125
1636671660 25.81 70.17 6 4.125
1636671720 25.72 70.31 6 4.125
1636671780 25.69 70.43 0 4.125
1636671840 25.69 70.56 0 4.125
1636671900 25.63 70.65 0 4.125
1636671960 25.64 70.82 0 4.125
1636672020 25.58 70.92 0 4.125
1636672080 25.57 71.04 0 4.125
1636672140 25.56 71.2 0 4.125
1636672200 25.49 71.34 0 4.125
1636672260 25.49 71.43 0 4.125
1636672320 25.45 71.47 0 4.125
1636672380 25.42 71.54 0 4.125
1636672440 25.4 71.61 0 4.125
1636672500 25.37 71.61 0 4.125
1636672560 25.34 71.68 0 4.125
1636672620 25.31 71.75 0 4.125
1636672680 25.28 71.79 0 4.125
1636672740 25.26 71.87 0 4.125
1636672800 25.27 71.98 0 4.125
1636672860 25.24 72.05 0 4.125
1636672920 25.18 72.17 0 4.125
1636672980 25.17 72.24 0 4.125
1636673040 25.17 72.31 0 4.125
1636673100 25.12 72.43 0 4.125
1636673160 25.1 72.56 0 4.125
1636673220 25.09 72.66 0 4.125
1636673280 25.07 72.76 0 4.125
1636673340 25.06 72.89 0 4.125
1636673400 25.06 73.01 0 4.125
1636673460 25.03 73.09 0 4.125
1636673520 24.98 73.17 0 4.125
1636673580 24.97 73.26 0 4.125
1636673640 24.98 73.36 0 4.125
1636673700 24.96 73.39 0 4.125
1636673760 24.93 73.48 0 4.125
1636673820 24.96 73.58 0 4.125
1636673880 24.93 73.66 0 4.125
1636673940 24.91 73.77 0 4.125
1636674000 24.89 73.89 0 4.125
1636674060 24.89 73.92 0 4.125
1636674120 24.9 73.98 0 4.119
1636674180 24.85 74.11 0 4.125
1636674240 24.83 74.21 0 4.119
1636674300 24.82 74.28 0 4.125
1636674360 24.8 74.4 0 4.125
1636674420 24.79 74.48 0 4.125
1636674480 24.77 74.58 0 4.125
1636674540 24.73 74.65 0 4.125
1636674600 24.72 74.78 0 4.125
1636674660 24.67 74.94 0 4.125
1636674720 24.69 74.98 0 4.125
1636674780 24.69 75.06 0 4.125
1636674840 24.69 75.12 0 4.125
1636674900 24.63 75.27 0 4.125
1636674960 24.65 75.37 0 4.119
1636675020 24.62 75.47 0 4.125
1636675080 24.59 75.5 0 4.125
1636675140 24.61 75.62 0 4.125
1636675200 24.58 75.7 0 4.125
1636675260 24.56 75.8 0 4.125
1636675320 24.52 75.91 0 4.125
1636675380 24.51 75.97 0 4.125
1636675440 24.51 76.09 0 4.125
1636675500 24.51 76.11 0 4.125
1636675560 24.51 76.21 0 4.125
1636675620 24.49 76.31 0 4.125
1636675680 24.46 76.36 0 4.119
1636675740 24.42 76.41 0 4.125
1636675800 24.4 76.5 0 4.125
1636675860 24.4 76.53 0 4.125
1636675920 24.4 76.61 0 4.125
1636675980 24.38 76.74 0 4.125
1636676040 24.36 76.81 0 4.125
1636676100 24.32 76.91 0 4.125
1636676160 24.29 76.96 0 4.119
1636676220 24.29 77.05 0 4.125
1636676280 24.25 77.15 0 4.125
1636676340 24.25 77.27 0 4.125
1636676400 24.25 77.38 0 4.119
1636676460 24.25 77.48 0 4.125
1636676520 24.22 77.55 0 4.125
1636676580 24.23 77.64 0 4.125
1636676640 24.18 77.73 0 4.125
1636676700 24.19 77.79 0 4.125
1636676760 24.16 77.85 0 4.119
1636676820 24.15 77.91 0 4.119
1636676880 24.15 78.02 0 4.125
1636676940 24.14 78.09 0 4.125
1636677000 24.14 78.13 0 4.125
1636677060 24.14 78.21 0 4.125
1636677120 24.12 78.32 0 4.125
1636677180 24.11 78.37 0 4.119
1636677240 24.11 78.45 0 4.119
1636677300 24.15 78.54 0 4.125
1636677360 24.18 78.62 0 4.125
1636677420 24.16 78.67 0 4.119
1636677480 24.14 78.78 0 4.125
1636677540 24.14 78.84 0 4.125
1636677600 24.14 78.89 0 4.125
1636677660 24.16 78.95 0 4.119
1636677720 24.16 78.97 0 4.119
1636677780 24.14 78.95 0 4.125
1636677840 24.1 79.03 0 4.119
1636677900 24.05 79.13 0 4.125
1636677960 24.08 79.23 0 4.119
1636678020 24.08 79.27 0 4.119
1636678080 24.04 79.31 0 4.119
1636678140 24.01 79.37 0 4.119
1636678200 23.97 79.49 0 4.125
1636678260 23.94 79.59 0 4.119
1636678320 23.92 79.65 0 4.125
1636678380 23.91 79.76 0 4.119
1636678440 23.89 79.77 0 4.125
1636678500 23.88 79.83 0 4.125
1636678560 23.85 79.89 0 4.119
1636678620 23.84 79.94 0 4.119
1636678680 23.85 80.05 0 4.125
1636678740 23.85 80.08 0 4.119
1636678800 23.87 80.09 0 4.119
1636678860 23.85 80.12 0 4.119
1636678920 23.82 80.13 0 4.125
1636678980 23.82 80.18 0 4.125
1636679040 23.82 80.21 0 4.125
1636679100 23.81 80.25 0 4.119
1636679160 23.8 80.26 0 4.125
1636679220 23.8 80.36 0 4.119
1636679280 23.74 80.36 0 4.125
1636679340 23.74 80.37 0 4.125
1636679400 23.7 80.41 0 4.125
1636679460 23.71 80.46 0 4.119
1636679520 23.7 80.51 0 4.119
1636679580 23.7 80.58 0 4.119
1636679640 23.67 80.63 0 4.119
1636679700 23.65 80.69 0 4.119
1636679760 23.64 80.78 0 4.125
1636679820 23.65 80.8 0 4.119
1636679880 23.63 80.86 0 4.119
1636679940 23.64 80.92 0 4.119
1636680000 23.65 80.99 0 4.125
1636680060 23.65 81.03 0 4.119
1636680120 23.67 81.07 0 4.119
1636680180 23.65 81.11 0 4.119
1636680240 23.67 81.19 0 4.119
1636680300 23.67 81.21 0 4.119
1636680360 23.65 81.25 0 4.119
1636680420 23.64 81.3 0 4.119
1636680480 23.65 81.32 0 4.125
1636680540 23.67 81.37 0 4.119
1636680600 23.67 81.42 0 4.119
1636680660 23.67 81.46 0 4.119
1636680720 23.68 81.44 0 4.119
1636680780 23.67 81.48 0 4.119
1636680840 23.68 81.51 0 4.119
1636680900 23.71 81.51 0 4.119
1636680960 23.74 81.46 0 4.119
1636681020 23.77 81.41 0 4.119
1636681080 23.77 81.36 0 4.119
1636681140 23.78 81.35 0 4.125
1636681200 23.8 81.33 0 4.119
1636681260 23.82 81.33 0 4.125
1636681320 23.82 81.27 0 4.119
1636681380 23.82 81.22 0 4.119
1636681440 23.87 81.19 0 4.119
1636681500 23.87 81.19 0 4.119
1636681560 23.87 81.18 0 4.119
1636681620 23.91 81.16 0 4.119
1636681680 23.89 81.12 0 4.119
1636681740 23.91 81.06 0 4.119
1636681800 23.85 81.06 0 4.119
1636681860 23.88 81.05 0 4.119
1636681920 23.88 81.02 0 4.119
1636681980 23.85 81.03 0 4.119
1636682040 23.85 80.99 0 4.119
1636682100 23.81 81.04 0 4.119
1636682160 23.82 81.04 0 4.119
1636682220 23.8 81.09 0 4.119
1636682280 23.77 81.13 0 4.119
1636682340 23.77 81.18 0 4.119
1636682400 23.72 81.21 0 4.119
1636682460 23.7 81.28 0 4.119
1636682520 23.71 81.36 0 4.119
1636682580 23.7 81.39 0 4.119
1636682640 23.68 81.45 0 4.119
1636682700 23.64 81.48 0 4.119
1636682760 23.63 81.55 0 4.119
1636682820 23.64 81.52 0 4.119
1636682880 23.6 81.59 0 4.119
1636682940 23.57 81.6 0 4.119
1636683000 23.56 81.6 0 4.119
1636683060 23.56 81.68 0 4.119
1636683120 23.51 81.72 0 4.119
1636683180 23.47 81.8 0 4.119
1636683240 23.41 81.94 0 4.119
1636683300 23.37 81.98 0 4.119
1636683360 23.36 82.02 0 4.119
1636683420 23.3 82.15 0 4.119
1636683480 23.3 82.2 0 4.119
1636683540 23.27 82.31 0 4.119
1636683600 23.23 82.38 0 4.119
1636683660 23.24 82.51 0 4.119
1636683720 23.2 82.59 0 4.119
1636683780 23.19 82.69 0 4.119
1636683840 23.16 82.79 0 4.119
1636683900 23.14 82.85 0 4.119
1636683960 23.14 82.93 0 4.119
1636684020 23.13 83 0 4.119
1636684080 23.17 83.05 0 4.119
1636684140 23.14 83.11 0 4.119
1636684200 23.16 83.17 0 4.119
1636684260 23.16 83.21 0 4.119
1636684320 23.17 83.29 0 4.119
1636684380 23.17 83.31 0 4.119
1636684440 23.13 83.3 0 4.119
1636684500 23.12 83.19 0 4.119
1636684560 23.12 83.11 0 4.119
1636684620 23.14 83.05 0 4.119
1636684680 23.14 82.99 0 4.119
1636684740 23.16 82.95 0 4.119
1636684800 23.12 82.87 0 4.119
1636684860 23.16 82.86 0 4.114
1636684920 23.16 82.84 0 4.119
1636684980 23.12 82.79 0 4.114
1636685040 23.13 82.79 0 4.114
1636685100 23.12 82.84 0 4.119
1636685160 23.13 82.87 0 4.119
1636685220 23.06 82.89 0 4.119
1636685280 23.07 82.93 0 4.119
1636685340 23.07 82.93 0 4.119
1636685400 23.07 82.96 0 4.119
1636685460 23.06 83.01 0 4.119
1636685520 23.05 83.04 0 4.119
1636685580 23.03 83.07 0 4.119
1636685640 23 83.16 0 4.119
1636685700 22.93 83.18 0 4.119
1636685760 22.93 83.25 0 4.119
1636685820 22.93 83.26 0 4.119
1636685880 22.9 83.34 0 4.119
1636685940 22.92 83.38 0 4.119
1636686000 22.86 83.41 0 4.119
1636686060 22.83 83.44 0 4.119
1636686120 22.82 83.52 0 4.119
1636686180 22.82 83.55 0 4.119
1636686240 22.83 83.65 0 4.119
1636686300 22.83 83.73 0 4.119
1636686360 22.85 83.79 0 4.114
1636686420 22.8 83.82 0 4.119
1636686480 22.8 83.88 0 4.119
1636686540 22.8 84.01 0 4.114
1636686600 22.76 84 0 4.119
1636686660 22.76 84.1 0 4.119
1636686720 22.78 84.14 0 4.119
1636686780 22.76 84.2 0 4.119
1636686840 22.75 84.26 0 4.119
1636686900 22.73 84.3 0 4.119
1636686960 22.7 84.36 0 4.114
1636687020 22.7 84.42 0 4.119
1636687080 22.69 84.46 0 4.119
1636687140 22.66 84.53 0 4.119
1636687200 22.68 84.62 0 4.119
1636687260 22.66 84.65 0 4.119
1636687320 22.65 84.75 0 4.119
1636687380 22.63 84.77 0 4.119
1636687440 22.66 84.9 0 4.119
1636687500 22.62 84.91 0 4.119
1636687560 22.61 85.01 0 4.114
1636687620 22.59 85.04 0 4.114
1636687680 22.56 85.14 0 4.119
1636687740 22.54 85.15 0 4.114
1636687800 22.52 85.22 0 4.119
1636687860 22.54 85.29 0 4.114
1636687920 22.52 85.27 0 4.119
1636687980 22.51 85.37 0 4.114
1636688040 22.46 85.32 0 4.119
1636688100 22.46 85.34 0 4.119
1636688160 22.46 85.38 0 4.119
1636688220 22.46 85.34 0 4.119
1636688280 22.44 85.31 0 4.119
1636688340 22.45 85.31 0 4.114
1636688400 22.44 85.24 0 4.119
1636688460 22.41 85.19 0 4.114
1636688520 22.39 85.14 0 4.114
1636688580 22.39 85.09 0 4.114
1636688640 22.38 85.07 0 4.119
1636688700 22.36 85.04 0 4.114
1636688760 22.39 84.99 0 4.119
1636688820 22.38 84.97 0 4.114
1636688880 22.35 84.97 0 4.119
1636688940 22.34 84.97 0 4.114
1636689000 22.34 85.01 0 4.114
1636689060 22.32 84.95 0 4.114
1636689120 22.32 84.93 0 4.119
1636689180 22.32 84.88 0 4.114
1636689240 22.34 84.86 0 4.119
1636689300 22.32 84.79 0 4.119
1636689360 22.32 84.74 0 4.119
1636689420 22.34 84.65 0 4.119
1636689480 22.32 84.62 0 4.114
1636689540 22.32 84.51 0 4.114
1636689600 22.32 84.46 0 4.114
1636689660 22.34 84.37 0 4.119
1636689720 22.31 84.34 0 4.119
1636689780 22.31 84.28 0 4.119
1636689840 22.31 84.25 0 4.119
1636689900 22.3 84.24 0 4.114
1636689960 22.3 84.15 0 4.119
1636690020 22.25 84.07 0 4.114
1636690080 22.24 84.01 0 4.114
1636690140 22.27 83.87 0 4.119
1636690200 22.25 83.74 0 4.114
1636690260 22.27 83.6 0 4.114
1636690320 22.31 83.49 0 4.114
1636690380 22.3 83.34 0 4.114
1636690440 22.31 83.25 0 4.114
1636690500 22.28 83.18 0 4.119
1636690560 22.31 83.07 0 4.114
1636690620 22.32 82.96 0 4.114
1636690680 22.34 82.89 0 4.114
1636690740 22.3 82.84 0 4.114
1636690800 22.28 82.76 0 4.114
1636690860 22.27 82.77 0 4.114
1636690920 22.27 82.76 0 4.114
1636690980 22.24 82.72 0 4.114
1636691040 22.25 82.72 0 4.114
1636691100 22.25 82.78 0 4.114
1636691160 22.21 82.84 0 4.114
1636691220 22.19 82.83 0 4.114
1636691280 22.16 82.79 0 4.114
1636691340 22.16 82.75 0 4.114
1636691400 22.16 82.7 0 4.114
1636691460 22.16 82.6 0 4.114
1636691520 22.16 82.55 0 4.114
1636691580 22.15 82.47 0 4.114
1636691640 22.16 82.41 0 4.114
1636691700 22.21 82.34 0 4.114
1636691760 22.19 82.3 0 4.119
1636691820 22.15 82.28 0 4.114
1636691880 22.18 82.29 0 4.114
1636691940 22.15 82.35 0 4.114
1636692000 22.11 82.36 0 4.114
1636692060 22.08 82.35 0 4.114
1636692120 22.07 82.35 0 4.114
1636692180 22.05 82.36 0 4.114
1636692240 22.04 82.3 0 4.114
1636692300 22.07 82.31 0 4.119
1636692360 22.07 82.39 0 4.114
1636692420 22.04 82.36 0 4.119
1636692480 22.03 82.44 0 4.114
1636692540 22 82.4 0 4.114
1636692600 22.01 82.46 0 4.114
1636692660 22 82.43 0 4.114
1636692720 21.97 82.4 0 4.114
1636692780 21.95 82.38 0 4.114
1636692840 22 82.41 0 4.114
1636692900 21.93 82.26 0 4.114
1636692960 21.98 82.3 0 4.114
1636693020 21.97 82.36 0 4.114
1636693080 21.97 82.39 0 4.114
1636693140 21.93 82.43 0 4.114
