1636606800 21.59 90.1 0 4.001
1636606860 21.58 89.93 0 4.001
1636606920 21.55 90.06 0 4.001
1636606980 21.56 90.04 0 4.001
1636607040 21.52 90.06 0 4.001
1636607100 21.58 90.12 0 4.001
1636607160 21.62 89.94 0 4.001
1636607220 21.65 89.93 0 4.006
1636607280 21.62 90.01 0 4.001
1636607340 21.59 90.18 0 4.001
1636607400 21.54 90.31 0 4.001
1636607460 21.45 90.53 0 4.001
1636607520 21.42 90.85 0 4.001
1636607580 21.4 91.01 0 4.001
1636607640 21.35 91.14 0 4.001
1636607700 21.35 91.35 0 4.001
1636607760 21.3 91.41 0 4.001
1636607820 21.25 91.27 0 4.001
1636607880 21.21 91.26 0 4.001
1636607940 21.17 91.24 0 4.001
1636608000 21.11 91.1 0 4.001
1636608060 21.11 91.18 0 4.001
1636608120 21.07 90.88 0 4.001
1636608180 21.01 90.59 0 4.001
1636608240 20.97 90.31 0 3.996
1636608300 20.95 90.4 0 3.996
1636608360 20.91 90.16 0 4.001
1636608420 20.89 90.15 0 4.001
1636608480 20.87 90.15 0 4.001
1636608540 20.86 90.23 0 4.001
1636608600 20.89 90.01 0 4.001
1636608660 20.9 89.78 0 4.001
1636608720 20.9 89.5 0 4.001
1636608780 20.93 89.31 0 4.001
1636608840 20.91 89.12 0 4.001
1636608900 20.93 88.91 0 4.001
1636608960 20.91 88.81 0 4.001
1636609020 20.95 87.94 0 3.996
1636609080 21.07 87.58 0 4.001
1636609140 21.08 87.24 0 3.996
1636609200 21.14 86.99 0 3.996
1636609260 21.14 87.05 0 4.001
1636609320 21.07 87.09 0 3.996
1636609380 21.1 86.92 0 4.001
1636609440 21.05 86.26 0 3.996
1636609500 21.1 85.36 0 3.996
1636609560 21.15 84.49 0 4.001
1636609620 21.28 83.39 0 3.996
1636609680 21.32 82.14 0 4.001
1636609740 21.44 81.9 0 3.996
1636609800 21.45 82.09 0 3.996
1636609860 21.46 81.71 0 4.001
1636609920 21.48 81.53 0 3.996
1636609980 21.51 81.37 0 3.996
1636610040 21.46 81.8 0 3.996
1636610100 21.51 81.95 0 3.996
1636610160 21.52 81.89 0 3.996
1636610220 21.51 81.91 0 3.996
1636610280 21.49 82.08 0 3.996
1636610340 21.45 81.87 0 3.996
1636610400 21.44 81.96 0 3.996
1636610460 21.44 82.2 0 3.996
1636610520 21.41 81.91 0 3.996
1636610580 21.44 81.7 0 3.996
1636610640 21.48 81.21 0 3.996
1636610700 21.54 80.78 0 3.996
1636610760 21.54 80.74 0 3.996
1636610820 21.59 80.46 0 3.996
1636610880 21.65 80.3 0 3.996
1636610940 21.68 80.07 0 3.996
1636611000 21.68 79.97 0 3.996
1636611060 21.71 79.92 0 3.996
1636611120 21.75 80.21 0 3.99
1636611180 21.76 80.27 0 3.996
1636611240 21.75 80.29 0 3.996
1636611300 21.79 80.23 0 3.996
1636611360 21.75 80.32 0 3.996
1636611420 21.76 80.56 0 3.99
1636611480 21.75 80.61 0 3.99
1636611540 21.79 80.45 0 3.996
1636611600 21.79 80.71 0 3.996
1636611660 21.78 80.69 0 3.99
1636611720 21.76 80.65 0 3.996
1636611780 21.75 80.67 0 3.996
1636611840 21.71 80.84 0 3.99
1636611900 21.69 80.97 0 3.99
1636611960 21.69 81.01 0 3.996
1636612020 21.66 80.9 0 3.996
1636612080 21.62 80.51 0 3.996
1636612140 21.63 80.46 0 3.996
1636612200 21.62 80.19 0 3.996
1636612260 21.61 80.21 0 3.996
1636612320 21.62 80.34 0 3.996
1636612380 21.58 80.23 0 3.996
1636612440 21.54 80.37 0 3.99
1636612500 21.56 80.46 0 3.99
1636612560 21.51 80.7 0 3.996
1636612620 21.46 80.74 0 3.996
1636612680 21.41 80.69 0 3.99
1636612740 21.4 80.57 0 3.99
1636612800 21.35 80.69 0 3.99
1636612860 21.32 80.47 0 3.99
1636612920 21.3 79.64 0 3.99
1636612980 21.24 78.75 0 3.99
1636613040 21.24 78.71 0 3.99
1636613100 21.18 78.25 0 3.996
1636613160 21.18 77.77 0 3.99
1636613220 21.17 77.93 0 3.99
1636613280 21.14 77.9 0 3.99
1636613340 21.14 77.81 0 3.99
1636613400 21.1 77.89 0 3.996
1636613460 21.14 77.85 0 3.99
1636613520 21.14 77.66 0 3.99
1636613580 21.12 77.56 0 3.99
1636613640 21.1 77.69 0 3.99
1636613700 21.1 77.65 0 3.99
1636613760 21.1 77.64 0 3.99
1636613820 21.1 77.71 0 3.99
1636613880 21.11 77.77 0 3.99
1636613940 21.1 77.67 0 3.99
1636614000 21.12 77.5 0 3.99
1636614060 21.15 77.37 0 3.99
1636614120 21.14 77.24 0 3.99
1636614180 21.14 77.12 0 3.99
1636614240 21.15 77.11 0 3.99
1636614300 21.18 76.8 0 3.99
1636614360 21.22 76.69 0 3.99
1636614420 21.21 76.65 0 3.99
1636614480 21.18 76.68 0 3.99
1636614540 21.21 76.67 0 3.985
1636614600 21.18 76.66 0 3.985
1636614660 21.2 76.67 0 3.99
1636614720 21.22 76.45 0 3.99
1636614780 21.27 76.45 0 3.99
1636614840 21.25 76.31 0 3.99
1636614900 21.3 76.25 0 3.985
1636614960 21.28 76.35 0 3.99
1636615020 21.3 76.44 0 3.99
1636615080 21.3 76.37 0 3.99
1636615140 21.28 76.34 0 3.985
1636615200 21.27 76.35 0 3.99
1636615260 21.22 76.35 0 3.99
1636615320 21.24 76.43 0 3.985
1636615380 21.22 76.41 0 3.99
1636615440 21.21 76.63 0 3.985
1636615500 21.17 76.54 0 3.99
1636615560 21.17 76.74 0 3.985
1636615620 21.11 76.89 0 3.985
1636615680 21.1 77.3 0 3.985
1636615740 21.05 77.73 0 3.985
1636615800 21.01 78.09 0 3.985
1636615860 20.91 79.07 0 3.99
1636615920 20.7 79.74 0 3.985
1636615980 20.6 80.24 0 3.985
1636616040 20.47 80.78 0 3.985
1636616100 20.39 81.01 0 3.985
1636616160 20.26 82.22 0 3.985
1636616220 20.18 82.46 0 3.99
1636616280 20.16 81.79 0 3.99
1636616340 20.11 84.26 0 3.985
1636616400 19.93 84.67 0 3.985
1636616460 19.95 84.79 0 3.985
1636616520 19.93 84.13 0 3.985
1636616580 19.91 83.42 0 3.979
1636616640 19.85 83.63 0 3.985
1636616700 19.85 84.22 0 3.969
1636616760 19.85 82.6 0 3.985
1636616820 19.95 81.15 0 3.985
1636616880 20.05 80.73 0 3.985
1636616940 20.19 79.74 0 3.985
1636617000 20.28 79.73 0 3.985
1636617060 20.29 79.06 0 3.985
1636617120 20.38 78.89 0 3.985
1636617180 20.42 77.73 0 3.985
1636617240 20.53 77.56 0 3.979
1636617300 20.54 77.15 0 3.985
1636617360 20.65 76.62 0 3.985
1636617420 20.73 76.07 0 3.985
1636617480 20.76 76.58 0 3.985
1636617540 20.87 75.49 0 3.985
1636617600 20.89 75.44 0 3.985
1636617660 20.95 74.76 0 3.985
1636617720 20.91 75.57 0 3.985
1636617780 20.9 75.24 0 3.985
1636617840 20.9 76.03 0 3.985
1636617900 20.86 74.83 0 3.985
1636617960 20.9 75.12 0 3.979
1636618020 20.83 75.29 0 3.985
1636618080 20.79 75.53 0 3.985
1636618140 20.79 75.93 0 3.979
1636618200 20.74 75.92 0 3.979
1636618260 20.73 76 0 3.979
1636618320 20.74 75.42 0 3.985
1636618380 20.74 75.45 0 3.979
1636618440 20.69 75.9 0 3.979
1636618500 20.69 75.73 0 3.979
1636618560 20.7 75.61 0 3.979
1636618620 20.71 75.5 0 3.985
1636618680 20.71 75.45 0 3.985
1636618740 20.76 74.88 0 3.979
1636618800 20.84 74.43 0 3.979
1636618860 20.87 74.57 0 3.979
1636618920 20.9 74.88 0 3.979
1636618980 20.93 74.58 0 3.979
1636619040 20.89 74.94 0 3.979
1636619100 20.84 74.89 0 3.979
1636619160 20.91 74.22 0 3.979
1636619220 20.91 74.92 0 3.979
1636619280 20.95 74.22 0 3.979
1636619340 20.94 74.61 0 3.979
1636619400 20.91 74.87 0 3.979
1636619460 20.94 74.09 0 3.979
1636619520 20.95 73.57 0 3.979
1636619580 20.94 72.95 0 3.979
1636619640 20.98 73.29 0 3.979
1636619700 20.97 73.13 0 3.979
1636619760 20.98 73.23 0 3.979
1636619820 20.93 73.4 0 3.979
1636619880 20.89 73.91 0 3.979
1636619940 20.81 73.78 0 3.979
1636620000 20.81 73.91 0 3.979
1636620060 20.83 73.92 0 3.979
1636620120 20.81 74.21 0 3.979
1636620180 20.9 73.29 0 3.979
1636620240 20.89 73.73 0 3.979
1636620300 20.86 73.96 0 3.979
1636620360 20.79 74.18 0 3.979
1636620420 20.84 73.41 0 3.979
1636620480 20.83 73.79 0 3.979
1636620540 20.95 72.46 0 3.979
1636620600 21.05 72.32 0 3.979
1636620660 21.04 72.27 0 3.979
1636620720 21.01 72.66 0 3.979
1636620780 21.07 72.42 0 3.979
1636620840 21.02 72.94 0 3.974
1636620900 21.04 71.98 0 3.979
1636620960 21.07 71.9 0 3.979
1636621020 21.01 72.02 0 3.979
1636621080 21.05 72.22 0 3.979
1636621140 21.07 72.15 0 3.979
1636621200 21.08 71.42 0 3.979
1636621260 21.04 71.76 0 3.979
1636621320 21.11 71.23 0 3.979
1636621380 21.07 71.72 0 3.974
1636621440 21.1 71.78 0 3.974
1636621500 21.02 72.25 0 3.979
1636621560 21.01 72.38 0 3.979
1636621620 20.97 72.75 0 3.974
1636621680 20.91 72.73 0 3.979
1636621740 20.84 72.86 0 3.974
1636621800 20.79 73.17 0 3.974
1636621860 20.73 73.05 0 3.974
1636621920 20.73 73.14 0 3.979
1636621980 20.69 73.07 0 3.974
1636622040 20.67 73.04 0 3.974
1636622100 20.63 72.64 0 3.974
1636622160 20.6 72.89 0 3.974
1636622220 20.6 72.64 0 3.974
1636622280 20.6 72.58 0 3.974
1636622340 20.57 72.49 0 3.979
1636622400 20.57 72.43 0 3.974
1636622460 20.57 72.31 0 3.974
1636622520 20.51 72.32 0 3.974
1636622580 20.54 72.7 0 3.974
1636622640 20.53 72.51 0 3.974
1636622700 20.5 72.71 0 3.974
1636622760 20.47 72.88 0 3.974
1636622820 20.44 72.79 0 3.974
1636622880 20.39 72.82 0 3.974
1636622940 20.38 73.07 0 3.974
1636623000 20.35 73.15 0 3.974
1636623060 20.33 73.19 0 3.974
1636623120 20.3 73.31 0 3.974
1636623180 20.36 73.33 0 3.974
1636623240 20.3 73.31 0 3.974
1636623300 20.26 73.47 0 3.974
1636623360 20.22 73.49 0 3.974
1636623420 20.19 73.59 0 3.974
1636623480 20.16 73.96 0 3.974
1636623540 20.16 74.1 0 3.974
1636623600 20.15 74.08 0 3.969
1636623660 20.11 74.17 0 3.969
1636623720 20.08 74.62 0 3.974
1636623780 20.05 74.72 0 3.974
1636623840 20.02 75.04 0 3.974
1636623900 19.96 75.32 0 3.969
1636623960 19.88 75.06 0 3.974
1636624020 19.88 75.06 0 3.974
1636624080 20 75.03 0 3.974
1636624140 20.14 74.53 0 3.974
1636624200 20.07 74.66 0 3.974
1636624260 20.08 74.72 0 3.974
1636624320 20.09 74.22 0 3.974
1636624380 20.14 74.21 0 3.974
1636624440 20.23 74.18 0 3.969
1636624500 20.23 74.01 0 3.974
1636624560 20.26 73.94 0 3.969
1636624620 20.32 73.71 0 3.969
1636624680 20.26 74.3 0 3.969
1636624740 20.19 75.1 0 3.974
1636624800 20.16 75.17 0 3.969
1636624860 20.26 74.4 0 3.974
1636624920 20.25 74.58 0 3.969
1636624980 20.28 74.24 0 3.974
1636625040 20.38 74.24 0 3.974
1636625100 20.39 74.14 0 3.969
1636625160 20.44 73.99 0 3.969
1636625220 20.39 74.29 0 3.974
1636625280 20.26 74.67 0 3.969
1636625340 20.18 74.91 0 3.969
1636625400 20.09 75.27 0 3.969
1636625460 20.05 75.55 0 3.969
1636625520 20.07 75.56 0 3.969
1636625580 20.14 75.25 0 3.974
1636625640 20.16 75.18 0 3.969
1636625700 20.15 74.93 0 3.969
1636625760 20.11 74.91 0 3.974
1636625820 20.05 75.25 0 3.969
1636625880 20.11 75.52 0 3.969
1636625940 20.22 75.23 0 3.969
1636626000 20.18 75.71 0 3.969
1636626060 20.14 76.04 0 3.969
1636626120 20.09 76 0 3.969
1636626180 20.08 76.02 0 3.969
1636626240 20.14 75.77 0 3.969
1636626300 20.2 75.72 0 3.969
1636626360 20.22 75.3 0 3.969
1636626420 20.2 75.25 0 3.963
1636626480 20.15 75.46 0 3.969
1636626540 20.09 75.7 0 3.969
1636626600 20.05 76.03 0 3.969
1636626660 19.99 76.07 0 3.969
1636626720 19.99 75.99 0 3.969
1636626780 19.99 75.26 4 3.969
1636626840 20 75.11 0 3.969
1636626900 19.95 75.86 0 3.969
1636626960 19.87 76.6 4 3.969
1636627020 19.84 76.33 4 3.969
1636627080 19.82 76.03 4 3.969
1636627140 19.85 75.86 4 3.963
1636627200 19.93 75.69 4 3.963
1636627260 19.87 75.42 4 3.969
1636627320 19.89 75.2 4 3.963
1636627380 19.98 74.83 4 3.969
1636627440 19.93 74.76 4 3.969
1636627500 19.99 74.03 4 3.969
1636627560 20.15 73.5 4 3.963
1636627620 20.22 73.34 4 3.969
1636627680 20.23 73.2 4 3.969
1636627740 20.36 73 4 3.969
1636627800 20.35 73.1 10 3.969
1636627860 20.32 73.31 10 3.963
1636627920 20.38 73.07 10 3.969
1636627980 20.4 72.91 10 3.969
1636628040 20.32 73.31 10 3.963
1636628100 20.36 73.26 10 3.963
1636628160 20.46 72.55 10 3.963
1636628220 20.5 72.64 10 3.963
1636628280 20.47 72.47 10 3.969
1636628340 20.51 72.57 10 3.963
1636628400 20.5 72.27 10 3.969
1636628460 20.5 72.61 16 3.963
1636628520 20.49 72.47 16 3.963
1636628580 20.47 72.44 16 3.963
1636628640 20.42 72.75 16 3.963
1636628700 20.42 73 22 3.963
1636628760 20.42 73.17 28 3.963
1636628820 20.5 72.29 28 3.963
1636628880 20.57 71.87 34 3.963
1636628940 20.62 72.03 34 3.963
1636629000 20.56 71.91 40 3.963
1636629060 20.57 71.58 45 3.963
1636629120 20.6 70.06 57 3.963
1636629180 20.74 70.54 63 3.963
1636629240 20.77 70.08 69 3.963
1636629300 20.83 69.26 69 3.963
1636629360 20.91 69.16 69 3.963
1636629420 20.94 69.15 81 3.963
1636629480 21 69.2 121 3.963
1636629540 21.1 68.71 144 3.963
1636629600 21.24 67.99 150 3.963
1636629660 21.51 67.52 156 3.963
1636629720 21.69 66.75 168 3.963
1636629780 21.86 66.43 174 3.963
1636629840 22.03 66.03 179 3.963
1636629900 22.16 65.02 179 3.963
1636629960 22.22 64.21 186 3.963
1636630020 22.36 64 191 3.963
1636630080 22.51 63.23 197 3.969
1636630140 22.73 63.05 197 3.969
1636630200 22.74 62.67 203 3.969
1636630260 22.85 62.75 203 3.969
1636630320 23.04 62.3 203 3.969
1636630380 23.22 62.17 203 3.969
1636630440 23.6 61.41 203 3.963
1636630500 23.9 60.32 209 3.963
1636630560 24.13 59.6 209 3.969
1636630620 24.32 58.32 209 3.969
1636630680 24.68 57.45 203 3.969
1636630740 24.67 56 203 3.963
1636630800 24.64 55.72 203 3.963
1636630860 24.67 55.15 203 3.963
1636630920 24.95 54.69 203 3.963
1636630980 25.02 55.02 203 3.963
1636631040 24.99 54.92 203 3.963
1636631100 25.28 54.79 209 3.963
1636631160 25.47 54.45 209 3.963
1636631220 25.59 53.29 215 3.963
1636631280 25.73 52.41 221 3.963
1636631340 26.07 51.74 221 3.963
1636631400 26.35 51.69 225 3.963
1636631460 26.44 50.96 231 3.969
1636631520 25.98 51.14 237 3.969
1636631580 25.76 52.42 243 3.963
1636631640 25.79 52.55 243 3.963
1636631700 25.87 56.24 243 3.963
1636631760 25.8 60.14 249 3.963
1636631820 25.8 60.74 256 3.963
1636631880 25.77 61.08 256 3.963
1636631940 25.18 63.61 262 3.969
1636632000 24.53 66.89 262 3.963
1636632060 24.35 68.59 268 3.963
1636632120 24.1 70.4 272 3.969
1636632180 24.03 70.41 274 3.969
1636632240 24.35 68.07 278 3.969
1636632300 24.61 69.07 278 3.969
1636632360 24.82 68.19 278 3.969
1636632420 24.51 68.65 284 3.969
1636632480 24.24 70.69 290 3.969
1636632540 24.09 71.46 296 3.963
1636632600 24.17 71.49 296 3.969
1636632660 24.44 71.88 302 3.969
1636632720 24.55 70.56 308 3.969
1636632780 24.58 71.15 308 3.969
1636632840 24.58 70.43 314 3.969
1636632900 24.77 69.9 314 3.969
1636632960 24.79 70.36 320 3.974
1636633020 25.18 69.19 320 3.974
1636633080 24.72 69.07 326 3.974
1636633140 24.75 69.83 326 3.974
1636633200 24.72 70.21 332 3.974
1636633260 25.22 69.26 338 3.974
1636633320 25.52 68.29 350 3.979
1636633380 25.79 67.78 350 3.979
1636633440 25.5 67.79 355 3.979
1636633500 25.26 68.24 356 3.979
1636633560 24.7 70.19 356 3.979
1636633620 24.79 70.64 362 3.979
1636633680 25.28 69.47 368 3.979
1636633740 25.32 68 374 3.985
1636633800 25.47 68.36 374 3.985
1636633860 25.93 66.83 374 3.99
1636633920 25.9 67.04 380 3.99
1636633980 25.73 67.16 387 3.99
1636634040 25.33 69.14 393 3.996
1636634100 25.18 69.28 397 3.99
1636634160 24.98 69.97 405 3.996
1636634220 24.83 70.5 405 3.996
1636634280 24.77 70.75 411 3.996
1636634340 24.99 70.11 417 3.996
1636634400 25.34 69.2 421 3.996
1636634460 26.05 67.06 429 4.001
1636634520 26.04 65.51 429 4.001
1636634580 25.7 66.29 435 4.001
1636634640 25.83 66.57 435 4.001
1636634700 26.45 65.38 441 4.006
1636634760 26.51 60.28 447 4.006
1636634820 26.51 58.52 453 4.006
1636634880 26.59 58.77 453 4.006
1636634940 26.54 58.47 453 4.006
1636635000 26.56 57.11 459 4.006
1636635060 27.05 56.72 459 4.012
1636635120 27.22 56.05 465 4.017
1636635180 27.49 56.11 471 4.017
1636635240 27.74 55.72 471 4.017
1636635300 28 54.73 471 4.017
1636635360 28 55.1 471 4.017
1636635420 27.78 55.28 477 4.017
1636635480 27.27 56.13 484 4.022
1636635540 26.9 57.31 490 4.022
1636635600 26.82 58.92 495 4.022
1636635660 27.17 58.88 502 4.028
1636635720 27.34 57.49 502 4.028
1636635780 27.32 58.42 508 4.033
1636635840 27.12 58.76 508 4.033
1636635900 27.37 59.04 515 4.033
1636635960 27.6 58.74 521 4.033
1636636020 27.39 58.47 527 4.039
1636636080 27.56 58.42 528 4.039
1636636140 27.26 59.71 527 4.033
1636636200 26.86 60.86 528 4.039
1636636260 26.89 61.43 528 4.039
1636636320 26.61 62.3 540 4.044
1636636380 26.65 62.15 540 4.044
1636636440 26.07 63.41 528 4.049
1636636500 26.24 63.81 534 4.049
1636636560 26.3 63.24 540 4.049
1636636620 26.24 63.9 560 4.055
1636636680 26.21 64.06 560 4.055
1636636740 26.54 63.31 554 4.055
1636636800 27.17 61.81 548 4.055
1636636860 27.09 61.57 566 4.06
1636636920 26.58 62.26 573 4.065
1636636980 26.52 62.75 573 4.065
1636637040 26.32 63.51 585 4.065
1636637100 26.34 63.79 591 4.065
1636637160 26.28 64.08 585 4.071
1636637220 26.51 63.09 591 4.076
1636637280 26.68 62.79 593 4.076
1636637340 26.56 63.21 599 4.076
1636637400 26.9 62.45 593 4.082
1636637460 27.27 61.22 611 4.082
1636637520 27.41 61 612 4.087
1636637580 27.72 59.55 618 4.087
1636637640 27.49 60.6 624 4.087
1636637700 27.43 60.07 630 4.092
1636637760 27.3 59.09 638 4.098
1636637820 27.7 59.1 638 4.098
1636637880 27.51 59.31 644 4.103
1636637940 27.54 59.47 650 4.103
1636638000 27.83 59.01 652 4.103
1636638060 27.9 58.48 658 4.108
1636638120 27.58 59.98 658 4.114
1636638180 28.38 58.46 664 4.114
1636638240 28.65 57.28 665 4.125
1636638300 28.69 56.78 667 4.125
1636638360 28.32 57.53 667 4.125
1636638420 28.41 57.34 673 4.092
1636638480 28.45 57.59 671 4.087
1636638540 28.94 56.65 683 4.082
1636638600 28.99 56.12 688 4.076
1636638660 29.14 55.32 688 4.076
1636638720 28.89 55.71 694 4.076
1636638780 28.82 55.57 700 4.071
1636638840 28.73 55.64 706 4.108
1636638900 28.25 56.72 707 4.119
1636638960 28.36 56.8 716 4.098
1636639020 28.46 57.11 713 4.087
1636639080 29.07 55.26 719 4.082
1636639140 29.17 54.76 712 4.082
1636639200 28.79 55.2 725 4.076
1636639260 28.82 55.75 724 4.076
1636639320 28.48 56.58 724 4.076
1636639380 27.98 57.07 730 4.076
1636639440 27.54 59.11 736 4.076
1636639500 27.63 59.12 746 4.071
1636639560 27.47 59.53 752 4.071
1636639620 27.81 59.42 740 4.071
1636639680 27.83 58.5 740 4.071
1636639740 27.63 59.13 740 4.065
1636639800 28.01 59.49 734 4.065
1636639860 28.39 58.19 746 4.065
1636639920 28 57.3 746 4.065
1636639980 27.98 57.69 746 4.065
1636640040 28.55 56.36 758 4.065
1636640100 29.13 54.23 764 4.065
1636640160 29.06 52.91 763 4.065
1636640220 29.48 53 763 4.06
1636640280 28.94 54.74 763 4.06
1636640340 28.63 56.06 763 4.06
1636640400 29.06 55.13 769 4.06
1636640460 28.87 55.06 787 4.06
1636640520 28.62 55.05 787 4.06
1636640580 28.59 55.86 793 4.06
1636640640 28.63 56.29 798 4.055
1636640700 28.12 56.91 798 4.055
1636640760 27.95 57.4 798 4.06
1636640820 28.07 56.16 804 4.055
1636640880 28.31 56.53 804 4.055
1636640940 27.94 55.5 816 4.055
1636641000 27.94 56.1 822 4.055
1636641060 27.97 55.63 828 4.055
1636641120 27.84 56.82 828 4.055
1636641180 28.12 55.89 834 4.049
1636641240 28.12 55.86 840 4.055
1636641300 28.16 55.4 840 4.055
1636641360 28.62 54.65 838 4.049
1636641420 28.82 53.55 846 4.055
1636641480 29.31 53.11 846 4.055
1636641540 29.18 52.28 850 4.049
1636641600 29.04 53.17 856 4.049
1636641660 29.68 52.54 856 4.049
1636641720 29.68 51.63 855 4.049
1636641780 29.24 51.93 855 4.049
1636641840 28.87 53.18 862 4.049
1636641900 29.24 52.18 855 4.044
1636641960 29.57 51.47 856 4.049
1636642020 29.41 51.37 861 4.044
1636642080 30.06 50.08 868 4.049
1636642140 30.49 49.16 873 4.049
1636642200 30.29 48.91 873 4.049
1636642260 29.91 49.19 873 4.044
1636642320 29.72 49.71 879 4.044
1636642380 29.6 49.84 886 4.044
1636642440 29.14 50.99 886 4.103
1636642500 29.1 50.9 889 4.119
1636642560 29.48 50.37 897 4.125
1636642620 29.53 50.71 899 4.141
1636642680 29.23 50.83 902 4.146
1636642740 28.82 51.3 903 4.157
1636642800 29.23 51.45 905 4.162
1636642860 29.5 50.78 900 4.167
1636642920 29.54 50.87 909 4.184
1636642980 30.18 49.38 917 4.189
1636643040 30.76 47.55 918 4.135
1636643100 31.01 48.08 927 4.125
1636643160 31.44 46.26 932 4.119
1636643220 31.58 45.95 932 4.114
1636643280 31.08 46.26 936 4.114
1636643340 31.31 46.77 935 4.108
1636643400 30.93 46.89 941 4.103
1636643460 30.9 47.41 935 4.103
1636643520 31.14 47.28 947 4.103
1636643580 30.9 48 951 4.103
1636643640 31.21 46.58 965 4.098
1636643700 30.98 47.05 965 4.103
1636643760 31.22 46.72 963 4.098
1636643820 30.98 46.56 969 4.098
1636643880 31.06 46.66 969 4.098
1636643940 30.42 46.78 963 4.092
1636644000 30.43 47.83 956 4.092
1636644060 30.49 47.71 968 4.092
1636644120 30.87 47.07 974 4.092
1636644180 30.69 47.37 974 4.092
1636644240 30.71 47.92 978 4.087
1636644300 30.97 47.93 978 4.087
1636644360 30.86 47.2 960 4.087
1636644420 31.02 47.06 978 4.087
1636644480 31.31 46.34 984 4.087
1636644540 30.84 47.2 1002 4.087
1636644600 31.14 47 1002 4.087
1636644660 31.41 46.47 1008 4.087
1636644720 31.39 46.6 1025 4.087
1636644780 31.13 47.11 1051 4.087
1636644840 30.93 47.82 1067 4.087
1636644900 30.8 48.54 1097 4.082
1636644960 30.73 48.09 941 4.082
1636645020 30.55 49.3 460 4.082
1636645080 30.74 50.3 329 4.082
1636645140 30.15 52.47 882 4.087
1636645200 29.94 53.4 317 4.082
1636645260 29.78 53.99 1043 4.082
1636645320 29.47 55.11 215 4.082
1636645380 29.34 55.49 822 4.082
1636645440 28.89 56.09 1061 4.082
1636645500 29.06 56.95 695 4.082
1636645560 29.24 56.95 185 4.076
1636645620 29.48 56.39 215 4.076
1636645680 29.27 57.43 239 4.076
1636645740 28.93 58.32 646 4.076
1636645800 28.69 59.94 581 4.076
1636645860 28.21 61.44 310 4.076
1636645920 28.23 62.01 712 4.076
1636645980 28.39 62.16 1168 4.071
1636646040 28.94 61.04 1258 4.157
1636646100 29.35 60.49 1249 4.087
1636646160 29.37 60.74 359 4.087
1636646220 29.63 60.27 299 4.087
1636646280 29.18 60.9 263 4.082
1636646340 29.12 61.48 239 4.082
1636646400 29.06 61.56 233 4.082
1636646460 28.66 62.64 245 4.076
1636646520 28.02 64.32 233 4.076
1636646580 27.94 64.72 233 4.076
1636646640 27.83 64.95 257 4.076
1636646700 27.68 65.53 545 4.076
1636646760 27.78 65.04 1269 4.076
1636646820 27.88 65 1005 4.076
1636646880 28.32 64.47 472 4.076
1636646940 28.77 63.19 377 4.098
1636647000 29.21 61.71 269 4.082
1636647060 29.06 62 245 4.076
1636647120 28.52 63.61 245 4.076
1636647180 28.19 64.69 257 4.076
1636647240 27.91 65.42 299 4.076
1636647300 27.53 66.71 334 4.076
1636647360 27.53 67.12 771 4.076
1636647420 27.63 66.95 766 4.071
1636647480 27.65 67.02 752 4.071
1636647540 28 66.12 1150 4.071
1636647600 28.26 64.75 1088 4.065
1636647660 28.63 63.9 1064 4.071
1636647720 28.55 63.69 1130 4.071
1636647780 28.35 64.44 1225 4.071
1636647840 28.66 63.76 460 4.076
1636647900 28.63 63.35 340 4.071
1636647960 28.46 63.47 424 4.071
1636648020 28.39 63.25 603 4.071
1636648080 27.7 64.62 1040 4.071
1636648140 27.77 65.13 1215 4.071
1636648200 28.02 64.15 1171 4.065
1636648260 28.04 63.81 1129 4.065
1636648320 28.22 63.64 1111 4.065
1636648380 28.7 62.46 1099 4.065
1636648440 28.38 62.59 1099 4.065
1636648500 28.48 62.33 1117 4.065
1636648560 28.7 61.17 1165 4.065
1636648620 28.35 62.35 1135 4.065
1636648680 28.62 62.54 1027 4.065
1636648740 28.89 62.21 1179 4.071
1636648800 28.65 62.65 1177 4.071
1636648860 28.94 62.1 1242 4.065
1636648920 28.89 61.99 1320 4.065
1636648980 28.84 62.24 1298 4.065
1636649040 29.24 61.01 1302 4.065
1636649100 29.14 60.81 399 4.065
1636649160 29.2 60.72 429 4.065
1636649220 28.83 61.64 483 4.065
1636649280 28.56 62.05 382 4.065
1636649340 28.45 62.61 441 4.065
1636649400 28.39 63.29 518 4.065
1636649460 28.42 63.44 1019 4.06
1636649520 28.55 63.42 1296 4.065
1636649580 28.48 63.27 811 4.06
1636649640 28.8 61.97 486 4.087
1636649700 28.9 61.73 680 4.108
1636649760 28.31 62.76 1316 4.071
1636649820 28.58 62.79 412 4.065
1636649880 28.77 62.01 352 4.071
1636649940 28.43 63.76 620 4.065
1636650000 28.32 63.39 1284 4.065
1636650060 28.36 63.42 1296 4.065
1636650120 28.67 62.35 1296 4.065
1636650180 29.03 62.03 1272 4.065
1636650240 29.98 60.46 793 4.065
1636650300 29.86 59.99 483 4.065
1636650360 30.32 59.36 417 4.065
1636650420 30.25 58.87 310 4.06
1636650480 29.88 59.64 310 4.065
1636650540 29.55 59.47 268 4.06
1636650600 28.97 61.26 256 4.06
1636650660 28.1 63.71 256 4.06
1636650720 27.68 65.61 268 4.06
1636650780 27.46 66.58 316 4.06
1636650840 27.58 66.75 344 4.06
1636650900 27.81 65.46 356 4.055
1636650960 28.01 64.94 350 4.06
1636651020 28.21 64.35 399 4.06
1636651080 28.07 65.14 697 4.06
1636651140 28.15 64.97 1263 4.06
1636651200 28.41 63.43 1245 4.06
1636651260 28.84 61.92 445 4.055
1636651320 29.33 60.99 399 4.055
1636651380 29.35 60.24 1245 4.055
1636651440 29.51 59.25 885 4.071
1636651500 29.12 61.04 399 4.065
1636651560 28.99 61.8 1192 4.06
1636651620 29.2 61.67 453 4.06
1636651680 29.28 60.92 411 4.06
1636651740 28.83 62.08 1188 4.055
1636651800 28.65 62.31 1176 4.06
1636651860 28.55 62.42 237 4.06
1636651920 28.48 62.73 219 4.055
1636651980 28.12 63.34 225 4.065
1636652040 27.98 64.41 239 4.071
1636652100 27.49 65.29 274 4.065
1636652160 27.54 65.9 507 4.06
1636652220 27.74 65.29 1209 4.06
1636652280 27.97 64.42 328 4.06
1636652340 28.38 63.22 298 4.071
1636652400 28.39 62.9 274 4.06
1636652460 28.59 62.58 286 4.06
1636652520 28.36 63.05 292 4.055
1636652580 28.34 63.14 304 4.055
1636652640 28.42 62.83 296 4.06
1636652700 28.36 63.09 308 4.055
1636652760 28.28 63.31 594 4.055
1636652820 28.12 63.45 1180 4.055
1636652880 28.26 63.15 1176 4.055
1636652940 28.66 62.11 1186 4.055
1636653000 28.74 61.95 560 4.055
1636653060 29.07 61.3 320 4.055
1636653120 28.82 60.95 326 4.055
1636653180 28.7 60.85 332 4.055
1636653240 28.77 60.92 340 4.071
1636653300 28.55 61.92 340 4.082
1636653360 28.28 62.68 826 4.108
1636653420 28.39 62.26 1105 4.065
1636653480 28.61 61.96 775 4.06
1636653540 28.59 62.22 1121 4.06
1636653600 28.76 61.92 882 4.06
1636653660 29.04 61.12 308 4.06
1636653720 29.21 60.09 316 4.06
1636653780 29.16 60.1 368 4.06
1636653840 28.87 61.12 302 4.055
1636653900 28.72 61.85 338 4.055
1636653960 28.53 62.24 1096 4.055
1636654020 28.72 62.01 1060 4.055
1636654080 29.04 60.84 630 4.055
1636654140 29.84 58.93 358 4.071
1636654200 29.67 58.81 438 4.082
1636654260 29.75 58.81 335 4.082
1636654320 29.55 57.96 335 4.087
1636654380 29.21 58.9 335 4.087
1636654440 29.07 59.3 353 4.092
1636654500 28.36 61.03 391 4.098
1636654560 28.26 61.7 1139 4.082
1636654620 28.49 61.02 1100 4.076
1636654680 28.69 60.11 1100 4.071
1636654740 29.02 59.31 1118 4.071
1636654800 29.47 58.27 1075 4.071
1636654860 30.18 56.57 1112 4.071
1636654920 30.26 55.78 1099 4.065
1636654980 29.86 56.72 316 4.071
1636655040 29.79 57.59 317 4.082
1636655100 29.85 57.99 1070 4.071
1636655160 29.85 57.75 1076 4.065
1636655220 30.11 57.2 1058 4.071
1636655280 30.36 56.28 1087 4.065
1636655340 29.95 56.51 1111 4.065
1636655400 30.3 56.74 758 4.065
1636655460 30.9 55.38 370 4.065
1636655520 31.2 53.73 1111 4.065
1636655580 30.88 54.33 1069 4.065
1636655640 30.59 55.16 310 4.065
1636655700 30.81 54.15 256 4.065
1636655760 30.46 55.18 243 4.065
1636655820 29.67 57.3 249 4.065
1636655880 29.54 57.94 1014 4.06
1636655940 29.21 59.81 353 4.087
1636656000 29.44 58.89 549 4.103
1636656060 29.74 58.08 1066 4.076
1636656120 29.92 57.19 1052 4.071
1636656180 29.76 57.46 1016 4.071
1636656240 29.96 56.75 1022 4.071
1636656300 30.25 56.13 1016 4.071
1636656360 29.79 57.23 280 4.071
1636656420 29.86 57.7 262 4.065
1636656480 29.63 57.43 298 4.071
1636656540 29.34 58.48 346 4.065
1636656600 29.28 58.02 650 4.065
1636656660 29.21 58.55 1039 4.065
1636656720 28.94 59.26 900 4.065
1636656780 28.76 60.08 978 4.065
1636656840 28.94 59.7 935 4.125
1636656900 29.04 59.79 939 4.076
1636656960 28.93 60.53 975 4.071
1636657020 29.02 60.37 944 4.071
1636657080 29.06 60.35 489 4.071
1636657140 29.1 60.76 334 4.065
1636657200 29.2 59.85 956 4.071
1636657260 29.03 60.25 944 4.065
1636657320 29.06 59.87 933 4.065
1636657380 29 59.65 926 4.065
1636657440 29.38 58.86 908 4.065
1636657500 29.55 58.07 777 4.065
1636657560 29.92 56.67 668 4.065
1636657620 29.69 57.63 877 4.065
1636657680 29.54 58.11 847 4.065
1636657740 29.34 58.27 835 4.125
1636657800 29.25 58.6 840 4.141
1636657860 29.34 58.78 841 4.151
1636657920 29 59.65 192 4.108
1636657980 28.9 59.25 156 4.098
1636658040 29.03 58.69 155 4.092
1636658100 28.82 59.05 834 4.092
1636658160 28.34 59.6 725 4.087
1636658220 28.22 60.91 828 4.087
1636658280 28.32 60.82 810 4.087
1636658340 28.7 60.23 780 4.087
1636658400 28.73 59.89 792 4.087
1636658460 29.13 58.76 816 4.082
1636658520 29.3 57.55 828 4.082
1636658580 29.37 57.04 846 4.082
1636658640 29.63 56.92 846 4.146
1636658700 29.75 56.62 758 4.103
1636658760 29.82 56.96 871 4.098
1636658820 30.02 56.04 359 4.092
1636658880 29.89 56.45 853 4.092
1636658940 29.5 57.36 828 4.092
1636659000 29.07 59.02 811 4.087
1636659060 29.21 58.81 792 4.087
1636659120 29.45 57.76 780 4.087
1636659180 29.75 56.49 774 4.087
1636659240 29.78 57.02 755 4.087
1636659300 29.81 56.27 749 4.087
1636659360 29.71 56.39 737 4.082
1636659420 29.95 56.43 731 4.082
1636659480 29.84 56.54 725 4.082
1636659540 29.47 57.57 719 4.082
1636659600 29.31 58.1 713 4.082
1636659660 29.21 58.28 707 4.082
1636659720 28.9 58.37 707 4.082
1636659780 28.89 58.12 712 4.076
1636659840 29.12 56.93 724 4.076
1636659900 29.2 57.04 730 4.076
1636659960 29.13 57.65 724 4.076
1636660020 29.41 57.24 706 4.076
1636660080 29.47 55.64 682 4.076
1636660140 29.33 56.88 670 4.076
1636660200 29.23 58.08 664 4.076
1636660260 29.21 58.13 658 4.076
1636660320 29.38 56.89 658 4.076
1636660380 29.24 57.29 652 4.076
1636660440 29.65 56.65 658 4.071
1636660500 29.76 56.78 664 4.071
1636660560 29.74 57.2 658 4.071
1636660620 29.64 57.14 652 4.071
1636660680 29.55 57.34 652 4.071
1636660740 30.02 56.26 638 4.071
1636660800 30.16 55.66 640 4.071
1636660860 30.25 56.03 646 4.071
1636660920 29.76 57.11 627 4.071
1636660980 29.41 57.51 632 4.071
1636661040 29.54 56.45 608 4.071
1636661100 29.03 56.57 621 4.065
1636661160 29.14 57.14 614 4.065
1636661220 29.37 56.62 602 4.065
1636661280 29.63 56.3 596 4.065
1636661340 29.95 55.73 597 4.108
1636661400 30.09 55.45 611 4.119
1636661460 30.43 55.3 618 4.087
1636661520 30.49 55.22 611 4.082
1636661580 30.4 55.66 599 4.082
1636661640 30.57 55.08 587 4.076
1636661700 30.37 54.81 575 4.076
1636661760 30.3 54.81 563 4.076
1636661820 30.4 54.12 557 4.076
1636661880 30.77 54.06 551 4.076
1636661940 30.81 54.12 557 4.076
1636662000 30.46 54.93 569 4.071
1636662060 30.29 55.85 569 4.071
1636662120 30.18 55.7 563 4.076
1636662180 29.88 56.48 555 4.071
1636662240 29.65 57.04 549 4.108
1636662300 29.44 57.51 531 4.119
1636662360 29.38 57.69 521 4.125
1636662420 29.21 57.8 510 4.092
1636662480 28.84 58.62 504 4.092
1636662540 28.82 58.9 492 4.087
1636662600 28.92 58.63 492 4.087
1636662660 28.86 59.06 484 4.087
1636662720 28.8 59.62 490 4.082
1636662780 29.07 58.34 484 4.082
1636662840 29.18 58.31 484 4.082
1636662900 29.45 57.31 484 4.082
1636662960 29.3 57.47 478 4.082
1636663020 29.27 56.87 472 4.082
1636663080 29.17 57.18 466 4.076
1636663140 29.02 57.55 457 4.108
1636663200 29.13 57.94 447 4.119
1636663260 29.24 57.63 448 4.125
1636663320 29.41 56.95 439 4.098
1636663380 29.54 55.4 438 4.098
1636663440 29.34 55.07 432 4.092
1636663500 29.09 56.73 426 4.087
1636663560 29 57.31 420 4.092
1636663620 29.28 57.12 414 4.092
1636663680 29.58 56.16 414 4.087
1636663740 29.02 57.37 414 4.092
1636663800 28.7 58.58 414 4.087
1636663860 28.77 58.75 408 4.087
1636663920 28.73 59.32 402 4.087
1636663980 28.86 59.99 402 4.082
1636664040 29.03 59.98 397 4.108
1636664100 29.2 59.06 387 4.119
1636664160 28.96 59.97 387 4.125
1636664220 29.13 59.49 380 4.125
1636664280 29.07 59.83 379 4.103
1636664340 29.1 60.16 373 4.098
1636664400 29.04 60.26 367 4.098
1636664460 28.96 60.36 367 4.098
1636664520 28.86 60.63 359 4.092
1636664580 28.86 61.22 353 4.092
1636664640 28.56 62.01 347 4.092
1636664700 28.38 62.72 341 4.092
1636664760 28.12 63.64 335 4.092
1636664820 28.25 63.64 329 4.092
1636664880 28.51 62.89 329 4.092
1636664940 28.59 62.32 323 4.087
1636665000 28.55 62.33 317 4.087
1636665060 28.49 62.57 311 4.087
1636665120 28.66 62.21 305 4.087
1636665180 28.34 62.41 299 4.087
1636665240 28.35 62.92 299 4.082
1636665300 28.41 62.82 287 4.087
1636665360 28.34 62.85 281 4.082
1636665420 28.26 62.98 281 4.082
1636665480 28.18 63.52 275 4.082
1636665540 28.12 63.59 269 4.082
1636665600 28.29 63.39 269 4.082
1636665660 28.16 63.57 263 4.082
1636665720 27.98 64.18 257 4.082
1636665780 28.18 63.91 251 4.082
1636665840 28.08 63.79 245 4.092
1636665900 27.9 64.48 239 4.082
1636665960 27.71 65.46 239 4.082
1636666020 27.65 65.69 233 4.076
1636666080 27.65 65.8 227 4.076
1636666140 27.4 66.62 227 4.076
1636666200 27.34 66.86 221 4.076
1636666260 27.44 66.69 209 4.076
1636666320 27.44 66.97 215 4.076
1636666380 27.22 67.7 197 4.076
1636666440 27.23 67.5 112 4.076
1636666500 27.23 67.56 64 4.082
1636666560 26.95 68.13 64 4.076
1636666620 26.76 68.98 58 4.082
1636666680 26.75 69.43 58 4.076
1636666740 26.62 69.56 58 4.076
1636666800 26.23 70.92 58 4.071
1636666860 26.04 71.65 52 4.076
1636666920 25.91 72.16 52 4.076
1636666980 25.84 72.43 52 4.076
1636667040 25.74 72.68 52 4.076
1636667100 25.63 73.02 52 4.076
1636667160 25.67 73.09 52 4.076
1636667220 25.73 73.02 52 4.076
1636667280 25.69 73.12 52 4.076
1636667340 25.66 73.35 46 4.076
1636667400 25.63 73.49 46 4.076
1636667460 25.63 73.63 46 4.076
1636667520 25.62 73.71 46 4.076
1636667580 25.57 73.72 46 4.071
1636667640 25.52 73.88 40 4.071
1636667700 25.39 74.22 40 4.071
1636667760 25.36 74.59 40 4.071
1636667820 25.33 74.43 40 4.071
1636667880 25.25 74.81 40 4.071
1636667940 25.12 75.24 34 4.071
1636668000 25.13 75.37 40 4.071
1636668060 25.22 75.1 34 4.071
1636668120 25.18 74.81 34 4.071
1636668180 25.19 74.67 34 4.071
1636668240 25.06 74.95 34 4.071
1636668300 25.04 75.25 34 4.071
1636668360 25.01 75.28 28 4.071
1636668420 25.01 75.36 28 4.071
1636668480 25.01 75.33 28 4.065
1636668540 25.04 75.06 28 4.065
1636668600 25.02 74.93 28 4.065
1636668660 24.99 75.03 22 4.065
1636668720 24.95 75.12 22 4.071
1636668780 24.93 75.35 22 4.065
1636668840 24.95 74.96 22 4.071
1636668900 24.93 75.02 22 4.071
1636668960 24.96 75.02 16 4.071
1636669020 24.92 74.79 16 4.065
1636669080 24.92 74.91 16 4.065
1636669140 24.92 74.85 16 4.065
1636669200 24.86 75.01 10 4.065
1636669260 24.85 75.06 10 4.065
1636669320 24.78 75.23 10 4.065
1636669380 24.72 75.42 10 4.065
1636669440 24.72 75.53 10 4.06
1636669500 24.64 75.97 10 4.065
1636669560 24.58 76.13 4 4.06
1636669620 24.54 76.25 4 4.06
1636669680 24.55 76.32 4 4.065
1636669740 24.51 76.18 4 4.065
1636669800 24.48 76.45 4 4.065
1636669860 24.38 76.81 4 4.06
1636669920 24.37 76.96 4 4.065
1636669980 24.34 77.11 4 4.06
1636670040 24.3 77.21 0 4.065
1636670100 24.26 77.58 0 4.065
1636670160 24.26 77.66 0 4.06
1636670220 24.23 77.93 0 4.065
1636670280 24.19 78.19 0 4.06
1636670340 24.19 78.13 0 4.06
1636670400 24.17 78.38 0 4.06
1636670460 24.17 78.34 0 4.06
1636670520 24.13 78.57 0 4.06
1636670580 24.14 78.68 0 4.06
1636670640 24.13 78.51 0 4.06
1636670700 24.09 78.73 0 4.06
1636670760 24.07 78.94 0 4.06
1636670820 24.01 79.16 0 4.06
1636670880 24 79.19 0 4.06
1636670940 23.99 79.3 0 4.06
1636671000 23.92 79.71 0 4.06
1636671060 23.87 79.79 0 4.06
1636671120 23.81 80.01 0 4.06
1636671180 23.84 80.16 0 4.06
1636671240 23.84 80.22 0 4.055
1636671300 23.81 80.4 0 4.055
1636671360 23.86 80.27 0 4.055
1636671420 23.77 80.1 0 4.055
1636671480 23.77 80.25 0 4.06
1636671540 23.79 80.57 0 4.055
1636671600 23.83 80.5 0 4.06
1636671660 23.77 80.7 0 4.055
1636671720 23.75 80.92 0 4.055
1636671780 23.75 80.91 0 4.06
1636671840 23.76 80.99 0 4.06
1636671900 23.75 81.01 0 4.055
1636671960 23.75 81.09 0 4.055
1636672020 23.72 81.16 0 4.06
1636672080 23.68 81.41 0 4.055
1636672140 23.65 81.55 0 4.055
1636672200 23.62 81.73 0 4.055
1636672260 23.59 81.82 0 4.055
1636672320 23.55 81.97 0 4.055
1636672380 23.58 82.04 0 4.055
1636672440 23.6 82.03 0 4.06
1636672500 23.6 81.87 0 4.055
1636672560 23.58 82.14 0 4.055
1636672620 23.48 82.48 0 4.055
1636672680 23.52 82.33 0 4.055
1636672740 23.48 82.61 0 4.055
1636672800 23.41 82.9 0 4.055
1636672860 23.39 82.96 0 4.055
1636672920 23.45 82.87 0 4.055
1636672980 23.44 82.85 0 4.055
1636673040 23.41 82.94 0 4.049
1636673100 23.41 83.09 0 4.049
1636673160 23.35 83.18 0 4.049
1636673220 23.41 83.33 0 4.049
1636673280 23.42 83.08 0 4.055
1636673340 23.35 83.14 0 4.049
1636673400 23.33 83.23 0 4.049
1636673460 23.28 83.54 0 4.049
1636673520 23.32 83.5 0 4.049
1636673580 23.32 83.47 0 4.049
1636673640 23.29 83.31 0 4.049
1636673700 23.33 83.14 0 4.049
1636673760 23.24 83.51 0 4.049
1636673820 23.24 83.61 0 4.049
1636673880 23.3 83.31 0 4.049
1636673940 23.25 83.62 0 4.044
1636674000 23.17 83.85 0 4.049
1636674060 23.14 83.95 0 4.044
1636674120 23.11 84.08 0 4.049
1636674180 23.11 84.05 0 4.049
1636674240 23.11 84.15 0 4.049
1636674300 23.08 84.27 0 4.049
1636674360 23.05 84.54 0 4.049
1636674420 23.02 84.63 0 4.049
1636674480 23.04 84.49 0 4.049
1636674540 23.04 84.64 0 4.049
1636674600 22.99 84.65 0 4.049
1636674660 22.98 84.61 0 4.049
1636674720 22.95 84.75 0 4.049
1636674780 22.97 84.86 0 4.049
1636674840 22.95 84.99 0 4.044
1636674900 22.91 85.02 0 4.049
1636674960 22.9 85.21 0 4.044
1636675020 22.9 85.06 0 4.044
1636675080 22.9 85.16 0 4.044
1636675140 22.84 85.12 0 4.044
1636675200 22.81 85.57 0 4.044
1636675260 22.85 85.52 0 4.049
1636675320 22.93 85.25 0 4.044
1636675380 22.85 85.28 0 4.044
1636675440 22.84 85.35 0 4.049
1636675500 22.79 85.47 0 4.044
1636675560 22.75 85.6 0 4.044
1636675620 22.77 85.67 0 4.049
1636675680 22.73 85.67 0 4.044
1636675740 22.67 85.92 0 4.044
1636675800 22.63 85.98 0 4.039
1636675860 22.63 86.24 0 4.044
1636675920 22.64 86.03 0 4.039
1636675980 22.7 86.07 0 4.044
1636676040 22.75 85.76 0 4.044
1636676100 22.75 85.65 0 4.044
1636676160 22.81 85.6 0 4.044
1636676220 22.83 85.49 0 4.044
1636676280 22.83 85.55 0 4.044
1636676340 22.83 85.52 0 4.044
1636676400 22.78 85.54 0 4.044
1636676460 22.74 85.68 0 4.039
1636676520 22.73 85.74 0 4.039
1636676580 22.71 85.89 0 4.044
1636676640 22.75 85.9 0 4.039
1636676700 22.78 85.71 0 4.044
1636676760 22.79 85.63 0 4.039
1636676820 22.78 85.71 0 4.044
1636676880 22.77 85.77 0 4.039
1636676940 22.78 85.81 0 4.039
1636677000 22.75 85.82 0 4.039
1636677060 22.78 85.71 0 4.039
1636677120 22.74 85.72 0 4.039
1636677180 22.84 85.56 0 4.044
1636677240 22.9 85.28 0 4.039
1636677300 22.87 85.23 0 4.039
1636677360 22.88 85.28 0 4.044
1636677420 22.9 85.09 0 4.039
1636677480 22.88 85.06 0 4.039
1636677540 22.84 85.1 0 4.033
1636677600 22.88 85.02 0 4.039
1636677660 22.9 84.85 0 4.039
1636677720 22.87 84.87 0 4.039
1636677780 22.91 84.87 0 4.039
1636677840 22.87 84.93 0 4.039
1636677900 22.9 84.8 0 4.039
1636677960 22.91 84.81 0 4.039
1636678020 22.93 84.75 0 4.039
1636678080 22.93 84.66 0 4.033
1636678140 22.93 84.59 0 4.039
1636678200 22.9 84.76 0 4.039
1636678260 22.91 84.72 0 4.039
1636678320 22.95 84.56 0 4.039
1636678380 22.97 84.58 0 4.039
1636678440 22.95 84.52 0 4.033
1636678500 22.98 84.44 0 4.033
1636678560 22.98 84.4 0 4.033
1636678620 23.01 84.32 0 4.033
1636678680 22.98 84.39 0 4.033
1636678740 22.95 84.42 0 4.039
1636678800 22.98 84.43 0 4.039
1636678860 22.97 84.43 0 4.033
1636678920 22.98 84.42 0 4.033
1636678980 23.01 84.35 0 4.033
1636679040 23.04 84.15 0 4.033
1636679100 23.04 84.15 0 4.033
1636679160 23.04 84.16 0 4.039
1636679220 23.08 84.04 0 4.039
1636679280 23.12 83.93 0 4.033
1636679340 23.11 83.84 0 4.033
1636679400 23.09 83.83 0 4.033
1636679460 23.08 83.85 0 4.033
1636679520 23.14 83.78 0 4.033
1636679580 23.11 83.69 0 4.033
1636679640 23.08 83.88 0 4.033
1636679700 23.08 83.95 0 4.033
1636679760 23.11 83.88 0 4.033
1636679820 23.09 83.99 0 4.033
1636679880 23.09 83.99 0 4.033
1636679940 23.05 84.06 0 4.033
1636680000 23.05 84.11 0 4.033
1636680060 23.04 84.29 0 4.033
1636680120 23.04 84.32 0 4.033
1636680180 22.99 84.31 0 4.033
1636680240 22.99 84.43 0 4.028
1636680300 22.97 84.37 0 4.033
1636680360 22.93 84.57 0 4.033
1636680420 22.93 84.6 0 4.033
1636680480 22.94 84.64 0 4.033
1636680540 22.95 84.53 0 4.033
1636680600 22.94 84.42 0 4.033
1636680660 22.95 84.53 0 4.033
1636680720 22.95 84.42 0 4.033
1636680780 22.99 84.27 0 4.033
1636680840 22.98 84.17 0 4.033
1636680900 22.95 84.2 0 4.033
1636680960 22.91 84.44 0 4.033
1636681020 22.91 84.56 0 4.028
1636681080 22.9 84.74 0 4.033
1636681140 22.85 84.64 0 4.028
1636681200 22.85 84.69 0 4.028
1636681260 22.87 84.8 0 4.028
1636681320 22.79 84.83 0 4.028
1636681380 22.77 85.06 0 4.028
1636681440 22.77 85.17 0 4.028
1636681500 22.78 85.43 0 4.028
1636681560 22.73 85.64 0 4.028
1636681620 22.71 85.68 0 4.033
1636681680 22.71 85.88 0 4.033
1636681740 22.71 86.06 0 4.028
1636681800 22.66 86.07 0 4.033
1636681860 22.67 86.23 0 4.028
1636681920 22.68 86.25 0 4.028
1636681980 22.73 86.07 0 4.028
1636682040 22.68 86.11 0 4.022
1636682100 22.64 86.21 0 4.028
1636682160 22.6 86.34 0 4.028
1636682220 22.63 86.37 0 4.028
1636682280 22.67 86.13 0 4.028
1636682340 22.68 85.89 0 4.028
1636682400 22.7 85.7 0 4.028
1636682460 22.71 85.63 0 4.028
1636682520 22.71 85.48 0 4.028
1636682580 22.67 85.59 0 4.028
1636682640 22.63 85.64 0 4.028
1636682700 22.64 85.83 0 4.028
1636682760 22.6 85.68 0 4.028
1636682820 22.58 85.67 0 4.028
1636682880 22.53 85.61 0 4.028
1636682940 22.56 85.67 0 4.022
1636683000 22.53 85.63 0 4.022
1636683060 22.54 85.64 0 4.028
1636683120 22.56 85.58 0 4.028
1636683180 22.54 85.55 0 4.028
1636683240 22.57 85.58 0 4.028
1636683300 22.56 85.54 0 4.028
1636683360 22.51 85.59 0 4.028
1636683420 22.5 85.72 0 4.028
1636683480 22.48 85.88 0 4.028
1636683540 22.46 85.76 0 4.028
1636683600 22.46 85.87 0 4.028
1636683660 22.47 85.79 0 4.028
1636683720 22.47 85.71 0 4.022
1636683780 22.5 85.85 0 4.028
1636683840 22.44 85.67 0 4.022
1636683900 22.44 85.64 0 4.022
1636683960 22.43 85.79 0 4.022
1636684020 22.42 85.73 0 4.022
1636684080 22.4 85.81 0 4.022
1636684140 22.34 85.82 0 4.022
1636684200 22.36 85.88 0 4.028
1636684260 22.34 85.94 0 4.022
1636684320 22.34 86.02 0 4.022
1636684380 22.27 86.1 0 4.022
1636684440 22.2 86.23 0 4.022
1636684500 22.19 86.41 0 4.022
1636684560 22.16 86.51 0 4.022
1636684620 22.13 86.68 0 4.022
1636684680 22.1 86.71 0 4.022
1636684740 22.06 86.7 0 4.022
1636684800 22.07 86.94 0 4.022
1636684860 22.03 86.97 0 4.022
1636684920 21.99 86.94 0 4.022
1636684980 21.93 87.09 0 4.022
1636685040 21.89 87.33 0 4.022
1636685100 21.89 87.5 0 4.022
1636685160 21.92 87.29 0 4.017
1636685220 21.93 87.51 0 4.022
1636685280 21.95 87.21 0 4.022
1636685340 21.92 87.28 0 4.022
1636685400 21.88 87.47 0 4.022
1636685460 21.92 87.4 0 4.022
1636685520 21.95 87.36 0 4.022
1636685580 21.93 87.21 0 4.022
1636685640 21.93 87.37 0 4.017
1636685700 21.99 87.11 0 4.022
1636685760 22.03 86.85 0 4.017
1636685820 22.02 86.8 0 4.017
1636685880 22.02 86.79 0 4.022
1636685940 21.99 86.85 0 4.017
1636686000 22.02 86.81 0 4.022
1636686060 21.95 86.79 0 4.017
1636686120 21.97 86.99 0 4.017
1636686180 21.95 87.1 0 4.017
1636686240 22 87 0 4.017
1636686300 21.99 86.66 0 4.017
1636686360 21.96 86.84 0 4.022
1636686420 21.97 86.56 0 4.017
1636686480 21.92 86.82 0 4.022
1636686540 21.91 86.85 0 4.017
1636686600 21.92 87.05 0 4.017
1636686660 21.97 86.67 0 4.017
1636686720 21.99 86.62 0 4.017
1636686780 21.96 86.76 0 4.017
1636686840 21.96 86.82 0 4.017
1636686900 21.92 86.87 0 4.017
1636686960 21.88 87.2 0 4.017
1636687020 21.85 87.45 0 4.017
1636687080 21.81 87.63 0 4.017
1636687140 21.78 87.74 0 4.017
1636687200 21.72 87.96 0 4.017
1636687260 21.71 88.06 0 4.017
1636687320 21.68 87.96 0 4.017
1636687380 21.68 87.87 0 4.017
1636687440 21.65 88.06 0 4.017
1636687500 21.62 88.23 0 4.017
1636687560 21.63 88.16 0 4.017
1636687620 21.68 88.24 0 4.017
1636687680 21.63 87.98 0 4.017
1636687740 21.68 87.99 0 4.017
1636687800 21.68 87.83 0 4.017
1636687860 21.65 87.64 0 4.017
1636687920 21.73 87.46 0 4.017
1636687980 21.72 87.33 0 4.017
1636688040 21.71 87.23 0 4.017
1636688100 21.65 87.27 0 4.017
1636688160 21.66 87.35 0 4.017
1636688220 21.66 87.03 0 4.017
1636688280 21.71 86.79 0 4.017
1636688340 21.71 86.34 0 4.012
1636688400 21.73 86.38 0 4.012
1636688460 21.73 86.21 0 4.012
1636688520 21.73 86.28 0 4.017
1636688580 21.75 86.19 0 4.017
1636688640 21.68 86.18 0 4.017
1636688700 21.68 86.32 0 4.017
1636688760 21.65 86.35 0 4.017
1636688820 21.65 85.96 0 4.012
1636688880 21.63 86.14 0 4.017
1636688940 21.65 85.79 0 4.012
1636689000 21.68 85.58 0 4.012
1636689060 21.65 85.74 0 4.012
1636689120 21.59 85.8 0 4.012
1636689180 21.61 85.64 0 4.012
1636689240 21.59 85.61 0 4.012
1636689300 21.56 85.55 0 4.012
1636689360 21.54 85.72 0 4.012
1636689420 21.52 85.55 0 4.012
1636689480 21.48 85.89 0 4.012
1636689540 21.46 85.92 0 4.012
1636689600 21.42 86 0 4.012
1636689660 21.41 86.16 0 4.012
1636689720 21.41 85.99 0 4.012
1636689780 21.46 85.98 0 4.012
1636689840 21.44 86.26 0 4.012
1636689900 21.46 86.23 0 4.017
1636689960 21.48 86 0 4.012
1636690020 21.49 85.84 0 4.012
1636690080 21.44 85.34 0 4.012
1636690140 21.4 85.21 0 4.012
1636690200 21.37 85.17 0 4.012
1636690260 21.4 84.86 0 4.012
1636690320 21.35 84.74 0 4.012
1636690380 21.32 84.85 0 4.012
1636690440 21.3 84.75 0 4.012
1636690500 21.28 84.76 0 4.012
1636690560 21.31 84.45 0 4.012
1636690620 21.41 84.24 0 4.012
1636690680 21.45 83.58 0 4.012
1636690740 21.46 83.14 0 4.012
1636690800 21.52 82.89 0 4.012
1636690860 21.52 82.21 0 4.012
1636690920 21.55 81.94 0 4.006
1636690980 21.62 81.45 0 4.012
1636691040 21.62 81.17 0 4.006
1636691100 21.59 81.22 0 4.012
1636691160 21.63 80.3 0 4.012
1636691220 21.66 80.33 0 4.006
1636691280 21.65 80.37 0 4.006
1636691340 21.66 80.06 0 4.012
1636691400 21.59 80.53 0 4.006
1636691460 21.61 80.64 0 4.012
1636691520 21.58 80.01 0 4.006
1636691580 21.63 79.93 0 4.006
1636691640 21.62 79.55 0 4.012
1636691700 21.59 79.58 0 4.006
1636691760 21.62 78.96 0 4.012
1636691820 21.71 78.12 0 4.006
1636691880 21.71 77.66 0 4.012
1636691940 21.76 77.01 0 4.006
1636692000 21.86 76.66 0 4.006
1636692060 21.89 76.43 0 4.012
1636692120 21.88 76.4 0 4.006
1636692180 21.91 76.1 0 4.006
1636692240 21.89 76.04 0 4.006
1636692300 21.91 75.93 0 4.006
1636692360 21.89 75.6 0 4.006
1636692420 21.93 75.28 0 4.006
1636692480 21.95 75.1 0 4.006
1636692540 21.96 74.94 0 4.006
1636692600 21.99 74.67 0 4.006
1636692660 21.97 74.28 0 4.006
1636692720 22.02 74.08 0 4.006
1636692780 22 73.73 0 4.006
1636692840 22.02 73.7 0 4.006
1636692900 22.03 73.69 0 4.006
1636692960 22.03 73.6 0 4.006
1636693020 22.03 73.72 0 4.006
1636693080 21.96 73.9 0 4.006
1636693140 21.91 74.15 0 4.006
