1638766800 22.75 83.41 0 3.979
1638766860 22.72 83.59 0 3.974
1638766920 22.71 83.61 0 3.979
1638766980 22.71 84.01 0 3.979
1638767040 22.71 84.01 0 3.974
1638767100 22.75 84.21 0 3.974
1638767160 22.76 84.01 0 3.974
1638767220 22.76 83.68 0 3.974
1638767280 22.76 83.69 0 3.974
1638767340 22.79 83.55 0 3.979
1638767400 22.88 83.55 0 3.979
1638767460 22.89 83.26 0 3.979
1638767520 22.91 83.45 0 3.979
1638767580 22.92 83 0 3.979
1638767640 22.91 82.87 0 3.979
1638767700 22.88 82.85 0 3.979
1638767760 22.89 83.09 0 3.979
1638767820 22.89 83.22 0 3.979
1638767880 22.89 82.82 0 3.979
1638767940 22.86 82.89 0 3.974
1638768000 22.93 83.04 0 3.974
1638768060 22.93 82.98 0 3.974
1638768120 22.91 82.98 0 3.979
1638768180 22.91 83.47 0 3.979
1638768240 22.92 83.41 0 3.979
1638768300 22.89 83.5 0 3.979
1638768360 22.88 83.58 0 3.979
1638768420 22.92 83.71 0 3.979
1638768480 22.93 84.07 0 3.979
1638768540 22.96 83.84 0 3.979
1638768600 22.95 83.88 0 3.979
1638768660 22.98 83.78 0 3.979
1638768720 23.01 83.77 0 3.979
1638768780 23.02 83.63 0 3.979
1638768840 22.96 83.84 0 3.979
1638768900 22.92 84.46 0 3.979
1638768960 22.86 84.01 0 3.979
1638769020 22.86 84.2 0 3.979
1638769080 22.82 84.17 0 3.979
1638769140 22.81 84.38 0 3.979
1638769200 22.75 84.29 0 3.974
1638769260 22.72 84.2 0 3.979
1638769320 22.72 84.26 0 3.969
1638769380 22.68 84.44 0 3.974
1638769440 22.69 84.47 0 3.974
1638769500 22.69 84.11 0 3.979
1638769560 22.69 84.05 0 3.979
1638769620 22.71 84.26 0 3.979
1638769680 22.71 83.8 0 3.974
1638769740 22.71 83.88 0 3.979
1638769800 22.72 84.01 0 3.979
1638769860 22.68 84.3 0 3.979
1638769920 22.71 84.45 0 3.979
1638769980 22.65 84.55 0 3.979
1638770040 22.71 85.18 0 3.979
1638770100 22.71 85.53 0 3.979
1638770160 22.68 85.83 0 3.979
1638770220 22.65 85.98 0 3.969
1638770280 22.59 85.88 0 3.979
1638770340 22.58 86.02 0 3.979
1638770400 22.59 86.13 0 3.979
1638770460 22.57 86.35 0 3.979
1638770520 22.58 86.52 0 3.979
1638770580 22.52 86.96 0 3.979
1638770640 22.51 87.16 0 3.974
1638770700 22.47 87.25 0 3.979
1638770760 22.44 87.33 0 3.979
1638770820 22.44 87.41 0 3.979
1638770880 22.43 87.56 0 3.979
1638770940 22.38 87.62 0 3.979
1638771000 22.33 87.64 0 3.979
1638771060 22.28 87.75 0 3.979
1638771120 22.27 87.7 0 3.974
1638771180 22.27 88.01 0 3.974
1638771240 22.24 88.22 0 3.979
1638771300 22.2 88.17 0 3.979
1638771360 22.2 88.15 0 3.979
1638771420 22.21 87.67 0 3.979
1638771480 22.21 87.62 0 3.979
1638771540 22.17 86.44 0 3.979
1638771600 22.11 82.31 0 3.979
1638771660 22.26 80.84 0 3.979
1638771720 22.27 80.79 0 3.974
1638771780 22.31 79.34 0 3.979
1638771840 22.37 80.85 0 3.979
1638771900 22.33 83.13 0 3.979
1638771960 22.2 81.5 0 3.979
1638772020 22.17 82.72 0 3.969
1638772080 22.13 83.99 0 3.974
1638772140 22.11 84.7 0 3.974
1638772200 22.06 85.4 0 3.979
1638772260 21.99 85.62 0 3.974
1638772320 21.92 85.75 0 3.979
1638772380 21.89 85.81 0 3.979
1638772440 21.87 85.69 0 3.979
1638772500 21.85 86.02 0 3.979
1638772560 21.76 85.67 0 3.974
1638772620 21.72 86.01 0 3.979
1638772680 21.69 85.47 0 3.979
1638772740 21.66 84.87 0 3.979
1638772800 21.65 84.35 0 3.974
1638772860 21.71 84.56 0 3.979
1638772920 21.66 83.76 0 3.969
1638772980 21.66 83.93 0 3.974
1638773040 21.68 84.31 0 3.979
1638773100 21.65 83.99 0 3.974
1638773160 21.62 83.25 0 3.979
1638773220 21.65 82.79 0 3.979
1638773280 21.6 82.29 0 3.974
1638773340 21.65 81.84 0 3.979
1638773400 21.71 81.57 0 3.979
1638773460 21.71 82.99 0 3.979
1638773520 21.69 83.57 0 3.979
1638773580 21.76 86.58 0 3.979
1638773640 21.73 86.75 0 3.979
1638773700 21.76 87.39 0 3.979
1638773760 21.73 87.66 0 3.979
1638773820 21.65 87.69 0 3.974
1638773880 21.6 87.62 0 3.974
1638773940 21.6 87.58 0 3.974
1638774000 21.52 86.34 0 3.974
1638774060 21.53 85.94 0 3.979
1638774120 21.49 85.17 0 3.974
1638774180 21.48 84.92 0 3.979
1638774240 21.44 84.5 0 3.979
1638774300 21.42 85.18 0 3.979
1638774360 21.44 85.52 0 3.974
1638774420 21.34 84.4 0 3.979
1638774480 21.41 84.93 0 3.974
1638774540 21.39 85.24 0 3.979
1638774600 21.35 85.21 0 3.974
1638774660 21.28 85.14 0 3.979
1638774720 21.35 84.87 0 3.974
1638774780 21.34 85.2 0 3.974
1638774840 21.31 84.87 0 3.974
1638774900 21.22 84.74 0 3.974
1638774960 21.24 85.02 0 3.979
1638775020 21.2 85.51 0 3.974
1638775080 21.12 85.45 0 3.974
1638775140 21.08 85.52 0 3.974
1638775200 21.07 85.12 0 3.979
1638775260 21.07 85.11 0 3.979
1638775320 21.04 84.84 0 3.974
1638775440 19.4 90.64 0 3.947
1638775500 19.38 90.58 0 3.947
1638775560 19.32 90.96 0 3.953
1638775620 19.38 90.6 0 3.947
1638775680 19.43 90.33 0 3.947
1638775740 19.4 90.02 0 3.947
1638775800 19.34 90.53 0 3.953
1638775860 19.33 90.88 0 3.947
1638775920 20.62 86.3 0 3.979
1638775980 20.62 86.19 0 3.974
1638776040 20.59 86.41 0 3.963
1638776100 20.6 86.73 0 3.974
1638776160 20.56 86.71 0 3.974
1638776220 20.52 86.78 0 3.974
1638776280 20.54 86.62 0 3.974
1638776340 20.54 86.05 0 3.974
1638776400 20.63 86.3 0 3.974
1638776460 20.7 85.72 0 3.974
1638776520 20.76 84.47 0 3.974
1638776580 20.86 82.5 0 3.979
1638776640 20.95 81.58 0 3.974
1638776700 21.04 81.64 0 3.979
1638776760 21.12 81.27 0 3.979
1638776820 21.22 79.93 0 3.974
1638776880 21.28 79.79 0 3.974
1638776940 21.27 79.81 0 3.963
1638777000 21.25 79.78 0 3.969
1638777060 21.27 80.07 0 3.974
1638777120 21.25 79.98 0 3.974
1638777180 21.15 80.65 0 3.974
1638777240 21.1 81.85 0 3.974
1638777300 21.05 81.7 0 3.974
1638777360 21 82.72 0 3.974
1638777420 20.93 82.52 0 3.974
1638777480 20.94 82.63 0 3.974
1638777540 20.9 82.24 0 3.974
1638777600 20.87 82.01 0 3.974
1638777660 20.94 81.35 0 3.974
1638777720 21.01 81.73 0 3.974
1638777780 20.95 82.38 0 3.974
1638777840 20.89 82.15 0 3.963
1638777900 20.86 82.58 0 3.969
1638777960 20.86 81.69 0 3.974
1638778020 20.87 81.79 0 3.974
1638778080 20.9 81.79 0 3.974
1638778140 20.86 82.14 0 3.974
1638778200 20.83 82.69 0 3.974
1638778260 20.76 83.14 0 3.974
1638778320 20.7 83.57 0 3.974
1638778380 20.65 84 0 3.974
1638778440 20.6 84.37 0 3.974
1638778500 20.52 84.13 0 3.974
1638778560 20.46 83.99 0 3.974
1638778620 20.46 84.69 0 3.974
1638778680 20.42 84.75 0 3.974
1638778740 20.4 84.91 0 3.963
1638778800 20.35 85.73 0 3.969
1638778860 20.32 85.84 0 3.974
1638778920 20.33 86.94 0 3.974
1638778980 20.4 87.7 0 3.974
1638779040 20.32 87.8 0 3.974
1638779100 20.31 88.13 0 3.974
1638779160 20.25 88.73 0 3.974
1638779220 20.19 88.71 0 3.974
1638779280 20.21 88.99 0 3.974
1638779340 20.18 89.3 0 3.974
1638779400 20.09 88.52 0 3.974
1638779460 20.11 89.79 0 3.974
1638779520 20.04 89.09 0 3.974
1638779580 19.99 87.98 0 3.974
1638779640 20.02 87.22 0 3.963
1638779700 20.18 86.37 0 3.974
1638779760 20.32 87 0 3.974
1638779820 20.22 86.05 0 3.974
1638779880 20.18 86.56 0 3.974
1638779940 20.15 86.43 0 3.974
1638780000 20.15 87.3 0 3.974
1638780060 20.14 88.05 0 3.969
1638780120 20.09 88.57 0 3.974
1638780180 20.02 88.58 0 3.974
1638780240 20.01 88.81 0 3.974
1638780300 19.95 88.95 0 3.974
1638780360 19.95 89.04 0 3.974
1638780420 19.96 89.53 0 3.974
1638780480 20.01 89.72 0 3.974
1638780540 19.95 89.55 0 3.963
1638780600 19.95 88.04 0 3.969
1638780660 19.96 87.38 0 3.974
1638780720 20.09 85.91 0 3.974
1638780780 20.19 85.29 0 3.974
1638780840 20.33 84.7 0 3.974
1638780900 20.38 84.24 0 3.974
1638780960 20.39 84.37 0 3.974
1638781020 20.44 83.84 0 3.974
1638781080 20.47 83.43 0 3.974
1638781140 20.4 84.07 0 3.974
1638781200 20.38 84.16 0 3.974
1638781260 20.39 84.56 0 3.974
1638781320 20.4 84.37 0 3.974
1638781380 20.31 84.82 0 3.974
1638781440 20.29 85.21 0 3.969
1638781500 20.21 85.9 0 3.974
1638781560 20.18 86.07 0 3.969
1638781620 20.16 86.26 0 3.974
1638781680 20.08 86.46 0 3.974
1638781740 20.04 87.16 0 3.974
1638781800 19.99 87.61 0 3.969
1638781860 19.95 88.12 0 3.969
1638781920 19.88 88.58 0 3.974
1638781980 19.85 89.05 0 3.974
1638782040 19.78 89.14 0 3.974
1638782100 19.74 89.36 0 3.974
1638782160 19.74 89.46 0 3.974
1638782220 19.78 89.75 0 3.974
1638782280 19.75 88.86 0 3.974
1638782340 19.75 88.39 0 3.963
1638782400 19.7 88.79 0 3.969
1638782460 19.65 89.08 0 3.958
1638782520 19.67 89.74 0 3.963
1638782580 19.65 89.97 0 3.958
1638784260 19.57 89.59 0 3.953
1638784320 19.54 89.97 0 3.958
1638784380 19.53 90.07 0 3.947
1638784440 19.5 90 0 3.947
1638784500 19.44 90.4 0 3.953
1638784560 19.4 90.64 0 3.947
1638784620 19.38 90.58 0 3.947
1638784680 19.32 90.96 0 3.953
1638784740 19.38 90.6 0 3.947
1638784800 19.43 90.33 0 3.947
1638784860 19.4 90.02 0 3.947
1638784920 19.34 90.53 0 3.953
1638784980 19.33 90.88 0 3.947
1638785040 19.33 90.96 0 3.947
1638785100 19.29 91.25 0 3.953
1638785160 19.26 91.19 0 3.953
1638785220 19.32 91.59 0 3.958
1638785280 19.25 91.27 0 3.958
1638785340 19.26 91.77 0 3.958
1638785400 19.32 91.75 0 3.958
1638785460 19.33 91.74 0 3.963
1638785520 19.36 91.65 0 3.958
1638785580 19.4 91.72 0 3.958
1638785640 19.47 91.99 0 3.958
1638785700 19.53 92.43 0 3.958
1638785760 19.49 92.44 0 3.958
1638785820 19.38 91.01 0 3.958
1638785880 19.37 90.5 0 3.963
1638785940 19.46 89.97 0 3.926
1638786000 19.52 89.4 0 3.953
1638786060 19.57 89.09 0 3.958
1638786120 19.58 88.86 0 3.958
1638786180 19.57 88.97 0 3.958
1638786240 19.54 89.29 0 3.958
1638786300 19.53 89.53 0 3.958
1638786360 19.52 89.9 0 3.958
1638786420 19.47 89.97 0 3.958
1638786480 19.52 90.12 0 3.963
1638786540 19.5 90.13 0 3.958
1638786600 19.54 90.59 0 3.958
1638786660 19.56 90.42 0 3.963
1638786720 19.57 90.38 0 3.958
1638786780 19.58 90.26 0 3.958
1638786840 19.54 90.16 0 3.947
1638786900 19.54 90.52 0 3.958
1638786960 19.53 90.42 0 3.958
1638787020 19.54 90.55 0 3.958
1638787080 19.56 91.05 0 3.958
1638787140 19.56 91.23 0 3.958
1638787200 19.54 91.31 0 3.958
1638787260 19.52 91.09 0 3.958
1638787320 19.5 91.08 0 3.963
1638787380 19.46 91.23 0 3.958
1638787440 19.4 91.39 0 3.963
1638787500 19.32 91.72 4 3.958
1638787560 19.33 91.89 4 3.958
1638787620 19.3 92.27 4 3.963
1638787680 19.27 92.26 4 3.958
1638787740 19.26 92.61 4 3.947
1638787800 19.26 92.67 4 3.958
1638787920 19.44 93.71 10 3.958
1638787980 19.47 93.58 16 3.958
1638788040 19.53 93.55 16 3.958
1638788100 19.56 93.38 16 3.958
1638788160 19.54 93.05 16 3.958
1638788220 19.57 93 22 3.958
1638788280 19.63 92.66 22 3.958
1638788340 19.65 92.55 22 3.963
1638788400 19.75 92.3 28 3.958
1638788460 19.82 91.96 28 3.963
1638788520 19.85 91.79 28 3.958
1638788580 19.85 91 34 3.958
1638788640 19.74 89.33 34 3.958
1638788700 19.8 88.24 34 3.942
1638788760 19.91 87.05 40 3.958
1638788820 19.96 86.86 40 3.958
1638788880 20.07 87.36 40 3.958
1638788940 20.05 88.03 40 3.958
1638789000 20.02 86.97 40 3.958
1638789060 20.04 86.55 45 3.958
1638789120 20.09 86.86 45 3.958
1638789180 20.11 86.94 45 3.958
1638789240 20.12 87.08 51 3.958
1638789300 20.12 87.21 51 3.958
1638789360 20.09 87.11 51 3.958
1638789420 20.14 87.58 51 3.958
1638789480 20.18 88.29 51 3.958
1638789540 20.25 88.76 51 3.958
1638789600 20.22 89.34 57 3.947
1638789660 20.15 89.23 57 3.953
1638789720 20.15 89.27 57 3.958
1638789780 20.15 89.27 63 3.958
1638789840 20.14 89.33 63 3.958
1638789900 20.11 89.35 69 3.958
1638789960 20.14 89.48 75 3.958
1638790020 20.14 89.73 75 3.958
1638790080 20.15 89.65 75 3.958
1638790140 20.21 89.5 81 3.958
1638790200 20.22 88.17 81 3.958
1638790260 20.22 85.74 81 3.958
1638790320 20.38 85.48 81 3.958
1638790380 20.44 84.66 81 3.958
1638790440 20.6 85.15 85 3.958
1638790500 19.78 89.75 0 3.974
1638790560 19.75 88.86 0 3.974
1638790620 20.76 83.22 103 3.958
1638790680 20.93 83.66 103 3.958
1638790740 20.91 82.1 103 3.958
1638790800 20.97 81.78 103 3.958
1638790860 21.04 81.89 97 3.958
1638790920 21.1 81.41 103 3.958
1638790980 21.08 81.23 109 3.958
1638791040 21.11 80.94 128 3.958
1638791100 21.17 80.19 156 3.958
1638791160 21.32 81.17 173 3.963
1638791220 21.52 81.86 185 3.963
1638791280 21.72 82.18 185 3.963
1638791340 21.87 81.99 185 3.958
1638791400 19.38 90.6 0 3.947
1638791460 19.43 90.33 0 3.947
1638791520 22.41 79.54 203 3.963
1638791580 22.51 78.85 203 3.963
1638791640 22.68 78.88 215 3.963
1638791700 22.78 78.56 215 3.963
1638791760 22.91 78.97 219 3.963
1638791820 23.13 78.05 221 3.963
1638791880 23.33 77.14 225 3.963
1638791940 23.33 77.23 225 3.963
1638792000 23.36 77.5 231 3.963
1638792060 23.19 77.51 231 3.958
1638792120 23.1 77.27 237 3.963
1638792180 22.98 77.91 243 3.963
1638792240 22.96 79.22 249 3.963
1638792300 19.47 91.99 0 3.958
1638792360 19.53 92.43 0 3.958
1638792420 22.98 78.74 262 3.963
1638792480 22.92 79.19 262 3.963
1638792540 23.06 78.36 268 3.963
1638792600 23.08 77.61 268 3.969
1638792660 23.16 77.78 268 3.963
1638792720 23.2 76.94 272 3.963
1638792780 23.22 78.52 272 3.963
1638792840 23.34 77.82 272 3.963
1638792900 23.29 78.37 274 3.969
1638792960 23.37 78.32 280 3.969
1638793020 23.33 77.46 278 3.969
1638793080 23.47 76.78 290 3.969
1638793140 23.65 75.21 296 3.969
1638793200 19.5 90.13 0 3.958
1638793260 19.54 90.59 0 3.958
1638793320 24.02 74.81 320 3.969
1638793380 23.91 75.01 320 3.969
1638793440 23.87 75.13 331 3.969
1638793500 24.02 74.66 338 3.969
1638793560 23.91 75.75 343 3.974
1638793620 24.02 74.64 349 3.974
1638793680 23.85 75.16 349 3.974
1638793740 23.8 75.01 355 3.969
1638793800 23.85 75.14 361 3.974
1638793860 24.08 75.63 361 3.969
1638793920 24.18 74.26 361 3.969
1638793980 24.36 73.56 343 3.969
1638794040 24.42 72.42 367 3.974
1638794100 19.4 91.39 0 3.963
1638794160 19.32 91.72 4 3.958
1638794220 24.39 73.07 367 3.974
1638794280 24.69 72.55 373 3.974
1638794340 24.6 72.43 391 3.974
1638794400 24.76 71.96 402 3.974
1638794460 25 71.22 414 3.974
1638794520 25 70.87 414 3.974
1638794580 25.04 70.74 402 3.974
1638794640 24.88 70.93 408 3.979
1638794700 24.74 71.31 408 3.974
1638794760 24.87 71.26 408 3.979
1638794820 24.98 70.82 426 3.979
1638794880 25.29 69.17 420 3.974
1638794940 25.69 68.9 420 3.979
1638795000 19.2 93.54 4 3.958
1638795060 19.22 93.69 4 3.963
1638795120 25.48 67.32 444 3.979
1638795180 25.8 67.38 426 3.979
1638795240 26.06 66.9 426 3.979
1638795300 26.06 65.53 444 3.979
1638795360 26.16 66.79 450 3.979
1638795420 26.34 65.68 444 3.985
1638795480 26.52 64.94 456 3.979
1638795540 26.3 65.77 462 3.979
1638795600 26.68 65.99 450 3.979
1638795660 26.45 65.56 474 3.985
1638795720 26.35 66.31 496 3.985
1638795780 26.68 65.09 496 3.985
1638795840 26.78 64.99 502 3.985
1638795900 19.75 92.3 28 3.958
1638795960 19.82 91.96 28 3.963
1638796020 26.68 64.37 486 3.979
1638796080 26.99 63.66 486 3.985
1638796140 26.95 63.8 474 3.985
1638796200 27.05 63.69 502 3.985
1638796260 27.14 62.65 515 3.99
1638796320 27.32 61.92 508 3.99
1638796380 27.36 60.78 504 3.985
1638796440 27.49 60.71 498 3.985
1638796500 27.68 59.31 496 3.99
1638796560 27.92 59.68 504 3.99
1638796620 28.11 60.17 508 3.99
1638796680 28.05 59.24 521 3.99
1638796740 27.83 59.22 527 3.99
1638796800 20.12 87.21 51 3.958
1638796860 20.09 87.11 51 3.958
1638796920 28.41 58.5 557 3.99
1638796980 28.05 58.46 569 3.99
1638797040 27.92 57.86 581 3.99
1638797100 27.71 58.84 579 3.996
1638797160 27.71 59.2 587 3.996
1638797220 27.78 59.03 587 3.996
1638797280 27.67 58.82 587 3.996
1638797340 27.57 59.44 593 3.996
1638797400 27.81 58.28 603 3.996
1638797460 28.04 57.54 609 3.996
1638797520 28.02 58.07 609 4.001
1638797580 28.22 57.16 615 4.001
1638797640 28.53 56.88 621 3.996
1638797700 20.22 88.17 81 3.958
1638797760 20.22 85.74 81 3.958
1638797820 28.93 54.52 640 4.001
1638797880 29.15 54.57 640 4.001
1638797940 29.44 54.87 646 4.001
1638798000 29.41 54.67 652 4.001
1638798060 29.17 56.89 658 4.001
1638798120 29.52 54.39 652 4.001
1638798180 29.79 53.55 658 4.001
1638798240 29.96 52.77 658 4.001
1638798300 29.58 54.13 646 4.006
1638798360 29.76 52.44 640 4.006
1638798420 29.56 52.68 640 4.001
1638798480 29.52 53.39 665 4.006
1638798540 29.26 51.62 676 4.006
1638798600 21.17 80.19 156 3.958
1638798660 21.32 81.17 173 3.963
1638798720 29.11 52.53 688 4.006
1638798780 29.15 53.56 694 4.006
1638798840 29.61 50.98 700 4.006
1638798900 30.04 50.3 682 4.006
1638798960 30.13 48.31 676 4.006
1638799020 30.13 49.11 700 4.006
1638799080 29.96 50.35 701 4.012
1638799140 30.31 49.34 713 4.012
1638799200 30.41 50.2 718 4.012
1638799260 29.96 51.18 730 4.012
1638799320 29.77 51.27 736 4.012
1638799380 29.62 51.7 736 4.012
1638799440 29.56 53.36 736 4.012
1638799500 23.36 77.5 231 3.963
1638799560 23.19 77.51 231 3.958
1638799620 30.21 51.61 760 4.012
1638799680 30.55 50.75 766 4.012
1638799740 29.9 52.16 754 4.012
1638799800 29.56 53.51 766 4.012
1638799860 29.96 52.77 772 4.017
1638799920 29.79 52.61 772 4.017
1638799980 29.52 53.38 778 4.017
1638800040 29.71 52.76 778 4.017
1638800100 29.76 52.46 796 4.022
1638800160 29.36 54.31 796 4.017
1638800220 28.96 55.46 810 4.022
1638800280 28.25 56.35 808 4.017
1638800340 27.74 58.13 810 4.022
1638800400 23.29 78.37 274 3.969
1638800460 23.37 78.32 280 3.969
1638800520 28.23 57.52 826 4.022
1638800580 28.62 55.98 826 4.022
1638800640 29.03 55.59 820 4.022
1638800700 29.32 54.46 838 4.022
1638800760 29.48 54.36 846 4.028
1638800820 29.71 53.6 850 4.028
1638800880 30.2 52.48 852 4.028
1638800940 30.4 52.65 858 4.028
1638801000 30.28 51.8 852 4.028
1638801060 30.54 51.62 852 4.028
1638801120 30.38 52.24 858 4.028
1638801180 31.02 52.01 858 4.028
1638801240 30.84 50.48 864 4.028
1638801300 23.85 75.14 361 3.974
1638801360 24.08 75.63 361 3.969
1638801420 30.44 50.75 882 4.033
1638801480 30.47 50.91 876 4.033
1638801540 30.21 51.67 888 4.033
1638801600 30.31 53.27 888 4.033
1638801660 30.57 52.22 894 4.033
1638801720 30.6 52.41 894 4.033
1638801780 30.85 51.6 896 4.033
1638801840 30.77 52.01 900 4.033
1638801900 30.62 50.9 900 4.033
1638801960 30.55 51.18 908 4.039
1638802020 30.98 50.15 914 4.039
1638802080 31.06 50.57 912 4.039
1638802140 31.13 49.9 920 4.039
1638802200 24.74 71.31 408 3.974
1638802260 24.87 71.26 408 3.979
1638802320 31.39 48.83 926 4.039
1638802380 30.98 51.29 920 4.039
1638802440 31.15 51.16 915 4.044
1638802500 31.36 51.39 926 4.044
1638802560 31.6 50.64 933 4.044
1638802620 31.64 49.45 927 4.044
1638802680 31.76 48.55 915 4.044
1638802740 31.59 50.63 921 4.044
1638802800 32.03 48.59 933 4.044
1638802860 32.21 49.58 933 4.044
1638802920 31.16 49.35 938 4.044
1638802980 30.86 50.82 933 4.044
1638803040 30.86 51.04 938 4.049
1638803100 26.68 65.99 450 3.979
1638803160 26.45 65.56 474 3.985
1638803220 31.15 47.84 951 4.049
1638803280 30.9 48.62 951 4.044
1638803340 30.95 47.35 962 4.049
1638803400 31.56 48.13 951 4.049
1638803460 31.56 46.39 945 4.049
1638803520 31.71 47.43 951 4.049
1638803580 31.63 47.38 796 4.044
1638803640 31.95 47.09 951 4.049
1638803700 32.43 47.17 921 4.049
1638803760 32.31 47.22 905 4.049
1638803820 31.61 47.56 947 4.049
1638803880 31.77 48.2 953 4.055
1638803940 31.29 48.21 971 4.055
1638804000 27.68 59.31 496 3.99
1638804060 27.92 59.68 504 3.99
1638804120 31.56 48.76 1025 4.06
1638804180 31.64 48.82 1025 4.06
1638804240 31.47 48 1025 4.06
1638804300 31.26 47.65 1031 4.06
1638804360 31.29 46 1055 4.06
1638804420 31.44 45.95 1081 4.065
1638804480 31.6 45.5 1085 4.065
1638804540 32.22 44.81 1087 4.065
1638804600 32.91 44.57 1093 4.065
1638804660 32.93 44.73 1105 4.065
1638804720 32.19 45.61 1129 4.065
1638804780 32.63 45.91 1161 4.071
1638804840 32.79 44.7 1185 4.065
1638804900 27.81 58.28 603 3.996
1638804960 28.04 57.54 609 3.996
1638805020 33.2 45.29 1173 4.071
1638805080 33.13 45.46 1173 4.071
1638805140 33.2 45.12 1185 4.071
1638805200 33.22 45.25 1136 4.071
1638805260 33.4 45.16 829 4.065
1638805320 33.58 46.36 1182 4.044
1638805380 33.49 45.28 1222 4.044
1638805440 33.78 44.29 950 4.039
1638805500 34.06 44.5 1210 4.039
1638805560 33.49 47.14 1192 4.039
1638805620 32.83 47.79 1246 4.039
1638805680 31.78 49.82 373 4.039
1638805740 31.59 51.25 337 4.039
1638805800 29.58 54.13 646 4.006
1638805860 29.76 52.44 640 4.006
1638805920 29.79 54.31 1210 4.039
1638805980 29.59 55.38 1228 4.039
1638806040 29.53 57.37 1203 4.039
1638806100 29.73 55.38 1192 4.039
1638806160 29.95 54.76 1167 4.033
1638806220 29.8 55.05 1156 4.033
1638806280 29.61 54.91 1144 4.033
1638806340 29.79 54.26 1164 4.039
1638806400 29.71 54.06 1174 4.033
1638806460 29.96 54.48 1179 4.033
1638806520 30.21 53.89 1158 4.033
1638806580 30.6 53.18 1185 4.033
1638806640 31.09 53.72 670 4.033
1638806700 30.41 50.2 718 4.012
1638806760 29.96 51.18 730 4.012
1638806820 31.05 50.54 308 4.039
1638806880 30.78 52.72 391 4.044
1638806940 30.67 51.73 1170 4.039
1638807000 30.79 50.04 1014 4.039
1638807060 31.1 49.71 361 4.039
1638807120 31.15 49.87 319 4.033
1638807180 31.06 49.37 313 4.033
1638807240 30.98 49.55 319 4.033
1638807300 30.77 50.59 307 4.033
1638807360 30.64 50.66 307 4.039
1638807420 30.51 50.71 337 4.033
1638807480 30.48 51.71 740 4.033
1638807540 30.77 51.73 1255 4.039
1638807600 29.76 52.46 796 4.022
1638807660 29.36 54.31 796 4.017
1638807720 31.32 50.91 1263 4.076
1638807780 31.13 49.81 1287 4.076
1638807840 31.2 49.21 1293 4.082
1638807900 31.61 48.43 1281 4.082
1638807960 32.1 47.8 1272 4.082
1638808020 32.39 45.89 1266 4.082
1638808080 32.48 46.42 1254 4.082
1638808140 32.91 45.04 1218 4.082
1638808200 33 47.09 1142 4.049
1638808260 33.43 43.94 1260 4.044
1638808320 33.48 45.14 1231 4.044
1638808380 32.87 45.03 1261 4.049
1638808440 31.9 47.75 1260 4.044
1638808500 30.28 51.8 852 4.028
1638808560 30.54 51.62 852 4.028
1638808620 30.74 52.41 284 4.044
1638808680 30.35 50.88 266 4.044
1638808740 29.63 53.64 266 4.044
1638808800 29.45 53.57 260 4.044
1638808860 29.52 54.21 260 4.044
1638808920 29.62 53.76 260 4.044
1638808980 30 52.89 266 4.044
1638809040 29.77 53.02 855 4.044
1638809100 29.71 52.37 1129 4.044
1638809160 30.09 52.11 1158 4.044
1638809220 30.57 49.72 1159 4.044
1638809280 30.92 49.12 1165 4.039
1638809340 31.18 48.26 1153 4.039
1638809400 30.62 50.9 900 4.033
1638809460 30.55 51.18 908 4.039
1638809520 32.15 47.7 1145 4.076
1638809580 32.03 48.72 1164 4.082
1638809640 32.29 47.46 1158 4.087
1638809700 32.61 46.95 1158 4.082
1638809760 32.99 47.28 1159 4.087
1638809820 32.82 46.7 1183 4.087
1638809880 32.46 46.08 1219 4.087
1638809940 32.59 46.02 1233 4.087
1638810000 32.62 47.04 1237 4.087
1638810060 32.46 48.34 1245 4.092
1638810120 32.39 48.51 1245 4.092
1638810180 32.82 49.93 1251 4.092
1638810240 32.56 48.29 1251 4.098
1638810300 32.03 48.59 933 4.044
1638810360 32.21 49.58 933 4.044
1638810420 32.34 48.46 1283 4.098
1638810480 32.43 48.6 1295 4.098
1638810540 32.59 48.42 758 4.065
1638810600 32.69 48.75 554 4.06
1638810660 32.67 48.71 1204 4.06
1638810720 32.59 48.51 445 4.06
1638810780 31.81 50 1164 4.06
1638810840 31.94 52.21 1182 4.06
1638810900 31.88 52.3 334 4.055
1638810960 32.1 52.51 332 4.06
1638811020 31.51 52.74 350 4.06
1638811080 31.54 51.53 411 4.06
1638811140 31.36 52.87 1335 4.055
1638811200 32.43 47.17 921 4.049
1638811260 32.31 47.22 905 4.049
1638811320 32.03 52.16 1245 4.055
1638811380 32.43 51.65 1239 4.055
1638811440 32.82 50.04 1251 4.055
1638811500 32.61 51.47 1275 4.055
1638811560 32.46 49.82 1296 4.055
1638811620 32.63 52.5 1329 4.055
1638811680 32.89 49.4 1340 4.055
1638811740 33.07 50.76 1340 4.055
1638811800 33.16 47.7 1308 4.055
1638811860 32.12 50.49 1296 4.055
1638811920 32.42 50.6 1286 4.049
1638811980 31.94 51.38 1255 4.055
1638812040 31.74 50.25 1233 4.055
1638812100 32.91 44.57 1093 4.065
1638812160 32.93 44.73 1105 4.065
1638812220 30.41 57.53 1331 4.098
1638812280 31.09 54.77 1319 4.098
1638812340 30.98 55.84 1319 4.098
1638812400 30.14 57.06 1319 4.103
1638812460 29.84 58.61 1320 4.103
1638812520 29.69 58.5 1320 4.103
1638812580 29.8 58.66 549 4.065
1638812640 29.61 58.86 465 4.06
1638812700 29.24 60.33 483 4.065
1638812760 29.01 60.09 507 4.065
1638812820 29.1 60.95 1025 4.06
1638812880 29.24 60.55 668 4.06
1638812940 29.52 60.79 1097 4.06
1638813000 34.06 44.5 1210 4.039
1638813060 33.49 47.14 1192 4.039
1638813120 29.48 60.28 465 4.06
1638813180 29.66 58.19 483 4.06
1638813240 29.52 59.65 554 4.06
1638813300 29.17 57.11 501 4.06
1638813360 29.26 58.04 489 4.06
1638813420 29.58 56.85 495 4.06
1638813480 29.32 57.29 435 4.06
1638813540 28.87 58.7 411 4.06
1638813600 28.57 59.4 387 4.06
1638813660 28.63 59.88 405 4.06
1638813720 28.78 59.9 417 4.06
1638813780 28.59 60.51 441 4.055
1638813840 28.66 61 453 4.06
1638813900 29.71 54.06 1174 4.033
1638813960 29.96 54.48 1179 4.033
1638814020 29.72 57.49 495 4.055
1638814080 30.1 54.95 505 4.06
1638814140 30.09 54.96 518 4.06
1638814200 30.24 55.39 632 4.055
1638814260 30.24 54.84 1073 4.06
1638814320 30.68 52.86 1139 4.06
1638814380 31.27 51.65 1054 4.06
1638814440 31.64 52.28 1420 4.06
1638814500 31.32 52.35 1283 4.06
1638814560 31.67 52.7 1066 4.055
1638814620 30.78 54.39 590 4.06
1638814680 30.19 57.04 487 4.06
1638814740 29.89 57.54 463 4.06
1638814800 30.77 50.59 307 4.033
1638814860 30.64 50.66 307 4.039
1638814920 30.2 55.83 411 4.06
1638814980 30.21 55.67 870 4.06
1638815040 30.3 55.01 405 4.055
1638815100 30.19 56.25 423 4.055
1638815160 29.84 57.03 405 4.055
1638815220 29.44 57.63 405 4.06
1638815280 29.1 58.8 441 4.055
1638815340 28.83 60.29 481 4.06
1638815400 28.94 60.83 429 4.055
1638815460 29.05 59.29 368 4.06
1638815520 29.07 60.74 344 4.055
1638815580 29.26 59.66 314 4.055
1638815640 29.29 60.1 296 4.055
1638815700 33 47.09 1142 4.049
1638815760 33.43 43.94 1260 4.044
1638815820 29.1 60.31 298 4.06
1638815880 29.03 60.6 298 4.065
1638815940 29.05 60.74 292 4.065
1638816000 28.94 61.24 274 4.06
1638816060 29.04 60.72 256 4.06
1638816120 29.17 60.51 249 4.065
1638816180 29.07 61.06 286 4.065
1638816240 29.15 60.16 292 4.065
1638816300 29.1 60.07 334 4.065
1638816360 29.08 59.54 364 4.071
1638816420 29.01 59.07 418 4.071
1638816480 28.47 60.62 870 4.06
1638816540 28.71 60.03 560 4.06
1638816600 29.71 52.37 1129 4.044
1638816660 30.09 52.11 1158 4.044
1638816720 29.82 57.63 1234 4.055
1638816780 29.98 58.29 1203 4.06
1638816840 29.96 57.55 1192 4.055
1638816900 30.07 57.01 1174 4.06
1638816960 30.17 56.14 1120 4.055
1638817020 30.48 56.98 1156 4.055
1638817080 30.79 54.92 1162 4.055
1638817140 31.23 55.42 411 4.055
1638817200 31.39 52.7 374 4.055
1638817260 30.51 55.18 362 4.055
1638817320 29.53 58.79 387 4.06
1638817380 28.78 61.12 435 4.055
1638817440 28.74 61.75 1097 4.055
1638817500 32.62 47.04 1237 4.087
1638817560 32.46 48.34 1245 4.092
1638817620 29.45 59.63 435 4.065
1638817680 29.42 58.26 572 4.055
1638817740 29.53 58.91 530 4.06
1638817800 29.61 58.31 1108 4.055
1638817860 29.47 59.64 804 4.055
1638817920 30.06 58.3 1072 4.055
1638817980 30.31 57.04 457 4.055
1638818040 30.69 57.43 393 4.055
1638818100 30.68 56.86 344 4.055
1638818160 30.6 55.6 362 4.055
1638818220 30.42 56.49 308 4.055
1638818280 29.35 59.24 326 4.055
1638818340 29.38 59.43 280 4.055
1638818400 31.88 52.3 334 4.055
1638818460 32.1 52.51 332 4.06
1638818520 28.65 62.04 268 4.06
1638818580 28.65 62.58 268 4.06
1638818640 28.29 62.73 292 4.06
1638818700 28.08 63.88 286 4.06
1638818760 27.98 64.43 243 4.055
1638818820 27.95 64.79 231 4.055
1638818880 27.87 65.1 237 4.055
1638818940 27.72 65.08 249 4.055
1638819000 27.63 66.2 262 4.055
1638819060 27.64 66.01 590 4.055
1638819120 27.7 65.64 296 4.055
1638819180 27.76 64.54 314 4.055
1638819240 27.87 64.77 316 4.055
1638819300 33.16 47.7 1308 4.055
1638819360 32.12 50.49 1296 4.055
1638819420 28.09 64.35 911 4.055
1638819480 28.63 62.52 917 4.055
1638819540 28.59 61.39 649 4.055
1638819600 28.32 62.22 911 4.055
1638819660 28.29 62.8 302 4.055
1638819720 28.35 62.89 302 4.055
1638819780 28.62 63.06 286 4.055
1638819840 28.71 61.83 274 4.055
1638819900 28.84 60.53 268 4.055
1638819960 28.78 61.22 256 4.055
1638820020 28.86 62.21 237 4.055
1638820080 28.6 61.79 225 4.055
1638820140 28.39 62.24 219 4.055
1638820200 29.24 60.33 483 4.065
1638820260 29.01 60.09 507 4.065
1638820320 27.77 64.18 177 4.055
1638820380 27.8 64.52 177 4.06
1638820440 28.02 64.12 189 4.06
1638820500 28.02 64.22 201 4.06
1638820560 28.15 63.59 207 4.06
1638820620 28.25 62.57 207 4.06
1638820680 28.23 62.45 262 4.06
1638820740 28.07 62.14 213 4.06
1638820800 28.16 61.52 225 4.06
1638820860 28.25 62.21 231 4.06
1638820920 28.26 61.56 231 4.06
1638820980 28.25 61.73 243 4.06
1638821040 28.26 61.47 268 4.065
1638821100 28.57 59.4 387 4.06
1638821160 28.63 59.88 405 4.06
1638821220 28.34 61.77 292 4.06
1638821280 28.42 62.28 763 4.055
1638821340 28.5 60.29 780 4.055
1638821400 28.49 61.7 739 4.055
1638821460 28.9 61.14 749 4.055
1638821520 28.98 59.91 780 4.055
1638821580 29.35 60.88 792 4.055
1638821640 29.21 59.06 798 4.055
1638821700 29.41 59.28 792 4.055
1638821760 29.95 58.2 487 4.055
1638821820 29.84 57.56 739 4.055
1638821880 29.73 57.41 743 4.055
1638821940 29.77 57.53 761 4.055
1638822000 31.32 52.35 1283 4.06
1638822060 31.67 52.7 1066 4.055
1638822120 30.14 57.59 743 4.055
1638822180 29.95 57.65 721 4.055
1638822240 29.61 58.45 715 4.055
1638822300 29.89 58.2 733 4.055
1638822360 29.49 57.78 743 4.049
1638822420 29.1 59.85 733 4.049
1638822480 29.36 59.55 713 4.055
1638822540 29.07 59.06 274 4.055
1638822600 28.56 60.99 292 4.049
1638822660 28.31 61.21 280 4.055
1638822720 28.18 61.75 302 4.049
1638822780 28.31 62.43 600 4.055
1638822840 28.71 62.47 272 4.055
1638822900 28.94 60.83 429 4.055
1638822960 29.05 59.29 368 4.06
1638823020 28.43 61.31 231 4.049
1638823080 28.08 62.73 411 4.055
1638823140 27.81 64.02 518 4.055
1638823200 27.91 64.09 189 4.055
1638823260 27.8 63.39 165 4.055
1638823320 27.39 64.92 147 4.055
1638823380 27.37 65.49 143 4.055
1638823440 27.22 65.95 141 4.055
1638823500 27.28 65.58 159 4.055
1638823560 27.1 65.76 153 4.055
1638823620 27.08 66.37 137 4.055
1638823680 27.09 66.02 131 4.055
1638823740 27.2 65.99 332 4.055
1638823800 29.1 60.07 334 4.065
1638823860 29.08 59.54 364 4.071
1638823920 27.29 66.54 118 4.049
1638823980 27.25 66.62 118 4.055
1638824040 27.22 66.89 143 4.055
1638824100 27.19 67.24 489 4.06
1638824160 27.3 66.87 495 4.06
1638824220 27.47 66.76 513 4.065
1638824280 27.54 65.96 298 4.06
1638824340 27.87 64.57 189 4.055
1638824400 27.81 65.12 153 4.055
1638824460 27.61 65.09 153 4.06
1638824520 27.51 65.43 155 4.055
1638824580 27.37 66.27 171 4.06
1638824640 27.19 66.51 159 4.06
1638824700 31.39 52.7 374 4.055
1638824760 30.51 55.18 362 4.055
1638824820 26.99 67.98 124 4.055
1638824880 27.19 67.8 118 4.055
1638824940 27.14 67.76 112 4.055
1638825000 27.28 67.79 106 4.055
1638825060 27.29 67.3 106 4.055
1638825120 27.16 67.41 100 4.055
1638825180 27.08 67.48 94 4.055
1638825240 27.09 66.85 88 4.055
1638825300 27.08 66.86 88 4.055
1638825360 27.16 66.75 82 4.055
1638825420 27.19 66.97 88 4.055
1638825480 27.1 66.65 94 4.055
1638825540 27.05 67.13 94 4.055
1638825600 30.68 56.86 344 4.055
1638825660 30.6 55.6 362 4.055
1638825720 27.2 66.53 124 4.055
1638825780 27.17 66.81 118 4.055
1638825840 27.25 66.73 137 4.055
1638825900 27.2 66.68 195 4.055
1638825960 27.28 66.81 153 4.055
1638826020 27.43 66.86 338 4.06
1638826080 27.59 66.34 338 4.06
1638826140 27.53 65.56 344 4.06
1638826200 27.57 65.34 338 4.06
1638826260 27.76 64.43 326 4.06
1638826320 27.81 64.15 338 4.06
1638826380 27.87 64.07 326 4.06
1638826440 27.81 64.26 292 4.06
1638826500 27.63 66.2 262 4.055
1638826560 27.64 66.01 590 4.055
1638826620 27.78 65.06 286 4.055
1638826680 27.83 64.22 165 4.055
1638826740 27.76 64.7 171 4.06
1638826800 27.72 65.21 256 4.055
1638826860 27.81 65.51 256 4.06
1638826920 27.83 65.27 149 4.055
1638826980 27.51 66.36 153 4.055
1638827040 27.41 66.81 155 4.055
1638827100 27.54 66.96 171 4.055
1638827160 27.51 67.36 183 4.06
1638827220 27.57 66.86 262 4.06
1638827280 27.54 66.79 231 4.055
1638827340 27.57 66.64 237 4.06
1638827400 28.84 60.53 268 4.055
1638827460 28.78 61.22 256 4.055
1638827520 27.63 66.3 153 4.055
1638827580 27.41 66.74 147 4.055
1638827640 27.34 67.01 143 4.055
1638827700 27.36 67.13 124 4.055
1638827760 27.41 67.13 112 4.055
1638827820 27.49 67.15 112 4.055
1638827880 27.4 67.38 106 4.055
1638827940 27.26 67.11 100 4.055
1638828000 27.3 67.21 106 4.055
1638828060 27.23 67.5 100 4.055
1638828120 27.22 67.53 94 4.055
1638828180 27.06 68.13 100 4.055
1638828240 26.99 68.95 106 4.055
1638828300 28.16 61.52 225 4.06
1638828360 28.25 62.21 231 4.06
1638828420 26.71 69.96 94 4.055
1638828480 26.61 70.59 82 4.055
1638828540 26.38 71.13 70 4.055
1638828600 26.31 71.64 52 4.055
1638828660 26.23 72.09 40 4.055
1638828720 26.19 71.73 28 4.055
1638828780 26.2 71.95 22 4.049
1638828840 26.23 72.06 16 4.055
1638828900 26.26 71.79 10 4.055
1638828960 26.14 71.81 10 4.055
1638829020 26.12 72.06 10 4.055
1638829080 26.12 72.31 4 4.055
1638829140 26.04 72.24 4 4.055
1638829200 29.41 59.28 792 4.055
1638829260 29.95 58.2 487 4.055
1638829320 25.87 71.89 10 4.055
1638829380 25.87 72.02 4 4.055
1638829440 25.87 72.29 4 4.055
1638829500 25.83 72.22 4 4.055
1638829560 25.76 72.61 4 4.055
1638829620 25.75 72.76 4 4.055
1638829680 25.71 73.05 4 4.049
1638829740 25.62 73.67 4 4.055
1638829800 25.56 73.59 4 4.055
1638829860 25.58 73.76 4 4.055
1638829920 25.55 73.61 4 4.055
1638829980 25.52 73.91 0 4.055
1638830040 25.52 74.21 0 4.055
1638830100 28.56 60.99 292 4.049
1638830160 28.31 61.21 280 4.055
1638830220 25.44 74.27 0 4.055
1638830280 25.39 74.6 0 4.055
1638830340 25.41 74.5 0 4.055
1638830400 25.45 74.53 0 4.055
1638830460 25.39 74.17 0 4.055
1638830520 25.41 74.34 0 4.055
1638830580 25.36 74.69 0 4.055
1638830640 25.32 74.72 0 4.055
1638830700 25.31 74.83 0 4.055
1638830760 25.31 75.19 0 4.055
1638830820 25.27 75.27 0 4.055
1638830880 25.25 75.37 0 4.055
1638830940 25.24 75.46 0 4.055
1638831000 27.28 65.58 159 4.055
1638831060 27.1 65.76 153 4.055
1638831120 25.15 75.88 0 4.049
1638831180 25.13 76.02 0 4.055
1638831240 25.14 75.93 0 4.055
1638831300 25.08 75.99 0 4.049
1638831360 25.11 76.4 0 4.049
1638831420 25.08 76.19 0 4.055
1638831480 25.1 76.61 0 4.049
1638831540 25.08 76.69 0 4.049
1638831600 25.04 76.84 0 4.055
1638831660 25.01 77.14 0 4.049
1638831720 25.01 77.12 0 4.055
1638831780 24.98 77.48 0 4.055
1638831840 24.97 77.27 0 4.049
1638831900 27.81 65.12 153 4.055
1638831960 27.61 65.09 153 4.06
1638832020 24.94 77.98 0 4.049
1638832080 24.93 78.08 0 4.055
1638832140 24.9 78.47 0 4.049
1638832200 24.86 78.72 0 4.055
1638832260 24.84 78.93 0 4.055
1638832320 24.86 79.05 0 4.055
1638832380 24.84 79 0 4.055
1638832440 24.84 79.16 0 4.055
1638832500 24.78 79.28 0 4.055
1638832560 24.77 79.55 0 4.055
1638832620 24.74 79.73 0 4.055
1638832680 24.7 79.87 0 4.055
1638832740 24.69 79.93 0 4.055
1638832800 27.08 66.86 88 4.055
1638832860 27.16 66.75 82 4.055
1638832920 24.62 80.46 0 4.049
1638832980 24.56 80.45 0 4.055
1638833040 24.55 80.6 0 4.049
1638833100 24.53 80.73 0 4.049
1638833160 24.56 80.56 0 4.055
1638833220 24.56 80.52 0 4.049
1638833280 24.57 80.53 0 4.049
1638833340 24.55 80.79 0 4.049
1638833400 24.56 80.84 0 4.049
1638833460 24.57 80.74 0 4.049
1638833520 24.56 80.77 0 4.055
1638833580 24.56 80.77 0 4.049
1638833640 24.57 80.7 0 4.049
1638833700 27.57 65.34 338 4.06
1638833760 27.76 64.43 326 4.06
1638833820 24.53 80.74 0 4.049
1638833880 24.52 80.92 0 4.049
1638833940 24.52 81.06 0 4.049
1638834000 24.5 81.12 0 4.049
1638834060 24.53 81.08 0 4.049
1638834120 24.52 81.05 0 4.049
1638834180 24.55 81.05 0 4.049
1638834240 24.53 80.97 0 4.049
1638834300 24.5 80.95 0 4.049
1638834360 24.55 81.1 0 4.049
1638834420 24.48 81.44 0 4.049
1638834480 24.44 81.21 0 4.049
1638834540 24.48 81.04 0 4.055
1638834600 27.54 66.96 171 4.055
1638834660 27.51 67.36 183 4.06
1638834720 24.43 81.36 0 4.049
1638834780 24.36 81.56 0 4.049
1638834840 24.29 81.78 0 4.049
1638834900 24.26 81.82 0 4.049
1638834960 24.26 82.07 0 4.055
1638835020 24.21 82.21 0 4.055
1638835080 24.21 82.13 0 4.049
1638835140 24.16 82.18 0 4.049
1638835200 24.18 82.38 0 4.049
1638835260 24.16 82.41 0 4.055
1638835320 24.14 82.52 0 4.049
1638835380 24.11 82.61 0 4.049
1638835440 24.11 82.63 0 4.049
1638835500 27.3 67.21 106 4.055
1638835560 27.23 67.5 100 4.055
1638835620 24.05 82.85 0 4.049
1638835680 24.07 82.84 0 4.049
1638835740 24.05 82.92 0 4.049
1638835800 24.07 83.08 0 4.049
1638835860 24.09 82.86 0 4.049
1638835920 24.15 82.7 0 4.049
1638835980 24.21 82.57 0 4.049
1638836040 24.19 82.79 0 4.049
1638836100 24.15 82.68 0 4.049
1638836160 24.16 82.85 0 4.049
1638836220 24.15 82.95 0 4.049
1638836280 24.12 82.99 0 4.049
1638836340 24.07 83.08 0 4.049
1638836400 26.26 71.79 10 4.055
1638836460 26.14 71.81 10 4.055
1638836520 23.95 83.65 0 4.049
1638836580 23.91 83.78 0 4.049
1638836640 23.88 83.76 0 4.049
1638836700 23.85 83.84 0 4.049
1638836760 23.84 83.8 0 4.049
1638836820 23.87 83.85 0 4.049
1638836880 23.82 83.97 0 4.049
1638836940 23.84 83.96 0 4.049
1638837000 23.8 84.37 0 4.049
1638837060 23.75 84.64 0 4.049
1638837120 23.77 84.76 0 4.049
1638837180 23.75 84.98 0 4.049
1638837240 23.75 84.9 0 4.049
1638837300 25.56 73.59 4 4.055
1638837360 25.58 73.76 4 4.055
1638837420 23.74 84.85 0 4.049
1638837480 23.74 85.18 0 4.049
1638837540 23.75 84.76 0 4.049
1638837600 23.8 84.21 0 4.049
1638837660 23.82 84.16 0 4.049
1638837720 23.84 84.28 0 4.049
1638837780 23.88 84.06 0 4.049
1638837840 23.91 83.93 0 4.049
1638837900 23.95 83.89 0 4.049
1638837960 23.91 83.76 0 4.049
1638838020 23.91 84.15 0 4.049
1638838080 23.88 84.5 0 4.049
1638838140 23.87 84.4 0 4.049
1638838200 25.31 74.83 0 4.055
1638838260 25.31 75.19 0 4.055
1638838320 23.67 85.14 0 4.049
1638838380 23.6 85.31 0 4.049
1638838440 23.56 85.65 0 4.049
1638838500 23.51 85.77 0 4.049
1638838560 23.56 85.75 0 4.049
1638838620 23.56 85.84 0 4.049
1638838680 23.54 85.8 0 4.049
1638838740 23.51 85.59 0 4.049
1638838800 23.56 85.75 0 4.049
1638838860 23.56 85.8 0 4.049
1638838920 23.54 85.98 0 4.049
1638838980 23.54 86.06 0 4.049
1638839040 23.47 86.22 0 4.049
1638839100 25.04 76.84 0 4.055
1638839160 25.01 77.14 0 4.049
1638839220 23.56 85.81 0 4.049
1638839280 23.59 85.73 0 4.049
1638839340 23.6 85.5 0 4.049
1638839400 23.63 85.45 0 4.049
1638839460 23.67 85.38 0 4.049
1638839520 23.67 85.21 0 4.049
1638839580 23.71 85.23 0 4.049
1638839640 23.68 85.44 0 4.049
1638839700 23.6 85.67 0 4.049
1638839760 23.54 85.92 0 4.049
1638839820 23.6 86.11 0 4.049
1638839880 23.61 85.9 0 4.049
1638839940 23.6 85.94 0 4.049
1638840000 24.78 79.28 0 4.055
1638840060 24.77 79.55 0 4.055
1638840120 23.54 85.93 0 4.049
1638840180 23.51 85.99 0 4.049
1638840240 23.51 86.01 0 4.049
1638840300 23.49 86.04 0 4.044
1638840360 23.49 86.21 0 4.049
1638840420 23.49 86.26 0 4.049
1638840480 23.51 86.18 0 4.044
1638840540 23.53 86.17 0 4.049
1638840600 23.51 86.03 0 4.049
1638840660 23.51 86.08 0 4.044
1638840720 23.49 86.08 0 4.044
1638840780 23.49 85.92 0 4.049
1638840840 23.49 85.88 0 4.049
1638840900 24.56 80.84 0 4.049
1638840960 24.57 80.74 0 4.049
1638841020 23.49 86.17 0 4.049
1638841080 23.43 86.14 0 4.044
1638841140 23.4 86.18 0 4.044
1638841200 23.4 86.31 0 4.049
1638841260 23.37 86.41 0 4.044
1638841320 23.34 86.52 0 4.049
1638841380 23.34 86.34 0 4.049
1638841440 23.32 86.23 0 4.049
1638841500 23.27 86.21 0 4.049
1638841560 23.23 85.71 0 4.049
1638841620 23.24 85.9 0 4.049
1638841680 23.17 86.29 0 4.049
1638841740 23.14 86.12 0 4.049
1638841800 24.5 80.95 0 4.049
1638841860 24.55 81.1 0 4.049
1638841920 23.1 85.79 0 4.044
1638841980 23.1 85.69 0 4.044
1638842040 23.13 85.76 0 4.049
1638842100 23.09 86.05 0 4.044
1638842160 23.05 85.88 0 4.049
1638842220 23.01 85.67 0 4.044
1638842280 23.03 85.42 0 4.049
1638842340 23.01 85.18 0 4.049
1638842400 23.06 85.09 0 4.049
1638842460 23.05 85.05 0 4.044
1638842520 23.05 84.86 0 4.049
1638842580 23.05 84.49 0 4.049
1638842640 23.08 84.54 0 4.049
1638842700 24.18 82.38 0 4.049
1638842760 24.16 82.41 0 4.055
1638842820 23.09 83.86 0 4.044
1638842880 23.12 83.45 0 4.049
1638842940 23.12 83.34 0 4.049
1638843000 23.14 82.97 0 4.049
1638843060 23.13 82.81 0 4.044
1638843120 23.12 83 0 4.044
1638843180 23.16 84.58 0 4.044
1638843240 23.14 86.48 0 4.044
1638843300 23.03 87.17 0 4.044
1638843360 23.02 87.12 0 4.049
1638843420 22.98 87.16 0 4.044
1638843480 22.91 87.05 0 4.044
1638843540 22.84 87.25 0 4.044
1638843600 24.15 82.68 0 4.049
1638843660 24.16 82.85 0 4.049
1638843720 22.81 87.45 0 4.049
1638843780 22.81 87.37 0 4.044
1638843840 22.74 87.53 0 4.044
1638843900 22.69 87.28 0 4.044
1638843960 22.69 87.52 0 4.044
1638844020 22.69 87.6 0 4.049
1638844080 22.65 87.85 0 4.044
1638844140 22.59 88.09 0 4.044
1638844200 22.55 88.27 0 4.044
1638844260 22.5 88.56 0 4.044
1638844320 22.44 88.82 0 4.049
1638844380 22.4 88.56 0 4.044
1638844440 22.38 88.43 0 4.049
1638844500 23.8 84.37 0 4.049
1638844560 23.75 84.64 0 4.049
1638844620 22.35 87.82 0 4.044
1638844680 22.38 86.73 0 4.044
1638844740 22.44 85.77 0 4.044
1638844800 22.51 85.47 0 4.044
1638844860 22.55 85.83 0 4.049
1638844920 22.55 86.16 0 4.049
1638844980 22.57 86.55 0 4.044
1638845040 22.48 86.91 0 4.049
1638845100 22.48 87.45 0 4.044
1638845160 22.44 87.51 0 4.049
1638845220 22.44 87.94 0 4.044
1638845280 22.43 88.11 0 4.044
1638845340 22.38 87.48 0 4.049
1638845400 23.95 83.89 0 4.049
1638845460 23.91 83.76 0 4.049
1638845520 22.28 86.71 0 4.044
1638845580 22.24 86.73 0 4.044
1638845640 22.23 86.99 0 4.044
1638845700 22.17 87.15 0 4.044
1638845760 22.11 87.32 0 4.044
1638845820 22.07 87.11 0 4.044
1638845880 22.08 86.34 0 4.049
1638845940 22.1 86.42 0 4.044
1638846000 22.04 86.01 0 4.044
1638846060 22.11 86.15 0 4.044
1638846120 22.1 85.79 0 4.044
1638846180 22.1 85.65 0 4.044
1638846240 22.11 85.88 0 4.044
1638846300 23.56 85.75 0 4.049
1638846360 23.56 85.8 0 4.049
1638845520 22.28 86.71 0 4.044
1638845580 22.24 86.73 0 4.044
1638845640 22.23 86.99 0 4.044
1638845700 22.17 87.15 0 4.044
1638845760 22.11 87.32 0 4.044
1638845820 22.07 87.11 0 4.044
1638845880 22.08 86.34 0 4.049
1638845940 22.1 86.42 0 4.044
1638846000 22.04 86.01 0 4.044
1638846060 22.11 86.15 0 4.044
1638846120 22.1 85.79 0 4.044
1638846180 22.1 85.65 0 4.044
1638846240 22.11 85.88 0 4.044
1638846300 23.56 85.75 0 4.049
1638846360 23.56 85.8 0 4.049
1638846420 22.04 88.94 0 4.044
1638846480 22 89.44 0 4.044
1638846540 21.9 89.51 0 4.044
1638846600 21.85 89.62 0 4.044
1638846660 21.79 89.61 0 4.044
1638846720 21.76 90.17 0 4.044
1638846780 21.75 90.04 0 4.044
1638846840 21.72 90.05 0 4.049
1638846900 21.69 89.9 0 4.044
1638846960 21.71 90.46 0 4.044
1638847020 21.68 90.67 0 4.044
1638847080 21.69 90.88 0 4.044
1638847140 21.65 90.91 0 4.044
1638847200 23.6 85.67 0 4.049
1638847260 23.54 85.92 0 4.049
1638847320 21.65 91.15 0 4.044
1638847380 21.59 90.31 0 4.044
1638847440 21.63 89.75 0 4.044
1638847500 21.65 90.28 0 4.044
1638847560 21.63 90.73 0 4.044
1638847620 21.59 90.26 0 4.039
1638847680 21.56 89.88 0 4.044
1638847740 21.55 89.34 0 4.044
1638847800 21.49 88.93 0 4.044
1638847860 21.49 88.55 0 4.049
1638847920 21.46 87.87 0 4.044
1638847980 21.52 87.38 0 4.044
1638848040 21.58 87.26 0 4.049
1638848100 23.51 86.03 0 4.049
1638848160 23.51 86.08 0 4.044
1638848220 21.58 87.43 0 4.044
1638848280 21.56 87.46 0 4.044
1638848340 21.53 87.72 0 4.044
1638848400 21.56 88.06 0 4.044
1638848460 21.52 88.4 0 4.044
1638848520 21.53 88.98 0 4.044
1638848580 21.5 89.11 0 4.044
1638848640 21.45 89.06 0 4.044
1638848700 21.44 89.48 0 4.044
1638848760 21.46 89.88 0 4.044
1638848820 21.41 89.94 0 4.044
1638848880 21.34 90.12 0 4.044
1638848940 21.29 90.39 0 4.044
1638849000 23.27 86.21 0 4.049
1638849060 23.23 85.71 0 4.049
1638849120 21.27 90.63 0 4.044
1638849180 21.27 90.67 0 4.044
1638849240 21.28 90.61 0 4.044
1638849300 21.28 90.59 0 4.044
1638849360 21.24 90.76 0 4.044
1638849420 21.18 90.8 0 4.044
1638849480 21.12 90.82 0 4.044
1638849540 21.1 91.16 0 4.044
1638849600 21.12 91.38 0 4.044
1638849660 21.11 91.52 0 4.044
1638849720 21.1 91.56 0 4.044
1638849780 21.08 91.66 0 4.044
1638849840 21.05 91.93 0 4.044
1638849900 23.06 85.09 0 4.049
1638849960 23.05 85.05 0 4.044
1638850020 21.04 92.12 0 4.044
1638850080 21.04 92.17 0 4.044
1638850140 21.05 92.2 0 4.044
1638850200 21.01 92.03 0 4.044
1638850260 20.98 91.98 0 4.044
1638850320 21.04 91.97 0 4.044
1638850380 21.02 91.86 0 4.044
1638850440 21.08 91.99 0 4.044
1638850500 21.11 92.19 0 4.044
1638850560 21.15 91.77 0 4.044
1638850620 21.21 91.19 0 4.044
1638850680 21.21 89.7 0 4.044
1638850740 21.18 88.34 0 4.044
1638850800 23.03 87.17 0 4.044
1638850860 23.02 87.12 0 4.049
1638850920 21.31 87.54 0 4.044
1638850980 21.35 87.57 0 4.044
1638851040 21.35 87.4 0 4.044
1638851100 21.34 87.53 0 4.044
1638851160 21.24 87.19 0 4.044
1638851220 21.25 87.67 0 4.044
1638851280 21.24 87.54 0 4.044
1638851340 21.2 87.1 0 4.044
1638851400 21.18 85.63 0 4.044
1638851460 21.22 85.44 0 4.044
1638851520 21.22 84.46 0 4.044
1638851580 21.22 84.26 0 4.044
1638851640 21.24 84.69 0 4.044
1638851700 22.55 88.27 0 4.044
1638851760 22.5 88.56 0 4.044
1638851820 21.11 85.9 0 4.044
1638851880 21.11 86.26 0 4.044
1638851940 21.07 86.32 0 4.044
1638852000 21.01 86.53 0 4.044
1638852060 20.97 86.75 0 4.044
1638852120 20.94 87.03 0 4.044
1638852180 20.98 87.8 0 4.044
1638852240 21.02 88.74 0 4.044
1638852300 21 89.52 0 4.044
1638852360 20.9 89.81 0 4.044
1638852420 20.86 89.9 0 4.044
1638852480 20.83 89.44 0 4.044
1638852540 20.81 89.03 0 4.044
1638852600 22.48 87.45 0 4.044
1638852660 22.44 87.51 0 4.049
1638851820 21.11 85.9 0 4.044
1638851880 21.11 86.26 0 4.044
1638851940 21.07 86.32 0 4.044
1638852000 21.01 86.53 0 4.044
1638852060 20.97 86.75 0 4.044
1638852120 20.94 87.03 0 4.044
1638852180 20.98 87.8 0 4.044
1638852240 21.02 88.74 0 4.044
1638852300 21 89.52 0 4.044
1638852360 20.9 89.81 0 4.044
1638852420 20.86 89.9 0 4.044
1638852480 20.83 89.44 0 4.044
1638852540 20.81 89.03 0 4.044
1638852600 22.48 87.45 0 4.044
1638852660 22.44 87.51 0 4.049
1638852720 20.86 88.52 0 4.044
1638852780 20.86 89.17 0 4.044
1638852840 20.87 89.07 0 4.044
1638852900 20.79 89.2 0 4.044
1638852960 20.71 89.29 0 4.044
1638853020 20.7 89.36 0 4.039
1638853080 20.66 89.42 0 4.039
1638853140 20.66 89.97 0 4.044
