1645938000 23.94 76.48 0 4.098
1645938060 23.95 76.46 0 4.098
1645938120 23.95 76.49 0 4.098
1645938180 23.94 76.5 0 4.098
1645938240 23.91 76.53 0 4.098
1645938300 23.89 76.57 0 4.098
1645938360 23.81 76.59 0 4.098
1645938420 23.71 76.67 0 4.098
1645938480 23.6 76.73 0 4.098
1645938540 23.49 76.82 0 4.098
1645938600 23.4 77 0 4.098
1645938660 23.29 77.15 0 4.098
1645938720 23.19 77.32 0 4.092
1645938780 23.14 77.57 0 4.092
1645938840 23.05 77.81 0 4.098
1645938900 23.02 78.04 0 4.098
1645938960 22.96 78.39 0 4.098
1645939020 22.9 78.71 0 4.098
1645939080 22.86 78.96 0 4.098
1645939140 22.79 79.27 0 4.098
1645939200 22.76 79.54 0 4.098
1645939260 22.73 79.83 0 4.098
1645939320 22.7 80.04 0 4.098
1645939380 22.72 80.34 0 4.098
1645939440 22.7 80.6 0 4.098
1645939500 22.68 80.89 0 4.098
1645939560 22.7 81.15 0 4.098
1645939620 22.69 81.41 0 4.092
1645939680 22.66 81.62 0 4.098
1645939740 22.7 81.86 0 4.098
1645939800 22.69 82.11 0 4.098
1645939860 22.72 82.33 0 4.098
1645939920 22.76 82.59 0 4.098
1645939980 22.75 82.82 0 4.098
1645940040 22.7 83.01 0 4.098
1645940100 22.7 83.18 0 4.098
1645940160 22.72 83.37 0 4.098
1645940220 22.69 83.5 0 4.098
1645940280 22.69 83.67 0 4.098
1645940340 22.65 83.74 0 4.098
1645940400 22.61 83.87 0 4.098
1645940460 22.65 83.92 0 4.098
1645940520 22.66 84 0 4.082
1645940580 22.65 84.1 0 4.092
1645940640 22.63 84.15 0 4.092
1645940700 22.63 84.3 0 4.098
1645940760 22.63 84.37 0 4.098
1645940820 22.61 84.46 0 4.098
1645940880 22.56 84.53 0 4.098
1645940940 22.59 84.67 0 4.098
1645941000 22.55 84.79 0 4.098
1645941060 22.54 84.83 0 4.098
1645941120 22.55 84.96 0 4.092
1645941180 22.52 85.05 0 4.098
1645941240 22.52 85.22 0 4.098
1645941300 22.49 85.33 0 4.098
1645941360 22.45 85.46 0 4.092
1645941420 22.42 85.54 0 4.092
1645941480 22.41 85.67 0 4.092
1645941540 22.38 85.72 0 4.092
1645941600 22.36 85.84 0 4.092
1645941660 22.36 85.94 0 4.098
1645941720 22.39 86.08 0 4.098
1645941780 22.32 86.23 0 4.098
1645941840 22.3 86.35 0 4.098
1645941900 22.3 86.46 0 4.098
1645941960 22.31 86.58 0 4.098
1645942020 22.27 86.77 0 4.098
1645942080 22.3 86.92 0 4.098
1645942140 22.24 87.13 0 4.098
1645942200 22.14 87.26 0 4.098
1645942260 22.16 87.46 0 4.098
1645942320 22.11 87.54 0 4.092
1645942380 22.07 87.66 0 4.092
1645942440 22.11 87.76 0 4.092
1645942500 22.07 87.9 0 4.098
1645942560 22.03 88.09 0 4.098
1645942620 21.98 88.2 0 4.098
1645942680 21.91 88.32 0 4.098
1645942740 21.93 88.49 0 4.098
1645942800 21.94 88.63 0 4.098
1645942860 21.93 88.75 0 4.098
1645942920 21.94 88.9 0 4.098
1645942980 21.95 89.07 0 4.098
1645943040 21.94 89.19 0 4.092
1645943100 21.94 89.36 0 4.092
1645943160 21.91 89.51 0 4.098
1645943220 21.95 89.63 0 4.092
1645943280 21.91 89.77 0 4.092
1645943340 21.91 89.91 0 4.092
1645943400 21.94 90.06 0 4.098
1645943460 21.94 90.17 0 4.092
1645943520 21.93 90.3 0 4.092
1645943580 21.9 90.43 0 4.098
1645943640 21.84 90.48 0 4.098
1645943700 21.85 90.64 0 4.092
1645943760 21.85 90.73 0 4.092
1645943820 21.9 90.85 0 4.098
1645943880 21.93 90.93 0 4.092
1645943940 21.84 91.01 0 4.092
1645944000 21.84 91.13 0 4.092
1645944060 21.83 91.18 0 4.098
1645944120 21.85 91.29 0 4.092
1645944180 21.84 91.39 0 4.092
1645944240 21.83 91.4 0 4.092
1645944300 21.83 91.51 0 4.098
1645944360 21.85 91.61 0 4.092
1645944420 21.87 91.67 0 4.092
1645944480 21.85 91.76 0 4.092
1645944540 21.84 91.82 0 4.092
1645944600 21.81 91.89 0 4.092
1645944660 21.8 91.94 0 4.092
1645944720 21.83 92.05 0 4.092
1645944780 21.84 92.06 0 4.092
1645944840 21.88 92.11 0 4.092
1645944900 21.88 92.17 0 4.092
1645944960 21.88 92.22 0 4.092
1645945020 21.88 92.32 0 4.092
1645945080 21.88 92.36 0 4.092
1645945140 21.88 92.39 0 4.092
1645945200 21.87 92.45 0 4.092
1645945260 21.88 92.51 0 4.092
1645945320 21.87 92.59 0 4.092
1645945380 21.85 92.61 0 4.092
1645945440 21.81 92.66 0 4.092
1645945500 21.81 92.71 0 4.092
1645945560 21.79 92.76 0 4.092
1645945680 21.81 92.76 0 4.092
1645945740 21.77 92.83 0 4.092
1645945800 21.74 92.87 0 4.092
1645945860 21.71 92.89 0 4.092
1645945920 21.67 92.94 0 4.092
1645945980 21.61 93.01 0 4.092
1645946040 21.63 93.03 0 4.092
1645946100 21.61 93.05 0 4.092
1645946160 21.6 93.11 0 4.092
1645946220 21.61 93.15 0 4.092
1645946280 21.65 93.22 0 4.092
1645946340 21.65 93.24 0 4.092
1645946400 21.63 93.3 0 4.092
1645946460 21.58 93.33 0 4.092
1645946520 21.53 93.34 0 4.092
1645946580 21.46 93.41 0 4.092
1645946640 21.43 93.4 0 4.092
1645946700 21.47 93.47 0 4.092
1645946760 21.49 93.48 0 4.092
1645946820 21.52 93.52 0 4.092
1645946880 21.57 93.57 0 4.087
1645946940 21.53 93.63 0 4.087
1645947000 21.58 93.62 0 4.092
1645947060 21.57 93.65 0 4.092
1645947120 21.42 93.65 0 4.092
1645947180 21.43 93.7 0 4.087
1645947240 21.46 93.76 0 4.092
1645947300 21.46 93.76 0 4.092
1645947360 21.44 93.8 0 4.092
1645947420 21.42 93.81 0 4.092
1645947480 21.43 93.82 0 4.087
1645947540 21.39 93.89 0 4.092
1645947600 21.37 93.86 0 4.092
1645947660 21.37 93.86 0 4.087
1645947720 21.37 93.92 0 4.087
1645947780 21.37 93.95 0 4.082
1645947840 21.37 93.98 0 4.087
1645947900 21.39 94 0 4.087
1645947960 21.44 94.01 0 4.092
1645948020 21.42 94 0 4.087
1645948080 21.36 94.06 0 4.092
1645948140 21.33 94.1 0 4.087
1645948200 21.33 94.07 0 4.092
1645948260 21.36 94.15 0 4.087
1645948320 21.33 94.13 0 4.092
1645948380 21.34 94.12 0 4.092
1645948440 21.32 94.17 0 4.092
1645948500 21.32 94.18 0 4.092
1645948560 21.36 94.21 0 4.092
1645948620 21.34 94.22 0 4.087
1645948680 21.4 94.24 0 4.087
1645948740 21.37 94.27 0 4.087
1645948800 21.34 94.23 0 4.092
1645948860 21.32 94.23 0 4.087
1645948920 21.26 94.26 0 4.087
1645948980 21.23 94.28 0 4.087
1645949040 21.25 94.28 0 4.087
1645949100 21.26 94.25 0 4.087
1645949160 21.23 94.29 0 4.092
1645949220 21.14 94.27 0 4.092
1645949280 21.19 94.32 0 4.092
1645949340 21.28 94.35 0 4.092
1645949400 21.13 94.29 0 4.092
1645949460 21.18 94.32 0 4.092
1645949520 21.14 94.32 0 4.087
1645949580 21.12 94.33 0 4.087
1645949640 21.12 94.31 0 4.087
1645949700 21.16 94.38 0 4.092
1645949760 21.18 94.33 0 4.087
1645949820 21.14 94.34 0 4.092
1645949880 21.16 94.35 0 4.092
1645949940 21.18 94.34 0 4.087
1645950000 21.19 94.37 0 4.087
1645950060 21.13 94.36 0 4.087
1645950120 21.1 94.37 0 4.092
1645950180 21.07 94.39 0 4.087
1645950240 20.99 94.36 0 4.087
1645950300 20.99 94.39 0 4.087
1645950360 20.98 94.43 0 4.092
1645950420 20.96 94.42 0 4.087
1645950480 21 94.41 0 4.087
1645950540 20.96 94.43 0 4.087
1645950600 20.99 94.46 0 4.092
1645950660 21 94.45 0 4.092
1645950720 20.98 94.48 0 4.087
1645950780 20.96 94.51 0 4.087
1645950840 20.92 94.5 0 4.087
1645950900 20.92 94.49 0 4.087
1645950960 20.95 94.49 0 4.092
1645951020 20.93 94.53 0 4.087
1645951080 20.93 94.54 0 4.087
1645951140 20.95 94.54 0 4.087
1645951200 20.93 94.53 0 4.087
1645951260 20.86 94.59 0 4.087
1645951320 20.88 94.62 0 4.092
1645951380 20.81 94.66 0 4.087
1645951440 20.81 94.63 0 4.087
1645951500 20.77 94.64 0 4.087
1645951560 20.72 94.68 0 4.087
1645951620 20.72 94.66 0 4.087
1645951680 20.72 94.69 0 4.087
1645951740 20.71 94.75 0 4.087
1645951800 20.72 94.75 0 4.087
1645951860 20.69 94.72 0 4.087
1645951920 20.71 94.78 0 4.087
1645951980 20.75 94.82 0 4.087
1645952040 20.65 94.82 0 4.087
1645952100 20.67 94.81 0 4.087
1645952160 20.69 94.88 0 4.087
1645952220 20.65 94.88 0 4.087
1645952280 20.64 94.95 0 4.087
1645952340 20.65 94.93 0 4.087
1645952400 20.64 94.99 0 4.087
1645952460 20.61 95 0 4.087
1645952520 20.62 94.99 0 4.087
1645952580 20.65 95.04 0 4.087
1645952640 20.67 95.06 0 4.087
1645952700 20.68 95.06 0 4.087
1645952760 20.67 95.1 0 4.087
1645952820 20.68 95.12 0 4.092
1645952880 20.68 95.15 0 4.092
1645952940 20.65 95.15 0 4.087
1645953000 20.67 95.2 0 4.087
1645953060 20.68 95.21 0 4.087
1645953120 20.67 95.24 0 4.087
1645953180 20.68 95.26 0 4.087
1645953240 20.69 95.29 0 4.087
1645953300 20.69 95.33 0 4.087
1645953360 20.71 95.34 0 4.087
1645953420 20.71 95.39 0 4.087
1645953480 20.67 95.37 0 4.087
1645953540 20.67 95.42 0 4.087
1645953600 20.62 95.42 0 4.087
1645953660 20.59 95.46 0 4.087
1645953720 20.61 95.51 0 4.087
1645953780 20.56 95.5 0 4.087
1645953840 20.54 95.53 0 4.087
1645953900 20.56 95.52 0 4.087
1645953960 20.68 95.6 0 4.087
1645954020 20.65 95.6 0 4.087
1645954080 20.65 95.61 0 4.087
1645954140 20.67 95.64 0 4.087
1645954200 20.65 95.66 0 4.087
1645954260 20.64 95.68 0 4.087
1645954320 20.62 95.71 0 4.087
1645954380 20.61 95.74 0 4.087
1645954440 20.59 95.74 0 4.087
1645954500 20.61 95.78 0 4.087
1645954560 20.58 95.78 0 4.087
1645954620 20.65 95.8 0 4.087
1645954680 20.74 95.85 0 4.087
1645954740 20.68 95.88 0 4.087
1645954800 20.67 95.87 0 4.087
1645954860 20.56 95.94 0 4.087
1645954920 20.51 95.91 0 4.087
1645954980 20.59 95.94 0 4.087
1645955040 20.65 95.98 0 4.087
1645955100 20.67 95.98 0 4.087
1645955160 20.61 96.01 0 4.087
1645955220 20.56 96.03 0 4.087
1645955280 20.51 96.02 0 4.087
1645955340 20.45 96.07 0 4.087
1645955400 20.38 96.03 0 4.087
1645955460 20.39 96.05 0 4.087
1645955520 20.41 96.1 0 4.087
1645955580 20.39 96.13 0 4.087
1645955640 20.38 96.1 0 4.087
1645955700 20.35 96.09 0 4.087
1645955760 20.42 96.14 0 4.087
1645955820 20.38 96.18 0 4.087
1645955880 20.35 96.17 0 4.087
1645955940 20.32 96.19 0 4.087
1645956000 20.32 96.21 0 4.087
1645956060 20.38 96.23 0 4.087
1645956120 20.38 96.22 0 4.087
1645956180 20.35 96.27 0 4.087
1645956240 20.35 96.31 0 4.087
1645956300 20.3 96.28 0 4.087
1645956360 20.28 96.29 0 4.087
1645956420 20.35 96.32 0 4.087
1645956480 20.37 96.29 0 4.087
1645956540 20.38 96.31 0 4.087
1645956600 20.37 96.32 0 4.087
1645956660 20.37 96.33 0 4.087
1645956720 20.34 96.36 0 4.087
1645956780 20.34 96.35 0 4.082
1645956840 20.32 96.39 0 4.087
1645956900 20.32 96.37 0 4.087
1645956960 20.31 96.39 0 4.087
1645957020 20.26 96.43 0 4.087
1645957080 20.17 96.4 0 4.087
1645957140 20.17 96.42 0 4.087
1645957200 20.2 96.41 0 4.087
1645957260 20.2 96.42 0 4.087
1645957320 20.18 96.47 0 4.087
1645957380 20.2 96.47 0 4.087
1645957440 20.23 96.44 0 4.087
1645957500 20.27 96.51 0 4.087
1645957560 20.3 96.49 0 4.087
1645957620 20.27 96.48 0 4.087
1645957680 20.24 96.49 0 4.082
1645957740 20.32 96.51 0 4.082
1645957800 20.42 96.48 0 4.087
1645957860 20.44 96.52 0 4.082
1645957920 20.44 96.52 0 4.087
1645957980 20.42 96.55 0 4.087
1645958040 20.47 96.54 0 4.082
1645958100 20.44 96.55 0 4.082
1645958160 20.39 96.53 0 4.082
1645958220 20.38 96.55 0 4.087
1645958280 20.39 96.54 0 4.082
1645958340 20.39 96.57 0 4.087
1645958400 20.45 96.56 0 4.087
1645958460 20.42 96.58 0 4.087
1645958520 20.47 96.57 0 4.087
1645958580 20.47 96.6 0 4.082
1645958640 20.44 96.59 0 4.082
1645958700 20.41 96.61 0 4.082
1645958760 20.35 96.64 0 4.087
1645958820 20.32 96.61 0 4.087
1645958880 20.31 96.62 0 4.087
1645958940 20.37 96.67 0 4.082
1645959000 20.37 96.65 0 4.082
1645959060 20.32 96.67 0 4.082
1645959120 20.35 96.67 0 4.087
1645959180 20.3 96.63 0 4.082
1645959240 20.28 96.65 0 4.082
1645959300 20.26 96.62 0 4.087
1645959360 20.27 96.69 0 4.087
1645959420 20.27 96.7 0 4.087
1645959480 20.27 96.71 0 4.082
1645959540 20.26 96.7 0 4.082
1645959600 20.27 96.71 0 4.082
1645959660 20.31 96.69 0 4.082
1645959720 20.32 96.71 0 4.087
1645959780 20.28 96.69 0 4.082
1645959840 20.3 96.68 0 4.082
1645959900 20.27 96.69 0 4.087
1645959960 20.27 96.7 0 4.082
1645960020 20.31 96.72 0 4.087
1645960080 20.28 96.73 0 4.082
1645960140 20.26 96.72 0 4.087
1645960200 20.24 96.71 0 4.087
1645960260 20.26 96.74 0 4.082
1645960320 20.27 96.71 0 4.087
1645960380 20.26 96.74 0 4.082
1645960440 20.26 96.74 0 4.082
1645960500 20.26 96.7 0 4.082
1645960560 20.27 96.74 0 4.082
1645960620 20.27 96.72 0 4.082
1645960680 20.31 96.77 0 4.082
1645960740 20.28 96.76 0 4.082
1645960800 20.24 96.73 0 4.087
1645960860 20.26 96.76 0 4.082
1645960920 20.28 96.78 0 4.082
1645960980 20.26 96.76 0 4.082
1645961040 20.3 96.8 0 4.082
1645961100 20.32 96.76 0 4.082
1645961160 20.38 96.78 0 4.082
1645961220 20.42 96.79 0 4.082
1645961280 20.37 96.79 0 4.082
1645961340 20.37 96.81 0 4.082
1645961400 20.38 96.86 0 4.082
1645961460 20.34 96.84 0 4.082
1645961520 20.35 96.8 0 4.082
1645961580 20.37 96.82 0 4.082
1645961640 20.37 96.84 0 4.082
1645961700 20.35 96.83 0 4.082
1645961760 20.37 96.85 0 4.087
1645961820 20.34 96.87 0 4.082
1645961880 20.37 96.88 0 4.082
1645961940 20.38 96.85 0 4.082
1645962000 20.34 96.84 0 4.082
1645962060 20.31 96.85 0 4.082
1645962120 20.35 96.87 0 4.082
1645962180 20.37 96.85 0 4.082
1645962240 20.35 96.88 0 4.082
1645962300 20.37 96.91 0 4.082
1645962360 20.39 96.9 0 4.082
1645962420 20.38 96.91 0 4.082
1645962480 20.41 96.89 0 4.082
1645962540 20.47 96.91 0 4.082
1645962600 20.49 96.91 0 4.082
1645962660 20.47 96.91 0 4.082
1645962720 20.45 96.95 0 4.082
1645962780 20.37 96.94 0 4.082
1645962840 20.38 96.98 0 4.082
1645962900 20.39 96.95 0 4.082
1645962960 20.34 96.93 0 4.087
1645963020 20.38 96.95 0 4.082
1645963080 20.34 96.97 0 4.082
1645963140 20.34 97 0 4.082
1645963200 20.3 96.98 0 4.082
1645963260 20.34 97 0 4.082
1645963320 20.34 97.02 0 4.082
1645963380 20.31 96.97 0 4.082
1645963440 20.31 97.01 4 4.082
1645963500 20.34 97.01 0 4.082
1645963560 20.37 96.99 4 4.082
1645963620 20.38 97.03 4 4.082
1645963680 20.35 97.01 4 4.082
1645963740 20.35 97 4 4.082
1645963800 20.38 97.07 4 4.082
1645963860 20.38 97.03 4 4.082
1645963920 20.42 97.07 4 4.082
1645963980 20.41 97.08 4 4.082
1645964040 20.38 97.09 4 4.082
1645964100 20.38 97.08 4 4.082
1645964160 20.39 97.1 4 4.082
1645964220 20.38 97.09 4 4.082
1645964280 20.37 97.11 10 4.082
1645964340 20.37 97.06 10 4.082
1645964400 20.38 97.08 10 4.082
1645964460 20.38 97.11 10 4.082
1645964520 20.41 97.13 10 4.082
1645964580 20.47 97.15 10 4.082
1645964640 20.48 97.16 10 4.082
1645964700 20.44 97.14 10 4.082
1645964760 20.49 97.12 16 4.082
1645964820 20.54 97.14 10 4.082
1645964880 20.54 97.16 16 4.076
1645964940 20.59 97.17 16 4.082
1645965000 20.58 97.16 16 4.076
1645965060 20.55 97.16 16 4.082
1645965120 20.54 97.2 16 4.082
1645965180 20.54 97.16 16 4.076
1645965240 20.58 97.16 16 4.082
1645965300 20.59 97.19 16 4.082
1645965360 20.56 97.19 16 4.082
1645965420 20.54 97.2 16 4.082
1645965480 20.52 97.23 16 4.082
1645965540 20.49 97.17 22 4.082
1645965600 20.52 97.23 22 4.082
1645965660 20.56 97.23 28 4.082
1645965720 20.52 97.23 28 4.082
1645965780 20.51 97.22 22 4.082
1645965840 20.49 97.23 28 4.082
1645965900 20.49 97.21 28 4.082
1645965960 20.55 97.24 28 4.082
1645966020 20.58 97.26 34 4.082
1645966080 20.58 97.24 34 4.082
1645966140 20.58 97.24 34 4.082
1645966200 20.67 97.2 34 4.082
1645966260 20.65 97.26 34 4.082
1645966320 20.68 97.25 34 4.082
1645966380 20.69 97.26 34 4.082
1645966440 20.72 97.26 34 4.082
1645966500 20.71 97.26 40 4.082
1645966560 20.71 97.25 40 4.082
1645966620 20.78 97.29 40 4.082
1645966680 20.81 97.28 40 4.076
1645966740 20.83 97.27 40 4.082
1645966800 20.88 97.29 40 4.082
1645966860 20.89 97.24 46 4.082
1645966920 20.95 97.23 40 4.082
1645966980 20.96 97.27 46 4.082
1645967040 20.96 97.28 46 4.082
1645967100 20.99 97.28 46 4.082
1645967160 20.98 97.3 46 4.082
1645967220 20.98 97.28 46 4.082
1645967280 20.98 97.32 46 4.076
1645967340 20.98 97.26 46 4.082
1645967400 21.02 97.29 46 4.082
1645967460 21.09 97.27 46 4.082
1645967520 21.13 97.22 46 4.082
1645967580 21.18 97.28 46 4.076
1645967640 21.16 97.24 46 4.082
1645967700 21.14 97.29 46 4.082
1645967760 21.18 97.27 52 4.082
1645967820 21.18 97.26 52 4.082
1645967880 21.2 97.28 58 4.082
1645967940 21.23 97.27 58 4.082
1645968000 21.26 97.26 58 4.082
1645968060 21.25 97.26 58 4.082
1645968120 21.29 97.23 58 4.082
1645968180 21.32 97.23 64 4.082
1645968240 21.37 97.28 64 4.082
1645968300 21.36 97.25 64 4.082
1645968360 21.36 97.22 64 4.082
1645968420 21.37 97.22 64 4.082
1645968480 21.34 97.23 64 4.082
1645968540 21.34 97.22 64 4.082
1645968600 21.3 97.23 64 4.082
1645968660 21.34 97.22 70 4.082
1645968720 21.36 97.23 76 4.082
1645968780 21.34 97.21 76 4.082
1645968840 21.37 97.23 82 4.082
1645968900 21.43 97.25 88 4.076
1645968960 21.39 97.21 100 4.082
1645969020 21.36 97.19 106 4.082
1645969080 21.37 97.17 112 4.082
1645969140 21.43 97.21 112 4.082
1645969200 21.46 97.19 118 4.082
1645969260 21.4 97.16 118 4.082
1645969320 21.44 97.19 118 4.082
1645969380 21.47 97.16 118 4.082
1645969440 21.5 97.15 124 4.082
1645969500 21.54 97.16 124 4.082
1645969560 21.54 97.15 124 4.076
1645969620 21.57 97.13 124 4.082
1645969680 21.67 97.15 131 4.082
1645969740 21.67 97.11 131 4.082
1645969800 21.7 97.14 137 4.082
1645969860 21.73 97.1 143 4.082
1645969920 21.77 97.13 143 4.082
1645969980 21.83 97.15 143 4.082
1645970040 21.8 97.12 149 4.082
1645970100 21.87 97.12 143 4.082
1645970160 21.93 97.12 149 4.082
1645970220 21.94 97.09 149 4.082
1645970280 21.91 97.06 149 4.082
1645970340 21.94 97.06 143 4.082
1645970400 21.98 97.04 143 4.082
1645970460 22.01 96.99 143 4.082
1645970520 22.12 97.04 149 4.082
1645970580 22.11 96.99 155 4.082
1645970640 22.15 97 155 4.087
1645970700 22.19 96.97 161 4.082
1645970760 22.16 96.95 161 4.087
1645970820 22.19 96.94 161 4.082
1645970880 22.15 96.95 167 4.082
1645970940 22.15 96.93 167 4.082
1645971000 22.14 96.93 161 4.082
1645971060 22.1 96.92 161 4.087
1645971120 22.12 96.89 161 4.082
1645971180 22.11 96.83 161 4.082
1645971240 22.12 96.85 161 4.082
1645971300 22.05 96.84 161 4.082
1645971360 22.11 96.8 161 4.082
1645971420 22.08 96.78 161 4.082
1645971480 22.04 96.73 167 4.082
1645971540 22.05 96.7 167 4.082
1645971600 22.08 96.69 173 4.082
1645971660 22.12 96.69 179 4.087
1645971720 22.14 96.69 185 4.082
1645971780 22.1 96.64 185 4.087
1645971840 22.15 96.66 191 4.082
1645971900 22.16 96.61 203 4.087
1645971960 22.22 96.57 203 4.087
1645972020 22.38 96.54 209 4.087
1645972080 22.42 96.52 203 4.087
1645972140 22.44 96.51 203 4.087
1645972200 22.52 96.49 209 4.087
1645972260 22.54 96.42 215 4.087
1645972320 22.49 96.4 221 4.087
1645972380 22.46 96.38 227 4.087
1645972440 22.51 96.33 239 4.087
1645972500 22.49 96.3 239 4.087
1645972560 22.54 96.27 245 4.087
1645972620 22.55 96.23 251 4.087
1645972680 22.63 96.2 251 4.087
1645972740 22.73 96.16 251 4.087
1645972800 22.85 96.11 251 4.092
1645972860 22.85 96.06 245 4.087
1645972920 22.82 96.02 239 4.092
1645972980 22.89 95.98 239 4.087
1645973040 22.96 95.97 239 4.087
1645973100 23.02 95.9 245 4.087
1645973160 23.19 95.91 251 4.087
1645973220 23.16 95.82 251 4.087
1645973280 23.27 95.81 251 4.087
1645973340 23.33 95.73 251 4.087
1645973400 23.33 95.69 257 4.092
1645973460 23.37 95.6 257 4.092
1645973520 23.47 95.55 263 4.087
1645973580 23.49 95.48 269 4.092
1645973640 23.47 95.4 275 4.092
1645973700 23.44 95.32 269 4.092
1645973760 23.31 95.18 269 4.092
1645973820 23.44 95.12 275 4.087
1645973880 23.49 95.04 275 4.092
1645973940 23.51 94.95 275 4.092
1645974000 23.5 94.81 275 4.092
1645974060 23.54 94.72 281 4.092
1645974120 23.51 94.62 287 4.092
1645974180 23.44 94.51 287 4.092
1645974240 23.5 94.4 293 4.092
1645974300 23.64 94.3 299 4.092
1645974360 23.78 94.16 299 4.092
1645974420 23.88 94.04 305 4.092
1645974480 24.04 93.91 305 4.092
1645974540 24.14 93.82 311 4.092
1645974600 24.14 93.65 313 4.092
1645974660 24.19 93.49 311 4.092
1645974720 24.23 93.32 317 4.098
1645974780 24.25 93.17 319 4.092
1645974840 24.19 93.02 319 4.098
1645974900 24.15 92.85 317 4.092
1645974960 24.11 92.69 323 4.098
1645975020 24.12 92.57 337 4.098
1645975080 24.19 92.42 349 4.098
1645975140 24.36 92.31 359 4.098
1645975200 24.28 92.13 349 4.098
1645975260 24.31 91.95 337 4.092
1645975320 24.35 91.78 337 4.092
1645975380 24.4 91.59 331 4.098
1645975440 24.36 91.44 331 4.098
1645975500 24.36 91.24 343 4.098
1645975560 24.42 91.11 349 4.098
1645975620 24.48 90.94 343 4.098
1645975680 24.55 90.79 337 4.098
1645975740 24.53 90.62 337 4.098
1645975800 24.61 90.45 325 4.098
1645975860 24.56 90.32 325 4.098
1645975920 24.38 90.09 313 4.098
1645975980 24.31 89.99 313 4.098
1645976040 24.29 89.84 313 4.098
1645976100 24.33 89.66 301 4.098
1645976160 24.43 89.52 295 4.098
1645976220 24.43 89.42 295 4.098
1645976280 24.46 89.26 307 4.098
1645976340 24.56 89.11 319 4.098
1645976400 24.72 88.95 325 4.098
1645976460 24.69 88.82 331 4.098
1645976520 24.63 88.63 349 4.098
1645976580 24.75 88.46 355 4.098
1645976640 24.91 88.33 349 4.103
1645976700 25.07 88.17 355 4.103
1645976760 25.09 88.01 373 4.098
1645976820 25.13 87.81 361 4.103
1645976880 25.36 87.64 355 4.103
1645976940 25.31 87.47 355 4.098
1645977000 25.41 87.25 349 4.103
1645977060 25.52 87.15 343 4.103
1645977120 25.44 86.9 337 4.103
1645977180 25.47 86.63 325 4.103
1645977240 25.3 86.37 319 4.103
1645977300 25.21 86.16 325 4.103
1645977360 25.17 85.88 325 4.103
1645977420 25.18 85.71 325 4.108
1645977480 25.27 85.51 319 4.103
1645977540 25.36 85.31 313 4.098
1645977600 25.31 85.13 313 4.103
1645977660 25.37 84.96 313 4.103
1645977720 25.49 84.8 307 4.098
1645977780 25.45 84.6 301 4.103
1645977840 25.12 84.4 301 4.103
1645977900 25.02 84.23 307 4.103
1645977960 24.89 84.04 313 4.108
1645978020 24.89 83.93 313 4.103
1645978080 24.86 83.81 319 4.103
1645978140 24.86 83.75 331 4.103
1645978200 24.86 83.69 349 4.114
1645978260 24.97 83.58 361 4.108
1645978320 24.98 83.5 367 4.108
1645978380 25 83.45 379 4.103
1645978440 25.13 83.38 403 4.103
1645978500 25.28 83.32 427 4.108
1645978560 25.4 83.15 439 4.108
1645978620 25.49 83.03 373 4.108
1645978680 25.49 82.82 361 4.103
1645978740 25.41 82.69 361 4.108
1645978800 25.41 82.58 361 4.103
1645978860 25.56 82.42 355 4.108
1645978920 25.78 82.31 355 4.108
1645978980 25.91 82.19 373 4.108
1645979040 26.09 82.01 380 4.108
1645979100 26.14 81.81 397 4.108
1645979160 26.29 81.58 397 4.108
1645979220 26.5 81.43 373 4.114
1645979280 26.23 81.17 373 4.108
1645979340 26.23 80.92 361 4.108
1645979400 26.28 80.65 349 4.108
1645979460 26.49 80.47 349 4.108
1645979520 26.49 80.19 349 4.108
1645979580 26.15 79.92 349 4.108
1645979640 26.09 79.69 349 4.108
1645979700 26.01 79.4 349 4.108
1645979760 26.18 79.22 349 4.108
1645979820 26.12 78.97 343 4.108
1645979880 25.99 78.75 343 4.108
1645979940 26.12 78.57 361 4.108
1645980000 26.25 78.46 399 4.108
1645980060 26.11 78.28 399 4.114
1645980120 26.01 78.12 385 4.108
1645980180 25.87 77.97 385 4.108
1645980240 25.91 77.85 393 4.108
1645980300 25.96 77.71 393 4.108
1645980360 26.01 77.65 387 4.108
1645980420 26.01 77.55 387 4.114
1645980480 25.84 77.43 380 4.114
1645980540 25.84 77.33 362 4.114
1645980600 25.85 77.24 361 4.108
1645980660 25.95 77.21 368 4.108
1645980720 25.93 77.17 362 4.114
1645980780 25.91 77.11 361 4.114
1645980840 26.03 77.06 361 4.114
1645980900 26.15 77.03 373 4.108
1645980960 26.25 77.01 417 4.114
1645981020 26.14 76.9 453 4.114
1645981080 26.11 76.89 465 4.114
1645981140 26.23 76.82 471 4.114
1645981200 26.43 76.82 505 4.103
1645981260 26.5 76.76 524 4.103
1645981320 26.6 76.68 560 4.098
1645981380 26.52 76.51 560 4.098
1645981440 26.62 76.46 487 4.098
1645981500 26.59 76.32 433 4.103
1645981560 26.83 76.22 403 4.103
1645981620 26.8 76.03 367 4.098
1645981680 26.74 75.93 343 4.103
1645981740 26.59 75.76 325 4.098
1645981800 26.64 75.62 301 4.103
1645981860 26.74 75.49 283 4.108
1645981920 26.77 75.36 259 4.108
1645981980 26.59 75.14 228 4.103
1645982040 26.42 74.99 222 4.108
1645982100 26.29 74.91 222 4.103
1645982160 26.23 74.8 222 4.108
1645982220 26.08 74.75 222 4.108
1645982280 25.99 74.74 216 4.108
1645982340 25.92 74.68 222 4.108
1645982400 25.77 74.62 234 4.108
1645982460 25.63 74.63 240 4.108
1645982520 25.49 74.7 234 4.108
1645982580 25.38 74.82 234 4.108
1645982640 25.38 74.87 234 4.108
1645982700 25.4 75.01 259 4.114
1645982760 25.45 75.14 265 4.108
1645982820 25.49 75.29 271 4.108
1645982880 25.52 75.47 283 4.108
1645982940 25.6 75.66 295 4.108
1645983000 25.58 75.81 301 4.114
1645983060 25.63 75.91 307 4.108
1645983120 25.71 76.08 313 4.108
1645983180 25.72 76.15 337 4.108
1645983240 25.68 76.36 356 4.114
1645983300 25.69 76.5 374 4.114
1645983360 25.75 76.63 393 4.114
1645983420 25.67 76.73 411 4.114
1645983480 25.65 76.74 417 4.114
1645983540 25.64 76.78 417 4.114
1645983600 25.67 76.73 387 4.114
1645983660 25.72 76.79 368 4.114
1645983720 25.68 76.73 368 4.114
1645983780 25.67 76.77 387 4.114
1645983840 25.71 76.76 387 4.119
1645983900 25.68 76.73 399 4.119
1645983960 25.52 76.66 453 4.119
1645984020 25.49 76.67 584 4.103
1645984080 25.63 76.66 549 4.103
1645984140 25.65 76.7 518 4.108
1645984200 25.74 76.7 512 4.103
1645984260 25.75 76.68 849 4.103
1645984320 25.81 76.72 530 4.103
1645984380 25.82 76.76 505 4.103
1645984440 25.81 76.75 475 4.103
1645984500 25.78 76.73 427 4.103
1645984560 25.77 76.66 403 4.103
1645984620 25.84 76.69 397 4.103
1645984680 25.92 76.73 379 4.114
1645984740 25.85 76.67 387 4.114
1645984800 25.89 76.65 393 4.114
1645984860 25.91 76.61 380 4.114
1645984920 25.99 76.57 393 4.119
1645984980 26.11 76.49 399 4.114
1645985040 26.06 76.4 435 4.119
1645985100 26.01 76.31 481 4.108
1645985160 25.98 76.22 469 4.103
1645985220 25.95 76.12 433 4.103
1645985280 25.95 76.02 409 4.108
1645985340 26.01 75.95 379 4.103
1645985400 26.19 75.92 373 4.103
1645985460 26.29 75.89 367 4.103
1645985520 26.3 75.87 367 4.103
1645985580 26.35 75.86 374 4.114
1645985640 26.11 75.8 374 4.114
1645985700 26.02 75.78 393 4.119
1645985760 25.96 75.81 399 4.119
1645985820 26.09 75.82 362 4.114
1645985880 26.12 75.81 356 4.114
1645985940 26.08 75.79 405 4.119
1645986000 26.02 75.8 445 4.108
1645986060 25.84 75.78 463 4.108
1645986120 25.84 75.75 560 4.103
1645986180 25.89 75.73 652 4.108
1645986240 26.03 75.71 1111 4.103
1645986300 26.28 75.72 728 4.103
1645986360 26.6 75.79 861 4.103
1645986420 26.77 75.81 892 4.103
1645986480 26.87 75.74 1135 4.13
1645986540 27.05 75.7 1289 4.135
1645986600 27.25 75.63 1142 4.135
1645986660 27.35 75.42 1209 4.135
1645986720 27.4 75.24 1150 4.135
1645986780 27.45 75.01 1578 4.146
1645986840 27.51 74.77 1584 4.146
1645986900 27.56 74.55 1051 4.135
1645986960 27.69 74.3 1076 4.135
1645987020 27.73 74.01 1605 4.151
1645987080 27.66 73.74 1180 4.141
1645987140 27.82 73.52 679 4.135
1645987200 27.81 73.25 576 4.13
1645987260 27.64 72.97 477 4.114
1645987320 27.34 72.69 453 4.114
1645987380 27.03 72.42 441 4.119
1645987440 26.83 72.25 387 4.125
1645987500 26.72 72.08 338 4.119
1645987560 26.83 72.05 296 4.119
1645987620 26.82 71.99 272 4.119
1645987680 26.93 71.99 252 4.119
1645987740 26.74 71.98 248 4.119
1645987800 26.49 71.97 234 4.119
1645987860 26.15 72.04 222 4.119
1645987920 25.95 72.09 210 4.119
1645987980 25.88 72.19 204 4.119
1645988040 25.77 72.33 204 4.119
1645988100 25.69 72.46 198 4.119
1645988160 25.52 72.52 198 4.119
1645988220 25.41 72.62 192 4.119
1645988280 25.38 72.78 192 4.114
1645988340 25.33 72.95 192 4.119
1645988400 25.27 73.12 186 4.119
1645988460 25.26 73.36 192 4.119
1645988520 25.31 73.63 192 4.119
1645988580 25.13 73.86 192 4.119
1645988640 25.09 74.01 192 4.119
1645988700 25.14 74.21 192 4.119
1645988760 25.14 74.39 192 4.119
1645988820 25.03 74.52 192 4.119
1645988880 25 74.71 198 4.119
1645988940 24.97 74.88 204 4.119
1645989000 24.9 74.97 210 4.119
1645989060 24.93 75.13 216 4.125
1645989120 24.86 75.26 222 4.119
1645989180 24.85 75.43 228 4.119
1645989240 24.85 75.6 228 4.119
1645989300 24.91 75.71 234 4.119
1645989360 24.91 75.87 240 4.119
1645989420 24.96 76.02 236 4.119
1645989480 24.86 76.1 230 4.119
1645989540 24.79 76.2 222 4.119
1645989600 24.76 76.35 222 4.119
1645989660 24.83 76.57 216 4.119
1645989720 24.72 76.67 218 4.119
1645989780 24.66 76.78 216 4.119
1645989840 24.59 76.93 216 4.125
1645989900 24.63 77.08 216 4.125
1645989960 24.7 77.28 216 4.125
1645990020 24.62 77.43 216 4.125
1645990080 24.67 77.58 216 4.119
1645990140 24.73 77.71 216 4.119
1645990200 24.73 77.88 210 4.119
1645990260 24.7 78 198 4.119
1645990320 24.7 78.13 198 4.119
1645990380 24.77 78.27 204 4.119
1645990440 24.75 78.37 218 4.119
1645990500 24.7 78.5 216 4.125
1645990560 24.63 78.6 210 4.119
1645990620 24.43 78.73 210 4.125
1645990680 24.22 78.86 204 4.119
1645990740 24.15 79.08 204 4.125
1645990800 24.05 79.29 198 4.125
1645990860 23.92 79.49 192 4.119
1645990920 23.97 79.85 198 4.125
1645990980 23.82 80.13 192 4.119
1645991040 23.72 80.48 192 4.125
1645991100 23.68 80.83 192 4.119
1645991160 23.53 81.18 186 4.125
1645991220 23.5 81.47 186 4.125
1645991280 23.44 81.81 180 4.125
1645991340 23.41 82.17 174 4.125
1645991400 23.4 82.44 168 4.125
1645991460 23.41 82.75 162 4.125
1645991520 23.47 83.04 156 4.125
1645991580 23.47 83.29 162 4.119
1645991640 23.5 83.48 156 4.119
1645991700 23.5 83.68 156 4.119
1645991760 23.47 83.9 156 4.119
1645991820 23.43 84.05 162 4.125
1645991880 23.41 84.15 162 4.119
1645991940 23.41 84.28 168 4.125
1645992000 23.44 84.39 168 4.119
1645992060 23.34 84.47 168 4.119
1645992120 23.43 84.59 168 4.125
1645992180 23.31 84.65 168 4.125
1645992240 23.34 84.74 162 4.125
1645992300 23.33 84.86 162 4.125
1645992360 23.41 84.99 162 4.119
1645992420 23.33 85.08 156 4.125
1645992480 23.3 85.21 150 4.119
1645992540 23.31 85.31 156 4.125
1645992600 23.3 85.44 150 4.125
1645992660 23.3 85.55 150 4.125
1645992720 23.3 85.62 156 4.125
1645992780 23.29 85.72 162 4.119
1645992840 23.26 85.8 162 4.119
1645992900 23.27 85.86 168 4.125
1645992960 23.27 85.98 168 4.125
1645993020 23.26 86.05 174 4.125
1645993080 23.29 86.14 174 4.119
1645993140 23.31 86.3 174 4.119
1645993200 23.37 86.45 174 4.125
1645993260 23.44 86.55 180 4.125
1645993320 23.47 86.76 180 4.125
1645993380 23.34 86.79 180 4.125
1645993440 23.34 86.85 186 4.125
1645993500 23.37 86.92 192 4.125
1645993560 23.37 86.95 192 4.125
1645993620 23.31 86.96 198 4.125
1645993680 23.36 86.99 198 4.125
1645993740 23.41 87.01 192 4.125
1645993800 23.47 87.02 186 4.125
1645993860 23.47 87.06 186 4.125
1645993920 23.51 87.1 180 4.125
1645993980 23.5 87.1 186 4.125
1645994040 23.47 87.11 198 4.125
1645994100 23.54 87.06 218 4.125
1645994160 23.56 87.07 236 4.13
1645994220 23.49 87 248 4.13
1645994280 23.57 87.01 254 4.13
1645994340 23.6 87.03 272 4.13
1645994400 23.64 87.02 290 4.13
1645994460 23.68 87 296 4.135
1645994520 23.75 87.04 302 4.13
1645994580 23.81 87.03 314 4.13
1645994640 23.88 87.06 326 4.13
1645994700 23.88 87.04 350 4.135
1645994760 23.92 87.02 466 4.135
1645994820 24.02 87.01 671 4.119
1645994880 24.21 87.02 350 4.119
1645994940 24.48 87.01 308 4.119
1645995000 24.59 86.98 290 4.119
1645995060 24.59 86.9 278 4.119
1645995120 24.67 86.77 283 4.119
1645995180 24.63 86.61 296 4.119
1645995240 24.61 86.49 307 4.119
1645995300 24.58 86.38 320 4.119
1645995360 24.46 86.21 314 4.119
1645995420 24.63 86.06 296 4.119
1645995480 24.67 85.86 284 4.125
1645995540 24.7 85.64 290 4.13
1645995600 24.72 85.39 290 4.13
1645995660 24.77 85.2 278 4.13
1645995720 24.63 84.94 254 4.13
1645995780 24.61 84.75 242 4.125
1645995840 24.69 84.61 230 4.125
1645995900 24.48 84.36 230 4.13
1645995960 24.56 84.2 230 4.13
1645996020 24.49 84.05 236 4.125
1645996080 24.51 83.91 242 4.125
1645996140 24.42 83.76 242 4.125
1645996200 24.42 83.63 242 4.13
1645996260 24.43 83.47 242 4.13
1645996320 24.55 83.32 236 4.125
1645996380 24.62 83.16 242 4.13
1645996440 24.49 82.99 242 4.13
1645996500 24.49 82.93 248 4.13
1645996560 24.52 82.81 254 4.13
1645996620 24.67 82.73 254 4.13
1645996680 24.63 82.68 266 4.125
1645996740 24.63 82.61 266 4.13
1645996800 24.66 82.59 266 4.13
1645996860 24.56 82.49 266 4.13
1645996920 24.48 82.43 260 4.13
1645996980 24.52 82.31 254 4.13
1645997040 24.55 82.28 248 4.13
1645997100 24.49 82.18 248 4.13
1645997160 24.63 82.17 242 4.13
1645997220 24.8 82.09 230 4.13
1645997280 24.77 81.97 218 4.13
1645997340 24.73 81.89 210 4.13
1645997400 24.85 81.76 206 4.13
1645997460 24.93 81.64 198 4.125
1645997520 25.03 81.52 194 4.13
1645997580 24.9 81.44 186 4.13
1645997640 24.85 81.3 174 4.13
1645997700 24.77 81.25 162 4.125
1645997760 24.82 81.18 144 4.13
1645997820 24.76 81.13 138 4.13
1645997880 24.72 81.02 132 4.125
1645997940 24.75 80.99 120 4.125
1645998000 24.61 80.93 120 4.125
1645998060 24.48 80.89 114 4.125
1645998120 24.42 80.86 108 4.13
1645998180 24.42 80.9 102 4.125
1645998240 24.39 80.88 96 4.125
1645998300 24.26 80.9 90 4.125
1645998360 24.22 80.89 78 4.125
1645998420 24.16 80.93 72 4.125
1645998480 24.18 80.95 66 4.125
1645998540 24.15 80.98 66 4.125
1645998600 24.15 81.04 66 4.125
1645998660 24.1 81.11 60 4.125
1645998720 24.04 81.14 66 4.119
1645998780 23.97 81.25 66 4.125
1645998840 23.94 81.33 66 4.125
1645998900 23.88 81.39 66 4.125
1645998960 23.85 81.45 66 4.125
1645999020 23.84 81.57 66 4.125
1645999080 23.82 81.66 66 4.125
1645999140 23.78 81.79 60 4.119
1645999200 23.72 81.88 60 4.125
1645999260 23.68 81.99 60 4.125
1645999320 23.65 82.07 60 4.125
1645999380 23.68 82.21 54 4.125
1645999440 23.64 82.34 54 4.125
1645999500 23.61 82.49 60 4.125
1645999560 23.6 82.58 54 4.125
1645999620 23.54 82.67 54 4.125
1645999680 23.63 82.77 54 4.125
1645999740 23.64 82.9 54 4.119
1645999800 23.64 83.02 54 4.119
1645999860 23.63 83.13 60 4.125
1645999920 23.65 83.26 60 4.125
1645999980 23.64 83.43 60 4.125
1646000040 23.6 83.55 66 4.119
1646000100 23.59 83.71 60 4.119
1646000160 23.61 83.84 60 4.119
1646000220 23.59 84.02 54 4.125
1646000280 23.51 84.12 54 4.125
1646000340 23.5 84.25 48 4.125
1646000400 23.56 84.37 48 4.125
1646000460 23.56 84.51 48 4.119
1646000520 23.56 84.63 42 4.125
1646000580 23.54 84.75 42 4.125
1646000640 23.51 84.89 42 4.119
1646000700 23.54 84.97 42 4.125
1646000760 23.53 85.07 42 4.119
1646000820 23.54 85.2 42 4.119
1646000880 23.47 85.29 42 4.125
1646000940 23.53 85.4 42 4.119
1646001000 23.46 85.53 42 4.125
1646001060 23.41 85.62 42 4.125
1646001120 23.33 85.71 42 4.119
1646001180 23.3 85.79 42 4.119
1646001240 23.26 85.88 48 4.125
1646001300 23.17 85.93 48 4.119
1646001360 23.19 86.02 54 4.119
1646001420 23.16 86.08 54 4.119
1646001480 23.13 86.15 54 4.125
1646001540 23.09 86.23 54 4.119
1646001600 23.07 86.26 54 4.125
1646001660 23.09 86.37 54 4.125
1646001720 23.09 86.4 54 4.125
1646001780 23.05 86.45 54 4.114
1646001840 23.06 86.54 54 4.119
1646001900 23.06 86.56 54 4.119
1646001960 23.06 86.65 54 4.119
1646002020 23.1 86.71 60 4.119
1646002080 23.16 86.82 60 4.119
1646002140 23.19 86.88 60 4.125
1646002200 23.19 86.97 54 4.125
1646002260 23.1 87.03 54 4.119
1646002320 23.09 87.11 54 4.119
1646002380 23.13 87.17 54 4.119
1646002440 23.16 87.26 54 4.119
1646002500 23.12 87.33 54 4.119
1646002560 23.12 87.44 60 4.119
1646002620 23.07 87.51 60 4.119
1646002680 23.03 87.6 60 4.119
1646002740 23 87.65 54 4.119
1646002800 22.99 87.76 54 4.119
1646002860 23.05 87.84 54 4.119
1646002920 23.03 87.94 54 4.119
1646002980 22.99 87.97 48 4.119
1646003040 22.99 88.03 48 4.119
1646003100 23.02 88.1 42 4.119
1646003160 23.05 88.16 42 4.119
1646003220 23.1 88.21 42 4.119
1646003280 23.12 88.26 42 4.119
1646003340 23.09 88.3 42 4.119
1646003400 23.07 88.33 42 4.119
1646003460 23.06 88.39 42 4.119
1646003520 23.09 88.45 42 4.125
1646003580 23.12 88.5 42 4.119
1646003640 23.12 88.51 42 4.119
1646003700 23.09 88.57 36 4.119
1646003760 23.09 88.62 36 4.119
1646003820 23.05 88.67 36 4.119
1646003880 23.06 88.69 36 4.119
1646003940 23.05 88.75 30 4.119
1646004000 23.07 88.83 30 4.119
1646004060 23.05 88.86 24 4.119
1646004120 23.02 88.83 18 4.119
1646004180 23.07 88.88 18 4.119
1646004240 23.06 88.92 12 4.119
1646004300 23.09 88.97 12 4.119
1646004360 23.06 88.99 6 4.119
1646004420 23.05 89.03 6 4.119
1646004480 23.05 89.08 6 4.119
1646004540 23.03 89.14 6 4.119
1646004600 23.02 89.18 6 4.119
1646004660 22.99 89.35 6 4.119
1646004720 22.95 89.4 6 4.119
1646004780 22.92 89.46 6 4.119
1646004840 22.86 89.54 6 4.119
1646004900 22.85 89.58 0 4.119
1646004960 22.88 89.69 6 4.114
1646005020 22.86 89.74 0 4.119
1646005080 22.86 89.81 6 4.119
1646005140 22.82 89.93 0 4.119
1646005200 22.78 89.96 0 4.119
1646005260 22.75 90.08 0 4.119
1646005320 22.7 90.13 0 4.119
1646005380 22.7 90.18 0 4.119
1646005440 22.59 90.21 0 4.119
1646005500 22.63 90.29 0 4.119
1646005560 22.65 90.35 0 4.119
1646005620 22.62 90.38 0 4.119
1646005680 22.62 90.43 0 4.119
1646005740 22.55 90.49 0 4.119
1646005800 22.62 90.51 0 4.119
1646005860 22.62 90.56 0 4.108
1646005920 22.58 90.57 0 4.119
1646005980 22.62 90.6 0 4.119
1646006040 22.58 90.58 0 4.119
1646006100 22.61 90.64 0 4.119
1646006160 22.61 90.63 0 4.119
1646006220 22.65 90.63 0 4.119
1646006280 22.63 90.6 0 4.119
1646006340 22.66 90.56 0 4.119
1646006400 22.7 90.62 0 4.119
1646006460 22.7 90.61 0 4.114
1646006520 22.69 90.63 0 4.119
1646006580 22.66 90.65 0 4.119
1646006640 22.62 90.63 0 4.119
1646006700 22.61 90.67 0 4.119
1646006760 22.58 90.68 0 4.119
1646006820 22.51 90.7 0 4.119
1646006880 22.51 90.67 0 4.119
1646006940 22.54 90.71 0 4.119
1646007000 22.54 90.74 0 4.119
1646007060 22.54 90.7 0 4.119
1646007120 22.55 90.7 0 4.119
1646007180 22.52 90.66 0 4.119
1646007240 22.54 90.68 0 4.119
1646007300 22.54 90.67 0 4.119
1646007360 22.54 90.64 0 4.114
1646007420 22.54 90.65 0 4.119
1646007480 22.49 90.61 0 4.119
1646007540 22.51 90.56 0 4.119
1646007600 22.51 90.58 0 4.114
1646007660 22.55 90.53 0 4.119
1646007720 22.51 90.5 0 4.119
1646007780 22.55 90.52 0 4.119
1646007840 22.52 90.45 0 4.119
1646007900 22.51 90.43 0 4.119
1646007960 22.56 90.4 0 4.119
1646008020 22.54 90.43 0 4.119
1646008080 22.52 90.36 0 4.119
1646008140 22.48 90.36 0 4.114
1646008200 22.52 90.38 0 4.114
1646008260 22.46 90.35 0 4.119
1646008320 22.46 90.29 0 4.114
1646008380 22.46 90.31 0 4.119
1646008440 22.48 90.28 0 4.114
1646008500 22.48 90.25 0 4.114
1646008560 22.48 90.26 0 4.119
1646008620 22.45 90.18 0 4.119
1646008680 22.44 90.22 0 4.119
1646008740 22.46 90.17 0 4.119
1646008800 22.46 90.15 0 4.119
1646008860 22.45 90.11 0 4.119
1646008920 22.44 90.09 0 4.119
1646008980 22.45 90.08 0 4.114
1646009040 22.45 90.06 0 4.114
1646009100 22.44 90.06 0 4.119
1646009160 22.42 90.02 0 4.114
1646009220 22.39 89.99 0 4.119
1646009280 22.41 89.97 0 4.119
1646009340 22.41 89.96 0 4.114
1646009400 22.42 89.93 0 4.119
1646009460 22.44 89.93 0 4.119
1646009520 22.45 89.91 0 4.119
1646009580 22.42 89.88 0 4.119
1646009640 22.44 89.87 0 4.119
1646009700 22.45 89.85 0 4.119
1646009760 22.46 89.77 0 4.114
1646009820 22.46 89.79 0 4.119
1646009880 22.46 89.73 0 4.114
1646009940 22.48 89.67 0 4.114
1646010000 22.44 89.59 0 4.119
1646010060 22.44 89.59 0 4.114
1646010120 22.48 89.55 0 4.114
1646010180 22.45 89.52 0 4.119
1646010240 22.44 89.44 0 4.114
1646010300 22.44 89.41 0 4.114
1646010360 22.45 89.34 0 4.114
1646010420 22.46 89.36 0 4.114
1646010480 22.46 89.29 0 4.119
1646010540 22.44 89.27 0 4.114
1646010600 22.38 89.21 0 4.114
1646010660 22.45 89.16 0 4.114
1646010720 22.45 89.14 0 4.119
1646010780 22.46 89.12 0 4.114
1646010840 22.46 89.07 0 4.119
1646010900 22.49 89.07 0 4.114
1646010960 22.46 88.97 0 4.114
1646011020 22.49 88.94 0 4.114
1646011080 22.45 88.93 0 4.114
1646011140 22.46 88.92 0 4.114
1646011200 22.46 88.85 0 4.114
1646011260 22.44 88.84 0 4.114
1646011320 22.46 88.78 0 4.114
1646011380 22.46 88.77 0 4.114
1646011440 22.46 88.72 0 4.119
1646011500 22.46 88.69 0 4.114
1646011560 22.49 88.63 0 4.114
1646011620 22.48 88.65 0 4.119
1646011680 22.42 88.62 0 4.114
1646011740 22.44 88.55 0 4.114
1646011800 22.45 88.51 0 4.119
1646011860 22.44 88.48 0 4.114
1646011920 22.48 88.39 0 4.114
1646011980 22.48 88.37 0 4.114
1646012040 22.51 88.37 0 4.114
1646012100 22.55 88.29 0 4.114
1646012160 22.48 88.29 0 4.114
1646012220 22.46 88.23 0 4.114
1646012280 22.44 88.2 0 4.114
1646012340 22.45 88.18 0 4.114
1646012400 22.52 88.19 0 4.114
1646012460 22.45 88.18 0 4.114
1646012520 22.42 88.15 0 4.114
1646012580 22.41 88.17 0 4.114
1646012640 22.38 88.18 0 4.114
1646012700 22.38 88.15 0 4.114
1646012760 22.36 88.19 0 4.114
1646012820 22.34 88.16 0 4.114
1646012880 22.27 88.21 0 4.114
1646012940 22.22 88.24 0 4.114
1646013000 22.16 88.26 0 4.114
1646013060 22.15 88.28 0 4.114
1646013120 22.15 88.31 0 4.114
1646013180 22.18 88.35 0 4.114
1646013240 22.12 88.36 0 4.114
1646013300 22.1 88.44 0 4.114
1646013360 22.1 88.42 0 4.114
1646013420 22.12 88.5 0 4.119
1646013480 22.05 88.5 0 4.114
1646013540 22.08 88.56 0 4.114
1646013600 22.07 88.56 0 4.114
1646013660 22.14 88.6 0 4.114
1646013720 22.11 88.61 0 4.114
1646013780 22.14 88.66 0 4.114
1646013840 22.07 88.67 0 4.114
1646013900 22.05 88.74 0 4.114
1646013960 22.03 88.73 0 4.114
1646014020 22.08 88.7 0 4.114
1646014080 22.11 88.69 0 4.114
1646014140 22.08 88.69 0 4.114
1646014200 22.11 88.7 0 4.114
1646014260 22.12 88.65 0 4.114
1646014320 22.14 88.6 0 4.114
1646014380 22.15 88.64 0 4.114
1646014440 22.12 88.59 0 4.114
1646014500 22.14 88.57 0 4.114
1646014560 22.16 88.55 0 4.114
1646014620 22.15 88.56 0 4.114
1646014680 22.15 88.51 0 4.114
1646014740 22.16 88.54 0 4.114
1646014800 22.15 88.52 0 4.114
1646014860 22.19 88.54 0 4.114
1646014920 22.15 88.5 0 4.114
1646014080 22.11 88.69 0 4.114
1646014140 22.08 88.69 0 4.114
1646014200 22.11 88.7 0 4.114
1646014260 22.12 88.65 0 4.114
1646014320 22.14 88.6 0 4.114
1646014380 22.15 88.64 0 4.114
1646014440 22.12 88.59 0 4.114
1646014500 22.14 88.57 0 4.114
1646014560 22.16 88.55 0 4.114
1646014620 22.15 88.56 0 4.114
1646014680 22.15 88.51 0 4.114
1646014740 22.16 88.54 0 4.114
1646014800 22.15 88.52 0 4.114
1646014860 22.19 88.54 0 4.114
1646014920 22.15 88.5 0 4.114
1646014980 22.14 88.53 0 4.114
1646015040 22.15 88.5 0 4.114
1646015100 22.15 88.5 0 4.114
1646015160 22.12 88.48 0 4.114
1646015220 22.12 88.5 0 4.114
1646015280 22.14 88.5 0 4.114
1646015340 22.21 88.54 0 4.114
1646015400 22.16 88.49 0 4.114
1646015460 22.15 88.51 0 4.114
1646015520 22.21 88.46 0 4.108
1646015580 22.11 88.39 0 4.114
1646015640 22.14 88.4 0 4.114
1646015700 22.16 88.35 0 4.114
1646015760 22.22 88.3 0 4.114
1646015820 22.21 88.25 0 4.114
1646015880 22.22 88.18 0 4.114
1646015940 22.22 88.06 0 4.114
1646016000 22.22 88.01 0 4.114
1646016060 22.27 87.91 0 4.114
1646016120 22.21 87.85 0 4.114
1646016180 22.24 87.71 0 4.108
1646016240 22.22 87.64 0 4.114
1646016300 22.3 87.56 0 4.114
1646016360 22.27 87.49 0 4.114
1646016420 22.27 87.37 0 4.114
1646016480 22.3 87.27 0 4.108
1646016540 22.34 87.2 0 4.114
1646016600 22.28 87.1 0 4.114
1646016660 22.3 87.04 0 4.114
1646016720 22.3 86.98 0 4.114
1646016780 22.3 86.88 0 4.108
1646016840 22.27 86.88 0 4.114
1646016900 22.21 86.82 0 4.114
1646016960 22.27 86.8 0 4.114
1646017020 22.22 86.8 0 4.114
1646017080 22.22 86.77 0 4.114
1646017140 22.21 86.72 0 4.114
1646017200 22.22 86.66 0 4.114
1646017260 22.21 86.67 0 4.114
1646017320 22.24 86.66 0 4.114
1646017380 22.22 86.65 0 4.114
1646017440 22.21 86.63 0 4.114
1646017500 22.24 86.62 0 4.114
1646017560 22.21 86.62 0 4.114
1646017620 22.19 86.58 0 4.114
1646017680 22.24 86.57 0 4.114
1646017740 22.24 86.56 0 4.114
1646017800 22.27 86.59 0 4.114
1646017860 22.22 86.59 0 4.114
1646017920 22.22 86.59 0 4.114
1646017980 22.22 86.58 0 4.114
1646018040 22.22 86.56 0 4.108
1646018100 22.24 86.6 0 4.114
1646018160 22.22 86.63 0 4.114
1646018220 22.19 86.63 0 4.114
1646018280 22.22 86.64 0 4.114
1646018340 22.22 86.63 0 4.114
1646018400 22.21 86.69 0 4.114
1646018460 22.19 86.72 0 4.114
1646018520 22.21 86.71 0 4.108
1646018580 22.19 86.71 0 4.114
1646018640 22.19 86.8 0 4.108
1646018700 22.22 86.79 0 4.114
1646018760 22.22 86.82 0 4.108
1646018820 22.16 86.86 0 4.114
1646018880 22.11 86.91 0 4.114
1646018940 22.12 86.93 0 4.114
1646019000 22.16 86.96 0 4.114
1646019060 22.14 87.02 0 4.108
1646019120 22.14 86.99 0 4.114
1646019180 22.14 87.03 0 4.108
1646019240 22.12 87.02 0 4.108
1646019300 22.14 87.06 0 4.108
1646019360 22.1 87.07 0 4.108
1646019420 22.12 87.08 0 4.114
1646019480 22.15 87.09 0 4.114
1646019540 22.14 87.11 0 4.108
1646019600 22.12 87.08 0 4.114
1646019660 22.14 87.11 0 4.114
1646019720 22.15 87.09 0 4.108
1646019780 22.16 87.04 0 4.108
1646019840 22.15 87.07 0 4.108
1646019900 22.22 87.06 0 4.108
1646019960 22.16 87.04 0 4.114
1646020020 22.16 86.99 0 4.108
1646020080 22.19 86.98 0 4.114
1646020140 22.19 86.98 0 4.108
1646020200 22.19 86.91 0 4.114
1646020260 22.19 86.88 0 4.114
1646020320 22.21 86.88 0 4.108
1646020380 22.21 86.84 0 4.108
1646020440 22.21 86.84 0 4.108
1646020500 22.24 86.8 0 4.108
1646020560 22.24 86.78 0 4.108
1646020620 22.21 86.73 0 4.108
1646020680 22.24 86.74 0 4.108
1646020740 22.27 86.69 0 4.108
1646020800 22.27 86.72 0 4.108
1646020860 22.24 86.67 0 4.108
1646020920 22.27 86.68 0 4.108
1646020980 22.24 86.64 0 4.108
1646021040 22.24 86.61 0 4.108
1646021100 22.27 86.64 0 4.114
1646021160 22.28 86.61 0 4.108
1646021220 22.24 86.55 0 4.108
1646021280 22.22 86.53 0 4.108
1646021340 22.24 86.55 0 4.114
1646021400 22.24 86.5 0 4.108
1646021460 22.22 86.53 0 4.108
1646021520 22.25 86.52 0 4.114
1646021580 22.22 86.5 0 4.108
1646021640 22.24 86.52 0 4.108
1646021700 22.19 86.47 0 4.108
1646021760 22.21 86.51 0 4.108
1646021820 22.21 86.46 0 4.108
1646021880 22.22 86.44 0 4.108
1646021940 22.24 86.43 0 4.108
1646022000 22.18 86.36 0 4.108
1646022060 22.22 86.35 0 4.114
1646022120 22.21 86.32 0 4.108
1646022180 22.22 86.27 0 4.108
1646022240 22.21 86.26 0 4.108
1646022300 22.22 86.23 0 4.108
1646022360 22.19 86.23 0 4.108
1646022420 22.19 86.21 0 4.114
1646022480 22.19 86.15 0 4.108
1646022540 22.16 86.15 0 4.108
1646022600 22.18 86.19 0 4.108
1646022660 22.16 86.17 0 4.108
1646022720 22.18 86.12 0 4.114
1646022780 22.19 86.14 0 4.108
1646022840 22.19 86.1 0 4.108
1646022900 22.16 86.09 0 4.114
1646022960 22.18 86.06 0 4.108
1646023020 22.18 86.05 0 4.108
1646023080 22.19 86 0 4.108
1646023140 22.14 85.96 0 4.108
1646023200 22.18 85.94 0 4.108
1646023260 22.15 85.92 0 4.108
1646023320 22.18 85.88 0 4.108
1646023380 22.18 85.86 0 4.108
1646023440 22.15 85.81 0 4.108
1646023500 22.15 85.77 0 4.108
1646023560 22.15 85.77 0 4.108
1646023620 22.15 85.75 0 4.108
1646023680 22.16 85.68 0 4.108
1646023740 22.18 85.67 0 4.108
1646023800 22.18 85.61 0 4.108
1646023860 22.18 85.61 0 4.108
1646023920 22.18 85.63 0 4.108
1646023980 22.18 85.62 0 4.108
1646024040 22.19 85.62 0 4.108
1646024100 22.18 85.59 0 4.108
1646024160 22.16 85.62 0 4.108
1646024220 22.15 85.62 0 4.108
1646024280 22.14 85.66 0 4.098
1646024340 22.16 85.66 0 4.108
