1637989200 21.4 88.96 0 3.974
1637989260 21.42 89.04 0 3.974
1637989320 21.4 89.09 0 3.974
1637989380 21.41 89.06 0 3.974
1637989440 21.37 89.12 0 3.974
1637989500 21.37 89.1 0 3.974
1637989560 21.41 89.13 0 3.974
1637989620 21.4 89.13 0 3.974
1637989680 21.41 89.19 0 3.974
1637989740 21.44 89.28 0 3.974
1637989800 21.42 89.35 0 3.969
1637989860 21.41 89.34 0 3.974
1637989920 21.41 89.3 0 3.974
1637989980 21.42 89.26 0 3.974
1637990040 21.41 89.39 0 3.974
1637990100 21.4 89.22 0 3.974
1637990160 21.37 88.86 0 3.974
1637990220 21.35 88.61 0 3.969
1637990280 21.37 88.7 0 3.969
1637990340 21.38 88.71 0 3.974
1637990400 21.4 88.69 0 3.974
1637990460 21.37 88.69 0 3.974
1637990520 21.37 88.73 0 3.969
1637990580 21.38 88.75 0 3.974
1637990640 21.38 88.78 0 3.969
1637990700 21.35 88.68 0 3.969
1637990760 21.31 88.68 0 3.974
1637990820 21.3 88.87 0 3.974
1637990880 21.31 89.1 0 3.969
1637990940 21.3 89.3 0 3.974
1637991000 21.28 89.63 0 3.974
1637991060 21.27 89.65 0 3.969
1637991120 21.25 89.77 0 3.969
1637991180 21.24 89.67 0 3.974
1637991240 21.2 89.58 0 3.969
1637991300 21.22 89.53 0 3.974
1637991360 21.22 89.34 0 3.969
1637991420 21.2 89.17 0 3.969
1637991480 21.22 89.32 0 3.969
1637991540 21.18 89.21 0 3.969
1637991600 21.18 89.21 0 3.969
1637991660 21.17 89.34 0 3.969
1637991720 21.18 89.32 0 3.969
1637991780 21.18 89.04 0 3.969
1637991840 21.17 88.94 0 3.969
1637991900 21.14 88.95 0 3.969
1637991960 21.11 88.86 0 3.969
1637992020 21.12 88.72 0 3.969
1637992080 21.1 88.84 0 3.969
1637992140 21.11 88.78 0 3.969
1637992200 21.14 88.91 0 3.969
1637992260 21.1 88.81 0 3.969
1637992320 21.1 89.04 0 3.969
1637992380 21.12 89.2 0 3.969
1637992440 21.08 89.55 0 3.963
1637992500 21.07 89.66 0 3.969
1637992560 21.02 90.07 0 3.963
1637992620 21 90.04 0 3.969
1637992680 20.95 90.07 0 3.969
1637992740 20.97 90.19 0 3.969
1637992800 20.93 90.02 0 3.969
1637992860 20.9 90.01 0 3.969
1637992920 20.9 90.11 0 3.969
1637992980 20.86 90.17 0 3.969
1637993040 20.87 90.17 0 3.963
1637993100 20.81 90.22 0 3.969
1637993160 20.77 90.12 0 3.969
1637993220 20.77 90.14 0 3.969
1637993280 20.8 90.2 0 3.969
1637993340 20.79 90.16 0 3.963
1637993400 20.77 90.4 0 3.963
1637993460 20.83 90.38 0 3.963
1637993520 20.84 90.23 0 3.963
1637993580 20.9 90.23 0 3.963
1637993640 20.89 90.01 0 3.963
1637993700 20.86 89.91 0 3.963
1637993760 20.83 89.97 0 3.963
1637993820 20.84 90.15 0 3.969
1637993880 20.84 90.15 0 3.969
1637993940 20.87 90.26 0 3.963
1637994000 20.89 90.18 0 3.963
1637994060 20.84 90.07 0 3.963
1637994120 20.84 89.96 0 3.963
1637994180 20.87 89.92 0 3.963
1637994240 20.9 89.7 0 3.963
1637994300 20.9 89.62 0 3.963
1637994360 20.93 89.38 0 3.963
1637994420 20.9 89.25 0 3.963
1637994480 20.91 89.39 0 3.963
1637994540 20.89 89.35 0 3.963
1637994600 20.89 89.22 0 3.963
1637994660 20.91 89.65 0 3.963
1637994720 20.95 89.55 0 3.963
1637994780 20.97 89.27 0 3.963
1637994840 20.98 89.41 0 3.963
1637994900 21 89.4 0 3.963
1637994960 21.01 89.62 0 3.963
1637995020 21.01 89.6 0 3.963
1637995080 21.04 89.72 0 3.963
1637995140 21.02 89.82 0 3.958
1637995200 21 90.03 0 3.963
1637995260 20.97 90 0 3.958
1637995320 20.97 90.08 0 3.963
1637995380 20.97 90.07 0 3.963
1637995440 20.93 90.13 0 3.963
1637995500 20.9 90.23 0 3.958
1637995560 20.87 90.37 0 3.958
1637995620 20.86 90.41 0 3.958
1637995680 20.83 90.48 0 3.963
1637995740 20.79 90.66 0 3.958
1637995800 20.79 90.68 0 3.958
1637995860 20.76 90.79 0 3.958
1637995920 20.74 90.83 0 3.963
1637995980 20.73 90.84 0 3.963
1637996040 20.67 90.83 0 3.958
1637996100 20.7 91.07 0 3.958
1637996160 20.63 91.05 0 3.958
1637996220 20.65 91.26 0 3.958
1637996280 20.67 91.34 0 3.958
1637996340 20.7 91.28 0 3.958
1637996400 20.71 91.03 0 3.958
1637996460 20.7 90.97 0 3.958
1637996520 20.73 90.86 0 3.958
1637996580 20.76 90.71 0 3.958
1637996640 20.8 90.71 0 3.958
1637996700 20.81 90.7 0 3.958
1637996760 20.8 90.71 0 3.958
1637996820 20.83 90.63 0 3.958
1637996880 20.83 90.58 0 3.958
1637996940 20.84 90.67 0 3.953
1637997000 20.84 90.66 0 3.958
1637997060 20.81 90.66 0 3.958
1637997120 20.79 90.69 0 3.958
1637997180 20.81 90.76 0 3.958
1637997240 20.77 90.84 0 3.958
1637997300 20.74 90.93 0 3.958
1637997360 20.73 91.09 0 3.958
1637997420 20.74 90.94 0 3.958
1637997480 20.74 91.03 0 3.958
1637997540 20.74 91.2 0 3.958
1637997600 20.76 91.25 0 3.958
1637997660 20.8 91.53 0 3.958
1637997720 20.87 92.07 0 3.958
1637997780 20.81 92.44 0 3.958
1637997840 20.77 92.9 0 3.953
1637997900 20.73 93.17 0 3.958
1637997960 20.71 93.42 0 3.958
1637998020 20.69 93.5 0 3.958
1637998080 20.65 93.65 0 3.958
1637998140 20.63 93.62 0 3.958
1637998200 20.65 93.6 0 3.958
1637998260 20.62 93.57 0 3.958
1637998320 20.57 93.55 0 3.958
1637998380 20.59 93.47 0 3.953
1637998440 20.57 93.53 0 3.953
1637998500 20.62 93.54 0 3.958
1637998560 20.56 93.34 0 3.958
1637998620 20.56 93.04 0 3.958
1637998680 20.59 92.62 0 3.958
1637998740 20.65 92.59 0 3.953
1637998800 20.73 92.54 0 3.953
1637998860 20.74 92.38 0 3.953
1637998920 20.81 92.11 0 3.953
1637998980 20.83 92.06 0 3.958
1637999040 20.87 92.04 0 3.953
1637999100 20.87 91.84 0 3.953
1637999160 20.93 91.92 0 3.953
1637999220 20.89 91.58 0 3.953
1637999280 20.86 91.61 0 3.953
1637999340 20.84 91.54 0 3.958
1637999400 20.89 91.33 0 3.953
1637999460 20.89 91.21 0 3.953
1637999520 20.86 90.91 0 3.953
1637999580 20.84 90.67 0 3.953
1637999640 20.89 90.61 0 3.953
1637999700 20.89 90.66 0 3.953
1637999760 20.84 90.41 0 3.953
1637999820 20.87 90.47 0 3.953
1637999880 20.87 90.4 0 3.953
1637999940 20.84 90.29 0 3.953
1638000000 20.86 90.2 0 3.953
1638000060 20.83 89.91 0 3.953
1638000120 20.86 90.07 0 3.953
1638000180 20.84 90.21 0 3.953
1638000240 20.9 90.84 0 3.953
1638000300 20.91 91.02 0 3.953
1638000360 20.89 91.05 0 3.953
1638000420 20.94 92.11 0 3.953
1638000480 20.89 92.45 0 3.953
1638000540 20.81 92.2 0 3.947
1638000600 20.71 92.29 0 3.953
1638000660 20.69 92.18 0 3.953
1638000720 20.65 92.13 0 3.947
1638000780 20.69 92.41 0 3.953
1638000840 20.67 92.37 0 3.953
1638000900 20.71 92.46 0 3.953
1638000960 20.73 92.44 0 3.953
1638001020 20.74 92.44 0 3.953
1638001080 20.71 92.41 0 3.953
1638001140 20.71 92.63 0 3.953
1638001200 20.73 92.68 0 3.953
1638001260 20.71 92.89 0 3.953
1638001320 20.71 93.03 0 3.953
1638001380 20.7 93.09 0 3.953
1638001440 20.7 93.22 0 3.947
1638001500 20.66 93.39 0 3.947
1638001560 20.65 93.5 0 3.947
1638001620 20.65 93.62 0 3.953
1638001680 20.63 93.73 0 3.953
1638001740 20.6 93.72 0 3.947
1638001800 20.6 93.96 0 3.947
1638001860 20.57 94 0 3.953
1638001920 20.56 94.17 0 3.947
1638001980 20.56 94.2 0 3.947
1638002040 20.51 94.27 0 3.953
1638002100 20.51 94.4 0 3.953
1638002160 20.51 94.4 0 3.947
1638002220 20.5 94.49 0 3.953
1638002280 20.5 94.47 0 3.953
1638002340 20.49 94.52 0 3.947
1638002400 20.47 94.63 0 3.947
1638002460 20.47 94.57 0 3.947
1638002520 20.47 94.72 0 3.947
1638002580 20.46 94.72 0 3.947
1638002640 20.47 94.71 0 3.947
1638002700 20.4 94.75 0 3.947
1638002760 20.42 94.85 0 3.947
1638002820 20.42 94.8 0 3.947
1638002880 20.42 94.86 0 3.947
1638002940 20.42 94.79 0 3.947
1638003000 20.4 94.75 0 3.947
1638003060 20.42 94.79 0 3.947
1638003120 20.39 94.77 0 3.947
1638003180 20.36 94.84 0 3.947
1638003240 20.38 94.88 0 3.947
1638003300 20.39 94.85 0 3.947
1638003360 20.36 94.85 0 3.947
1638003420 20.42 94.81 0 3.947
1638003480 20.42 94.73 0 3.947
1638003540 20.39 94.64 0 3.947
1638003600 20.4 94.6 0 3.947
1638003660 20.42 94.59 0 3.947
1638003720 20.43 94.58 0 3.947
1638003780 20.44 94.56 0 3.947
1638003840 20.43 94.52 0 3.947
1638003900 20.42 94.52 0 3.947
1638003960 20.49 94.67 0 3.947
1638004020 20.51 94.85 0 3.947
1638004080 20.5 94.95 0 3.947
1638004140 20.53 95.09 0 3.942
1638004200 20.5 95.18 0 3.947
1638004260 20.47 95.27 0 3.947
1638004320 20.44 95.23 0 3.947
1638004380 20.44 95.27 0 3.947
1638004440 20.43 95.38 0 3.947
1638004500 20.39 95.38 0 3.947
1638004560 20.36 95.45 0 3.947
1638004620 20.36 95.55 0 3.947
1638004680 20.35 95.62 0 3.947
1638004740 20.32 95.74 0 3.947
1638004800 20.33 95.93 0 3.947
1638004860 20.36 96.07 0 3.947
1638004920 20.38 96.26 0 3.947
1638004980 20.35 96.32 0 3.947
1638005040 20.36 96.47 0 3.942
1638005100 20.35 96.51 0 3.942
1638005160 20.3 96.62 0 3.942
1638005220 20.32 96.74 0 3.947
1638005280 20.3 96.78 0 3.947
1638005340 20.29 96.81 0 3.947
1638005400 20.25 96.95 0 3.942
1638005460 20.25 96.98 0 3.947
1638005520 20.28 97.1 0 3.942
1638005580 20.29 97.1 0 3.947
1638005640 20.25 97.05 0 3.947
1638005700 20.23 97.06 0 3.947
1638005760 20.22 97.15 0 3.942
1638005820 20.2 97.18 0 3.947
1638005880 20.22 97.2 0 3.947
1638005940 20.22 97.26 0 3.942
1638006000 20.23 97.29 0 3.942
1638006060 20.23 97.21 0 3.942
1638006120 20.26 97.25 0 3.942
1638006180 20.22 97.22 0 3.947
1638006240 20.2 97.21 0 3.942
1638006300 20.23 97.24 0 3.947
1638006360 20.22 97.27 0 3.942
1638006420 20.19 97.28 0 3.942
1638006480 20.2 97.33 0 3.942
1638006540 20.19 97.35 0 3.947
1638006600 20.2 97.34 0 3.942
1638006660 20.18 97.28 0 3.947
1638006720 20.15 97.31 0 3.942
1638006780 20.15 97.32 0 3.947
1638006840 20.16 97.33 0 3.942
1638006900 20.16 97.33 0 3.942
1638006960 20.16 97.29 0 3.942
1638007020 20.15 97.27 0 3.942
1638007080 20.23 97.19 0 3.942
1638007140 20.29 96.98 0 3.942
1638007200 20.28 96.76 0 3.942
1638007260 20.26 96.62 0 3.942
1638007320 20.28 96.56 0 3.942
1638007380 20.29 96.45 0 3.942
1638007440 20.3 96.33 0 3.942
1638007500 20.3 96.25 0 3.942
1638007560 20.36 96.17 0 3.942
1638007620 20.38 96.03 0 3.942
1638007680 20.36 95.9 0 3.942
1638007740 20.36 95.81 0 3.937
1638007800 20.33 95.72 0 3.942
1638007860 20.32 95.67 0 3.942
1638007920 20.3 95.55 0 3.942
1638007980 20.32 95.46 0 3.942
1638008040 20.3 95.39 0 3.942
1638008100 20.32 95.39 0 3.942
1638008160 20.28 95.14 0 3.942
1638008220 20.29 95.09 0 3.942
1638008280 20.29 95.08 0 3.942
1638008340 20.26 94.84 0 3.942
1638008400 20.26 94.81 0 3.942
1638008460 20.25 94.8 0 3.942
1638008520 20.23 94.79 0 3.942
1638008580 20.26 94.97 0 3.942
1638008640 20.25 94.85 0 3.937
1638008700 20.26 94.86 0 3.942
1638008760 20.26 94.79 0 3.942
1638008820 20.26 94.82 0 3.942
1638008880 20.29 94.9 0 3.937
1638008940 20.29 94.85 0 3.942
1638009000 20.25 94.69 0 3.942
1638009060 20.28 94.91 0 3.937
1638009120 20.28 94.81 0 3.942
1638009180 20.25 94.86 0 3.942
1638009240 20.19 94.79 0 3.942
1638009300 20.2 95.05 0 3.937
1638009360 20.2 95.27 0 3.942
1638009420 20.23 95.35 0 3.942
1638009480 20.23 95.3 0 3.942
1638009540 20.25 95.34 0 3.937
1638009600 20.23 95.38 0 3.942
1638009660 20.25 95.42 0 3.937
1638009720 20.26 95.52 0 3.937
1638009780 20.29 95.29 0 3.937
1638009840 20.3 95.23 0 3.942
1638009900 20.35 95.38 0 3.942
1638009960 20.39 95.33 4 3.942
1638010020 20.38 95.24 4 3.942
1638010080 20.38 95.19 4 3.937
1638010140 20.43 95.18 4 3.942
1638010200 20.4 95.1 4 3.942
1638010260 20.4 95.07 4 3.942
1638010320 20.39 95.01 4 3.942
1638010380 20.33 94.83 4 3.937
1638010440 20.32 94.84 4 3.931
1638010500 20.29 94.9 4 3.937
1638010560 20.26 94.95 4 3.937
1638010620 20.29 95.14 4 3.937
1638010680 20.3 95.12 10 3.937
1638010740 20.33 95.13 10 3.942
1638010800 20.3 95.06 10 3.937
1638010860 20.35 95.11 10 3.937
1638010920 20.33 94.93 10 3.937
1638010980 20.33 94.99 10 3.937
1638011040 20.3 94.87 10 3.937
1638011100 20.32 94.76 10 3.937
1638011160 20.32 94.94 10 3.942
1638011220 20.33 95 16 3.937
1638011280 20.33 95.12 16 3.937
1638011340 20.29 95.15 16 3.937
1638011400 20.29 95.15 16 3.937
1638011460 20.28 95.28 16 3.937
1638011520 20.25 95.24 16 3.937
1638011580 20.25 95.1 16 3.937
1638011640 20.28 95.05 16 3.937
1638011700 20.23 95.06 16 3.942
1638011760 20.23 95.37 16 3.937
1638011820 20.29 95.25 16 3.937
1638011880 20.29 95.25 16 3.937
1638011940 20.29 95.22 16 3.937
1638012000 20.3 95.2 16 3.937
1638012060 20.32 95.27 16 3.942
1638012120 20.3 95.23 16 3.937
1638012180 20.33 95.25 22 3.937
1638012240 20.33 95.23 22 3.931
1638012300 20.33 95.22 22 3.937
1638012360 20.32 95.19 22 3.937
1638012420 20.33 95.2 22 3.937
1638012480 20.35 95.24 22 3.937
1638012540 20.36 95.07 22 3.937
1638012600 20.39 94.94 22 3.937
1638012660 20.42 94.75 22 3.937
1638012720 20.39 94.64 22 3.937
1638012780 20.4 94.61 22 3.937
1638012840 20.39 94.59 28 3.937
1638012900 20.43 94.61 28 3.937
1638012960 20.43 94.52 28 3.937
1638013020 20.44 94.47 28 3.937
1638013080 20.42 94.39 28 3.937
1638013140 20.46 94.4 34 3.931
1638013200 20.47 94.3 34 3.937
1638013260 20.47 94.3 34 3.937
1638013320 20.46 94.26 34 3.931
1638013380 20.46 94.34 34 3.937
1638013440 20.46 94.28 34 3.931
1638013500 20.47 94.23 34 3.937
1638013560 20.5 94.15 34 3.937
1638013620 20.5 94.13 34 3.937
1638013680 20.53 94.06 34 3.937
1638013740 20.54 94.18 34 3.937
1638013800 20.57 94.33 39 3.931
1638013860 20.62 94.38 39 3.931
1638013920 20.57 94.44 51 3.937
1638013980 20.57 94.48 120 3.937
1638014040 20.57 94.55 51 3.931
1638014100 20.62 94.42 63 3.931
1638014160 20.6 94.34 51 3.931
1638014220 20.65 94.41 73 3.931
1638014280 20.62 94.22 69 3.931
1638014340 20.67 94.14 63 3.937
1638014400 20.67 93.96 73 3.937
1638014460 20.69 93.76 63 3.931
1638014520 20.69 93.86 97 3.931
1638014580 20.77 93.82 63 3.937
1638014640 20.76 93.44 63 3.931
1638014700 20.83 93.49 85 3.931
1638014760 20.87 92.86 109 3.931
1638014820 20.95 92.21 63 3.937
1638014880 21.01 92.13 57 3.931
1638014940 21.01 91.54 51 3.931
1638015000 21.04 91.44 45 3.931
1638015060 21.08 91.82 57 3.931
1638015120 21.1 91.19 51 3.931
1638015180 21.11 91.46 57 3.931
1638015240 21.11 91.28 91 3.931
1638015300 21.11 91.2 289 3.942
1638015360 21.21 90.99 301 3.942
1638015420 21.51 90.88 301 3.942
1638015480 21.83 89.93 277 3.942
1638015540 22.07 88.76 242 3.942
1638015600 22.33 87.44 278 3.947
1638015660 22.56 86.71 201 3.942
1638015720 22.91 85.34 313 3.947
1638015780 23.24 83.96 260 3.947
1638015840 23.38 82.96 266 3.942
1638015900 23.44 83.46 335 3.947
1638015960 23.35 82.15 323 3.947
1638016020 23.19 82.62 335 3.947
1638016080 23.02 83.3 341 3.953
1638016140 22.91 83.8 347 3.953
1638016200 23.15 83.29 341 3.953
1638016260 23.52 83.11 325 3.958
1638016320 23.14 82.55 337 3.953
1638016380 23.05 83.04 353 3.958
1638016440 23.01 82.97 347 3.958
1638016500 23.11 83.58 359 3.958
1638016560 23.28 83.37 371 3.963
1638016620 23.45 82.05 377 3.963
1638016680 23.89 81.7 377 3.963
1638016740 23.97 80.65 390 3.963
1638016800 24.07 80.29 396 3.963
1638016860 24.1 79.85 396 3.963
1638016920 24.32 78.68 396 3.969
1638016980 24.44 78.75 402 3.969
1638017040 24.81 77.06 402 3.969
1638017100 25.12 75.81 408 3.969
1638017160 24.62 75.59 420 3.969
1638017220 24.62 75.63 420 3.974
1638017280 24.68 75.19 426 3.974
1638017340 24.72 76.04 432 3.979
1638017400 24.92 74.28 438 3.979
1638017460 25.22 73.38 426 3.979
1638017520 25.25 72.58 450 3.979
1638017580 25.93 70.96 462 3.985
1638017640 25.91 70.25 450 3.985
1638017700 26.23 69.52 450 3.979
1638017760 26.52 68.2 456 3.985
1638017820 26.25 69.09 474 3.99
1638017880 26.48 68.45 486 3.99
1638017940 26.42 69.6 492 3.996
1638018000 26.65 68.85 498 3.996
1638018060 26.89 67.31 492 3.99
1638018120 26.65 68.3 486 3.996
1638018180 26.46 67.64 475 3.996
1638018240 26.71 66.41 480 3.996
1638018300 26.56 67.36 498 4.001
1638018360 26.37 68.36 475 4.001
1638018420 25.7 70.29 499 4.001
1638018480 25.57 72.43 499 4.006
1638018540 26.21 71.29 505 4.001
1638018600 26 71.5 512 4.006
1638018660 26.23 70.99 512 4.006
1638018720 26.07 71.23 524 4.006
1638018780 26.27 70.85 536 4.012
1638018840 26.41 70.52 542 4.012
1638018900 26.32 70.63 560 4.017
1638018960 26 70.59 566 4.022
1638019020 26.17 71.07 584 4.022
1638019080 25.95 71.4 590 4.022
1638019140 26.55 70.15 585 4.028
1638019200 26.98 68.84 573 4.022
1638019260 26.76 67.72 585 4.028
1638019320 26.74 68.76 579 4.033
1638019380 27 68.82 579 4.033
1638019440 27.25 67.63 555 4.033
1638019500 26.79 68.36 575 4.033
1638019560 26.58 68.8 579 4.033
1638019620 27 67.76 605 4.039
1638019680 27.14 67.75 611 4.044
1638019740 27.07 67.6 611 4.044
1638019800 26.61 68.48 612 4.049
1638019860 26.55 69.48 612 4.049
1638019920 26.34 69.42 624 4.055
1638019980 26.04 70.6 630 4.055
1638020040 26.31 70.07 638 4.06
1638020100 26.63 69.26 632 4.065
1638020160 26.72 69.02 638 4.065
1638020220 26.76 69.36 638 4.065
1638020280 26.98 68.52 638 4.071
1638020340 27.27 67.94 644 4.065
1638020400 27.22 66.37 652 4.071
1638020460 26.98 68.01 658 4.076
1638020520 27.1 68.27 677 4.082
1638020580 26.86 68.51 683 4.082
1638020640 27.06 68.14 683 4.087
1638020700 26.98 67.84 691 4.092
1638020760 26.95 68.31 691 4.092
1638020820 27.39 66.67 686 4.098
1638020880 27.6 65.73 692 4.098
1638020940 27.29 67.67 692 4.103
1638021000 27.78 67.15 644 4.103
1638021060 27.87 65.4 713 4.108
1638021120 28.01 65.23 701 4.114
1638021180 28.42 63.33 683 4.114
1638021240 27.6 65.89 676 4.114
1638021300 27.34 66.59 677 4.119
1638021360 26.93 66.56 691 4.125
1638021420 26.85 67.39 695 4.082
1638021480 27.58 66.39 700 4.076
1638021540 27.23 64.97 712 4.071
1638021600 27.34 64.78 716 4.065
1638021660 27.88 62.97 728 4.065
1638021720 27.72 63.24 745 4.065
1638021780 27.9 63.64 751 4.06
1638021840 28.14 63.85 751 4.06
1638021900 27.76 64.44 774 4.055
1638021960 27.88 65.17 792 4.055
1638022020 28.22 63.16 798 4.055
1638022080 28.39 62.96 810 4.055
1638022140 28.18 63.25 808 4.049
1638022200 28.23 63.08 808 4.049
1638022260 28.16 63.28 808 4.049
1638022320 28.08 63.02 790 4.049
1638022380 27.91 63.93 784 4.049
1638022440 27.63 64.31 784 4.049
1638022500 27.57 64.64 796 4.044
1638022560 27.56 64.97 802 4.044
1638022620 27.67 64.24 825 4.044
1638022680 27.78 63.67 831 4.044
1638022740 27.95 63.61 825 4.044
1638022800 28.38 62.56 796 4.044
1638022860 27.78 61.04 819 4.039
1638022920 28.15 61.48 825 4.044
1638022980 28.11 61.7 796 4.044
1638023040 28.51 61.53 480 4.039
1638023100 28.72 60.57 539 4.039
1638023160 28.76 60.45 849 4.039
1638023220 29.09 59.21 853 4.039
1638023280 28.93 59.76 859 4.033
1638023340 28.53 59.84 871 4.039
1638023400 28.56 60.14 849 4.039
1638023460 28.11 60.63 823 4.033
1638023520 27.74 61.15 823 4.033
1638023580 28.25 61.76 829 4.033
1638023640 28.34 60.32 835 4.033
1638023700 28.16 60.47 841 4.033
1638023760 27.67 61.16 847 4.033
1638023820 27.84 61.44 847 4.033
1638023880 28.1 60.83 841 4.033
1638023940 28.15 60.76 846 4.028
1638024000 27.8 60.57 834 4.028
1638024060 27.47 61.19 822 4.028
1638024120 28.1 60.36 834 4.033
1638024180 28.49 58.82 841 4.028
1638024240 28.16 59.18 864 4.028
1638024300 28.1 59.29 852 4.028
1638024360 27.98 60.38 451 4.055
1638024420 28.01 59.09 302 4.049
1638024480 27.4 60.88 153 4.039
1638024540 27.07 61.75 135 4.039
1638024600 26.9 62.4 153 4.044
1638024660 26.85 62.62 189 4.044
1638024720 26.75 63.19 521 4.039
1638024780 26.89 63.27 260 4.039
1638024840 26.93 63.3 889 4.092
1638024900 27.03 63.16 905 4.108
1638024960 27.51 62.25 914 4.119
1638025020 28.28 59.3 902 4.065
1638025080 28.05 59.49 882 4.06
1638025140 27.83 59.89 882 4.055
1638025200 27.87 60.29 856 4.049
1638025260 27.81 60.03 874 4.049
1638025320 28.15 59.14 886 4.049
1638025380 28.72 57.49 899 4.049
1638025440 29.24 56.18 903 4.044
1638025500 29.28 55.6 909 4.049
1638025560 29.28 55.96 921 4.044
1638025620 29.65 55.04 921 4.044
1638025680 29.71 54.29 927 4.044
1638025740 29.95 54.56 923 4.108
1638025800 30.06 53.94 914 4.125
1638025860 30.14 53.43 923 4.135
1638025920 29.71 54.33 918 4.141
1638025980 29.78 54.57 915 4.151
1638026040 29.51 54.5 903 4.157
1638026100 29.65 55.84 911 4.167
1638026160 29.88 53.22 921 4.178
1638026220 29.96 52.68 941 4.184
1638026280 30.15 53.31 935 4.13
1638026340 30.76 51.92 968 4.119
1638026400 30.73 51.48 162 4.114
1638026460 30.76 50.66 192 4.108
1638026520 29.92 53.75 144 4.103
1638026580 29.47 54.42 150 4.103
1638026640 29.03 55.65 234 4.108
1638026700 28.79 56.49 974 4.098
1638026760 28.53 56.68 956 4.092
1638026820 28.56 56.82 962 4.092
1638026880 28.61 56.28 972 4.092
1638026940 29.21 55.74 980 4.087
1638027000 30.3 53.46 960 4.087
1638027060 30.8 51.45 984 4.087
1638027120 31.2 50.27 749 4.087
1638027180 31.2 49.48 936 4.087
1638027240 31.34 49.55 996 4.082
1638027300 31.65 49.34 1001 4.082
1638027360 31.07 49.59 1013 4.082
1638027420 31.49 49.6 995 4.082
1638027480 31.27 48.98 311 4.082
1638027540 30.56 50.52 161 4.087
1638027600 30.01 52.31 143 4.087
1638027660 30.12 52.34 623 4.082
1638027720 29.57 53.15 989 4.076
1638027780 29.2 53.63 995 4.082
1638027840 29.28 53.96 987 4.082
1638027900 29.16 53.72 987 4.076
1638027960 28.97 54.13 987 4.076
1638028020 29 53.57 986 4.076
1638028080 29.03 53.44 993 4.071
1638028140 29.27 52.96 993 4.071
1638028200 29.55 52.81 998 4.071
1638028260 29.61 51.81 1004 4.071
1638028320 30.12 51.04 1010 4.076
1638028380 30.43 50.64 1016 4.071
1638028440 31.08 49.1 1016 4.141
1638028500 31.42 48.02 1021 4.162
1638028560 31.2 47.88 1013 4.178
1638028620 31.28 48.33 1002 4.194
1638028680 30.96 48.47 1004 4.194
1638028740 30.93 48.17 1013 4.157
1638028800 31.64 47.44 1014 4.157
1638028860 31.61 47.08 1021 4.167
1638028920 31.72 47.02 1030 4.173
1638028980 31.25 47.87 1033 4.162
1638029040 31.69 46.94 1036 4.151
1638029100 31.82 47.68 1034 4.141
1638029160 32.42 46.01 1028 4.141
1638029220 32.67 45.14 1033 4.135
1638029280 32.71 45.36 1037 4.13
1638029340 32.6 45.56 1042 4.125
1638029400 31.71 46.53 1036 4.125
1638029460 31.02 48.13 1034 4.119
1638029520 30.97 48.72 1022 4.125
1638029580 31.3 49.99 1022 4.119
1638029640 31.65 50.62 1058 4.119
1638029700 31.55 52.07 1094 4.119
1638029760 31.2 52.87 1082 4.114
1638029820 31.45 52.85 1058 4.114
1638029880 31.32 53.19 1076 4.114
1638029940 31.16 52.24 1064 4.114
1638030000 30.78 53.52 1063 4.114
1638030060 31.11 52.84 1051 4.108
1638030120 31.1 53.09 1051 4.108
1638030180 31.01 54.01 1045 4.108
1638030240 31.3 53.09 1043 4.184
1638030300 30.94 52.7 1048 4.2
1638030360 30.45 53.64 1075 4.205
1638030420 30.47 54.4 1090 4.216
1638030480 31.01 52.78 1075 4.227
1638030540 31.11 52.15 1079 4.173
1638030600 30.8 53.5 1088 4.162
1638030660 30.91 53.55 1039 4.157
1638030720 30.97 52.72 292 4.151
1638030780 30.47 54.64 268 4.146
1638030840 30.53 54.79 268 4.146
1638030900 30.35 55.07 334 4.141
1638030960 29.98 56.03 242 4.141
1638031020 29.71 57.11 236 4.135
1638031080 29.58 57.84 1033 4.135
1638031140 29.68 57.35 1117 4.13
1638031200 29.45 57.66 1099 4.13
1638031260 29.47 57.89 1085 4.13
1638031320 29.53 57.96 1085 4.13
1638031380 29.63 57.09 242 4.125
1638031440 29.61 58.14 260 4.125
1638031500 29.34 58.93 218 4.125
1638031560 29.02 60.68 192 4.125
1638031620 28.72 61.74 174 4.125
1638031680 28.45 62.58 174 4.119
1638031740 28.31 62.94 216 4.119
1638031800 28.07 63.9 246 4.119
1638031860 27.8 64.94 277 4.119
1638031920 27.63 65.8 295 4.114
1638031980 27.58 66.39 701 4.114
1638032040 27.57 66.01 1111 4.108
1638032100 27.65 66.11 1153 4.108
1638032160 27.88 65.12 451 4.108
1638032220 28.28 64.05 537 4.108
1638032280 28.18 64.03 548 4.108
1638032340 28.04 64.42 1231 4.108
1638032400 28.21 64.18 886 4.103
1638032460 28.61 63.44 1145 4.108
1638032520 29.06 61.58 1109 4.103
1638032580 28.93 61.06 1085 4.103
1638032640 29.31 61.25 867 4.103
1638032700 29.27 60.74 1061 4.103
1638032760 29.43 60.62 1049 4.103
1638032820 29.3 60.78 1048 4.103
1638032880 29.92 59.62 1067 4.098
1638032940 30.09 57.72 1069 4.189
1638033000 29.92 58.45 1085 4.194
1638033060 29.74 58.7 1099 4.205
1638033120 29.37 60.33 1102 4.221
1638033180 29.6 60.25 1164 4.237
1638033240 29.55 59.2 667 4.173
1638033300 29.5 59.43 225 4.162
1638033360 29.3 60.87 231 4.157
1638033420 28.77 62.3 457 4.151
1638033480 28.43 63.66 1017 4.146
1638033540 28.39 64.14 1162 4.141
1638033600 28.61 63.87 912 4.146
1638033660 28.77 63.84 1168 4.141
1638033720 29.16 62.5 322 4.141
1638033780 29.25 61.44 296 4.135
1638033840 29.33 61.36 558 4.13
1638033900 29.09 62.09 1147 4.13
1638033960 29.45 61.08 1091 4.13
1638034020 29.51 61.36 1085 4.13
1638034080 29.6 60.89 1079 4.125
1638034140 29.92 59.96 1073 4.125
1638034200 30.04 60.16 1066 4.125
1638034260 30.47 59.33 1073 4.125
1638034320 30.8 57.8 1073 4.125
1638034380 30.46 57.65 1066 4.119
1638034440 29.85 60.49 1064 4.119
1638034500 30.16 59.56 234 4.119
1638034560 29.74 59.68 278 4.119
1638034620 29.47 61.13 1132 4.119
1638034680 29.23 61.75 1136 4.119
1638034740 29.23 61.77 1191 4.114
1638034800 29.14 62.06 1209 4.114
1638034860 29.4 61.52 1161 4.114
1638034920 29.23 61.77 1261 4.114
1638034980 29.37 61.89 415 4.108
1638035040 29.35 62.44 289 4.108
1638035100 29.65 61.72 531 4.108
1638035160 29.27 62.17 240 4.108
1638035220 28.79 62.6 867 4.108
1638035280 28.43 64.02 1189 4.108
1638035340 28.45 63.98 277 4.108
1638035400 28.62 63.8 252 4.103
1638035460 28.51 64.19 240 4.103
1638035520 28.62 64.29 228 4.103
1638035580 28.45 63.93 228 4.103
1638035640 27.9 65.43 271 4.114
1638035700 27.81 66.04 524 4.103
1638035760 27.49 66.36 614 4.098
1638035820 27.78 65.34 331 4.098
1638035880 27.64 65.56 403 4.103
1638035940 27.9 65.75 228 4.098
1638036000 28.29 64.49 204 4.098
1638036060 27.97 65.24 209 4.092
1638036120 27.72 65.68 216 4.092
1638036180 27.3 67.05 246 4.098
1638036240 27.17 67.66 289 4.098
1638036300 27.02 68.4 1198 4.092
1638036360 27.06 68.81 1185 4.092
1638036420 27.33 67.88 335 4.092
1638036480 27.67 66.62 305 4.092
1638036540 28 65.77 1081 4.087
1638036600 28.15 65.38 1081 4.087
1638036660 28.35 65.12 1093 4.087
1638036720 28.76 63.47 1123 4.087
1638036780 29.09 62.89 1075 4.087
1638036840 29.78 61.07 1057 4.087
1638036900 30.01 59.91 1045 4.087
1638036960 29.68 60.72 1021 4.087
1638037020 29.84 60.26 1002 4.087
1638037080 29.79 59.99 1001 4.087
1638037140 30.12 59.25 1027 4.087
1638037200 30.49 58.15 780 4.082
1638037260 30.53 58.01 1031 4.082
1638037320 30.15 58.06 1061 4.082
1638037380 29.88 59.18 810 4.082
1638037440 30.23 58.68 1138 4.167
1638037500 30.55 57.76 536 4.098
1638037560 30.39 58.26 271 4.098
1638037620 30.63 57.77 233 4.092
1638037680 30.12 58.73 239 4.087
1638037740 29.51 60.9 1081 4.092
1638037800 29.4 61.81 1014 4.092
1638037860 29.37 62.33 1153 4.087
1638037920 29.38 61.8 462 4.087
1638037980 29.37 61.66 683 4.087
1638038040 29.21 62.46 1087 4.087
1638038100 29.16 61.5 1069 4.087
1638038160 28.99 62.27 221 4.087
1638038220 28.61 63.48 1045 4.087
1638038280 28.45 64.39 311 4.087
1638038340 28.67 64.17 301 4.098
1638038400 28.67 64.71 337 4.108
1638038460 28.39 64.01 251 4.092
1638038520 27.64 65.86 510 4.087
1638038580 27.27 67.37 474 4.087
1638038640 27.47 66.72 341 4.087
1638038700 27.3 66.67 761 4.087
1638038760 27.26 67.18 834 4.082
1638038820 27.6 66.62 894 4.082
1638038880 27.88 65.03 257 4.082
1638038940 27.78 65.25 263 4.082
1638039000 27.76 65.66 472 4.082
1638039060 27.71 65.73 989 4.082
1638039120 27.63 65.69 1001 4.082
1638039180 27.72 66.03 834 4.082
1638039240 27.97 65.76 1045 4.157
1638039300 28.45 64.97 1076 4.189
1638039360 29.06 63.34 990 4.194
1638039420 29.71 61.62 423 4.125
1638039480 30.04 59.56 344 4.114
1638039540 29.6 60.47 561 4.108
1638039600 29.71 60.9 1051 4.108
1638039660 29.84 60.36 1019 4.108
1638039720 29.84 60.08 652 4.103
1638039780 29.89 59.95 608 4.103
1638039840 29.84 60.55 475 4.103
1638039900 29.6 60.82 837 4.103
1638039960 29.58 60.98 1115 4.098
1638040020 29.18 62.56 734 4.098
1638040080 29.2 62.72 343 4.098
1638040140 28.72 63.25 313 4.114
1638040200 28.52 64.41 301 4.114
1638040260 28.28 65.11 397 4.108
1638040320 28.22 65.46 325 4.103
1638040380 27.63 66.84 367 4.103
1638040440 27.43 68.38 752 4.098
1638040500 27.7 67.73 379 4.098
1638040560 27.56 68.05 674 4.098
1638040620 27.39 68.7 445 4.098
1638040680 27.4 69.23 433 4.098
1638040740 27.53 68.24 662 4.092
1638040800 27.34 68.1 1040 4.092
1638040860 27.41 68.65 758 4.092
1638040920 27.88 67.06 751 4.092
1638040980 28.16 66.09 468 4.092
1638041040 28.34 65.27 522 4.087
1638041100 27.84 67.19 396 4.087
1638041160 28.15 66.47 347 4.087
1638041220 27.84 67.24 353 4.087
1638041280 27.63 67.56 408 4.087
1638041340 27.33 68.7 414 4.087
1638041400 27.17 69.15 384 4.087
1638041460 26.71 70.62 359 4.082
1638041520 26.86 70.51 353 4.087
1638041580 26.95 69.52 377 4.087
1638041640 26.85 69.8 396 4.082
1638041700 26.76 69.86 466 4.082
1638041760 26.83 70.02 840 4.082
1638041820 27.07 68.94 466 4.082
1638041880 27.36 68.1 448 4.082
1638041940 27.53 67.67 349 4.098
1638042000 27.51 67.32 295 4.098
1638042060 27.17 67.85 269 4.087
1638042120 26.98 68.78 263 4.082
1638042180 27.05 69.07 263 4.082
1638042240 26.82 68.88 263 4.082
1638042300 26.82 69.74 257 4.082
1638042360 26.92 69.49 245 4.082
1638042420 26.93 69.4 239 4.082
1638042480 26.74 70.2 233 4.082
1638042540 26.62 70.4 233 4.082
1638042600 26.45 71.15 239 4.082
1638042660 26.46 71.52 251 4.076
1638042720 26.48 71.57 269 4.076
1638042780 26.27 72.09 287 4.076
1638042840 26.46 72.09 281 4.087
1638042900 26.41 71.96 293 4.098
1638042960 26.3 72.49 343 4.103
1638043020 26.37 71.93 325 4.108
1638043080 26.23 72.33 289 4.108
1638043140 26.15 72.87 239 4.092
1638043200 26.24 72.53 221 4.087
1638043260 26.3 72.39 209 4.087
1638043320 26.25 72.77 191 4.082
1638043380 26.28 72.12 191 4.082
1638043440 26.28 72.49 203 4.082
1638043500 26.08 73.17 209 4.082
1638043560 25.87 73.65 197 4.082
1638043620 25.88 74.31 179 4.082
1638043680 25.97 74.07 161 4.076
1638043740 25.95 74.3 149 4.082
1638043800 25.93 74.16 143 4.087
1638043860 25.95 74.08 137 4.087
1638043920 26.05 74.11 143 4.087
1638043980 25.98 74.49 137 4.087
1638044040 26.05 74.61 149 4.092
1638044100 26.08 74.29 161 4.092
1638044160 25.93 74.72 173 4.092
1638044220 25.76 74.4 179 4.092
1638044280 25.57 75.02 173 4.098
1638044340 25.6 75.48 168 4.092
1638044400 25.6 74.77 168 4.098
1638044460 25.56 75.18 162 4.092
1638044520 25.72 75.01 156 4.098
1638044580 25.63 74.87 162 4.098
1638044640 25.72 74.72 161 4.092
1638044700 25.64 74.78 179 4.098
1638044760 25.72 74.73 180 4.098
1638044820 25.57 74.99 162 4.098
1638044880 25.59 75.08 156 4.098
1638044940 25.53 75.44 162 4.098
1638045000 25.59 75.37 180 4.103
1638045060 25.54 74.86 204 4.103
1638045120 25.5 75.5 307 4.098
1638045180 25.54 75.44 311 4.092
1638045240 25.74 74.55 245 4.092
1638045300 25.7 74.51 209 4.087
1638045360 25.53 75.21 185 4.087
1638045420 25.63 75.21 191 4.087
1638045480 25.6 75.09 185 4.087
1638045540 25.67 75.33 197 4.092
1638045600 25.88 74.65 216 4.092
1638045660 25.9 74.68 222 4.103
1638045720 26.01 73.84 222 4.108
1638045780 25.77 73.87 228 4.103
1638045840 25.9 74.21 234 4.108
1638045900 25.9 73.78 259 4.114
1638045960 25.79 74.07 278 4.114
1638046020 25.83 73.87 289 4.098
1638046080 25.73 74.26 367 4.098
1638046140 25.84 73.9 293 4.092
1638046200 25.9 73.23 359 4.092
1638046260 26.14 72.59 317 4.092
1638046320 26.23 72.37 450 4.092
1638046380 26.46 71.97 281 4.092
1638046440 26.54 71.52 263 4.082
1638046500 26.51 71.27 263 4.087
1638046560 26.25 72.09 251 4.082
1638046620 26.17 72.27 245 4.082
1638046680 26.17 72.79 239 4.082
1638046740 26.3 72.14 233 4.082
1638046800 26.18 72.33 239 4.082
1638046860 26.1 72.69 323 4.082
1638046920 26.23 72.17 251 4.082
1638046980 26.2 71.68 263 4.082
1638047040 26.21 71.77 269 4.082
1638047100 26.37 71.25 281 4.082
1638047160 26.21 71.68 275 4.076
1638047220 26.03 72.23 275 4.082
1638047280 26.07 72.26 515 4.076
1638047340 26.24 72.16 477 4.114
1638047400 26.48 71.01 504 4.098
1638047460 26.81 70.11 474 4.087
1638047520 27.14 69.32 335 4.087
1638047580 27.46 68.44 299 4.082
1638047640 27.33 68.62 257 4.082
1638047700 27.05 69.27 257 4.082
1638047760 26.75 69.8 257 4.082
1638047820 26.27 71.88 251 4.076
1638047880 26.28 71.82 245 4.082
1638047940 26.34 71.71 245 4.082
1638048000 26.32 71.7 239 4.076
1638048060 26.28 71.73 239 4.076
1638048120 26.25 71.46 239 4.076
1638048180 25.91 72.54 239 4.076
1638048240 25.83 73.21 239 4.087
1638048300 26.03 72.98 239 4.092
1638048360 26.07 72.8 233 4.092
1638048420 26.04 72.91 233 4.092
1638048480 25.79 73.51 228 4.098
1638048540 25.72 73.41 228 4.098
1638048600 25.76 73.78 222 4.098
1638048660 25.74 73.65 216 4.098
1638048720 25.7 73.61 210 4.103
1638048780 25.57 74.03 210 4.103
1638048840 25.57 74.41 198 4.103
1638048900 25.6 74.55 198 4.103
1638048960 25.57 74.58 198 4.103
1638049020 25.56 74.92 192 4.103
1638049080 25.63 74.6 186 4.108
1638049140 25.64 74.64 186 4.098
1638049200 25.57 74.95 180 4.103
1638049260 25.6 74.82 180 4.108
1638049320 25.42 75.55 180 4.103
1638049380 25.3 75.87 180 4.108
1638049440 25.3 75.92 180 4.108
1638049500 25.26 75.97 180 4.103
1638049560 25.32 75.98 186 4.108
1638049620 25.44 75.92 186 4.108
1638049680 25.46 75.82 180 4.108
1638049740 25.53 75.87 174 4.108
1638049800 25.57 75.53 174 4.108
1638049860 25.46 76.01 174 4.114
1638049920 25.43 76.08 174 4.108
1638049980 25.46 76.28 174 4.108
1638050040 25.5 76.08 174 4.108
1638050100 25.22 76.91 174 4.108
1638050160 25.28 77.39 174 4.108
1638050220 25.23 77.09 174 4.114
1638050280 25.32 77.08 174 4.114
1638050340 25.33 77.05 174 4.114
1638050400 25.33 76.9 168 4.114
1638050460 25.4 77.04 168 4.114
1638050520 25.47 76.79 162 4.114
1638050580 25.44 76.84 162 4.114
1638050640 25.42 77.11 156 4.114
1638050700 25.52 76.85 156 4.114
1638050760 25.47 76.99 156 4.114
1638050820 25.39 77.38 150 4.114
1638050880 25.42 77.07 150 4.114
1638050940 25.42 77.21 144 4.108
1638051000 25.43 77.02 144 4.108
1638051060 25.3 77.56 144 4.108
1638051120 25.37 77.53 138 4.108
1638051180 25.39 77.58 126 4.108
1638051240 25.47 77.43 126 4.114
1638051300 25.4 77.4 120 4.108
1638051360 25.29 77.47 120 4.108
1638051420 25.16 78.31 114 4.103
1638051480 25.15 78.43 108 4.108
1638051540 25.18 78.24 102 4.103
1638051600 25.02 78.73 90 4.103
1638051660 25.02 78.8 78 4.103
1638051720 25.05 78.66 72 4.103
1638051780 24.98 78.95 66 4.103
1638051840 25.04 78.81 60 4.098
1638051900 24.95 78.96 60 4.098
1638051960 24.89 79.32 54 4.098
1638052020 24.86 79.38 54 4.098
1638052080 24.74 79.76 48 4.098
1638052140 24.68 79.74 42 4.098
1638052200 24.61 80.16 36 4.098
1638052260 24.51 80.4 24 4.098
1638052320 24.41 80.81 18 4.098
1638052380 24.34 81.26 12 4.098
1638052440 24.34 81.27 6 4.098
1638052500 24.46 81.26 4 4.092
1638052560 24.38 81.35 4 4.092
1638052620 24.31 81.45 6 4.098
1638052680 24.2 81.83 0 4.098
1638052740 24.11 82.16 0 4.087
1638052800 24.11 82.42 0 4.092
1638052860 24.1 82.48 0 4.092
1638052920 24.09 82.52 0 4.092
1638052980 24 82.74 0 4.092
1638053040 23.99 83.13 0 4.087
1638053100 24 83.05 0 4.092
1638053160 23.95 83.54 0 4.092
1638053220 23.89 83.61 0 4.087
1638053280 23.87 83.83 0 4.087
1638053340 23.86 84.01 0 4.087
1638053400 23.8 84.13 0 4.087
1638053460 23.77 84.37 0 4.087
1638053520 23.76 84.45 0 4.087
1638053580 23.72 84.34 0 4.087
1638053640 23.72 84.53 0 4.082
1638053700 23.69 84.41 0 4.082
1638053760 23.65 84.33 0 4.082
1638053820 23.59 84.42 0 4.082
1638053880 23.59 84.47 0 4.087
1638053940 23.58 84.76 0 4.082
1638054000 23.53 84.66 0 4.082
1638054060 23.48 84.78 0 4.082
1638054120 23.41 85.15 0 4.082
1638054180 23.36 85.43 0 4.082
1638054240 23.33 85.76 0 4.082
1638054300 23.25 86.11 0 4.082
1638054360 23.18 86.36 0 4.082
1638054420 23.19 86.47 0 4.082
1638054480 23.18 86.56 0 4.082
1638054540 23.15 86.77 0 4.076
1638054600 23.12 86.89 0 4.076
1638054660 23.11 86.94 0 4.082
1638054720 23.15 86.94 0 4.076
1638054780 23.15 87.01 0 4.076
1638054840 23.14 86.98 0 4.076
1638054900 23.14 87.01 0 4.082
1638054960 23.11 87.12 0 4.082
1638055020 23.07 87 0 4.076
1638055080 23.04 87.23 0 4.076
1638055140 23.01 87.33 0 4.076
1638055200 22.98 87.47 0 4.076
1638055260 22.98 87.64 0 4.076
1638055320 22.99 87.46 0 4.076
1638055380 22.99 87.56 0 4.076
1638055440 22.98 87.45 0 4.071
1638055500 23.04 87.45 0 4.071
1638055560 23.05 87.36 0 4.071
1638055620 23.02 86.92 0 4.071
1638055680 23.04 87.18 0 4.071
1638055740 23.05 87.23 0 4.071
1638055800 23.07 87.24 0 4.071
1638055860 23.07 87.12 0 4.076
1638055920 23.08 87.03 0 4.071
1638055980 23.12 87 0 4.071
1638056040 23.11 87 0 4.071
1638056100 23.14 86.91 0 4.071
1638056160 23.17 86.99 0 4.071
1638056220 23.14 86.96 0 4.071
1638056280 23.12 87.13 0 4.071
1638056340 23.11 87.01 0 4.065
1638056400 23.02 86.42 0 4.071
1638056460 23.08 86.55 0 4.071
1638056520 23.08 86.5 0 4.071
1638056580 23.05 86.6 0 4.065
1638056640 23.07 86.72 0 4.065
1638056700 23.12 86.64 0 4.065
1638056760 23.19 86.38 0 4.065
1638056820 23.22 86.25 0 4.065
1638056880 23.22 86.14 0 4.065
1638056940 23.24 86.36 0 4.065
1638057000 23.21 86.01 0 4.071
1638057060 23.19 86.17 0 4.065
1638057120 23.17 86.03 0 4.065
1638057180 23.21 86.27 0 4.065
1638057240 23.19 86.23 0 4.06
1638057300 23.14 86.21 0 4.065
1638057360 23.14 86.13 0 4.065
1638057420 23.17 86.15 0 4.065
1638057480 23.17 85.86 0 4.065
1638057540 23.18 85.89 0 4.065
1638057600 23.19 85.82 0 4.065
1638057660 23.18 85.85 0 4.065
1638057720 23.19 85.95 0 4.06
1638057780 23.19 85.96 0 4.06
1638057840 23.18 86 0 4.06
1638057900 23.18 86.1 0 4.065
1638057960 23.17 86.16 0 4.065
1638058020 23.17 85.9 0 4.06
1638058080 23.18 85.9 0 4.06
1638058140 23.17 85.78 0 4.055
1638058200 23.17 85.75 0 4.06
1638058260 23.17 85.76 0 4.06
1638058320 23.21 85.72 0 4.06
1638058380 23.18 85.56 0 4.06
1638058440 23.14 85.75 0 4.06
1638058500 23.15 85.83 0 4.06
1638058560 23.15 85.86 0 4.06
1638058620 23.15 85.96 0 4.06
1638058680 23.11 85.63 0 4.06
1638058740 23.19 85.59 0 4.06
1638058800 23.18 85.49 0 4.06
1638058860 23.18 85.63 0 4.06
1638058920 23.21 85.63 0 4.06
1638058980 23.18 85.54 0 4.06
1638059040 23.19 85.72 0 4.055
1638059100 23.19 85.67 0 4.055
1638059160 23.21 85.75 0 4.055
1638059220 23.17 85.73 0 4.055
1638059280 23.17 85.74 0 4.055
1638059340 23.19 85.87 0 4.055
1638059400 23.21 85.77 0 4.055
1638059460 23.17 85.73 0 4.055
1638059520 23.12 86.01 0 4.055
1638059580 23.07 86.4 0 4.055
1638059640 23.07 86.55 0 4.055
1638059700 23.04 86.78 0 4.055
1638059760 22.95 86.97 0 4.055
1638059820 22.91 87.04 0 4.055
1638059880 22.93 87.21 0 4.055
1638059940 22.95 87.28 0 4.055
1638060000 22.94 87.35 0 4.055
1638060060 22.95 87.4 0 4.055
1638060120 22.95 87.59 0 4.055
1638060180 22.94 87.61 0 4.049
1638060240 22.91 87.56 0 4.055
1638060300 22.9 87.76 0 4.055
1638060360 22.87 87.94 0 4.055
1638060420 22.85 88.08 0 4.055
1638060480 22.84 88.11 0 4.049
1638060540 22.83 88.09 0 4.055
1638060600 22.83 87.99 0 4.055
1638060660 22.84 87.82 0 4.055
1638060720 22.87 87.74 0 4.049
1638060780 22.87 87.69 0 4.055
1638060840 22.84 87.78 0 4.049
1638060900 22.88 87.84 0 4.049
1638060960 22.87 87.99 0 4.049
1638061020 22.88 87.67 0 4.049
1638061080 22.88 87.85 0 4.049
1638061140 22.84 87.9 0 4.049
1638061200 22.81 87.85 0 4.049
1638061260 22.81 88.04 0 4.049
1638061320 22.81 88.04 0 4.049
1638061380 22.83 88.02 0 4.049
1638061440 22.84 87.94 0 4.049
1638061500 22.83 87.95 0 4.049
1638061560 22.85 88.01 0 4.049
1638061620 22.83 88.08 0 4.049
1638061680 22.79 88.13 0 4.049
1638061740 22.81 88.08 0 4.044
1638061800 22.85 88.09 0 4.044
1638061860 22.84 88.08 0 4.044
1638061920 22.83 88.17 0 4.044
1638061980 22.83 88.23 0 4.049
1638062040 22.78 88.43 0 4.044
1638062100 22.77 88.61 0 4.044
1638062160 22.79 88.7 0 4.049
1638062220 22.78 88.7 0 4.044
1638062280 22.75 88.74 0 4.044
1638062340 22.75 88.83 0 4.044
1638062400 22.78 88.74 0 4.044
1638062460 22.74 88.91 0 4.049
1638062520 22.77 88.95 0 4.044
1638062580 22.78 88.82 0 4.044
1638062640 22.78 88.85 0 4.044
1638062700 22.78 88.91 0 4.044
1638062760 22.79 88.85 0 4.044
1638062820 22.78 88.92 0 4.044
1638062880 22.81 88.99 0 4.044
1638062940 22.79 89.02 0 4.044
1638063000 22.83 89.1 0 4.039
1638063060 22.77 89.17 0 4.044
1638063120 22.78 89.26 0 4.044
1638063180 22.79 89.25 0 4.044
1638063240 22.79 89.24 0 4.044
1638063300 22.77 89.27 0 4.044
1638063360 22.79 89.41 0 4.044
1638063420 22.78 89.4 0 4.044
1638063480 22.75 89.62 0 4.044
1638063540 22.77 89.63 0 4.039
1638063600 22.75 89.67 0 4.039
1638063660 22.7 89.76 0 4.039
1638063720 22.68 90.08 0 4.039
1638063780 22.7 90.11 0 4.039
1638063840 22.7 90.17 0 4.039
1638063900 22.66 90.18 0 4.039
1638063960 22.71 90.2 0 4.039
1638064020 22.73 90.13 0 4.039
1638064080 22.73 90.08 0 4.039
1638064140 22.71 90.14 0 4.039
1638064200 22.71 90.23 0 4.039
1638064260 22.73 90.27 0 4.039
1638064320 22.74 90.23 0 4.039
1638064380 22.77 90.06 0 4.039
1638064440 22.75 90.17 0 4.033
1638064500 22.68 90.31 0 4.033
1638064560 22.68 90.42 0 4.039
1638064620 22.64 90.6 0 4.039
1638064680 22.61 90.58 0 4.039
1638064740 22.61 90.71 0 4.039
1638064800 22.56 90.78 0 4.039
1638064860 22.6 90.78 0 4.039
1638064920 22.61 90.67 0 4.039
1638064980 22.61 90.67 0 4.039
1638065040 22.58 90.9 0 4.039
1638065100 22.54 91.09 0 4.033
1638065160 22.51 91.17 0 4.039
1638065220 22.56 91.29 0 4.039
1638065280 22.53 91.31 0 4.033
1638065340 22.56 91.2 0 4.033
1638065400 22.5 91.2 0 4.033
1638065460 22.46 91.49 0 4.033
1638065520 22.47 91.49 0 4.033
1638065580 22.51 91.52 0 4.033
1638065640 22.51 91.46 0 4.039
1638065700 22.53 91.34 0 4.033
1638065760 22.56 91.26 0 4.033
1638065820 22.6 91.17 0 4.033
1638065880 22.58 91.07 0 4.033
1638065940 22.6 90.94 0 4.033
1638066000 22.61 90.93 0 4.033
1638066060 22.57 90.72 0 4.033
1638066120 22.58 90.77 0 4.033
1638066180 22.58 90.77 0 4.033
1638066240 22.54 90.71 0 4.028
1638066300 22.56 90.82 0 4.033
1638066360 22.54 91.05 0 4.033
1638066420 22.53 91.12 0 4.033
1638066480 22.53 91.14 0 4.033
1638066540 22.54 91.24 0 4.033
1638066600 22.56 90.96 0 4.033
1638066660 22.53 90.86 0 4.033
1638066720 22.51 90.91 0 4.033
1638066780 22.48 91.01 0 4.033
1638066840 22.5 91 0 4.033
1638066900 22.54 91.01 0 4.028
1638066960 22.53 90.92 0 4.033
1638067020 22.51 90.84 0 4.033
1638067080 22.5 90.9 0 4.028
1638067140 22.47 90.82 0 4.028
1638067200 22.47 91.02 0 4.028
1638067260 22.47 91.13 0 4.028
1638067320 22.46 91.11 0 4.028
1638067380 22.46 91.14 0 4.028
1638067440 22.42 90.84 0 4.033
1638067500 22.4 91.21 0 4.028
1638067560 22.4 91.16 0 4.028
1638067620 22.4 91.06 0 4.028
1638067680 22.42 91.16 0 4.028
1638067740 22.42 91.21 0 4.028
1638067800 22.44 91.19 0 4.033
1638067860 22.46 90.86 0 4.028
1638067920 22.44 91.05 0 4.028
1638067980 22.44 91.23 0 4.028
1638068040 22.4 91.3 0 4.022
1638068100 22.42 91.4 0 4.028
1638068160 22.43 91.28 0 4.028
1638068220 22.36 91.42 0 4.028
1638068280 22.39 91.6 0 4.028
1638068340 22.4 91.75 0 4.028
1638068400 22.4 91.52 0 4.028
1638068460 22.4 91.7 0 4.028
1638068520 22.39 91.7 0 4.028
1638068580 22.42 91.58 0 4.028
1638068640 22.39 91.69 0 4.028
1638068700 22.36 91.85 0 4.028
1638068760 22.36 92 0 4.028
1638068820 22.34 92.08 0 4.028
1638068880 22.32 92.2 0 4.028
1638068940 22.3 92.22 0 4.022
1638069000 22.3 92.28 0 4.022
1638069060 22.3 92.33 0 4.022
1638069120 22.33 92.32 0 4.028
1638069180 22.33 92.29 0 4.028
1638069240 22.33 92.18 0 4.022
1638069300 22.32 92.15 0 4.028
1638069360 22.36 92.07 0 4.022
1638069420 22.4 92.06 0 4.022
1638069480 22.39 91.97 0 4.022
1638069540 22.42 91.93 0 4.028
1638069600 22.42 91.9 0 4.022
1638069660 22.46 91.77 0 4.022
1638069720 22.44 91.67 0 4.022
1638069780 22.42 91.67 0 4.022
1638069840 22.43 91.84 0 4.017
1638069900 22.39 91.78 0 4.022
1638069960 22.36 91.9 0 4.022
1638070020 22.36 91.96 0 4.022
1638070080 22.37 92.02 0 4.022
1638070140 22.34 91.81 0 4.022
1638070200 22.29 91.67 0 4.022
1638070260 22.32 91.85 0 4.022
1638070320 22.32 91.96 0 4.022
1638070380 22.34 91.92 0 4.022
1638070440 22.34 91.75 0 4.022
1638070500 22.32 91.57 0 4.022
1638070560 22.33 91.54 0 4.022
1638070620 22.34 91.57 0 4.022
1638070680 22.34 91.58 0 4.022
1638070740 22.34 91.48 0 4.017
1638070800 22.34 91.32 0 4.017
1638070860 22.37 91.33 0 4.022
1638070920 22.37 91.33 0 4.022
1638070980 22.32 91.27 0 4.017
1638071040 22.33 91.38 0 4.017
1638071100 22.3 91.47 0 4.017
1638071160 22.3 91.45 0 4.022
1638071220 22.29 91.49 0 4.017
1638071280 22.26 91.42 0 4.017
1638071340 22.22 91.29 0 4.017
1638071400 22.22 91.55 0 4.017
1638071460 22.23 91.57 0 4.022
1638071520 22.22 91.61 0 4.022
1638071580 22.22 91.74 0 4.017
1638071640 22.2 91.59 0 4.017
1638071700 22.17 91.42 0 4.017
1638071760 22.23 91.19 0 4.017
1638071820 22.27 91.01 0 4.017
1638071880 22.26 90.86 0 4.017
1638071940 22.24 90.62 0 4.017
1638072000 22.24 90.49 0 4.017
1638072060 22.24 90.27 0 4.017
1638072120 22.24 90.32 0 4.017
1638072180 22.24 90.24 0 4.017
1638072240 22.26 90.28 0 4.017
1638072300 22.27 90.29 0 4.017
1638072360 22.27 90.19 0 4.017
1638072420 22.24 90.18 0 4.017
1638072480 22.22 90.27 0 4.017
1638072540 22.2 90.41 0 4.012
1638072600 22.2 90.5 0 4.012
1638072660 22.19 90.47 0 4.017
1638072720 22.19 90.76 0 4.017
1638072780 22.2 90.83 0 4.012
1638072840 22.19 90.96 0 4.012
1638072900 22.22 90.75 0 4.017
1638072960 22.27 90.7 0 4.017
1638073020 22.29 90.45 0 4.017
1638073080 22.23 90.33 0 4.012
1638073140 22.24 90.39 0 4.017
1638073200 22.22 90.39 0 4.017
1638073260 22.23 90.52 0 4.017
1638073320 22.23 90.37 0 4.017
1638073380 22.23 90.37 0 4.017
1638073440 22.23 90.38 0 4.012
1638073500 22.23 90.31 0 4.012
1638073560 22.19 90.27 0 4.012
1638073620 22.16 90.38 0 4.012
1638073680 22.14 90.66 0 4.012
1638073740 22.12 90.98 0 4.012
1638073800 22.16 91.19 0 4.017
1638073860 22.12 91.2 0 4.012
1638073920 22.09 91.49 0 4.012
1638073980 22.05 91.62 0 4.012
1638074040 21.97 91.66 0 4.012
1638074100 21.97 91.82 0 4.012
1638074160 21.93 91.91 0 4.012
1638074220 21.89 91.99 0 4.012
1638074280 21.88 92.12 0 4.012
1638074340 21.89 92.19 0 4.006
1638074400 21.89 92.34 0 4.006
1638074460 21.85 92.34 0 4.012
1638074520 21.83 92.27 0 4.012
1638074580 21.89 92.31 0 4.006
1638074640 21.89 92.09 0 4.006
1638074700 21.86 92.06 0 4.012
1638074760 21.85 92.22 0 4.012
1638074820 21.83 92.11 0 4.012
1638074880 21.83 92.26 0 4.012
1638074940 21.82 92.26 0 4.012
1638075000 21.82 92.37 0 4.012
1638075060 21.81 92.35 0 4.006
1638075120 21.78 92.39 0 4.012
1638075180 21.79 92.52 0 4.006
1638075240 21.76 92.51 0 4.006
1638075300 21.78 92.61 0 4.006
1638075360 21.78 92.74 0 4.006
1638075420 21.76 92.83 0 4.012
1638075480 21.81 92.86 0 4.006
1638075540 21.82 92.89 0 4.006
