1637989200 21.38 86.29 0 4.044
1637989260 21.34 85.56 0 4.044
1637989320 21.37 85.86 0 4.044
1637989380 21.37 85.72 0 4.044
1637989440 21.34 85.75 0 4.044
1637989500 21.38 85.95 0 4.044
1637989560 21.37 85.73 0 4.044
1637989620 21.39 85.69 0 4.044
1637989680 21.38 85.77 0 4.044
1637989740 21.37 85.95 0 4.049
1637989800 21.38 85.95 0 4.044
1637989860 21.38 86.24 0 4.044
1637989920 21.38 86.16 0 4.044
1637989980 21.41 86.99 0 4.049
1637990040 21.39 86.91 0 4.044
1637990100 21.39 86.96 0 4.044
1637990160 21.39 87.16 0 4.044
1637990220 21.37 86.78 0 4.049
1637990280 21.37 86.97 0 4.044
1637990340 21.34 86.08 0 4.044
1637990400 21.34 85.74 0 4.044
1637990460 21.34 85.2 0 4.044
1637990520 21.38 84.94 0 4.044
1637990580 21.42 85.07 0 4.044
1637990640 21.39 84.84 0 4.044
1637990700 21.41 85.19 0 4.044
1637990760 21.48 86.62 0 4.044
1637990820 21.45 87.26 0 4.044
1637990880 21.42 87.84 0 4.044
1637990940 21.37 87.85 0 4.049
1637991000 21.34 87.64 0 4.044
1637991060 21.29 87.45 0 4.044
1637991120 21.27 87.52 0 4.044
1637991180 21.25 87.47 0 4.044
1637991240 21.21 87.22 0 4.044
1637991300 21.22 87.57 0 4.044
1637991360 21.22 87.78 0 4.044
1637991420 21.24 87.92 0 4.044
1637991480 21.21 87.85 0 4.044
1637991540 21.21 87.64 0 4.044
1637991600 21.22 87.7 0 4.044
1637991660 21.17 87.77 0 4.044
1637991720 21.2 87.95 0 4.044
1637991780 21.15 88.18 0 4.044
1637991840 21.14 87.68 0 4.044
1637991900 21.12 87.64 0 4.044
1637991960 21.14 87.59 0 4.044
1637992020 21.17 87.74 0 4.044
1637992080 21.18 87.69 0 4.044
1637992140 21.14 88.06 0 4.044
1637992200 21.07 88.56 0 4.044
1637992260 21.01 88.84 0 4.044
1637992320 20.98 89.06 0 4.044
1637992380 20.97 89.3 0 4.044
1637992440 20.94 89.49 0 4.044
1637992500 20.95 89.65 0 4.044
1637992560 20.9 89.6 0 4.044
1637992620 20.9 89.55 0 4.044
1637992680 20.91 89.49 0 4.044
1637992740 20.94 90.01 0 4.044
1637992800 20.98 90.01 0 4.044
1637992860 20.95 89.93 0 4.044
1637992920 20.94 89.74 0 4.044
1637992980 20.91 89.48 0 4.044
1637993040 20.91 89.32 0 4.044
1637993100 20.93 89.04 0 4.044
1637993160 20.94 89.34 0 4.044
1637993220 20.93 89.35 0 4.044
1637993280 20.93 89.75 0 4.044
1637993340 20.89 90.5 0 4.044
1637993400 20.8 90.69 0 4.044
1637993460 20.79 90.99 0 4.044
1637993520 20.7 90.9 0 4.044
1637993580 20.73 90.81 0 4.044
1637993640 20.73 90.88 0 4.044
1637993700 20.74 90.91 0 4.044
1637993760 20.76 91.17 0 4.044
1637993820 20.69 90.75 0 4.044
1637993880 20.66 90.85 0 4.044
1637993940 20.65 90.9 0 4.044
1637994000 20.65 91.24 0 4.044
1637994060 20.59 91.28 0 4.044
1637994120 20.59 91.65 0 4.044
1637994180 20.53 91.59 0 4.044
1637994240 20.52 91.56 0 4.044
1637994300 20.53 91.54 0 4.044
1637994360 20.52 91.7 0 4.044
1637994420 20.5 91.53 0 4.044
1637994480 20.52 91.4 0 4.039
1637994540 20.56 91.42 0 4.044
1637994600 20.54 91.09 0 4.044
1637994660 20.59 90.86 0 4.044
1637994720 20.63 90.66 0 4.044
1637994780 20.62 90.55 0 4.044
1637994840 20.66 90.67 0 4.044
1637994900 20.65 90.48 0 4.044
1637994960 20.65 90.3 0 4.044
1637995020 20.63 90.19 0 4.039
1637995080 20.65 90.52 0 4.044
1637995140 20.62 90.48 0 4.044
1637995200 20.59 90.54 0 4.039
1637995260 20.57 90.61 0 4.044
1637995320 20.57 90.49 0 4.044
1637995380 20.57 90.97 0 4.044
1637995440 20.57 91.45 0 4.044
1637995500 20.52 91.7 0 4.044
1637995560 20.49 91.97 0 4.044
1637995620 20.43 91.97 0 4.044
1637995680 20.4 92.06 0 4.044
1637995740 20.35 91.76 0 4.044
1637995800 20.33 91.77 0 4.044
1637995860 20.38 91.85 0 4.044
1637995920 20.38 91.95 0 4.044
1637995980 20.35 91.84 0 4.044
1637996040 20.36 91.9 0 4.044
1637996100 20.36 91.78 0 4.039
1637996160 20.31 91.65 0 4.044
1637996220 20.33 91.61 0 4.039
1637996280 20.4 91.99 0 4.039
1637996340 20.39 91.86 0 4.044
1637996400 20.39 91.7 0 4.044
1637996460 20.4 91.76 0 4.044
1637996520 20.39 91.7 0 4.039
1637996580 20.38 91.71 0 4.044
1637996640 20.42 91.92 0 4.044
1637996700 20.39 91.84 0 4.044
1637996760 20.42 91.96 0 4.044
1637996820 20.42 91.91 0 4.044
1637996880 20.42 91.89 0 4.044
1637996940 20.42 91.66 0 4.044
1637997000 20.43 91.58 0 4.039
1637997060 20.44 91.53 0 4.039
1637997120 20.46 91.57 0 4.039
1637997180 20.47 91.64 0 4.044
1637997240 20.53 91.9 0 4.039
1637997300 20.53 92.03 0 4.039
1637997360 20.52 92.05 0 4.044
1637997420 20.47 91.94 0 4.044
1637997480 20.49 92.13 0 4.039
1637997540 20.47 92.09 0 4.044
1637997600 20.46 91.93 0 4.044
1637997660 20.44 91.7 0 4.039
1637997720 20.46 91.7 0 4.039
1637997780 20.44 91.67 0 4.044
1637997840 20.5 91.93 0 4.044
1637997900 20.49 92.35 0 4.044
1637997960 20.52 92.25 0 4.039
1637998020 20.49 91.99 0 4.039
1637998080 20.44 91.82 0 4.039
1637998140 20.43 91.7 0 4.039
1637998200 20.42 91.36 0 4.039
1637998260 20.4 91.1 0 4.039
1637998320 20.38 90.68 0 4.039
1637998380 20.39 90.88 0 4.039
1637998440 20.42 91.01 0 4.039
1637998500 20.43 91.32 0 4.044
1637998560 20.39 91.03 0 4.039
1637998620 20.36 90.71 0 4.039
1637998680 20.38 90.82 0 4.044
1637998740 20.42 90.97 0 4.039
1637998800 20.46 91 0 4.039
1637998860 20.36 90.32 0 4.039
1637998920 20.36 90.32 0 4.039
1637998980 20.36 90.33 0 4.039
1637999040 20.33 90.46 0 4.039
1637999100 20.32 90.56 0 4.039
1637999160 20.36 90.94 0 4.039
1637999220 20.36 91.1 0 4.039
1637999280 20.31 91.22 0 4.044
1637999340 20.26 91.18 0 4.044
1637999400 20.23 91.41 0 4.044
1637999460 20.19 91.61 0 4.039
1637999520 20.18 91.78 0 4.044
1637999580 20.15 91.92 0 4.039
1637999640 20.09 92.18 0 4.039
1637999700 20.07 92.37 0 4.039
1637999760 20.04 92.45 0 4.039
1637999820 20.02 92.8 0 4.039
1637999880 20.02 92.81 0 4.039
1637999940 20.01 92.87 0 4.039
1638000000 20.01 93.23 0 4.039
1638000060 19.96 93.14 0 4.039
1638000120 19.94 93.14 0 4.039
1638000180 19.95 93.4 0 4.039
1638000240 19.92 93.53 0 4.044
1638000300 19.92 93.58 0 4.039
1638000360 19.87 93.75 0 4.039
1638000420 19.85 93.85 0 4.039
1638000480 19.87 94.11 0 4.039
1638000540 19.82 94.14 0 4.039
1638000600 19.78 94.15 0 4.039
1638000660 19.77 94.29 0 4.039
1638000720 19.74 94.3 0 4.039
1638000780 19.74 94.47 0 4.039
1638000840 19.71 94.47 0 4.044
1638000900 19.67 94.48 0 4.039
1638000960 19.61 94.52 0 4.039
1638001020 19.64 94.75 0 4.039
1638001080 19.64 94.76 0 4.039
1638001140 19.61 94.73 0 4.039
1638001200 19.57 94.89 0 4.039
1638001260 19.58 95.1 0 4.039
1638001320 19.56 95.12 0 4.044
1638001380 19.54 95.16 0 4.039
1638001440 19.47 95.22 0 4.039
1638001500 19.46 95.23 0 4.039
1638001560 19.46 95.51 0 4.039
1638001620 19.49 95.63 0 4.039
1638001680 19.47 95.59 0 4.039
1638001740 19.49 95.68 0 4.044
1638001800 19.41 95.67 0 4.039
1638001860 19.43 95.67 0 4.039
1638001920 19.41 95.75 0 4.039
1638001980 19.44 96.03 0 4.039
1638002040 19.43 96.23 0 4.039
1638002100 19.44 96.31 0 4.044
1638002160 19.47 96.34 0 4.039
1638002220 19.46 96.46 0 4.039
1638002280 19.44 96.38 0 4.039
1638002340 19.4 96.35 0 4.039
1638002400 19.34 96.34 0 4.039
1638002460 19.32 96.33 0 4.039
1638002520 19.33 96.5 0 4.039
1638002580 19.29 96.35 0 4.039
1638002640 19.26 96.27 0 4.039
1638002700 19.19 96.3 0 4.039
1638002760 19.16 96.28 0 4.039
1638002820 19.1 96.14 0 4.039
1638002880 19.05 96.23 0 4.039
1638002940 19.02 96.22 0 4.039
1638003000 19.03 96.32 0 4.039
1638003060 19.03 96.47 0 4.039
1638003120 19.02 96.34 0 4.039
1638003180 19.06 96.57 0 4.039
1638003240 19.15 96.92 0 4.039
1638003300 19.2 96.98 0 4.039
1638003360 19.23 97.09 0 4.039
1638003420 19.27 97.13 0 4.039
1638003480 19.26 97.06 0 4.039
1638003540 19.25 97.04 0 4.039
1638003600 19.23 97.15 0 4.039
1638003660 19.25 97.21 0 4.039
1638003720 19.25 97.12 0 4.039
1638003780 19.22 97.15 0 4.039
1638003840 19.22 97.05 0 4.039
1638003900 19.15 96.92 0 4.039
1638003960 19.12 96.86 0 4.039
1638004020 19.05 96.8 0 4.033
1638004080 19.02 96.83 0 4.039
1638004140 18.95 96.75 0 4.039
1638004200 18.98 96.88 0 4.039
1638004260 18.94 96.87 0 4.039
1638004320 18.92 96.86 0 4.039
1638004380 18.89 96.81 0 4.039
1638004440 18.95 97.06 0 4.039
1638004500 18.96 97.07 0 4.039
1638004560 18.99 97.11 0 4.039
1638004620 18.96 97.06 0 4.039
1638004680 18.95 97.03 0 4.039
1638004740 18.96 97.04 0 4.039
1638004800 18.98 97.11 0 4.039
1638004860 19.02 97.32 0 4.039
1638004920 19.09 97.41 0 4.039
1638004980 19.15 97.39 0 4.039
1638005040 19.13 97.38 0 4.039
1638005100 19.12 97.3 0 4.039
1638005160 19.13 97.28 0 4.039
1638005220 19.13 97.28 0 4.039
1638005280 19.15 97.28 0 4.033
1638005340 19.13 97.27 0 4.039
1638005400 19.09 97.26 0 4.039
1638005460 19.12 97.25 0 4.039
1638005520 19.1 97.24 0 4.039
1638005580 19.1 97.26 0 4.039
1638005640 19.09 97.25 0 4.039
1638005700 19.1 97.25 0 4.039
1638005760 19.07 97.2 0 4.039
1638005820 19.06 97.23 0 4.033
1638005880 19.05 97.27 0 4.039
1638005940 19.06 97.28 0 4.039
1638006000 19.05 97.28 0 4.033
1638006060 19.09 97.28 0 4.039
1638006120 19.06 97.25 0 4.039
1638006180 19.06 97.25 0 4.039
1638006240 19.06 97.26 0 4.033
1638006300 19.03 97.28 0 4.039
1638006360 18.99 97.22 0 4.039
1638006420 19.03 97.24 0 4.039
1638006480 19.01 97.23 0 4.039
1638006540 18.95 97.25 0 4.033
1638006600 18.96 97.28 0 4.039
1638006660 18.99 97.24 0 4.039
1638006720 19.01 97.39 0 4.039
1638006780 19.02 97.39 0 4.039
1638006840 19.05 97.42 0 4.039
1638006900 19.05 97.42 0 4.039
1638006960 19.01 97.29 0 4.039
1638007020 18.98 97.26 0 4.039
1638007080 18.98 97.22 0 4.033
1638007140 18.98 97.25 0 4.039
1638007200 18.92 97.18 0 4.033
1638007260 18.91 97.23 0 4.033
1638007320 18.89 97.19 0 4.033
1638007380 18.88 97.19 0 4.039
1638007440 18.84 97.3 0 4.033
1638007500 18.86 97.35 0 4.039
1638007560 18.91 97.42 0 4.039
1638007620 18.92 97.46 0 4.039
1638007680 18.94 97.5 0 4.039
1638007740 18.94 97.5 0 4.033
1638007800 18.95 97.47 0 4.033
1638007860 18.96 97.53 0 4.033
1638007920 19.01 97.7 0 4.039
1638007980 19.05 97.66 0 4.033
1638008040 19.07 97.58 0 4.039
1638008100 19.03 97.54 0 4.039
1638008160 19.03 97.52 0 4.033
1638008220 19.03 97.5 0 4.039
1638008280 19.02 97.54 0 4.033
1638008340 19.03 97.53 0 4.039
1638008400 19.02 97.52 0 4.039
1638008460 19.01 97.5 0 4.039
1638008520 19.03 97.52 0 4.033
1638008580 19.02 97.57 0 4.033
1638008640 19.02 97.59 0 4.039
1638008700 19.02 97.57 0 4.039
1638008760 19.02 97.56 0 4.033
1638008820 19.05 97.59 0 4.039
1638008880 19.03 97.58 0 4.039
1638008940 19.01 97.54 0 4.033
1638009000 19.02 97.56 0 4.033
1638009060 18.96 97.53 0 4.033
1638009120 18.96 97.51 0 4.033
1638009180 18.95 97.5 0 4.039
1638009240 18.92 97.46 0 4.039
1638009300 18.91 97.43 0 4.039
1638009360 18.92 97.59 0 4.039
1638009420 18.89 97.49 0 4.033
1638009480 18.92 97.61 0 4.039
1638009540 18.94 97.59 0 4.039
1638009600 18.88 97.43 0 4.033
1638009660 18.85 97.48 0 4.033
1638009720 18.89 97.61 0 4.033
1638009780 18.95 97.76 0 4.033
1638009840 18.94 97.64 0 4.033
1638009900 18.94 97.63 0 4.033
1638009960 18.98 97.76 0 4.033
1638010020 18.96 97.72 0 4.039
1638010080 18.98 97.61 0 4.039
1638010140 18.96 97.67 0 4.039
1638010200 18.98 97.65 0 4.033
1638010260 18.95 97.59 0 4.039
1638010320 18.94 97.49 0 4.033
1638010380 18.94 97.5 0 4.033
1638010440 18.94 97.46 0 4.039
1638010500 18.96 97.46 0 4.033
1638010560 18.95 97.38 0 4.033
1638010620 18.92 97.33 0 4.033
1638010680 18.95 97.36 0 4.039
1638010740 18.96 97.26 0 4.039
1638010800 18.92 97.19 0 4.039
1638010860 18.92 97.25 0 4.033
1638010920 18.92 97.19 0 4.033
1638010980 18.92 97.28 0 4.039
1638011040 18.91 97.18 0 4.033
1638011100 18.89 97.15 0 4.033
1638011160 18.89 97.13 0 4.039
1638011220 18.88 97.17 0 4.033
1638011280 18.85 97.1 0 4.033
1638011340 18.85 97.15 0 4.033
1638011400 18.88 97.21 0 4.033
1638011460 18.84 97.24 0 4.033
1638011520 18.86 97.23 0 4.033
1638011580 18.89 97.26 0 4.033
1638011640 18.91 97.23 0 4.033
1638011700 18.91 97.31 0 4.039
1638011760 18.92 97.29 0 4.039
1638011820 18.92 97.3 0 4.033
1638011880 18.94 97.4 0 4.039
1638011940 18.99 97.56 0 4.033
1638012000 18.99 97.38 0 4.033
1638012060 18.99 97.44 0 4.033
1638012120 19.02 97.46 0 4.033
1638012180 19.03 97.43 0 4.033
1638012240 19.02 97.39 0 4.039
1638012300 19.03 97.41 0 4.033
1638012360 19.03 97.43 0 4.033
1638012420 19.03 97.46 0 4.033
1638012480 19.03 97.38 0 4.033
1638012540 19.03 97.42 0 4.039
1638012600 19.03 97.41 0 4.033
1638012660 19.05 97.41 0 4.033
1638012720 19.02 97.4 0 4.033
1638012780 19.01 97.4 0 4.039
1638012840 19.02 97.43 0 4.033
1638012900 19.05 97.48 0 4.033
1638012960 19.06 97.41 0 4.033
1638013020 18.99 97.39 0 4.039
1638013080 19.01 97.39 0 4.033
1638013140 19.02 97.42 0 4.033
1638013200 19.03 97.45 0 4.033
1638013260 19.05 97.51 0 4.033
1638013320 19.1 97.54 0 4.033
1638013380 19.13 97.36 0 4.033
1638013440 19.12 97.31 0 4.033
1638013500 19.13 97.3 0 4.033
1638013560 19.15 97.23 0 4.039
1638013620 19.13 97.16 0 4.039
1638013680 19.12 97.09 0 4.033
1638013740 19.15 97.12 0 4.033
1638013800 19.13 97.05 0 4.033
1638013860 19.12 97.02 0 4.033
1638013920 19.13 97.07 0 4.033
1638013980 19.15 97.09 0 4.033
1638014040 19.15 97.05 0 4.033
1638014100 19.17 97.06 0 4.033
1638014160 19.15 96.99 0 4.033
1638014220 19.12 96.96 0 4.033
1638014280 19.1 96.94 0 4.033
1638014340 19.1 96.93 0 4.033
1638014400 19.07 96.99 0 4.033
1638014460 19.1 97.06 0 4.033
1638014520 19.07 96.96 0 4.033
1638014580 19.06 96.93 0 4.033
1638014640 19.07 96.96 0 4.039
1638014700 19.05 96.96 4 4.033
1638014760 19.07 96.99 0 4.033
1638014820 19.06 97.05 4 4.033
1638014880 19.06 97 4 4.033
1638014940 19.06 97.05 4 4.033
1638015000 19.05 97.06 4 4.033
1638015060 19.07 97.09 4 4.033
1638015120 19.06 97.1 4 4.033
1638015180 19.05 97.16 4 4.033
1638015240 19.07 97.14 4 4.033
1638015300 19.05 97.18 4 4.033
1638015360 19.07 97.19 10 4.033
1638015420 19.03 97.2 10 4.033
1638015480 19.05 97.26 10 4.033
1638015540 19.05 97.23 10 4.033
1638015600 19.06 97.23 10 4.033
1638015660 19.09 97.31 16 4.033
1638015720 19.09 97.28 16 4.033
1638015780 19.07 97.29 16 4.033
1638015840 19.06 97.26 16 4.033
1638015900 19.09 97.25 16 4.033
1638015960 19.07 97.29 16 4.033
1638016020 19.13 97.29 16 4.033
1638016080 19.1 97.25 16 4.033
1638016140 19.15 97.29 22 4.033
1638016200 19.16 97.32 22 4.033
1638016260 19.13 97.2 22 4.033
1638016320 19.15 97.2 22 4.033
1638016380 19.13 97.27 28 4.033
1638016440 19.17 97.2 28 4.033
1638016500 19.2 97.12 34 4.033
1638016560 19.19 97.13 34 4.033
1638016620 19.2 97.09 34 4.033
1638016680 19.22 97.03 34 4.033
1638016740 19.22 96.95 34 4.033
1638016800 19.23 96.92 40 4.033
1638016860 19.27 96.87 40 4.033
1638016920 19.29 96.85 40 4.033
1638016980 19.29 96.74 40 4.033
1638017040 19.32 96.72 40 4.033
1638017100 19.34 96.69 40 4.033
1638017160 19.37 96.69 46 4.033
1638017220 19.4 96.67 46 4.033
1638017280 19.41 96.6 46 4.033
1638017340 19.41 96.58 46 4.033
1638017400 19.44 96.52 46 4.033
1638017460 19.47 96.49 52 4.033
1638017520 19.5 96.47 52 4.033
1638017580 19.52 96.42 52 4.033
1638017640 19.53 96.27 52 4.028
1638017700 19.54 96.22 52 4.033
1638017760 19.52 96.07 52 4.033
1638017820 19.56 96.09 52 4.028
1638017880 19.54 96.15 58 4.028
1638017940 19.58 96.12 58 4.033
1638018000 19.6 96.09 64 4.033
1638018060 19.63 96.09 64 4.033
1638018120 19.64 96 70 4.033
1638018180 19.64 95.82 70 4.033
1638018240 19.63 95.65 70 4.033
1638018300 19.65 95.43 70 4.033
1638018360 19.67 95.27 70 4.033
1638018420 19.67 95.11 76 4.033
1638018480 19.73 95 76 4.033
1638018540 19.8 95.06 76 4.033
1638018600 19.88 95.11 76 4.033
1638018660 19.91 95.17 76 4.028
1638018720 19.82 94.69 82 4.033
1638018780 19.78 94.91 82 4.033
1638018840 19.82 95.07 88 4.033
1638018900 19.8 94.88 88 4.033
1638018960 19.78 94.74 88 4.033
1638019020 19.78 94.61 88 4.033
1638019080 19.84 94.97 88 4.033
1638019140 19.95 94.97 88 4.033
1638019200 20.01 94.71 88 4.033
1638019260 20.05 94.57 94 4.033
1638019320 20.01 94.04 94 4.033
1638019380 20.05 93.88 99 4.033
1638019440 20.15 93.96 99 4.033
1638019500 20.19 93.76 99 4.028
1638019560 20.22 93.45 105 4.033
1638019620 20.21 93.04 105 4.033
1638019680 20.29 93.32 105 4.033
1638019740 20.36 93.23 105 4.033
1638019800 20.38 93.22 111 4.033
1638019860 20.38 92.43 111 4.033
1638019920 20.35 92.71 117 4.033
1638019980 20.36 92.98 123 4.033
1638020040 20.36 93.08 129 4.033
1638020100 20.36 92.98 129 4.039
1638020160 20.44 93.36 135 4.033
1638020220 20.43 92.83 135 4.033
1638020280 20.53 93.2 141 4.033
1638020340 20.57 93.04 141 4.033
1638020400 20.6 92.6 147 4.033
1638020460 20.71 92.32 153 4.033
1638020520 20.76 91.8 159 4.033
1638020580 20.79 90.8 165 4.033
1638020640 20.8 90.13 165 4.039
1638020700 20.89 89.66 171 4.033
1638020760 20.89 88.9 171 4.039
1638020820 20.94 89.06 177 4.039
1638020880 20.94 88.21 177 4.039
1638020940 21.07 89.12 177 4.039
1638021000 21.14 88.9 183 4.039
1638021060 21.25 89.03 183 4.039
1638021120 21.27 88.27 189 4.039
1638021180 21.25 88.3 195 4.039
1638021240 21.34 88.39 195 4.039
1638021300 21.44 88 200 4.039
1638021360 21.37 87.13 207 4.039
1638021420 21.39 87.08 207 4.033
1638021480 21.42 87.04 212 4.039
1638021540 21.48 86.71 212 4.039
1638021600 21.62 86.49 212 4.039
1638021660 21.68 86 212 4.039
1638021720 21.69 86.27 212 4.039
1638021780 21.79 86.29 212 4.039
1638021840 21.89 86.03 224 4.039
1638021900 22 85.78 230 4.039
1638021960 22 85.3 242 4.039
1638022020 22.01 84.98 254 4.039
1638022080 22.08 84.66 266 4.039
1638022140 22.03 84.62 272 4.044
1638022200 22.11 85.09 278 4.039
1638022260 22.13 84.34 290 4.044
1638022320 22.2 83.92 302 4.044
1638022380 22.17 84.22 302 4.044
1638022440 22.16 83.3 326 4.044
1638022500 22.2 82.76 320 4.044
1638022560 22.43 83.35 338 4.044
1638022620 22.54 82.53 344 4.044
1638022680 22.75 82.69 362 4.049
1638022740 22.75 82.1 361 4.044
1638022800 22.86 81.81 368 4.049
1638022860 22.93 81.75 356 4.049
1638022920 22.96 81.11 367 4.039
1638022980 23.03 81.84 349 4.033
1638023040 22.91 80.52 444 4.039
1638023100 22.98 80.99 426 4.039
1638023160 23.13 80.31 254 4.039
1638023220 23.13 80.06 408 4.033
1638023280 23.34 80.02 432 4.033
1638023340 23.82 77.53 373 4.033
1638023400 24.19 75.43 379 4.033
1638023460 24.46 76.03 325 4.033
1638023520 24.81 74.39 349 4.033
1638023580 24.67 75.06 319 4.033
1638023640 24.36 74.87 331 4.033
1638023700 24.23 76.12 508 4.033
1638023760 24.46 75.16 686 4.033
1638023820 24.67 74.81 680 4.033
1638023880 24.8 73.94 670 4.033
1638023940 25.15 72.93 680 4.033
1638024000 25.82 70.88 692 4.033
1638024060 26.07 70.38 355 4.033
1638024120 26.06 70.02 432 4.033
1638024180 25.42 69.8 390 4.033
1638024240 25.59 70.24 515 4.033
1638024300 25.27 71.93 385 4.028
1638024360 25.34 71.44 480 4.033
1638024420 25.45 70.94 402 4.033
1638024480 25.61 70.29 414 4.033
1638024540 25.44 70.49 591 4.033
1638024600 25.61 70.76 597 4.033
1638024660 25.86 69.66 674 4.028
1638024720 26.13 70.5 652 4.028
1638024780 26.41 68.08 646 4.033
1638024840 26.38 67.1 638 4.033
1638024900 26.3 68.63 638 4.033
1638024960 26.34 69.76 644 4.033
1638025020 26.89 67.28 644 4.033
1638025080 27.17 65.34 646 4.028
1638025140 27.13 64.85 652 4.028
1638025200 27.01 66.01 656 4.028
1638025260 26.57 64.11 656 4.028
1638025320 26.08 67.45 662 4.028
1638025380 26.48 66.53 668 4.028
1638025440 26.65 67.14 674 4.028
1638025500 26.85 64.55 680 4.028
1638025560 26.86 64.34 686 4.028
1638025620 26.3 65.3 704 4.028
1638025680 26.62 65.75 704 4.033
1638025740 27.12 64.45 715 4.028
1638025800 27.02 64.43 715 4.028
1638025860 27.26 63.76 721 4.028
1638025920 27.44 62.64 721 4.028
1638025980 27.63 62.01 727 4.028
1638026040 27.68 61.3 721 4.028
1638026100 27.91 60.35 727 4.028
1638026160 28.12 59.43 739 4.028
1638026220 28.07 59.42 739 4.028
1638026280 27.85 59.74 763 4.033
1638026340 27.68 59.72 763 4.028
1638026400 27.78 60.01 769 4.028
1638026460 27.74 59.76 769 4.028
1638026520 27.12 61.76 775 4.028
1638026580 27.51 62.01 781 4.028
1638026640 27.63 60.61 787 4.028
1638026700 27.81 60.57 787 4.028
1638026760 28.04 59.7 799 4.028
1638026820 28.08 56.52 573 4.028
1638026880 28.23 57.34 810 4.028
1638026940 28.32 56.34 615 4.028
1638027000 28.2 56.96 733 4.028
1638027060 27.71 56.9 828 4.028
1638027120 27.63 59.39 698 4.028
1638027180 27.7 58.27 153 4.028
1638027240 27.81 59.01 129 4.028
1638027300 27.74 58.8 337 4.033
1638027360 27.32 58.97 609 4.028
1638027420 26.82 59.78 111 4.028
1638027480 26.71 60.35 123 4.033
1638027540 26.45 61.5 105 4.033
1638027600 26.38 62.35 129 4.028
1638027660 26.31 62.32 882 4.028
1638027720 26.08 61.9 171 4.028
1638027780 26.07 63.01 206 4.033
1638027840 25.92 63.12 721 4.028
1638027900 26.17 62.64 840 4.028
1638027960 26.64 62.11 852 4.028
1638028020 27.06 59.59 870 4.028
1638028080 27.23 58.5 858 4.028
1638028140 27.59 58.04 870 4.028
1638028200 27.94 58.04 882 4.028
1638028260 28.04 57.52 892 4.028
1638028320 27.88 59.42 852 4.028
1638028380 28.12 57.74 876 4.028
1638028440 28.45 59.19 876 4.028
1638028500 28.66 57.42 882 4.028
1638028560 28.92 55.93 662 4.022
1638028620 29.1 56.01 905 4.022
1638028680 29.48 54.39 737 4.022
1638028740 29.62 54.89 880 4.028
1638028800 29.21 54.8 135 4.028
1638028860 28.87 55.62 147 4.028
1638028920 28.52 56.63 870 4.022
1638028980 28.25 58.13 899 4.028
1638029040 28.5 57.82 874 4.022
1638029100 28.96 58.25 899 4.028
1638029160 28.96 55.99 846 4.028
1638029220 28.98 56.34 911 4.028
1638029280 29.14 56.22 909 4.028
1638029340 29.21 56.04 909 4.028
1638029400 29.32 54.84 915 4.028
1638029460 29.36 54.64 915 4.028
1638029520 29.18 55.32 927 4.022
1638029580 28.73 56.77 935 4.022
1638029640 29.31 55.5 947 4.022
1638029700 29.1 55.87 945 4.028
1638029760 29.34 53.95 957 4.028
1638029820 28.71 55.42 718 4.044
1638029880 28.66 56.72 965 4.055
1638029940 28.52 57.16 977 4.055
1638030000 28.87 57.36 990 4.06
1638030060 29.14 55.48 960 4.06
1638030120 29.18 54.03 966 4.06
1638030180 29.32 53.37 966 4.06
1638030240 29.47 55.35 966 4.06
1638030300 29.86 53.8 974 4.065
1638030360 29.84 53.17 974 4.065
1638030420 30.04 53.59 980 4.065
1638030480 30.26 52.91 980 4.071
1638030540 30.77 52.24 980 4.065
1638030600 30.5 50.98 986 4.071
1638030660 30.23 50.55 986 4.071
1638030720 29.8 52.63 986 4.076
1638030780 29.72 52.2 986 4.076
1638030840 29.62 51.95 987 4.076
1638030900 29.93 53.04 987 4.076
1638030960 30.07 51.25 993 4.076
1638031020 30.04 52 993 4.076
1638031080 30.3 51.97 999 4.076
1638031140 30.37 51.07 1011 4.076
1638031200 30.37 51.85 1005 4.076
1638031260 30.74 49.83 1007 4.082
1638031320 30.53 50.16 1013 4.082
1638031380 30.77 49.73 1019 4.082
1638031440 30.61 50.06 1025 4.082
1638031500 30.79 49.99 1025 4.082
1638031560 31.03 49.61 1025 4.087
1638031620 30.84 48.71 1033 4.082
1638031680 30.23 50.32 1037 4.087
1638031740 29.75 51.34 1045 4.087
1638031800 29.95 51.97 1051 4.087
1638031860 30.28 51.4 1051 4.087
1638031920 30.5 52.64 1057 4.087
1638031980 30.62 50.99 1051 4.092
1638032040 30.61 52.16 1052 4.087
1638032100 30.6 49.19 1051 4.092
1638032160 30.19 50.11 1052 4.092
1638032220 30.6 49.4 1055 4.06
1638032280 30.84 49.35 1060 4.06
1638032340 31.13 48.83 1067 4.055
1638032400 31.54 47.49 1073 4.055
1638032460 31.6 48.95 1079 4.055
1638032520 31.73 48.69 1079 4.055
1638032580 32.01 48.12 1084 4.06
1638032640 32.24 48.14 1096 4.055
1638032700 31.71 47.25 1097 4.055
1638032760 31.71 48.46 1084 4.055
1638032820 31.6 47.43 1078 4.055
1638032880 31.53 46.76 1078 4.055
1638032940 31.3 49.5 1076 4.055
1638033000 31.46 48 1084 4.055
1638033060 31.4 46.8 1084 4.055
1638033120 31.47 48 1084 4.055
1638033180 31.87 47.04 1084 4.055
1638033240 31.85 47.1 1084 4.049
1638033300 31.88 46.95 1082 4.055
1638033360 31.91 47.5 1084 4.049
1638033420 31.64 48.35 1090 4.055
1638033480 31.8 48.14 1088 4.049
1638033540 31.92 47.53 1082 4.049
1638033600 31.92 48.32 1096 4.049
1638033660 31.95 46.89 1100 4.055
1638033720 32.11 46.78 1100 4.055
1638033780 31.91 48.39 1102 4.049
1638033840 32.31 50.55 1106 4.049
1638033900 32.22 46.55 1106 4.049
1638033960 32.34 45.93 1112 4.049
1638034020 32.58 45.32 1118 4.049
1638034080 32.51 47.83 1118 4.049
1638034140 32.25 44.75 1124 4.049
1638034200 31.53 47.33 1124 4.055
1638034260 30.28 47.98 1124 4.049
1638034320 30.1 49.79 1124 4.049
1638034380 30.96 49.32 1132 4.049
1638034440 31.46 47.69 1138 4.049
1638034500 31.99 47.45 1142 4.049
1638034560 32.19 46.32 1149 4.055
1638034620 31.83 45.33 1155 4.049
1638034680 32.29 46.83 1161 4.049
1638034740 32.66 46.79 1149 4.049
1638034800 31.37 46.45 1149 4.049
1638034860 31.47 46.56 1149 4.049
1638034920 31.87 45.35 1149 4.049
1638034980 31.4 45.67 1155 4.049
1638035040 30.95 46.68 1161 4.044
1638035100 30.51 47.76 1167 4.049
1638035160 30.5 47.94 1170 4.049
1638035220 30.35 47.07 1177 4.049
1638035280 30.67 47.47 1177 4.044
1638035340 31.32 47.31 1161 4.049
1638035400 31.37 46.33 1189 4.049
1638035460 31.59 45.98 1201 4.049
1638035520 31.13 45.39 1207 4.049
1638035580 31.46 47.84 1213 4.049
1638035640 31.71 45.23 1213 4.049
1638035700 31.92 44.98 1218 4.049
1638035760 32.63 45.56 1225 4.049
1638035820 33.16 44.74 1225 4.049
1638035880 33.04 43.49 1230 4.044
1638035940 33.22 44.13 1231 4.049
1638036000 33.27 43.15 1242 4.044
1638036060 33.22 42.06 1261 4.044
1638036120 33.13 42.74 1273 4.044
1638036180 33.35 43.66 1278 4.044
1638036240 33.01 44.51 1280 4.049
1638036300 33.06 44.53 1296 4.049
1638036360 33.17 42.51 1307 4.049
1638036420 33.06 43.53 1308 4.044
1638036480 33.3 43.78 1308 4.049
1638036540 32.8 44.2 1314 4.044
1638036600 33.03 45.17 1313 4.049
1638036660 32.84 43.17 1320 4.044
1638036720 32.58 44.47 1320 4.049
1638036780 32.28 47.31 1314 4.044
1638036840 32.72 45.96 1307 4.049
1638036900 32.07 47.28 1295 4.044
1638036960 31.59 48.92 1313 4.044
1638037020 31.32 49.51 629 4.049
1638037080 30.93 50.15 379 4.044
1638037140 30.13 51.46 1254 4.044
1638037200 29.68 53.07 695 4.044
1638037260 29.73 53.33 1385 4.044
1638037320 30.31 51.9 1361 4.044
1638037380 30.99 50.28 1349 4.044
1638037440 31.5 48.98 1313 4.049
1638037500 31.92 48.29 1289 4.044
1638037560 32.52 48.09 1284 4.044
1638037620 32.22 45.66 1272 4.044
1638037680 32.12 48.03 260 4.044
1638037740 32.38 49.33 266 4.044
1638037800 31.87 45.84 272 4.044
1638037860 31.78 47.15 284 4.049
1638037920 31.2 47.86 332 4.044
1638037980 30.93 48.89 748 4.049
1638038040 30.72 48.6 1289 4.044
1638038100 30.53 49.4 385 4.044
1638038160 30.44 51.41 587 4.044
1638038220 30.81 50.06 1230 4.044
1638038280 31.05 50.88 1218 4.044
1638038340 31.41 48.59 1218 4.044
1638038400 31.67 49.01 1224 4.044
1638038460 31.36 48.23 1224 4.044
1638038520 31.29 47.89 1224 4.044
1638038580 31.56 48.05 1230 4.044
1638038640 32.15 45.98 1242 4.044
1638038700 32.25 47.83 1248 4.044
1638038760 32.29 46.54 1260 4.044
1638038820 32.12 46.13 1248 4.044
1638038880 31.37 48.03 1248 4.044
1638038940 30.85 47.71 1242 4.044
1638039000 30.98 47.46 1242 4.044
1638039060 31.54 48.57 1236 4.044
1638039120 31.44 47.7 474 4.044
1638039180 30.72 47.53 445 4.044
1638039240 30.3 49.49 1254 4.044
1638039300 30.71 49.3 1200 4.044
1638039360 30.62 47.2 1236 4.044
1638039420 30.55 47.22 1224 4.044
1638039480 30.64 48.07 1135 4.044
1638039540 31.12 47.82 361 4.044
1638039600 31.29 49.73 308 4.044
1638039660 31.27 50.22 302 4.044
1638039720 30.82 52.19 320 4.044
1638039780 30.54 51.66 332 4.044
1638039840 30.32 52.53 332 4.044
1638039900 30.16 53 302 4.044
1638039960 30.16 53.64 284 4.044
1638040020 30.11 53.22 1236 4.044
1638040080 29.79 53.91 1234 4.044
1638040140 29.47 55.66 1224 4.044
1638040200 29.25 55.75 1081 4.044
1638040260 28.94 57.56 427 4.044
1638040320 29.53 55.62 272 4.044
1638040380 29.63 56.26 332 4.044
1638040440 29.56 55.65 290 4.049
1638040500 29.84 56.2 302 4.044
1638040560 29.71 54.84 445 4.039
1638040620 29.72 55.02 1165 4.044
1638040680 29.73 55.6 641 4.044
1638040740 30.2 54.93 582 4.044
1638040800 30.37 54.93 1141 4.044
1638040860 30.72 54.77 1135 4.044
1638040920 30.57 54.32 1153 4.044
1638040980 30.35 55.75 1159 4.044
1638041040 30.64 56.82 1159 4.044
1638041100 30.14 55.04 1159 4.044
1638041160 29.73 56.03 1127 4.044
1638041220 29.53 57.69 1105 4.044
1638041280 29.75 57.61 1087 4.044
1638041340 30.09 56.62 1063 4.039
1638041400 30.6 55.77 1040 4.044
1638041460 30.61 56.09 1016 4.044
1638041520 30.61 54.89 1040 4.044
1638041580 30.96 55.08 1028 4.044
1638041640 31.16 53.94 1057 4.044
1638041700 31.12 54.48 1093 4.039
1638041760 31.41 53.31 1115 4.044
1638041820 31.57 54.38 1121 4.039
1638041880 30.9 55.3 865 4.044
1638041940 31.61 54.7 1069 4.044
1638042000 30.88 54.33 819 4.044
1638042060 30.69 56.28 1067 4.044
1638042120 30.24 54.97 1040 4.044
1638042180 30.2 57.54 1022 4.039
1638042240 30.78 57.22 1008 4.039
1638042300 30.88 55.43 990 4.039
1638042360 30.85 55.55 998 4.044
1638042420 31.15 55.11 996 4.039
1638042480 31.4 54.85 1010 4.039
1638042540 31.32 55.46 1004 4.044
1638042600 30.93 54.31 992 4.039
1638042660 30.35 56.48 978 4.039
1638042720 30.47 56.21 974 4.039
1638042780 29.87 57.43 966 4.039
1638042840 29.99 57.33 990 4.039
1638042900 29.68 59.66 1008 4.039
1638042960 30.06 58.03 1010 4.039
1638043020 30.41 56.56 992 4.039
1638043080 29.75 59.2 974 4.039
1638043140 29.05 59.55 933 4.039
1638043200 28.76 60.83 978 4.039
1638043260 29.28 60.47 968 4.039
1638043320 29.35 60.84 960 4.044
1638043380 29.04 60.44 933 4.039
1638043440 29.04 60.66 938 4.039
1638043500 28.78 61.37 938 4.039
1638043560 29.38 60.66 938 4.039
1638043620 29.72 59.72 944 4.044
1638043680 29.26 59.29 944 4.039
1638043740 28.94 60.63 944 4.039
1638043800 28.93 61.82 944 4.044
1638043860 29.22 60.29 956 4.044
1638043920 29.35 61.17 950 4.039
1638043980 28.87 60.17 944 4.039
1638044040 28.5 63.27 944 4.039
1638044100 28.94 60.51 944 4.044
1638044160 29.22 59.81 944 4.039
1638044220 29.1 59.4 944 4.039
1638044280 29.03 60.54 938 4.039
1638044340 28.57 61.98 938 4.039
1638044400 28.35 61.94 938 4.039
1638044460 28.78 63.31 938 4.039
1638044520 29.41 61.25 944 4.039
1638044580 29.32 59.1 950 4.039
1638044640 29.62 60.06 944 4.039
1638044700 30 59.86 938 4.039
1638044760 29.73 58.62 932 4.039
1638044820 29.65 59.43 926 4.039
1638044880 29.41 59.21 926 4.039
1638044940 28.96 62.18 920 4.039
1638045000 29.2 60.46 920 4.039
1638045060 28.96 60.65 920 4.039
1638045120 28.57 62.19 920 4.039
1638045180 28.73 60.8 920 4.039
1638045240 28.81 61.06 920 4.044
1638045300 28.86 60.22 920 4.039
1638045360 28.8 61.37 920 4.039
1638045420 28.63 62.17 926 4.039
1638045480 28.76 62.52 926 4.039
1638045540 28.55 61.3 938 4.039
1638045600 28.47 62.37 932 4.039
1638045660 28.25 62.87 932 4.039
1638045720 28.38 62.98 938 4.039
1638045780 28.74 61.89 920 4.039
1638045840 28.69 61.88 944 4.039
1638045900 28.84 63.35 938 4.039
1638045960 29.17 62.08 932 4.033
1638046020 29.45 60.84 920 4.039
1638046080 29.55 59.08 914 4.039
1638046140 29.59 60.55 926 4.039
1638046200 28.83 59.94 932 4.039
1638046260 28.53 62.18 966 4.039
1638046320 28.41 62.59 996 4.039
1638046380 28.49 63.17 1002 4.039
1638046440 28.96 62.35 990 4.039
1638046500 29.41 59.71 972 4.039
1638046560 29.15 60.45 938 4.039
1638046620 29.22 60.29 938 4.033
1638046680 28.9 60.76 938 4.039
1638046740 29.2 61.26 950 4.039
1638046800 29.83 58.77 978 4.033
1638046860 29.79 57.64 972 4.039
1638046920 29.61 58.05 948 4.039
1638046980 29.61 58.41 932 4.039
1638047040 29.22 58.66 938 4.039
1638047100 29.42 59.98 942 4.033
1638047160 29.13 58.74 950 4.039
1638047220 28.63 61.29 948 4.039
1638047280 29 61.26 944 4.039
1638047340 29.04 59.63 920 4.033
1638047400 28.89 60.16 918 4.033
1638047460 28.66 61.42 944 4.039
1638047520 28.9 60.64 942 4.039
1638047580 28.84 60.26 944 4.039
1638047640 28.96 60.42 942 4.033
1638047700 28.97 60.37 932 4.039
1638047760 28.97 61 924 4.039
1638047820 29.21 59.22 924 4.039
1638047880 29.07 59.77 932 4.033
1638047940 28.83 60.33 924 4.039
1638048000 28.83 60.89 914 4.033
1638048060 29.08 60.43 894 4.039
1638048120 29.24 59.46 888 4.039
1638048180 29.28 58.71 883 4.033
1638048240 28.56 58.87 882 4.033
1638048300 28.43 59.84 853 4.033
1638048360 28.14 61.69 876 4.033
1638048420 28.35 60.36 865 4.033
1638048480 28.35 61.15 847 4.033
1638048540 27.81 61.48 853 4.039
1638048600 28.09 62.72 859 4.039
1638048660 27.46 62.02 801 4.039
1638048720 27.41 63.57 704 4.033
1638048780 27.84 62.06 314 4.033
1638048840 27.68 63.82 545 4.033
1638048900 27.74 62.21 402 4.039
1638048960 27.74 62.88 640 4.039
1638049020 27.7 63.23 615 4.033
1638049080 27.88 63.13 587 4.033
1638049140 27.97 63.57 728 4.033
1638049200 28.25 62.26 835 4.039
1638049260 28.12 61.44 367 4.033
1638049320 28.07 62.41 302 4.033
1638049380 27.54 63.19 289 4.033
1638049440 27.46 65.14 289 4.039
1638049500 27.56 63.9 295 4.039
1638049560 27.46 63.68 307 4.033
1638049620 27.2 64.95 325 4.033
1638049680 27.26 64.8 349 4.033
1638049740 27.34 64.05 474 4.033
1638049800 27.23 64.66 450 4.033
1638049860 27.4 64.24 450 4.033
1638049920 27.22 64.27 597 4.033
1638049980 27.16 65.2 710 4.033
1638050040 27.33 63.97 853 4.033
1638050100 27.44 64.06 805 4.033
1638050160 27.26 64.26 640 4.033
1638050220 27.32 65.31 468 4.033
1638050280 27.87 64.09 403 4.033
1638050340 27.97 63.17 373 4.033
1638050400 27.92 62.23 355 4.033
1638050460 27.64 63.65 349 4.033
1638050520 27.29 64.2 379 4.039
1638050580 27.3 64.07 325 4.033
1638050640 27.33 64.36 301 4.033
1638050700 26.92 65.68 284 4.033
1638050760 27.06 65.15 266 4.033
1638050820 27.03 65.84 248 4.033
1638050880 26.98 66.29 230 4.033
1638050940 26.77 65.56 213 4.039
1638051000 26.4 67.39 195 4.039
1638051060 26.34 68.37 183 4.039
1638051120 26.27 67.96 171 4.039
1638051180 26.19 69.39 159 4.039
1638051240 26.08 69.33 147 4.039
1638051300 25.75 70.53 141 4.033
1638051360 25.85 70.62 135 4.039
1638051420 25.69 70.32 135 4.039
1638051480 25.59 70.86 129 4.039
1638051540 25.46 71.25 129 4.039
1638051600 25.51 71.92 129 4.039
1638051660 25.52 71.4 129 4.039
1638051720 25.45 71.91 129 4.033
1638051780 25.45 71.55 129 4.039
1638051840 25.38 71.46 129 4.039
1638051900 25.22 71.06 129 4.033
1638051960 25.22 71.5 129 4.039
1638052020 25.2 71.9 129 4.033
1638052080 25.31 71.45 129 4.039
1638052140 25.32 71.15 129 4.039
1638052200 25.11 72.12 123 4.039
1638052260 25.07 73.04 117 4.039
1638052320 25.14 72.34 117 4.039
1638052380 25.03 72.67 153 4.039
1638052440 25.07 72.77 189 4.039
1638052500 25.01 71.89 254 4.039
1638052560 24.88 72.39 189 4.039
1638052620 24.86 72.3 135 4.039
1638052680 24.87 72.3 123 4.039
1638052740 24.77 72.73 111 4.039
1638052800 24.81 72.93 111 4.039
1638052860 24.9 72.88 111 4.039
1638052920 25 72.53 111 4.039
1638052980 24.93 71.73 111 4.039
1638053040 24.88 72.09 111 4.039
1638053100 24.84 72.56 117 4.039
1638053160 24.86 71.63 147 4.039
1638053220 24.94 71.9 183 4.033
1638053280 25 71.6 212 4.039
1638053340 25.03 71.95 230 4.039
1638053400 25.03 71.44 260 4.039
1638053460 24.95 70.97 355 4.039
1638053520 24.98 71.48 343 4.039
1638053580 25.07 71.26 284 4.039
1638053640 25.1 71.18 272 4.039
1638053700 25.1 71.16 212 4.039
1638053760 25.01 71.57 171 4.039
1638053820 25.03 71.65 135 4.039
1638053880 25.06 71.87 147 4.039
1638053940 25.03 72.21 141 4.039
1638054000 24.98 72.13 165 4.039
1638054060 24.95 72.35 272 4.039
1638054120 24.98 72.1 319 4.039
1638054180 25.21 71.72 325 4.039
1638054240 25.29 71.36 308 4.039
1638054300 25.51 71.37 224 4.039
1638054360 25.44 71.02 260 4.039
1638054420 25.38 71.22 236 4.039
1638054480 25.28 71.17 242 4.039
1638054540 25.24 71.83 230 4.039
1638054600 25.39 71.45 218 4.039
1638054660 25.58 71.42 207 4.039
1638054720 25.65 70.49 171 4.039
1638054780 25.44 70.95 159 4.039
1638054840 25.21 71.46 212 4.039
1638054900 25.17 71.97 248 4.039
1638054960 25.18 72.32 248 4.039
1638055020 25.28 71.94 242 4.039
1638055080 25.44 72.48 236 4.039
1638055140 25.46 71.86 224 4.039
1638055200 25.44 72.58 159 4.033
1638055260 25.46 72.71 153 4.039
1638055320 25.38 73.55 123 4.039
1638055380 25.44 72.56 129 4.039
1638055440 25.34 72.7 117 4.039
1638055500 25.45 72.88 117 4.039
1638055560 25.34 72.56 105 4.033
1638055620 25.34 73.11 105 4.033
1638055680 25.36 73.5 105 4.039
1638055740 25.36 73.62 117 4.039
1638055800 25.27 73.4 94 4.039
1638055860 25.27 73.74 88 4.033
1638055920 24.97 74.21 82 4.039
1638055980 24.88 75.05 76 4.039
1638056040 24.88 74.45 70 4.033
1638056100 24.83 74.97 64 4.039
1638056160 24.73 74.92 58 4.039
1638056220 24.69 75.65 52 4.039
1638056280 24.57 75.38 46 4.033
1638056340 24.48 75.71 40 4.039
1638056400 24.39 76.07 40 4.033
1638056460 24.39 76.56 34 4.033
1638056520 24.38 76.94 34 4.033
1638056580 24.33 76.39 28 4.039
1638056640 24.3 76.3 28 4.039
1638056700 24.39 76.39 28 4.033
1638056760 24.48 76.63 22 4.039
1638056820 24.43 76.64 16 4.033
1638056880 24.4 76.16 16 4.039
1638056940 24.42 76.26 10 4.039
1638057000 24.38 75.99 4 4.039
1638057060 24.32 76.66 4 4.039
1638057120 24.3 76.24 4 4.033
1638057180 24.29 76.24 4 4.039
1638057240 24.18 76.57 4 4.033
1638057300 24.16 76.81 0 4.033
1638057360 24.15 76.6 0 4.033
1638057420 24.15 76.91 0 4.033
1638057480 24.12 77.13 0 4.039
1638057540 24.07 77.02 0 4.039
1638057600 24.04 77.36 0 4.039
1638057660 24.01 77.69 0 4.033
1638057720 23.97 77.9 0 4.033
1638057780 23.91 78.16 0 4.033
1638057840 23.87 78.11 0 4.033
1638057900 23.87 78.2 0 4.039
1638057960 23.82 78.47 0 4.039
1638058020 23.8 78.81 0 4.039
1638058080 23.71 79.06 0 4.039
1638058140 23.68 79.35 0 4.039
1638058200 23.65 79.71 0 4.033
1638058260 23.65 79.26 0 4.033
1638058320 23.7 79.31 0 4.033
1638058380 23.64 79.31 0 4.033
1638058440 23.65 79.39 0 4.033
1638058500 23.6 79.32 0 4.039
1638058560 23.63 79.54 0 4.033
1638058620 23.61 79.48 0 4.033
1638058680 23.61 79.96 0 4.033
1638058740 23.6 80.29 0 4.039
1638058800 23.54 80.02 0 4.033
1638058860 23.5 80.28 0 4.039
1638058920 23.47 80.87 0 4.039
1638058980 23.46 80.7 0 4.033
1638059040 23.39 80.81 0 4.039
1638059100 23.36 80.88 0 4.033
1638059160 23.37 81.12 0 4.033
1638059220 23.3 81.28 0 4.033
1638059280 23.27 81.66 0 4.033
1638059340 23.24 81.78 0 4.033
1638059400 23.23 82.05 0 4.039
1638059460 23.23 82.05 0 4.033
1638059520 23.24 82.16 0 4.039
1638059580 23.26 82.42 0 4.033
1638059640 23.16 82.76 0 4.033
1638059700 23.19 82.64 0 4.039
1638059760 23.1 82.9 0 4.033
1638059820 23.08 82.82 0 4.039
1638059880 23.12 83.21 0 4.033
1638059940 23.09 82.98 0 4.033
1638060000 23.06 83.39 0 4.033
1638060060 23.03 83.36 0 4.033
1638060120 23.02 83.44 0 4.033
1638060180 22.99 83.74 0 4.033
1638060240 22.98 83.78 0 4.033
1638060300 22.98 84.22 0 4.033
1638060360 22.99 84.78 0 4.033
1638060420 22.95 84.21 0 4.033
1638060480 22.95 84.17 0 4.033
1638060540 22.92 84.53 0 4.033
1638060600 22.91 84.26 0 4.033
1638060660 22.92 84.25 0 4.039
1638060720 22.95 83.91 0 4.039
1638060780 22.98 83.79 0 4.033
1638060840 22.98 83.74 0 4.039
1638060900 22.96 83.7 0 4.033
1638060960 22.93 84.01 0 4.033
1638061020 22.92 84.27 0 4.033
1638061080 22.89 84.29 0 4.039
1638061140 22.86 84.48 0 4.033
1638061200 22.82 84.73 0 4.033
1638061260 22.81 84.93 0 4.033
1638061320 22.81 85.21 0 4.033
1638061380 22.75 85.56 0 4.033
1638061440 22.69 86.04 0 4.033
1638061500 22.71 86.13 0 4.033
1638061560 22.65 85.95 0 4.033
1638061620 22.62 86.09 0 4.033
1638061680 22.59 86.07 0 4.033
1638061740 22.57 85.96 0 4.033
1638061800 22.55 85.99 0 4.033
1638061860 22.55 86.28 0 4.033
1638061920 22.55 86.76 0 4.033
1638061980 22.58 86.82 0 4.033
1638062040 22.59 86.4 0 4.033
1638062100 22.72 85.89 0 4.033
1638062160 22.69 85.63 0 4.033
1638062220 22.76 85.58 0 4.033
1638062280 22.79 85.73 0 4.033
1638062340 22.79 85.19 0 4.033
1638062400 22.79 85.45 0 4.033
1638062460 22.84 85.85 0 4.033
1638062520 22.82 85.31 0 4.033
1638062580 22.81 85.43 0 4.033
1638062640 22.84 85.64 0 4.033
1638062700 22.82 85.98 0 4.033
1638062760 22.81 85.68 0 4.033
1638062820 22.79 85.59 0 4.033
1638062880 22.81 85.7 0 4.033
1638062940 22.86 85.35 0 4.033
1638063000 22.93 85.09 0 4.033
1638063060 22.92 85 0 4.033
1638063120 22.91 85.37 0 4.033
1638063180 22.93 85.71 0 4.033
1638063240 23.02 85.6 0 4.033
1638063300 22.96 85.18 0 4.033
1638063360 22.93 85.09 0 4.033
1638063420 22.99 85.6 0 4.033
1638063480 22.99 85.31 0 4.033
1638063540 22.99 85.29 0 4.033
1638063600 22.98 85.22 0 4.039
1638063660 22.95 84.88 0 4.033
1638063720 22.95 84.71 0 4.033
1638063780 22.99 85.03 0 4.033
1638063840 22.98 84.81 0 4.033
1638063900 22.96 84.88 0 4.033
1638063960 22.99 85.14 0 4.033
1638064020 22.98 85.3 0 4.033
1638064080 22.95 85.14 0 4.033
1638064140 22.95 84.87 0 4.033
1638064200 22.96 84.97 0 4.033
1638064260 22.98 85.04 0 4.033
1638064320 22.95 85.71 0 4.033
1638064380 22.95 85.89 0 4.033
1638064440 22.85 85.77 0 4.033
1638064500 22.85 86.37 0 4.033
1638064560 22.81 86.11 0 4.033
1638064620 22.76 85.96 0 4.033
1638064680 22.75 86.21 0 4.033
1638064740 22.76 86.43 0 4.033
1638064800 22.75 86.62 0 4.033
1638064860 22.72 86.58 0 4.033
1638064920 22.74 86.7 0 4.033
1638064980 22.75 86.31 0 4.033
1638065040 22.72 86.33 0 4.033
1638065100 22.65 86.38 0 4.033
1638065160 22.62 86.79 0 4.033
1638065220 22.58 86.74 0 4.033
1638065280 22.58 87.22 0 4.033
1638065340 22.55 86.98 0 4.033
1638065400 22.52 87.11 0 4.033
1638065460 22.51 87.47 0 4.033
1638065520 22.48 87.64 0 4.033
1638065580 22.45 87.85 0 4.033
1638065640 22.5 87.84 0 4.033
1638065700 22.47 87.68 0 4.033
1638065760 22.44 88.07 0 4.033
1638065820 22.38 88.15 0 4.033
1638065880 22.38 88.23 0 4.033
1638065940 22.35 88.25 0 4.033
1638066000 22.35 88.36 0 4.033
1638066060 22.34 88.48 0 4.033
1638066120 22.35 88.81 0 4.033
1638066180 22.35 88.93 0 4.033
1638066240 22.38 88.65 0 4.033
1638066300 22.37 88.32 0 4.033
1638066360 22.4 88.32 0 4.033
1638066420 22.4 88.31 0 4.033
1638066480 22.41 88.24 0 4.033
1638066540 22.4 88.21 0 4.033
1638066600 22.4 88.42 0 4.033
1638066660 22.38 88.19 0 4.033
1638066720 22.38 88.57 0 4.033
1638066780 22.33 88.56 0 4.033
1638066840 22.27 88.68 0 4.033
1638066900 22.26 88.77 0 4.033
1638066960 22.21 88.8 0 4.033
1638067020 22.14 88.79 0 4.033
1638067080 22.13 89.01 0 4.033
1638067140 22.14 89.1 0 4.033
1638067200 22.11 89.28 0 4.033
1638067260 22.16 89.52 0 4.033
1638067320 22.17 89.47 0 4.033
1638067380 22.1 89.27 0 4.033
1638067440 22.11 89.3 0 4.033
1638067500 22.11 89.15 0 4.033
1638067560 22.1 89.21 0 4.033
1638067620 22.14 89.26 0 4.033
1638067680 22.2 89.33 0 4.033
1638067740 22.2 88.87 0 4.033
1638067800 22.17 88.96 0 4.033
1638067860 22.17 88.93 0 4.033
1638067920 22.17 88.76 0 4.033
1638067980 22.11 88.61 0 4.033
1638068040 22.14 88.64 0 4.033
1638068100 22.23 88.6 0 4.028
1638068160 22.23 88.58 0 4.033
1638068220 22.23 88.88 0 4.028
1638068280 22.21 88.57 0 4.033
1638068340 22.18 88.67 0 4.033
1638068400 22.18 88.69 0 4.028
1638068460 22.14 88.95 0 4.033
1638068520 22.16 88.9 0 4.028
1638068580 22.13 89.04 0 4.033
1638068640 22.1 89.17 0 4.033
1638068700 22.2 89.63 0 4.033
1638068760 22.28 89.29 0 4.033
1638068820 22.28 89.5 0 4.033
1638068880 22.24 89.39 0 4.033
1638068940 22.21 89.51 0 4.028
1638069000 22.21 89.6 0 4.028
1638069060 22.18 89.69 0 4.028
1638069120 22.17 89.79 0 4.028
1638069180 22.14 89.86 0 4.033
1638069240 22.17 90.34 0 4.033
1638069300 22.13 89.99 0 4.033
1638069360 22.1 90.12 0 4.028
1638069420 22.08 90.01 0 4.033
1638069480 22.04 90.02 0 4.033
1638069540 22.07 90.17 0 4.033
1638069600 22 90.29 0 4.033
1638069660 22.08 90.6 0 4.028
1638069720 22.07 90.21 0 4.028
1638069780 22.06 90.45 0 4.033
1638069840 22.03 90.55 0 4.033
1638069900 22.06 90.45 0 4.028
1638069960 22.06 90.61 0 4.028
1638070020 22.03 90.51 0 4.033
1638070080 22.03 90.72 0 4.028
1638070140 22.03 90.74 0 4.033
1638070200 22 90.82 0 4.028
1638070260 21.99 90.74 0 4.028
1638070320 21.99 90.77 0 4.028
1638070380 21.96 90.86 0 4.028
1638070440 21.95 90.82 0 4.033
1638070500 21.93 91.12 0 4.028
1638070560 21.96 91.03 0 4.033
1638070620 21.97 91.3 0 4.033
1638070680 21.95 91.21 0 4.033
1638070740 21.95 90.98 0 4.033
1638070800 21.92 90.97 0 4.028
1638070860 21.95 90.87 0 4.028
1638070920 21.92 90.72 0 4.033
1638070980 21.95 90.86 0 4.028
1638071040 21.95 90.81 0 4.028
1638071100 21.96 90.66 0 4.028
1638071160 21.92 90.79 0 4.028
1638071220 21.97 91.24 0 4.028
1638071280 21.93 91.28 0 4.028
1638071340 21.87 91.2 0 4.033
1638071400 21.77 91.43 0 4.033
1638071460 21.75 91.57 0 4.028
1638071520 21.71 91.88 0 4.028
1638071580 21.69 91.93 0 4.028
1638071640 21.71 91.87 0 4.028
1638071700 21.69 91.93 0 4.028
1638071760 21.66 91.85 0 4.028
1638071820 21.68 91.86 0 4.033
1638071880 21.71 91.87 0 4.028
1638071940 21.71 91.67 0 4.028
1638072000 21.69 91.7 0 4.028
1638072060 21.73 91.46 0 4.028
1638072120 21.73 91.6 0 4.033
1638072180 21.72 91.48 0 4.028
1638072240 21.73 91.27 0 4.028
1638072300 21.73 91.08 0 4.033
1638072360 21.76 91.17 0 4.028
1638072420 21.76 91.19 0 4.033
1638072480 21.77 91.04 0 4.028
1638072540 21.77 90.97 0 4.028
1638072600 21.79 91.01 0 4.028
1638072660 21.82 91.22 0 4.028
1638072720 21.87 91.42 0 4.028
1638072780 21.86 91.22 0 4.028
1638072840 21.92 91.33 0 4.028
1638072900 21.92 91.45 0 4.028
1638072960 21.96 91.58 0 4.028
1638073020 21.95 91.7 0 4.033
1638073080 21.95 91.79 0 4.028
1638073140 21.95 91.78 0 4.028
1638073200 21.92 91.61 0 4.028
1638073260 21.93 91.64 0 4.028
1638073320 21.92 91.61 0 4.028
1638073380 21.92 91.49 0 4.033
1638073440 21.9 91.4 0 4.028
1638073500 21.93 91.66 0 4.028
1638073560 21.92 91.63 0 4.028
1638073620 21.9 91.72 0 4.028
1638073680 21.87 91.5 0 4.028
1638073740 21.85 91.43 0 4.033
1638073800 21.95 91.49 0 4.028
1638073860 21.96 91.03 0 4.028
1638073920 21.95 90.93 0 4.028
1638073980 21.99 90.94 0 4.028
1638074040 21.97 90.97 0 4.028
1638074100 21.95 90.9 0 4.028
1638074160 21.95 90.82 0 4.028
1638074220 21.92 90.84 0 4.028
1638074280 21.9 90.88 0 4.028
1638074340 21.9 90.89 0 4.028
1638074400 21.87 90.96 0 4.028
1638074460 21.87 90.99 0 4.028
1638074520 21.87 91.11 0 4.028
1638074580 21.86 91.15 0 4.028
1638074640 21.85 91.29 0 4.028
1638074700 21.86 91.18 0 4.028
1638074760 21.85 91.21 0 4.028
1638074820 21.83 91.21 0 4.028
1638074880 21.8 91.18 0 4.028
1638074940 21.8 91.27 0 4.028
1638075000 21.79 91.25 0 4.028
1638075060 21.79 91.49 0 4.028
1638075120 21.8 91.74 0 4.028
1638075180 21.76 91.61 0 4.028
1638075240 21.79 92 0 4.028
1638075300 21.76 91.99 0 4.028
1638075360 21.75 92.05 0 4.028
1638075420 21.76 92.06 0 4.028
1638075480 21.75 92.13 0 4.028
1638075540 21.72 92.24 0 4.028
