1642050000 22.21 84.37 0 4.076
1642050060 22.21 84.37 0 4.076
1642050120 22.22 84.39 0 4.076
1642050180 22.21 84.45 0 4.076
1642050240 22.18 84.45 0 4.076
1642050300 22.16 84.46 0 4.076
1642050360 22.16 84.46 0 4.076
1642050420 22.14 84.44 0 4.076
1642050480 22.16 84.44 0 4.076
1642050540 22.16 84.43 0 4.076
1642050600 22.14 84.44 0 4.071
1642050660 22.14 84.42 0 4.076
1642050720 22.15 84.43 0 4.076
1642050780 22.15 84.4 0 4.076
1642050840 22.12 84.41 0 4.076
1642050900 22.12 84.4 0 4.076
1642050960 22.12 84.42 0 4.076
1642051020 22.12 84.4 0 4.076
1642051080 22.11 84.4 0 4.076
1642051140 22.12 84.38 0 4.076
1642051200 22.11 84.44 0 4.076
1642051260 22.11 84.43 0 4.065
1642051320 22.14 84.5 0 4.071
1642051380 22.12 84.53 0 4.076
1642051440 22.11 84.6 0 4.076
1642051500 22.18 84.7 0 4.076
1642051560 22.14 84.77 0 4.076
1642051620 22.15 84.88 0 4.076
1642051680 22.11 84.95 0 4.076
1642051740 22.14 85.07 0 4.076
1642051800 22.1 85.21 0 4.076
1642051860 22.07 85.34 0 4.076
1642051920 22.04 85.47 0 4.076
1642051980 22.03 85.58 0 4.076
1642052040 22.01 85.71 0 4.076
1642052100 22 85.81 0 4.076
1642052160 21.98 85.95 0 4.076
1642052220 21.97 86.09 0 4.071
1642052280 21.98 86.19 0 4.076
1642052340 21.94 86.3 0 4.076
1642052400 21.95 86.42 0 4.071
1642052460 21.95 86.54 0 4.076
1642052520 21.93 86.6 0 4.076
1642052580 21.94 86.73 0 4.076
1642052640 21.94 86.81 0 4.076
1642052700 21.95 86.95 0 4.076
1642052760 21.94 87.01 0 4.076
1642052820 21.95 87.1 0 4.076
1642052880 21.97 87.18 0 4.076
1642052940 21.98 87.24 0 4.076
1642053000 21.97 87.3 0 4.071
1642053060 22 87.37 0 4.071
1642053120 21.95 87.46 0 4.071
1642053180 21.98 87.52 0 4.076
1642053240 21.98 87.57 0 4.076
1642053300 21.98 87.62 0 4.071
1642053360 21.98 87.66 0 4.076
1642053420 21.97 87.75 0 4.076
1642053480 21.95 87.77 0 4.071
1642053540 21.97 87.85 0 4.071
1642053600 21.95 87.85 0 4.076
1642053660 22 87.91 0 4.071
1642053720 21.97 87.96 0 4.076
1642053780 21.95 87.98 0 4.076
1642053840 21.95 88 0 4.076
1642053900 21.93 88.01 0 4.076
1642053960 21.91 88.08 0 4.071
1642054020 21.91 88.06 0 4.071
1642054080 21.93 88.1 0 4.071
1642054140 21.93 88.07 0 4.071
1642054200 21.93 88.12 0 4.076
1642054260 21.93 88.08 0 4.071
1642054320 21.94 88.12 0 4.076
1642054380 21.93 88.14 0 4.076
1642054440 21.93 88.08 0 4.076
1642054500 21.97 88.1 0 4.076
1642054560 21.95 88.08 0 4.076
1642054620 21.95 88.13 0 4.071
1642054680 21.94 88.12 0 4.076
1642054740 21.94 88.11 0 4.071
1642054800 21.95 88.12 0 4.076
1642054860 21.97 88.16 0 4.065
1642054920 21.94 88.16 0 4.071
1642054980 21.94 88.13 0 4.071
1642055040 21.94 88.15 0 4.071
1642055100 21.94 88.12 0 4.071
1642055160 21.98 88.12 0 4.071
1642055220 21.94 88.11 0 4.071
1642055280 21.97 88.15 0 4.071
1642055340 21.94 88.08 0 4.071
1642055400 21.97 88.12 0 4.071
1642055460 21.98 88.08 0 4.071
1642055520 21.97 88.08 0 4.071
1642055580 21.93 88 0 4.071
1642055640 21.95 87.89 0 4.076
1642055700 21.95 87.85 0 4.071
1642055760 21.97 87.73 0 4.071
1642055820 21.95 87.7 0 4.071
1642055880 21.97 87.64 0 4.071
1642055940 22 87.49 0 4.071
1642056000 22 87.45 0 4.071
1642056060 22.01 87.33 0 4.071
1642056120 22 87.24 0 4.071
1642056180 22 87.14 0 4.071
1642056240 22.04 87 0 4.071
1642056300 22.01 86.85 0 4.076
1642056360 22.03 86.73 0 4.071
1642056420 22.04 86.59 0 4.071
1642056480 22.04 86.43 0 4.071
1642056540 22.05 86.32 0 4.071
1642056600 22.08 86.16 0 4.071
1642056660 22.08 86.09 0 4.065
1642056720 22.11 85.94 0 4.071
1642056780 22.12 85.85 0 4.071
1642056840 22.14 85.73 0 4.071
1642056900 22.11 85.64 0 4.071
1642056960 22.14 85.52 0 4.071
1642057020 22.12 85.42 0 4.071
1642057080 22.12 85.39 0 4.071
1642057140 22.14 85.3 0 4.071
1642057200 22.14 85.23 0 4.071
1642057260 22.1 85.14 0 4.076
1642057320 22.12 85.02 0 4.071
1642057380 22.14 84.95 0 4.071
1642057440 22.1 84.86 0 4.071
1642057500 22.12 84.75 0 4.071
1642057560 22.14 84.66 0 4.071
1642057620 22.14 84.6 0 4.071
1642057680 22.14 84.51 0 4.071
1642057740 22.15 84.43 0 4.071
1642057800 22.15 84.39 0 4.071
1642057860 22.15 84.31 0 4.071
1642057920 22.16 84.26 0 4.071
1642057980 22.16 84.23 0 4.065
1642058040 22.15 84.13 0 4.071
1642058100 22.16 84.1 0 4.071
1642058160 22.15 84.09 0 4.071
1642058220 22.15 84.02 0 4.071
1642058280 22.15 84.03 0 4.071
1642058340 22.15 83.99 0 4.071
1642058400 22.18 83.96 0 4.071
1642058460 22.15 83.98 0 4.065
1642058520 22.18 83.99 0 4.071
1642058580 22.16 84 0 4.071
1642058640 22.16 84.11 0 4.071
1642058700 22.12 84.15 0 4.071
1642058760 22.15 84.29 0 4.065
1642058820 22.08 84.42 0 4.071
1642058880 22.07 84.57 0 4.071
1642058940 22.03 84.73 0 4.071
1642059000 22.01 84.91 0 4.071
1642059060 21.94 85.13 0 4.071
1642059120 21.9 85.22 0 4.071
1642059180 21.88 85.41 0 4.071
1642059240 21.85 85.58 0 4.071
1642059300 21.85 85.76 0 4.071
1642059360 21.81 85.88 0 4.065
1642059420 21.79 86.07 0 4.071
1642059480 21.74 86.2 0 4.071
1642059540 21.76 86.36 0 4.071
1642059600 21.74 86.52 0 4.071
1642059660 21.7 86.67 0 4.071
1642059720 21.64 86.8 0 4.071
1642059780 21.65 86.92 0 4.071
1642059840 21.63 87.05 0 4.071
1642059900 21.57 87.13 0 4.065
1642059960 21.58 87.23 0 4.071
1642060020 21.57 87.33 0 4.071
1642060080 21.53 87.4 0 4.071
1642060140 21.54 87.49 0 4.071
1642060200 21.5 87.55 0 4.071
1642060260 21.54 87.64 0 4.065
1642060320 21.57 87.66 0 4.065
1642060380 21.56 87.78 0 4.071
1642060440 21.57 87.81 0 4.071
1642060500 21.56 87.9 0 4.071
1642060560 21.56 87.92 0 4.071
1642060620 21.56 87.96 0 4.065
1642060680 21.57 88.04 0 4.071
1642060740 21.58 88.07 0 4.071
1642060800 21.56 88.1 0 4.071
1642060860 21.57 88.12 0 4.071
1642060920 21.58 88.13 0 4.065
1642060980 21.61 88.22 0 4.071
1642061040 21.61 88.27 0 4.071
1642061100 21.61 88.26 0 4.071
1642061160 21.61 88.3 0 4.065
1642061220 21.61 88.32 0 4.071
1642061280 21.63 88.29 0 4.071
1642061340 21.64 88.34 0 4.071
1642061400 21.61 88.37 0 4.071
1642061460 21.64 88.4 0 4.071
1642061520 21.64 88.42 0 4.071
1642061580 21.61 88.46 0 4.065
1642061640 21.64 88.45 0 4.071
1642061700 21.64 88.5 0 4.071
1642061760 21.65 88.49 0 4.065
1642061820 21.64 88.5 0 4.065
1642061880 21.63 88.57 0 4.065
1642061940 21.64 88.57 0 4.065
1642062000 21.65 88.63 0 4.071
1642062060 21.65 88.68 0 4.065
1642062120 21.63 88.72 0 4.065
1642062180 21.61 88.74 0 4.065
1642062240 21.58 88.74 0 4.065
1642062300 21.6 88.79 0 4.065
1642062360 21.58 88.88 0 4.065
1642062420 21.58 88.89 0 4.065
1642062480 21.52 88.96 0 4.065
1642062540 21.5 89 0 4.065
1642062600 21.5 89.01 0 4.071
1642062660 21.49 89.09 0 4.065
1642062720 21.5 89.15 0 4.065
1642062780 21.5 89.22 0 4.065
1642062840 21.5 89.24 0 4.065
1642062900 21.47 89.31 0 4.065
1642062960 21.49 89.37 0 4.065
1642063020 21.52 89.43 0 4.065
1642063080 21.49 89.45 0 4.071
1642063140 21.5 89.5 0 4.071
1642063200 21.49 89.55 0 4.065
1642063260 21.5 89.56 0 4.065
1642063320 21.52 89.63 0 4.065
1642063380 21.53 89.66 0 4.065
1642063440 21.54 89.73 0 4.071
1642063500 21.57 89.77 0 4.065
1642063560 21.56 89.79 0 4.065
1642063620 21.54 89.83 0 4.071
1642063680 21.56 89.86 0 4.071
1642063740 21.54 89.9 0 4.071
1642063800 21.53 89.92 0 4.071
1642063860 21.52 89.93 0 4.065
1642063920 21.54 90 0 4.065
1642063980 21.54 90.04 0 4.065
1642064040 21.56 90.03 0 4.065
1642064100 21.56 90.06 0 4.065
1642064160 21.56 90.05 0 4.071
1642064220 21.54 90.08 0 4.065
1642064280 21.54 90.09 0 4.065
1642064340 21.56 90.11 0 4.065
1642064400 21.54 90.14 0 4.065
1642064460 21.54 90.16 0 4.065
1642064520 21.54 90.18 0 4.065
1642064580 21.54 90.19 0 4.071
1642064640 21.54 90.22 0 4.071
1642064700 21.54 90.23 0 4.065
1642064760 21.49 90.24 0 4.065
1642064820 21.54 90.25 0 4.065
1642064880 21.57 90.28 0 4.065
1642064940 21.57 90.25 0 4.065
1642065000 21.54 90.27 0 4.065
1642065060 21.5 90.27 0 4.065
1642065120 21.56 90.33 0 4.065
1642065180 21.56 90.33 0 4.065
1642065240 21.53 90.34 0 4.065
1642065300 21.53 90.38 0 4.065
1642065360 21.5 90.34 0 4.071
1642065420 21.52 90.38 0 4.065
1642065480 21.52 90.39 0 4.065
1642065540 21.52 90.4 0 4.065
1642065600 21.5 90.39 0 4.065
1642065660 21.52 90.43 0 4.065
1642065720 21.5 90.46 0 4.065
1642065780 21.44 90.41 0 4.065
1642065840 21.44 90.38 0 4.071
1642065900 21.47 90.35 0 4.065
1642065960 21.44 90.29 0 4.065
1642066020 21.46 90.22 0 4.065
1642066080 21.49 90.14 0 4.065
1642066140 21.56 90.13 0 4.065
1642066200 21.54 90.05 0 4.065
1642066260 21.54 90.03 0 4.065
1642066320 21.54 90.02 0 4.065
1642066380 21.52 90.01 0 4.065
1642066440 21.52 89.98 0 4.065
1642066500 21.52 89.94 0 4.065
1642066560 21.46 89.93 0 4.065
1642066620 21.47 89.97 0 4.065
1642066680 21.46 89.96 0 4.065
1642066740 21.44 89.98 0 4.065
1642066800 21.44 89.99 0 4.065
1642066860 21.43 90.02 0 4.065
1642066920 21.4 90.01 0 4.065
1642066980 21.42 90.08 0 4.065
1642067040 21.37 90.1 0 4.065
1642067100 21.36 90.11 0 4.065
1642067160 21.33 90.16 0 4.071
1642067220 21.33 90.17 0 4.065
1642067280 21.33 90.23 0 4.065
1642067340 21.32 90.24 0 4.065
1642067400 21.3 90.27 0 4.065
1642067460 21.32 90.33 0 4.065
1642067520 21.29 90.35 0 4.065
1642067580 21.3 90.42 0 4.065
1642067640 21.32 90.45 0 4.065
1642067700 21.29 90.46 0 4.065
1642067760 21.3 90.52 0 4.065
1642067820 21.29 90.53 0 4.065
1642067880 21.3 90.62 0 4.065
1642067940 21.29 90.62 0 4.065
1642068000 21.28 90.68 0 4.065
1642068060 21.28 90.71 0 4.065
1642068120 21.28 90.69 0 4.065
1642068180 21.28 90.72 0 4.065
1642068240 21.28 90.73 0 4.065
1642068300 21.29 90.72 0 4.065
1642068360 21.25 90.69 0 4.065
1642068420 21.25 90.68 0 4.065
1642068480 21.23 90.66 0 4.065
1642068540 21.25 90.66 0 4.06
1642068600 21.26 90.62 0 4.065
1642068660 21.26 90.57 0 4.065
1642068720 21.28 90.58 0 4.065
1642068780 21.33 90.55 0 4.065
1642068840 21.33 90.52 0 4.065
1642068900 21.33 90.51 0 4.065
1642068960 21.34 90.47 0 4.065
1642069020 21.32 90.5 0 4.065
1642069080 21.36 90.5 0 4.065
1642069140 21.37 90.5 0 4.065
1642069200 21.39 90.54 0 4.065
1642069260 21.37 90.55 0 4.065
1642069320 21.33 90.57 0 4.065
1642069380 21.33 90.62 0 4.065
1642069440 21.33 90.62 0 4.065
1642069500 21.33 90.65 0 4.065
1642069560 21.3 90.67 0 4.065
1642069620 21.32 90.68 0 4.06
1642069680 21.3 90.78 0 4.065
1642069740 21.3 90.79 0 4.065
1642069800 21.28 90.82 0 4.065
1642069860 21.26 90.86 0 4.065
1642069920 21.25 90.9 0 4.065
1642069980 21.23 90.91 0 4.065
1642070040 21.23 90.95 0 4.065
1642070100 21.25 91.01 0 4.06
1642070160 21.23 91.05 0 4.065
1642070220 21.26 91.07 0 4.065
1642070280 21.23 91.13 0 4.065
1642070340 21.23 91.15 0 4.065
1642070400 21.23 91.19 0 4.065
1642070460 21.23 91.21 0 4.065
1642070520 21.25 91.22 0 4.065
1642070580 21.23 91.27 0 4.065
1642070640 21.23 91.31 0 4.065
1642070700 21.23 91.32 0 4.065
1642070760 21.26 91.32 0 4.065
1642070820 21.26 91.36 0 4.065
1642070880 21.26 91.4 0 4.065
1642070940 21.28 91.41 0 4.065
1642071000 21.25 91.39 0 4.065
1642071060 21.19 91.41 0 4.065
1642071120 21.13 91.35 0 4.065
1642071180 21.14 91.28 0 4.065
1642071240 21.19 91.18 0 4.065
1642071300 21.22 91.14 0 4.065
1642071360 21.22 91.07 0 4.065
1642071420 21.23 91.03 0 4.065
1642071480 21.22 90.96 0 4.06
1642071540 21.25 90.87 0 4.065
1642071600 21.28 90.78 0 4.065
1642071660 21.29 90.75 0 4.065
1642071720 21.29 90.64 0 4.065
1642071780 21.32 90.63 0 4.065
1642071840 21.32 90.56 0 4.06
1642071900 21.29 90.51 4 4.065
1642071960 21.28 90.44 0 4.06
1642072020 21.28 90.38 0 4.065
1642072080 21.26 90.35 0 4.065
1642072140 21.3 90.35 0 4.065
1642072200 21.34 90.34 4 4.065
1642072260 21.32 90.3 0 4.065
1642072320 21.3 90.29 4 4.06
1642072380 21.33 90.3 4 4.06
1642072440 21.33 90.26 4 4.06
1642072500 21.34 90.29 4 4.065
1642072560 21.34 90.3 4 4.065
1642072620 21.34 90.32 4 4.065
1642072680 21.36 90.34 0 4.065
1642072740 21.36 90.36 4 4.065
1642072800 21.37 90.39 0 4.06
1642072860 21.33 90.42 4 4.06
1642072920 21.33 90.44 0 4.06
1642072980 21.33 90.49 4 4.065
1642073040 21.18 90.45 4 4.065
1642073100 21.13 90.4 4 4.06
1642073160 21.19 90.36 4 4.06
1642073220 21.19 90.29 4 4.065
1642073280 21.19 90.18 10 4.065
1642073340 21.25 90.11 10 4.065
1642073400 21.23 90.03 10 4.065
1642073460 21.22 89.93 10 4.065
1642073520 21.28 89.87 10 4.065
1642073580 21.25 89.75 10 4.065
1642073640 21.25 89.62 10 4.065
1642073700 21.25 89.52 10 4.065
1642073760 21.25 89.37 10 4.06
1642073820 21.29 89.34 4 4.065
1642073880 21.26 89.21 4 4.065
1642073940 21.22 89.13 4 4.065
1642074000 21.18 89.08 4 4.065
1642074060 21.14 89 4 4.065
1642074120 21.13 88.92 4 4.06
1642074180 21.12 88.93 4 4.065
1642074240 21.05 88.89 4 4.065
1642074300 20.96 88.85 4 4.06
1642074360 20.88 88.84 4 4.065
1642074420 20.86 88.86 4 4.06
1642074480 20.83 88.83 4 4.065
1642074540 20.82 88.84 4 4.06
1642074600 20.81 88.84 4 4.06
1642074660 20.82 88.85 4 4.06
1642074720 20.83 88.86 4 4.06
1642074780 20.75 88.87 4 4.06
1642074840 20.77 89 4 4.06
1642074900 20.72 89 4 4.065
1642074960 20.72 89.13 4 4.065
1642075020 20.74 89.25 4 4.065
1642075080 20.75 89.33 4 4.065
1642075140 20.77 89.47 4 4.06
1642075200 20.75 89.56 10 4.065
1642075260 20.77 89.7 4 4.065
1642075320 20.77 89.85 4 4.065
1642075380 20.77 89.98 4 4.06
1642075440 20.75 90.06 4 4.065
1642075500 20.72 90.19 4 4.06
1642075560 20.72 90.34 10 4.06
1642075620 20.71 90.46 4 4.06
1642075680 20.72 90.58 10 4.06
1642075740 20.74 90.69 4 4.06
1642075800 20.78 90.76 4 4.06
1642075860 20.72 90.87 4 4.065
1642075920 20.72 90.96 4 4.06
1642075980 20.74 91.02 4 4.06
1642076040 20.77 91.11 10 4.065
1642076100 20.83 91.22 10 4.06
1642076160 20.77 91.28 10 4.06
1642076220 20.79 91.3 10 4.065
1642076280 20.77 91.39 10 4.06
1642076340 20.75 91.44 10 4.06
1642076400 20.74 91.5 10 4.06
1642076460 20.75 91.59 16 4.06
1642076520 20.83 91.61 10 4.06
1642076580 20.86 91.7 16 4.06
1642076640 20.85 91.79 16 4.065
1642076700 20.81 91.84 16 4.06
1642076760 20.83 91.87 16 4.06
1642076820 20.93 91.96 16 4.06
1642076880 20.9 92 16 4.065
1642076940 20.9 92.07 16 4.06
1642077000 20.88 92.1 16 4.06
1642077060 20.95 92.17 16 4.065
1642077120 20.98 92.22 16 4.06
1642077180 20.98 92.25 16 4.065
1642077240 20.99 92.29 16 4.06
1642077300 20.99 92.32 16 4.06
1642077360 21 92.35 16 4.06
1642077420 21.02 92.37 16 4.06
1642077480 21.02 92.41 16 4.06
1642077540 21.02 92.45 10 4.06
1642077600 21.02 92.49 10 4.06
1642077660 20.99 92.5 10 4.06
1642077720 20.99 92.54 10 4.06
1642077780 20.99 92.54 10 4.06
1642077840 21.03 92.58 10 4.06
1642077900 21.03 92.6 16 4.06
1642077960 21.06 92.62 16 4.065
1642078020 21.12 92.62 16 4.06
1642078080 21.07 92.69 22 4.06
1642078140 21.14 92.74 22 4.06
1642078200 21.2 92.75 28 4.06
1642078260 21.19 92.79 28 4.06
1642078320 21.18 92.85 28 4.06
1642078380 21.2 92.86 28 4.06
1642078440 21.22 92.89 28 4.06
1642078500 21.18 92.92 28 4.065
1642078560 21.16 92.96 28 4.06
1642078620 21.19 92.97 28 4.06
1642078680 21.14 92.99 28 4.06
1642078740 21.19 93.02 28 4.06
1642078800 21.2 93.03 22 4.06
1642078860 21.22 93.03 22 4.065
1642078920 21.26 93.05 16 4.06
1642078980 21.32 93.09 16 4.06
1642079040 21.29 93.08 22 4.06
1642079100 21.25 93.07 22 4.06
1642079160 21.2 93.06 28 4.06
1642079220 21.26 93.08 28 4.06
1642079280 21.28 93.07 28 4.06
1642079340 21.29 93.08 22 4.06
1642079400 21.3 93.06 28 4.06
1642079460 21.32 93.04 28 4.06
1642079520 21.39 93.02 34 4.06
1642079580 21.39 93.03 34 4.06
1642079640 21.37 93.04 28 4.06
1642079700 21.34 93 28 4.06
1642079760 21.32 92.98 28 4.06
1642079820 21.32 92.98 22 4.06
1642079880 21.28 92.96 22 4.06
1642079940 21.29 92.93 22 4.06
1642080000 21.34 92.89 22 4.06
1642080060 21.36 92.8 22 4.06
1642080120 21.42 92.8 28 4.06
1642080180 21.4 92.72 28 4.06
1642080240 21.43 92.66 34 4.06
1642080300 21.34 92.64 34 4.06
1642080360 21.39 92.59 40 4.06
1642080420 21.34 92.54 40 4.06
1642080480 21.39 92.51 40 4.06
1642080540 21.33 92.48 40 4.06
1642080600 21.33 92.38 46 4.06
1642080660 21.39 92.38 46 4.06
1642080720 21.34 92.33 46 4.06
1642080780 21.33 92.26 52 4.06
1642080840 21.34 92.18 58 4.055
1642080900 21.4 92.13 64 4.06
1642080960 21.39 92.08 64 4.055
1642081020 21.44 92.03 70 4.06
1642081080 21.43 91.95 70 4.06
1642081140 21.43 91.92 70 4.06
1642081200 21.44 91.87 76 4.06
1642081260 21.5 91.77 76 4.06
1642081320 21.52 91.73 82 4.06
1642081380 21.56 91.66 88 4.06
1642081440 21.54 91.58 94 4.06
1642081500 21.54 91.54 94 4.06
1642081560 21.56 91.48 100 4.06
1642081620 21.58 91.43 106 4.06
1642081680 21.6 91.39 112 4.06
1642081740 21.68 91.32 118 4.06
1642081800 21.71 91.27 124 4.06
1642081860 21.76 91.24 118 4.06
1642081920 21.8 91.16 118 4.06
1642081980 21.83 91.09 112 4.06
1642082040 21.87 91.02 106 4.06
1642082100 21.94 91.01 94 4.06
1642082160 21.97 90.91 88 4.06
1642082220 22.01 90.86 88 4.06
1642082280 22.05 90.77 82 4.06
1642082340 22.08 90.67 82 4.06
1642082400 22.08 90.58 76 4.06
1642082460 22.11 90.51 82 4.06
1642082520 22.07 90.41 88 4.06
1642082580 22.14 90.34 88 4.06
1642082640 22.14 90.23 88 4.055
1642082700 22.15 90.16 88 4.06
1642082760 22.19 90.04 88 4.055
1642082820 22.28 89.97 94 4.06
1642082880 22.28 89.82 100 4.055
1642082940 22.27 89.76 100 4.06
1642083000 22.25 89.65 106 4.06
1642083060 22.27 89.59 112 4.06
1642083120 22.27 89.51 112 4.06
1642083180 22.35 89.4 118 4.06
1642083240 22.32 89.29 118 4.06
1642083300 22.31 89.18 124 4.06
1642083360 22.36 89.07 124 4.06
1642083420 22.35 88.97 124 4.06
1642083480 22.32 88.92 124 4.06
1642083540 22.31 88.84 124 4.06
1642083600 22.36 88.72 137 4.06
1642083660 22.41 88.66 143 4.06
1642083720 22.44 88.6 161 4.06
1642083780 22.39 88.51 177 4.065
1642083840 22.48 88.41 185 4.065
1642083900 22.52 88.35 197 4.065
1642083960 22.56 88.24 197 4.065
1642084020 22.58 88.2 191 4.065
1642084080 22.66 88.07 177 4.065
1642084140 22.69 88.02 171 4.065
1642084200 22.72 87.89 167 4.065
1642084260 22.82 87.68 167 4.06
1642084320 22.9 87.6 167 4.06
1642084380 22.95 87.45 167 4.065
1642084440 22.92 87.3 173 4.065
1642084500 23.03 87.18 179 4.06
1642084560 22.97 87.01 177 4.06
1642084620 22.97 86.88 167 4.065
1642084680 22.93 86.75 161 4.065
1642084740 22.89 86.62 161 4.065
1642084800 22.88 86.44 155 4.065
1642084860 22.97 86.35 155 4.06
1642084920 22.97 86.23 149 4.065
1642084980 23.02 86.1 155 4.06
1642085040 23.07 85.99 173 4.065
1642085100 23.07 85.92 173 4.06
1642085160 23.12 85.77 173 4.065
1642085220 23.14 85.66 179 4.065
1642085280 23.12 85.53 185 4.065
1642085340 23.19 85.43 185 4.065
1642085400 23.2 85.26 197 4.065
1642085460 23.3 85.17 207 4.065
1642085520 23.43 85.04 225 4.065
1642085580 23.53 84.96 213 4.065
1642085640 23.59 84.85 197 4.065
1642085700 23.56 84.64 179 4.065
1642085760 23.49 84.46 185 4.065
1642085820 23.56 84.31 197 4.065
1642085880 23.57 84.12 207 4.065
1642085940 23.65 83.99 213 4.071
1642086000 23.71 83.83 225 4.071
1642086060 23.72 83.63 239 4.071
1642086120 23.77 83.5 239 4.071
1642086180 23.74 83.28 233 4.071
1642086240 23.75 83.13 227 4.071
1642086300 23.78 82.99 231 4.065
1642086360 23.8 82.82 231 4.065
1642086420 23.81 82.64 243 4.071
1642086480 23.87 82.47 249 4.065
1642086540 23.94 82.34 243 4.071
1642086600 23.95 82.15 262 4.071
1642086660 23.95 81.92 298 4.076
1642086720 24.14 81.85 340 4.076
1642086780 24.19 81.6 340 4.076
1642086840 24.28 81.42 352 4.076
1642086900 24.42 81.24 430 4.076
1642086960 24.56 81.02 370 4.076
1642087020 24.53 80.73 310 4.076
1642087080 24.56 80.53 287 4.076
1642087140 24.73 80.28 293 4.076
1642087200 24.75 80.1 316 4.076
1642087260 24.7 79.81 334 4.076
1642087320 24.65 79.59 364 4.076
1642087380 24.63 79.29 396 4.082
1642087440 24.69 79.1 371 4.076
1642087500 24.86 78.96 358 4.076
1642087560 25.07 78.72 353 4.076
1642087620 25.2 78.48 334 4.076
1642087680 25.23 78.21 316 4.082
1642087740 25.27 77.92 317 4.076
1642087800 25.3 77.69 328 4.076
1642087860 25.37 77.45 334 4.082
1642087920 25.42 77.23 364 4.082
1642087980 25.45 76.97 408 4.082
1642088040 25.54 76.7 377 4.082
1642088100 25.65 76.45 420 4.082
1642088160 25.69 76.17 420 4.082
1642088220 25.69 75.91 390 4.082
1642088280 25.84 75.71 365 4.082
1642088340 25.96 75.5 371 4.082
1642088400 25.88 75.29 371 4.087
1642088460 25.84 75.03 527 4.087
1642088520 25.69 74.74 564 4.087
1642088580 25.98 74.57 510 4.092
1642088640 25.96 74.3 438 4.087
1642088700 25.91 74 426 4.087
1642088760 25.95 73.74 384 4.087
1642088820 25.96 73.54 305 4.082
1642088880 25.79 73.29 281 4.082
1642088940 25.81 73.07 275 4.082
1642089000 25.81 72.86 347 4.082
1642089060 25.81 72.74 347 4.082
1642089120 25.92 72.62 402 4.082
1642089180 25.95 72.39 347 4.082
1642089240 26.06 72.18 359 4.087
1642089300 25.98 71.96 341 4.087
1642089360 25.95 71.74 311 4.082
1642089420 25.99 71.57 335 4.082
1642089480 26.15 71.39 311 4.082
1642089540 26.22 71.15 371 4.082
1642089600 26.23 70.93 329 4.082
1642089660 26.12 70.68 450 4.087
1642089720 25.99 70.45 438 4.087
1642089780 26.12 70.26 658 4.076
1642089840 26.09 70.06 539 4.087
1642089900 26.28 69.86 798 4.087
1642089960 26.44 69.7 1002 4.087
1642090020 26.67 69.5 965 4.087
1642090080 26.9 69.29 929 4.082
1642090140 26.93 69.12 852 4.087
1642090200 27.18 68.9 293 4.082
1642090260 27.51 68.78 197 4.076
1642090320 27.31 68.52 191 4.076
1642090380 27.07 68.26 203 4.082
1642090440 26.69 68.08 209 4.082
1642090500 26.43 67.98 215 4.082
1642090560 26.5 67.87 221 4.082
1642090620 26.59 67.76 215 4.076
1642090680 26.33 67.65 221 4.076
1642090740 26.23 67.59 221 4.082
1642090800 26.19 67.49 239 4.082
1642090860 26.01 67.47 227 4.071
1642090920 25.98 67.38 227 4.076
1642090980 25.96 67.38 281 4.082
1642091040 25.89 67.32 353 4.082
1642091100 25.87 67.29 414 4.082
1642091160 26.02 67.29 317 4.082
1642091220 26.11 67.24 522 4.087
1642091280 26.26 67.17 521 4.087
1642091340 26.44 67.12 323 4.087
1642091400 26.57 67.03 874 4.076
1642091460 26.7 66.98 570 4.092
1642091520 26.87 66.95 1073 4.098
1642091580 27.01 66.84 1216 4.076
1642091640 27.24 66.7 1126 4.076
1642091700 27.48 66.64 281 4.087
1642091760 27.73 66.5 245 4.082
1642091820 27.78 66.35 227 4.076
1642091880 27.76 66.17 227 4.082
1642091940 27.64 66.07 233 4.082
1642092000 27.44 65.87 245 4.082
1642092060 27.37 65.74 239 4.082
1642092120 27.18 65.59 245 4.082
1642092180 27.01 65.48 251 4.082
1642092240 26.94 65.45 275 4.082
1642092300 26.9 65.39 838 4.076
1642092360 26.87 65.34 1150 4.076
1642092420 27.01 65.29 807 4.098
1642092480 27.24 65.32 233 4.082
1642092540 27.41 65.25 227 4.082
1642092600 27.43 65.18 227 4.082
1642092660 27.38 65.13 221 4.082
1642092720 27.17 65.11 209 4.082
1642092780 26.96 65.06 203 4.082
1642092840 27 65.02 209 4.082
1642092900 26.82 65.05 209 4.082
1642092960 26.69 65.06 209 4.082
1642093020 26.53 65.16 203 4.082
1642093080 26.25 65.24 203 4.082
1642093140 26.12 65.35 197 4.082
1642093200 26.01 65.51 191 4.082
1642093260 25.95 65.64 185 4.082
1642093320 25.92 65.69 718 4.076
1642093380 25.85 65.84 615 4.076
1642093440 25.87 66.01 868 4.076
1642093500 25.99 66.14 492 4.092
1642093560 26.06 66.26 408 4.092
1642093620 26.11 66.28 359 4.087
1642093680 26.15 66.3 560 4.098
1642093740 26.19 66.34 719 4.082
1642093800 26.32 66.34 852 4.076
1642093860 26.43 66.34 766 4.076
1642093920 26.63 66.29 624 4.098
1642093980 26.79 66.26 530 4.098
1642094040 26.9 66.2 486 4.092
1642094100 27.05 66.14 493 4.098
1642094160 27.13 66.04 463 4.092
1642094220 27.04 65.94 1198 4.076
1642094280 27.01 65.72 1204 4.076
1642094340 27.21 65.54 1281 4.076
1642094400 27.51 65.45 1126 4.076
1642094460 27.58 65.27 987 4.076
1642094520 27.79 65.08 299 4.087
1642094580 27.65 64.95 1007 4.082
1642094640 27.78 64.79 564 4.098
1642094700 27.84 64.57 1210 4.076
1642094760 28.03 64.44 1222 4.076
1642094820 27.96 64.2 1255 4.114
1642094880 28.15 64.04 1275 4.114
1642094940 28.43 63.83 1239 4.114
1642095000 28.61 63.58 444 4.087
1642095060 28.86 63.4 614 4.098
1642095120 28.81 63.12 1275 4.076
1642095180 28.64 62.85 1263 4.114
1642095240 28.93 62.66 462 4.092
1642095300 29.2 62.48 1067 4.082
1642095360 29.39 62.22 269 4.087
1642095420 29.63 61.92 1317 4.076
1642095480 29.47 61.66 1310 4.114
1642095540 29.49 61.39 420 4.092
1642095600 29.68 61.19 179 4.082
1642095660 29.79 60.91 758 4.098
1642095720 29.51 60.65 1133 4.082
1642095780 29.35 60.37 1319 4.076
1642095840 29.58 60.13 1311 4.076
1642095900 29.9 59.94 377 4.092
1642095960 29.82 59.7 227 4.082
1642096020 29.76 59.45 341 4.092
1642096080 29.25 59.13 1347 4.076
1642096140 29.52 59.04 1347 4.076
1642096200 29.32 58.81 1164 4.103
1642096260 29.73 58.75 209 4.076
1642096320 28.8 58.2 197 4.082
1642096380 28.71 58.17 155 4.082
1642096440 28.47 58.12 137 4.082
1642096500 28.27 58.05 143 4.082
1642096560 28.06 57.98 149 4.082
1642096620 27.96 57.96 161 4.082
1642096680 27.72 57.95 1233 4.076
1642096740 27.75 58.05 1239 4.076
1642096800 27.99 58.18 1248 4.076
1642096860 28.19 58.29 1257 4.076
1642096920 28.37 58.38 1275 4.076
1642096980 28.69 58.45 1281 4.076
1642097040 29.04 58.55 1293 4.076
1642097100 29.55 58.6 1281 4.082
1642097160 29.87 58.68 1239 4.076
1642097220 30.06 58.58 1224 4.076
1642097280 30.09 58.51 1216 4.082
1642097340 29.9 58.36 1252 4.082
1642097400 29.75 58.27 1067 4.082
1642097460 29.72 58.21 582 4.092
1642097520 29.59 58.06 667 4.092
1642097580 29.28 57.98 885 4.098
1642097640 29.18 57.92 450 4.087
1642097700 28.98 57.81 522 4.092
1642097880 28.84 57.82 414 4.092
1642097940 29.04 57.87 396 4.087
1642098000 28.86 57.86 414 4.087
1642098060 28.66 57.84 570 4.098
1642098120 28.78 57.85 740 4.098
1642098180 28.69 57.86 1311 4.076
1642098240 28.82 57.89 1349 4.082
1642098300 28.78 57.89 1323 4.076
1642098360 28.81 57.82 1331 4.076
1642098420 29.05 57.88 1236 4.092
1642098480 29.44 57.92 1295 4.103
1642098540 29.68 57.79 843 4.098
1642098600 29.75 57.7 957 4.098
1642098660 29.86 57.65 1164 4.103
1642098720 29.86 57.5 1290 4.082
1642098780 30.07 57.38 837 4.098
1642098840 30.41 57.27 1236 4.082
1642098900 30.81 57.2 1237 4.082
1642098960 31.24 57.01 1224 4.082
1642099020 31.51 56.75 1206 4.082
1642099080 31.05 56.39 1084 4.098
1642099140 31.01 56.19 263 4.087
1642099200 30.82 55.99 221 4.087
1642099260 30.74 55.73 215 4.087
1642099320 29.96 55.48 1145 4.082
1642099380 30.03 55.37 1103 4.082
1642099440 30.12 55.32 245 4.087
1642099500 30.33 55.24 522 4.092
1642099560 29.89 55.09 1194 4.082
1642099620 29.86 55.04 1152 4.082
1642099680 29.98 55.01 329 4.092
1642099740 30.15 55.06 269 4.087
1642099800 30.1 54.98 1139 4.082
1642099860 30.1 54.92 865 4.098
1642099920 30.3 54.9 1121 4.082
1642099980 30.24 54.82 1144 4.098
1642100040 30.23 54.73 516 4.087
1642100100 30.02 54.65 1176 4.082
1642100160 30.09 54.67 275 4.087
1642100220 29.86 54.63 251 4.087
1642100280 29.65 54.6 245 4.087
1642100340 29.24 54.55 221 4.087
1642100400 29 54.62 209 4.087
1642100460 28.73 54.68 203 4.087
1642100520 28.53 54.8 197 4.087
1642100580 28.45 54.94 215 4.087
1642100640 28.35 55.08 239 4.087
1642100700 28.22 55.28 1091 4.082
1642100760 28.26 55.43 293 4.087
1642100820 28.26 55.67 239 4.082
1642100880 28.39 55.86 673 4.092
1642100940 28.46 56 1019 4.082
1642101000 28.86 56.24 1011 4.082
1642101060 29.02 56.39 987 4.082
1642101120 29.35 56.56 971 4.082
1642101180 29.52 56.61 960 4.092
1642101240 29.8 56.72 956 4.092
1642101300 29.75 56.68 962 4.092
1642101360 29.8 56.56 968 4.092
1642101420 29.9 56.5 980 4.092
1642101480 30.02 56.4 980 4.092
1642101540 30 56.24 1010 4.092
1642101600 30.31 56.11 992 4.092
1642101660 30.19 55.91 1037 4.082
1642101720 30.27 55.76 883 4.092
1642101780 30.23 55.6 197 4.087
1642101840 30.07 55.49 263 4.087
1642101900 30.03 55.33 998 4.092
1642101960 30.15 55.27 1010 4.092
1642102020 30.28 55.14 1028 4.098
1642102080 30.47 55.06 1031 4.082
1642102140 30.68 54.92 1055 4.082
1642102200 30.82 54.78 1040 4.092
1642102260 31.18 54.63 871 4.092
1642102320 31.42 54.43 390 4.087
1642102380 30.79 54.14 257 4.087
1642102440 30.75 53.95 871 4.092
1642102500 30.78 53.75 233 4.087
1642102560 30.4 53.62 450 4.087
1642102620 30.15 53.45 179 4.087
1642102680 30.05 53.31 149 4.087
1642102740 29.93 53.29 137 4.087
1642102800 30.03 53.22 137 4.082
1642102860 29.59 53.11 149 4.087
1642102920 29.17 53.08 161 4.087
1642102980 28.69 53.02 179 4.087
1642103040 28.46 53.09 203 4.087
1642103100 28.18 53.15 944 4.092
1642103160 28.09 53.3 956 4.092
1642103220 28.22 53.47 402 4.092
1642103280 28.35 53.64 251 4.092
1642103340 28.37 53.76 191 4.087
1642103400 28.43 54.01 173 4.087
1642103460 28.3 54.15 173 4.087
1642103520 28.26 54.3 179 4.087
1642103580 28.05 54.47 167 4.087
1642103640 27.92 54.64 191 4.087
1642103700 27.94 54.85 889 4.092
1642103760 27.84 55.01 841 4.087
1642103820 27.91 55.19 840 4.087
1642103880 28.1 55.3 816 4.087
1642103940 28.42 55.53 816 4.087
1642104000 28.61 55.61 822 4.087
1642104060 28.84 55.7 846 4.087
1642104120 29.24 55.79 185 4.087
1642104180 29.39 55.74 858 4.087
1642104240 29.1 55.62 739 4.087
1642104300 29.35 55.62 233 4.087
1642104360 29.22 55.46 377 4.087
1642104420 29.25 55.36 852 4.092
1642104480 29.39 55.24 840 4.087
1642104540 29.39 55.13 847 4.092
1642104600 29.65 55.03 846 4.092
1642104660 29.82 54.92 858 4.092
1642104720 30.07 54.81 846 4.087
1642104780 29.9 54.72 829 4.092
1642104840 30.05 54.53 185 4.092
1642104900 30.07 54.38 173 4.087
1642104960 29.87 54.21 167 4.087
1642105020 29.52 54.07 179 4.087
1642105080 29.01 53.95 793 4.092
1642105140 29.25 53.94 588 4.092
1642105200 29.31 53.89 745 4.092
1642105260 29.12 53.83 775 4.092
1642105320 29.17 53.8 263 4.087
1642105380 29.26 53.86 179 4.087
1642105440 29.36 53.87 775 4.092
1642105500 29.08 53.83 185 4.092
1642105560 28.98 53.86 167 4.092
1642105620 28.84 53.9 384 4.092
1642105680 28.75 53.87 377 4.092
1642105740 28.96 53.96 757 4.092
1642105800 28.9 53.96 749 4.092
1642105860 29.11 54.05 749 4.092
1642105920 29.24 53.99 751 4.092
1642105980 29.65 54.01 751 4.092
1642106040 29.72 53.96 727 4.092
1642106100 29.38 53.88 709 4.092
1642106160 29.56 53.85 697 4.092
1642106220 29.71 53.83 673 4.092
1642106280 29.83 53.73 161 4.092
1642106340 29.89 53.62 118 4.087
1642106400 29.89 53.5 450 4.087
1642106460 29.75 53.44 112 4.087
1642106520 29.38 53.28 299 4.087
1642106580 29.07 53.21 329 4.087
1642106640 28.96 53.18 600 4.087
1642106700 29.04 53.2 606 4.087
1642106760 29.02 53.24 582 4.087
1642106820 29.02 53.2 462 4.092
1642106880 29 53.19 269 4.087
1642106940 28.91 53.15 197 4.087
1642107000 29.04 53.25 161 4.087
1642107060 28.98 53.31 76 4.087
1642107120 28.81 53.3 82 4.087
1642107180 28.54 53.38 100 4.082
1642107240 28.4 53.42 124 4.087
1642107300 28.26 53.53 131 4.087
1642107360 28.24 53.66 131 4.087
1642107420 28.12 53.79 100 4.087
1642107480 27.92 53.85 94 4.087
1642107540 27.85 54 88 4.087
1642107600 27.78 54.13 88 4.087
1642107660 27.72 54.27 94 4.087
1642107720 27.51 54.41 100 4.087
1642107780 27.44 54.63 106 4.087
1642107840 27.43 54.8 106 4.087
1642107900 27.41 54.99 106 4.087
1642107960 27.34 55.14 112 4.087
1642108020 27.28 55.36 112 4.087
1642108080 27.24 55.53 118 4.087
1642108140 27.17 55.71 131 4.087
1642108200 27.15 55.84 131 4.087
1642108260 27.17 56.03 137 4.087
1642108320 27.15 56.17 143 4.087
1642108380 26.96 56.33 143 4.087
1642108440 26.87 56.47 143 4.087
1642108500 26.8 56.62 143 4.087
1642108560 26.8 56.78 143 4.087
1642108620 26.7 56.91 143 4.087
1642108680 26.73 57.11 137 4.087
1642108740 26.73 57.25 137 4.087
1642108800 26.69 57.44 131 4.087
1642108860 26.63 57.55 131 4.087
1642108920 26.63 57.68 124 4.087
1642108980 26.67 57.82 124 4.087
1642109040 26.73 57.95 118 4.087
1642109100 26.72 58.11 118 4.087
1642109160 26.64 58.22 94 4.087
1642109220 26.63 58.28 94 4.087
1642109280 26.62 58.36 94 4.087
1642109340 26.62 58.45 88 4.087
1642109400 26.56 58.56 82 4.087
1642109460 26.54 58.64 82 4.087
1642109520 26.53 58.71 76 4.087
1642109580 26.5 58.81 76 4.087
1642109640 26.42 58.87 70 4.087
1642109700 26.36 58.98 70 4.082
1642109760 26.33 59.1 70 4.087
1642109820 26.3 59.15 70 4.087
1642109880 26.26 59.27 76 4.082
1642109940 26.21 59.43 76 4.087
1642110000 26.19 59.53 76 4.082
1642110060 26.08 59.62 76 4.082
1642110120 26.08 59.7 70 4.087
1642110180 26.05 59.84 64 4.087
1642110240 26.06 59.93 70 4.087
1642110300 26.06 60.01 70 4.087
1642110360 26.02 60.12 70 4.087
1642110420 25.98 60.19 76 4.087
1642110480 26.01 60.24 76 4.087
1642110540 25.98 60.32 64 4.087
1642110600 25.98 60.36 58 4.087
1642110660 25.95 60.45 52 4.087
1642110720 25.93 60.51 46 4.087
1642110780 25.91 60.57 40 4.087
1642110840 25.84 60.64 40 4.082
1642110900 25.77 60.71 40 4.087
1642110960 25.79 60.78 34 4.087
1642111020 25.75 60.87 40 4.087
1642111080 25.71 60.94 40 4.082
1642111140 25.65 60.99 46 4.087
1642111200 25.58 61.05 46 4.082
1642111260 25.54 61.15 46 4.087
1642111320 25.54 61.27 52 4.087
1642111380 25.52 61.31 46 4.082
1642111440 25.51 61.42 40 4.087
1642111500 25.51 61.52 40 4.087
1642111560 25.51 61.62 40 4.087
1642111620 25.47 61.71 40 4.087
1642111680 25.44 61.8 40 4.082
1642111740 25.38 61.84 40 4.082
1642111800 25.38 62 40 4.087
1642111860 25.4 62.09 40 4.087
1642111920 25.38 62.17 40 4.082
1642111980 25.37 62.29 34 4.087
1642112040 25.41 62.37 34 4.087
1642112100 25.36 62.45 34 4.087
1642112160 25.37 62.52 28 4.087
1642112220 25.37 62.61 22 4.087
1642112280 25.38 62.7 22 4.087
1642112340 25.4 62.75 22 4.087
1642112400 25.4 62.8 22 4.082
1642112460 25.41 62.89 28 4.087
1642112520 25.36 62.97 22 4.087
1642112580 25.3 63.05 22 4.087
1642112640 25.3 63.16 22 4.087
1642112700 25.26 63.23 16 4.082
1642112760 25.24 63.31 16 4.087
1642112820 25.27 63.4 16 4.087
1642112880 25.17 63.52 16 4.087
1642112940 25.13 63.56 16 4.082
1642113000 25.12 63.66 16 4.087
1642113060 25.06 63.73 10 4.087
1642113120 25.06 63.82 10 4.087
1642113180 25.04 63.92 10 4.087
1642113240 25 64 10 4.082
1642113300 24.94 64.1 10 4.082
1642113360 24.9 64.21 10 4.082
1642113420 24.9 64.29 4 4.087
1642113480 24.86 64.42 4 4.082
1642113540 24.86 64.5 4 4.087
1642113600 24.86 64.6 4 4.082
1642113660 24.86 64.7 4 4.082
1642113720 24.86 64.76 4 4.082
1642113780 24.85 64.87 4 4.082
1642113840 24.8 64.93 4 4.082
1642113900 24.76 65.03 4 4.087
1642113960 24.69 65.16 4 4.082
1642114020 24.63 65.23 4 4.082
1642114080 24.61 65.36 0 4.082
1642114140 24.56 65.44 4 4.082
1642114200 24.52 65.53 4 4.082
1642114260 24.49 65.65 0 4.087
1642114320 24.48 65.79 4 4.082
1642114380 24.42 65.85 0 4.082
1642114440 24.4 65.97 0 4.087
1642114500 24.39 66.05 0 4.087
1642114560 24.38 66.14 0 4.087
1642114620 24.39 66.28 0 4.082
1642114680 24.36 66.36 0 4.082
1642114740 24.33 66.43 0 4.087
1642114800 24.32 66.53 0 4.082
1642114860 24.31 66.64 0 4.082
1642114920 24.29 66.79 0 4.082
1642114980 24.28 66.9 0 4.082
1642115040 24.23 67.01 0 4.082
1642115100 24.18 67.11 0 4.082
1642115160 24.14 67.24 0 4.087
1642115220 24.11 67.36 0 4.082
1642115280 24.08 67.51 0 4.082
1642115340 24.07 67.64 0 4.082
1642115400 24.07 67.75 0 4.082
1642115460 24.02 67.9 0 4.082
1642115520 24.01 68.04 0 4.082
1642115580 24.01 68.17 0 4.082
1642115640 24.01 68.29 0 4.082
1642115700 24 68.42 0 4.087
1642115760 24.01 68.52 0 4.082
1642115820 24 68.63 0 4.082
1642115880 24 68.78 0 4.082
1642115940 23.95 68.9 0 4.082
1642116000 23.98 69.04 0 4.082
1642116060 23.98 69.17 0 4.082
1642116120 23.95 69.23 0 4.082
1642116180 23.92 69.39 0 4.082
1642116240 23.88 69.49 0 4.082
1642116300 23.87 69.59 0 4.082
1642116360 23.81 69.72 0 4.082
1642116420 23.8 69.81 0 4.082
1642116480 23.78 69.92 0 4.082
1642116540 23.74 70.04 0 4.082
1642116600 23.78 70.18 0 4.082
1642116660 23.77 70.27 0 4.082
1642116720 23.75 70.36 0 4.082
1642116780 23.85 70.48 0 4.082
1642116840 23.82 70.6 0 4.082
1642116900 23.81 70.7 0 4.082
1642116960 23.77 70.77 0 4.082
1642117020 23.81 70.85 0 4.082
1642117080 23.81 70.93 0 4.082
1642117140 23.81 71.07 0 4.082
1642117200 23.74 71.13 0 4.082
1642117260 23.78 71.2 0 4.082
1642117320 23.75 71.31 0 4.082
1642117380 23.75 71.38 0 4.082
1642117440 23.77 71.5 0 4.082
1642117500 23.75 71.58 0 4.082
1642117560 23.74 71.66 0 4.082
1642117620 23.75 71.77 0 4.082
1642117680 23.78 71.83 0 4.082
1642117740 23.78 71.91 0 4.082
1642117800 23.78 71.97 0 4.082
1642117860 23.77 72.05 0 4.082
1642117920 23.78 72.12 0 4.082
1642117980 23.82 72.2 0 4.082
1642118040 23.81 72.22 0 4.082
1642118100 23.8 72.26 0 4.082
1642118160 23.78 72.33 0 4.082
1642118220 23.77 72.36 0 4.082
1642118280 23.75 72.41 0 4.082
1642118340 23.71 72.49 0 4.082
1642118400 23.72 72.53 0 4.082
1642118460 23.71 72.55 0 4.082
1642118520 23.71 72.62 0 4.082
1642118580 23.77 72.62 0 4.082
1642118640 23.78 72.71 0 4.082
1642118700 23.8 72.74 0 4.082
1642118760 23.81 72.76 0 4.082
1642118820 23.8 72.81 0 4.082
1642118880 23.77 72.84 0 4.082
1642118940 23.8 72.88 0 4.082
1642119000 23.8 72.92 0 4.082
1642119060 23.8 72.95 0 4.082
1642119120 23.77 72.99 0 4.082
1642119180 23.77 73.06 0 4.082
1642119240 23.78 73.08 0 4.082
1642119300 23.82 73.15 0 4.076
1642119360 23.84 73.19 0 4.082
1642119420 23.82 73.19 0 4.082
1642119480 23.87 73.19 0 4.082
1642119540 23.87 73.24 0 4.082
1642119600 23.88 73.28 0 4.082
1642119660 23.88 73.28 0 4.082
1642119720 23.92 73.3 0 4.082
1642119780 23.91 73.38 0 4.082
1642119840 23.91 73.4 0 4.082
1642119900 23.91 73.43 0 4.082
1642119960 23.92 73.5 0 4.082
1642120020 23.94 73.49 0 4.076
1642120080 23.92 73.5 0 4.082
1642120140 23.94 73.53 0 4.082
1642120200 23.92 73.58 0 4.082
1642120260 23.91 73.56 0 4.082
1642120320 23.91 73.59 0 4.082
1642120380 23.89 73.64 0 4.082
1642120440 23.88 73.6 0 4.082
1642120500 23.88 73.63 0 4.082
1642120560 23.89 73.63 0 4.082
1642120620 23.89 73.62 0 4.082
1642120680 23.89 73.64 0 4.076
1642120740 23.91 73.65 0 4.082
1642120800 23.95 73.65 0 4.082
1642120860 23.92 73.65 0 4.082
1642120920 23.91 73.65 0 4.082
1642120980 23.91 73.68 0 4.076
1642121040 23.94 73.68 0 4.082
1642121100 23.92 73.74 0 4.076
1642121160 23.94 73.74 0 4.082
1642121220 23.95 73.76 0 4.082
1642121280 23.94 73.76 0 4.082
1642121340 23.94 73.84 0 4.082
1642121400 23.92 73.88 0 4.082
1642121460 23.94 74 0 4.076
1642121520 23.91 74.05 0 4.076
1642121580 23.91 74.1 0 4.076
1642121640 23.89 74.15 0 4.076
1642121700 23.88 74.19 0 4.082
1642121760 23.88 74.32 0 4.082
1642121820 23.82 74.41 0 4.082
1642121880 23.82 74.49 0 4.082
1642121940 23.81 74.55 0 4.082
1642122000 23.81 74.67 0 4.082
1642122060 23.8 74.76 0 4.082
1642122120 23.78 74.83 0 4.082
1642122180 23.77 74.9 0 4.082
1642122240 23.77 74.99 0 4.076
1642122300 23.77 75.07 0 4.082
1642122360 23.77 75.12 0 4.076
1642122420 23.74 75.22 0 4.082
1642122480 23.72 75.3 0 4.082
1642122540 23.72 75.38 0 4.082
1642122600 23.74 75.42 0 4.076
1642122660 23.7 75.5 0 4.082
1642122720 23.71 75.58 0 4.082
1642122780 23.7 75.67 0 4.082
1642122840 23.7 75.77 0 4.076
1642122900 23.7 75.82 0 4.076
1642122960 23.65 75.89 0 4.082
1642123020 23.65 75.96 0 4.076
1642123080 23.65 76.06 0 4.076
1642123140 23.63 76.15 0 4.082
1642123200 23.63 76.18 0 4.082
1642123260 23.64 76.24 0 4.076
1642123320 23.64 76.31 0 4.076
1642123380 23.61 76.4 0 4.076
1642123440 23.6 76.47 0 4.082
1642123500 23.59 76.51 0 4.076
1642123560 23.56 76.58 0 4.076
1642123620 23.54 76.67 0 4.076
1642123680 23.54 76.72 0 4.076
1642123740 23.51 76.78 0 4.076
1642123800 23.49 76.83 0 4.076
1642123860 23.49 76.9 0 4.076
1642123920 23.47 77 0 4.082
1642123980 23.46 77.06 0 4.076
1642124040 23.44 77.17 0 4.076
1642124100 23.43 77.22 0 4.076
1642124160 23.43 77.29 0 4.082
1642124220 23.39 77.38 0 4.076
1642124280 23.39 77.48 0 4.076
1642124340 23.4 77.57 0 4.076
1642124400 23.4 77.62 0 4.076
1642124460 23.37 77.7 0 4.076
1642124520 23.39 77.76 0 4.076
1642124580 23.34 77.78 0 4.076
1642124640 23.33 77.83 0 4.076
1642124700 23.31 77.82 0 4.076
1642124760 23.27 77.82 0 4.076
1642124820 23.23 77.79 0 4.076
1642124880 23.14 77.77 0 4.076
1642124940 23.12 77.78 0 4.082
1642125000 23.09 77.77 0 4.076
1642125060 23.1 77.78 0 4.076
1642125120 23.03 77.76 0 4.082
1642125180 23.02 77.78 0 4.076
1642125240 22.99 77.76 0 4.076
1642125300 22.96 77.76 0 4.076
1642125360 22.89 77.77 0 4.076
1642125420 22.88 77.86 0 4.076
1642125480 22.86 77.87 0 4.076
1642125540 22.8 77.89 0 4.076
1642125600 22.78 77.9 0 4.076
1642125660 22.79 77.94 0 4.076
1642125720 22.76 77.97 0 4.076
1642125780 22.72 77.96 0 4.076
1642125840 22.7 78.03 0 4.076
1642125900 22.69 78.03 0 4.076
1642125960 22.65 78.1 0 4.076
1642126020 22.63 78.11 0 4.082
1642126080 22.62 78.15 0 4.076
1642126140 22.61 78.19 0 4.076
1642126200 22.58 78.24 0 4.076
1642126260 22.56 78.31 0 4.076
1642126320 22.52 78.3 0 4.076
1642126380 22.48 78.36 0 4.076
1642126440 22.48 78.4 0 4.076
1642126500 22.48 78.45 0 4.076
1642126560 22.45 78.51 0 4.076
1642126620 22.44 78.57 0 4.076
1642126680 22.44 78.65 0 4.076
1642126740 22.42 78.69 0 4.082
1642126800 22.41 78.74 0 4.076
1642126860 22.42 78.81 0 4.076
1642126920 22.41 78.82 0 4.076
1642126980 22.44 78.88 0 4.076
1642127040 22.42 78.95 0 4.076
1642127100 22.48 78.99 0 4.076
1642127160 22.45 79.04 0 4.076
1642127220 22.46 79.09 0 4.076
1642127280 22.46 79.13 0 4.076
1642127340 22.46 79.16 0 4.076
1642127400 22.45 79.18 0 4.076
1642127460 22.44 79.18 0 4.076
1642127520 22.44 79.19 0 4.076
1642127580 22.44 79.23 0 4.076
1642127640 22.44 79.24 0 4.076
1642127700 22.46 79.27 0 4.076
1642127760 22.48 79.28 0 4.082
1642127820 22.48 79.29 0 4.076
1642127880 22.48 79.29 0 4.076
1642127940 22.48 79.29 0 4.082
1642128000 22.45 79.34 0 4.076
1642128060 22.45 79.33 0 4.076
1642128120 22.45 79.3 0 4.076
1642128180 22.45 79.31 0 4.076
1642128240 22.44 79.27 0 4.076
1642128300 22.44 79.32 0 4.076
1642128360 22.42 79.3 0 4.076
1642128420 22.41 79.3 0 4.076
1642128480 22.42 79.32 0 4.076
1642128540 22.42 79.28 0 4.076
1642128600 22.41 79.27 0 4.076
1642128660 22.39 79.27 0 4.076
1642128720 22.39 79.29 0 4.076
1642128780 22.35 79.25 0 4.076
1642128840 22.38 79.23 0 4.076
1642128900 22.39 79.22 0 4.076
1642128960 22.41 79.2 0 4.076
1642129020 22.39 79.19 0 4.076
1642129080 22.41 79.16 0 4.076
1642129140 22.41 79.12 0 4.071
1642129200 22.39 79.07 0 4.076
1642129260 22.42 79.06 0 4.076
1642129320 22.44 79.03 0 4.076
1642129380 22.42 78.99 0 4.076
1642129440 22.42 78.97 0 4.076
1642129500 22.44 78.94 0 4.076
1642129560 22.44 78.94 0 4.076
1642129620 22.42 78.95 0 4.076
1642129680 22.44 78.96 0 4.076
1642129740 22.42 78.95 0 4.076
1642129800 22.42 78.93 0 4.076
1642129860 22.42 78.94 0 4.076
1642129920 22.44 78.98 0 4.076
1642129980 22.42 78.99 0 4.076
1642130040 22.41 79.01 0 4.076
1642130100 22.44 79.04 0 4.076
1642130160 22.44 79.09 0 4.076
1642130220 22.42 79.1 0 4.076
1642130280 22.45 79.14 0 4.076
1642130340 22.42 79.14 0 4.076
1642130400 22.45 79.16 0 4.076
1642130460 22.46 79.18 0 4.076
1642130520 22.45 79.19 0 4.076
1642130580 22.45 79.2 0 4.071
1642130640 22.44 79.16 0 4.076
1642130700 22.45 79.2 0 4.076
1642130760 22.45 79.21 0 4.076
1642130820 22.45 79.16 0 4.076
1642130880 22.46 79.14 0 4.076
1642130940 22.45 79.18 0 4.076
1642131000 22.46 79.19 0 4.076
1642131060 22.45 79.19 0 4.076
1642131120 22.48 79.18 0 4.076
1642131180 22.49 79.17 0 4.071
1642131240 22.46 79.16 0 4.076
1642131300 22.49 79.18 0 4.076
1642131360 22.51 79.17 0 4.076
1642131420 22.48 79.18 0 4.076
1642131480 22.51 79.2 0 4.06
1642131540 22.52 79.22 0 4.071
1642131600 22.46 79.21 0 4.071
1642131660 22.51 79.21 0 4.076
1642131720 22.51 79.23 0 4.071
1642131780 22.51 79.27 0 4.071
1642131840 22.49 79.25 0 4.071
1642131900 22.51 79.25 0 4.076
1642131960 22.51 79.3 0 4.076
1642132020 22.52 79.31 0 4.076
1642132080 22.49 79.29 0 4.071
1642132140 22.51 79.39 0 4.071
1642132200 22.49 79.37 0 4.076
1642132260 22.49 79.46 0 4.076
1642132320 22.49 79.47 0 4.071
1642132380 22.46 79.49 0 4.071
1642132440 22.45 79.48 0 4.071
1642132500 22.42 79.47 0 4.071
1642132560 22.42 79.47 0 4.071
1642132620 22.42 79.48 0 4.071
1642132680 22.41 79.44 0 4.071
1642132740 22.41 79.41 0 4.071
1642132800 22.41 79.41 0 4.076
1642132860 22.39 79.35 0 4.071
1642132920 22.36 79.31 0 4.076
1642132980 22.38 79.28 0 4.071
1642133040 22.35 79.26 0 4.071
1642133100 22.36 79.27 0 4.071
1642133160 22.34 79.22 0 4.071
1642133220 22.36 79.18 0 4.071
1642133280 22.34 79.18 0 4.06
1642133340 22.35 79.12 0 4.071
1642133400 22.32 79.11 0 4.071
1642133460 22.35 79.06 0 4.071
1642133520 22.35 79.05 0 4.071
1642133580 22.36 78.95 0 4.071
1642133640 22.34 78.96 0 4.071
1642133700 22.36 78.92 0 4.071
1642133760 22.36 78.87 0 4.071
1642133820 22.34 78.8 0 4.071
1642133880 22.36 78.75 0 4.071
1642133940 22.38 78.73 0 4.071
1642134000 22.41 78.67 0 4.076
1642134060 22.35 78.66 0 4.076
1642134120 22.36 78.62 0 4.071
1642134180 22.36 78.55 0 4.06
1642134240 22.32 78.57 0 4.071
1642134300 22.35 78.54 0 4.071
1642134360 22.36 78.53 0 4.071
1642134420 22.34 78.48 0 4.071
1642134480 22.35 78.47 0 4.071
1642134540 22.35 78.46 0 4.071
1642134600 22.32 78.44 0 4.071
1642134660 22.34 78.41 0 4.071
1642134720 22.32 78.41 0 4.071
1642134780 22.28 78.4 0 4.071
1642134840 22.24 78.41 0 4.071
1642134900 22.22 78.41 0 4.071
1642134960 22.21 78.4 0 4.071
1642135020 22.19 78.45 0 4.071
1642135080 22.16 78.43 0 4.06
1642135140 22.11 78.53 0 4.071
1642135200 22.12 78.58 0 4.071
1642135260 22.08 78.6 0 4.071
1642135320 22.05 78.62 0 4.071
1642135380 22.04 78.71 0 4.071
1642135440 22.01 78.77 0 4.071
1642135500 21.98 78.8 0 4.065
1642135560 21.98 78.91 0 4.071
1642135620 21.94 79 0 4.071
1642135800 21.9 79 0 4.071
1642135860 21.88 79.08 0 4.071
1642135920 21.85 79.16 0 4.071
1642135980 21.85 79.25 0 4.071
1642136040 21.83 79.32 0 4.071
1642136100 21.83 79.4 0 4.065
1642136160 21.79 79.44 0 4.065
1642136220 21.79 79.54 0 4.071
1642136280 21.77 79.62 0 4.071
1642136340 21.76 79.69 0 4.071
