1637470800 20.59 93.95 0 4.033
1637470860 20.6 94.26 0 4.033
1637470920 20.62 94.12 0 4.033
1637470980 20.66 94.11 0 4.033
1637471040 20.67 94.17 0 4.033
1637471100 20.69 94 0 4.033
1637471160 20.74 94.47 0 4.033
1637471220 20.79 94.6 0 4.033
1637471280 20.74 94.54 0 4.033
1637471340 20.59 93.8 0 4.033
1637471400 20.53 93.99 0 4.033
1637471460 20.54 94.35 0 4.033
1637471520 20.63 94.77 0 4.033
1637471580 20.56 94.62 0 4.033
1637471640 20.57 94.59 0 4.033
1637471700 20.57 94.57 0 4.033
1637471760 20.6 94.81 0 4.028
1637471820 20.57 94.82 0 4.033
1637471880 20.53 94.64 0 4.033
1637471940 20.52 94.51 0 4.033
1637472000 20.53 95.09 0 4.033
1637472060 20.6 95.02 0 4.033
1637472120 20.62 95 0 4.033
1637472180 20.62 95.08 0 4.033
1637472240 20.63 95.02 0 4.033
1637472300 20.62 95.02 0 4.033
1637472360 20.62 95.28 0 4.028
1637472420 20.62 95.32 0 4.033
1637472480 20.65 95.41 0 4.033
1637472540 20.62 95.39 0 4.028
1637472600 20.62 95.53 0 4.033
1637472660 20.59 95.22 0 4.033
1637472720 20.56 95.31 0 4.033
1637472780 20.59 95.01 0 4.028
1637472840 20.43 93.61 0 4.033
1637472900 20.52 93.18 0 4.033
1637472960 20.56 92.52 0 4.033
1637473020 20.63 92.4 0 4.033
1637473080 20.7 92.59 0 4.033
1637473140 20.7 92.35 0 4.033
1637473200 20.79 92.26 0 4.033
1637473260 20.8 92.48 0 4.033
1637473320 20.74 92.78 0 4.028
1637473380 20.67 92.98 0 4.028
1637473440 20.59 93.46 0 4.028
1637473500 20.53 93.73 0 4.033
1637473560 20.52 94.05 0 4.033
1637473620 20.5 94.26 0 4.033
1637473680 20.54 94.52 0 4.033
1637473740 20.57 94.39 0 4.033
1637473800 20.56 94.28 0 4.033
1637473860 20.53 94.3 0 4.033
1637473920 20.56 94.3 0 4.033
1637473980 20.6 94.4 0 4.033
1637474040 20.56 94.36 0 4.033
1637474100 20.53 94.43 0 4.028
1637474160 20.54 94.63 0 4.033
1637474220 20.52 94.69 0 4.033
1637474280 20.5 94.81 0 4.033
1637474340 20.5 94.85 0 4.028
1637474400 20.47 95.06 0 4.033
1637474460 20.49 95.19 0 4.028
1637474520 20.47 95.24 0 4.028
1637474580 20.5 95.64 0 4.033
1637474640 20.44 95.24 0 4.033
1637474700 20.46 95.37 0 4.033
1637474760 20.47 95.29 0 4.033
1637474820 20.42 94.81 0 4.028
1637474880 20.38 94.28 0 4.033
1637474940 20.42 94.12 0 4.033
1637475000 20.56 94.43 0 4.028
1637475060 20.57 94.36 0 4.033
1637475120 20.59 94.36 0 4.033
1637475180 20.57 94.12 0 4.033
1637475240 20.59 94.44 0 4.033
1637475300 20.57 94.57 0 4.028
1637475360 20.56 94.75 0 4.033
1637475420 20.46 94.99 0 4.028
1637475480 20.44 95.16 0 4.028
1637475540 20.46 95.44 0 4.028
1637475600 20.43 95.57 0 4.033
1637475660 20.4 95.67 0 4.028
1637475720 20.42 95.79 0 4.028
1637475780 20.4 95.87 0 4.033
1637475840 20.38 95.96 0 4.028
1637475900 20.35 95.98 0 4.028
1637475960 20.32 96.15 0 4.033
1637476020 20.32 96.16 0 4.028
1637476080 20.32 96.26 0 4.033
1637476140 20.29 96.32 0 4.028
1637476200 20.29 96.46 0 4.028
1637476260 20.29 96.57 0 4.033
1637476320 20.29 96.49 0 4.028
1637476380 20.28 96.54 0 4.033
1637476440 20.28 96.68 0 4.028
1637476500 20.31 96.67 0 4.033
1637476560 20.25 96.5 0 4.028
1637476620 20.23 96.57 0 4.028
1637476680 20.25 96.52 0 4.028
1637476740 20.23 96.58 0 4.033
1637476800 20.23 96.55 0 4.028
1637476860 20.23 96.74 0 4.028
1637476920 20.23 96.6 0 4.033
1637476980 20.25 96.69 0 4.028
1637477040 20.22 96.65 0 4.028
1637477100 20.22 96.63 0 4.028
1637477160 20.19 96.59 0 4.028
1637477220 20.15 96.62 0 4.033
1637477280 20.14 96.71 0 4.028
1637477340 20.16 96.75 0 4.028
1637477400 20.12 96.69 0 4.033
1637477460 20.12 96.81 0 4.033
1637477520 20.15 96.81 0 4.028
1637477580 20.11 96.81 0 4.028
1637477640 20.09 96.72 0 4.028
1637477700 20.07 96.68 0 4.028
1637477760 20.05 96.86 0 4.033
1637477820 20.08 96.97 0 4.028
1637477880 20.01 96.84 0 4.028
1637477940 20.04 96.91 0 4.028
1637478000 20.05 97.03 0 4.028
1637478060 20.04 97.02 0 4.028
1637478120 20.04 97.01 0 4.028
1637478180 20.04 97.06 0 4.033
1637478240 20.01 97.1 0 4.033
1637478300 19.99 97.17 0 4.028
1637478360 20.02 97.21 0 4.028
1637478420 19.99 97.2 0 4.028
1637478480 19.96 97.25 0 4.028
1637478540 19.96 97.25 0 4.028
1637478600 19.96 97.26 0 4.028
1637478660 19.91 97.24 0 4.028
1637478720 19.88 97.2 0 4.028
1637478780 19.87 97.2 0 4.028
1637478840 19.96 97.41 0 4.028
1637478900 19.94 97.37 0 4.028
1637478960 19.95 97.41 0 4.028
1637479020 19.94 97.38 0 4.028
1637479080 19.95 97.44 0 4.028
1637479140 19.94 97.43 0 4.028
1637479200 19.92 97.51 0 4.028
1637479260 19.94 97.47 0 4.028
1637479320 19.91 97.42 0 4.028
1637479380 19.91 97.39 0 4.028
1637479440 19.91 97.31 0 4.028
1637479500 19.92 97.35 0 4.028
1637479560 19.95 97.38 0 4.028
1637479620 19.92 97.35 0 4.028
1637479680 19.96 97.27 0 4.028
1637479740 19.95 97.1 0 4.028
1637479800 19.96 97.25 0 4.028
1637479860 19.95 97.1 0 4.028
1637479920 19.96 97.23 0 4.028
1637479980 19.96 97.08 0 4.028
1637480040 19.91 97.01 0 4.028
1637480100 19.91 97.05 0 4.028
1637480160 19.92 97.09 0 4.028
1637480220 19.91 97.13 0 4.028
1637480280 19.92 97.09 0 4.028
1637480340 19.91 97.08 0 4.028
1637480400 19.91 97.11 0 4.028
1637480460 19.89 97.19 0 4.028
1637480520 19.92 97.18 0 4.028
1637480580 19.92 97.12 0 4.028
1637480640 19.92 97.18 0 4.028
1637480700 19.94 97.17 0 4.028
1637480760 19.89 97.13 0 4.028
1637480820 19.91 97.25 0 4.028
1637480880 19.91 97.19 0 4.028
1637480940 19.91 97.27 0 4.028
1637481000 19.85 97.23 0 4.028
1637481060 19.89 97.28 0 4.028
1637481120 19.85 97.25 0 4.028
1637481180 19.85 97.32 0 4.028
1637481240 19.82 97.29 0 4.028
1637481300 19.84 97.39 0 4.028
1637481360 19.82 97.41 0 4.028
1637481420 19.8 97.38 0 4.028
1637481480 19.81 97.41 0 4.028
1637481540 19.78 97.42 0 4.028
1637481600 19.78 97.41 0 4.028
1637481660 19.77 97.49 0 4.028
1637481720 19.78 97.52 0 4.028
1637481780 19.75 97.46 0 4.028
1637481840 19.8 97.57 0 4.028
1637481900 19.78 97.55 0 4.028
1637481960 19.77 97.51 0 4.028
1637482020 19.75 97.54 0 4.028
1637482080 19.77 97.66 0 4.028
1637482140 19.81 97.8 0 4.028
1637482200 19.8 97.65 0 4.028
1637482260 19.82 97.73 0 4.028
1637482320 19.81 97.64 0 4.028
1637482380 19.8 97.57 0 4.028
1637482440 19.74 97.56 0 4.028
1637482500 19.77 97.65 0 4.028
1637482560 19.78 97.62 0 4.028
1637482620 19.81 97.66 0 4.028
1637482680 19.8 97.61 0 4.028
1637482740 19.77 97.51 0 4.028
1637482800 19.75 97.59 0 4.028
1637482860 19.73 97.5 0 4.028
1637482920 19.7 97.47 0 4.028
1637482980 19.67 97.65 0 4.028
1637483040 19.74 97.67 0 4.028
1637483100 19.73 97.65 0 4.028
1637483160 19.74 97.68 0 4.028
1637483220 19.71 97.54 0 4.028
1637483280 19.67 97.45 0 4.028
1637483340 19.65 97.45 0 4.028
1637483400 19.65 97.64 0 4.028
1637483460 19.68 97.71 0 4.028
1637483520 19.68 97.66 0 4.028
1637483580 19.65 97.66 0 4.028
1637483640 19.67 97.67 0 4.028
1637483700 19.67 97.71 0 4.028
1637483760 19.73 97.9 0 4.028
1637483820 19.67 97.72 0 4.028
1637483880 19.65 97.68 0 4.028
1637483940 19.67 97.71 0 4.028
1637484000 19.65 97.7 0 4.028
1637484060 19.63 97.7 0 4.028
1637484120 19.63 97.67 0 4.022
1637484180 19.63 97.68 0 4.028
1637484240 19.65 97.73 0 4.028
1637484300 19.61 97.73 0 4.028
1637484360 19.63 97.78 0 4.028
1637484420 19.65 97.8 0 4.028
1637484480 19.63 97.73 0 4.028
1637484540 19.63 97.74 0 4.022
1637484600 19.58 97.81 0 4.028
1637484660 19.61 97.81 0 4.028
1637484720 19.6 97.82 0 4.022
1637484780 19.6 97.91 0 4.028
1637484840 19.57 97.84 0 4.028
1637484900 19.54 97.81 0 4.028
1637484960 19.57 97.86 0 4.022
1637485020 19.54 97.78 0 4.028
1637485080 19.57 97.88 0 4.028
1637485140 19.5 97.77 0 4.028
1637485200 19.49 97.65 0 4.028
1637485260 19.4 97.62 0 4.028
1637485320 19.4 97.77 0 4.028
1637485380 19.36 97.69 0 4.028
1637485440 19.33 97.66 0 4.028
1637485500 19.29 97.64 0 4.028
1637485560 19.26 97.59 0 4.028
1637485620 19.23 97.71 0 4.028
1637485680 19.23 97.72 0 4.028
1637485740 19.23 97.75 0 4.028
1637485800 19.2 97.72 0 4.028
1637485860 19.2 97.73 0 4.028
1637485920 19.2 97.8 0 4.028
1637485980 19.22 97.88 0 4.028
1637486040 19.29 98.08 0 4.028
1637486100 19.34 98.09 0 4.022
1637486160 19.33 98.08 0 4.022
1637486220 19.36 98.22 0 4.028
1637486280 19.38 98.22 0 4.028
1637486340 19.38 98.22 0 4.028
1637486400 19.41 98.23 0 4.022
1637486460 19.38 98.21 0 4.028
1637486520 19.38 98.18 0 4.028
1637486580 19.38 98.16 0 4.022
1637486640 19.37 98.23 0 4.028
1637486700 19.4 98.28 0 4.022
1637486760 19.41 98.27 0 4.022
1637486820 19.4 98.25 0 4.022
1637486880 19.43 98.25 0 4.028
1637486940 19.41 98.27 0 4.028
1637487000 19.44 98.21 0 4.022
1637487060 19.44 98.21 0 4.028
1637487120 19.46 98.15 0 4.028
1637487180 19.46 98.09 0 4.028
1637487240 19.47 98.03 0 4.022
1637487300 19.46 98 0 4.028
1637487360 19.47 98.01 0 4.028
1637487420 19.41 97.87 0 4.022
1637487480 19.43 97.89 0 4.028
1637487540 19.47 97.81 0 4.022
1637487600 19.41 97.7 0 4.022
1637487660 19.36 97.71 0 4.022
1637487720 19.36 97.67 0 4.022
1637487780 19.33 97.67 0 4.022
1637487840 19.33 97.68 0 4.022
1637487900 19.3 97.73 0 4.028
1637487960 19.25 97.65 0 4.022
1637488020 19.22 97.7 0 4.028
1637488080 19.23 97.75 0 4.022
1637488140 19.3 98.03 0 4.028
1637488200 19.3 98.07 0 4.028
1637488260 19.33 98.1 0 4.028
1637488320 19.38 98.19 0 4.028
1637488380 19.36 98.09 0 4.028
1637488440 19.34 97.98 0 4.022
1637488500 19.32 97.98 0 4.022
1637488560 19.3 97.95 0 4.022
1637488620 19.3 98.03 0 4.022
1637488680 19.27 98 0 4.022
1637488740 19.26 97.95 0 4.028
1637488800 19.2 97.91 0 4.022
1637488860 19.2 97.98 0 4.022
1637488920 19.22 97.96 0 4.022
1637488980 19.16 97.95 0 4.022
1637489040 19.13 97.96 0 4.022
1637489100 19.09 97.88 0 4.028
1637489160 19.09 98.02 0 4.028
1637489220 19.1 97.99 0 4.028
1637489280 19.09 98.08 0 4.028
1637489340 19.12 98.08 0 4.028
1637489400 19.15 98.09 0 4.022
1637489460 19.16 98.13 0 4.022
1637489520 19.17 98.05 0 4.022
1637489580 19.17 97.99 0 4.022
1637489640 19.2 97.99 0 4.022
1637489700 19.2 97.87 0 4.022
1637489760 19.19 97.83 0 4.022
1637489820 19.17 97.78 0 4.022
1637489880 19.16 97.64 0 4.022
1637489940 19.17 97.59 0 4.022
1637490000 19.16 97.67 0 4.022
1637490060 19.19 97.58 0 4.022
1637490120 19.16 97.44 0 4.022
1637490180 19.17 97.5 0 4.028
1637490240 19.15 97.54 0 4.022
1637490300 19.15 97.61 0 4.022
1637490360 19.13 97.61 0 4.022
1637490420 19.15 97.72 0 4.022
1637490480 19.17 97.77 0 4.028
1637490540 19.15 97.8 0 4.022
1637490600 19.19 97.91 0 4.022
1637490660 19.17 97.95 0 4.022
1637490720 19.2 97.9 0 4.022
1637490780 19.22 97.87 0 4.022
1637490840 19.17 97.85 0 4.022
1637490900 19.22 97.89 0 4.022
1637490960 19.2 97.82 0 4.022
1637491020 19.2 97.72 0 4.022
1637491080 19.26 97.86 0 4.022
1637491140 19.27 97.81 0 4.022
1637491200 19.29 97.78 0 4.022
1637491260 19.29 97.69 0 4.022
1637491320 19.3 97.64 0 4.022
1637491380 19.29 97.48 0 4.022
1637491440 19.26 97.42 0 4.022
1637491500 19.26 97.36 0 4.022
1637491560 19.25 97.45 0 4.022
1637491620 19.27 97.52 0 4.022
1637491680 19.3 97.49 0 4.022
1637491740 19.3 97.42 0 4.022
1637491800 19.3 97.35 0 4.022
1637491860 19.3 97.29 0 4.022
1637491920 19.26 97.18 0 4.022
1637491980 19.27 97.23 0 4.022
1637492040 19.3 97.32 0 4.022
1637492100 19.29 97.33 0 4.022
1637492160 19.3 97.25 0 4.022
1637492220 19.26 97.22 0 4.022
1637492280 19.25 97.22 0 4.022
1637492340 19.29 97.17 0 4.022
1637492400 19.3 97.17 0 4.022
1637492460 19.37 97.12 0 4.022
1637492520 19.4 96.96 0 4.022
1637492580 19.37 96.6 0 4.022
1637492640 19.4 96.63 0 4.022
1637492700 19.4 96.42 0 4.022
1637492760 19.46 96.36 0 4.022
1637492820 19.47 96.31 0 4.022
1637492880 19.43 96.1 0 4.028
1637492940 19.41 96.11 0 4.022
1637493000 19.38 96.11 0 4.022
1637493060 19.3 96.12 0 4.022
1637493120 19.23 96.13 0 4.022
1637493180 19.1 96.2 0 4.022
1637493240 19.05 96.3 0 4.022
1637493300 19.05 96.7 0 4.022
1637493360 19.02 96.5 0 4.022
1637493420 19.01 96.66 0 4.022
1637493480 19.01 96.73 0 4.028
1637493540 19.01 96.88 0 4.022
1637493600 18.95 96.88 0 4.022
1637493660 18.95 96.95 0 4.022
1637493720 18.94 96.99 0 4.022
1637493780 18.92 97.01 0 4.022
1637493840 18.91 96.99 0 4.022
1637493900 18.91 97.18 0 4.022
1637493960 18.94 97.12 0 4.022
1637494020 18.89 97.29 0 4.022
1637494080 18.86 97.16 0 4.022
1637494140 18.84 97.24 0 4.022
1637494200 18.79 97.17 0 4.022
1637494260 18.75 97.11 0 4.022
1637494320 18.74 97.33 0 4.022
1637494380 18.76 97.36 0 4.022
1637494440 18.74 97.39 0 4.022
1637494500 18.78 97.63 0 4.022
1637494560 18.81 97.74 0 4.022
1637494620 18.81 97.71 0 4.022
1637494680 18.76 97.55 0 4.022
1637494740 18.71 97.47 0 4.022
1637494800 18.69 97.47 0 4.022
1637494860 18.64 97.44 0 4.022
1637494920 18.61 97.48 0 4.022
1637494980 18.59 97.57 0 4.022
1637495040 18.54 97.52 0 4.022
1637495100 18.52 97.65 0 4.022
1637495160 18.62 97.96 0 4.022
1637495220 18.65 97.97 0 4.022
1637495280 18.65 98.03 0 4.022
1637495340 18.65 98.04 0 4.022
1637495400 18.69 98.18 0 4.022
1637495460 18.71 98.06 0 4.022
1637495520 18.72 98.03 0 4.022
1637495580 18.74 97.94 0 4.022
1637495640 18.69 97.83 0 4.022
1637495700 18.71 97.95 0 4.022
1637495760 18.75 97.99 0 4.017
1637495820 18.74 97.73 0 4.022
1637495880 18.67 97.64 0 4.022
1637495940 18.62 97.59 0 4.022
1637496000 18.62 97.63 0 4.022
1637496060 18.57 97.63 4 4.022
1637496120 18.55 97.63 4 4.022
1637496180 18.5 97.54 4 4.022
1637496240 18.5 97.65 4 4.022
1637496300 18.5 97.75 4 4.022
1637496360 18.46 97.63 4 4.022
1637496420 18.44 97.59 4 4.022
1637496480 18.41 97.56 4 4.022
1637496540 18.37 97.56 10 4.022
1637496600 18.4 97.67 10 4.022
1637496660 18.36 97.64 10 4.022
1637496720 18.4 97.82 10 4.022
1637496780 18.44 97.93 10 4.022
1637496840 18.47 98 10 4.022
1637496900 18.54 98.02 16 4.022
1637496960 18.55 97.97 16 4.022
1637497020 18.57 98.03 16 4.022
1637497080 18.59 98.02 16 4.022
1637497140 18.68 98.14 16 4.022
1637497200 18.74 98.15 16 4.022
1637497260 18.72 97.88 16 4.022
1637497320 18.72 97.86 16 4.022
1637497380 18.71 97.83 16 4.022
1637497440 18.72 97.82 16 4.022
1637497500 18.76 97.92 16 4.022
1637497560 18.76 97.89 16 4.022
1637497620 18.82 97.93 22 4.022
1637497680 18.84 97.95 28 4.022
1637497740 18.89 97.89 34 4.022
1637497800 18.94 97.89 34 4.022
1637497860 18.99 97.73 34 4.022
1637497920 18.99 97.71 34 4.022
1637497980 19.01 97.63 34 4.022
1637498040 19.09 97.76 28 4.022
1637498100 19.12 97.54 28 4.022
1637498160 19.13 97.53 28 4.022
1637498220 19.17 97.51 28 4.017
1637498280 19.23 97.57 34 4.022
1637498340 19.3 97.55 34 4.022
1637498400 19.34 97.36 34 4.022
1637498460 19.32 97.17 40 4.017
1637498520 19.37 97.24 40 4.022
1637498580 19.4 97.22 40 4.022
1637498640 19.37 97.05 46 4.017
1637498700 19.43 97.15 46 4.017
1637498760 19.46 97.1 52 4.017
1637498820 19.47 97.06 58 4.022
1637498880 19.5 96.89 64 4.022
1637498940 19.46 96.73 70 4.022
1637499000 19.5 96.81 76 4.017
1637499060 19.57 96.77 76 4.022
1637499120 19.63 96.67 75 4.022
1637499180 19.68 96.72 76 4.022
1637499240 19.68 96.66 76 4.022
1637499300 19.7 96.43 70 4.017
1637499360 19.54 96.01 75 4.022
1637499420 19.56 96.2 70 4.017
1637499480 19.56 96.22 76 4.017
1637499540 19.52 95.98 75 4.022
1637499600 19.49 95.82 76 4.017
1637499660 19.46 95.8 70 4.022
1637499720 19.49 95.91 70 4.017
1637499780 19.49 95.74 75 4.017
1637499840 19.56 96.07 76 4.017
1637499900 19.5 95.79 81 4.022
1637499960 19.5 95.79 93 4.022
1637500020 19.53 95.82 123 4.022
1637500080 19.58 95.8 164 4.022
1637500140 19.57 95.64 194 4.022
1637500200 19.63 95.51 188 4.022
1637500260 19.71 95.57 147 4.022
1637500320 19.87 95.17 111 4.022
1637500380 19.91 95.38 111 4.022
1637500440 20.04 95.44 105 4.022
1637500500 19.91 94.19 93 4.022
1637500560 19.89 94.03 99 4.022
1637500620 19.96 94.42 123 4.017
1637500680 20.02 93.93 123 4.022
1637500740 20.08 93.99 141 4.017
1637500800 20.04 93.84 153 4.022
1637500860 20.05 93.39 147 4.022
1637500920 20.14 93.42 170 4.022
1637500980 20.22 92.05 194 4.022
1637501040 20.47 93.35 159 4.022
1637501100 20.56 91.78 105 4.022
1637501160 20.8 91.88 93 4.017
1637501220 20.84 92.12 99 4.022
1637501280 20.97 92.45 117 4.022
1637501340 21 92.09 117 4.017
1637501400 20.93 91.09 117 4.022
1637501460 20.98 91.54 111 4.022
1637501520 21.1 91.45 135 4.022
1637501580 21.15 90.74 188 4.022
1637501640 21.31 91.14 277 4.022
1637501700 21.29 89.88 313 4.028
1637501760 21.28 88.17 319 4.028
1637501820 21.32 87.82 319 4.033
1637501880 21.56 89.1 325 4.028
1637501940 21.58 86.77 325 4.028
1637502000 21.49 85.46 331 4.028
1637502060 21.56 85.56 331 4.033
1637502120 21.62 84.95 337 4.033
1637502180 21.72 85.42 343 4.033
1637502240 21.79 84.37 349 4.033
1637502300 22.14 84.74 355 4.033
1637502360 22.33 83.42 355 4.033
1637502420 22.55 82.36 361 4.033
1637502480 22.74 81.81 367 4.033
1637502540 22.88 80.83 373 4.033
1637502600 22.99 78.54 373 4.033
1637502660 22.84 79.04 379 4.039
1637502720 22.65 79.31 385 4.039
1637502780 22.55 78.96 391 4.033
1637502840 22.57 78.26 391 4.033
1637502900 22.64 78.42 390 4.033
1637502960 22.84 78.76 390 4.033
1637503020 22.88 77.22 391 4.039
1637503080 23.03 78.22 391 4.039
1637503140 23.12 77.95 397 4.039
1637503200 23.4 78.16 397 4.039
1637503260 23.36 77.41 391 4.039
1637503320 23.23 76.4 409 4.039
1637503380 23.26 77.06 414 4.028
1637503440 23.13 76.17 418 4.022
1637503500 23.14 75.71 414 4.028
1637503560 23.14 76.2 420 4.022
1637503620 23.17 74.8 418 4.022
1637503680 23.17 74.56 418 4.022
1637503740 23.26 75.42 418 4.022
1637503800 23.3 75.05 420 4.039
1637503860 23.29 74.86 415 4.039
1637503920 23.39 76.15 415 4.039
1637503980 23.46 75.59 414 4.028
1637504040 23.54 75.08 412 4.022
1637504100 23.57 73.78 436 4.028
1637504160 23.74 72.96 436 4.022
1637504220 23.88 72.52 420 4.022
1637504280 23.94 72.44 384 4.022
1637504340 23.92 71.84 390 4.022
1637504400 23.8 72.7 402 4.028
1637504460 23.72 72.61 442 4.022
1637504520 23.82 72.54 472 4.022
1637504580 23.94 73.5 484 4.022
1637504640 24.21 71.64 478 4.022
1637504700 24.19 71.5 492 4.039
1637504760 24.42 75.23 498 4.044
1637504820 24.77 71.22 516 4.044
1637504880 24.95 69.21 522 4.044
1637504940 25.28 69.4 528 4.044
1637505000 25.36 69.11 540 4.049
1637505060 25.45 68.34 546 4.049
1637505120 25.66 67.67 552 4.044
1637505180 25.87 67.16 552 4.044
1637505240 25.94 66.31 558 4.049
1637505300 26.28 66.49 564 4.049
1637505360 26.28 66.41 570 4.049
1637505420 26.31 66.72 564 4.049
1637505480 26.14 65.98 528 4.049
1637505540 26.12 67.48 469 4.049
1637505600 26.2 68.79 409 4.044
1637505660 26.17 67.88 367 4.033
1637505720 26.08 67.99 408 4.028
1637505780 26.14 68 490 4.033
1637505840 26.14 68.84 551 4.028
1637505900 25.96 69.02 579 4.028
1637505960 25.92 69.54 603 4.028
1637506020 25.72 70.98 585 4.028
1637506080 25.64 70.62 573 4.033
1637506140 25.82 70.76 444 4.028
1637506200 25.59 69.52 359 4.028
1637506260 25.56 69.55 313 4.028
1637506320 25.36 70.06 266 4.028
1637506380 25.11 69.65 301 4.028
1637506440 24.91 70.64 230 4.033
1637506500 24.91 71.69 242 4.033
1637506560 24.86 70.32 325 4.039
1637506620 24.84 71.97 278 4.033
1637506680 24.87 70.67 337 4.039
1637506740 24.87 70.61 236 4.039
1637506800 24.88 70.83 212 4.033
1637506860 24.86 71.36 194 4.033
1637506920 24.87 70.82 201 4.033
1637506980 24.83 70.61 200 4.033
1637507040 24.74 71.11 248 4.033
1637507100 24.81 71.68 242 4.039
1637507160 24.8 70.3 314 4.039
1637507220 24.94 71.56 438 4.028
1637507280 25.03 70.78 549 4.028
1637507340 25.25 71.3 644 4.033
1637507400 25.61 69.19 644 4.028
1637507460 25.83 68.28 632 4.028
1637507520 26.08 69.16 685 4.028
1637507580 26.12 67.12 703 4.028
1637507640 26.27 68.46 686 4.028
1637507700 26.67 65.63 733 4.022
1637507760 26.78 63.99 751 4.028
1637507820 27.03 64.49 757 4.028
1637507880 26.99 63.55 781 4.028
1637507940 27.16 62.78 763 4.028
1637508000 27.19 61.89 816 4.028
1637508060 27.37 62.26 804 4.028
1637508120 27.7 62.26 834 4.028
1637508180 27.97 61.23 787 4.028
1637508240 27.54 61.14 769 4.028
1637508300 26.79 61.26 739 4.022
1637508360 26.22 62.32 680 4.022
1637508420 25.96 63.98 626 4.028
1637508480 26.3 64.6 533 4.028
1637508540 26.54 63.42 454 4.028
1637508600 26.38 63.55 626 4.028
1637508660 26.3 64.61 715 4.028
1637508720 26.64 63.5 757 4.028
1637508780 27.2 62.84 757 4.028
1637508840 27.43 61.28 804 4.028
1637508900 27.63 62.1 691 4.022
1637508960 27.83 59.93 798 4.028
1637509020 28.12 58.97 810 4.028
1637509080 28.14 57.36 856 4.022
1637509140 28.04 57.88 846 4.028
1637509200 28.15 57.81 826 4.022
1637509260 28.43 57.43 828 4.028
1637509320 28.62 56.37 804 4.022
1637509380 27.89 58.36 749 4.022
1637509440 27.33 58.79 755 4.028
1637509500 26.91 59.37 761 4.022
1637509560 27.41 59.15 844 4.028
1637509620 27.63 59.5 840 4.022
1637509680 27.88 58.36 862 4.022
1637509740 28.41 56.98 832 4.022
1637509800 28.55 60 862 4.022
1637509860 28.08 60.43 862 4.022
1637509920 28.04 60.97 892 4.022
1637509980 28.38 59.32 868 4.028
1637510040 28.65 59.12 868 4.022
1637510100 28.83 57.36 886 4.022
1637510160 29.2 57.59 826 4.022
1637510220 28.96 60.81 810 4.022
1637510280 28.71 60.58 798 4.028
1637510340 28.19 61.58 786 4.022
1637510400 27.44 62.2 761 4.022
1637510460 27.37 62.89 709 4.022
1637510520 27.7 62.14 755 4.022
1637510580 27.85 61.26 667 4.022
1637510640 28.02 61.61 537 4.022
1637510700 28.26 59.8 697 4.022
1637510760 27.85 59.69 602 4.022
1637510820 27.76 61.92 727 4.022
1637510880 27.36 61.44 899 4.022
1637510940 27.34 62.24 992 4.022
1637511000 27.43 62.51 1001 4.055
1637511060 27.84 62.44 1014 4.06
1637511120 28.53 60.58 1014 4.06
1637511180 28.87 60.28 1027 4.06
1637511240 28.46 58.41 1033 4.065
1637511300 28.45 61.26 1039 4.065
1637511360 28.63 58.52 995 4.033
1637511420 28.55 57.91 716 4.033
1637511480 28.08 59.67 936 4.033
1637511540 27.98 60.7 911 4.028
1637511600 27.54 61.59 1013 4.028
1637511660 27.72 60.34 1049 4.033
1637511720 27.53 60.84 1060 4.028
1637511780 28.07 61.12 1066 4.028
1637511840 27.98 59.19 1060 4.028
1637511900 28.31 59.55 1057 4.065
1637511960 28.7 58.67 1057 4.065
1637512020 28.57 55.54 1070 4.071
1637512080 28.94 56.04 1076 4.071
1637512140 29.73 54.25 1088 4.071
1637512200 30.38 54.07 1088 4.071
1637512260 30.75 54.35 1084 4.076
1637512320 30.71 51.12 1090 4.071
1637512380 30.74 52.44 1090 4.076
1637512440 29.71 53.72 1085 4.076
1637512500 29.07 56.27 1084 4.076
1637512560 28.65 56.21 1091 4.076
1637512620 28.53 56.1 1091 4.082
1637512680 28.05 57.67 1091 4.082
1637512740 27.77 57.62 1085 4.082
1637512800 28.09 58.04 1085 4.082
1637512860 28.63 56.38 1081 4.087
1637512920 29.05 55.23 1087 4.087
1637512980 29.01 54.39 1093 4.087
1637513040 29.28 54.29 1099 4.087
1637513100 29.14 54.77 1099 4.087
1637513160 29.59 52.99 1105 4.092
1637513220 30.02 53.8 1100 4.092
1637513280 30.38 49.97 1106 4.092
1637513340 30.45 49.57 1100 4.092
1637513400 30.74 50.05 1094 4.092
1637513460 30.69 49.01 1100 4.092
1637513520 30.07 51.09 1106 4.092
1637513580 29.66 52.82 1088 4.098
1637513640 29.36 53.09 1054 4.098
1637513700 28.92 53.36 1084 4.098
1637513760 28.62 54.5 1066 4.092
1637513820 28.8 55.8 1126 4.098
1637513880 29.48 54.72 1145 4.103
1637513940 29.65 52.76 1170 4.103
1637514000 29.98 52.8 1182 4.103
1637514060 30.4 52.15 1225 4.103
1637514120 30.57 48.95 1237 4.108
1637514180 29.28 52.2 1293 4.108
1637514240 28.87 54.67 1311 4.114
1637514300 29.34 54.59 1237 4.114
1637514360 29.17 54.86 1263 4.071
1637514420 29.61 52.78 615 4.071
1637514480 29.1 53.6 543 4.071
1637514540 28.86 54.29 561 4.071
1637514600 28.62 54.51 793 4.065
1637514660 28.19 56.14 483 4.065
1637514720 28.62 56.99 411 4.065
1637514780 28.84 54.83 376 4.065
1637514840 28.9 55.17 346 4.06
1637514900 29.01 54.3 334 4.065
1637514960 29.01 54.2 316 4.065
1637515020 29.05 53.55 298 4.065
1637515080 28.97 53.77 316 4.065
1637515140 28.97 54.85 352 4.06
1637515200 28.81 54.08 835 4.065
1637515260 28.38 55.44 1159 4.065
1637515320 28.19 54.64 1277 4.06
1637515380 28.71 56.4 1290 4.065
1637515440 29.39 52.37 1210 4.065
1637515500 29.29 53.37 1182 4.065
1637515560 29.73 51.83 1188 4.06
1637515620 30.1 52.49 1145 4.06
1637515680 30.58 48.54 572 4.06
1637515740 31 49.2 1115 4.06
1637515800 30.98 49.96 1115 4.06
1637515860 30.37 49.33 1188 4.06
1637515920 30.96 51.8 1270 4.06
1637515980 31.26 47.41 1307 4.06
1637516040 31.77 46.53 1301 4.06
1637516100 32.25 46.23 1216 4.06
1637516160 31.97 47.09 501 4.06
1637516220 32.19 46.75 471 4.06
1637516280 31.73 45.58 465 4.06
1637516340 30.96 47.97 489 4.06
1637516400 30.53 48.59 487 4.06
1637516460 29.71 51.89 471 4.06
1637516520 29.35 52.36 435 4.055
1637516580 29.13 50.91 368 4.06
1637516640 29.31 52.21 356 4.06
1637516700 29.34 51.63 393 4.06
1637516760 28.83 53.28 471 4.055
1637516820 28.73 55.13 423 4.06
1637516880 28.63 55.54 674 4.06
1637516940 28.67 56.16 624 4.06
1637516100 32.25 46.23 1216 4.06
1637516160 31.97 47.09 501 4.06
1637516220 32.19 46.75 471 4.06
1637516280 31.73 45.58 465 4.06
1637516340 30.96 47.97 489 4.06
1637516400 30.53 48.59 487 4.06
1637516460 29.71 51.89 471 4.06
1637516520 29.35 52.36 435 4.055
1637516580 29.13 50.91 368 4.06
1637516640 29.31 52.21 356 4.06
1637516700 29.34 51.63 393 4.06
1637516760 28.83 53.28 471 4.055
1637516820 28.73 55.13 423 4.06
1637516880 28.63 55.54 674 4.06
1637516940 28.67 56.16 624 4.06
1637517000 29.15 55.46 761 4.055
1637517060 29.26 54.53 483 4.06
1637517120 29.52 55.24 471 4.06
1637517180 29.32 55.2 459 4.06
1637517240 29.04 57.03 942 4.055
1637517300 28.83 57.93 828 4.06
1637517360 29.2 55.59 733 4.06
1637517420 29.29 55.68 495 4.06
1637517480 29.13 56.35 560 4.06
1637517540 29.38 55.79 656 4.06
1637517600 29.15 56.32 1355 4.055
1637517660 29.41 56.61 1301 4.06
1637517720 29.86 55.92 600 4.06
1637517780 30.32 54.34 941 4.055
1637517840 30.55 54.89 477 4.055
1637517900 30.37 54.74 888 4.06
1637517960 30.38 54.05 499 4.055
1637518020 30.28 54.36 542 4.06
1637518080 29.93 55.21 1174 4.055
1637518140 29.84 55.93 542 4.06
1637518200 30.06 54.64 481 4.055
1637518260 29.8 56.15 459 4.055
1637518320 29.99 56 493 4.06
1637518380 30.09 56.02 721 4.055
1637518440 29.76 56.85 941 4.055
1637518500 29.18 58.23 1126 4.055
1637518560 29.52 57.93 990 4.055
1637518620 29.17 59.06 935 4.06
1637518680 29.2 57.96 1031 4.055
1637518740 28.9 59.08 929 4.06
1637518800 29.2 57.91 1295 4.055
1637518860 29.79 57.62 1275 4.055
1637518920 30.07 55.72 1120 4.055
1637518980 30.4 55.15 1376 4.055
1637519040 30.14 55.51 1209 4.055
1637519100 30.28 55.94 1251 4.055
1637519160 30.81 57.09 965 4.055
1637519220 30.99 53.89 911 4.055
1637519280 30.71 54.26 671 4.06
1637519340 30.77 54.14 612 4.055
1637519400 30.13 53.95 618 4.055
1637519460 29.86 55.97 685 4.055
1637519520 29.87 56.67 709 4.055
1637519580 29.93 56.37 709 4.055
1637519640 30.3 56.11 697 4.055
1637519700 30.38 55.85 703 4.055
1637519760 30.54 53.99 665 4.055
1637519820 29.73 56.4 739 4.055
1637519880 29.95 57.05 667 4.055
1637519940 29.77 56.82 703 4.055
1637520000 29.99 56.12 749 4.055
1637520060 29.59 56.13 951 4.055
1637520120 29.15 57.81 1084 4.055
1637520180 29.34 57.16 1567 4.049
1637520240 29.01 57.5 1624 4.055
1637520300 29.11 58.53 1263 4.055
1637520360 28.86 59.05 1186 4.055
1637520420 28.53 59.03 1007 4.055
1637520480 28.52 60.01 1335 4.055
1637520540 29.38 58.82 1299 4.055
1637520600 29.99 55.37 1489 4.049
1637520660 29.44 55.65 1042 4.055
1637520720 29.87 55.27 1648 4.055
1637520780 29.47 55.79 975 4.055
1637520840 29.56 56.75 1155 4.055
1637520900 29.55 56.31 1120 4.049
1637520960 29.75 56.79 1323 4.049
1637521020 30.37 56.49 1243 4.055
1637521080 30.14 56.9 846 4.049
1637521140 30.19 55.88 820 4.049
1637521200 30.23 54.59 921 4.049
1637521260 29.98 56.45 1025 4.055
1637521320 30.14 55.64 691 4.049
1637521380 30.07 54.89 647 4.049
1637521440 30.09 55.34 600 4.049
1637521500 29.95 55.72 576 4.055
1637521560 29.71 55.98 612 4.049
1637521620 29.1 57.43 701 4.049
1637521680 29.05 59 1017 4.049
1637521740 28.7 59.6 1197 4.049
1637521800 28.7 61.06 1338 4.055
1637521860 29.17 61.04 1280 4.049
1637521920 29.9 58.04 1332 4.049
1637521980 29.99 56.38 1302 4.049
1637522040 29.77 56.89 1243 4.049
1637522100 29.41 57.35 1195 4.049
1637522160 29.31 58.57 1118 4.049
1637522220 29.68 57.65 1005 4.049
1637522280 30.31 57.38 1054 4.055
1637522340 29.89 56.22 1070 4.049
1637522400 29.73 56.6 1149 4.049
1637522460 29.42 57.31 1177 4.055
1637522520 29.44 58.54 1201 4.049
1637522580 29.76 57.07 1213 4.049
1637522640 29.48 57.23 1183 4.049
1637522700 29.65 57.16 1177 4.049
1637522760 29.44 58 1171 4.049
1637522820 29.69 57.79 1177 4.049
1637522880 29.68 57.28 1130 4.049
1637522940 29.34 57.9 332 4.049
1637523000 29.58 57.39 338 4.049
1637523060 29.18 58.07 338 4.049
1637523120 29.49 57.39 344 4.049
1637523180 29.28 56.65 344 4.049
1637523240 28.97 58.54 350 4.049
1637523300 28.6 59.23 374 4.049
1637523360 28.6 59.46 387 4.049
1637523420 28.41 60.19 380 4.049
1637523480 28.57 60.05 380 4.049
1637523540 28.43 60.04 387 4.049
1637523600 28.69 58.86 393 4.06
1637523660 28.52 59.07 415 4.049
1637523720 28.26 59.77 433 4.049
1637523780 27.89 59.67 457 4.049
1637523840 27.91 60.17 558 4.049
1637523900 27.78 60.57 534 4.049
1637523960 28.08 59.81 606 4.049
1637524020 28.25 59.84 468 4.049
1637524080 28.45 59.81 463 4.049
1637524140 28.55 58.85 487 4.049
1637524200 28.63 58.01 487 4.049
1637524260 28.87 59.11 528 4.049
1637524320 29.24 57.15 505 4.049
1637524380 29.1 55.89 499 4.049
1637524440 29.04 57.33 493 4.049
1637524500 29.15 56.32 489 4.065
1637524560 29.32 56.57 489 4.065
1637524620 29.28 57.33 495 4.065
1637524680 29.08 57.24 507 4.065
1637524740 28.6 58.12 555 4.065
1637524800 28.46 59.96 543 4.071
1637524860 28.53 58.99 531 4.071
1637524920 28.74 58.13 525 4.071
1637524980 28.83 59 519 4.071
1637525040 29.14 57.9 513 4.071
1637525100 29.26 58.17 507 4.071
1637525160 28.87 57.71 531 4.071
1637525220 28.83 58.07 569 4.071
1637525280 28.49 58.96 899 4.082
1637525340 28.86 59.13 713 4.082
1637525400 28.57 58.9 652 4.076
1637525460 28.69 58.14 670 4.076
1637525520 28.96 58.51 695 4.076
1637525580 28.96 58.3 948 4.087
1637525640 29.08 59.06 858 4.082
1637525700 29.49 58.55 1008 4.065
1637525760 29.52 56.53 1085 4.06
1637525820 29.76 57.89 906 4.06
1637525880 29.28 56.93 1061 4.06
1637525940 29.45 57.34 930 4.06
1637526000 29.24 57.47 793 4.055
1637526060 29.65 57.84 799 4.06
1637526120 29.82 56.6 823 4.06
1637526180 29.89 56.66 691 4.055
1637526240 29.93 55.35 344 4.055
1637526300 30.16 55.43 316 4.065
1637526360 29.63 55.86 292 4.065
1637526420 29.42 56.45 274 4.065
1637526480 29.18 57.7 268 4.065
1637526540 29.01 57.12 268 4.065
1637526600 28.23 58.97 280 4.065
1637526660 28.05 58.97 280 4.065
1637526720 27.92 60.29 256 4.065
1637526780 27.56 61.14 256 4.065
1637526840 27.32 62.01 256 4.065
1637526900 27.3 62.46 268 4.065
1637526960 27.22 62.24 280 4.065
1637527020 27.22 63.12 483 4.06
1637527080 27.29 62.76 243 4.06
1637527140 27.37 63 231 4.06
1637527200 27.46 62.73 262 4.065
1637527260 27.65 62.25 972 4.06
1637527320 27.71 61.47 960 4.06
1637527380 27.98 60.68 876 4.055
1637527440 28.29 61.63 954 4.06
1637527500 28.65 59.79 917 4.06
1637527560 28.92 58.02 894 4.06
1637527620 28.7 57.97 894 4.06
1637527680 28.9 58.07 888 4.055
1637527740 29.04 57.36 870 4.06
1637527800 28.96 57.63 888 4.06
1637527860 28.98 57.72 876 4.06
1637527920 28.77 58.24 858 4.055
1637527980 29.26 58.24 852 4.055
1637528040 29.55 56.92 852 4.06
1637528100 29.62 56.33 840 4.06
1637528160 29.69 55.84 816 4.055
1637528220 28.94 57.18 787 4.055
1637528280 29.11 57.14 798 4.055
1637528340 29.42 56 822 4.055
1637528400 29.59 55.68 804 4.055
1637528460 29.53 55.55 840 4.055
1637528520 29.41 56.09 864 4.06
1637528580 29.47 55.74 852 4.055
1637528640 29.34 56.68 624 4.06
1637528700 29.26 56.78 828 4.055
1637528760 29.18 56.77 566 4.055
1637528820 28.93 57.79 201 4.055
1637528880 28.81 57.68 231 4.055
1637528940 28.67 57.95 769 4.055
1637529000 28.71 57.79 792 4.055
1637529060 28.87 57.29 780 4.055
1637529120 28.96 56.76 786 4.055
1637529180 29.24 56.25 786 4.055
1637529240 29.34 55.93 768 4.055
1637529300 29.56 55.49 774 4.055
1637529360 29.36 55.75 721 4.055
1637529420 29.66 55.24 786 4.055
1637529480 29.56 55.16 780 4.055
1637529540 29.68 55.5 774 4.055
1637529600 30.11 54.3 774 4.055
1637529660 29.96 53.79 786 4.055
1637529720 29.98 54.22 786 4.055
1637529780 30.3 53.45 780 4.055
1637529840 29.95 54.32 768 4.055
1637529900 29.51 55.29 774 4.055
1637529960 29.47 55.8 761 4.055
1637530020 29.92 55.08 743 4.055
1637530080 29.96 54.41 727 4.055
1637530140 29.39 55.94 709 4.055
1637530200 29.44 55.58 697 4.055
1637530260 29.29 56.29 630 4.055
1637530320 29.45 55.46 463 4.055
1637530380 29.22 56.48 326 4.055
1637530440 29.05 56.99 308 4.055
1637530500 29.03 56.89 302 4.055
1637530560 29.08 56.77 308 4.055
1637530620 28.98 57.22 380 4.055
1637530680 28.63 58.17 387 4.055
1637530740 28.42 58.73 612 4.055
1637530800 28.11 59.78 320 4.055
1637530860 28.09 60.14 308 4.055
1637530920 28.19 59.68 292 4.055
1637530980 28.09 60.2 286 4.055
1637531040 28.09 60.52 280 4.055
1637531100 28.23 60.39 332 4.055
1637531160 28.31 60.12 268 4.055
1637531220 28.22 60.63 266 4.055
1637531280 28.35 60.67 256 4.055
1637531340 28.29 60.63 256 4.049
1637531400 28.31 60.56 469 4.055
1637531460 28.09 61.02 417 4.055
1637531520 27.94 61.7 296 4.055
1637531580 27.99 61.59 249 4.055
1637531640 27.89 62.14 237 4.055
1637531700 27.91 61.67 225 4.055
1637531760 27.87 61.39 213 4.06
1637531820 27.85 62.05 213 4.055
1637531880 27.84 62.06 231 4.06
1637531940 27.65 61.89 225 4.06
1637532000 27.51 62.2 201 4.06
1637532060 27.46 62.05 189 4.06
1637532120 27.26 63.12 177 4.06
1637532180 27.22 62.58 165 4.06
1637532240 26.85 63.62 159 4.055
1637532300 26.67 64.69 153 4.06
1637532360 26.78 64.62 147 4.06
1637532420 26.89 64.55 137 4.055
1637532480 26.95 63.8 124 4.055
1637532540 26.95 63.74 118 4.055
1637532600 27.02 64.01 124 4.06
1637532660 27.03 63.9 124 4.055
1637532720 26.95 64.2 131 4.06
1637532780 26.91 64.52 131 4.055
1637532840 26.89 64.21 124 4.055
1637532900 26.93 64.31 124 4.055
1637532960 27.01 63.96 112 4.055
1637533020 26.98 64.63 106 4.055
1637533080 27.02 64.24 94 4.055
1637533140 27.06 63.67 88 4.055
1637533200 26.99 64.24 88 4.055
1637533260 26.96 64.32 82 4.055
1637533320 26.93 64.05 82 4.06
1637533380 26.65 64.62 88 4.055
1637533440 26.51 65.38 88 4.055
1637533500 26.52 65.51 88 4.055
1637533560 26.59 65.51 82 4.055
1637533620 26.62 65.47 82 4.055
1637533680 26.71 65.67 76 4.055
1637533740 26.72 65.37 76 4.055
1637533800 26.68 65 70 4.055
1637533860 26.64 65 70 4.055
1637533920 26.64 65.56 70 4.055
1637533980 26.61 65.5 76 4.055
1637534040 26.54 65.69 76 4.055
1637534100 26.51 65.99 76 4.055
1637534160 26.43 66.5 76 4.055
1637534220 26.33 66.83 76 4.055
1637534280 26.43 66.72 76 4.055
1637534340 26.51 66.13 76 4.055
1637534400 26.51 66.43 76 4.055
1637534460 26.5 66.2 76 4.055
1637534520 26.48 66.21 76 4.055
1637534580 26.48 66.04 76 4.055
1637534640 26.45 66.19 76 4.055
1637534700 26.4 66.05 76 4.055
1637534760 26.33 66.88 76 4.055
1637534820 26.28 67.1 76 4.055
1637534880 26.22 67.06 76 4.055
1637534940 26.19 67.35 82 4.055
1637535000 26.26 66.95 82 4.055
1637535060 26.31 66.56 82 4.055
1637535120 26.3 66.63 82 4.055
1637535180 26.31 66.78 76 4.055
1637535240 26.34 67.24 76 4.055
1637535300 26.26 66.78 76 4.055
1637535360 26.16 67.4 76 4.055
1637535420 26.08 67.57 76 4.055
1637535480 26.06 67.58 76 4.049
1637535540 26.03 67.71 70 4.049
1637535600 26.03 68.01 70 4.055
1637535660 26.02 67.8 70 4.055
1637535720 25.96 68.2 70 4.055
1637535780 25.94 68.35 64 4.055
1637535840 25.87 68.6 64 4.055
1637535900 26 68.25 64 4.055
1637535960 25.99 68.2 64 4.055
1637536020 26 68.45 64 4.055
1637536080 25.96 68.09 64 4.055
1637536140 25.83 68.34 64 4.055
1637536200 25.75 68.56 64 4.055
1637536260 25.69 68.84 58 4.055
1637536320 25.62 69 58 4.055
1637536380 25.62 69.41 58 4.049
1637536440 25.59 69.32 52 4.055
1637536500 25.56 69.58 52 4.055
1637536560 25.51 69.77 46 4.055
1637536620 25.41 70.16 46 4.055
1637536680 25.38 70.45 46 4.055
1637536740 25.39 70.82 46 4.055
1637536800 25.45 70.51 40 4.055
1637536860 25.39 70.57 40 4.055
1637536920 25.36 70.93 40 4.055
1637536980 25.34 70.96 40 4.055
1637537040 25.29 71.11 40 4.055
1637537100 25.21 71.31 34 4.055
1637537160 25.15 71.44 34 4.055
1637537220 25.18 71.57 34 4.055
1637537280 25.14 71.62 34 4.055
1637537340 25.17 71.9 34 4.055
1637537400 25.14 71.74 34 4.055
1637537460 25.17 71.83 28 4.055
1637537520 25.13 71.87 28 4.055
1637537580 25.1 72.03 28 4.055
1637537640 25.1 72.18 28 4.055
1637537700 25.07 71.88 28 4.055
1637537760 25.11 71.95 22 4.055
1637537820 25.13 71.52 22 4.055
1637537880 25.11 71.75 22 4.049
1637537940 25.14 71.63 22 4.049
1637538000 25.14 71.86 22 4.049
1637538060 25.14 71.65 16 4.049
1637538120 25.13 71.84 10 4.055
1637538180 25.11 71.84 10 4.055
1637538240 25.08 72.32 4 4.049
1637538300 25.01 72.25 10 4.055
1637538360 25 72.33 10 4.055
1637538420 24.98 72.53 10 4.049
1637538480 25 72.59 10 4.055
1637538540 24.94 72.61 4 4.055
1637538600 25.01 72.73 4 4.055
1637538660 24.95 73.14 4 4.055
1637538720 24.88 72.96 0 4.055
1637538780 24.87 73.25 0 4.055
1637538840 24.81 73.29 0 4.055
1637538900 24.81 73.39 0 4.049
1637538960 24.8 73.45 0 4.055
1637539020 24.81 73.45 0 4.049
1637539080 24.77 73.56 0 4.049
1637539140 24.73 74.05 0 4.049
1637539200 24.67 73.93 0 4.049
1637539260 24.65 74.32 0 4.055
1637539320 24.62 74.26 0 4.049
1637539380 24.63 74.23 0 4.055
1637539440 24.6 74.37 0 4.055
1637539500 24.59 74.44 0 4.055
1637539560 24.56 74.88 0 4.055
1637539620 24.55 74.48 0 4.055
1637539680 24.52 74.8 0 4.055
1637539740 24.5 74.39 0 4.055
1637539800 24.53 74.7 0 4.049
1637539860 24.49 74.18 0 4.049
1637539920 24.48 74.4 0 4.055
1637539980 24.4 74.39 0 4.049
1637540040 24.33 74.65 0 4.055
1637540100 24.32 74.86 0 4.049
1637540160 24.28 75.13 0 4.055
1637540220 24.21 75.41 0 4.055
1637540280 24.16 75.79 0 4.055
1637540340 24.14 75.77 0 4.049
1637540400 24.09 76.11 0 4.055
1637540460 24.02 76.4 0 4.049
1637540520 24 76.78 0 4.055
1637540580 23.92 77.35 0 4.049
1637540640 23.92 77.57 0 4.055
1637540700 23.87 77.99 0 4.049
1637540760 23.85 78.3 0 4.049
1637540820 23.78 78.41 0 4.049
1637540880 23.74 78.66 0 4.055
1637540940 23.74 78.95 0 4.049
1637541000 23.68 79.07 0 4.055
1637541060 23.67 79.29 0 4.049
1637541120 23.6 79.52 0 4.049
1637541180 23.54 80.06 0 4.049
1637541240 23.51 80.19 0 4.049
1637541300 23.46 80.83 0 4.049
1637541360 23.4 81.16 0 4.055
1637541420 23.34 81.59 0 4.049
1637541480 23.29 81.84 0 4.055
1637541540 23.27 82.38 0 4.049
1637541600 23.2 82.34 0 4.049
1637541660 23.22 82.91 0 4.055
1637541720 23.17 82.82 0 4.055
1637541780 23.16 83.1 0 4.049
1637541840 23.13 83.73 0 4.055
1637541900 23.05 83.95 0 4.055
1637541960 23.01 84.48 0 4.055
1637542020 22.96 85.15 0 4.055
1637542080 22.91 85.43 0 4.049
1637542140 22.85 85.99 0 4.049
1637542200 22.76 86.22 0 4.049
1637542260 22.68 86.44 0 4.049
1637542320 22.65 86.8 0 4.049
1637542380 22.58 87.04 0 4.055
1637542440 22.57 87.34 0 4.049
1637542500 22.55 87.33 0 4.055
1637542560 22.54 87.6 0 4.049
1637542620 22.52 87.83 0 4.049
1637542680 22.5 87.78 0 4.049
1637542740 22.51 88.04 0 4.049
1637542800 22.52 88.4 0 4.049
1637542860 22.48 88.63 0 4.049
1637542920 22.47 88.85 0 4.049
1637542980 22.45 89.06 0 4.049
1637543040 22.41 89 0 4.049
1637542200 22.76 86.22 0 4.049
1637542260 22.68 86.44 0 4.049
1637542320 22.65 86.8 0 4.049
1637542380 22.58 87.04 0 4.055
1637542440 22.57 87.34 0 4.049
1637542500 22.55 87.33 0 4.055
1637542560 22.54 87.6 0 4.049
1637542620 22.52 87.83 0 4.049
1637542680 22.5 87.78 0 4.049
1637542740 22.51 88.04 0 4.049
1637542800 22.52 88.4 0 4.049
1637542860 22.48 88.63 0 4.049
1637542920 22.47 88.85 0 4.049
1637542980 22.45 89.06 0 4.049
1637543040 22.41 89 0 4.049
1637543100 22.41 89.1 0 4.049
1637543160 22.37 88.99 0 4.049
1637543220 22.38 89.19 0 4.049
1637543280 22.35 88.81 0 4.049
1637543340 22.35 88.83 0 4.055
1637543400 22.35 88.83 0 4.049
1637543460 22.35 88.84 0 4.049
1637543520 22.31 88.76 0 4.049
1637543580 22.31 88.91 0 4.049
1637543640 22.33 89.23 0 4.055
1637543700 22.27 88.79 0 4.049
1637543760 22.27 89.29 0 4.049
1637543820 22.27 89.29 0 4.049
1637543880 22.27 89.44 0 4.049
1637543940 22.26 89.59 0 4.049
1637544000 22.26 89.49 0 4.049
1637544060 22.27 89.21 0 4.055
1637544120 22.26 88.82 0 4.049
1637544180 22.23 89.01 0 4.049
1637544240 22.24 88.88 0 4.049
1637544300 22.24 89.15 0 4.049
1637544360 22.23 88.91 0 4.049
1637544420 22.26 89.19 0 4.049
1637544480 22.26 88.95 0 4.049
1637544540 22.24 88.82 0 4.049
1637544600 22.26 88.91 0 4.049
1637544660 22.26 89.25 0 4.055
1637544720 22.24 88.84 0 4.049
1637544780 22.27 88.99 0 4.049
1637544840 22.27 89.28 0 4.049
1637544900 22.3 89.4 0 4.049
1637544960 22.28 89.35 0 4.049
1637545020 22.27 89.38 0 4.049
1637545080 22.27 89.05 0 4.049
1637545140 22.26 88.52 0 4.049
1637545200 22.26 88.46 0 4.049
1637545260 22.3 88.53 0 4.049
1637545320 22.28 88.45 0 4.049
1637545380 22.27 88.57 0 4.049
1637545440 22.26 88.24 0 4.049
1637545500 22.23 87.33 0 4.049
1637545560 22.26 87.35 0 4.049
1637545620 22.3 87.47 0 4.049
1637545680 22.33 86.93 0 4.049
1637545740 22.33 87.35 0 4.049
1637545800 22.3 86.92 0 4.049
1637545860 22.34 87.43 0 4.049
1637545920 22.3 86.35 0 4.049
1637545980 22.3 86.38 0 4.049
1637546040 22.33 85.96 0 4.049
1637546100 22.33 85.77 0 4.049
1637546160 22.37 85.88 0 4.049
1637546220 22.37 85.92 0 4.049
1637546280 22.35 85.89 0 4.049
1637546340 22.38 86.33 0 4.049
1637546400 22.34 86.1 0 4.049
1637546460 22.37 86.02 0 4.049
1637546520 22.34 86.25 0 4.049
1637546580 22.34 85.98 0 4.049
1637546640 22.35 86.2 0 4.049
1637546700 22.31 86.2 0 4.049
1637546760 22.33 85.55 0 4.049
1637546820 22.31 85.42 0 4.049
1637546880 22.34 85.15 0 4.044
1637546940 22.31 84.55 0 4.049
1637547000 22.33 84.52 0 4.049
1637547060 22.33 84.84 0 4.044
1637547120 22.3 84.42 0 4.049
1637547180 22.31 84.67 0 4.049
1637547240 22.35 84.99 0 4.049
1637547300 22.31 84.7 0 4.049
1637547360 22.37 84.86 0 4.049
1637547420 22.37 84.88 0 4.049
1637547480 22.31 84.69 0 4.049
1637547540 22.31 84.56 0 4.049
1637547600 22.37 85.99 0 4.049
1637547660 22.33 87.03 0 4.049
1637547720 22.23 87.23 0 4.049
1637547780 22.21 87.63 0 4.049
1637547840 22.2 87.5 0 4.049
1637547900 22.18 87.67 0 4.044
1637547960 22.14 87.46 0 4.049
1637548020 22.16 87.67 0 4.049
1637548080 22.11 87.46 0 4.049
1637548140 22.13 87.59 0 4.044
1637548200 22.14 87.97 0 4.049
1637548260 22.1 88.03 0 4.049
1637548320 22.04 88.25 0 4.049
1637548380 22 88.26 0 4.049
1637548440 21.92 88.42 0 4.049
1637548500 21.85 88.04 0 4.049
1637548560 21.85 87.98 0 4.049
1637548620 21.85 88.35 0 4.049
1637548680 21.85 88.23 0 4.049
1637548740 21.85 88.13 0 4.049
1637548800 21.83 88.07 0 4.044
1637548860 21.8 88.04 0 4.044
1637548920 21.82 88.07 0 4.044
1637548980 21.8 87.62 0 4.044
1637549040 21.8 87.97 0 4.044
1637549100 21.77 87.92 0 4.044
1637549160 21.71 87.51 0 4.049
1637549220 21.71 87.92 0 4.049
1637549280 21.68 87.68 0 4.049
1637549340 21.68 87.94 0 4.044
1637549400 21.69 88.58 0 4.049
1637549460 21.69 88.7 0 4.049
1637549520 21.65 88.38 0 4.049
1637549580 21.63 88.16 0 4.049
1637549640 21.69 88.17 0 4.049
1637549700 21.69 88.25 0 4.044
1637549760 21.75 88.45 0 4.049
1637549820 21.75 88.29 0 4.044
1637549880 21.79 88.36 0 4.044
1637549940 21.8 87.35 0 4.049
1637550000 21.8 86.07 0 4.049
1637550060 21.79 86.15 0 4.044
1637550120 21.79 86.92 0 4.049
1637550180 21.73 86.66 0 4.049
1637550240 21.69 86.32 0 4.049
1637550300 21.68 86.55 0 4.044
1637550360 21.68 86.53 0 4.049
1637550420 21.65 86.55 0 4.044
1637550480 21.65 86.61 0 4.049
1637550540 21.65 86.52 0 4.049
1637550600 21.68 86.91 0 4.044
1637550660 21.68 86.84 0 4.049
1637550720 21.65 86.35 0 4.044
1637550780 21.73 86.05 0 4.044
1637550840 21.75 85.65 0 4.044
1637550900 21.77 85.51 0 4.049
1637550960 21.77 84.96 0 4.049
1637551020 21.85 85.63 0 4.049
1637551080 21.83 84.83 0 4.049
1637551140 21.85 84.87 0 4.049
1637551200 21.83 84.79 0 4.049
1637551260 21.83 84.87 0 4.049
1637551320 21.86 84.94 0 4.044
1637551380 21.86 85.11 0 4.044
1637551440 21.83 85.3 0 4.049
1637551500 21.82 85.54 0 4.049
1637551560 21.8 85.71 0 4.044
1637551620 21.77 86.07 0 4.044
1637551680 21.79 86.3 0 4.044
1637551740 21.75 86.8 0 4.049
1637551800 21.68 86.98 0 4.044
1637551860 21.65 87.05 0 4.049
1637551920 21.66 87.27 0 4.049
1637551980 21.68 87.7 0 4.044
1637552040 21.72 88.22 0 4.044
1637552100 21.68 88.54 0 4.049
1637552160 21.63 88.94 0 4.049
1637552220 21.62 88.41 0 4.049
1637552280 21.63 87.89 0 4.049
1637552340 21.66 88.11 0 4.049
1637552400 21.62 87.9 0 4.044
1637552460 21.6 87.62 0 4.039
1637552520 21.63 87.27 0 4.044
1637552580 21.63 87.15 0 4.044
1637552640 21.6 87.18 0 4.044
1637552700 21.58 87.22 0 4.049
1637552760 21.56 86.98 0 4.049
1637552820 21.55 87.41 0 4.044
1637552880 21.45 87.43 0 4.044
1637552940 21.35 87.31 0 4.044
1637553000 21.29 87.11 0 4.049
1637553060 21.31 87.67 0 4.049
1637553120 21.27 87.56 0 4.049
1637553180 21.27 87.31 0 4.044
1637553240 21.29 87.12 0 4.049
1637553300 21.32 87.62 0 4.044
1637553360 21.32 87.55 0 4.044
1637553420 21.35 87.71 0 4.044
1637553480 21.34 87.63 0 4.044
1637553540 21.35 87.88 0 4.044
1637553600 21.31 87.98 0 4.044
1637553660 21.42 87.79 0 4.044
1637553720 21.42 87.75 0 4.049
1637553780 21.39 88.23 0 4.044
1637553840 21.41 88.51 0 4.044
1637553900 21.46 88.89 0 4.044
1637553960 21.42 88.9 0 4.044
1637554020 21.42 89.31 0 4.044
1637554080 21.42 89.59 0 4.044
1637554140 21.39 89.74 0 4.044
1637554200 21.37 90.04 0 4.044
1637554260 21.34 90.21 0 4.044
1637554320 21.31 90.46 0 4.044
1637554380 21.28 90.44 0 4.044
1637554440 21.27 90.52 0 4.044
1637554500 21.27 90.45 0 4.044
1637554560 21.25 90.35 0 4.044
1637554620 21.28 89.97 0 4.044
1637554680 21.37 89.52 0 4.044
1637554740 21.44 88.99 0 4.044
1637554800 21.45 88.71 0 4.044
1637554860 21.49 88.23 0 4.049
1637554920 21.49 87.85 0 4.044
1637554980 21.53 88.27 0 4.044
1637555040 21.5 88 0 4.044
1637555100 21.52 88.41 0 4.044
1637555160 21.49 88.59 0 4.044
1637555220 21.49 88.84 0 4.044
1637555280 21.49 88.95 0 4.044
1637555340 21.46 88.88 0 4.044
1637555400 21.45 89.06 0 4.044
1637555460 21.41 89.2 0 4.044
1637555520 21.38 89.2 0 4.044
1637555580 21.38 89.49 0 4.044
1637555640 21.37 89.22 0 4.044
1637555700 21.32 89.02 0 4.044
1637555760 21.39 89.12 0 4.044
1637555820 21.37 88.7 0 4.044
1637555880 21.32 88.94 0 4.044
1637555940 21.37 89.01 0 4.044
1637556000 21.37 88.89 0 4.044
1637556060 21.39 88.85 0 4.044
1637556120 21.35 88.83 0 4.044
1637556180 21.34 88.83 0 4.049
1637556240 21.37 88.82 0 4.044
1637556300 21.34 88.74 0 4.044
1637556360 21.32 88.91 0 4.044
1637556420 21.27 89.15 0 4.044
1637556480 21.27 89.23 0 4.044
1637556540 21.21 89.14 0 4.044
1637556600 21.27 89.43 0 4.044
1637556660 21.21 89.1 0 4.044
1637556720 21.24 89.43 0 4.044
1637556780 21.25 89.66 0 4.044
1637556840 21.28 90 0 4.044
1637556900 21.25 89.9 0 4.044
1637556960 21.29 90.33 0 4.044
1637557020 21.25 89.89 0 4.044
1637557080 21.22 90.05 0 4.044
1637557140 21.27 90.22 0 4.044
