1637470800 21.46 89.53 0 4.076
1637470860 21.46 89.71 0 4.076
1637470920 21.47 89.87 0 4.076
1637470980 21.46 90 0 4.076
1637471040 21.5 90.11 0 4.082
1637471100 21.44 90.29 0 4.076
1637471160 21.46 90.36 0 4.076
1637471220 21.44 90.45 0 4.076
1637471280 21.46 90.57 0 4.071
1637471340 21.44 90.64 0 4.076
1637471400 21.43 90.71 0 4.076
1637471460 21.43 90.85 0 4.076
1637471520 21.4 90.92 0 4.076
1637471580 21.46 91.02 0 4.076
1637471640 21.42 91.11 0 4.076
1637471700 21.43 91.19 0 4.076
1637471760 21.49 91.29 0 4.076
1637471820 21.42 91.37 0 4.076
1637471880 21.36 91.42 0 4.076
1637471940 21.32 91.47 0 4.076
1637472000 21.36 91.52 0 4.076
1637472060 21.37 91.57 0 4.076
1637472120 21.37 91.58 0 4.076
1637472180 21.39 91.63 0 4.076
1637472240 21.4 91.64 0 4.076
1637472300 21.37 91.66 0 4.076
1637472360 21.39 91.72 0 4.076
1637472420 21.42 91.77 0 4.076
1637472480 21.42 91.75 0 4.076
1637472540 21.46 91.83 0 4.076
1637472600 21.42 91.83 0 4.076
1637472660 21.39 91.87 0 4.071
1637472720 21.42 91.92 0 4.076
1637472780 21.37 91.97 0 4.076
1637472840 21.37 92.01 0 4.076
1637472900 21.33 91.98 0 4.076
1637472960 21.36 92.06 0 4.076
1637473020 21.39 92.06 0 4.076
1637473080 21.47 92.08 0 4.076
1637473140 21.52 92.05 0 4.076
1637473200 21.52 92.08 0 4.076
1637473260 21.47 92.18 0 4.076
1637473320 21.39 92.12 0 4.076
1637473380 21.43 92.17 0 4.076
1637473440 21.42 92.17 0 4.076
1637473500 21.4 92.17 0 4.076
1637473560 21.42 92.18 0 4.076
1637473620 21.44 92.16 0 4.076
1637473680 21.52 92.22 0 4.076
1637473740 21.47 92.23 0 4.076
1637473800 21.44 92.24 0 4.076
1637473860 21.44 92.24 0 4.076
1637473920 21.4 92.27 0 4.076
1637473980 21.44 92.3 0 4.076
1637474040 21.39 92.28 0 4.076
1637474100 21.37 92.31 0 4.076
1637474160 21.34 92.31 0 4.076
1637474220 21.3 92.34 0 4.076
1637474280 21.34 92.33 0 4.076
1637474340 21.37 92.4 0 4.076
1637474400 21.29 92.37 0 4.076
1637474460 21.28 92.41 0 4.076
1637474520 21.28 92.44 0 4.076
1637474580 21.28 92.44 0 4.076
1637474640 21.2 92.44 0 4.076
1637474700 21.2 92.47 0 4.076
1637474760 21.2 92.48 0 4.076
1637474820 21.18 92.49 0 4.076
1637474880 21.18 92.5 0 4.071
1637474940 21.18 92.56 0 4.076
1637475000 21.18 92.56 0 4.076
1637475060 21.16 92.61 0 4.071
1637475120 21.14 92.61 0 4.076
1637475180 21.16 92.68 0 4.076
1637475240 21.14 92.72 0 4.071
1637475300 21.22 92.76 0 4.076
1637475360 21.18 92.79 0 4.071
1637475420 21.16 92.84 0 4.076
1637475480 21.18 92.87 0 4.076
1637475540 21.13 92.87 0 4.076
1637475600 21.1 92.89 0 4.076
1637475660 21.1 92.92 0 4.076
1637475720 21.1 92.95 0 4.076
1637475780 21.1 92.93 0 4.071
1637475840 21.14 92.99 0 4.071
1637475900 21.09 92.96 0 4.071
1637475960 21.05 92.94 0 4.071
1637476020 21.09 92.96 0 4.071
1637476080 21.07 92.96 0 4.071
1637476140 21.12 92.93 0 4.076
1637476200 21.12 92.93 0 4.076
1637476260 21.1 92.92 0 4.076
1637476320 21.1 92.86 0 4.071
1637476380 21.09 92.88 0 4.076
1637476440 21.1 92.86 0 4.076
1637476500 21.05 92.84 0 4.076
1637476560 21.05 92.85 0 4.071
1637476620 21 92.78 0 4.071
1637476680 21.06 92.84 0 4.076
1637476740 21.02 92.8 0 4.071
1637476800 20.99 92.8 0 4.071
1637476860 20.99 92.83 0 4.071
1637476920 20.98 92.82 0 4.076
1637476980 20.92 92.85 0 4.071
1637477040 20.89 92.82 0 4.071
1637477100 20.86 92.89 0 4.071
1637477160 20.79 92.84 0 4.076
1637477220 20.78 92.86 0 4.076
1637477280 20.83 92.87 0 4.071
1637477340 20.85 92.88 0 4.071
1637477400 20.88 92.82 0 4.076
1637477460 20.93 92.89 0 4.071
1637477520 20.89 92.85 0 4.071
1637477580 20.95 92.83 0 4.071
1637477640 20.93 92.82 0 4.071
1637477700 20.98 92.77 0 4.071
1637477760 21 92.74 0 4.076
1637477820 20.98 92.71 0 4.071
1637477880 20.96 92.66 0 4.071
1637477940 21 92.66 0 4.071
1637478000 20.93 92.61 0 4.071
1637478060 20.95 92.59 0 4.071
1637478120 20.95 92.56 0 4.071
1637478180 20.96 92.57 0 4.076
1637478240 20.98 92.54 0 4.071
1637478300 20.93 92.49 0 4.071
1637478360 20.95 92.53 0 4.071
1637478420 20.88 92.52 0 4.071
1637478480 20.88 92.48 0 4.071
1637478540 20.92 92.47 0 4.071
1637478600 20.89 92.46 0 4.071
1637478660 20.9 92.45 0 4.071
1637478720 20.89 92.43 0 4.071
1637478780 20.92 92.4 0 4.071
1637478840 20.92 92.4 0 4.071
1637478900 20.93 92.35 0 4.076
1637478960 20.92 92.35 0 4.076
1637479020 20.98 92.31 0 4.071
1637479080 20.95 92.28 0 4.071
1637479140 21.03 92.23 0 4.071
1637479200 21.02 92.17 0 4.076
1637479260 21.02 92.15 0 4.071
1637479320 20.99 92.1 0 4.071
1637479380 21.03 92.17 0 4.071
1637479440 20.99 92.11 0 4.071
1637479500 20.93 92.13 0 4.071
1637479560 20.9 92.07 0 4.071
1637479620 20.89 92.04 0 4.071
1637479680 20.9 92.02 0 4.071
1637479740 20.9 91.95 0 4.071
1637479800 20.95 91.97 0 4.071
1637479860 20.92 91.92 0 4.071
1637479920 20.86 91.9 0 4.071
1637479980 20.88 91.9 0 4.076
1637480040 20.89 91.84 0 4.071
1637480100 20.89 91.82 0 4.071
1637480160 20.89 91.81 0 4.071
1637480220 20.88 91.81 0 4.071
1637480280 20.83 91.76 0 4.071
1637480340 20.85 91.77 0 4.071
1637480400 20.88 91.74 0 4.071
1637480460 20.85 91.74 0 4.071
1637480520 20.85 91.71 0 4.071
1637480580 20.83 91.7 0 4.071
1637480640 20.82 91.66 0 4.071
1637480700 20.78 91.61 0 4.071
1637480760 20.83 91.55 0 4.071
1637480820 20.88 91.51 0 4.076
1637480880 20.83 91.46 0 4.071
1637480940 20.81 91.38 0 4.071
1637481000 20.85 91.32 0 4.071
1637481060 20.86 91.26 0 4.071
1637481120 20.88 91.23 0 4.071
1637481180 20.89 91.2 0 4.071
1637481240 20.88 91.18 0 4.071
1637481300 20.88 91.17 0 4.071
1637481360 20.82 91.11 0 4.071
1637481420 20.83 91.11 0 4.071
1637481480 20.82 91.09 0 4.071
1637481540 20.86 91.07 0 4.071
1637481600 20.9 91.06 0 4.071
1637481660 20.89 91.08 0 4.071
1637481720 20.85 91.04 0 4.071
1637481780 20.82 91.06 0 4.071
1637481840 20.83 91.09 0 4.071
1637481900 20.85 91.09 0 4.071
1637481960 20.81 91.15 0 4.071
1637482020 20.78 91.2 0 4.071
1637482080 20.74 91.19 0 4.071
1637482140 20.77 91.21 0 4.071
1637482200 20.75 91.22 0 4.071
1637482260 20.74 91.23 0 4.071
1637482320 20.79 91.24 0 4.071
1637482380 20.78 91.29 0 4.071
1637482440 20.71 91.27 0 4.071
1637482500 20.74 91.3 0 4.071
1637482560 20.69 91.29 0 4.071
1637482620 20.69 91.31 0 4.071
1637482680 20.69 91.31 0 4.071
1637482740 20.74 91.35 0 4.071
1637482800 20.69 91.32 0 4.071
1637482860 20.67 91.35 0 4.071
1637482920 20.64 91.37 0 4.071
1637482980 20.62 91.36 0 4.071
1637483040 20.65 91.38 0 4.071
1637483100 20.68 91.37 0 4.071
1637483160 20.69 91.38 0 4.071
1637483220 20.71 91.37 0 4.071
1637483280 20.71 91.37 0 4.071
1637483340 20.72 91.37 0 4.071
1637483400 20.71 91.34 0 4.071
1637483460 20.75 91.33 0 4.071
1637483520 20.72 91.32 0 4.071
1637483580 20.72 91.33 0 4.071
1637483640 20.72 91.32 0 4.071
1637483700 20.72 91.33 0 4.071
1637483760 20.69 91.34 0 4.071
1637483820 20.74 91.34 0 4.071
1637483880 20.74 91.33 0 4.071
1637483940 20.68 91.31 0 4.071
1637484000 20.69 91.3 0 4.071
1637484060 20.71 91.32 0 4.071
1637484120 20.71 91.34 0 4.071
1637484180 20.64 91.32 0 4.071
1637484240 20.64 91.31 0 4.071
1637484300 20.62 91.36 0 4.071
1637484360 20.64 91.32 0 4.071
1637484420 20.59 91.32 0 4.071
1637484480 20.58 91.27 0 4.071
1637484540 20.59 91.29 0 4.071
1637484600 20.55 91.25 0 4.071
1637484660 20.54 91.24 0 4.071
1637484720 20.56 91.2 0 4.071
1637484780 20.52 91.19 0 4.071
1637484840 20.56 91.17 0 4.071
1637484900 20.54 91.13 0 4.071
1637484960 20.56 91.09 0 4.065
1637485020 20.59 91.17 0 4.071
1637485080 20.56 91.17 0 4.071
1637485140 20.56 91.18 0 4.071
1637485200 20.51 91.18 0 4.071
1637485260 20.52 91.21 0 4.071
1637485320 20.52 91.16 0 4.071
1637485380 20.55 91.2 0 4.065
1637485440 20.49 91.21 0 4.071
1637485500 20.54 91.24 0 4.071
1637485560 20.51 91.24 0 4.071
1637485620 20.55 91.27 0 4.071
1637485680 20.55 91.33 0 4.071
1637485740 20.51 91.33 0 4.071
1637485800 20.49 91.37 0 4.065
1637485860 20.47 91.37 0 4.071
1637485920 20.48 91.4 0 4.071
1637485980 20.44 91.43 0 4.071
1637486040 20.49 91.43 0 4.071
1637486100 20.49 91.49 0 4.071
1637486160 20.48 91.45 0 4.071
1637486220 20.47 91.49 0 4.071
1637486280 20.49 91.48 0 4.071
1637486340 20.52 91.51 0 4.065
1637486400 20.49 91.51 0 4.071
1637486460 20.48 91.54 0 4.071
1637486520 20.47 91.53 0 4.071
1637486580 20.49 91.57 0 4.071
1637486640 20.44 91.62 0 4.065
1637486700 20.37 91.65 0 4.071
1637486760 20.37 91.69 0 4.071
1637486820 20.34 91.72 0 4.071
1637486880 20.3 91.79 0 4.071
1637486940 20.26 91.83 0 4.071
1637487000 20.23 91.86 0 4.071
1637487060 20.21 91.93 0 4.071
1637487120 20.17 91.97 0 4.071
1637487180 20.13 92.05 0 4.071
1637487240 20.13 92.09 0 4.071
1637487300 20.08 92.13 0 4.071
1637487360 20.07 92.16 0 4.071
1637487420 20.11 92.23 0 4.071
1637487480 20.11 92.31 0 4.065
1637487540 20.08 92.32 0 4.065
1637487600 20.1 92.35 0 4.065
1637487660 20.11 92.43 0 4.071
1637487720 20.11 92.47 0 4.071
1637487780 20.1 92.52 0 4.071
1637487840 20.13 92.55 0 4.071
1637487900 20.1 92.59 0 4.071
1637487960 20.1 92.63 0 4.071
1637488020 20.07 92.67 0 4.071
1637488080 20.07 92.7 0 4.071
1637488140 20.08 92.76 0 4.071
1637488200 20.08 92.77 0 4.071
1637488260 20.04 92.82 0 4.065
1637488320 20.06 92.84 0 4.071
1637488380 20.03 92.85 0 4.065
1637488440 20.04 92.88 0 4.065
1637488500 20.06 92.9 0 4.071
1637488560 20.04 92.92 0 4.071
1637488620 20.1 92.91 0 4.065
1637488680 20.11 92.95 0 4.065
1637488740 20.1 92.99 0 4.071
1637488800 20.14 92.99 0 4.071
1637488860 20.13 93.04 0 4.065
1637488920 20.14 93.04 0 4.065
1637488980 20.17 93.07 0 4.065
1637489040 20.18 93.06 0 4.071
1637489100 20.21 93.09 0 4.071
1637489160 20.23 93.13 0 4.071
1637489220 20.2 93.13 0 4.065
1637489280 20.21 93.15 0 4.071
1637489340 20.21 93.17 0 4.065
1637489400 20.17 93.16 0 4.065
1637489460 20.18 93.17 0 4.071
1637489520 20.24 93.22 0 4.065
1637489580 20.27 93.24 0 4.071
1637489640 20.31 93.23 0 4.065
1637489700 20.34 93.28 0 4.065
1637489760 20.3 93.32 0 4.065
1637489820 20.28 93.28 0 4.065
1637489880 20.39 93.33 0 4.071
1637489940 20.35 93.26 0 4.065
1637490000 20.35 93.29 0 4.071
1637490060 20.34 93.27 0 4.065
1637490120 20.37 93.27 0 4.065
1637490180 20.39 93.27 0 4.065
1637490240 20.39 93.2 0 4.065
1637490300 20.45 93.23 0 4.065
1637490360 20.48 93.2 0 4.065
1637490420 20.52 93.2 0 4.065
1637490480 20.55 93.19 0 4.071
1637490540 20.59 93.21 0 4.071
1637490600 20.58 93.19 0 4.065
1637490660 20.55 93.15 0 4.065
1637490720 20.55 93.09 0 4.065
1637490780 20.55 93.1 0 4.071
1637490840 20.52 93.05 0 4.065
1637490900 20.52 93.05 0 4.065
1637490960 20.51 93.03 0 4.065
1637491020 20.49 93.02 0 4.071
1637491080 20.49 92.99 0 4.065
1637491140 20.51 92.93 0 4.065
1637491200 20.51 92.95 0 4.065
1637491260 20.51 92.91 0 4.065
1637491320 20.51 92.91 0 4.065
1637491380 20.52 92.89 0 4.071
1637491440 20.49 92.91 0 4.065
1637491500 20.44 92.93 0 4.065
1637491560 20.42 92.89 0 4.065
1637491620 20.41 92.9 0 4.065
1637491680 20.44 92.93 0 4.065
1637491740 20.39 92.9 0 4.065
1637491800 20.41 92.95 0 4.065
1637491860 20.37 92.95 0 4.065
1637491920 20.37 92.99 0 4.071
1637491980 20.39 92.97 0 4.065
1637492040 20.39 93.04 0 4.06
1637492100 20.32 93 0 4.065
1637492160 20.31 93.04 0 4.065
1637492220 20.31 93.05 0 4.065
1637492280 20.3 93.08 0 4.065
1637492340 20.3 93.05 0 4.065
1637492400 20.3 93.01 0 4.071
1637492460 20.3 93.07 0 4.065
1637492520 20.31 93.09 0 4.065
1637492580 20.3 93.07 0 4.071
1637492640 20.32 93.05 0 4.065
1637492700 20.34 93.05 0 4.065
1637492760 20.3 93.05 0 4.065
1637492820 20.34 93.04 0 4.065
1637492880 20.31 93 0 4.065
1637492940 20.32 93.01 0 4.065
1637493000 20.3 93.01 0 4.065
1637493060 20.34 92.96 0 4.065
1637493120 20.31 92.94 0 4.065
1637493180 20.31 92.9 0 4.065
1637493240 20.31 92.9 0 4.065
1637493300 20.35 92.91 0 4.065
1637493360 20.31 92.87 0 4.071
1637493420 20.31 92.85 0 4.065
1637493480 20.3 92.85 0 4.065
1637493540 20.3 92.83 0 4.071
1637493600 20.27 92.83 0 4.071
1637493660 20.21 92.82 0 4.071
1637493720 20.23 92.79 0 4.065
1637493780 20.23 92.82 0 4.065
1637493840 20.21 92.79 0 4.065
1637493900 20.18 92.77 0 4.065
1637493960 20.2 92.77 0 4.065
1637494020 20.18 92.79 0 4.065
1637494080 20.2 92.81 0 4.065
1637494140 20.13 92.78 0 4.065
1637494200 20.13 92.8 0 4.065
1637494260 20.11 92.79 0 4.065
1637494320 20.11 92.8 0 4.065
1637494380 20.1 92.8 0 4.065
1637494440 20.07 92.81 0 4.065
1637494500 20.07 92.87 0 4.065
1637494560 20.04 92.84 0 4.065
1637494620 20.04 92.83 0 4.065
1637494680 20 92.85 0 4.065
1637494740 20.01 92.86 0 4.065
1637494800 20.01 92.88 0 4.065
1637494860 20.01 92.95 0 4.065
1637494920 20 92.97 0 4.065
1637494980 19.98 92.99 0 4.071
1637495040 19.94 92.98 0 4.065
1637495100 19.93 93.04 0 4.065
1637495160 19.94 93.03 0 4.065
1637495220 19.98 93.09 0 4.065
1637495280 19.93 93.1 0 4.065
1637495340 19.88 93.14 4 4.065
1637495400 19.87 93.16 0 4.065
1637495460 19.87 93.16 0 4.065
1637495520 19.86 93.21 4 4.065
1637495580 19.84 93.26 4 4.06
1637495640 19.81 93.25 4 4.065
1637495700 19.79 93.28 4 4.065
1637495760 19.79 93.33 4 4.065
1637495820 19.8 93.35 4 4.065
1637495880 19.79 93.4 4 4.065
1637495940 19.79 93.42 4 4.065
1637496000 19.8 93.44 4 4.065
1637496060 19.76 93.43 4 4.06
1637496120 19.79 93.47 4 4.065
1637496180 19.8 93.55 4 4.065
1637496240 19.76 93.57 4 4.065
1637496300 19.79 93.61 4 4.065
1637496360 19.77 93.67 4 4.065
1637496420 19.77 93.66 10 4.065
1637496480 19.77 93.73 10 4.065
1637496540 19.77 93.74 4 4.065
1637496600 19.77 93.78 10 4.065
1637496660 19.81 93.8 10 4.065
1637496720 19.77 93.85 10 4.065
1637496780 19.83 93.84 10 4.065
1637496840 19.83 93.88 10 4.065
1637496900 19.83 93.9 16 4.065
1637496960 19.84 93.95 16 4.065
1637497020 19.86 93.95 16 4.065
1637497080 19.9 93.99 16 4.065
1637497140 19.93 94 16 4.065
1637497200 19.94 94.03 22 4.065
1637497260 19.93 94.03 16 4.065
1637497320 19.94 94.07 16 4.065
1637497380 20.03 94.09 22 4.065
1637497440 20.11 94.11 22 4.06
1637497500 20.08 94.1 22 4.065
1637497560 20.08 94.11 22 4.065
1637497620 20.07 94.07 28 4.065
1637497680 20.11 94.07 22 4.065
1637497740 20.18 94.07 22 4.065
1637497800 20.18 94 28 4.065
1637497860 20.24 93.93 28 4.065
1637497920 20.3 93.92 34 4.065
1637497980 20.37 93.9 28 4.065
1637498040 20.42 93.86 34 4.065
1637498100 20.47 93.81 34 4.065
1637498160 20.45 93.77 40 4.065
1637498220 20.51 93.7 40 4.065
1637498280 20.55 93.67 40 4.065
1637498340 20.58 93.6 46 4.065
1637498400 20.61 93.6 46 4.065
1637498460 20.67 93.59 46 4.065
1637498520 20.69 93.52 46 4.065
1637498580 20.72 93.5 46 4.065
1637498640 20.75 93.45 52 4.065
1637498700 20.78 93.42 58 4.065
1637498760 20.79 93.36 58 4.06
1637498820 20.83 93.32 58 4.065
1637498880 20.88 93.29 64 4.065
1637498940 20.9 93.21 64 4.065
1637499000 20.95 93.17 64 4.06
1637499060 20.96 93.13 64 4.065
1637499120 21 93.14 64 4.065
1637499180 21.02 93.04 64 4.06
1637499240 21.07 92.98 64 4.06
1637499300 21.12 92.95 64 4.06
1637499360 21.16 92.85 64 4.06
1637499420 21.18 92.75 70 4.065
1637499480 21.23 92.66 70 4.065
1637499540 21.32 92.57 76 4.065
1637499600 21.37 92.43 76 4.065
1637499660 21.44 92.27 70 4.065
1637499720 21.56 92.19 70 4.065
1637499780 21.63 92 70 4.065
1637499840 21.68 91.92 70 4.065
1637499900 21.7 91.82 70 4.065
1637499960 21.73 91.7 70 4.065
1637500020 21.76 91.63 70 4.065
1637500080 21.79 91.53 70 4.06
1637500140 21.79 91.37 70 4.06
1637500200 21.87 91.34 70 4.065
1637500260 21.88 91.27 70 4.065
1637500320 21.85 91.15 70 4.06
1637500380 21.93 91.05 76 4.065
1637500440 21.97 90.85 76 4.065
1637500500 22 90.74 76 4.065
1637500560 22.08 90.67 76 4.065
1637500620 22.11 90.54 76 4.065
1637500680 22.18 90.39 76 4.065
1637500740 22.22 90.22 76 4.065
1637500800 22.24 90.09 76 4.065
1637500860 22.28 89.97 76 4.065
1637500920 22.32 89.84 76 4.06
1637500980 22.32 89.71 76 4.06
1637501040 22.34 89.6 82 4.06
1637501100 22.28 89.5 76 4.065
1637501160 22.31 89.44 82 4.06
1637501220 22.32 89.35 82 4.06
1637501280 22.36 89.26 82 4.06
1637501340 22.49 89.2 88 4.06
1637501400 22.55 89.09 88 4.065
1637501460 22.61 89.06 94 4.06
1637501520 22.7 88.96 100 4.065
1637501580 22.72 88.89 100 4.065
1637501640 22.75 88.83 106 4.065
1637501700 22.78 88.77 100 4.06
1637501760 22.76 88.77 88 4.06
1637501820 22.8 88.69 70 4.06
1637501880 22.83 88.64 82 4.06
1637501940 22.8 88.53 112 4.06
1637502000 22.83 88.49 124 4.06
1637502060 22.82 88.38 137 4.065
1637502120 22.82 88.22 143 4.065
1637502180 22.83 88.1 155 4.065
1637502240 22.9 87.99 155 4.065
1637502300 22.99 87.84 149 4.065
1637502360 23.06 87.76 143 4.071
1637502420 23.1 87.71 143 4.065
1637502480 23.12 87.73 137 4.065
1637502540 23.03 87.6 131 4.065
1637502600 23.03 87.51 124 4.065
1637502660 23.02 87.3 118 4.065
1637502720 23.13 87.16 112 4.065
1637502780 23.19 87.09 100 4.055
1637502840 23.09 87.04 100 4.06
1637502900 23.09 87.04 94 4.06
1637502960 23.07 87.05 100 4.06
1637503020 23.13 86.98 94 4.065
1637503080 23.14 86.94 94 4.065
1637503140 23.1 86.87 94 4.065
1637503200 23.06 86.76 88 4.06
1637503260 23.07 86.74 94 4.06
1637503320 23.14 86.64 94 4.065
1637503380 23.13 86.56 94 4.06
1637503440 23.19 86.5 94 4.06
1637503500 23.21 86.42 94 4.065
1637503560 23.29 86.37 94 4.065
1637503620 23.26 86.27 94 4.06
1637503680 23.23 86.19 94 4.06
1637503740 23.26 86.15 94 4.06
1637503800 23.3 86.1 94 4.065
1637503860 23.39 86.07 94 4.06
1637503920 23.46 86 88 4.065
1637503980 23.46 85.89 94 4.06
1637504040 23.51 85.84 82 4.065
1637504100 23.56 85.77 88 4.065
1637504160 23.54 85.62 88 4.06
1637504220 23.56 85.36 94 4.065
1637504280 23.6 85.2 94 4.06
1637504340 23.63 85.05 100 4.065
1637504400 23.7 84.99 100 4.065
1637504460 23.71 84.8 100 4.065
1637504520 23.72 84.6 106 4.065
1637504580 23.78 84.42 106 4.065
1637504640 23.78 84.34 106 4.06
1637504700 23.8 84.1 112 4.06
1637504760 23.91 83.87 112 4.065
1637504820 23.98 83.53 112 4.065
1637504880 24.04 83.23 112 4.065
1637504940 24.02 82.9 112 4.065
1637505000 24.11 82.63 118 4.065
1637505060 24.16 82.42 112 4.065
1637505120 24.08 82.24 112 4.065
1637505180 24.12 82.01 106 4.065
1637505240 24.19 81.87 112 4.065
1637505300 24.22 81.65 112 4.06
1637505360 24.31 81.46 118 4.065
1637505420 24.36 81.13 112 4.065
1637505480 24.36 80.87 112 4.06
1637505540 24.38 80.62 106 4.06
1637505600 24.45 80.38 94 4.06
1637505660 24.48 80.23 94 4.06
1637505720 24.52 80.06 82 4.06
1637505780 24.59 79.88 88 4.065
1637505840 24.65 79.74 88 4.06
1637505900 24.7 79.62 94 4.06
1637505960 24.69 79.57 94 4.065
1637506020 24.66 79.5 82 4.065
1637506080 25.26 77.62 137 4.065
1637506140 25.27 77.51 143 4.065
1637506200 25.27 77.38 137 4.065
1637506260 25.31 77.38 106 4.065
1637506320 25.36 77.27 112 4.065
1637506380 25.31 77.03 149 4.06
1637506440 25.28 76.85 179 4.065
1637506500 25.33 76.83 231 4.065
1637506560 25.45 76.74 382 4.065
1637506620 25.56 76.57 459 4.071
1637506680 25.6 76.27 280 4.065
1637506740 25.77 76.04 442 4.071
1637506800 26.03 75.88 640 4.071
1637506860 26.21 75.62 460 4.071
1637506920 26.47 75.4 292 4.071
1637506980 26.72 75.01 249 4.071
1637507040 26.86 74.54 256 4.071
1637507100 26.82 74.13 268 4.071
1637507160 26.94 73.85 243 4.071
1637507220 27 73.55 262 4.071
1637507280 27 73.29 239 4.071
1637507340 27.1 72.98 256 4.071
1637507400 27.03 72.64 322 4.071
1637507460 27.14 72.27 221 4.065
1637507520 27.1 72.01 424 4.071
1637507580 27.07 71.93 670 4.065
1637507640 26.93 71.78 507 4.071
1637507700 27 71.54 460 4.071
1637507760 27.15 71.42 495 4.071
1637507820 27.37 71.19 597 4.071
1637507880 27.45 70.98 627 4.071
1637507940 27.51 70.64 406 4.071
1637508000 27.54 70.33 256 4.071
1637508060 27.44 70.13 268 4.071
1637508120 27.54 70.04 286 4.065
1637508180 27.62 69.78 237 4.065
1637508240 27.82 69.61 268 4.065
1637508300 27.58 69.32 328 4.071
1637508360 27.43 69.12 334 4.071
1637508420 27.49 68.94 358 4.071
1637508480 27.23 68.6 280 4.065
1637508540 27.28 68.35 239 4.065
1637508600 27.37 68.1 292 4.071
1637508660 27.3 67.84 262 4.071
1637508720 27.27 67.57 231 4.065
1637508780 27.33 67.42 143 4.065
1637508840 27.35 67.09 167 4.065
1637508900 27.35 66.81 179 4.071
1637508960 27.3 66.55 173 4.071
1637509020 27.07 66.28 143 4.071
1637509080 27.14 66.04 143 4.065
1637509140 27.18 65.95 94 4.065
1637509200 27.15 65.73 88 4.065
1637509260 27.17 65.62 82 4.065
1637509320 27.01 65.65 82 4.065
1637509380 26.97 65.66 82 4.065
1637509440 26.91 65.67 88 4.065
1637509500 26.84 65.65 112 4.065
1637509560 26.74 65.79 118 4.065
1637509620 26.67 65.89 124 4.065
1637509680 26.63 65.85 118 4.065
1637509740 26.64 65.67 118 4.065
1637509800 26.57 65.51 143 4.065
1637509860 26.46 65.21 173 4.065
1637509920 26.5 65.04 215 4.071
1637509980 26.62 64.87 237 4.065
1637510040 26.72 64.67 328 4.065
1637510100 26.83 64.45 472 4.071
1637510160 26.91 64.33 406 4.071
1637510220 27.17 64.18 346 4.071
1637510280 27.25 64.04 322 4.076
1637510340 27.38 63.87 304 4.076
1637510400 27.47 63.71 310 4.076
1637510460 27.54 63.49 352 4.071
1637510520 27.75 63.27 263 4.071
1637510580 27.79 62.99 262 4.076
1637510640 27.81 62.77 263 4.076
1637510700 27.88 62.61 243 4.076
1637510760 27.91 62.45 245 4.076
1637510820 27.99 62.35 251 4.076
1637510880 28.1 62.31 249 4.071
1637510940 28.2 62.13 274 4.076
1637511000 28.24 62.03 322 4.076
1637511060 28.43 62.04 358 4.076
1637511120 28.61 61.85 334 4.076
1637511180 28.71 61.69 269 4.076
1637511240 28.57 61.45 293 4.076
1637511300 28.56 61.3 394 4.076
1637511360 28.67 61.26 305 4.076
1637511420 28.82 61.19 209 4.076
1637511480 28.81 60.95 227 4.076
1637511540 28.86 60.74 251 4.076
1637511600 28.96 60.57 281 4.076
1637511660 28.9 60.31 263 4.076
1637511720 28.98 60.09 227 4.076
1637511780 28.94 59.9 249 4.071
1637511840 28.98 59.73 358 4.076
1637511900 28.96 59.55 442 4.082
1637511960 28.84 59.42 400 4.076
1637512020 28.8 59.22 275 4.076
1637512080 28.89 58.92 299 4.076
1637512140 28.98 58.74 310 4.082
1637512200 29.18 58.55 263 4.076
1637512260 29.17 58.3 185 4.076
1637512320 29.12 58.03 221 4.076
1637512380 29.24 57.86 466 4.076
1637512440 29.18 57.63 221 4.076
1637512500 29.04 57.43 239 4.076
1637512560 28.91 57.27 257 4.082
1637512620 28.87 57.17 551 4.082
1637512680 28.82 57.09 1147 4.087
1637512740 28.77 56.98 769 4.087
1637512800 29.01 56.92 588 4.087
1637512860 29.2 56.82 305 4.082
1637512920 29.28 56.73 305 4.082
1637512980 29.36 56.73 689 4.087
1637513040 29.38 56.67 1070 4.098
1637513100 29.28 56.63 664 4.092
1637513160 29.41 56.64 679 4.092
1637513220 29.45 56.56 396 4.087
1637513280 29.38 56.43 311 4.082
1637513340 29.41 56.43 275 4.082
1637513400 29.45 56.4 269 4.082
1637513460 29.42 56.41 257 4.082
1637513520 29.47 56.42 245 4.082
1637513580 29.44 56.52 233 4.082
1637513640 29.34 56.63 227 4.082
1637513700 29.31 56.66 209 4.082
1637513760 29.15 56.66 191 4.076
1637513820 28.9 56.67 185 4.076
1637513880 28.82 56.74 185 4.082
1637513940 28.71 56.88 209 4.082
1637514000 28.54 57.08 227 4.082
1637514060 28.49 57.36 263 4.082
1637514120 28.45 57.59 263 4.082
1637514180 28.42 57.91 269 4.082
1637514240 28.32 58.24 257 4.082
1637514300 28.18 58.57 257 4.082
1637514360 28.26 58.89 245 4.082
1637514420 28.3 59.13 233 4.082
1637514480 28.39 59.42 233 4.082
1637514540 28.35 59.68 359 4.087
1637514600 28.4 59.88 892 4.076
1637514660 28.5 60.1 1011 4.076
1637514720 28.73 60.26 377 4.092
1637514780 28.94 60.3 311 4.087
1637514840 28.91 60.33 287 4.087
1637514900 28.86 60.42 263 4.082
1637514960 28.8 60.55 245 4.082
1637515020 28.59 60.64 227 4.082
1637515080 28.39 60.72 209 4.082
1637515140 28.26 60.9 197 4.082
1637515200 28.16 61.15 197 4.082
1637515260 28.12 61.34 227 4.087
1637515320 28 61.51 191 4.082
1637515380 27.92 61.65 179 4.082
1637515440 27.86 61.84 179 4.082
1637515500 27.84 62.03 179 4.076
1637515560 27.78 62.17 179 4.082
1637515620 27.71 62.4 173 4.082
1637515680 27.75 62.66 173 4.082
1637515740 27.69 62.95 173 4.082
1637515800 27.72 63.23 191 4.082
1637515860 27.71 63.44 203 4.082
1637515920 27.56 63.58 209 4.087
1637515980 27.54 63.74 209 4.082
1637516040 27.44 63.97 209 4.082
1637516100 27.43 64.1 209 4.082
1637516160 27.35 64.29 215 4.082
1637516220 27.33 64.47 221 4.082
1637516280 27.38 64.61 227 4.087
1637516340 27.44 64.76 233 4.082
1637516400 27.47 64.87 239 4.082
1637516460 27.49 65.01 245 4.087
1637516520 27.51 65.06 245 4.087
1637516580 27.59 65.11 245 4.087
1637516640 27.69 65.13 239 4.087
1637516700 27.75 65.13 239 4.087
1637516760 27.73 65.18 239 4.087
1637516820 27.65 65.16 239 4.087
1637516880 27.59 65.21 245 4.087
1637516940 27.64 65.28 257 4.087
1637517000 27.61 65.26 257 4.087
1637517060 27.59 65.27 269 4.092
1637517120 27.72 65.29 275 4.087
1637517180 27.78 65.33 281 4.092
1637517240 27.79 65.38 281 4.087
1637517300 27.89 65.48 281 4.092
1637517360 27.86 65.51 311 4.087
1637517420 27.91 65.54 323 4.092
1637517480 28.05 65.51 317 4.087
1637517540 28.09 65.49 305 4.092
1637517600 28 65.45 281 4.087
1637517660 27.99 65.44 263 4.087
1637517720 27.86 65.39 251 4.092
1637517780 27.69 65.42 239 4.087
1637517840 27.76 65.51 239 4.087
1637517900 27.65 65.53 257 4.092
1637517960 27.71 65.53 287 4.098
1637518020 27.72 65.56 311 4.092
1637518080 27.75 65.6 335 4.092
1637518140 27.86 65.67 365 4.092
1637518200 27.99 65.69 373 4.098
1637518260 28.1 65.66 384 4.092
1637518320 28.12 65.67 355 4.092
1637518380 28.32 65.61 329 4.092
1637518440 28.5 65.56 311 4.092
1637518500 28.45 65.51 287 4.092
1637518560 28.39 65.46 275 4.092
1637518620 28.29 65.31 257 4.092
1637518680 28.35 65.2 269 4.092
1637518740 28.13 65.15 293 4.092
1637518800 28.08 65.19 329 4.098
1637518860 27.95 65.12 402 4.087
1637518920 27.86 65.11 478 4.082
1637518980 27.88 65.15 462 4.082
1637519040 27.94 65.16 444 4.092
1637519100 28.26 65.25 448 4.082
1637519160 28.18 65.16 508 4.082
1637519220 28.27 65.1 899 4.082
1637519280 28.35 65.07 737 4.082
1637519340 28.59 65.09 493 4.098
1637519400 28.67 65 427 4.098
1637519460 28.63 64.93 377 4.092
1637519520 28.8 64.95 353 4.098
1637519580 28.93 64.79 359 4.092
1637519640 28.96 64.67 287 4.092
1637519700 28.91 64.54 281 4.092
1637519760 28.87 64.43 293 4.092
1637519820 28.73 64.34 325 4.098
1637519880 28.47 64.3 359 4.098
1637519940 28.29 64.33 420 4.087
1637520000 28.1 64.33 1019 4.087
1637520060 28.22 64.48 689 4.087
1637520120 28.6 64.61 445 4.098
1637520180 28.77 64.64 426 4.098
1637520240 28.63 64.43 492 4.087
1637520300 28.5 64.39 439 4.098
1637520360 28.54 64.48 367 4.098
1637520420 28.67 64.47 341 4.098
1637520480 28.75 64.33 337 4.098
1637520540 28.9 64.22 337 4.098
1637520600 29.05 64.16 349 4.098
1637520660 28.98 64 361 4.098
1637520720 28.73 63.78 384 4.087
1637520780 28.73 63.63 397 4.098
1637520840 28.54 63.59 427 4.098
1637520900 28.5 63.59 462 4.087
1637520960 28.49 63.59 624 4.087
1637521020 28.46 63.45 780 4.087
1637521080 28.6 63.35 977 4.087
1637521140 28.54 63.16 966 4.087
1637521200 28.78 63.09 1031 4.082
1637521260 28.94 62.95 1129 4.087
1637521320 29.2 62.83 1103 4.082
1637521380 29.77 62.69 1121 4.087
1637521440 30.2 62.47 626 4.098
1637521500 30.33 62.18 632 4.103
1637521560 30.15 61.77 707 4.087
1637521620 30.37 61.58 674 4.098
1637521680 30.4 61.28 626 4.098
1637521740 30.57 60.95 475 4.098
1637521800 30.71 60.6 786 4.087
1637521860 30.71 60.23 689 4.082
1637521920 30.79 59.89 638 4.098
1637521980 30.75 59.6 692 4.103
1637522040 30.73 59.41 966 4.087
1637522100 30.81 59.23 1067 4.082
1637522160 30.91 59.03 1075 4.082
1637522220 30.54 58.89 1085 4.087
1637522280 30.71 58.91 1085 4.087
1637522340 31.05 58.77 1087 4.098
1637522400 31.22 58.64 1060 4.103
1637522460 31.58 58.49 323 4.092
1637522520 31.84 58.21 287 4.092
1637522580 31.42 57.89 281 4.087
1637522640 30.99 57.7 275 4.092
1637522700 30.54 57.58 275 4.092
1637522760 30.13 57.65 293 4.092
1637522820 29.85 57.72 275 4.098
1637522880 29.51 57.87 263 4.092
1637522940 29.26 58.05 251 4.092
1637523000 29.11 58.31 245 4.092
1637523060 28.98 58.63 257 4.092
1637523120 28.81 58.95 263 4.092
1637523180 28.64 59.33 281 4.092
1637523240 28.7 59.61 281 4.098
1637523300 28.7 59.8 281 4.098
1637523360 28.63 60.06 289 4.098
1637523420 28.57 60.46 295 4.092
1637523480 28.57 60.7 295 4.098
1637523540 28.7 61 295 4.098
1637523600 28.61 61.07 289 4.098
1637523660 28.57 61.14 283 4.098
1637523720 28.6 61.33 289 4.092
1637523780 28.64 61.4 331 4.098
1637523840 28.61 61.55 325 4.098
1637523900 28.66 61.66 426 4.092
1637523960 28.7 61.63 329 4.098
1637524020 28.75 61.7 397 4.098
1637524080 28.71 61.7 618 4.087
1637524140 28.84 61.76 365 4.092
1637524200 28.9 61.8 481 4.098
1637524260 28.78 61.77 474 4.087
1637524320 28.81 61.69 275 4.098
1637524380 28.7 61.62 271 4.098
1637524440 28.54 61.63 311 4.092
1637524500 28.54 61.54 265 4.092
1637524560 28.66 61.52 420 4.098
1637524620 28.54 61.52 335 4.092
1637524680 28.46 61.56 807 4.098
1637524740 28.5 61.58 692 4.098
1637524800 28.64 61.53 849 4.103
1637524860 28.9 61.48 858 4.092
1637524920 29.07 61.31 536 4.092
1637524980 29.25 61.15 849 4.098
1637525040 29.2 61.03 825 4.098
1637525100 29.39 60.91 801 4.092
1637525160 29.65 60.86 807 4.098
1637525220 29.53 60.71 819 4.098
1637525280 29.71 60.57 825 4.098
1637525340 29.83 60.4 281 4.092
1637525400 29.76 60.22 801 4.098
1637525460 29.75 60.11 825 4.098
1637525520 29.72 60 843 4.098
1637525580 29.56 59.89 807 4.098
1637525640 29.61 59.79 427 4.098
1637525700 29.63 59.66 807 4.098
1637525760 29.87 59.58 752 4.098
1637525820 29.86 59.42 703 4.098
1637525880 29.89 59.23 540 4.092
1637525940 29.85 59 463 4.092
1637526000 29.72 58.77 697 4.098
1637526060 29.71 58.72 456 4.098
1637526120 29.73 58.6 192 4.092
1637526180 29.55 58.54 480 4.092
1637526240 29.31 58.47 685 4.092
1637526300 29.22 58.48 685 4.092
1637526360 29.25 58.52 745 4.098
1637526420 29.29 58.54 546 4.098
1637526480 29.35 58.58 727 4.092
1637526540 29.51 58.65 335 4.092
1637526600 29.53 58.64 137 4.092
1637526660 29.26 58.6 155 4.092
1637526720 29.21 58.67 221 4.092
1637526780 29.14 58.76 173 4.092
1637526840 28.86 58.84 710 4.098
1637526900 28.74 58.95 704 4.098
1637526960 28.82 59.06 668 4.092
1637527020 28.98 59.14 644 4.092
1637527080 29.08 59.18 251 4.092
1637527140 29 59.26 112 4.092
1637527200 28.91 59.4 112 4.092
1637527260 28.77 59.54 149 4.092
1637527320 28.78 59.69 173 4.092
1637527380 28.8 59.69 118 4.092
1637527440 28.74 59.79 118 4.092
1637527500 28.63 59.91 132 4.092
1637527560 28.56 60.06 179 4.092
1637527620 28.36 60.1 311 4.098
1637527680 28.22 60.24 161 4.092
1637527740 28.12 60.43 167 4.098
1637527800 27.99 60.64 630 4.092
1637527860 28.12 60.9 522 4.092
1637527920 28.29 61.01 137 4.092
1637527980 28.33 61.09 143 4.092
1637528040 28.37 61.19 570 4.092
1637528100 28.35 61.25 112 4.092
1637528160 28.33 61.38 124 4.092
1637528220 28.36 61.59 131 4.092
1637528280 28.29 61.71 131 4.092
1637528340 28.23 61.81 594 4.098
1637528400 28.18 62.02 590 4.098
1637528460 28.1 62.16 596 4.098
1637528520 28.36 62.4 554 4.098
1637528580 28.5 62.55 548 4.092
1637528640 28.5 62.62 558 4.092
1637528700 28.53 62.73 560 4.098
1637528760 28.59 62.82 560 4.092
1637528820 28.67 62.92 451 4.098
1637528880 28.51 62.98 365 4.092
1637528940 28.51 63.06 409 4.098
1637529000 28.43 63.16 421 4.098
1637529060 28.51 63.24 289 4.098
1637529120 28.54 63.22 215 4.098
1637529180 28.61 63.28 228 4.098
1637529240 28.57 63.27 198 4.098
1637529300 28.54 63.25 192 4.098
1637529360 28.53 63.33 210 4.098
1637529420 28.59 63.33 210 4.098
1637529480 28.61 63.34 216 4.098
1637529540 28.66 63.22 180 4.098
1637529600 28.6 63.05 180 4.098
1637529660 28.5 62.92 180 4.098
1637529720 28.43 62.8 174 4.098
1637529780 28.32 62.64 161 4.098
1637529840 28.29 62.61 180 4.098
1637529900 28.2 62.56 173 4.092
1637529960 28.13 62.56 180 4.098
1637530020 28.27 62.49 210 4.098
1637530080 28.23 62.52 216 4.098
1637530140 28.2 62.46 180 4.098
1637530200 28.13 62.49 192 4.098
1637530260 28.12 62.49 192 4.098
1637530320 28.08 62.52 174 4.098
1637530380 28.08 62.67 192 4.098
1637530440 28.03 62.75 186 4.098
1637530500 28.08 62.85 186 4.098
1637530560 28.08 62.89 168 4.098
1637530620 28.1 63.02 162 4.098
1637530680 28.09 63.07 161 4.098
1637530740 28.02 63.17 168 4.098
1637530800 27.96 63.26 168 4.098
1637530860 27.86 63.32 173 4.098
1637530920 27.76 63.4 168 4.098
1637530980 27.72 63.58 156 4.098
1637531040 27.69 63.62 138 4.092
1637531100 27.66 63.78 124 4.092
1637531160 27.56 63.93 120 4.098
1637531220 27.47 64.13 106 4.098
1637531280 27.43 64.3 106 4.092
1637531340 27.35 64.42 106 4.092
1637531400 27.35 64.63 112 4.092
1637531460 27.37 64.76 114 4.098
1637531520 27.34 64.81 120 4.092
1637531580 27.35 64.92 126 4.092
1637531640 27.3 64.96 137 4.098
1637531700 27.3 65.08 137 4.098
1637531760 27.31 65.15 143 4.098
1637531820 27.34 65.17 137 4.098
1637531880 27.33 65.22 138 4.098
1637531940 27.37 65.27 132 4.098
1637532000 27.37 65.29 132 4.098
1637532060 27.38 65.32 132 4.098
1637532120 27.43 65.38 132 4.098
1637532180 27.43 65.49 126 4.098
1637532240 27.44 65.55 124 4.098
1637532300 27.43 65.53 124 4.098
1637532360 27.43 65.55 120 4.098
1637532420 27.44 65.59 112 4.098
1637532480 27.4 65.63 108 4.092
1637532540 27.41 65.68 106 4.092
1637532600 27.38 65.72 106 4.092
1637532660 27.33 65.77 102 4.098
1637532720 27.3 65.84 94 4.098
1637532780 27.18 65.94 96 4.092
1637532840 27.18 66.1 94 4.098
1637532900 27.08 66.24 88 4.092
1637532960 27.07 66.38 88 4.092
1637533020 26.97 66.49 82 4.092
1637533080 26.93 66.66 82 4.098
1637533140 26.91 66.85 76 4.092
1637533200 26.87 67 76 4.092
1637533260 26.84 67.19 70 4.092
1637533320 26.79 67.35 76 4.098
1637533380 26.74 67.61 70 4.092
1637533440 26.76 67.88 70 4.092
1637533500 26.73 68.06 70 4.092
1637533560 26.72 68.21 70 4.092
1637533620 26.72 68.35 70 4.092
1637533680 26.66 68.49 64 4.092
1637533740 26.57 68.56 64 4.092
1637533800 26.59 68.68 58 4.092
1637533860 26.59 68.79 58 4.092
1637533920 26.6 68.85 52 4.092
1637533980 26.59 68.96 52 4.092
1637534040 26.53 69.08 52 4.092
1637534100 26.43 69.09 52 4.092
1637534160 26.4 69.16 46 4.092
1637534220 26.4 69.23 46 4.092
1637534280 26.38 69.28 46 4.087
1637534340 26.35 69.31 46 4.092
1637534400 26.36 69.39 46 4.092
1637534460 26.32 69.49 40 4.092
1637534520 26.35 69.52 40 4.092
1637534580 26.33 69.63 40 4.087
1637534640 26.29 69.7 40 4.092
1637534700 26.25 69.8 40 4.092
1637534760 26.19 69.92 34 4.087
1637534820 26.19 70.04 34 4.092
1637534880 26.18 70.16 34 4.092
1637534940 26.15 70.28 34 4.092
1637535000 26.15 70.41 34 4.092
1637535060 26.15 70.54 28 4.092
1637535120 26.15 70.62 28 4.092
1637535180 26.14 70.75 28 4.082
1637535240 26.14 70.85 22 4.087
1637535300 26.14 70.91 22 4.087
1637535360 26.09 71.08 22 4.092
1637535420 26.05 71.25 22 4.087
1637535480 26.08 71.29 22 4.092
1637535540 26.12 71.34 22 4.087
1637535600 26.11 71.42 22 4.087
1637535660 26.12 71.52 22 4.087
1637535720 26.05 71.66 22 4.092
1637535780 26.01 71.72 22 4.087
1637535840 25.99 71.85 16 4.092
1637535900 25.93 71.92 16 4.087
1637535960 25.96 71.95 16 4.092
1637536020 25.96 72.04 16 4.092
1637536080 25.93 72.15 16 4.087
1637536140 25.95 72.19 16 4.092
1637536200 25.93 72.21 16 4.087
1637536260 25.92 72.23 16 4.092
1637536320 25.91 72.16 10 4.092
1637536380 25.89 72.07 10 4.087
1637536440 25.91 72.02 4 4.087
1637536500 25.92 72.02 4 4.087
1637536560 25.89 71.94 4 4.092
1637536620 25.89 71.93 10 4.092
1637536680 25.89 71.89 4 4.087
1637536740 25.88 71.99 4 4.092
1637536800 25.85 72.01 0 4.087
1637536860 25.81 72.1 0 4.092
1637536920 25.77 72.25 0 4.092
1637536980 25.64 72.44 0 4.092
1637537040 25.54 72.8 0 4.092
1637537100 25.38 73.15 0 4.092
1637537160 25.26 73.46 0 4.092
1637537220 25.16 73.82 0 4.092
1637537280 24.98 74.22 0 4.087
1637537340 24.9 74.76 0 4.087
1637537400 24.75 75.2 0 4.092
1637537460 24.73 75.65 0 4.092
1637537520 24.62 76.12 0 4.092
1637537580 24.55 76.8 0 4.092
1637537640 24.39 77.45 0 4.087
1637537700 24.22 78.13 0 4.092
1637537760 24.05 78.83 0 4.092
1637537820 23.92 79.38 0 4.092
1637537880 23.91 80.01 0 4.076
1637537940 23.77 80.74 0 4.087
1637538000 23.68 81.06 0 4.087
1637538060 23.59 81.39 0 4.092
1637538120 23.54 81.77 0 4.087
1637538180 23.59 82.32 0 4.087
1637538240 23.49 82.77 0 4.087
1637538300 23.44 83.24 0 4.087
1637538360 23.43 83.8 0 4.092
1637538420 23.36 84.22 0 4.087
1637538480 23.33 84.73 0 4.087
1637538540 23.31 85.13 0 4.092
1637538600 23.23 85.53 0 4.087
1637538660 23.06 85.85 0 4.087
1637538720 23 86.16 0 4.087
1637538780 22.93 86.44 0 4.087
1637538840 22.93 86.74 0 4.087
1637538900 22.92 87.09 0 4.087
1637538960 22.83 87.35 0 4.087
1637539020 22.8 87.68 0 4.087
1637539080 22.79 87.97 0 4.087
1637539140 22.76 88.25 0 4.092
1637539200 22.69 88.52 0 4.087
1637539260 22.66 88.78 0 4.087
1637539320 22.7 89.09 0 4.092
1637539380 22.7 89.35 0 4.087
1637539440 22.65 89.55 0 4.092
1637539500 22.68 89.78 0 4.087
1637539560 22.61 90.02 0 4.092
1637539620 22.61 90.25 0 4.092
1637539680 22.58 90.46 0 4.087
1637539740 22.55 90.67 0 4.087
1637539800 22.52 90.86 0 4.087
1637539860 22.49 91.04 0 4.087
1637539920 22.49 91.19 0 4.087
1637539980 22.51 91.36 0 4.092
1637540040 22.45 91.48 0 4.087
1637540100 22.46 91.61 0 4.092
1637540160 22.48 91.76 0 4.087
1637540220 22.52 91.89 0 4.087
1637540280 22.58 92.06 0 4.087
1637540340 22.52 92.23 0 4.087
1637540400 22.49 92.3 0 4.087
1637540460 22.42 92.4 0 4.087
1637540520 22.44 92.49 0 4.087
1637540580 22.46 92.61 0 4.087
1637540640 22.41 92.69 0 4.087
1637540700 22.42 92.79 0 4.087
1637540760 22.38 92.87 0 4.087
1637540820 22.39 92.96 0 4.087
1637540880 22.41 93.02 0 4.087
1637540940 22.41 93.12 0 4.087
1637541000 22.44 93.21 0 4.087
1637541060 22.39 93.23 0 4.087
1637541120 22.48 93.32 0 4.087
1637541180 22.51 93.42 0 4.087
1637541240 22.58 93.48 0 4.087
1637541300 22.56 93.59 0 4.087
1637541360 22.46 93.62 0 4.087
1637541420 22.44 93.69 0 4.087
1637541480 22.42 93.71 0 4.087
1637541540 22.39 93.78 0 4.087
1637541600 22.35 93.83 0 4.087
1637541660 22.3 93.87 0 4.087
1637541720 22.24 93.98 0 4.087
1637541780 22.18 93.99 0 4.087
1637541840 22.22 94.02 0 4.087
1637541900 22.21 94.1 0 4.087
1637541960 22.19 94.13 0 4.087
1637542020 22.15 94.14 0 4.087
1637542080 22.12 94.21 0 4.087
1637542140 22.11 94.23 0 4.087
1637542200 22.1 94.24 0 4.087
1637542260 22.12 94.3 0 4.087
1637542320 22.12 94.27 0 4.087
1637542380 22.1 94.34 0 4.087
1637542440 22.08 94.4 0 4.087
1637542500 22.08 94.38 0 4.087
1637542560 22.1 94.43 0 4.087
1637542620 22.1 94.4 0 4.087
1637542680 22.04 94.47 0 4.087
1637542740 22.12 94.5 0 4.087
1637542800 22.11 94.51 0 4.087
1637542860 22.14 94.55 0 4.087
1637542920 22.14 94.56 0 4.087
1637542980 22.11 94.59 0 4.087
1637543040 22.07 94.6 0 4.087
1637543100 22.05 94.64 0 4.087
1637543160 22.01 94.61 0 4.087
1637543220 21.98 94.63 0 4.087
1637543280 21.95 94.63 0 4.087
1637543340 21.95 94.63 0 4.087
1637543400 21.94 94.63 0 4.087
1637543460 21.94 94.66 0 4.087
1637543520 21.91 94.65 0 4.087
1637543580 21.91 94.68 0 4.087
1637543640 21.91 94.65 0 4.087
1637543700 21.94 94.67 0 4.087
1637543760 21.95 94.68 0 4.087
1637543820 21.97 94.68 0 4.087
1637543880 22 94.71 0 4.087
1637543940 21.98 94.7 0 4.087
1637544000 21.94 94.67 0 4.082
1637544060 21.95 94.71 0 4.087
1637544120 21.9 94.69 0 4.087
1637544180 21.97 94.69 0 4.082
1637544240 22.05 94.71 0 4.087
1637544300 22 94.68 0 4.087
1637544360 22.05 94.67 0 4.087
1637544420 22.04 94.67 0 4.087
1637544480 22.01 94.68 0 4.087
1637544540 21.97 94.68 0 4.082
1637544600 22.04 94.67 0 4.087
1637544660 22.04 94.66 0 4.087
1637544720 22.03 94.63 0 4.082
1637544780 21.98 94.61 0 4.087
1637544840 21.97 94.6 0 4.087
1637544900 21.95 94.62 0 4.087
1637544960 21.93 94.59 0 4.087
1637545020 21.97 94.56 0 4.087
1637545080 21.97 94.51 0 4.082
1637545140 21.93 94.48 0 4.087
1637545200 21.98 94.49 0 4.087
1637545260 22.03 94.46 0 4.082
1637545320 21.97 94.48 0 4.087
1637545380 21.94 94.45 0 4.082
1637545440 21.95 94.46 0 4.082
1637545500 21.83 94.37 0 4.087
1637545560 21.84 94.39 0 4.087
1637545620 21.77 94.34 0 4.082
1637545680 21.79 94.27 0 4.082
1637545740 21.7 94.26 0 4.082
1637545800 21.64 94.25 0 4.087
1637545860 21.65 94.23 0 4.082
1637545920 21.6 94.17 0 4.082
1637545980 21.57 94.12 0 4.082
1637546040 21.63 94.14 0 4.082
1637546100 21.68 94.09 0 4.082
1637546160 21.64 94.07 0 4.087
1637546220 21.71 94.07 0 4.087
1637546280 21.7 94.1 0 4.087
1637546340 21.56 94.07 0 4.082
1637546400 21.52 93.99 0 4.082
1637546460 21.6 93.99 0 4.087
1637546520 21.65 93.99 0 4.087
1637546580 21.65 93.91 0 4.082
1637546640 21.64 93.88 0 4.082
1637546700 21.67 93.89 0 4.082
1637546760 21.74 93.88 0 4.087
1637546820 21.68 93.86 0 4.082
1637546880 21.64 93.88 0 4.082
1637546940 21.6 93.84 0 4.082
1637547000 21.53 93.86 0 4.082
1637547060 21.56 93.8 0 4.082
1637547120 21.57 93.78 0 4.087
1637547180 21.58 93.73 0 4.082
1637547240 21.6 93.76 0 4.082
1637547300 21.57 93.72 0 4.082
1637547360 21.6 93.73 0 4.082
1637547420 21.57 93.71 0 4.082
1637547480 21.63 93.71 0 4.082
1637547540 21.7 93.66 0 4.082
1637547600 21.77 93.63 0 4.082
1637547660 21.84 93.64 0 4.082
1637547720 21.81 93.63 0 4.082
1637547780 21.74 93.68 0 4.082
1637547840 21.76 93.61 0 4.082
1637547900 21.77 93.66 0 4.082
1637547960 21.73 93.67 0 4.082
1637548020 21.65 93.69 0 4.082
1637548080 21.65 93.69 0 4.082
1637548140 21.65 93.67 0 4.082
1637548200 21.64 93.65 0 4.082
1637548260 21.64 93.7 0 4.082
1637548320 21.61 93.64 0 4.082
1637548380 21.68 93.68 0 4.082
1637548440 21.74 93.65 0 4.082
1637548500 21.74 93.68 0 4.082
1637548560 21.76 93.71 0 4.082
1637548620 21.73 93.71 0 4.082
1637548680 21.74 93.71 0 4.076
1637548740 21.64 93.69 0 4.082
1637548800 21.57 93.72 0 4.082
1637548860 21.63 93.71 0 4.082
1637548920 21.64 93.65 0 4.082
1637548980 21.67 93.64 0 4.082
1637549040 21.64 93.62 0 4.082
1637549100 21.76 93.57 0 4.082
1637549160 21.71 93.57 0 4.082
1637549220 21.68 93.52 0 4.082
1637549280 21.65 93.5 0 4.082
1637549340 21.65 93.46 0 4.082
1637549400 21.67 93.43 0 4.082
1637549460 21.64 93.4 0 4.082
1637549520 21.6 93.34 0 4.082
1637549580 21.63 93.26 0 4.082
1637549640 21.67 93.22 0 4.082
1637549700 21.71 93.2 0 4.082
1637549760 21.73 93.1 0 4.082
1637549820 21.76 93.06 0 4.082
1637549880 21.77 93 0 4.082
1637549940 21.77 92.99 0 4.082
1637550000 21.79 92.97 0 4.076
1637550060 21.77 93 0 4.082
1637550120 21.68 92.96 0 4.082
1637550180 21.71 92.98 0 4.082
1637550240 21.76 93 0 4.082
1637550300 21.71 92.97 0 4.082
1637550360 21.74 92.99 0 4.076
1637550420 21.74 92.98 0 4.082
1637550480 21.7 93.01 0 4.076
1637550540 21.76 93.01 0 4.076
1637550600 21.76 93.03 0 4.076
1637550660 21.68 93.01 0 4.082
1637550720 21.68 93.06 0 4.082
1637550780 21.7 93.09 0 4.082
1637550840 21.68 93.08 0 4.082
1637550900 21.65 93.09 0 4.082
1637550960 21.65 93.17 0 4.082
1637551020 21.65 93.14 0 4.082
1637551080 21.7 93.21 0 4.082
1637551140 21.68 93.24 0 4.082
1637551200 21.65 93.24 0 4.082
1637551260 21.65 93.28 0 4.082
1637551320 21.67 93.26 0 4.082
1637551380 21.67 93.29 0 4.082
1637551440 21.63 93.34 0 4.082
1637551500 21.6 93.36 0 4.082
1637551560 21.58 93.4 0 4.082
1637551620 21.53 93.36 0 4.082
1637551680 21.53 93.36 0 4.082
1637551740 21.52 93.39 0 4.082
1637551800 21.56 93.34 0 4.076
1637551860 21.63 93.38 0 4.082
1637551920 21.56 93.35 0 4.076
1637551980 21.56 93.33 0 4.082
1637552040 21.58 93.28 0 4.082
1637552100 21.61 93.25 0 4.076
1637552160 21.61 93.2 0 4.082
1637552220 21.61 93.16 0 4.082
1637552280 21.67 93.08 0 4.076
1637552340 21.73 93.02 0 4.082
1637552400 21.71 92.95 0 4.076
1637552460 21.73 92.89 0 4.076
1637552520 21.79 92.81 0 4.082
1637552580 21.79 92.75 0 4.082
1637552640 21.87 92.71 0 4.082
1637552700 21.84 92.63 0 4.082
1637552760 21.84 92.61 0 4.076
1637552820 21.84 92.56 0 4.082
1637552880 21.83 92.51 0 4.082
1637552940 21.8 92.5 0 4.076
1637553000 21.79 92.47 0 4.076
1637553060 21.8 92.44 0 4.082
1637553120 21.83 92.44 0 4.076
1637553180 21.77 92.44 0 4.076
1637553240 21.81 92.47 0 4.082
1637553300 21.79 92.48 0 4.076
1637553360 21.67 92.41 0 4.082
1637553420 21.71 92.45 0 4.082
1637553480 21.71 92.39 0 4.082
1637553540 21.74 92.31 0 4.076
1637553600 21.79 92.26 0 4.082
1637553660 21.84 92.18 0 4.076
1637553720 21.88 92.14 0 4.082
1637553780 21.91 92.09 0 4.082
1637553840 21.93 92.04 0 4.076
1637553900 21.94 91.92 0 4.082
1637553960 21.93 91.87 0 4.076
1637554020 21.94 91.8 0 4.082
1637554080 21.95 91.79 0 4.076
1637554140 21.95 91.78 0 4.076
1637554200 21.93 91.73 0 4.076
1637554260 21.9 91.68 0 4.082
1637554320 21.94 91.66 0 4.076
1637554380 21.91 91.63 0 4.076
1637554440 21.91 91.63 0 4.082
1637554500 21.9 91.6 0 4.082
1637554560 21.88 91.59 0 4.082
1637554620 21.9 91.62 0 4.082
1637554680 21.87 91.64 0 4.076
1637554740 21.88 91.64 0 4.076
1637554800 21.85 91.68 0 4.076
1637554860 21.74 91.65 0 4.076
1637554920 21.74 91.66 0 4.076
1637554980 21.76 91.65 0 4.076
1637555040 21.77 91.66 0 4.076
1637555100 21.73 91.69 0 4.076
1637555160 21.71 91.66 0 4.076
1637555220 21.65 91.71 0 4.076
1637555280 21.71 91.69 0 4.076
1637555340 21.77 91.68 0 4.076
1637555400 21.8 91.67 0 4.076
1637555460 21.8 91.67 0 4.076
1637555520 21.79 91.68 0 4.082
1637555580 21.77 91.66 0 4.076
1637555640 21.81 91.7 0 4.076
1637555700 21.84 91.68 0 4.082
1637555760 21.85 91.76 0 4.076
1637555820 21.83 91.79 0 4.076
1637555880 21.81 91.8 0 4.076
1637555940 21.79 91.79 0 4.076
1637556000 21.81 91.86 0 4.076
1637556060 21.83 91.87 0 4.076
1637556120 21.81 91.86 0 4.076
1637556180 21.83 91.89 0 4.076
1637556240 21.79 91.92 0 4.076
1637556300 21.85 91.97 0 4.076
1637556360 21.8 91.96 0 4.076
1637556420 21.73 91.99 0 4.076
1637556480 21.76 91.99 0 4.076
1637556540 21.77 92 0 4.076
1637556600 21.77 92.03 0 4.076
1637556660 21.79 92.05 0 4.076
1637556720 21.71 92.03 0 4.076
1637556780 21.73 92.06 0 4.076
1637556840 21.8 92.04 0 4.076
1637556900 21.74 92.01 0 4.076
1637556960 21.79 92.03 0 4.076
1637557020 21.77 92.05 0 4.076
1637557080 21.79 92.04 0 4.076
1637557140 21.88 92.07 0 4.076
