1639890000 22.7 83.97 0 4.076
1639890060 22.72 83.93 0 4.082
1639890120 22.7 83.95 0 4.076
1639890180 22.68 83.95 0 4.082
1639890240 22.65 83.9 0 4.076
1639890300 22.66 83.95 0 4.082
1639890360 22.65 83.91 0 4.082
1639890420 22.63 83.93 0 4.082
1639890480 22.62 83.94 0 4.082
1639890540 22.61 83.94 0 4.076
1639890600 22.58 83.94 0 4.082
1639890660 22.56 83.98 0 4.076
1639890720 22.54 83.97 0 4.082
1639890780 22.52 83.99 0 4.082
1639890840 22.54 84.01 0 4.082
1639890900 22.54 84.02 0 4.082
1639890960 22.52 84.06 0 4.082
1639891020 22.52 84.12 0 4.082
1639891080 22.51 84.17 0 4.076
1639891140 22.51 84.2 0 4.076
1639891200 22.51 84.25 0 4.082
1639891260 22.46 84.26 0 4.082
1639891320 22.44 84.31 0 4.082
1639891380 22.44 84.34 0 4.076
1639891440 22.44 84.36 0 4.076
1639891500 22.39 84.41 0 4.076
1639891560 22.39 84.44 0 4.076
1639891620 22.38 84.5 0 4.082
1639891680 22.36 84.54 0 4.076
1639891740 22.34 84.53 0 4.082
1639891800 22.35 84.63 0 4.082
1639891860 22.31 84.69 0 4.082
1639891920 22.32 84.75 0 4.076
1639891980 22.28 84.82 0 4.076
1639892040 22.3 84.89 0 4.082
1639892100 22.27 84.93 0 4.076
1639892160 22.25 84.98 0 4.082
1639892220 22.24 85 0 4.082
1639892280 22.25 85.1 0 4.082
1639892340 22.22 85.18 0 4.082
1639892400 22.18 85.25 0 4.082
1639892460 22.19 85.32 0 4.076
1639892520 22.15 85.37 0 4.076
1639892580 22.12 85.42 0 4.076
1639892640 22.1 85.55 0 4.076
1639892700 22.11 85.64 0 4.076
1639892760 22.11 85.72 0 4.082
1639892820 22.12 85.76 0 4.065
1639892880 22.11 85.85 0 4.076
1639892940 22.12 85.9 0 4.076
1639893000 22.11 85.92 0 4.076
1639893060 22.12 85.98 0 4.076
1639893120 22.14 86.03 0 4.082
1639893180 22.14 86.09 0 4.076
1639893240 22.15 86.08 0 4.076
1639893300 22.16 86.11 0 4.076
1639893360 22.19 86.14 0 4.076
1639893420 22.19 86.12 0 4.076
1639893480 22.22 86.17 0 4.082
1639893540 22.22 86.21 0 4.076
1639893600 22.21 86.19 0 4.076
1639893660 22.24 86.27 0 4.082
1639893720 22.27 86.3 0 4.076
1639893780 22.27 86.3 0 4.076
1639893840 22.3 86.32 0 4.076
1639893900 22.3 86.35 0 4.076
1639893960 22.27 86.36 0 4.082
1639894020 22.3 86.42 0 4.076
1639894080 22.31 86.45 0 4.076
1639894140 22.31 86.41 0 4.076
1639894200 22.31 86.46 0 4.076
1639894260 22.31 86.44 0 4.076
1639894320 22.31 86.46 0 4.076
1639894380 22.34 86.49 0 4.076
1639894440 22.34 86.47 0 4.076
1639894500 22.35 86.43 0 4.082
1639894560 22.36 86.44 0 4.076
1639894620 22.35 86.39 0 4.076
1639894680 22.38 86.4 0 4.076
1639894740 22.38 86.34 0 4.076
1639894800 22.41 86.29 0 4.076
1639894860 22.41 86.26 0 4.082
1639894920 22.42 86.21 0 4.076
1639894980 22.42 86.17 0 4.076
1639895040 22.42 86.1 0 4.082
1639895100 22.44 86.02 0 4.076
1639895160 22.42 85.97 0 4.076
1639895220 22.45 85.9 0 4.076
1639895280 22.45 85.8 0 4.076
1639895340 22.45 85.78 0 4.076
1639895400 22.48 85.69 0 4.082
1639895460 22.45 85.66 0 4.076
1639895520 22.48 85.59 0 4.076
1639895580 22.51 85.53 0 4.076
1639895640 22.51 85.46 0 4.076
1639895700 22.51 85.45 0 4.076
1639895760 22.51 85.39 0 4.076
1639895820 22.49 85.28 0 4.076
1639895880 22.51 85.29 0 4.076
1639895940 22.51 85.25 0 4.076
1639896000 22.51 85.25 0 4.076
1639896060 22.49 85.23 0 4.076
1639896120 22.49 85.25 0 4.076
1639896180 22.51 85.25 0 4.076
1639896240 22.52 85.26 0 4.076
1639896300 22.52 85.28 0 4.076
1639896360 22.51 85.31 0 4.076
1639896420 22.52 85.32 0 4.076
1639896480 22.49 85.33 0 4.076
1639896540 22.51 85.36 0 4.076
1639896600 22.49 85.38 0 4.076
1639896660 22.49 85.49 0 4.076
1639896720 22.49 85.52 0 4.076
1639896780 22.48 85.53 0 4.076
1639896840 22.49 85.61 0 4.076
1639896900 22.49 85.68 0 4.076
1639896960 22.48 85.73 0 4.082
1639897020 22.52 85.79 0 4.076
1639897080 22.49 85.93 0 4.076
1639897140 22.52 86.04 0 4.076
1639897200 22.51 86.17 0 4.076
1639897260 22.46 86.27 0 4.076
1639897320 22.51 86.4 0 4.071
1639897380 22.49 86.52 0 4.076
1639897440 22.46 86.63 0 4.076
1639897500 22.51 86.79 0 4.076
1639897560 22.52 86.95 0 4.076
1639897620 22.49 87.1 0 4.076
1639897680 22.48 87.21 0 4.076
1639897740 22.48 87.35 0 4.076
1639897800 22.46 87.46 0 4.076
1639897860 22.45 87.59 0 4.076
1639897920 22.46 87.7 0 4.076
1639897980 22.45 87.82 0 4.076
1639898040 22.42 87.89 0 4.076
1639898100 22.42 88.06 0 4.076
1639898160 22.42 88.1 0 4.076
1639898220 22.42 88.18 0 4.071
1639898280 22.39 88.28 0 4.076
1639898340 22.38 88.4 0 4.076
1639898400 22.36 88.44 0 4.076
1639898460 22.38 88.55 0 4.076
1639898520 22.39 88.64 0 4.076
1639898580 22.36 88.71 0 4.076
1639898640 22.38 88.75 0 4.076
1639898700 22.38 88.84 0 4.076
1639898760 22.35 88.86 0 4.076
1639898820 22.34 88.92 0 4.076
1639898880 22.28 88.99 0 4.076
1639898940 22.3 89.04 0 4.076
1639899000 22.27 89.1 0 4.076
1639899060 22.27 89.17 0 4.076
1639899120 22.24 89.2 0 4.076
1639899180 22.25 89.21 0 4.076
1639899240 22.27 89.24 0 4.076
1639899300 22.28 89.29 0 4.076
1639899360 22.24 89.29 0 4.076
1639899420 22.27 89.27 0 4.076
1639899480 22.27 89.24 0 4.071
1639899540 22.28 89.21 0 4.076
1639899600 22.3 89.26 0 4.076
1639899660 22.3 89.25 0 4.076
1639899720 22.28 89.23 0 4.076
1639899780 22.31 89.23 0 4.076
1639899840 22.25 89.18 0 4.076
1639899900 22.3 89.19 0 4.071
1639899960 22.3 89.16 0 4.076
1639900020 22.3 89.12 0 4.071
1639900080 22.32 89.14 0 4.076
1639900140 22.31 89.1 0 4.076
1639900200 22.34 89.1 0 4.076
1639900260 22.32 89.07 0 4.076
1639900320 22.35 89.09 0 4.076
1639900380 22.36 89.05 0 4.071
1639900440 22.35 88.99 0 4.076
1639900500 22.36 88.97 0 4.076
1639900560 22.38 88.96 0 4.071
1639900620 22.39 88.96 0 4.076
1639900680 22.39 88.91 0 4.071
1639900740 22.38 88.88 0 4.076
1639900800 22.42 88.89 0 4.076
1639900860 22.44 88.89 0 4.071
1639900920 22.42 88.89 0 4.076
1639900980 22.42 88.88 0 4.071
1639901040 22.44 88.88 0 4.071
1639901100 22.44 88.88 0 4.076
1639901160 22.44 88.89 0 4.071
1639901220 22.44 88.9 0 4.071
1639901280 22.48 88.94 0 4.071
1639901340 22.41 88.88 0 4.071
1639901400 22.41 88.84 0 4.071
1639901460 22.42 88.82 0 4.071
1639901520 22.42 88.83 0 4.076
1639901580 22.45 88.81 0 4.071
1639901640 22.45 88.72 0 4.071
1639901700 22.45 88.74 0 4.076
1639901760 22.42 88.65 0 4.071
1639901820 22.44 88.61 0 4.071
1639901880 22.46 88.55 0 4.071
1639901940 22.48 88.5 0 4.071
1639902000 22.48 88.48 0 4.071
1639902060 22.49 88.42 0 4.076
1639902120 22.48 88.39 0 4.076
1639902180 22.49 88.34 0 4.076
1639902240 22.48 88.3 0 4.071
1639902300 22.49 88.26 0 4.076
1639902360 22.52 88.24 0 4.076
1639902420 22.52 88.2 0 4.071
1639902480 22.54 88.18 0 4.076
1639902540 22.56 88.16 0 4.071
1639902600 22.56 88.09 0 4.076
1639902660 22.58 88.12 0 4.071
1639902720 22.55 88.18 0 4.071
1639902780 22.54 88.18 0 4.076
1639902840 22.51 88.22 0 4.076
1639902900 22.51 88.27 0 4.071
1639902960 22.49 88.35 0 4.076
1639903020 22.48 88.42 0 4.076
1639903080 22.45 88.47 0 4.071
1639903140 22.42 88.57 0 4.071
1639903200 22.41 88.61 0 4.076
1639903260 22.39 88.72 0 4.071
1639903320 22.38 88.77 0 4.071
1639903380 22.35 88.87 0 4.076
1639903440 22.36 88.95 0 4.071
1639903500 22.32 89.03 0 4.071
1639903560 22.31 89.13 0 4.071
1639903620 22.28 89.22 0 4.071
1639903680 22.25 89.27 0 4.071
1639903740 22.22 89.38 0 4.071
1639903800 22.24 89.44 0 4.071
1639903860 22.18 89.53 0 4.071
1639903920 22.18 89.59 0 4.071
1639903980 22.15 89.72 0 4.076
1639904040 22.15 89.75 0 4.071
1639904100 22.14 89.8 0 4.076
1639904160 22.1 89.92 0 4.071
1639904220 22.08 89.98 0 4.076
1639904280 22.11 90.02 0 4.071
1639904340 22.07 90.09 0 4.076
1639904400 22.08 90.16 0 4.071
1639904460 22.07 90.18 0 4.071
1639904520 22.1 90.29 0 4.071
1639904580 22.07 90.33 0 4.071
1639904640 22.08 90.37 0 4.071
1639904700 22.08 90.38 0 4.071
1639904760 22.07 90.41 0 4.071
1639904820 22.08 90.48 0 4.076
1639904880 22.08 90.52 0 4.071
1639904940 22.11 90.55 0 4.071
1639905000 22.07 90.59 0 4.071
1639905060 22.07 90.6 0 4.071
1639905120 22.07 90.61 0 4.076
1639905180 22.08 90.66 0 4.071
1639905240 22.1 90.7 0 4.076
1639905300 22.1 90.7 0 4.071
1639905360 22.1 90.76 0 4.071
1639905420 22.11 90.76 0 4.071
1639905480 22.11 90.82 0 4.071
1639905540 22.11 90.85 0 4.071
1639905600 22.11 90.83 0 4.071
1639905660 22.1 90.84 0 4.071
1639905720 22.1 90.88 0 4.071
1639905780 22.11 90.87 0 4.071
1639905840 22.11 90.9 0 4.071
1639905900 22.11 90.93 0 4.071
1639905960 22.1 90.9 0 4.071
1639905120 22.07 90.61 0 4.076
1639905180 22.08 90.66 0 4.071
1639905240 22.1 90.7 0 4.076
1639905300 22.1 90.7 0 4.071
1639905360 22.1 90.76 0 4.071
1639905420 22.11 90.76 0 4.071
1639905480 22.11 90.82 0 4.071
1639905540 22.11 90.85 0 4.071
1639905600 22.11 90.83 0 4.071
1639905660 22.1 90.84 0 4.071
1639905720 22.1 90.88 0 4.071
1639905780 22.11 90.87 0 4.071
1639905840 22.11 90.9 0 4.071
1639905900 22.11 90.93 0 4.071
1639905960 22.1 90.9 0 4.071
1639906020 22.1 90.96 0 4.071
1639906080 22.07 90.93 0 4.071
1639906140 22.07 90.94 0 4.071
1639906200 22.05 90.98 0 4.071
1639906260 22.07 91.03 0 4.071
1639906320 22.07 91 0 4.071
1639906380 22.07 90.98 0 4.071
1639906440 22.05 91.02 0 4.071
1639906500 22.04 91.05 0 4.071
1639906560 22.03 91.03 0 4.071
1639906620 22.05 91.13 0 4.071
1639906680 22.04 91.08 0 4.071
1639906740 22.04 91.1 0 4.071
1639906800 22.03 91.13 0 4.071
1639906860 22.03 91.19 0 4.071
1639906920 22.01 91.16 0 4.071
1639906980 22.01 91.23 0 4.071
1639907040 22 91.19 0 4.071
1639907100 22 91.24 0 4.071
1639907160 22.01 91.24 0 4.071
1639907220 22.01 91.31 0 4.071
1639907280 21.97 91.32 0 4.071
1639907340 21.97 91.29 0 4.071
1639907400 22.01 91.36 0 4.071
1639907460 22 91.36 0 4.071
1639907520 21.98 91.4 0 4.071
1639907580 21.98 91.39 0 4.071
1639907640 21.95 91.41 0 4.071
1639907700 21.97 91.5 0 4.071
1639907760 21.94 91.5 0 4.071
1639907820 21.94 91.53 0 4.071
1639907880 21.93 91.54 0 4.071
1639907940 21.94 91.53 0 4.071
1639908000 21.94 91.59 0 4.071
1639908060 21.94 91.65 0 4.071
1639908120 21.95 91.63 0 4.071
1639908180 21.93 91.68 0 4.071
1639908240 21.93 91.69 0 4.071
1639908300 21.95 91.68 0 4.071
1639908360 21.94 91.73 0 4.071
1639908420 21.94 91.79 0 4.071
1639908480 21.97 91.81 0 4.071
1639908540 21.95 91.81 0 4.071
1639908600 21.97 91.82 0 4.071
1639908660 21.98 91.85 0 4.071
1639908720 21.97 91.88 0 4.071
1639908780 21.97 91.92 0 4.071
1639908840 21.95 91.93 0 4.071
1639908900 21.97 91.95 0 4.071
1639908960 21.95 91.96 0 4.071
1639909020 21.97 91.98 0 4.065
1639909080 21.97 91.98 0 4.071
1639909140 21.97 91.99 0 4.071
1639909200 21.98 91.99 0 4.071
1639909260 22 92.02 0 4.071
1639909320 22 92.05 0 4.071
1639909380 21.98 92.05 0 4.071
1639909440 22 92.05 0 4.071
1639909500 21.97 92.06 0 4.071
1639909560 21.95 92.03 0 4.071
1639909620 22.01 92.06 0 4.071
1639909680 21.95 92.04 0 4.071
1639909740 21.97 92.08 0 4.071
1639909800 21.97 92.04 0 4.071
1639909860 21.97 92.08 0 4.071
1639909920 21.95 92.06 0 4.065
1639909980 21.97 92.06 0 4.071
1639910040 22 92.04 0 4.071
1639910100 22 92.05 0 4.071
1639910160 22 92.07 0 4.071
1639910220 22.01 92.07 0 4.071
1639910280 22.03 92.06 0 4.071
1639910340 22.01 92.06 0 4.071
1639910400 22.01 92.07 0 4.071
1639910460 22 92.07 0 4.071
1639910520 22.01 92.1 0 4.071
1639910580 21.98 92.11 0 4.065
1639910640 21.98 92.1 0 4.071
1639910700 21.97 92.08 0 4.071
1639910760 21.97 92.12 0 4.071
1639910820 21.98 92.12 0 4.071
1639910880 21.95 92.1 0 4.071
1639910940 21.97 92.14 0 4.071
1639911000 21.94 92.13 0 4.071
1639911060 21.93 92.13 0 4.071
1639911120 21.91 92.14 0 4.071
1639911180 21.9 92.15 0 4.065
1639911240 21.91 92.13 0 4.071
1639911300 21.9 92.12 0 4.071
1639911360 21.9 92.17 0 4.071
1639911420 21.85 92.14 0 4.071
1639911480 21.84 92.14 0 4.071
1639911540 21.84 92.14 0 4.071
1639911600 21.83 92.15 0 4.071
1639911660 21.8 92.12 0 4.071
1639911720 21.8 92.13 0 4.071
1639911780 21.81 92.13 0 4.065
1639911840 21.8 92.1 0 4.071
1639911900 21.81 92.12 0 4.071
1639911960 21.8 92.12 0 4.071
1639912020 21.83 92.13 0 4.071
1639912080 21.84 92.09 0 4.071
1639912140 21.85 92.06 0 4.071
1639912200 21.84 92.04 0 4.071
1639912260 21.87 92.04 0 4.071
1639912320 21.87 92.01 0 4.071
1639912380 21.91 92.04 0 4.071
1639912440 21.91 92.02 0 4.071
1639912500 21.93 91.98 0 4.071
1639912560 21.93 91.95 0 4.065
1639912620 21.9 91.93 4 4.071
1639912680 21.93 91.92 4 4.065
1639912740 21.93 91.9 0 4.065
1639912800 21.94 91.87 0 4.065
1639912860 21.93 91.89 4 4.065
1639912920 21.91 91.86 4 4.071
1639912980 21.93 91.8 4 4.071
1639913040 21.94 91.79 4 4.071
1639913100 21.94 91.81 10 4.071
1639913160 21.95 91.77 10 4.065
1639913220 21.97 91.77 10 4.071
1639913280 22.01 91.75 10 4.071
1639913340 21.98 91.73 16 4.071
1639913400 22.03 91.72 16 4.071
1639913460 22.01 91.71 16 4.071
1639913520 22.03 91.66 16 4.055
1639913580 22.07 91.7 22 4.065
1639913640 22.07 91.68 22 4.065
1639913700 22.07 91.67 22 4.065
1639913760 22.1 91.64 28 4.065
1639913820 22.11 91.64 28 4.065
1639913880 22.12 91.62 28 4.065
1639913940 22.14 91.58 34 4.071
1639914000 22.16 91.55 34 4.065
1639914060 22.18 91.52 34 4.065
1639914120 22.25 91.53 34 4.071
1639914180 22.28 91.53 34 4.065
1639914240 22.31 91.48 34 4.065
1639914300 22.32 91.46 34 4.065
1639914360 22.34 91.43 28 4.071
1639914420 22.38 91.42 28 4.065
1639914480 22.39 91.37 28 4.065
1639914540 22.42 91.32 28 4.065
1639914600 22.39 91.26 28 4.065
1639914660 22.44 91.2 28 4.065
1639914720 22.42 91.21 28 4.065
1639914780 22.44 91.13 22 4.071
1639914840 22.45 91.11 22 4.065
1639914900 22.41 91 16 4.065
1639914960 22.41 90.91 16 4.065
1639915020 22.45 90.78 16 4.065
1639915080 22.44 90.65 10 4.065
1639915140 22.48 90.58 16 4.065
1639915200 22.51 90.51 16 4.065
1639915260 22.51 90.4 10 4.071
1639915320 22.54 90.31 10 4.065
1639915380 22.51 90.24 10 4.065
1639915440 22.49 90.11 10 4.065
1639915500 22.52 90.01 10 4.065
1639915560 22.52 89.92 10 4.065
1639915620 22.54 89.84 16 4.065
1639915680 22.51 89.76 10 4.065
1639915740 22.51 89.69 16 4.065
1639915800 22.54 89.62 10 4.065
1639915860 22.49 89.54 10 4.071
1639915920 22.51 89.47 10 4.065
1639915980 22.51 89.44 10 4.065
1639916040 22.49 89.36 16 4.065
1639916100 22.54 89.28 16 4.065
1639916160 22.54 89.22 16 4.065
1639916220 22.56 89.17 16 4.055
1639916280 22.56 89.14 16 4.065
1639916340 22.58 89.19 16 4.065
1639916400 22.55 89.18 16 4.065
1639916460 22.54 89.19 16 4.065
1639916520 22.54 89.22 22 4.065
1639916580 22.52 89.27 22 4.065
1639916640 22.54 89.28 22 4.065
1639916700 22.55 89.29 22 4.065
1639916760 22.55 89.35 22 4.065
1639916820 22.55 89.4 28 4.071
1639916880 22.55 89.47 28 4.065
1639916940 22.54 89.49 34 4.065
1639917000 22.51 89.53 34 4.065
1639917060 22.54 89.61 34 4.065
1639917120 22.56 89.66 34 4.06
1639917180 22.54 89.7 34 4.065
1639917240 22.58 89.71 40 4.065
1639917300 22.55 89.76 40 4.065
1639917360 22.55 89.82 46 4.065
1639917420 22.52 89.81 52 4.065
1639917480 22.54 89.86 52 4.065
1639917540 22.61 89.91 58 4.065
1639917600 22.61 89.89 64 4.065
1639917660 22.65 89.93 70 4.065
1639917720 22.68 89.96 70 4.065
1639917780 22.7 89.97 70 4.065
1639917840 22.76 89.93 70 4.065
1639917900 22.8 89.92 76 4.065
1639917960 22.83 89.93 70 4.065
1639918020 22.85 89.91 76 4.065
1639918080 22.86 89.92 82 4.065
1639918140 22.89 89.87 82 4.065
1639918200 22.93 89.84 100 4.065
1639918260 22.96 89.75 94 4.065
1639918320 23.06 89.74 94 4.065
1639918380 23.09 89.64 88 4.065
1639918440 23.17 89.61 94 4.065
1639918500 23.21 89.54 88 4.065
1639918560 23.29 89.47 88 4.065
1639918620 23.34 89.41 94 4.065
1639918680 23.37 89.26 94 4.065
1639918740 23.39 89.24 94 4.065
1639918800 23.37 89.08 94 4.065
1639918860 23.39 88.97 94 4.065
1639918920 23.46 88.91 94 4.065
1639918980 23.46 88.78 94 4.06
1639919040 23.49 88.64 94 4.065
1639919100 23.5 88.6 94 4.065
1639919160 23.56 88.49 94 4.065
1639919220 23.51 88.37 100 4.065
1639919280 23.51 88.35 112 4.065
1639919340 23.46 88.22 112 4.065
1639919400 23.46 88.12 118 4.065
1639919460 23.47 88.05 118 4.065
1639919520 23.53 87.94 131 4.071
1639919580 23.54 87.91 137 4.065
1639919640 23.6 87.84 149 4.065
1639919700 23.68 87.77 155 4.065
1639919760 23.72 87.68 149 4.071
1639919820 23.77 87.55 155 4.065
1639919880 23.75 87.43 155 4.071
1639919940 23.85 87.32 167 4.065
1639920000 23.8 87.18 167 4.071
1639920060 23.84 87.08 173 4.071
1639920120 23.91 86.93 179 4.071
1639920180 23.97 86.81 179 4.071
1639920240 24.14 86.71 179 4.071
1639920300 24.1 86.58 179 4.071
1639920360 24.08 86.43 173 4.071
1639920420 24.07 86.33 173 4.071
1639920480 24.01 86.21 167 4.071
1639920540 23.98 86.1 173 4.071
1639920600 24.01 86.02 167 4.071
1639920660 24.02 85.95 173 4.071
1639920720 24.07 85.87 167 4.065
1639920780 24.05 85.7 167 4.071
1639920840 24.04 85.6 155 4.071
1639920900 24.21 85.5 155 4.071
1639920960 24.32 85.4 155 4.071
1639921020 24.33 85.29 149 4.071
1639921080 24.32 85.13 155 4.071
1639921140 24.32 85.1 149 4.071
1639921200 24.35 84.97 155 4.071
1639921260 24.42 84.9 161 4.065
1639921320 24.48 84.8 167 4.071
1639921380 24.45 84.64 173 4.071
1639921440 24.48 84.49 185 4.071
1639921500 24.55 84.37 185 4.071
1639921560 24.62 84.26 191 4.071
1639921620 24.63 84.16 191 4.071
1639921680 24.72 84.03 191 4.071
1639921740 24.82 83.92 191 4.071
1639921800 24.83 83.69 191 4.071
1639921860 24.86 83.58 197 4.076
1639921920 24.94 83.43 197 4.071
1639921980 24.94 83.3 209 4.071
1639922040 24.98 83.17 221 4.076
1639922100 24.97 83.06 185 4.076
1639922160 24.86 82.92 173 4.076
1639922220 24.85 82.84 155 4.071
1639922280 24.85 82.74 137 4.071
1639922340 24.85 82.73 124 4.071
1639922400 24.87 82.66 112 4.071
1639922460 24.82 82.55 118 4.071
1639922520 24.97 82.49 118 4.065
1639922580 24.9 82.36 124 4.065
1639922640 24.96 82.26 112 4.065
1639922700 24.94 82.14 112 4.071
1639922760 24.97 82.04 112 4.065
1639922820 24.98 82 118 4.071
1639922880 24.98 81.88 124 4.071
1639922940 24.96 81.74 149 4.071
1639923000 25 81.77 191 4.071
1639923060 25 81.68 191 4.071
1639923120 25.14 81.65 197 4.071
1639923180 25.2 81.53 173 4.071
1639923240 25.14 81.39 191 4.071
1639923300 25.26 81.3 203 4.076
1639923360 25.27 81.07 215 4.076
1639923420 25.33 80.84 209 4.071
1639923480 25.33 80.6 215 4.071
1639923540 25.34 80.44 221 4.076
1639923600 25.45 80.27 215 4.071
1639923660 25.6 80.11 215 4.076
1639923720 25.74 79.93 233 4.076
1639923780 25.78 79.79 239 4.076
1639923840 25.82 79.62 257 4.076
1639923900 25.84 79.37 227 4.076
1639923960 25.87 79.17 209 4.076
1639924020 25.95 79.03 209 4.076
1639924080 25.96 78.87 215 4.076
1639924140 26.01 78.69 239 4.076
1639924200 26.08 78.52 227 4.076
1639924260 25.92 78.26 269 4.076
1639924320 25.95 78.08 263 4.071
1639924380 26.09 77.95 251 4.076
1639924440 26.19 77.74 316 4.076
1639924500 26.3 77.59 316 4.076
1639924560 26.33 77.46 621 4.071
1639924620 26.53 77.28 615 4.082
1639924680 26.74 77.17 299 4.076
1639924740 27.01 76.96 460 4.076
1639924800 27.1 76.74 323 4.076
1639924860 27.17 76.47 545 4.082
1639924920 27.03 76.07 689 4.082
1639924980 27.07 75.83 627 4.076
1639925040 27.28 75.56 323 4.076
1639925100 27.34 75.23 384 4.082
1639925160 27.52 74.94 245 4.076
1639925220 27.64 74.65 209 4.076
1639925280 27.64 74.36 191 4.076
1639925340 27.68 74.13 185 4.076
1639925400 27.81 73.84 179 4.076
1639925460 27.65 73.51 167 4.071
1639925520 27.38 73.19 149 4.071
1639925580 27.28 73.01 131 4.076
1639925640 27.34 72.71 118 4.076
1639925700 27.23 72.36 112 4.071
1639925760 27.08 72.17 112 4.071
1639925820 26.96 71.93 112 4.076
1639925880 26.86 71.64 112 4.071
1639925940 26.74 71.43 106 4.071
1639926000 26.69 71.28 100 4.071
1639926060 26.53 71.09 88 4.071
1639926120 26.47 70.95 88 4.071
1639926180 26.35 70.8 131 4.071
1639926240 26.42 70.72 627 4.076
1639926300 26.5 70.63 646 4.076
1639926360 26.64 70.63 555 4.076
1639926420 26.67 70.5 352 4.076
1639926480 26.84 70.33 209 4.076
1639926540 27 70.23 191 4.076
1639926600 26.87 70 346 4.076
1639926660 26.87 69.87 418 4.076
1639926720 27.08 69.75 328 4.076
1639926780 27.2 69.66 328 4.071
1639926840 27.38 69.5 251 4.071
1639926900 27.56 69.4 173 4.076
1639926960 27.68 69.26 173 4.076
1639927020 27.84 69.09 274 4.071
1639927080 27.91 68.87 191 4.076
1639927140 28.02 68.69 262 4.076
1639927200 28.06 68.48 652 4.076
1639927260 27.96 68.28 507 4.071
1639927320 27.85 68.09 527 4.071
1639927380 27.92 67.92 287 4.076
1639927440 27.98 67.74 227 4.071
1639927500 28.16 67.61 551 4.076
1639927560 28.05 67.36 688 4.076
1639927620 28.02 67.11 575 4.076
1639927680 28.1 66.93 478 4.076
1639927740 28.18 66.78 515 4.071
1639927800 28.27 66.59 527 4.076
1639927860 28.29 66.45 412 4.076
1639927920 28.33 66.23 605 4.071
1639927980 28.19 66 593 4.076
1639928040 28.19 65.83 358 4.076
1639928100 28.35 65.7 293 4.076
1639928160 28.53 65.54 316 4.076
1639928220 28.64 65.36 346 4.071
1639928280 28.45 65.13 388 4.076
1639928340 28.5 64.93 382 4.076
1639928400 28.67 64.75 569 4.076
1639928460 28.78 64.56 376 4.076
1639928520 28.87 64.34 472 4.076
1639928580 29.01 64.19 227 4.076
1639928640 29.15 64.02 251 4.076
1639928700 29.21 63.87 275 4.076
1639928760 29.24 63.7 239 4.076
1639928820 29.17 63.48 275 4.071
1639928880 29.21 63.32 275 4.076
1639928940 29.24 63.08 251 4.076
1639929000 29.12 62.91 269 4.076
1639929060 29.31 62.82 257 4.076
1639929120 29.39 62.64 275 4.082
1639929180 29.32 62.45 287 4.082
1639929240 29.47 62.35 305 4.082
1639929300 29.36 62.19 299 4.082
1639929360 29.48 62.1 227 4.082
1639929420 29.63 62.02 209 4.076
1639929480 29.61 61.92 197 4.076
1639929540 29.47 61.85 197 4.082
1639929600 29.32 61.77 197 4.082
1639929660 29.18 61.71 197 4.076
1639929720 29.07 61.68 191 4.076
1639929780 28.94 61.71 185 4.076
1639929840 28.7 61.69 185 4.076
1639929900 28.5 61.79 197 4.076
1639929960 28.39 61.85 209 4.076
1639930020 28.27 62.03 203 4.076
1639930080 28.35 62.18 197 4.076
1639930140 28.37 62.34 185 4.076
1639930200 28.33 62.48 161 4.076
1639930260 28.24 62.61 155 4.076
1639930320 28.29 62.74 167 4.076
1639930380 28.19 62.89 185 4.082
1639930440 28.03 62.95 197 4.082
1639930500 27.95 63.14 215 4.082
1639930560 27.92 63.29 257 4.082
1639930620 27.86 63.42 263 4.082
1639930680 27.88 63.53 245 4.065
1639930740 27.98 63.63 251 4.082
1639930800 27.99 63.71 245 4.082
1639930860 28.05 63.82 251 4.082
1639930920 28.05 63.86 275 4.087
1639930980 28 63.91 448 4.087
1639931040 28.05 63.97 858 4.087
1639931100 28.13 64.03 546 4.092
1639931160 28.32 64.02 384 4.087
1639931220 28.69 64.02 516 4.092
1639931280 28.86 63.96 713 4.092
1639931340 28.96 63.92 772 4.076
1639931400 29.01 63.8 323 4.087
1639931460 29.22 63.75 305 4.087
1639931520 29.47 63.7 275 4.082
1639931580 29.52 63.55 245 4.082
1639931640 29.44 63.4 239 4.082
1639931700 29.38 63.28 233 4.082
1639931760 29.47 63.18 221 4.087
1639931820 29.41 63.06 215 4.087
1639931880 29.12 62.95 221 4.082
1639931940 28.8 62.9 227 4.087
1639932000 28.77 62.89 263 4.087
1639932060 28.7 62.84 347 4.087
1639932120 28.71 62.83 627 4.082
1639932180 28.8 62.85 263 4.087
1639932240 28.66 62.8 233 4.087
1639932300 28.81 62.86 233 4.087
1639932360 28.8 62.8 221 4.087
1639932420 28.73 62.79 209 4.082
1639932480 28.59 62.76 203 4.082
1639932540 28.5 62.81 227 4.082
1639932600 28.46 62.87 215 4.087
1639932660 28.37 62.9 239 4.082
1639932720 28.47 63 239 4.087
1639932780 28.46 63.07 227 4.087
1639932840 28.47 63.14 227 4.087
1639932900 28.37 63.19 227 4.087
1639932960 28.42 63.27 227 4.082
1639933020 28.33 63.3 233 4.087
1639933080 28.23 63.45 245 4.087
1639933140 28.29 63.64 275 4.087
1639933200 28.19 63.83 1164 4.082
1639933260 28.15 64.03 670 4.076
1639933320 28.32 64.17 341 4.087
1639933380 28.37 64.29 390 4.092
1639933440 28.49 64.42 876 4.082
1639933500 28.6 64.49 626 4.098
1639933560 28.64 64.49 722 4.103
1639933620 28.82 64.58 593 4.082
1639933680 28.91 64.55 1079 4.082
1639933740 28.89 64.5 1162 4.082
1639933800 29.1 64.53 1139 4.076
1639933860 29.48 64.57 1118 4.114
1639933920 29.85 64.51 486 4.098
1639933980 29.86 64.32 1097 4.076
1639934040 30.03 64.14 1091 4.082
1639934100 30.06 64 1076 4.114
1639934160 30.03 63.83 1049 4.082
1639934220 30.03 63.69 1049 4.108
1639934280 30.19 63.54 1063 4.114
1639934340 30.34 63.33 1081 4.114
1639934400 30.46 63.15 385 4.092
1639934460 30.26 62.89 1109 4.082
1639934520 30.02 62.7 917 4.082
1639934580 30.03 62.52 384 4.092
1639934640 30.02 62.43 293 4.092
1639934700 29.9 62.32 293 4.092
1639934760 29.92 62.27 408 4.092
1639934820 29.66 62.08 415 4.098
1639934880 29.44 61.97 439 4.098
1639934940 29.39 61.98 1145 4.082
1639935000 29.44 61.93 1139 4.082
1639935060 29.59 61.93 1133 4.082
1639935120 29.93 61.95 1152 4.082
1639935180 30.26 61.9 1183 4.082
1639935240 30.75 61.87 966 4.082
1639935300 31.02 61.7 1019 4.087
1639935360 31.02 61.5 1067 4.082
1639935420 31.36 61.25 1183 4.108
1639935480 31.51 60.95 305 4.092
1639935540 31.51 60.6 269 4.087
1639935600 31.66 60.33 269 4.092
1639935660 31.63 59.97 269 4.092
1639935720 31.35 59.69 287 4.087
1639935780 31.08 59.35 239 4.092
1639935840 30.58 59.18 245 4.087
1639935900 30.23 58.94 275 4.092
1639935960 29.9 58.77 840 4.082
1639936020 29.66 58.7 353 4.092
1639936080 29.61 58.64 347 4.092
1639936140 29.42 58.65 329 4.092
1639936200 29.41 58.66 281 4.092
1639936260 29.36 58.65 221 4.092
1639936320 29.35 58.73 197 4.087
1639936380 29.24 58.86 179 4.087
1639936440 29.05 59 185 4.087
1639936500 28.97 59.22 203 4.092
1639936560 28.84 59.36 215 4.087
1639936620 28.89 59.68 221 4.092
1639936680 28.91 59.86 335 4.092
1639936740 28.86 60.13 269 4.092
1639936800 28.96 60.29 263 4.092
1639936860 28.98 60.44 269 4.092
1639936920 28.87 60.57 269 4.087
1639936980 28.82 60.73 263 4.092
1639937040 28.74 60.88 257 4.092
1639937100 28.75 61.09 257 4.092
1639937160 28.75 61.21 263 4.092
1639937220 28.78 61.38 281 4.092
1639937280 28.69 61.44 311 4.098
1639937340 28.73 61.59 1075 4.087
1639937400 28.87 61.76 545 4.087
1639937460 29.02 61.79 287 4.092
1639937520 29.07 61.85 233 4.092
1639937580 29.15 61.89 215 4.092
1639937640 29.08 61.87 227 4.087
1639937700 29.1 61.95 221 4.092
1639937760 28.91 61.94 245 4.092
1639937820 28.91 61.98 257 4.092
1639937880 28.98 61.98 269 4.098
1639937940 28.96 62 263 4.092
1639938000 28.93 62.06 263 4.098
1639938060 28.9 62.06 263 4.098
1639938120 28.75 62.09 257 4.098
1639938180 28.77 62.15 245 4.092
1639938240 28.74 62.18 239 4.092
1639938300 28.81 62.17 240 4.092
1639938360 28.74 62.14 245 4.098
1639938420 28.71 62.24 245 4.098
1639938480 28.59 62.23 252 4.092
1639938540 28.63 62.29 251 4.092
1639938600 28.6 62.35 234 4.092
1639938660 28.53 62.39 216 4.098
1639938720 28.39 62.42 191 4.092
1639938780 28.39 62.5 167 4.092
1639938840 28.27 62.61 143 4.092
1639938900 28.27 62.68 124 4.092
1639938960 28.27 62.79 118 4.087
1639939020 28.23 62.84 118 4.092
1639939080 28.18 62.93 124 4.092
1639939140 28.15 63.02 131 4.092
1639939200 28.1 63.09 137 4.087
1639939260 28.16 63.16 149 4.092
1639939320 28.08 63.27 149 4.092
1639939380 28.03 63.36 149 4.092
1639939440 27.94 63.41 149 4.087
1639939500 27.96 63.54 149 4.092
1639939560 28.05 63.59 155 4.092
1639939620 27.95 63.68 161 4.092
1639939680 27.95 63.77 161 4.092
1639939740 28 63.93 173 4.092
1639939800 27.98 64.05 185 4.092
1639939860 28.03 64.21 197 4.098
1639939920 28.09 64.37 197 4.092
1639939980 28.08 64.45 209 4.098
1639940040 28.05 64.57 222 4.098
1639940100 28.02 64.66 234 4.098
1639940160 28 64.74 209 4.098
1639940220 28.02 64.88 192 4.092
1639940280 27.96 64.96 180 4.098
1639940340 27.95 65.07 173 4.092
1639940400 28.03 65.18 173 4.092
1639940460 28.09 65.25 167 4.092
1639940520 28.18 65.35 173 4.092
1639940580 28.2 65.45 179 4.092
1639940640 28.2 65.48 191 4.092
1639940700 28.12 65.56 204 4.092
1639940760 27.99 65.63 221 4.092
1639940820 27.98 65.68 385 4.098
1639940880 27.95 65.71 355 4.098
1639940940 27.98 65.82 287 4.098
1639941000 28 65.85 295 4.092
1639941060 28.18 65.93 841 4.092
1639941120 28.37 65.99 719 4.087
1639941180 28.53 65.98 960 4.092
1639941240 28.71 65.99 942 4.087
1639941300 29.01 65.94 984 4.087
1639941360 29.41 65.81 972 4.087
1639941420 29.75 65.66 936 4.087
1639941480 29.99 65.36 962 4.087
1639941540 30.43 65.13 554 4.098
1639941600 30.66 64.79 834 4.087
1639941660 30.7 64.42 554 4.098
1639941720 30.5 64.02 667 4.087
1639941780 30.33 63.65 846 4.087
1639941840 30.51 63.41 882 4.087
1639941900 30.53 63.02 888 4.087
1639941960 30.63 62.7 882 4.087
1639942020 30.89 62.43 876 4.087
1639942080 31.28 62.15 834 4.087
1639942140 31.39 61.78 817 4.098
1639942200 31.26 61.43 816 4.087
1639942260 31.12 61.01 203 4.092
1639942320 30.88 60.63 191 4.092
1639942380 30.46 60.34 504 4.092
1639942440 30.41 60.14 746 4.098
1639942500 30.16 59.95 801 4.092
1639942560 29.93 59.84 789 4.092
1639942620 30.12 59.78 149 4.087
1639942680 30.22 59.69 137 4.087
1639942740 30.3 59.55 131 4.087
1639942800 30.3 59.48 137 4.087
1639942860 30.17 59.37 143 4.092
1639942920 29.92 59.33 161 4.092
1639942980 29.73 59.36 179 4.092
1639943040 29.59 59.37 191 4.092
1639943100 29.31 59.41 191 4.098
1639943160 29.15 59.62 179 4.092
1639943220 29.02 59.75 173 4.092
1639943280 28.87 59.89 197 4.092
1639943340 28.64 60.02 572 4.098
1639943400 28.63 60.22 740 4.098
1639943460 28.89 60.43 840 4.092
1639943520 29.22 60.57 834 4.087
1639943580 29.45 60.71 810 4.087
1639943640 29.65 60.74 792 4.087
1639943700 29.96 60.83 780 4.087
1639943760 30.05 60.8 783 4.092
1639943820 30.31 60.79 793 4.092
1639943880 30.66 60.69 795 4.098
1639943940 30.78 60.53 807 4.098
1639944000 30.71 60.26 799 4.098
1639944060 30.92 60.13 801 4.098
1639944120 30.95 59.88 807 4.098
1639944180 31.05 59.61 789 4.092
1639944240 31.39 59.39 795 4.098
1639944300 31.17 59.13 758 4.098
1639944360 30.91 58.92 209 4.092
1639944420 30.79 58.74 185 4.098
1639944480 30.58 58.68 197 4.092
1639944540 30.54 58.61 191 4.092
1639944600 30.5 58.54 174 4.092
1639944660 30.44 58.51 149 4.092
1639944720 30.24 58.54 131 4.092
1639944780 29.85 58.58 94 4.092
1639944840 29.62 58.68 88 4.092
1639944900 29.26 58.84 88 4.092
1639944960 28.81 59 88 4.092
1639945020 28.63 59.24 88 4.087
1639945080 28.49 59.48 94 4.092
1639945140 28.42 59.73 197 4.092
1639945200 28.32 60.03 624 4.092
1639945260 28.26 60.32 643 4.092
1639945320 28.45 60.63 636 4.092
1639945380 28.66 60.87 650 4.092
1639945440 28.78 61.04 649 4.092
1639945500 28.84 61.17 649 4.092
1639945560 29.1 61.29 649 4.092
1639945620 29.26 61.41 667 4.092
1639945680 29.42 61.51 674 4.092
1639945740 29.72 61.56 668 4.098
1639945800 29.77 61.56 662 4.098
1639945860 29.95 61.5 655 4.098
1639945920 30.23 61.45 643 4.098
1639945980 30.53 61.39 636 4.098
1639946040 30.54 61.21 626 4.098
1639946100 30.61 61.06 606 4.092
1639946160 30.82 60.88 600 4.092
1639946220 30.84 60.72 582 4.098
1639946280 30.73 60.55 576 4.098
1639946340 30.67 60.34 558 4.092
1639946400 30.67 60.14 528 4.092
1639946460 30.47 59.95 462 4.092
1639946520 30.17 59.8 384 4.092
1639946580 30.22 59.69 299 4.092
1639946640 30.27 59.59 239 4.098
1639946700 30.31 59.47 112 4.092
1639946760 30.05 59.38 143 4.092
1639946820 30.02 59.41 131 4.092
1639946880 29.76 59.39 124 4.092
1639946940 29.56 59.36 137 4.092
1639947000 29.59 59.38 131 4.092
1639947060 29.59 59.38 137 4.092
1639947120 29.47 59.41 131 4.092
1639947180 29.35 59.43 155 4.092
1639947240 29.31 59.56 143 4.092
1639947300 29.17 59.65 118 4.092
1639947360 29.1 59.77 149 4.092
1639947420 29.1 59.9 161 4.092
1639947480 29.22 60.01 124 4.098
1639947540 29.18 60.12 149 4.092
1639947600 29.18 60.28 131 4.098
1639947660 29.12 60.38 112 4.092
1639947720 29.1 60.5 112 4.092
1639947780 29.04 60.56 131 4.092
1639947840 28.94 60.67 131 4.092
1639947900 28.8 60.77 137 4.092
1639947960 28.75 60.77 143 4.092
1639948020 28.78 60.85 149 4.092
1639948080 28.78 60.97 149 4.092
1639948140 28.73 61 144 4.092
1639948200 28.78 61.09 131 4.092
1639948260 28.73 61.21 124 4.092
1639948320 28.73 61.29 106 4.092
1639948380 28.69 61.39 82 4.092
1639948440 28.61 61.49 118 4.092
1639948500 28.56 61.63 118 4.092
1639948560 28.5 61.8 131 4.092
1639948620 28.57 61.92 124 4.092
1639948680 28.59 62.07 118 4.092
1639948740 28.54 62.2 112 4.092
1639948800 28.54 62.29 112 4.092
1639948860 28.59 62.35 112 4.092
1639948920 28.53 62.35 112 4.092
1639948980 28.51 62.52 106 4.092
1639949040 28.51 62.57 106 4.092
1639949100 28.47 62.61 100 4.092
1639949160 28.42 62.63 94 4.092
1639949220 28.39 62.73 88 4.092
1639949280 28.37 62.83 88 4.092
1639949340 28.35 62.9 82 4.092
1639949400 28.32 62.91 82 4.092
1639949460 28.33 62.99 82 4.092
1639949520 28.32 63.07 88 4.092
1639949580 28.33 63.18 88 4.092
1639949640 28.37 63.27 94 4.092
1639949700 28.39 63.31 94 4.092
1639949760 28.36 63.44 94 4.092
1639949820 28.3 63.5 94 4.092
1639949880 28.3 63.58 94 4.092
1639949940 28.19 63.63 88 4.087
1639950000 28.15 63.75 82 4.092
1639950060 28.09 63.77 76 4.092
1639950120 28.09 63.89 76 4.092
1639950180 28.05 63.96 70 4.092
1639950240 28.02 64.04 70 4.092
1639950300 28 64.13 64 4.092
1639950360 27.95 64.17 64 4.092
1639950420 27.86 64.33 58 4.087
1639950480 27.75 64.41 52 4.092
1639950540 27.69 64.52 52 4.087
1639950600 27.66 64.67 58 4.092
1639950660 27.59 64.81 58 4.087
1639950720 27.58 64.97 58 4.092
1639950780 27.55 65.11 58 4.087
1639950840 27.56 65.23 58 4.092
1639950900 27.51 65.4 64 4.087
1639950960 27.49 65.54 64 4.092
1639951020 27.52 65.72 70 4.092
1639951080 27.49 65.84 70 4.092
1639951140 27.49 65.98 64 4.087
1639951200 27.4 66.1 64 4.087
1639951260 27.4 66.27 70 4.092
1639951320 27.41 66.43 70 4.092
1639951380 27.41 66.55 76 4.087
1639951440 27.43 66.68 88 4.087
1639951500 27.44 66.8 94 4.087
1639951560 27.51 66.92 94 4.087
1639951620 27.47 66.96 94 4.092
1639951680 27.48 67.04 94 4.087
1639951740 27.47 67.12 88 4.087
1639951800 27.48 67.22 88 4.092
1639951860 27.47 67.29 82 4.087
1639951920 27.44 67.34 76 4.092
1639951980 27.48 67.38 76 4.087
1639952040 27.52 67.44 76 4.092
1639952100 27.48 67.5 82 4.087
1639952160 27.47 67.57 82 4.092
1639952220 27.45 67.62 70 4.087
1639952280 27.44 67.66 58 4.087
1639952340 27.47 67.7 52 4.092
1639952400 27.33 67.62 46 4.087
1639952460 27.21 67.62 46 4.087
1639952520 27.15 67.64 46 4.087
1639952580 27.08 67.62 46 4.092
1639952640 27.01 67.63 52 4.087
1639952700 26.97 67.7 52 4.087
1639952760 26.89 67.75 46 4.092
1639952820 26.83 67.81 46 4.092
1639952880 26.79 67.88 40 4.092
1639952940 26.76 68.01 40 4.087
1639953000 26.72 68.09 40 4.087
1639953060 26.69 68.2 40 4.092
1639953120 26.67 68.3 34 4.087
1639953180 26.67 68.39 34 4.092
1639953240 26.63 68.44 28 4.087
1639953300 26.59 68.48 28 4.087
1639953360 26.59 68.54 28 4.087
1639953420 26.54 68.6 22 4.087
1639953480 26.52 68.6 28 4.087
1639953540 26.5 68.64 22 4.087
1639953600 26.47 68.7 22 4.087
1639953660 26.46 68.78 16 4.087
1639953720 26.43 68.79 16 4.087
1639953780 26.39 68.88 16 4.087
1639953840 26.36 68.98 16 4.087
1639953900 26.3 69.03 16 4.087
1639953960 26.29 69.14 16 4.087
1639954020 26.26 69.22 16 4.087
1639954080 26.25 69.33 16 4.092
1639954140 26.23 69.47 10 4.087
1639954200 26.22 69.59 16 4.087
1639954260 26.19 69.72 10 4.087
1639954320 26.14 69.84 10 4.087
1639954380 26.14 70.02 10 4.087
1639954440 26.11 70.11 4 4.087
1639954500 26.09 70.24 4 4.087
1639954560 26.05 70.37 0 4.087
1639954620 26.02 70.51 0 4.087
1639954680 25.98 70.67 0 4.087
1639954740 25.93 70.86 0 4.087
1639954800 25.88 70.97 0 4.087
1639954860 25.85 71.17 4 4.087
1639954920 25.85 71.33 4 4.092
1639954980 25.81 71.47 0 4.092
1639955040 25.78 71.63 0 4.087
1639955100 25.75 71.83 0 4.087
1639955160 25.72 71.98 0 4.087
1639955220 25.69 72.18 0 4.087
1639955280 25.68 72.37 0 4.092
1639955340 25.67 72.52 0 4.087
1639955400 25.61 72.69 0 4.087
1639955460 25.61 72.84 0 4.087
1639955520 25.58 73.05 0 4.087
1639955580 25.57 73.15 0 4.087
1639955640 25.57 73.32 0 4.087
1639955700 25.51 73.52 0 4.087
1639955760 25.51 73.64 0 4.087
1639955820 25.47 73.81 0 4.087
1639955880 25.47 73.99 0 4.087
1639955940 25.45 74.1 0 4.087
1639956000 25.41 74.26 0 4.087
1639956060 25.37 74.42 0 4.087
1639956120 25.36 74.58 0 4.087
1639956180 25.36 74.78 0 4.087
1639956240 25.33 74.94 0 4.087
1639956300 25.31 75.07 0 4.087
1639956360 25.3 75.21 0 4.087
1639956420 25.28 75.36 0 4.087
1639956480 25.27 75.51 0 4.087
1639956540 25.26 75.59 0 4.087
1639956600 25.27 75.74 0 4.087
1639956660 25.24 75.87 0 4.087
1639956720 25.23 75.97 0 4.087
1639956780 25.26 76.14 0 4.087
1639956840 25.21 76.24 0 4.087
1639956900 25.23 76.32 0 4.087
1639956960 25.23 76.45 0 4.087
1639957020 25.21 76.57 0 4.087
1639957080 25.21 76.72 0 4.087
1639957140 25.17 76.81 0 4.087
1639957200 25.18 76.91 0 4.087
1639957260 25.14 76.97 0 4.087
1639957320 25.16 77.1 0 4.087
1639957380 25.17 77.21 0 4.087
1639957440 25.14 77.27 0 4.087
1639957500 25.12 77.33 0 4.087
1639957560 25.16 77.5 0 4.087
1639957620 25.12 77.57 0 4.087
1639957680 25.13 77.63 0 4.087
1639957740 25.07 77.73 0 4.087
1639957800 25.07 77.8 0 4.087
1639957860 25.07 77.89 0 4.087
1639957920 25.07 78 0 4.087
1639957980 25.06 78.08 0 4.087
1639958040 25.07 78.14 0 4.087
1639958100 25.03 78.25 0 4.087
1639958160 25.02 78.37 0 4.087
1639958220 24.98 78.4 0 4.087
1639958280 25.03 78.48 0 4.087
1639958340 25.03 78.59 0 4.087
1639958400 25.02 78.65 0 4.087
1639958460 24.98 78.71 0 4.082
1639958520 25.02 78.81 0 4.082
1639958580 25.02 78.9 0 4.082
1639958640 24.98 78.92 0 4.082
1639958700 24.96 78.99 0 4.087
1639958760 24.96 79.07 0 4.087
1639958820 24.93 79.12 0 4.087
1639958880 24.93 79.16 0 4.087
1639958940 24.9 79.25 0 4.087
1639959000 24.93 79.33 0 4.087
1639959060 24.91 79.38 0 4.087
1639959120 24.9 79.37 0 4.087
1639959180 24.9 79.41 0 4.087
1639959240 24.89 79.45 0 4.087
1639959300 24.87 79.45 0 4.087
1639959360 24.87 79.47 0 4.087
1639959420 24.87 79.51 0 4.082
1639959480 24.85 79.56 0 4.082
1639959540 24.82 79.62 0 4.082
1639959600 24.8 79.62 0 4.082
1639959660 24.8 79.68 0 4.082
1639959720 24.83 79.75 0 4.082
1639959780 24.8 79.75 0 4.082
1639959840 24.85 79.8 0 4.082
1639959900 24.85 79.8 0 4.087
1639959960 24.86 79.81 0 4.082
1639960020 24.87 79.84 0 4.087
1639960080 24.87 79.84 0 4.082
1639960140 24.9 79.88 0 4.082
1639960200 24.89 79.92 0 4.082
1639960260 24.87 79.87 0 4.082
1639960320 24.87 79.9 0 4.082
1639960380 24.86 79.92 0 4.082
1639960440 24.86 79.95 0 4.082
1639960500 24.86 79.95 0 4.087
1639960560 24.87 80 0 4.082
1639960620 24.86 79.98 0 4.082
1639960680 24.86 80.04 0 4.082
1639960740 24.86 80.05 0 4.082
1639960800 24.83 80.07 0 4.082
1639960860 24.85 80.12 0 4.082
1639960920 24.85 80.17 0 4.082
1639960980 24.77 80.15 0 4.082
1639961040 24.79 80.22 0 4.087
1639961100 24.76 80.25 0 4.087
1639961160 24.77 80.29 0 4.082
1639961220 24.73 80.36 0 4.082
1639961280 24.75 80.41 0 4.082
1639961340 24.73 80.45 0 4.082
1639961400 24.73 80.5 0 4.082
1639961460 24.72 80.63 0 4.082
1639961520 24.7 80.66 0 4.082
1639961580 24.72 80.72 0 4.087
1639961640 24.7 80.75 0 4.082
1639961700 24.7 80.82 0 4.087
1639961760 24.7 80.87 0 4.082
1639961820 24.73 80.91 0 4.082
1639961880 24.72 80.95 0 4.082
1639961940 24.69 80.99 0 4.082
1639962000 24.72 81.03 0 4.082
1639962060 24.7 81.05 0 4.087
1639962120 24.69 81.07 0 4.082
1639962180 24.72 81.17 0 4.082
1639962240 24.69 81.17 0 4.082
1639962300 24.69 81.21 0 4.082
1639962360 24.7 81.28 0 4.082
1639962420 24.69 81.3 0 4.087
1639962480 24.69 81.31 0 4.082
1639962540 24.69 81.4 0 4.082
1639962600 24.67 81.42 0 4.082
1639962660 24.63 81.45 0 4.082
1639962720 24.65 81.51 0 4.082
1639962780 24.67 81.55 0 4.082
1639962840 24.65 81.59 0 4.082
1639962900 24.65 81.61 0 4.082
1639962960 24.66 81.62 0 4.082
1639963020 24.63 81.66 0 4.082
1639963080 24.67 81.73 0 4.082
1639963140 24.66 81.71 0 4.082
1639963200 24.63 81.78 0 4.082
1639963260 24.66 81.77 0 4.082
1639963320 24.65 81.79 0 4.082
1639963380 24.65 81.82 0 4.082
1639963440 24.66 81.79 0 4.082
1639963500 24.66 81.81 0 4.087
1639963560 24.67 81.84 0 4.082
1639963620 24.69 81.87 0 4.082
1639963680 24.69 81.84 0 4.082
1639963740 24.72 81.81 0 4.082
1639963800 24.7 81.84 0 4.082
1639963860 24.73 81.81 0 4.082
1639963920 24.73 81.85 0 4.076
1639963980 24.73 81.88 0 4.082
1639964040 24.72 81.86 0 4.082
1639964100 24.7 81.84 0 4.082
1639964160 24.73 81.86 0 4.082
1639964220 24.73 81.86 0 4.082
1639964280 24.72 81.87 0 4.082
1639964340 24.75 81.84 0 4.082
1639964400 24.72 81.85 0 4.082
1639964460 24.75 81.82 0 4.082
1639964520 24.76 81.83 0 4.082
1639964580 24.76 81.83 0 4.082
1639964640 24.73 81.82 0 4.082
1639964700 24.76 81.77 0 4.082
1639964760 24.76 81.78 0 4.082
1639964820 24.75 81.78 0 4.082
1639964880 24.76 81.78 0 4.076
1639964940 24.76 81.79 0 4.076
1639965000 24.75 81.82 0 4.082
1639965060 24.75 81.84 0 4.082
1639965120 24.72 81.87 0 4.082
1639965180 24.69 81.84 0 4.082
1639965240 24.67 81.84 0 4.082
1639965300 24.63 81.89 0 4.082
1639965360 24.63 81.88 0 4.082
1639965420 24.63 81.87 0 4.082
1639965480 24.63 81.87 0 4.082
1639965540 24.62 81.87 0 4.076
1639965600 24.62 81.9 0 4.082
1639965660 24.62 81.9 0 4.082
1639965720 24.62 81.93 0 4.076
1639965780 24.62 81.88 0 4.076
1639965840 24.62 81.91 0 4.082
1639965900 24.65 81.88 0 4.082
1639965960 24.65 81.88 0 4.082
1639966020 24.66 81.88 0 4.082
1639966080 24.66 81.85 0 4.082
1639966140 24.67 81.87 0 4.082
1639966200 24.66 81.87 0 4.082
1639966260 24.67 81.89 0 4.082
1639966320 24.66 81.89 0 4.082
1639966380 24.65 81.91 0 4.076
1639966440 24.67 81.89 0 4.082
1639966500 24.67 81.92 0 4.082
1639966560 24.7 81.93 0 4.082
1639966620 24.69 81.9 0 4.076
1639966680 24.7 81.95 0 4.076
1639966740 24.69 81.92 0 4.082
1639966800 24.7 81.91 0 4.082
1639966860 24.7 81.94 0 4.082
1639966920 24.69 81.96 0 4.076
1639966980 24.7 82.02 0 4.082
1639967040 24.67 82.04 0 4.082
1639967100 24.65 82.04 0 4.082
1639967160 24.66 82.06 0 4.082
1639967220 24.67 82.09 0 4.082
1639967280 24.66 82.04 0 4.076
1639967340 24.69 82.11 0 4.082
1639967400 24.66 82.1 0 4.082
1639967460 24.69 82.12 0 4.076
1639967520 24.67 82.13 0 4.076
1639967580 24.69 82.11 0 4.076
1639967640 24.69 82.11 0 4.076
1639967700 24.66 82.12 0 4.076
1639967760 24.67 82.09 0 4.076
1639967820 24.66 82.09 0 4.082
1639967880 24.66 82.1 0 4.076
1639967940 24.63 82.11 0 4.082
1639968000 24.65 82.11 0 4.082
1639968060 24.65 82.11 0 4.082
1639968120 24.67 82.11 0 4.082
1639968180 24.63 82.1 0 4.076
1639968240 24.62 82.12 0 4.076
1639968300 24.65 82.11 0 4.082
1639968360 24.65 82.09 0 4.076
1639968420 24.62 82.05 0 4.076
1639968480 24.62 82.04 0 4.076
1639968540 24.59 82.06 0 4.076
1639968600 24.59 82 0 4.076
1639968660 24.59 82.04 0 4.076
1639968720 24.59 82.05 0 4.076
1639968780 24.58 82.08 0 4.076
1639968840 24.58 82.09 0 4.076
1639968900 24.56 82.11 0 4.076
1639968960 24.58 82.11 0 4.082
1639969020 24.58 82.11 0 4.076
1639969080 24.58 82.11 0 4.076
1639969140 24.58 82.18 0 4.076
1639969200 24.58 82.16 0 4.076
1639969260 24.56 82.15 0 4.076
1639969320 24.59 82.16 0 4.076
1639969380 24.62 82.19 0 4.076
1639969440 24.59 82.14 0 4.076
1639969500 24.61 82.16 0 4.076
1639969560 24.62 82.14 0 4.076
1639969620 24.62 82.17 0 4.076
1639969680 24.63 82.19 0 4.082
1639969740 24.62 82.2 0 4.076
1639969800 24.62 82.17 0 4.082
1639969860 24.62 82.13 0 4.076
1639969920 24.63 82.15 0 4.076
1639969980 24.59 82.19 0 4.076
1639970040 24.61 82.26 0 4.076
1639970100 24.61 82.3 0 4.082
1639970160 24.58 82.32 0 4.076
1639970220 24.56 82.36 0 4.076
1639970280 24.55 82.4 0 4.076
1639970340 24.52 82.45 0 4.076
1639970400 24.49 82.51 0 4.076
1639970460 24.49 82.59 0 4.076
1639970520 24.46 82.63 0 4.076
1639970580 24.45 82.62 0 4.076
1639970640 24.45 82.67 0 4.076
1639970700 24.43 82.78 0 4.076
1639970760 24.39 82.83 0 4.076
1639970820 24.39 82.86 0 4.076
1639970880 24.32 82.94 0 4.076
1639970940 24.26 83.03 0 4.076
1639971000 24.18 83.05 0 4.082
1639971060 24.12 83.15 0 4.076
1639971120 24.1 83.26 0 4.076
1639971180 24.08 83.33 0 4.076
1639971240 24 83.43 0 4.076
1639971300 23.98 83.62 0 4.076
1639971360 23.92 83.69 0 4.071
1639971420 23.89 83.81 0 4.076
1639971480 23.88 83.91 0 4.076
1639971540 23.84 83.99 0 4.076
1639971600 23.87 84.08 0 4.076
1639971660 23.82 84.21 0 4.076
1639971720 23.77 84.3 0 4.076
1639971780 23.77 84.44 0 4.076
1639971840 23.75 84.55 0 4.076
1639971900 23.75 84.7 0 4.076
1639971960 23.7 84.78 0 4.076
1639972020 23.7 84.93 0 4.071
1639972080 23.7 85.03 0 4.076
1639972140 23.68 85.11 0 4.076
1639972200 23.71 85.23 0 4.076
1639972260 23.71 85.3 0 4.076
1639972320 23.71 85.37 0 4.076
1639972380 23.67 85.4 0 4.076
1639972440 23.68 85.43 0 4.076
1639972500 23.7 85.44 0 4.076
1639972560 23.67 85.44 0 4.076
1639972620 23.68 85.45 0 4.076
1639972680 23.65 85.45 0 4.076
1639972740 23.67 85.45 0 4.076
1639972800 23.63 85.41 0 4.076
1639972860 23.65 85.43 0 4.076
1639972920 23.65 85.42 0 4.076
1639972980 23.63 85.45 0 4.076
1639973040 23.61 85.43 0 4.076
1639973100 23.61 85.49 0 4.076
1639973160 23.6 85.46 0 4.076
1639973220 23.6 85.51 0 4.076
1639973280 23.6 85.61 0 4.076
1639973340 23.56 85.82 0 4.076
1639973400 23.44 85.92 0 4.076
1639973460 23.34 86.13 0 4.076
1639973520 23.34 86.46 0 4.076
1639973580 23.21 86.71 0 4.076
1639973640 23.05 86.96 0 4.076
1639973700 22.92 87.12 0 4.076
1639973760 22.9 87.38 0 4.076
1639973820 22.8 87.53 0 4.071
1639973880 22.83 87.75 0 4.071
1639973940 22.72 87.93 0 4.076
1639974000 22.73 88.18 0 4.076
1639974060 22.68 88.38 0 4.076
1639974120 22.65 88.61 0 4.076
1639974180 22.65 88.69 0 4.076
1639974240 22.68 88.93 0 4.076
1639974300 22.62 89.1 0 4.076
1639974360 22.68 89.35 0 4.082
1639974420 22.68 89.54 0 4.076
1639974480 22.63 89.75 0 4.076
1639974540 22.59 89.9 0 4.076
1639974600 22.63 90.04 0 4.076
1639974660 22.63 90.24 0 4.076
1639974720 22.65 90.42 0 4.071
1639974780 22.63 90.59 0 4.076
1639974840 22.66 90.75 0 4.076
1639974900 22.68 90.92 0 4.076
1639974960 22.7 91.07 0 4.076
1639975020 22.59 91.15 0 4.076
1639975080 22.48 91.3 0 4.076
1639975140 22.46 91.4 0 4.076
1639975200 22.51 91.47 0 4.076
1639975260 22.51 91.57 0 4.076
1639975320 22.55 91.61 0 4.076
1639975380 22.52 91.66 0 4.076
1639975440 22.48 91.71 0 4.071
1639975500 22.39 91.72 0 4.071
1639975560 22.35 91.72 0 4.076
1639975620 22.15 91.72 0 4.071
1639975680 21.9 91.69 0 4.076
1639975740 21.85 91.74 0 4.076
1639975800 21.84 91.82 0 4.076
1639975860 21.64 91.89 0 4.076
1639975920 21.49 91.97 0 4.076
1639975980 21.32 92.04 0 4.076
1639976040 21.26 92.15 0 4.071
1639976100 21.16 92.17 0 4.071
1639976160 21.05 92.24 0 4.076
1639976220 20.96 92.32 0 4.076
1639976280 20.9 92.45 0 4.071
1639976340 20.86 92.5 0 4.076
