1637730000 21.07 91.09 0 4.049
1637730060 21.05 91.2 0 4.049
1637730120 21.05 91.26 0 4.049
1637730180 21.05 91.25 0 4.044
1637730240 21.01 91.34 0 4.044
1637730300 21.01 91.21 0 4.049
1637730360 20.97 91.25 0 4.049
1637730420 20.95 91.41 0 4.049
1637730480 20.93 91.45 0 4.044
1637730540 20.86 91.91 0 4.049
1637730600 20.83 91.79 0 4.044
1637730660 20.83 92.17 0 4.044
1637730720 20.73 92.14 0 4.049
1637730780 20.71 91.89 0 4.049
1637730840 20.65 91.76 0 4.049
1637730900 20.66 91.9 0 4.049
1637730960 20.69 91.79 0 4.049
1637731020 20.65 91.6 0 4.049
1637731080 20.69 91.84 0 4.044
1637731140 20.69 91.98 0 4.049
1637731200 20.69 92.03 0 4.049
1637731260 20.67 92.09 0 4.044
1637731320 20.69 92.05 0 4.049
1637731380 20.69 92.4 0 4.049
1637731440 20.66 92 0 4.049
1637731500 20.65 91.85 0 4.049
1637731560 20.66 91.89 0 4.049
1637731620 20.66 91.82 0 4.044
1637731680 20.66 91.79 0 4.044
1637731740 20.7 91.87 0 4.049
1637731800 20.69 92.15 0 4.049
1637731860 20.74 92.8 0 4.049
1637731920 20.79 93.09 0 4.049
1637731980 20.8 93.16 0 4.044
1637732040 20.79 93.13 0 4.044
1637732100 20.77 93.31 0 4.044
1637732160 20.76 93.45 0 4.049
1637732220 20.76 93.6 0 4.049
1637732280 20.76 93.76 0 4.044
1637732340 20.77 93.83 0 4.049
1637732400 20.71 93.83 0 4.044
1637732460 20.67 93.99 0 4.044
1637732520 20.66 94.19 0 4.044
1637732580 20.65 94.29 0 4.044
1637732640 20.63 94.27 0 4.044
1637732700 20.59 94.2 0 4.044
1637732760 20.59 94.52 0 4.044
1637732820 20.54 94.23 0 4.049
1637732880 20.54 94.41 0 4.044
1637732940 20.52 94.41 0 4.049
1637733000 20.5 94.45 0 4.044
1637733060 20.44 94.45 0 4.049
1637733120 20.43 94.63 0 4.049
1637733180 20.4 94.46 0 4.044
1637733240 20.42 94.61 0 4.049
1637733300 20.39 94.61 0 4.049
1637733360 20.42 94.85 0 4.044
1637733420 20.46 94.82 0 4.049
1637733480 20.42 94.84 0 4.044
1637733540 20.42 94.97 0 4.044
1637733600 20.42 95.06 0 4.044
1637733660 20.44 95.3 0 4.044
1637733720 20.44 95.11 0 4.044
1637733780 20.43 95.13 0 4.044
1637733840 20.39 95.16 0 4.044
1637733900 20.35 95.23 0 4.044
1637733960 20.36 95.35 0 4.044
1637734020 20.39 95.52 0 4.044
1637734080 20.33 95.43 0 4.044
1637734140 20.31 95.57 0 4.044
1637734200 20.32 95.63 0 4.044
1637734260 20.29 95.71 0 4.044
1637734320 20.28 95.74 0 4.044
1637734380 20.29 95.83 0 4.044
1637734440 20.28 95.83 0 4.044
1637734500 20.29 96 0 4.044
1637734560 20.29 95.93 0 4.049
1637734620 20.31 96.04 0 4.044
1637734680 20.32 96.12 0 4.044
1637734740 20.33 96.13 0 4.044
1637734800 20.32 96.09 0 4.044
1637734860 20.33 96.17 0 4.044
1637734920 20.33 96.34 0 4.044
1637734980 20.35 96.27 0 4.044
1637735040 20.36 96.26 0 4.044
1637735100 20.32 96.29 0 4.044
1637735160 20.32 96.3 0 4.044
1637735220 20.32 96.41 0 4.044
1637735280 20.33 96.42 0 4.044
1637735340 20.32 96.33 0 4.049
1637735400 20.32 96.45 0 4.044
1637735460 20.32 96.41 0 4.044
1637735520 20.33 96.41 0 4.044
1637735580 20.31 96.41 0 4.044
1637735640 20.4 96.83 0 4.044
1637735700 20.39 96.6 0 4.044
1637735760 20.39 96.57 0 4.044
1637735820 20.39 96.61 0 4.044
1637735880 20.42 96.69 0 4.044
1637735940 20.39 96.59 0 4.044
1637736000 20.4 96.64 0 4.044
1637736060 20.36 96.62 0 4.044
1637736120 20.36 96.69 0 4.044
1637736180 20.35 96.68 0 4.044
1637736240 20.38 96.78 0 4.044
1637736300 20.38 96.76 0 4.044
1637736360 20.39 96.81 0 4.044
1637736420 20.43 96.89 0 4.044
1637736480 20.4 96.69 0 4.044
1637736540 20.42 96.75 0 4.044
1637736600 20.43 96.7 0 4.044
1637736660 20.42 96.7 0 4.044
1637736720 20.43 96.69 0 4.044
1637736780 20.4 96.63 0 4.044
1637736840 20.38 96.61 0 4.044
1637736900 20.4 96.73 0 4.044
1637736960 20.38 96.64 0 4.044
1637737020 20.38 96.64 0 4.044
1637737080 20.4 96.8 0 4.044
1637737140 20.38 96.65 0 4.044
1637737200 20.39 96.71 0 4.044
1637737260 20.38 96.67 0 4.044
1637737320 20.38 96.69 0 4.044
1637737380 20.4 96.76 0 4.044
1637737440 20.39 96.74 0 4.044
1637737500 20.36 96.74 0 4.044
1637737560 20.38 96.76 0 4.044
1637737620 20.35 96.74 0 4.044
1637737680 20.36 96.8 0 4.044
1637737740 20.39 96.87 0 4.044
1637737800 20.39 96.81 0 4.044
1637737860 20.39 96.88 0 4.044
1637737920 20.4 96.86 0 4.039
1637737980 20.44 96.95 0 4.044
1637738040 20.4 96.87 0 4.044
1637738100 20.4 96.93 0 4.039
1637738160 20.39 96.87 0 4.044
1637738220 20.38 96.87 0 4.044
1637738280 20.38 96.83 0 4.044
1637738340 20.38 96.87 0 4.044
1637738400 20.39 96.88 0 4.044
1637738460 20.38 96.9 0 4.044
1637738520 20.36 96.87 0 4.044
1637738580 20.39 96.92 0 4.044
1637738640 20.4 96.87 0 4.044
1637738700 20.38 96.92 0 4.044
1637738760 20.35 96.89 0 4.044
1637738820 20.39 97.02 0 4.044
1637738880 20.42 97.12 0 4.044
1637738940 20.4 96.93 0 4.044
1637739000 20.43 97.02 0 4.039
1637739060 20.39 96.89 0 4.044
1637739120 20.38 96.95 0 4.044
1637739180 20.36 97.03 0 4.044
1637739240 20.38 96.96 0 4.044
1637739300 20.38 97 0 4.044
1637739360 20.36 97.03 0 4.044
1637739420 20.36 96.98 0 4.044
1637739480 20.32 96.84 0 4.044
1637739540 20.32 96.93 0 4.044
1637739600 20.32 96.97 0 4.039
1637739660 20.32 96.88 0 4.039
1637739720 20.33 96.99 0 4.044
1637739780 20.33 96.93 0 4.044
1637739840 20.33 96.96 0 4.039
1637739900 20.31 96.94 0 4.044
1637739960 20.33 96.9 0 4.044
1637740020 20.29 96.86 0 4.039
1637740080 20.29 96.94 0 4.044
1637740140 20.29 96.88 0 4.039
1637740200 20.31 96.9 0 4.044
1637740260 20.29 96.97 0 4.044
1637740320 20.29 96.87 0 4.044
1637740380 20.28 96.96 0 4.044
1637740440 20.25 96.93 0 4.044
1637740500 20.25 96.94 0 4.044
1637740560 20.23 96.89 0 4.039
1637740620 20.25 96.95 0 4.039
1637740680 20.25 96.98 0 4.039
1637740740 20.25 97 0 4.044
1637740800 20.28 97.02 0 4.044
1637740860 20.31 97.05 0 4.044
1637740920 20.33 97.08 0 4.039
1637740980 20.32 96.92 0 4.044
1637741040 20.33 96.77 0 4.044
1637741100 20.29 96.58 0 4.044
1637741160 20.32 96.55 0 4.044
1637741220 20.35 96.55 0 4.044
1637741280 20.38 96.54 0 4.044
1637741340 20.4 96.52 0 4.039
1637741400 20.44 96.69 0 4.039
1637741460 20.47 96.56 0 4.044
1637741520 20.43 96.54 0 4.044
1637741580 20.49 96.78 0 4.044
1637741640 20.44 96.48 0 4.044
1637741700 20.39 96.52 0 4.039
1637741760 20.36 96.61 0 4.044
1637741820 20.33 96.58 0 4.044
1637741880 20.33 96.68 0 4.044
1637741940 20.33 96.69 0 4.039
1637742000 20.28 96.65 0 4.039
1637742060 20.26 96.69 0 4.039
1637742120 20.29 96.79 0 4.044
1637742180 20.28 96.72 0 4.044
1637742240 20.28 96.73 0 4.044
1637742300 20.28 96.68 0 4.039
1637742360 20.25 96.64 0 4.044
1637742420 20.22 96.64 0 4.039
1637742480 20.23 96.74 0 4.039
1637742540 20.19 96.62 0 4.039
1637742600 20.25 96.66 0 4.044
1637742660 20.25 96.67 0 4.044
1637742720 20.25 96.6 0 4.039
1637742780 20.26 96.62 0 4.039
1637742840 20.31 96.63 0 4.044
1637742900 20.31 96.74 0 4.044
1637742960 20.28 96.47 0 4.044
1637743020 20.31 96.68 0 4.044
1637743080 20.21 96.28 0 4.044
1637743140 20.16 96.04 0 4.044
1637743200 20.11 95.64 0 4.039
1637743260 20.09 95.71 0 4.039
1637743320 20.09 95.55 0 4.039
1637743380 20.09 95.44 0 4.039
1637743440 20.09 95.4 0 4.044
1637743500 20.09 95.22 0 4.044
1637743560 20.14 95.22 0 4.039
1637743620 20.14 95.14 0 4.039
1637743680 20.12 95.09 0 4.039
1637743740 20.25 95.67 0 4.044
1637743800 20.28 95.71 0 4.044
1637743860 20.26 95.83 0 4.039
1637743920 20.28 95.92 0 4.039
1637743980 20.32 96.12 0 4.044
1637744040 20.31 96.17 0 4.039
1637744100 20.31 95.9 0 4.033
1637744160 20.28 95.75 0 4.039
1637744220 20.23 95.87 0 4.039
1637744280 20.29 95.99 0 4.039
1637744340 20.31 95.9 0 4.039
1637744400 20.29 95.83 0 4.039
1637744460 20.14 95.09 0 4.039
1637744520 20.11 95.12 0 4.039
1637744580 20.15 95.2 0 4.039
1637744640 20.11 94.92 0 4.039
1637744700 20.14 94.99 0 4.039
1637744760 20.14 94.84 0 4.039
1637744820 20.14 94.85 0 4.039
1637744880 20.16 94.8 0 4.039
1637744940 20.12 94.8 0 4.039
1637745000 20.19 94.97 0 4.039
1637745060 20.18 94.83 0 4.039
1637745120 20.16 94.62 0 4.039
1637745180 20.15 94.67 0 4.039
1637745240 20.15 94.68 0 4.039
1637745300 20.18 94.94 0 4.039
1637745360 20.23 95.21 0 4.039
1637745420 20.28 95.16 0 4.039
1637745480 20.25 95.1 0 4.039
1637745540 20.26 95.2 0 4.039
1637745600 20.28 95.37 0 4.039
1637745660 20.35 95.83 0 4.039
1637745720 20.36 95.67 0 4.039
1637745780 20.32 95.79 0 4.039
1637745840 20.31 95.88 0 4.039
1637745900 20.29 95.96 0 4.039
1637745960 20.29 96.08 0 4.039
1637746020 20.32 96.16 0 4.039
1637746080 20.35 96.23 0 4.039
1637746140 20.33 96.21 0 4.039
1637746200 20.31 96.2 0 4.039
1637746260 20.29 96.27 0 4.039
1637746320 20.32 96.34 0 4.039
1637746380 20.31 96.38 0 4.039
1637746440 20.29 96.33 0 4.039
1637746500 20.28 96.42 0 4.039
1637746560 20.31 96.46 0 4.039
1637746620 20.31 96.44 0 4.039
1637746680 20.29 96.32 0 4.039
1637746740 20.26 96.35 0 4.039
1637746800 20.23 96.44 0 4.039
1637746860 20.22 96.48 0 4.039
1637746920 20.19 96.47 0 4.039
1637746980 20.16 96.57 0 4.039
1637747040 20.23 96.72 0 4.039
1637747100 20.21 96.64 0 4.039
1637747160 20.21 96.73 0 4.039
1637747220 20.21 96.67 0 4.039
1637747280 20.19 96.78 0 4.039
1637747340 20.16 96.63 0 4.039
1637747400 20.15 96.74 0 4.039
1637747460 20.15 96.74 0 4.039
1637747520 20.14 96.73 0 4.039
1637747580 20.15 96.85 0 4.039
1637747640 20.12 96.76 0 4.039
1637747700 20.11 96.73 0 4.039
1637747760 20.12 96.8 0 4.039
1637747820 20.08 96.78 0 4.039
1637747880 20.11 96.88 0 4.039
1637747940 20.11 96.9 0 4.039
1637748000 20.11 96.85 0 4.039
1637748060 20.08 96.83 0 4.039
1637748120 20.07 96.88 0 4.039
1637748180 20.08 96.87 0 4.039
1637748240 20.09 96.93 0 4.039
1637748300 20.11 96.94 0 4.039
1637748360 20.08 96.94 0 4.039
1637748420 20.08 96.97 0 4.039
1637748480 20.08 97.05 0 4.039
1637748540 20.09 97.05 0 4.039
1637748600 20.11 97.02 0 4.039
1637748660 20.14 97.17 0 4.039
1637748720 20.11 97.03 0 4.039
1637748780 20.11 97.04 0 4.039
1637748840 20.07 96.99 0 4.039
1637748900 20.05 96.91 0 4.039
1637748960 20.07 97.03 0 4.033
1637749020 20.08 97.05 0 4.039
1637749080 20.09 97.11 0 4.039
1637749140 20.09 97.12 0 4.039
1637749200 20.14 97.18 0 4.039
1637749260 20.14 97.21 0 4.033
1637749320 20.11 97.21 0 4.039
1637749380 20.09 97.29 0 4.039
1637749440 20.09 97.28 0 4.039
1637749500 20.08 97.32 0 4.033
1637749560 20.07 97.37 0 4.033
1637749620 20.02 97.28 0 4.039
1637749680 20.04 97.33 0 4.039
1637749740 20.02 97.35 0 4.039
1637749800 19.99 97.36 0 4.039
1637749860 20.05 97.49 0 4.039
1637749920 20.01 97.35 0 4.039
1637749980 19.98 97.36 0 4.039
1637750040 19.96 97.41 0 4.039
1637750100 19.98 97.41 0 4.033
1637750160 19.96 97.43 0 4.039
1637750220 19.96 97.47 0 4.039
1637750280 19.95 97.5 0 4.033
1637750340 19.96 97.61 0 4.039
1637750400 19.99 97.58 0 4.033
1637750460 19.94 97.56 0 4.033
1637750520 19.94 97.56 0 4.039
1637750580 19.89 97.54 0 4.033
1637750640 19.89 97.6 0 4.039
1637750700 19.88 97.67 0 4.039
1637750760 19.89 97.74 0 4.039
1637750820 19.88 97.71 0 4.039
1637750880 19.85 97.76 0 4.039
1637750940 19.85 97.79 0 4.039
1637751000 19.84 97.82 0 4.039
1637751060 19.85 97.85 0 4.039
1637751120 19.87 98 0 4.039
1637751180 19.82 97.84 0 4.039
1637751240 19.82 97.78 0 4.033
1637751300 19.81 97.87 0 4.039
1637751360 19.8 97.83 0 4.033
1637751420 19.77 97.84 0 4.033
1637751480 19.77 97.81 0 4.039
1637751540 19.75 97.83 0 4.039
1637751600 19.77 97.83 0 4.033
1637751660 19.78 97.82 0 4.039
1637751720 19.8 97.97 0 4.033
1637751780 19.78 97.87 0 4.033
1637751840 19.77 97.91 0 4.033
1637751900 19.81 97.92 0 4.039
1637751960 19.84 98 0 4.039
1637752020 19.82 97.9 0 4.039
1637752080 19.85 97.92 0 4.033
1637752140 19.88 97.88 0 4.039
1637752200 19.85 97.86 0 4.033
1637752260 19.81 97.82 0 4.033
1637752320 19.8 97.83 0 4.039
1637752380 19.8 97.87 0 4.039
1637752440 19.8 97.86 0 4.039
1637752500 19.77 97.79 0 4.039
1637752560 19.78 97.83 0 4.039
1637752620 19.81 97.86 0 4.039
1637752680 19.84 97.94 0 4.039
1637752740 19.82 97.89 0 4.039
1637752800 19.87 97.9 0 4.033
1637752860 19.82 97.84 0 4.039
1637752920 19.84 97.84 0 4.039
1637752980 19.87 97.93 0 4.039
1637753040 19.88 97.92 0 4.033
1637753100 19.88 97.93 0 4.033
1637753160 19.82 97.82 0 4.033
1637753220 19.85 97.8 0 4.033
1637753280 19.82 97.71 0 4.039
1637753340 19.81 97.73 0 4.033
1637753400 19.78 97.56 0 4.033
1637753460 19.78 97.54 0 4.033
1637753520 19.81 97.5 0 4.033
1637753580 19.81 97.46 0 4.033
1637753640 19.81 97.37 0 4.033
1637753700 19.82 97.34 0 4.033
1637753760 19.82 97.29 0 4.033
1637753820 19.81 97.25 0 4.039
1637753880 19.81 97.24 0 4.033
1637753940 19.8 97.2 0 4.033
1637754000 19.8 97.18 0 4.033
1637754060 19.81 97.15 0 4.033
1637754120 19.82 97.3 0 4.033
1637754180 19.89 97.38 0 4.033
1637754240 19.77 96.69 0 4.039
1637754300 19.74 96.68 0 4.033
1637754360 19.75 96.3 0 4.039
1637754420 19.75 96.24 0 4.033
1637754480 19.84 96.18 0 4.033
1637754540 19.8 95.76 0 4.033
1637754600 19.84 95.44 0 4.033
1637754660 19.87 95.1 0 4.033
1637754720 19.87 95 0 4.033
1637754780 19.89 94.91 0 4.033
1637754840 19.91 94.95 0 4.033
1637754900 19.91 94.98 0 4.033
1637754960 19.87 94.87 0 4.033
1637755020 19.87 94.85 0 4.033
1637755080 19.92 95.15 0 4.033
1637755140 19.96 95.56 0 4.033
1637755200 20.04 95.88 0 4.033
1637755260 19.99 95.75 0 4.033
1637755320 19.96 95.92 0 4.033
1637755380 19.96 96.15 0 4.033
1637755440 19.95 96.19 0 4.033
1637755500 19.94 96.22 4 4.033
1637755560 19.88 96.24 0 4.033
1637755620 19.89 96.32 4 4.033
1637755680 19.87 96.32 4 4.033
1637755740 19.85 96.36 4 4.033
1637755800 19.85 96.53 4 4.033
1637755860 19.87 96.67 4 4.033
1637755920 19.87 96.71 4 4.033
1637755980 19.87 96.77 4 4.033
1637756040 19.85 96.76 4 4.033
1637756100 19.84 96.73 10 4.033
1637756160 19.85 96.84 10 4.033
1637756220 19.89 96.92 16 4.033
1637756280 19.88 96.83 16 4.033
1637756340 19.89 96.83 16 4.033
1637756400 19.92 96.94 16 4.033
1637756460 19.88 96.85 22 4.039
1637756520 19.88 96.87 22 4.033
1637756580 19.88 96.78 22 4.033
1637756640 19.89 96.76 28 4.033
1637756700 19.89 96.82 28 4.033
1637756760 19.94 96.82 34 4.033
1637756820 19.94 96.82 34 4.033
1637756880 19.92 96.69 34 4.033
1637756940 19.95 96.78 40 4.033
1637757000 19.99 96.77 40 4.033
1637757060 20.02 96.89 46 4.033
1637757120 20.07 96.84 46 4.033
1637757180 20.08 96.89 46 4.033
1637757240 20.07 96.74 46 4.033
1637757300 20.08 96.86 52 4.033
1637757360 20.11 96.85 46 4.033
1637757420 20.05 96.69 52 4.033
1637757480 20.09 96.74 52 4.033
1637757540 20.09 96.65 52 4.033
1637757600 20.09 96.58 46 4.033
1637757660 20.12 96.59 46 4.033
1637757720 20.12 96.56 46 4.033
1637757780 20.16 96.55 52 4.033
1637757840 20.15 96.51 58 4.033
1637757900 20.19 96.4 58 4.033
1637757960 20.11 96.06 52 4.033
1637758020 20.12 96.04 52 4.033
1637758080 20.12 96.06 52 4.033
1637758140 20.16 95.97 58 4.033
1637758200 20.15 95.88 52 4.033
1637758260 20.15 95.78 52 4.033
1637758320 20.11 95.81 46 4.033
1637758380 20.14 95.92 46 4.033
1637758440 20.14 95.96 46 4.033
1637758500 20.16 95.96 46 4.033
1637758560 20.16 95.91 46 4.033
1637758620 20.19 95.9 46 4.033
1637758680 20.18 95.77 46 4.033
1637758740 20.22 95.91 40 4.033
1637758800 20.23 95.7 40 4.033
1637758860 20.22 95.67 40 4.033
1637758920 20.26 95.65 40 4.033
1637758980 20.29 95.58 40 4.033
1637759040 20.32 95.55 40 4.033
1637759100 20.33 95.55 40 4.033
1637759160 20.38 95.46 40 4.033
1637759220 20.4 95.4 40 4.033
1637759280 20.39 95.28 40 4.033
1637759340 20.39 95.13 40 4.033
1637759400 20.39 95.13 40 4.033
1637759460 20.43 95.05 40 4.033
1637759520 20.43 94.77 40 4.033
1637759580 20.44 94.63 40 4.033
1637759640 20.44 94.23 40 4.033
1637759700 20.43 94.45 46 4.033
1637759760 20.42 94.04 46 4.033
1637759820 20.4 94.05 52 4.033
1637759880 20.42 94.3 58 4.033
1637759940 20.4 94.34 64 4.033
1637760000 20.4 94.38 64 4.033
1637760060 20.4 94.11 76 4.033
1637760120 20.39 94.05 76 4.033
1637760180 20.43 94.16 82 4.033
1637760240 20.46 94.19 88 4.033
1637760300 20.49 93.9 94 4.033
1637760360 20.56 93.81 94 4.033
1637760420 20.6 93.75 99 4.033
1637760480 20.65 93.73 99 4.033
1637760540 20.67 93.65 105 4.033
1637760600 20.73 93.6 111 4.033
1637760660 20.8 93.57 117 4.033
1637760720 20.81 93.32 117 4.033
1637760780 20.89 93.31 123 4.033
1637760840 20.93 92.93 129 4.033
1637760900 20.98 92.89 135 4.033
1637760960 21.05 92.9 141 4.033
1637761020 21.12 92.83 153 4.033
1637761080 21.14 92.8 159 4.033
1637761140 21.2 92.59 165 4.033
1637761200 21.22 92.66 171 4.033
1637761260 21.25 92.76 177 4.039
1637761320 21.25 92.61 183 4.039
1637761380 21.28 92.71 189 4.039
1637761440 21.31 92.91 201 4.039
1637761500 21.31 92.79 212 4.039
1637761560 21.29 93 230 4.039
1637761620 21.35 92.98 248 4.039
1637761680 21.44 92.47 248 4.039
1637761740 21.52 92.4 260 4.044
1637761800 21.65 92.32 272 4.039
1637761860 21.76 92.03 290 4.039
1637761920 21.89 91.3 320 4.044
1637761980 21.95 91.47 490 4.033
1637762040 22.14 90.6 484 4.033
1637762100 22.4 89.77 438 4.033
1637762160 22.54 88.6 373 4.033
1637762220 22.64 87.35 337 4.033
1637762280 22.71 85.81 402 4.033
1637762340 22.93 85.63 313 4.033
1637762400 23.12 86.05 307 4.033
1637762460 23.23 84.66 301 4.033
1637762520 23.34 82 301 4.033
1637762580 23.61 81.87 301 4.033
1637762640 23.51 84.37 349 4.028
1637762700 23.57 84.4 313 4.033
1637762760 23.49 84.08 307 4.033
1637762820 23.46 82.58 343 4.028
1637762880 23.26 83 474 4.028
1637762940 23.4 83.16 377 4.028
1637763000 23.43 83.34 302 4.039
1637763060 23.5 83.55 319 4.039
1637763120 23.67 82.44 379 4.044
1637763180 23.8 81.75 325 4.039
1637763240 23.88 80.66 308 4.044
1637763300 24.02 81.02 308 4.039
1637763360 24.18 80.54 438 4.033
1637763420 24.15 79.46 484 4.033
1637763480 24.16 78.59 414 4.033
1637763540 24.42 78.6 692 4.033
1637763600 24.63 77.28 633 4.033
1637763660 24.94 75.49 670 4.033
1637763720 24.93 76.56 656 4.028
1637763780 25.06 76.27 650 4.033
1637763840 25.04 75.36 591 4.033
1637763900 25.03 74.84 439 4.039
1637763960 24.78 75.43 367 4.028
1637764020 24.77 76.41 331 4.028
1637764080 24.56 75.32 337 4.033
1637764140 24.3 76.05 301 4.033
1637764200 24.66 76.34 343 4.028
1637764260 24.74 75.57 448 4.033
1637764320 24.76 77.33 527 4.028
1637764380 24.77 75.21 585 4.033
1637764440 24.81 75.17 573 4.028
1637764500 25.07 74.15 313 4.028
1637764560 25.28 73.61 277 4.028
1637764620 25.13 73.41 331 4.033
1637764680 24.95 74.62 325 4.028
1637764740 24.8 74.74 331 4.028
1637764800 25.03 74.43 403 4.039
1637764860 25.15 73.77 472 4.028
1637764920 25.14 74.75 561 4.028
1637764980 25.28 73.96 591 4.028
1637765040 25.34 73.4 668 4.028
1637765100 25.65 73.2 664 4.028
1637765160 25.86 72.26 674 4.028
1637765220 26.12 71.04 674 4.028
1637765280 26.12 70.28 573 4.028
1637765340 26.48 69.51 680 4.028
1637765400 26.26 68.33 680 4.033
1637765460 26.64 67.29 686 4.028
1637765520 26.23 69.14 686 4.028
1637765580 26.43 70.04 692 4.028
1637765640 26.92 68.34 698 4.028
1637765700 26.95 67.81 704 4.028
1637765760 27.09 66.32 668 4.028
1637765820 27.13 65.51 650 4.028
1637765880 26.96 66.46 727 4.028
1637765940 27.12 67.27 733 4.028
1637766000 27.26 64.98 573 4.028
1637766060 27.2 64.62 668 4.028
1637766120 27.22 65.27 715 4.028
1637766180 27.08 64.01 733 4.028
1637766240 27.1 62.78 727 4.028
1637766300 27.53 61.36 721 4.028
1637766360 27.33 61.14 751 4.028
1637766420 26.88 62.03 650 4.028
1637766480 26.93 62.79 680 4.028
1637766540 26.99 62.77 674 4.028
1637766600 27.14 62.56 632 4.028
1637766660 27.6 62.11 775 4.022
1637766720 27.97 61.35 804 4.028
1637766780 28.49 60.16 739 4.022
1637766840 27.99 60.09 549 4.022
1637766900 27.72 61.42 396 4.028
1637766960 27.89 59.74 472 4.028
1637767020 27.99 59.38 359 4.028
1637767080 27.68 61.17 289 4.033
1637767140 27.53 61.91 490 4.028
1637767200 27.1 63.48 365 4.028
1637767260 27.13 63.48 769 4.028
1637767320 27.05 62.62 763 4.022
1637767380 27.4 62.17 870 4.028
1637767440 27.6 61.68 874 4.028
1637767500 28.04 60.72 882 4.022
1637767560 28.25 60.86 892 4.028
1637767620 28.52 58.22 899 4.022
1637767680 28.22 58.57 903 4.022
1637767740 28.08 58.95 915 4.028
1637767800 27.92 58.44 892 4.028
1637767860 27.54 59.38 947 4.028
1637767920 27.05 62.15 977 4.028
1637767980 27.33 60.96 977 4.022
1637768040 27.14 61.24 993 4.028
1637768100 27.6 58.74 993 4.028
1637768160 27.89 58.12 1011 4.022
1637768220 27.84 58.41 1030 4.028
1637768280 28.36 55.89 1042 4.028
1637768340 28.49 56.03 933 4.022
1637768400 29.01 56.41 727 4.028
1637768460 29.04 55.72 786 4.028
1637768520 28.97 55.87 882 4.022
1637768580 28.55 58.83 1010 4.028
1637768640 29.08 57.75 1004 4.022
1637768700 29.07 55.89 1040 4.028
1637768760 28.49 58.54 804 4.028
1637768820 28.42 57.56 578 4.022
1637768880 28.26 58.82 1069 4.028
1637768940 28.6 57.34 1129 4.022
1637769000 28.83 57.74 1158 4.028
1637769060 28.84 57.43 1213 4.022
1637769120 28.69 56.03 596 4.022
1637769180 28.53 58.38 655 4.028
1637769240 28.11 58.6 733 4.022
1637769300 28.14 57.74 1228 4.022
1637769360 27.78 59.66 1228 4.028
1637769420 27.95 59.23 892 4.028
1637769480 28.08 57.22 755 4.022
1637769540 28.42 58.61 780 4.022
1637769600 28.6 57.67 1004 4.022
1637769660 28.9 57.27 1093 4.022
1637769720 29.11 56.21 661 4.022
1637769780 28.76 57.61 608 4.022
1637769840 29.18 57.8 585 4.022
1637769900 28.02 59.8 572 4.022
1637769960 27.3 62.11 424 4.022
1637770020 26.72 64.45 390 4.022
1637770080 26.17 66.19 371 4.022
1637770140 26.27 66.9 365 4.022
1637770200 26.35 66.98 355 4.033
1637770260 25.93 66.7 337 4.033
1637770320 25.69 67.98 313 4.033
1637770380 25.61 68.56 295 4.033
1637770440 25.44 69.59 284 4.028
1637770500 25.48 68.47 266 4.033
1637770560 25.58 69.05 254 4.028
1637770620 25.28 69.44 242 4.033
1637770680 25.25 70.15 242 4.033
1637770740 25.17 70.34 236 4.028
1637770800 25.31 69.69 236 4.033
1637770860 25.29 69.85 236 4.033
1637770920 25.44 68.97 236 4.033
1637770980 25.64 69.92 224 4.033
1637771040 25.58 67.87 218 4.033
1637771100 25.76 68.64 206 4.028
1637771160 25.71 69.15 206 4.033
1637771220 25.77 68.9 200 4.028
1637771280 25.85 69.01 200 4.033
1637771340 25.9 68.65 200 4.033
1637771400 25.86 66.95 200 4.033
1637771460 25.92 67.48 200 4.033
1637771520 25.83 67.88 200 4.028
1637771580 25.77 68.09 200 4.033
1637771640 25.48 69.39 194 4.033
1637771700 25.45 69.94 194 4.033
1637771760 25.52 69.12 189 4.033
1637771820 25.25 70.07 182 4.033
1637771880 25.17 71.02 183 4.033
1637771940 25.2 70.57 183 4.028
1637772000 25.17 70.76 183 4.033
1637772060 24.97 70.94 183 4.033
1637772120 24.84 72.32 183 4.033
1637772180 24.76 72.31 189 4.033
1637772240 24.56 72.11 194 4.033
1637772300 24.44 72.47 194 4.033
1637772360 24.39 72.59 194 4.033
1637772420 24.3 74.66 200 4.033
1637772480 24.33 74.63 200 4.033
1637772540 24.33 75.69 194 4.033
1637772600 24.33 73.95 194 4.033
1637772660 24.23 74.41 194 4.033
1637772720 24.25 74.48 194 4.033
1637772780 24.23 72.74 194 4.033
1637772840 24.21 73.63 194 4.039
1637772900 24.16 73.02 194 4.033
1637772960 24.15 73.53 200 4.033
1637773020 24.15 73.95 206 4.033
1637773080 24.04 73.56 212 4.033
1637773140 24.04 74.76 212 4.039
1637773200 24.08 74.53 218 4.033
1637773260 24 74.18 224 4.039
1637773320 23.89 74.35 230 4.039
1637773380 23.8 74.71 236 4.033
1637773440 23.67 76.28 248 4.039
1637773500 23.74 75.21 254 4.039
1637773560 23.65 75.88 254 4.039
1637773620 23.61 77.39 260 4.039
1637773680 23.75 77.17 260 4.039
1637773740 23.92 77.01 266 4.039
1637773800 24.04 77.36 266 4.039
1637773860 24.15 78.15 272 4.039
1637773920 24.29 77.1 272 4.039
1637773980 24.38 77.61 278 4.039
1637774040 24.39 76.75 290 4.044
1637774100 24.38 78.79 302 4.044
1637774160 24.56 78.09 320 4.044
1637774220 24.73 77.86 332 4.044
1637774280 24.78 77.63 344 4.044
1637774340 24.94 76.7 350 4.044
1637774400 25.08 78.85 355 4.039
1637774460 24.84 79.2 355 4.033
1637774520 24.69 79.96 361 4.033
1637774580 24.69 81.08 367 4.033
1637774640 24.56 80.46 379 4.033
1637774700 24.65 80.46 379 4.044
1637774760 24.8 80.97 391 4.044
1637774820 24.67 79.61 397 4.049
1637774880 24.86 80.18 403 4.049
1637774940 24.86 79.55 403 4.049
1637775000 24.78 80.9 409 4.049
1637775060 24.91 81.73 409 4.055
1637775120 24.77 79.59 421 4.055
1637775180 24.73 80.31 463 4.055
1637775240 24.86 80.04 518 4.06
1637775300 24.91 79.75 590 4.065
1637775360 24.91 79.87 573 4.06
1637775420 24.91 79.97 554 4.065
1637775480 25.18 81.7 579 4.065
1637775540 25.25 78.07 596 4.065
1637775600 25.06 78.08 579 4.065
1637775660 25.17 79.66 596 4.065
1637775720 25.48 80.95 626 4.071
1637775780 25.44 75.45 627 4.065
1637775840 25.52 77.88 638 4.071
1637775900 25.55 77.38 633 4.065
1637775960 25.49 76.37 621 4.071
1637776020 25.53 78.12 608 4.065
1637776080 25.72 77.35 591 4.071
1637776140 25.76 77.87 531 4.065
1637776200 25.89 75.89 459 4.065
1637776260 26 77.81 435 4.065
1637776320 26 75.67 441 4.06
1637776380 26.12 74.37 453 4.065
1637776440 26 73.71 453 4.065
1637776500 25.92 74.72 459 4.065
1637776560 25.89 74.33 471 4.06
1637776620 25.82 72.44 471 4.065
1637776680 25.72 75.38 483 4.065
1637776740 26.04 75.51 507 4.065
1637776800 26.24 72.51 513 4.071
1637776860 26.38 72.03 501 4.065
1637776920 26.4 70.84 477 4.065
1637776980 26.61 71.22 441 4.065
1637777040 26.51 71.08 429 4.065
1637777100 26.45 70.79 423 4.065
1637777160 26.26 71.84 417 4.065
1637777220 26.2 71.74 405 4.065
1637777280 26.28 71.92 399 4.065
1637777340 26.12 69.94 417 4.065
1637777400 25.85 70.51 429 4.065
1637777460 25.71 72.4 435 4.06
1637777520 25.94 72.65 459 4.065
1637777580 26.19 71.36 483 4.065
1637777640 26.47 70.48 495 4.065
1637777700 26.65 70.94 513 4.065
1637777760 26.58 70.08 519 4.071
1637777820 26.51 67.77 531 4.071
1637777880 26.1 69.48 549 4.071
1637777940 26.24 69.92 567 4.076
1637778000 25.97 70.59 557 4.071
1637778060 25.96 72 555 4.076
1637778120 26.16 71.73 670 4.076
1637778180 26.16 70.16 585 4.076
1637778240 26.04 71.25 533 4.076
1637778300 25.99 71.76 501 4.076
1637778360 25.82 70.54 507 4.071
1637778420 25.79 71.95 484 4.071
1637778480 25.61 70.64 466 4.071
1637778540 25.42 72.23 454 4.076
1637778600 25.58 72.49 448 4.071
1637778660 25.51 71.19 448 4.071
1637778720 25.53 72.78 430 4.071
1637778780 25.61 72.46 393 4.06
1637778840 25.44 71.88 356 4.055
1637778900 25.35 70.36 332 4.06
1637778960 25.24 71.03 314 4.06
1637779020 25.32 71.31 304 4.055
1637779080 25.32 71.78 292 4.055
1637779140 25.34 70.93 292 4.055
1637779200 25.36 71.24 292 4.06
1637779260 25.29 71.02 298 4.06
1637779320 25.24 71.09 298 4.06
1637779380 25.29 71.52 298 4.06
1637779440 25.25 70.86 304 4.065
1637779500 25.08 70.14 304 4.065
1637779560 25.04 70.91 298 4.065
1637779620 25.07 72.04 292 4.065
1637779680 25.18 70.95 286 4.065
1637779740 25.06 70.43 292 4.065
1637779800 24.98 69.99 298 4.06
1637779860 25.01 71.73 298 4.065
1637779920 25.27 72.06 298 4.06
1637779980 25.14 70.55 298 4.06
1637780040 25.15 70.24 298 4.065
1637780100 25.21 70.81 298 4.065
1637780160 25.04 69.08 304 4.06
1637780220 25.21 71.01 304 4.065
1637780280 25.25 71.79 310 4.065
1637780340 25.28 73.43 310 4.065
1637780400 25.07 72.09 310 4.071
1637780460 24.94 73.78 316 4.071
1637780520 24.77 75.61 316 4.065
1637780580 24.62 76.54 322 4.071
1637780640 24.42 76.85 334 4.071
1637780700 24.3 76.04 340 4.071
1637780760 24.23 76.89 346 4.071
1637780820 24.11 77.63 352 4.071
1637780880 24.14 79.16 358 4.076
1637780940 24.01 77.89 362 4.06
1637781000 23.95 77.77 368 4.06
1637781060 24.11 82.93 374 4.06
1637781120 24.15 82.68 380 4.06
1637781180 24.12 82.16 380 4.055
1637781240 24.12 83.86 387 4.06
1637781300 24.16 83.9 393 4.06
1637781360 24.23 83.79 399 4.055
1637781420 24.18 80.61 405 4.06
1637781480 24.43 83.32 417 4.06
1637781540 24.42 81.78 429 4.055
1637781600 24.44 81.32 435 4.055
1637781660 24.62 82.13 445 4.055
1637781720 24.69 81.94 451 4.06
1637781780 24.83 82.88 451 4.06
1637781840 24.73 79.91 457 4.06
1637781900 24.73 79.81 457 4.055
1637781960 24.86 81.96 457 4.055
1637782020 24.94 79.5 457 4.055
1637782080 25.01 76.81 457 4.055
1637782140 25.18 75.85 457 4.055
1637782200 25.38 81.06 451 4.06
1637782260 25.42 79.71 451 4.055
1637782320 25.38 78.29 441 4.055
1637782380 25.58 77.46 435 4.055
1637782440 25.55 77.65 429 4.055
1637782500 25.65 80.17 423 4.055
1637782560 25.53 75.63 411 4.055
1637782620 25.56 79.85 405 4.055
1637782680 25.52 77.11 393 4.055
1637782740 25.24 78.75 387 4.055
1637782800 25.22 78.94 380 4.049
1637782860 25.25 79.01 374 4.055
1637782920 25.2 76.7 368 4.049
1637782980 24.98 75.43 356 4.055
1637783040 24.98 73.99 350 4.055
1637783100 24.83 72.79 338 4.055
1637783160 24.81 76.18 332 4.055
1637783220 24.81 75.46 320 4.055
1637783280 24.83 77.37 308 4.055
1637783340 24.78 76.05 302 4.055
1637783400 24.76 75.87 292 4.055
1637783460 24.67 73.83 286 4.055
1637783520 24.73 75.49 280 4.055
1637783580 24.8 76.91 274 4.049
1637783640 24.78 74.31 268 4.055
1637783700 24.73 74.28 262 4.06
1637783760 24.73 75.73 256 4.06
1637783820 24.81 75.25 249 4.06
1637783880 24.87 77.06 243 4.055
1637783940 24.8 74.71 243 4.06
1637784000 24.74 73.57 231 4.06
1637784060 24.74 76.02 231 4.06
1637784120 24.59 73.42 225 4.06
1637784180 24.56 74.28 219 4.06
1637784240 24.52 76.57 213 4.06
1637784300 24.53 73.93 213 4.06
1637784360 24.53 76.15 213 4.06
1637784420 24.49 75.59 207 4.06
1637784480 24.49 74.98 207 4.06
1637784540 24.48 76.16 207 4.06
1637784600 24.55 77.23 207 4.06
1637784660 24.46 78.05 207 4.06
1637784720 24.48 76.64 207 4.06
1637784780 24.46 76.95 207 4.06
1637784840 24.5 78.82 207 4.06
1637784900 24.53 80.91 213 4.06
1637784960 24.56 79.01 213 4.06
1637785020 24.57 78.48 213 4.06
1637785080 24.6 77.16 219 4.06
1637785140 24.6 76.46 225 4.06
1637785200 24.66 77.45 225 4.06
1637785260 24.69 78.42 231 4.06
1637785320 24.6 80.17 231 4.065
1637785380 24.44 81.36 237 4.065
1637785440 24.23 80.36 237 4.065
1637785500 24.09 81.59 237 4.06
1637785560 23.98 81.67 243 4.065
1637785620 23.88 83.79 243 4.065
1637785680 23.8 84.33 249 4.065
1637785740 23.84 86.17 249 4.065
1637785800 23.82 87.49 249 4.071
1637785860 23.63 85.04 256 4.071
1637785920 23.67 86.19 262 4.065
1637785980 23.72 86.18 262 4.065
1637786040 23.63 86.71 268 4.071
1637786100 23.6 85.46 268 4.071
1637786160 23.49 85.19 268 4.071
1637786220 23.49 85.9 274 4.065
1637786280 23.46 86.28 268 4.071
1637786340 23.49 86.3 268 4.065
1637786400 23.51 86.79 268 4.065
1637786460 23.54 87.28 262 4.071
1637786520 23.6 86.89 262 4.071
1637786580 23.7 88.05 262 4.071
1637786640 23.7 86.68 262 4.071
1637786700 23.7 86.17 262 4.071
1637786760 23.84 87.2 262 4.071
1637786820 23.89 86.84 262 4.071
1637786880 23.89 85.79 268 4.071
1637786940 23.92 86.16 268 4.071
1637787000 23.92 87.02 268 4.071
1637787060 23.81 86.41 274 4.071
1637787120 23.8 87.26 268 4.071
1637787180 23.77 87.03 268 4.071
1637787240 23.77 87.03 268 4.071
1637787300 23.85 88.08 268 4.071
1637787360 23.85 86.43 268 4.065
1637787420 23.85 86.36 274 4.071
1637787480 23.91 86.45 280 4.076
1637787540 23.92 86.48 287 4.071
1637787600 23.98 87.18 292 4.071
1637787660 23.92 86.36 298 4.076
1637787720 23.94 85.54 293 4.076
1637787780 24.01 86.03 293 4.076
1637787840 24.04 85.46 293 4.076
1637787900 24.01 84.49 287 4.076
1637787960 24.09 84.22 287 4.071
1637788020 24.21 85.9 287 4.076
1637788080 24.22 85.37 280 4.076
1637788140 24.11 85.31 281 4.076
1637788200 24.14 85.51 274 4.071
1637788260 24.19 85.76 280 4.071
1637788320 24.22 85.49 262 4.071
1637788380 24.29 86.36 249 4.071
1637788440 24.35 84.65 243 4.071
1637788500 24.42 84.53 239 4.071
1637788560 24.28 82.12 233 4.071
1637788620 24.29 85.09 221 4.071
1637788680 24.14 83.35 215 4.071
1637788740 24.15 84.15 209 4.071
1637788800 24.07 81.6 201 4.071
1637788860 23.94 81.28 197 4.071
1637788920 23.88 81.79 197 4.065
1637788980 23.89 82.73 191 4.065
1637789040 23.82 81.41 185 4.065
1637789100 23.8 80.46 185 4.071
1637789160 23.72 81.3 185 4.065
1637789220 23.71 81.88 179 4.071
1637789280 23.72 83.62 179 4.071
1637789340 23.65 82.09 179 4.071
1637789400 23.68 82.08 179 4.065
1637789460 23.68 81.49 179 4.071
1637789520 23.7 80.84 179 4.071
1637789580 23.67 79.35 179 4.065
1637789640 23.67 79.43 179 4.071
1637789700 23.77 82.51 185 4.065
1637789760 23.85 84.11 185 4.065
1637789820 23.89 85.83 185 4.065
1637789880 23.85 87.04 185 4.065
1637789940 23.72 87.01 179 4.071
1637790000 23.74 87.72 179 4.065
1637790060 23.78 88.04 179 4.065
1637790120 23.75 87.65 185 4.065
1637790180 23.63 86.71 185 4.071
1637790240 23.61 87.27 197 4.065
1637790300 23.63 87.52 179 4.071
1637790360 23.68 88.15 179 4.065
1637790420 23.72 87.73 173 4.065
1637790480 23.64 86.72 173 4.065
1637790540 23.67 86.37 173 4.065
1637790600 23.64 85.81 173 4.065
1637790660 23.65 85.43 173 4.065
1637790720 23.75 86.3 173 4.065
1637790780 23.74 85.42 173 4.071
1637790840 23.82 85.89 173 4.065
1637790900 23.8 83.69 173 4.065
1637790960 23.82 83.91 179 4.065
1637791020 23.82 84.85 185 4.065
1637791080 23.82 84.96 179 4.065
1637791140 23.84 85.01 179 4.065
1637791200 23.87 85.13 173 4.065
1637791260 23.81 84.81 173 4.071
1637791320 23.81 84.67 179 4.071
1637791380 23.7 84.19 179 4.065
1637791440 23.82 85.43 185 4.065
1637791500 23.82 85.08 185 4.065
1637791560 23.8 84.24 185 4.065
1637791620 23.84 83.78 185 4.071
1637791680 23.91 83.45 191 4.065
1637791740 23.98 83.62 197 4.071
1637791800 24.07 83.23 201 4.065
1637791860 24.14 83.69 207 4.065
1637791920 24.19 83.6 213 4.065
1637791980 24.26 82.19 225 4.065
1637792040 24.35 82.32 243 4.071
1637792100 24.38 81.46 249 4.065
1637792160 24.4 81.54 256 4.071
1637792220 24.46 79.89 256 4.071
1637792280 24.52 80.23 268 4.065
1637792340 24.65 81.24 262 4.071
1637792400 24.7 80.35 268 4.065
1637792460 24.63 80.51 328 4.071
1637792520 24.63 76.45 388 4.071
1637792580 24.69 76.59 370 4.071
1637792640 24.77 76.46 352 4.071
1637792700 24.74 75.89 340 4.071
1637792760 25.01 76.99 322 4.071
1637792820 25.03 77.69 215 4.071
1637792880 25.24 76.44 197 4.065
1637792940 25.25 78.48 185 4.065
1637793000 25.14 76.27 179 4.071
1637793060 25.21 77.43 173 4.071
1637793120 25.21 77.43 161 4.065
1637793180 25.08 77.13 155 4.065
1637793240 24.9 76.59 143 4.065
1637793300 24.87 78.16 137 4.065
1637793360 24.78 78.57 131 4.065
1637793420 24.52 77.82 124 4.065
1637793480 24.43 78.3 112 4.065
1637793540 24.43 78.95 106 4.065
1637793600 24.44 78.81 106 4.06
1637793660 24.36 79.37 106 4.065
1637793720 24.38 79.14 112 4.06
1637793780 24.39 79.57 124 4.065
1637793840 24.25 79.11 124 4.065
1637793900 24.23 79.3 106 4.065
1637793960 24.29 80.29 82 4.06
1637794020 24.29 80.58 64 4.065
1637794080 24.28 80.33 58 4.065
1637794140 24.21 80.58 64 4.065
1637794200 24.14 79.81 64 4.065
1637794260 24.12 80.44 64 4.065
1637794320 24.18 81.39 58 4.065
1637794380 24.15 80.83 58 4.065
1637794440 24.12 80.9 52 4.065
1637794500 24.05 80.58 52 4.06
1637794560 23.94 81.19 52 4.065
1637794620 23.85 80.47 52 4.065
1637794680 23.8 81.06 52 4.065
1637794740 23.8 81.9 52 4.06
1637794800 23.77 81.79 52 4.06
1637794860 23.8 82.35 52 4.065
1637794920 23.75 82.16 46 4.065
1637794980 23.74 81.47 46 4.065
1637795040 23.63 80.67 40 4.065
1637795100 23.61 81.01 40 4.06
1637795160 23.53 81.49 34 4.065
1637795220 23.5 82.01 34 4.06
1637795280 23.4 81.63 34 4.06
1637795340 23.37 82.25 28 4.065
1637795400 23.34 82.39 28 4.06
1637795460 23.32 82.98 22 4.06
1637795520 23.36 83.68 22 4.06
1637795580 23.33 83.75 22 4.06
1637795640 23.32 83.38 22 4.065
1637795700 23.27 82.9 16 4.065
1637795760 23.26 83.29 16 4.065
1637795820 23.23 83.61 16 4.06
1637795880 23.23 83.78 10 4.06
1637795940 23.17 82.95 10 4.065
1637796000 23.14 82.91 10 4.065
1637796060 23.13 83.35 10 4.06
1637796120 23.14 83.69 10 4.06
1637796180 23.12 83.54 10 4.065
1637796240 23.08 83.5 10 4.065
1637796300 23.08 83.92 4 4.06
1637796360 23.06 84.28 4 4.065
1637796420 23.03 84.14 4 4.06
1637796480 23.02 84.07 4 4.06
1637796540 22.98 84.37 4 4.065
1637796600 22.93 84.16 4 4.06
1637796660 22.93 84.76 4 4.065
1637796720 22.91 84.83 4 4.065
1637796780 22.88 84.62 4 4.06
1637796840 22.88 84.79 4 4.06
1637796900 22.85 84.94 4 4.065
1637796960 22.81 84.69 4 4.06
1637797020 22.82 85.59 4 4.06
1637797080 22.78 84.75 4 4.065
1637797140 22.78 84.87 4 4.06
1637797200 22.74 85 4 4.065
1637797260 22.72 85.36 4 4.06
1637797320 22.75 85.63 4 4.06
1637797380 22.71 85.69 4 4.06
1637797440 22.69 85.6 4 4.06
1637797500 22.66 85.56 4 4.065
1637797560 22.66 85.41 4 4.06
1637797620 22.66 85.38 0 4.06
1637797680 22.65 85.4 0 4.06
1637797740 22.64 85.33 0 4.065
1637797800 22.62 85.75 0 4.06
1637797860 22.58 85.76 0 4.06
1637797920 22.61 85.66 0 4.06
1637797980 22.58 85.6 0 4.06
1637798040 22.58 85.94 0 4.06
1637798100 22.57 85.62 0 4.06
1637798160 22.58 85.82 0 4.065
1637798220 22.57 85.73 0 4.06
1637798280 22.58 85.7 0 4.06
1637798340 22.59 85.59 0 4.06
1637798400 22.58 85.72 0 4.06
1637798460 22.62 85.45 0 4.06
1637798520 22.65 85.52 0 4.065
1637798580 22.62 85.39 0 4.065
1637798640 22.61 85.74 0 4.06
1637798700 22.64 86.1 0 4.06
1637798760 22.59 85.89 0 4.065
1637798820 22.62 85.73 0 4.06
1637798880 22.59 86.11 0 4.06
1637798940 22.58 85.95 0 4.065
1637799000 22.55 85.74 0 4.06
1637799060 22.57 85.97 0 4.06
1637799120 22.59 86.52 0 4.06
1637799180 22.59 86 0 4.06
1637799240 22.55 85.95 0 4.06
1637799300 22.52 86.16 0 4.06
1637799360 22.55 86.3 0 4.06
1637799420 22.54 86.73 0 4.06
1637799480 22.51 86.56 0 4.06
1637799540 22.48 86.36 0 4.06
1637799600 22.52 86.28 0 4.06
1637799660 22.47 86.46 0 4.06
1637799720 22.47 86.77 0 4.06
1637799780 22.44 86.78 0 4.06
1637799840 22.44 87.1 0 4.06
1637799900 22.38 86.93 0 4.06
1637799960 22.38 87.36 0 4.06
1637800020 22.34 87.26 0 4.06
1637800080 22.28 87.39 0 4.06
1637800140 22.3 87.77 0 4.06
1637800200 22.26 87.78 0 4.06
1637800260 22.26 87.62 0 4.06
1637800320 22.2 87.56 0 4.06
1637800380 22.2 87.43 0 4.06
1637800440 22.2 87.57 0 4.06
1637800500 22.17 87.48 0 4.06
1637800560 22.18 87.47 0 4.06
1637800620 22.16 87.7 0 4.06
1637800680 22.13 87.57 0 4.06
1637800740 22.13 87.66 0 4.06
1637800800 22.13 87.61 0 4.06
1637800860 22.11 87.42 0 4.06
1637800920 22.11 87.75 0 4.06
1637800980 22.06 87.63 0 4.06
1637801040 22.06 87.42 0 4.06
1637801100 22.06 87.38 0 4.06
1637801160 22.06 87.63 0 4.06
1637801220 22.06 87.36 0 4.06
1637801280 22.1 87.57 0 4.06
1637801340 22.06 87.04 0 4.06
1637801400 22.08 87.1 0 4.06
1637801460 22.06 86.9 0 4.06
1637801520 22.06 87.16 0 4.06
1637801580 22.08 86.99 0 4.06
1637801640 22.06 86.68 0 4.06
1637801700 22.06 86.46 0 4.06
1637801760 22.07 86.59 0 4.06
1637801820 22.07 86.65 0 4.06
1637801880 22.07 86.8 0 4.06
1637801940 22.04 86.82 0 4.06
1637802000 22.06 87.32 0 4.06
1637802060 22.03 87.21 0 4.055
1637802120 22 86.59 0 4.06
1637802180 22 86.39 0 4.06
1637802240 22 86.54 0 4.06
1637802300 22.03 86.92 0 4.06
1637802360 22.03 86.7 0 4.06
1637802420 22 86.59 0 4.055
1637802480 22.03 86.92 0 4.06
1637802540 22.01 86.84 0 4.06
1637802600 22 86.78 0 4.055
1637802660 22 86.9 0 4.06
1637802720 22 86.66 0 4.06
1637802780 21.99 86.61 0 4.06
1637802840 21.99 86.81 0 4.055
1637802900 22 87.04 0 4.06
1637802960 21.97 86.63 0 4.06
1637803020 22.01 86.71 0 4.06
1637803080 22.01 86.86 0 4.06
1637803140 22.01 87.21 0 4.06
1637803200 22.03 87.39 0 4.055
1637803260 21.99 87.17 0 4.06
1637803320 22 87.29 0 4.055
1637803380 22.03 87.27 0 4.06
1637803440 21.99 86.91 0 4.06
1637803500 22.01 87.38 0 4.055
1637803560 22 87.26 0 4.06
1637803620 21.99 87.27 0 4.06
1637803680 22.04 87.19 0 4.06
1637803740 22 86.62 0 4.055
1637803800 22.01 86.78 0 4.06
1637803860 22.04 86.74 0 4.055
1637803920 22.06 86.96 0 4.055
1637803980 22.07 86.99 0 4.055
1637804040 22.03 87.45 0 4.055
1637804100 22.04 87.69 0 4.055
1637804160 21.99 87.35 0 4.055
1637804220 21.96 88.12 0 4.06
1637804280 21.92 87.87 0 4.055
1637804340 21.89 90.11 0 4.06
1637804400 21.77 91.01 0 4.055
1637804460 21.59 91.12 0 4.055
1637804520 21.5 92.04 0 4.055
1637804580 21.38 92.26 0 4.055
1637804640 21.35 92.95 0 4.06
1637804700 21.35 93.56 0 4.06
1637804760 21.34 93.81 0 4.06
1637804820 21.28 93.99 0 4.055
1637804880 21.27 94.06 0 4.06
1637804940 21.24 94.3 0 4.06
1637805000 21.22 94.45 0 4.06
1637805060 21.22 94.49 0 4.06
1637805120 21.22 94.72 0 4.055
1637805180 21.2 94.72 0 4.06
1637805240 21.14 94.86 0 4.06
1637805300 21.11 95.16 0 4.055
1637805360 21.05 94.78 0 4.055
1637805420 21.08 95.05 0 4.055
1637805480 21.08 95.11 0 4.06
1637805540 21.11 95.22 0 4.06
1637805600 21.08 95.27 0 4.055
1637805660 21.1 95.49 0 4.055
1637805720 21.1 95.5 0 4.055
1637805780 21.05 95.45 0 4.055
1637805840 21.05 95.55 0 4.06
1637805900 21.07 95.63 0 4.055
1637805960 21.08 95.74 0 4.06
1637806020 21.07 95.74 0 4.055
1637806080 21.04 95.77 0 4.06
1637806140 21.05 95.99 0 4.055
1637806200 21.04 95.96 0 4.06
1637806260 21.01 96.02 0 4.055
1637806320 21.04 96.31 0 4.06
1637806380 21.05 96.3 0 4.06
1637806440 21 96.26 0 4.055
1637806500 20.97 96.32 0 4.06
1637806560 20.98 96.62 0 4.055
1637806620 20.97 96.67 0 4.06
1637806680 21.01 96.83 0 4.055
1637806740 20.97 96.82 0 4.055
1637806800 20.93 96.81 0 4.055
1637806860 20.89 96.96 0 4.055
1637806920 20.86 96.91 0 4.055
1637806980 20.87 97.12 0 4.06
1637807040 20.91 97.21 0 4.06
1637807100 20.89 97.15 0 4.055
1637807160 20.79 96.94 0 4.055
1637807220 20.74 97.1 0 4.055
1637807280 20.71 97.06 0 4.055
1637807340 20.71 97.16 0 4.055
1637807400 20.66 97.24 0 4.055
1637807460 20.69 97.29 0 4.06
1637807520 20.67 97.33 0 4.055
1637807580 20.62 97.23 0 4.055
1637807640 20.6 97.25 0 4.06
1637807700 20.62 97.43 0 4.055
1637807760 20.63 97.47 0 4.055
1637807820 20.63 97.52 0 4.055
1637807880 20.6 97.5 0 4.055
1637807940 20.56 97.42 0 4.055
1637808000 20.56 97.48 0 4.06
1637808060 20.52 97.49 0 4.055
1637808120 20.5 97.5 0 4.055
1637808180 20.46 97.45 0 4.055
1637808240 20.5 97.58 0 4.055
1637808300 20.43 97.55 0 4.055
1637808360 20.46 97.64 0 4.055
1637808420 20.43 97.55 0 4.055
1637808480 20.4 97.55 0 4.055
1637808540 20.44 97.67 0 4.055
1637808600 20.44 97.7 0 4.055
1637808660 20.49 97.75 0 4.055
1637808720 20.47 97.81 0 4.055
1637808780 20.49 97.63 0 4.055
1637808840 20.44 97.65 0 4.055
1637808900 20.4 97.66 0 4.055
1637808960 20.4 97.72 0 4.055
1637809020 20.33 97.56 0 4.055
1637809080 20.38 97.64 0 4.055
1637809140 20.36 97.57 0 4.055
1637809200 20.38 97.64 0 4.055
1637809260 20.35 97.53 0 4.055
1637809320 20.35 97.54 0 4.055
1637809380 20.29 97.49 0 4.055
1637809440 20.32 97.47 0 4.055
1637809500 20.36 97.53 0 4.055
1637809560 20.36 97.53 0 4.055
1637809620 20.35 97.53 0 4.055
1637809680 20.4 97.7 0 4.055
1637809740 20.39 97.64 0 4.055
1637809800 20.4 97.7 0 4.055
1637809860 20.36 97.64 0 4.055
1637809920 20.33 97.51 0 4.055
1637809980 20.33 97.58 0 4.055
1637810040 20.33 97.68 0 4.055
1637810100 20.38 97.84 0 4.055
1637810160 20.4 97.72 0 4.055
1637810220 20.36 97.54 0 4.055
1637810280 20.26 97.39 0 4.055
1637810340 20.29 97.59 0 4.055
1637810400 20.26 97.53 0 4.055
1637810460 20.28 97.61 0 4.06
1637810520 20.23 97.41 0 4.055
1637810580 20.16 97.36 0 4.055
1637810640 20.16 97.52 0 4.055
1637810700 20.18 97.69 0 4.049
1637810760 20.14 97.59 0 4.055
1637810820 20.14 97.74 0 4.055
1637810880 20.16 97.83 0 4.055
1637810940 20.18 97.87 0 4.055
1637811000 20.15 97.92 0 4.055
1637811060 20.18 98.02 0 4.055
1637811120 20.15 97.94 0 4.055
1637811180 20.18 98.04 0 4.055
1637811240 20.11 98.01 0 4.055
1637811300 20.08 97.95 0 4.055
1637811360 20.07 98.05 0 4.055
1637811420 20.07 98.15 0 4.055
1637811480 20.04 98.05 0 4.055
1637811540 19.98 97.99 0 4.055
1637811600 19.98 98.1 0 4.055
1637811660 19.98 98.14 0 4.055
1637811720 19.95 98.15 0 4.055
1637811780 19.91 98.16 0 4.055
1637811840 19.92 98.24 0 4.055
1637811900 19.95 98.38 0 4.055
1637811960 19.95 98.36 0 4.055
1637812020 20.01 98.4 0 4.055
1637812080 19.98 98.32 0 4.055
1637812140 19.95 98.31 0 4.055
1637812200 19.92 98.29 0 4.055
1637812260 19.91 98.39 0 4.055
1637812320 19.96 98.48 0 4.055
1637812380 19.96 98.43 0 4.055
1637812440 20.01 98.48 0 4.055
1637812500 20.01 98.55 0 4.049
1637812560 19.99 98.47 0 4.055
1637812620 19.95 98.48 0 4.055
1637812680 19.96 98.47 0 4.055
1637812740 19.98 98.51 0 4.055
1637812800 19.94 98.49 0 4.055
1637812860 19.96 98.56 0 4.055
1637812920 20.01 98.59 0 4.055
1637812980 20.02 98.63 0 4.055
1637813040 19.99 98.62 0 4.055
1637813100 20.04 98.67 0 4.055
1637813160 20.04 98.7 0 4.049
1637813220 20.04 98.68 0 4.055
1637813280 20.07 98.68 0 4.049
1637813340 20.09 98.76 0 4.055
1637813400 20.12 98.77 0 4.055
1637813460 20.16 98.79 0 4.049
1637813520 20.18 98.76 0 4.055
1637813580 20.14 98.75 0 4.055
1637813640 20.15 98.74 0 4.055
1637813700 20.15 98.76 0 4.055
1637813760 20.08 98.64 0 4.055
1637813820 20.08 98.7 0 4.049
1637813880 20.07 98.7 0 4.055
1637813940 20.07 98.71 0 4.055
1637814000 20.08 98.73 0 4.049
1637814060 20.07 98.76 0 4.055
1637814120 20.07 98.76 0 4.049
1637814180 20.12 98.8 0 4.055
1637814240 20.11 98.79 0 4.055
1637814300 20.11 98.81 0 4.049
1637814360 20.11 98.87 0 4.049
1637814420 20.04 98.73 0 4.055
1637814480 19.89 98.61 0 4.049
1637814540 19.75 98.51 0 4.049
1637814600 19.74 98.58 0 4.049
1637814660 19.73 98.58 0 4.049
1637814720 19.74 98.61 0 4.055
1637814780 19.71 98.57 0 4.049
1637814840 19.74 98.67 0 4.055
1637814900 19.77 98.71 0 4.055
1637814960 19.74 98.72 0 4.055
1637815020 19.74 98.69 0 4.055
1637815080 19.74 98.74 0 4.049
1637815140 19.77 98.79 0 4.055
1637815200 19.8 98.79 0 4.049
1637815260 19.81 98.83 0 4.055
1637815320 19.8 98.82 0 4.055
1637815380 19.78 98.7 0 4.049
1637815440 19.74 98.74 0 4.049
1637815500 19.71 98.73 0 4.049
1637815560 19.7 98.72 0 4.049
1637815620 19.74 98.8 0 4.049
1637815680 19.64 98.65 0 4.049
1637815740 19.54 98.58 0 4.049
1637815800 19.47 98.59 0 4.049
1637815860 19.46 98.59 0 4.055
1637815920 19.47 98.67 0 4.049
1637815980 19.44 98.59 0 4.049
1637816040 19.4 98.6 0 4.055
1637816100 19.44 98.72 0 4.055
1637816160 19.43 98.71 0 4.055
1637816220 19.41 98.69 0 4.049
1637816280 19.41 98.73 0 4.049
1637816340 19.41 98.71 0 4.049
