1645678800 23.8 78.86 0 4.108
1645678860 23.78 78.91 0 4.108
1645678920 23.77 78.99 0 4.108
1645678980 23.77 79.01 0 4.114
1645679040 23.71 79.09 0 4.108
1645679100 23.72 79.14 0 4.114
1645679160 23.68 79.17 0 4.108
1645679220 23.7 79.19 0 4.108
1645679280 23.71 79.26 0 4.114
1645679340 23.7 79.32 0 4.108
1645679400 23.68 79.35 0 4.108
1645679460 23.68 79.4 0 4.108
1645679520 23.7 79.44 0 4.108
1645679580 23.67 79.51 0 4.108
1645679640 23.67 79.55 0 4.108
1645679700 23.67 79.57 0 4.108
1645679760 23.7 79.64 0 4.114
1645679820 23.68 79.69 0 4.108
1645679880 23.7 79.69 0 4.108
1645679940 23.7 79.77 0 4.108
1645680000 23.75 79.79 0 4.108
1645680060 23.72 79.77 0 4.114
1645680120 23.75 79.82 0 4.108
1645680180 23.75 79.86 0 4.108
1645680240 23.75 79.86 0 4.108
1645680300 23.77 79.86 0 4.108
1645680360 23.75 79.9 0 4.108
1645680420 23.75 79.9 0 4.108
1645680480 23.81 79.92 0 4.108
1645680540 23.78 79.94 0 4.108
1645680600 23.78 79.92 0 4.108
1645680660 23.78 79.92 0 4.108
1645680720 23.78 79.94 0 4.108
1645680780 23.8 79.95 0 4.108
1645680840 23.77 79.93 0 4.108
1645680900 23.78 79.92 0 4.108
1645680960 23.8 79.92 0 4.108
1645681020 23.81 79.9 0 4.108
1645681080 23.8 79.9 0 4.108
1645681140 23.8 79.9 0 4.114
1645681200 23.81 79.89 0 4.108
1645681260 23.81 79.88 0 4.114
1645681320 23.8 79.9 0 4.108
1645681380 23.8 79.88 0 4.108
1645681440 23.81 79.92 0 4.108
1645681500 23.84 79.92 0 4.108
1645681560 23.78 79.93 0 4.108
1645681620 23.77 79.92 0 4.108
1645681680 23.77 79.91 0 4.108
1645681740 23.78 79.9 0 4.108
1645681800 23.78 79.95 0 4.108
1645681860 23.74 79.92 0 4.108
1645681920 23.75 79.98 0 4.108
1645681980 23.72 79.97 0 4.108
1645682040 23.75 79.94 0 4.108
1645682100 23.72 79.97 0 4.108
1645682160 23.71 80 0 4.108
1645682220 23.7 80.02 0 4.108
1645682280 23.68 79.98 0 4.108
1645682340 23.68 79.99 0 4.114
1645682400 23.7 80.03 0 4.108
1645682460 23.67 79.99 0 4.108
1645682520 23.65 80.02 0 4.108
1645682580 23.65 80.02 0 4.108
1645682640 23.65 80.03 0 4.108
1645682700 23.63 79.99 0 4.108
1645682760 23.61 79.96 0 4.108
1645682820 23.59 79.94 0 4.108
1645682880 23.63 79.94 0 4.108
1645682940 23.63 79.87 0 4.108
1645683000 23.65 79.89 0 4.108
1645683060 23.65 79.84 0 4.108
1645683120 23.64 79.85 0 4.108
1645683180 23.65 79.79 0 4.108
1645683240 23.65 79.81 0 4.108
1645683300 23.64 79.76 0 4.108
1645683360 23.65 79.75 0 4.108
1645683420 23.67 79.72 0 4.108
1645683480 23.67 79.76 0 4.108
1645683540 23.64 79.68 0 4.108
1645683600 23.67 79.69 0 4.108
1645683660 23.67 79.69 0 4.108
1645683720 23.68 79.65 0 4.108
1645683780 23.65 79.63 0 4.108
1645683840 23.65 79.65 0 4.103
1645683900 23.67 79.64 0 4.108
1645683960 23.65 79.59 0 4.108
1645684020 23.68 79.61 0 4.108
1645684080 23.65 79.59 0 4.108
1645684140 23.68 79.56 0 4.108
1645684200 23.7 79.55 0 4.108
1645684260 23.67 79.53 0 4.108
1645684320 23.67 79.55 0 4.108
1645684380 23.68 79.57 0 4.108
1645684440 23.65 79.54 0 4.108
1645684500 23.68 79.56 0 4.108
1645684560 23.67 79.57 0 4.108
1645684620 23.64 79.59 0 4.108
1645684680 23.65 79.59 0 4.108
1645684740 23.67 79.58 0 4.108
1645684800 23.65 79.6 0 4.108
1645684860 23.67 79.64 0 4.108
1645684920 23.67 79.66 0 4.108
1645684980 23.64 79.69 0 4.108
1645685040 23.63 79.68 0 4.108
1645685100 23.64 79.72 0 4.108
1645685160 23.64 79.74 0 4.108
1645685220 23.64 79.8 0 4.108
1645685280 23.65 79.81 0 4.108
1645685340 23.65 79.81 0 4.108
1645685400 23.65 79.81 0 4.108
1645685460 23.63 79.81 0 4.108
1645685520 23.63 79.79 0 4.108
1645685580 23.63 79.77 0 4.108
1645685640 23.64 79.74 0 4.108
1645685700 23.61 79.7 0 4.108
1645685760 23.57 79.61 0 4.108
1645685820 23.56 79.56 0 4.103
1645685880 23.57 79.52 0 4.108
1645685940 23.53 79.47 0 4.108
1645686000 23.5 79.4 0 4.108
1645686060 23.49 79.3 0 4.108
1645686120 23.47 79.26 0 4.108
1645686180 23.46 79.19 0 4.108
1645686240 23.46 79.14 0 4.108
1645686300 23.46 79.08 0 4.108
1645686360 23.43 79.06 0 4.108
1645686420 23.41 78.96 0 4.108
1645686480 23.44 78.95 0 4.108
1645686540 23.46 78.92 0 4.108
1645686600 23.41 78.85 0 4.103
1645686660 23.43 78.81 0 4.103
1645686720 23.39 78.78 0 4.103
1645686780 23.34 78.79 0 4.108
1645686840 23.33 78.75 0 4.103
1645686900 23.3 78.74 0 4.108
1645686960 23.29 78.73 0 4.103
1645687020 23.27 78.7 0 4.108
1645687080 23.23 78.71 0 4.108
1645687140 23.19 78.66 0 4.108
1645687200 23.17 78.62 0 4.108
1645687260 23.17 78.64 0 4.108
1645687320 23.14 78.58 0 4.108
1645687380 23.13 78.58 0 4.108
1645687440 23.12 78.57 0 4.103
1645687500 23.07 78.58 0 4.103
1645687560 23.05 78.52 0 4.108
1645687620 23.05 78.54 0 4.103
1645687680 22.99 78.51 0 4.108
1645687740 22.97 78.53 0 4.108
1645687800 22.93 78.49 0 4.108
1645687860 22.93 78.5 0 4.108
1645687920 22.92 78.55 0 4.108
1645687980 22.86 78.53 0 4.108
1645688040 22.85 78.54 0 4.103
1645688100 22.79 78.57 0 4.108
1645688160 22.79 78.6 0 4.108
1645688220 22.76 78.64 0 4.103
1645688280 22.72 78.61 0 4.108
1645688340 22.72 78.64 0 4.108
1645688400 22.72 78.65 0 4.108
1645688460 22.69 78.68 0 4.108
1645688520 22.69 78.74 0 4.103
1645688580 22.66 78.78 0 4.108
1645688640 22.68 78.82 0 4.108
1645688700 22.72 78.82 0 4.108
1645688760 22.72 78.9 0 4.108
1645688820 22.72 78.91 0 4.108
1645688880 22.7 78.96 0 4.108
1645688940 22.73 78.99 0 4.103
1645689000 22.73 79.04 0 4.108
1645689060 22.75 79.05 0 4.108
1645689120 22.79 79.04 0 4.103
1645689180 22.79 79.11 0 4.108
1645689240 22.79 79.12 0 4.108
1645689300 22.79 79.09 0 4.108
1645689360 22.79 79.11 0 4.103
1645689420 22.8 79.16 0 4.108
1645689480 22.82 79.18 0 4.103
1645689540 22.8 79.19 0 4.103
1645689600 22.82 79.16 0 4.103
1645689660 22.86 79.2 0 4.103
1645689720 22.86 79.13 0 4.108
1645689780 22.88 79.16 0 4.103
1645689840 22.88 79.17 0 4.108
1645689900 22.86 79.17 0 4.108
1645689960 22.88 79.15 0 4.103
1645690020 22.85 79.1 0 4.108
1645690080 22.86 79.09 0 4.103
1645690140 22.85 79.07 0 4.108
1645690200 22.82 79.07 0 4.103
1645690260 22.82 79.02 0 4.103
1645690320 22.82 79.08 0 4.103
1645690380 22.79 79.03 0 4.103
1645690440 22.78 79.03 0 4.103
1645690500 22.79 79.03 0 4.103
1645690560 22.76 79.07 0 4.103
1645690620 22.75 79.03 0 4.103
1645690680 22.73 79.03 0 4.103
1645690740 22.7 79.01 0 4.108
1645690800 22.7 79.05 0 4.108
1645690860 22.66 79.08 0 4.108
1645690920 22.65 79.06 0 4.108
1645690980 22.65 79.1 0 4.108
1645691040 22.63 79.06 0 4.103
1645691100 22.61 79.14 0 4.103
1645691160 22.58 79.19 0 4.103
1645691220 22.58 79.18 0 4.103
1645691280 22.59 79.19 0 4.103
1645691340 22.62 79.21 0 4.103
1645691400 22.61 79.22 0 4.103
1645691460 22.59 79.25 0 4.103
1645691520 22.58 79.21 0 4.103
1645691580 22.58 79.27 0 4.103
1645691640 22.58 79.3 0 4.108
1645691700 22.59 79.25 0 4.103
1645691760 22.61 79.25 0 4.103
1645691820 22.62 79.26 0 4.108
1645691880 22.63 79.27 0 4.103
1645691940 22.62 79.22 0 4.103
1645692000 22.61 79.2 0 4.108
1645692060 22.61 79.19 0 4.103
1645692120 22.65 79.17 0 4.103
1645692180 22.62 79.1 0 4.103
1645692240 22.62 79.07 0 4.108
1645692300 22.62 79.04 0 4.103
1645692360 22.59 79.04 0 4.108
1645692420 22.56 79.06 0 4.103
1645692480 22.51 79.02 0 4.103
1645692540 22.48 78.98 0 4.103
1645692600 22.46 78.98 0 4.103
1645692660 22.42 79 0 4.108
1645692720 22.41 79.05 0 4.103
1645692780 22.38 79.02 0 4.103
1645692840 22.38 79.03 0 4.108
1645692900 22.36 79.08 0 4.098
1645692960 22.35 79.12 0 4.098
1645693020 22.35 79.13 0 4.103
1645693080 22.31 79.14 0 4.103
1645693140 22.35 79.2 0 4.103
1645693200 22.35 79.26 0 4.103
1645693260 22.35 79.27 0 4.103
1645693320 22.36 79.36 0 4.103
1645693380 22.36 79.44 0 4.103
1645693440 22.36 79.6 0 4.103
1645693500 22.35 79.75 0 4.103
1645693560 22.35 79.87 0 4.103
1645693620 22.28 79.96 0 4.103
1645693680 22.27 80.09 0 4.103
1645693740 22.31 80.21 0 4.103
1645693800 22.35 80.3 0 4.103
1645693860 22.32 80.4 0 4.103
1645693920 22.35 80.49 0 4.103
1645693980 22.35 80.53 0 4.103
1645694040 22.38 80.6 0 4.103
1645694100 22.39 80.67 0 4.098
1645694160 22.42 80.69 0 4.103
1645694220 22.39 80.73 0 4.103
1645694280 22.41 80.78 0 4.103
1645694340 22.42 80.79 0 4.103
1645694400 22.39 80.79 0 4.103
1645694460 22.42 80.78 0 4.103
1645694520 22.42 80.8 0 4.103
1645694580 22.42 80.8 0 4.103
1645694640 22.44 80.8 0 4.103
1645694700 22.41 80.79 0 4.103
1645694760 22.44 80.79 0 4.103
1645694820 22.42 80.81 0 4.103
1645694880 22.46 80.78 0 4.103
1645694940 22.54 80.78 0 4.103
1645695000 22.52 80.78 0 4.103
1645695060 22.51 80.74 0 4.103
1645695120 22.51 80.76 0 4.103
1645695180 22.54 80.77 0 4.103
1645695240 22.54 80.72 0 4.103
1645695300 22.55 80.74 0 4.103
1645695360 22.56 80.73 0 4.103
1645695420 22.54 80.68 0 4.103
1645695480 22.54 80.67 0 4.103
1645695540 22.52 80.69 0 4.103
1645695600 22.52 80.64 0 4.092
1645695660 22.51 80.6 0 4.098
1645695720 22.51 80.65 0 4.098
1645695780 22.46 80.63 0 4.098
1645695840 22.45 80.64 0 4.103
1645695900 22.42 80.59 0 4.103
1645695960 22.42 80.61 0 4.103
1645696020 22.38 80.62 0 4.098
1645696080 22.41 80.64 0 4.103
1645696140 22.39 80.69 0 4.098
1645696200 22.36 80.69 0 4.103
1645696260 22.35 80.71 0 4.103
1645696320 22.38 80.75 0 4.103
1645696380 22.35 80.74 0 4.103
1645696440 22.35 80.82 0 4.103
1645696500 22.34 80.85 0 4.098
1645696560 22.34 80.89 0 4.098
1645696620 22.31 80.91 0 4.103
1645696680 22.32 80.96 0 4.098
1645696740 22.3 81.01 0 4.103
1645696800 22.31 81.08 0 4.098
1645696860 22.28 81.11 0 4.103
1645696920 22.27 81.18 0 4.103
1645696980 22.28 81.23 0 4.103
1645697040 22.28 81.3 0 4.103
1645697100 22.31 81.35 0 4.098
1645697160 22.3 81.4 0 4.098
1645697220 22.27 81.44 0 4.103
1645697280 22.3 81.51 0 4.103
1645697340 22.25 81.57 0 4.098
1645697400 22.27 81.56 0 4.098
1645697460 22.28 81.71 0 4.103
1645697520 22.28 81.76 0 4.098
1645697580 22.3 81.8 0 4.098
1645697640 22.28 81.87 0 4.098
1645697700 22.3 81.92 0 4.098
1645697760 22.28 81.93 0 4.103
1645697820 22.27 81.99 0 4.098
1645697880 22.28 82.02 0 4.103
1645697940 22.27 82.03 0 4.098
1645698000 22.31 82.11 0 4.098
1645698060 22.34 82.14 0 4.098
1645698120 22.34 82.17 0 4.103
1645698180 22.34 82.18 0 4.098
1645698240 22.32 82.24 0 4.103
1645698300 22.31 82.23 0 4.098
1645698360 22.32 82.29 0 4.098
1645698420 22.34 82.33 0 4.098
1645698480 22.3 82.34 0 4.098
1645698540 22.32 82.35 0 4.098
1645698600 22.31 82.38 0 4.098
1645698660 22.32 82.43 0 4.098
1645698720 22.32 82.45 0 4.098
1645698780 22.34 82.47 0 4.098
1645698840 22.32 82.5 0 4.098
1645698900 22.32 82.51 0 4.098
1645698960 22.34 82.54 0 4.098
1645699020 22.35 82.57 0 4.103
1645699080 22.35 82.57 0 4.098
1645699140 22.38 82.59 0 4.103
1645699200 22.36 82.61 0 4.098
1645699260 22.38 82.64 0 4.098
1645699320 22.36 82.66 0 4.103
1645699380 22.38 82.65 0 4.103
1645699440 22.38 82.68 0 4.098
1645699500 22.44 82.7 0 4.098
1645699560 22.45 82.69 0 4.098
1645699620 22.45 82.71 0 4.103
1645699680 22.45 82.71 0 4.098
1645699740 22.45 82.73 0 4.098
1645699800 22.48 82.71 0 4.103
1645699860 22.48 82.71 0 4.098
1645699920 22.48 82.74 0 4.098
1645699980 22.49 82.72 0 4.098
1645700040 22.48 82.69 0 4.103
1645700100 22.45 82.7 0 4.098
1645700160 22.46 82.7 0 4.098
1645700220 22.46 82.73 0 4.098
1645700280 22.46 82.7 0 4.098
1645700340 22.46 82.73 0 4.098
1645700400 22.44 82.74 0 4.098
1645700460 22.42 82.72 0 4.103
1645700520 22.44 82.74 0 4.098
1645700580 22.45 82.76 0 4.098
1645700640 22.44 82.79 0 4.098
1645700700 22.42 82.83 0 4.098
1645700760 22.46 82.83 0 4.098
1645700820 22.45 82.83 0 4.098
1645700880 22.45 82.91 0 4.098
1645700940 22.45 82.92 0 4.098
1645701000 22.45 82.95 0 4.098
1645701060 22.45 83 0 4.098
1645701120 22.45 83.01 0 4.098
1645701180 22.44 83.04 0 4.092
1645701240 22.44 83.12 0 4.098
1645701300 22.42 83.13 0 4.098
1645701360 22.39 83.16 0 4.098
1645701420 22.42 83.22 0 4.098
1645701480 22.41 83.26 0 4.098
1645701540 22.39 83.33 0 4.098
1645701600 22.39 83.38 0 4.098
1645701660 22.39 83.44 0 4.098
1645701720 22.41 83.5 0 4.098
1645701780 22.42 83.54 0 4.098
1645701840 22.41 83.6 0 4.098
1645701900 22.42 83.67 0 4.092
1645701960 22.42 83.75 0 4.098
1645702020 22.42 83.8 0 4.103
1645702080 22.39 83.9 0 4.098
1645702140 22.39 83.95 0 4.098
1645702200 22.35 84.01 0 4.098
1645702260 22.35 84.15 0 4.092
1645702320 22.34 84.23 0 4.098
1645702380 22.34 84.34 0 4.098
1645702440 22.28 84.41 0 4.098
1645702500 22.27 84.49 0 4.098
1645702560 22.24 84.64 0 4.098
1645702620 22.24 84.7 0 4.098
1645702680 22.19 84.78 0 4.098
1645702740 22.19 84.87 0 4.098
1645702800 22.19 85.01 0 4.092
1645702860 22.14 85.07 0 4.092
1645702920 22.12 85.15 0 4.092
1645702980 22.18 85.22 0 4.098
1645703040 22.14 85.26 0 4.098
1645703100 22.11 85.34 0 4.098
1645703160 22.11 85.44 0 4.098
1645703220 22.1 85.5 0 4.098
1645703280 22.08 85.59 0 4.098
1645703340 22.05 85.66 0 4.098
1645703400 22.04 85.73 0 4.098
1645703460 22.01 85.81 0 4.098
1645703520 22 85.87 0 4.098
1645703580 21.98 85.92 0 4.098
1645703640 21.97 85.98 0 4.098
1645703700 22 86.05 0 4.092
1645703760 21.97 86.07 0 4.098
1645703820 22.01 86.13 0 4.098
1645703880 21.97 86.19 0 4.098
1645703940 21.97 86.25 0 4.098
1645704000 21.95 86.28 0 4.098
1645704060 21.91 86.32 0 4.092
1645704120 21.93 86.34 0 4.098
1645704180 21.95 86.36 0 4.098
1645704240 21.95 86.43 0 4.098
1645704300 21.95 86.44 0 4.098
1645704360 21.94 86.45 0 4.098
1645704420 21.93 86.45 0 4.098
1645704480 21.98 86.46 0 4.098
1645704540 21.97 86.45 4 4.098
1645704600 21.98 86.46 0 4.092
1645704660 21.97 86.45 4 4.098
1645704720 21.95 86.44 6 4.098
1645704780 21.97 86.43 4 4.092
1645704840 21.98 86.43 6 4.098
1645704900 21.97 86.43 6 4.098
1645704960 21.98 86.37 4 4.098
1645705020 22 86.35 4 4.098
1645705080 22 86.35 6 4.098
1645705140 22.01 86.36 6 4.098
1645705200 22.03 86.29 4 4.098
1645705260 22 86.27 4 4.092
1645705320 21.98 86.24 4 4.098
1645705380 21.98 86.21 10 4.098
1645705440 21.97 86.21 12 4.098
1645705500 21.98 86.17 10 4.092
1645705560 21.97 86.19 10 4.092
1645705620 21.95 86.19 10 4.098
1645705680 21.95 86.18 10 4.098
1645705740 22 86.16 10 4.092
1645705800 22 86.2 18 4.098
1645705860 21.98 86.22 16 4.092
1645705920 21.97 86.18 16 4.098
1645705980 22 86.18 24 4.092
1645706040 21.97 86.14 22 4.092
1645706100 22 86.16 24 4.092
1645706160 22.04 86.16 22 4.092
1645706220 22.01 86.13 24 4.092
1645706280 21.97 86.14 30 4.098
1645706340 22.04 86.08 30 4.098
1645706400 22.04 86.11 28 4.092
1645706460 22.04 86.09 36 4.092
1645706520 22.04 86.09 28 4.092
1645706580 22.05 86.09 28 4.092
1645706640 22.08 86.09 28 4.092
1645706700 22.04 86.06 30 4.092
1645706760 22.05 86.04 28 4.098
1645706820 22.04 86.03 30 4.092
1645706880 22.04 85.98 28 4.092
1645706940 22.01 85.97 36 4.092
1645707000 22.01 85.92 34 4.098
1645707060 22 85.93 40 4.092
1645707120 21.98 85.87 40 4.092
1645707180 21.98 85.8 40 4.092
1645707240 22.01 85.79 40 4.092
1645707300 22.03 85.77 40 4.092
1645707360 22.01 85.7 40 4.092
1645707420 22.04 85.67 40 4.092
1645707480 22.07 85.68 40 4.098
1645707540 22.05 85.6 42 4.092
1645707600 22.1 85.56 40 4.092
1645707660 22.12 85.5 42 4.092
1645707720 22.14 85.46 40 4.092
1645707780 22.16 85.39 40 4.092
1645707840 22.19 85.32 40 4.092
1645707900 22.19 85.23 40 4.092
1645707960 22.21 85.21 46 4.092
1645708020 22.22 85.12 46 4.098
1645708080 22.25 85.02 52 4.098
1645708140 22.28 84.93 52 4.092
1645708200 22.31 84.85 52 4.092
1645708260 22.31 84.75 52 4.092
1645708320 22.32 84.65 52 4.092
1645708380 22.35 84.58 46 4.092
1645708440 22.35 84.48 40 4.092
1645708500 22.39 84.38 40 4.092
1645708560 22.44 84.34 40 4.092
1645708620 22.42 84.22 42 4.092
1645708680 22.44 84.15 40 4.092
1645708740 22.44 84.06 40 4.092
1645708800 22.45 83.97 40 4.092
1645708860 22.45 83.89 40 4.092
1645708920 22.44 83.8 46 4.092
1645708980 22.48 83.76 40 4.092
1645709040 22.48 83.72 46 4.092
1645709100 22.48 83.64 46 4.092
1645709160 22.46 83.59 46 4.092
1645709220 22.46 83.55 46 4.092
1645709280 22.48 83.49 46 4.092
1645709340 22.48 83.47 46 4.092
1645709400 22.46 83.46 52 4.092
1645709460 22.48 83.42 52 4.092
1645709520 22.46 83.42 52 4.092
1645709580 22.44 83.39 52 4.092
1645709640 22.44 83.36 58 4.092
1645709700 22.45 83.4 64 4.092
1645709760 22.44 83.36 64 4.092
1645709820 22.49 83.35 70 4.092
1645709880 22.46 83.38 70 4.092
1645709940 22.45 83.33 70 4.092
1645710000 22.51 83.33 76 4.092
1645710060 22.55 83.33 76 4.092
1645710120 22.54 83.3 82 4.092
1645710180 22.55 83.29 88 4.092
1645710240 22.61 83.23 88 4.092
1645710300 22.62 83.19 94 4.087
1645710360 22.66 83.1 94 4.092
1645710420 22.7 83 100 4.092
1645710480 22.76 82.91 106 4.092
1645710540 22.83 82.83 106 4.092
1645710600 22.88 82.73 112 4.092
1645710660 22.92 82.6 112 4.092
1645710720 22.93 82.52 118 4.092
1645710780 22.93 82.36 124 4.092
1645710840 23.02 82.26 124 4.092
1645710900 23.05 82.16 124 4.092
1645710960 23.12 82.04 131 4.092
1645711020 23.14 81.9 131 4.092
1645711080 23.24 81.78 137 4.092
1645711140 23.29 81.63 143 4.092
1645711200 23.31 81.52 149 4.092
1645711260 23.4 81.35 155 4.092
1645711320 23.51 81.16 174 4.092
1645711380 23.67 81.01 186 4.092
1645711440 23.82 80.88 179 4.098
1645711500 23.89 80.7 162 4.098
1645711560 23.97 80.46 155 4.092
1645711620 24.1 80.29 149 4.092
1645711680 24.14 80.07 150 4.092
1645711740 24.26 79.88 149 4.098
1645711800 24.22 79.68 149 4.092
1645711860 24.19 79.42 155 4.092
1645711920 24.21 79.23 150 4.092
1645711980 24.25 79.05 143 4.092
1645712040 24.26 78.8 137 4.098
1645712100 24.35 78.58 144 4.092
1645712160 24.36 78.37 161 4.098
1645712220 24.35 78.16 168 4.098
1645712280 24.38 77.91 174 4.092
1645712340 24.39 77.7 162 4.098
1645712400 24.46 77.57 155 4.092
1645712460 24.51 77.39 161 4.098
1645712520 24.62 77.17 173 4.098
1645712580 24.65 76.97 216 4.098
1645712640 24.79 76.83 216 4.098
1645712700 24.89 76.65 185 4.092
1645712760 25 76.53 179 4.098
1645712820 24.97 76.32 185 4.098
1645712880 25.03 76.11 216 4.098
1645712940 25.07 75.97 204 4.098
1645713000 25.03 75.73 198 4.098
1645713060 25.12 75.55 198 4.098
1645713120 25.16 75.4 222 4.098
1645713180 25.17 75.19 210 4.098
1645713240 25.12 74.95 198 4.098
1645713300 25.13 74.74 204 4.098
1645713360 25.18 74.51 204 4.098
1645713420 25.27 74.33 210 4.103
1645713480 25.3 74.16 210 4.098
1645713540 25.36 73.96 210 4.098
1645713600 25.37 73.79 216 4.098
1645713660 25.28 73.57 222 4.098
1645713720 25.27 73.37 216 4.103
1645713780 25.37 73.16 210 4.098
1645713840 25.48 72.98 210 4.098
1645713900 25.57 72.78 204 4.098
1645713960 25.63 72.62 204 4.098
1645714020 25.61 72.42 210 4.103
1645714080 25.65 72.24 216 4.103
1645714140 25.64 72.05 222 4.103
1645714200 25.57 71.9 222 4.103
1645714260 25.57 71.76 222 4.103
1645714320 25.6 71.67 222 4.098
1645714380 25.64 71.54 222 4.103
1645714440 25.63 71.42 216 4.103
1645714500 25.68 71.36 216 4.103
1645714560 25.69 71.28 216 4.098
1645714620 25.6 71.19 222 4.103
1645714680 25.57 71.11 222 4.108
1645714740 25.54 71.02 228 4.103
1645714800 25.52 70.96 234 4.103
1645714860 25.54 70.9 240 4.103
1645714920 25.57 70.86 246 4.103
1645714980 25.56 70.78 246 4.103
1645715040 25.58 70.76 252 4.108
1645715100 25.52 70.71 259 4.103
1645715160 25.61 70.69 265 4.103
1645715220 25.67 70.66 271 4.103
1645715280 25.72 70.65 283 4.103
1645715340 25.69 70.56 295 4.108
1645715400 25.74 70.55 295 4.108
1645715460 25.88 70.54 295 4.103
1645715520 25.91 70.48 313 4.108
1645715580 26.05 70.44 343 4.108
1645715640 26.18 70.43 361 4.108
1645715700 26.19 70.32 319 4.108
1645715760 26.29 70.24 379 4.108
1645715820 26.39 70.14 361 4.108
1645715880 26.47 70.09 331 4.108
1645715940 26.6 69.96 439 4.108
1645716000 26.72 69.88 724 4.108
1645716060 26.76 69.75 676 4.108
1645716120 26.79 69.6 609 4.114
1645716180 26.96 69.47 447 4.108
1645716240 27.27 69.32 313 4.108
1645716300 27.38 69.13 331 4.108
1645716360 27.33 68.91 295 4.108
1645716420 27.31 68.64 301 4.108
1645716480 27.18 68.41 313 4.108
1645716540 27.38 68.23 319 4.108
1645716600 27.45 67.95 325 4.108
1645716660 27.49 67.67 325 4.114
1645716720 27.61 67.41 313 4.108
1645716780 27.4 67.01 307 4.108
1645716840 27.44 66.68 307 4.108
1645716900 27.47 66.37 283 4.108
1645716960 27.47 66.04 295 4.108
1645717020 27.37 65.7 289 4.114
1645717080 27.4 65.36 277 4.108
1645717140 27.34 64.99 277 4.108
1645717200 27.24 64.62 265 4.108
1645717260 27.08 64.28 265 4.108
1645717320 27.04 64 259 4.108
1645717380 26.94 63.74 252 4.108
1645717440 26.97 63.53 252 4.108
1645717500 27.03 63.28 252 4.108
1645717560 26.91 62.97 252 4.114
1645717620 26.94 62.72 259 4.108
1645717680 26.87 62.51 259 4.108
1645717740 26.79 62.27 259 4.114
1645717800 26.74 62.13 259 4.108
1645717860 26.73 61.99 252 4.108
1645717920 26.73 61.84 234 4.108
1645717980 26.8 61.67 240 4.108
1645718040 26.72 61.6 234 4.108
1645718100 26.79 61.55 216 4.108
1645718160 26.7 61.39 228 4.114
1645718220 26.74 61.28 283 4.114
1645718280 26.87 61.24 265 4.108
1645718340 27.04 61.15 259 4.114
1645718400 27.04 61.06 271 4.114
1645718460 27.15 60.98 283 4.108
1645718520 27.28 60.96 228 4.108
1645718580 27.37 60.86 228 4.108
1645718640 27.23 60.79 259 4.114
1645718700 27.15 60.71 228 4.108
1645718760 27.18 60.66 216 4.114
1645718820 27.15 60.59 216 4.114
1645718880 27.23 60.58 216 4.114
1645718940 27.3 60.53 216 4.108
1645719000 27.41 60.47 216 4.108
1645719060 27.58 60.44 210 4.114
1645719120 27.71 60.39 204 4.108
1645719180 27.71 60.32 210 4.108
1645719240 27.76 60.25 210 4.114
1645719300 27.79 60.11 252 4.114
1645719360 27.79 59.97 204 4.114
1645719420 27.99 59.93 210 4.114
1645719480 27.98 59.82 289 4.108
1645719540 27.78 59.59 289 4.114
1645719600 27.73 59.38 228 4.114
1645719660 27.79 59.18 216 4.114
1645719720 27.86 59.04 216 4.114
1645719780 27.89 58.89 228 4.114
1645719840 27.85 58.74 246 4.114
1645719900 27.66 58.54 337 4.114
1645719960 27.75 58.39 295 4.114
1645720020 27.88 58.26 252 4.114
1645720080 27.98 58.17 259 4.114
1645720140 28.02 58.1 246 4.108
1645720200 28.05 57.97 216 4.114
1645720260 28.12 57.83 204 4.108
1645720320 28.24 57.72 198 4.114
1645720380 28.24 57.64 228 4.114
1645720440 28.36 57.58 204 4.114
1645720500 28.22 57.51 271 4.114
1645720560 28 57.4 362 4.114
1645720620 27.95 57.3 701 4.114
1645720680 27.99 57.23 393 4.114
1645720740 27.81 57.08 277 4.114
1645720800 27.79 57.07 271 4.114
1645720860 27.88 56.99 210 4.114
1645720920 28.06 56.9 234 4.114
1645720980 28.29 56.87 234 4.114
1645721040 28.45 56.84 259 4.114
1645721100 28.45 56.82 277 4.114
1645721160 28.56 56.79 271 4.114
1645721220 28.54 56.69 210 4.114
1645721280 28.42 56.59 289 4.114
1645721340 28.35 56.51 405 4.114
1645721400 28.32 56.37 228 4.114
1645721460 28.22 56.29 216 4.114
1645721520 28.23 56.22 210 4.114
1645721580 28.29 56.15 210 4.114
1645721640 28.33 56.12 240 4.114
1645721700 28.37 56.09 216 4.114
1645721760 28.42 56.09 259 4.114
1645721820 28.61 56.05 277 4.114
1645721880 28.77 56.01 338 4.114
1645721940 28.8 55.92 272 4.119
1645722000 28.75 55.84 283 4.114
1645722060 28.89 55.77 240 4.119
1645722120 28.94 55.67 271 4.114
1645722180 29.02 55.61 278 4.119
1645722240 29.02 55.53 228 4.114
1645722300 29.07 55.43 252 4.114
1645722360 29.18 55.32 228 4.114
1645722420 28.94 55.18 216 4.114
1645722480 28.87 55.08 222 4.114
1645722540 28.87 55.02 234 4.114
1645722600 28.94 54.97 246 4.114
1645722660 29.07 54.9 289 4.114
1645722720 29.2 54.8 271 4.119
1645722780 29.38 54.86 246 4.114
1645722840 29.21 54.64 320 4.114
1645722900 29.29 54.58 368 4.119
1645722960 29.49 54.56 537 4.119
1645723020 29.45 54.44 501 4.119
1645723080 29.66 54.4 356 4.119
1645723140 29.53 54.32 368 4.119
1645723200 29.59 54.34 240 4.119
1645723260 29.66 54.24 259 4.119
1645723320 29.76 54.17 314 4.119
1645723380 29.62 54.15 259 4.119
1645723440 29.53 54.1 259 4.119
1645723500 29.72 54.08 290 4.119
1645723560 29.61 54 399 4.114
1645723620 29.62 53.95 701 4.119
1645723680 29.69 53.95 883 4.119
1645723740 29.86 53.96 1133 4.119
1645723800 30.02 53.86 737 4.119
1645723860 30.19 53.89 1260 4.119
1645723920 30.34 53.83 1048 4.125
1645723980 30.61 53.73 939 4.125
1645724040 30.68 53.66 981 4.125
1645724100 30.81 53.55 447 4.125
1645724160 30.78 53.39 252 4.119
1645724220 30.81 53.22 380 4.125
1645724280 30.79 53.04 338 4.125
1645724340 30.6 52.88 314 4.119
1645724400 30.53 52.72 969 4.125
1645724460 30.67 52.62 1161 4.114
1645724520 30.87 52.55 731 4.114
1645724580 30.97 52.42 1263 4.114
1645724640 30.99 52.27 1275 4.114
1645724700 31.25 52.14 1203 4.114
1645724760 31.35 52 900 4.114
1645724820 31.36 51.78 1239 4.114
1645724880 31.33 51.57 1269 4.114
1645724940 31.42 51.4 1269 4.108
1645725000 31.43 51.24 1286 4.108
1645725060 31.42 51.06 1317 4.108
1645725120 31.32 50.93 1335 4.108
1645725180 31.41 50.86 1341 4.108
1645725240 31.43 50.79 531 4.114
1645725300 31.77 50.69 573 4.108
1645725360 31.69 50.44 1269 4.114
1645725420 31.7 50.27 1231 4.114
1645725480 31.62 50.1 1273 4.108
1645725540 31.63 49.97 1304 4.108
1645725600 31.65 49.84 1310 4.108
1645725660 31.8 49.75 1298 4.108
1645725720 31.61 49.59 1267 4.108
1645725780 31.69 49.51 1280 4.108
1645725840 31.8 49.44 953 4.114
1645725900 31.94 49.39 1273 4.108
1645725960 31.89 49.32 1322 4.114
1645726020 31.84 49.21 1346 4.108
1645726080 31.84 49.09 1376 4.108
1645726140 31.94 49 1352 4.108
1645726200 32 48.96 325 4.114
1645726260 32.09 48.79 277 4.119
1645726320 31.97 48.71 259 4.114
1645726380 31.89 48.67 259 4.114
1645726440 31.63 48.57 265 4.119
1645726500 31.46 48.51 277 4.119
1645726560 31.28 48.52 338 4.119
1645726620 31.02 48.57 1370 4.114
1645726680 30.68 48.67 1334 4.108
1645726740 30.56 48.82 1159 4.108
1645726800 30.64 48.97 736 4.108
1645726860 30.79 49.16 1394 4.114
1645726920 30.81 49.28 676 4.108
1645726980 30.68 49.27 621 4.108
1645727040 30.89 49.37 409 4.108
1645727100 30.97 49.45 471 4.119
1645727160 30.97 49.56 397 4.108
1645727220 30.89 49.66 397 4.108
1645727280 30.84 49.75 694 4.108
1645727340 30.75 49.84 337 4.108
1645727400 30.71 50.03 1001 4.108
1645727460 30.6 50.13 1310 4.108
1645727520 30.6 50.23 730 4.108
1645727580 30.78 50.37 1039 4.108
1645727640 30.94 50.49 1292 4.108
1645727700 31.01 50.6 1322 4.108
1645727760 30.98 50.73 1352 4.108
1645727820 31.09 50.85 1352 4.108
1645727880 31.22 50.9 1356 4.108
1645727940 31.56 50.98 1334 4.108
1645728000 31.7 50.99 1325 4.135
1645728060 31.87 50.97 1325 4.135
1645728120 32 50.92 332 4.119
1645728180 31.86 50.82 320 4.114
1645728240 31.66 50.7 314 4.114
1645728300 31.32 50.63 326 4.119
1645728360 31.04 50.55 430 4.119
1645728420 30.77 50.68 1352 4.114
1645728480 30.77 50.7 1323 4.108
1645728540 30.66 50.87 350 4.108
1645728600 30.68 50.89 349 4.108
1645728660 30.46 50.92 555 4.108
1645728720 30.56 51.11 1207 4.108
1645728780 30.67 51.26 499 4.108
1645728840 30.53 51.34 1376 4.108
1645728900 30.36 51.49 1380 4.141
1645728960 30.4 51.74 1356 4.141
1645729020 30.56 51.92 1290 4.141
1645729080 30.71 52.14 1308 4.141
1645729140 30.99 52.35 1326 4.141
1645729200 30.95 52.56 435 4.114
1645729260 30.97 52.66 573 4.114
1645729320 30.73 52.68 1391 4.108
1645729380 30.66 52.83 640 4.114
1645729440 30.77 52.92 1353 4.114
1645729500 30.97 52.99 1299 4.108
1645729560 31.11 53.1 1323 4.114
1645729620 31.25 53.1 1305 4.114
1645729680 31.46 53.12 1323 4.114
1645729740 31.49 53.04 579 4.114
1645729800 31.39 52.91 356 4.114
1645729860 31.12 52.85 331 4.114
1645729920 31.14 52.81 1311 4.108
1645729980 30.89 52.7 1305 4.114
1645730040 30.78 52.7 1304 4.108
1645730100 30.74 52.71 688 4.108
1645730160 30.95 52.78 749 4.114
1645730220 31.21 52.84 265 4.114
1645730280 31.17 52.77 277 4.114
1645730340 30.88 52.76 393 4.114
1645730400 30.58 52.78 277 4.114
1645730460 30.33 52.82 387 4.108
1645730520 30.17 52.88 1261 4.114
1645730580 30.16 53.02 924 4.108
1645730640 30.24 53.13 301 4.114
1645730700 30.03 53.23 417 4.119
1645730760 30.1 53.34 374 4.114
1645730820 30.09 53.45 265 4.114
1645730880 29.71 53.51 246 4.114
1645730940 29.39 53.58 240 4.108
1645731000 29.29 53.64 246 4.114
1645731060 29.28 53.78 700 4.114
1645731120 29.21 53.9 1213 4.108
1645731180 29.24 54.15 1207 4.108
1645731240 29.47 54.37 1237 4.108
1645731300 29.95 54.51 1263 4.114
1645731360 30.36 54.65 487 4.114
1645731420 30.63 54.64 1165 4.114
1645731480 31.07 54.66 1227 4.108
1645731540 31.45 54.73 1219 4.108
1645731600 31.45 54.61 1165 4.108
1645731660 31.43 54.39 1207 4.108
1645731720 31.51 54.22 1025 4.114
1645731780 31.58 54.04 1057 4.108
1645731840 31.56 53.8 469 4.108
1645731900 31.46 53.56 481 4.114
1645731960 31.53 53.42 561 4.108
1645732020 31.62 53.21 373 4.108
1645732080 31.49 53.14 1219 4.108
1645732140 30.95 52.94 609 4.108
1645732200 30.61 52.83 283 4.108
1645732260 30.31 52.74 259 4.108
1645732320 30.02 52.73 259 4.108
1645732380 29.79 52.81 652 4.108
1645732440 29.72 52.85 1189 4.108
1645732500 29.76 52.97 307 4.108
1645732560 29.73 53.13 295 4.108
1645732620 29.75 53.24 313 4.108
1645732680 29.59 53.33 1139 4.108
1645732740 29.83 53.55 874 4.108
1645732800 29.99 53.72 1069 4.108
1645732860 30.17 53.82 1177 4.108
1645732920 30.34 53.88 1189 4.108
1645732980 30.58 53.95 397 4.108
1645733040 30.79 53.97 1001 4.108
1645733100 30.7 53.99 469 4.108
1645733160 30.68 53.96 469 4.108
1645733220 30.71 53.93 1195 4.108
1645733280 30.71 53.92 1201 4.108
1645733340 31.04 53.92 1158 4.108
1645733400 31.15 53.88 1165 4.13
1645733460 31.09 53.79 405 4.119
1645733520 31.17 53.67 387 4.119
1645733580 31.29 53.62 1197 4.114
1645733640 31.46 53.47 1201 4.108
1645733700 31.53 53.35 774 4.108
1645733760 31.48 53.2 1165 4.108
1645733820 31.49 53.04 1063 4.108
1645733880 31.51 52.88 1001 4.114
1645733940 31.29 52.73 796 4.108
1645734000 31.07 52.54 983 4.108
1645734060 30.97 52.41 531 4.108
1645734120 31.18 52.37 499 4.108
1645734180 30.77 52.24 463 4.108
1645734240 30.46 52.15 441 4.108
1645734300 30.17 52.16 399 4.114
1645734360 30.13 52.21 350 4.119
1645734420 29.9 52.32 362 4.119
1645734480 29.58 52.43 423 4.119
1645734540 29.45 52.56 409 4.108
1645734600 29.58 52.73 525 4.108
1645734660 29.56 52.82 415 4.108
1645734720 29.32 52.93 385 4.108
1645734780 29.42 53.08 373 4.108
1645734840 29.42 53.26 355 4.108
1645734900 29.48 53.41 325 4.114
1645734960 29.26 53.5 313 4.108
1645735020 29.24 53.66 289 4.108
1645735080 29.17 53.74 265 4.108
1645735140 29.14 53.84 246 4.108
1645735200 29.07 53.96 222 4.114
1645735260 29.04 54.1 210 4.114
1645735320 29.08 54.26 210 4.114
1645735380 29.02 54.39 216 4.114
1645735440 29.01 54.44 216 4.114
1645735500 29.01 54.5 234 4.119
1645735560 28.96 54.57 240 4.114
1645735620 28.91 54.63 259 4.119
1645735680 28.97 54.7 265 4.119
1645735740 29 54.81 387 4.119
1645735800 28.98 54.86 272 4.119
1645735860 28.9 54.91 259 4.119
1645735920 28.75 54.95 259 4.119
1645735980 28.74 55.07 259 4.119
1645736040 28.67 55.15 272 4.119
1645736100 28.7 55.23 290 4.114
1645736160 28.84 55.38 308 4.119
1645736220 28.81 55.46 314 4.119
1645736280 28.75 55.58 320 4.119
1645736340 28.86 55.69 326 4.119
1645736400 28.74 55.8 338 4.119
1645736460 28.75 55.89 332 4.125
1645736520 28.69 56 344 4.125
1645736580 28.67 56.13 368 4.125
1645736640 28.64 56.24 406 4.125
1645736700 28.77 56.36 545 4.125
1645736760 28.71 56.51 362 4.125
1645736820 28.74 56.62 338 4.125
1645736880 28.75 56.69 417 4.125
1645736940 28.67 56.84 374 4.125
1645737000 28.63 56.98 302 4.119
1645737060 28.69 57.11 290 4.125
1645737120 28.73 57.21 308 4.125
1645737180 28.8 57.36 393 4.125
1645737240 28.71 57.53 350 4.125
1645737300 28.61 57.64 350 4.125
1645737360 28.51 57.71 460 4.125
1645737420 28.47 57.82 725 4.114
1645737480 28.6 57.98 725 4.114
1645737540 28.89 58.13 307 4.114
1645737600 29.1 58.21 272 4.114
1645737660 29.15 58.27 252 4.108
1645737720 29.1 58.28 252 4.114
1645737780 29.15 58.38 271 4.114
1645737840 29.1 58.35 277 4.114
1645737900 29.04 58.39 290 4.125
1645737960 29.1 58.39 278 4.119
1645738020 29.05 58.4 265 4.119
1645738080 29 58.35 246 4.125
1645738140 28.94 58.26 240 4.125
1645738200 28.87 58.19 246 4.125
1645738260 28.84 58.17 246 4.119
1645738320 28.73 58.15 246 4.125
1645738380 28.53 58.14 259 4.119
1645738440 28.54 58.16 240 4.125
1645738500 28.39 58.12 234 4.125
1645738560 28.37 58.13 252 4.125
1645738620 28.4 58.2 230 4.119
1645738680 28.35 58.24 216 4.119
1645738740 28.26 58.31 192 4.125
1645738800 28.16 58.34 186 4.119
1645738860 28.1 58.37 168 4.119
1645738920 28.06 58.36 156 4.119
1645738980 27.96 58.39 150 4.119
1645739040 27.95 58.44 144 4.119
1645739100 27.95 58.47 138 4.119
1645739160 27.85 58.44 132 4.119
1645739220 27.82 58.52 126 4.119
1645739280 27.71 58.56 120 4.119
1645739340 27.66 58.62 120 4.119
1645739400 27.58 58.72 120 4.119
1645739460 27.54 58.81 120 4.119
1645739520 27.58 58.91 120 4.119
1645739580 27.52 58.97 126 4.119
1645739640 27.49 59.04 126 4.119
1645739700 27.51 59.12 126 4.114
1645739760 27.48 59.2 120 4.119
1645739820 27.4 59.31 120 4.119
1645739880 27.38 59.38 120 4.114
1645739940 27.33 59.52 120 4.119
1645740000 27.38 59.61 126 4.119
1645740060 27.37 59.71 126 4.119
1645740120 27.38 59.85 132 4.119
1645740180 27.37 59.94 138 4.119
1645740240 27.41 60.02 138 4.114
1645740300 27.44 60.16 138 4.119
1645740360 27.4 60.26 138 4.119
1645740420 27.31 60.34 132 4.119
1645740480 27.33 60.41 132 4.119
1645740540 27.37 60.51 144 4.119
1645740600 27.37 60.58 144 4.119
1645740660 27.44 60.63 144 4.119
1645740720 27.43 60.65 144 4.119
1645740780 27.47 60.69 144 4.119
1645740840 27.44 60.7 150 4.119
1645740900 27.44 60.74 162 4.125
1645740960 27.48 60.67 168 4.119
1645741020 27.49 60.6 174 4.119
1645741080 27.62 60.59 174 4.119
1645741140 27.65 60.51 168 4.119
1645741200 27.64 60.42 150 4.119
1645741260 27.65 60.32 126 4.119
1645741320 27.64 60.23 108 4.119
1645741380 27.61 60.06 96 4.119
1645741440 27.45 59.98 96 4.119
1645741500 27.43 59.96 96 4.114
1645741560 27.38 59.88 108 4.119
1645741620 27.38 59.89 120 4.119
1645741680 27.4 59.81 126 4.119
1645741740 27.38 59.81 126 4.119
1645741800 27.33 59.8 120 4.119
1645741860 27.31 59.81 108 4.119
1645741920 27.37 59.83 108 4.119
1645741980 27.37 59.87 102 4.119
1645742040 27.35 59.84 96 4.119
1645742100 27.31 59.86 96 4.119
1645742160 27.3 59.92 96 4.119
1645742220 27.31 59.99 90 4.119
1645742280 27.25 59.99 90 4.119
1645742340 27.2 60.06 90 4.119
1645742400 27.13 60.12 90 4.114
1645742460 27.08 60.17 90 4.119
1645742520 27.1 60.18 96 4.119
1645742580 27.1 60.27 96 4.119
1645742640 27.07 60.31 96 4.119
1645742700 27.1 60.39 96 4.119
1645742760 27.08 60.42 102 4.119
1645742820 27.14 60.46 102 4.119
1645742880 27.17 60.56 102 4.119
1645742940 27.13 60.62 102 4.119
1645743000 27.15 60.67 102 4.119
1645743060 27.15 60.76 96 4.119
1645743120 27.17 60.77 96 4.119
1645743180 27.2 60.8 96 4.119
1645743240 27.17 60.85 96 4.119
1645743300 27.17 60.82 102 4.114
1645743360 27.17 60.85 102 4.119
1645743420 27.21 60.87 102 4.119
1645743480 27.2 60.89 108 4.119
1645743540 27.21 60.9 102 4.119
1645743600 27.23 60.9 96 4.119
1645743660 27.28 60.95 96 4.119
1645743720 27.28 60.92 96 4.119
1645743780 27.33 61.02 102 4.119
1645743840 27.31 61.04 108 4.119
1645743900 27.37 61.06 114 4.119
1645743960 27.34 61.1 114 4.125
1645744020 27.35 61.14 114 4.119
1645744080 27.38 61.16 120 4.119
1645744140 27.34 61.24 120 4.119
1645744200 27.33 61.28 120 4.119
1645744260 27.35 61.3 114 4.119
1645744320 27.4 61.33 108 4.119
1645744380 27.38 61.35 102 4.119
1645744440 27.4 61.39 102 4.114
1645744500 27.38 61.37 90 4.119
1645744560 27.34 61.43 84 4.119
1645744620 27.25 61.46 84 4.119
1645744680 27.2 61.49 84 4.119
1645744740 27.17 61.56 84 4.119
1645744800 27.17 61.67 78 4.119
1645744860 27.17 61.71 78 4.114
1645744920 27.2 61.81 72 4.114
1645744980 27.21 61.89 72 4.119
1645745040 27.13 62.02 72 4.119
1645745100 27.1 62.12 66 4.119
1645745160 27.07 62.23 60 4.119
1645745220 27.01 62.33 60 4.119
1645745280 27.07 62.5 54 4.119
1645745340 27.03 62.61 54 4.114
1645745400 27 62.7 54 4.119
1645745460 26.96 62.81 48 4.114
1645745520 26.89 62.94 48 4.119
1645745580 26.87 63.04 48 4.114
1645745640 26.89 63.12 48 4.114
1645745700 26.84 63.22 48 4.114
1645745760 26.83 63.33 42 4.114
1645745820 26.8 63.44 42 4.119
1645745880 26.77 63.54 42 4.119
1645745940 26.72 63.62 42 4.119
1645746000 26.69 63.74 36 4.114
1645746060 26.7 63.78 36 4.114
1645746120 26.66 63.85 36 4.114
1645746180 26.63 63.97 36 4.119
1645746240 26.62 64 30 4.114
1645746300 26.6 64.06 30 4.114
1645746360 26.59 64.14 24 4.114
1645746420 26.57 64.21 24 4.114
1645746480 26.56 64.19 24 4.114
1645746540 26.52 64.25 24 4.114
1645746600 26.5 64.3 18 4.119
1645746660 26.52 64.41 18 4.119
1645746720 26.47 64.47 18 4.114
1645746780 26.4 64.57 12 4.114
1645746840 26.4 64.58 12 4.119
1645746900 26.36 64.7 12 4.114
1645746960 26.36 64.75 6 4.114
1645747020 26.35 64.88 6 4.114
1645747080 26.33 64.91 6 4.114
1645747140 26.3 65.01 6 4.114
1645747200 26.29 65.1 0 4.114
1645747260 26.19 65.18 0 4.114
1645747320 26.19 65.28 6 4.114
1645747380 26.16 65.38 0 4.114
1645747440 26.11 65.48 0 4.114
1645747500 26.12 65.62 0 4.114
1645747560 26.09 65.69 0 4.114
1645747620 26.09 65.82 0 4.114
1645747680 26.05 65.93 0 4.119
1645747740 26.02 66.01 0 4.114
1645747800 25.95 66.16 0 4.114
1645747860 25.95 66.25 0 4.114
1645747920 25.93 66.38 0 4.114
1645747980 25.93 66.49 0 4.108
1645748040 25.93 66.62 0 4.114
1645748100 25.88 66.65 0 4.114
1645748160 25.87 66.8 0 4.114
1645748220 25.81 66.92 0 4.114
1645748280 25.81 67 0 4.114
1645748340 25.82 67.08 0 4.114
1645748400 25.79 67.17 0 4.114
1645748460 25.81 67.29 0 4.114
1645748520 25.81 67.42 0 4.114
1645748580 25.75 67.47 0 4.114
1645748640 25.74 67.57 0 4.114
1645748700 25.68 67.62 0 4.114
1645748760 25.69 67.73 0 4.114
1645748820 25.63 67.8 0 4.114
1645748880 25.58 67.88 0 4.114
1645748940 25.57 67.98 0 4.114
1645749000 25.52 68.1 0 4.114
1645749060 25.49 68.16 0 4.114
1645749120 25.51 68.28 0 4.114
1645749180 25.44 68.36 0 4.114
1645749240 25.45 68.43 0 4.114
1645749300 25.44 68.52 0 4.114
1645749360 25.42 68.6 0 4.114
1645749420 25.44 68.71 0 4.114
1645749480 25.42 68.79 0 4.114
1645749540 25.38 68.88 0 4.114
1645749600 25.38 68.93 0 4.108
1645749660 25.38 69.03 0 4.114
1645749720 25.36 69.09 0 4.108
1645749780 25.34 69.2 0 4.114
1645749840 25.33 69.3 0 4.114
1645749900 25.28 69.33 0 4.114
1645749960 25.26 69.39 0 4.114
1645750020 25.23 69.47 0 4.114
1645750080 25.21 69.56 0 4.114
1645750140 25.2 69.63 0 4.114
1645750200 25.2 69.72 0 4.114
1645750260 25.18 69.82 0 4.108
1645750320 25.18 69.9 0 4.114
1645750380 25.16 69.99 0 4.114
1645750440 25.14 70.07 0 4.114
1645750500 25.14 70.15 0 4.108
1645750560 25.14 70.25 0 4.108
1645750620 25.12 70.34 0 4.114
1645750680 25.14 70.42 0 4.114
1645750740 25.1 70.45 0 4.114
1645750800 25.1 70.55 0 4.108
1645750860 25.09 70.62 0 4.114
1645750920 25.06 70.69 0 4.108
1645750980 25.03 70.79 0 4.114
1645751040 24.97 70.85 0 4.114
1645751100 25 70.92 0 4.114
1645751160 24.97 70.99 0 4.114
1645751220 24.94 71.07 0 4.114
1645751280 24.93 71.15 0 4.114
1645751340 24.91 71.21 0 4.114
1645751400 24.87 71.29 0 4.108
1645751460 24.89 71.37 0 4.108
1645751520 24.89 71.45 0 4.114
1645751580 24.87 71.54 0 4.114
1645751640 24.85 71.56 0 4.114
1645751700 24.8 71.63 0 4.114
1645751760 24.76 71.71 0 4.114
1645751820 24.76 71.75 0 4.114
1645751880 24.69 71.87 0 4.108
1645751940 24.66 71.93 0 4.114
1645752000 24.63 72.02 0 4.114
1645752060 24.62 72.08 0 4.108
1645752120 24.58 72.11 0 4.108
1645752180 24.59 72.22 0 4.114
1645752240 24.58 72.29 0 4.114
1645752300 24.52 72.36 0 4.114
1645752360 24.52 72.4 0 4.108
1645752420 24.53 72.5 0 4.108
1645752480 24.48 72.51 0 4.108
1645752540 24.45 72.57 0 4.114
1645752600 24.43 72.65 0 4.114
1645752660 24.4 72.68 0 4.108
1645752720 24.39 72.72 0 4.108
1645752780 24.36 72.77 0 4.114
1645752840 24.35 72.79 0 4.108
1645752900 24.35 72.87 0 4.108
1645752960 24.31 72.89 0 4.108
1645753020 24.29 72.95 0 4.108
1645753080 24.23 72.94 0 4.114
1645753140 24.23 73 0 4.114
1645753200 24.19 73.04 0 4.108
1645753260 24.21 73.08 0 4.108
1645753320 24.14 73.12 0 4.114
1645753380 24.12 73.21 0 4.114
1645753440 24.1 73.26 0 4.108
1645753500 24.07 73.32 0 4.108
1645753560 24.02 73.35 0 4.114
1645753620 23.98 73.47 0 4.114
1645753680 23.98 73.59 0 4.108
1645753740 23.97 73.68 0 4.108
1645753800 23.94 73.76 0 4.114
1645753860 23.94 73.89 0 4.114
1645753920 23.89 73.98 0 4.108
1645753980 23.87 74.12 0 4.108
1645754040 23.85 74.21 0 4.114
1645754100 23.84 74.34 0 4.108
1645754160 23.8 74.45 0 4.108
1645754220 23.78 74.56 0 4.108
1645754280 23.77 74.72 0 4.108
1645754340 23.74 74.81 0 4.114
1645754400 23.71 74.97 0 4.108
1645754460 23.71 75.08 0 4.108
1645754520 23.68 75.2 0 4.108
1645754580 23.68 75.31 0 4.108
1645754640 23.67 75.43 0 4.114
1645754700 23.7 75.57 0 4.108
1645754760 23.7 75.67 0 4.114
1645754820 23.7 75.77 0 4.114
1645754880 23.68 75.87 0 4.108
1645754940 23.68 75.94 0 4.108
1645755000 23.71 76.04 0 4.108
1645755060 23.71 76.07 0 4.108
1645755120 23.74 76.18 0 4.108
1645755180 23.72 76.18 0 4.108
1645755240 23.77 76.26 0 4.108
1645755300 23.78 76.29 0 4.108
1645755360 23.81 76.27 0 4.108
1645755420 23.85 76.29 0 4.108
1645755480 23.85 76.24 0 4.108
1645755540 23.87 76.26 0 4.108
1645755600 23.91 76.24 0 4.108
1645755660 23.91 76.16 0 4.108
1645755720 23.89 76.12 0 4.108
1645755780 23.92 76.03 0 4.108
1645755840 23.94 75.95 0 4.108
1645755900 23.97 75.91 0 4.108
1645755960 23.98 75.75 0 4.108
1645756020 24.01 75.67 0 4.108
1645756080 24.01 75.58 0 4.108
1645756140 24.02 75.44 0 4.108
1645756200 24.04 75.34 0 4.108
1645756260 24.04 75.23 0 4.108
1645756320 24.02 75.13 0 4.108
1645756380 24.05 75.04 0 4.114
1645756440 24.1 74.94 0 4.108
1645756500 24.07 74.82 0 4.108
1645756560 24.05 74.74 0 4.108
1645756620 24.08 74.64 0 4.108
1645756680 24.08 74.52 0 4.108
1645756740 24.08 74.45 0 4.108
1645756800 24.1 74.37 0 4.108
1645756860 24.11 74.26 0 4.108
1645756920 24.11 74.19 0 4.108
1645756980 24.11 74.07 0 4.108
1645757040 24.12 74.01 0 4.108
1645757100 24.14 73.95 0 4.108
1645757160 24.15 73.87 0 4.108
1645757220 24.18 73.78 0 4.108
1645757280 24.16 73.7 0 4.108
1645757340 24.16 73.64 0 4.108
1645757400 24.16 73.56 0 4.108
1645757460 24.18 73.5 0 4.108
1645757520 24.15 73.44 0 4.108
1645757580 24.14 73.37 0 4.108
1645757640 24.15 73.32 0 4.108
1645757700 24.15 73.29 0 4.108
1645757760 24.15 73.24 0 4.103
1645757820 24.15 73.2 0 4.108
1645757880 24.15 73.17 0 4.108
1645757940 24.21 73.15 0 4.108
1645758000 24.16 73.13 0 4.108
1645758060 24.15 73.06 0 4.108
1645758120 24.15 73.06 0 4.108
1645758180 24.16 73.03 0 4.108
1645758240 24.14 73.05 0 4.108
1645758300 24.15 73.04 0 4.108
1645758360 24.16 72.99 0 4.108
1645758420 24.12 72.96 0 4.108
1645758480 24.14 72.97 0 4.108
1645758540 24.11 72.93 0 4.108
1645758600 24.11 72.97 0 4.103
1645758660 24.14 72.94 0 4.108
1645758720 24.11 72.93 0 4.108
1645758780 24.08 72.91 0 4.108
1645758840 24.11 72.95 0 4.108
1645758900 24.1 72.9 0 4.108
1645758960 24.07 72.86 0 4.108
1645759020 24.08 72.89 0 4.108
1645759080 24.08 72.86 0 4.103
1645759140 24.05 72.82 0 4.108
1645759200 24.05 72.81 0 4.108
1645759260 24.04 72.82 0 4.108
1645759320 24.04 72.79 0 4.108
1645759380 24.04 72.77 0 4.108
1645759440 24.04 72.74 0 4.108
1645759500 24.04 72.75 0 4.108
1645759560 24 72.75 0 4.103
1645759620 24 72.73 0 4.103
1645759680 24 72.72 0 4.108
1645759740 23.98 72.75 0 4.108
1645759800 23.97 72.75 0 4.108
1645759860 23.98 72.74 0 4.108
1645759920 23.95 72.72 0 4.103
1645759980 23.92 72.76 0 4.108
1645760040 23.91 72.72 0 4.108
1645760100 23.92 72.76 0 4.108
1645760160 23.92 72.74 0 4.108
1645760220 23.94 72.78 0 4.108
1645760280 23.89 72.77 0 4.108
1645760340 23.89 72.82 0 4.108
1645760400 23.89 72.77 0 4.103
1645760460 23.91 72.82 0 4.108
1645760520 23.89 72.84 0 4.103
1645760580 23.89 72.79 0 4.108
1645760640 23.89 72.82 0 4.103
1645760700 23.91 72.87 0 4.103
1645760760 23.89 72.87 0 4.108
1645760820 23.89 72.9 0 4.108
1645760880 23.88 72.89 0 4.108
1645760940 23.88 72.95 0 4.108
1645761000 23.89 72.99 0 4.108
1645761060 23.88 73.03 0 4.108
1645761120 23.91 73.08 0 4.108
1645761180 23.87 73.11 0 4.108
1645761240 23.89 73.17 0 4.108
1645761300 23.88 73.2 0 4.108
1645761360 23.89 73.27 0 4.108
1645761420 23.88 73.37 0 4.108
1645761480 23.85 73.43 0 4.103
1645761540 23.89 73.53 0 4.103
1645761600 23.87 73.64 0 4.108
1645761660 23.85 73.75 0 4.108
1645761720 23.85 73.88 0 4.108
1645761780 23.84 74 0 4.108
1645761840 23.84 74.15 0 4.103
1645761900 23.84 74.31 0 4.108
1645761960 23.8 74.52 0 4.108
1645762020 23.77 74.61 0 4.108
1645762080 23.74 74.73 0 4.108
1645762140 23.72 74.86 0 4.108
1645762200 23.74 75.01 0 4.103
1645762260 23.72 75.12 0 4.108
1645762320 23.72 75.25 0 4.103
1645762380 23.72 75.37 0 4.103
1645762440 23.74 75.47 0 4.103
1645762500 23.71 75.55 0 4.103
1645762560 23.72 75.6 0 4.108
1645762620 23.71 75.68 0 4.108
1645762680 23.68 75.75 0 4.108
1645762740 23.72 75.76 0 4.108
1645762800 23.72 75.74 0 4.108
1645762860 23.74 75.73 0 4.108
1645762920 23.77 75.74 0 4.108
1645762980 23.75 75.69 0 4.108
1645763040 23.74 75.65 0 4.103
1645763100 23.75 75.61 0 4.108
1645763160 23.74 75.58 0 4.103
1645763220 23.77 75.52 0 4.103
1645763280 23.78 75.46 0 4.103
1645763340 23.78 75.45 0 4.103
1645763400 23.8 75.39 0 4.108
1645763460 23.81 75.35 0 4.103
1645763520 23.84 75.3 0 4.108
1645763580 23.84 75.28 0 4.108
1645763640 23.81 75.22 0 4.103
1645763700 23.82 75.18 0 4.108
1645763760 23.82 75.13 0 4.103
1645763820 23.85 75.09 0 4.103
1645763880 23.84 75.11 0 4.103
1645763940 23.82 75.04 0 4.103
1645764000 23.8 75.01 0 4.103
1645764060 23.8 75 0 4.108
1645764120 23.81 75 0 4.108
1645764180 23.75 74.95 0 4.103
1645764240 23.78 75.02 0 4.108
1645764300 23.74 75.05 0 4.103
1645764360 23.77 75.04 0 4.103
1645764420 23.77 75.06 0 4.108
1645764480 23.77 75.1 0 4.103
1645764540 23.77 75.15 0 4.108
1645764600 23.75 75.15 0 4.103
1645764660 23.72 75.22 0 4.108
1645764720 23.74 75.28 0 4.108
1645764780 23.72 75.3 0 4.108
1645764840 23.75 75.33 0 4.103
1645764900 23.75 75.4 0 4.103
1645764960 23.72 75.42 0 4.103
1645765020 23.74 75.5 0 4.103
1645765080 23.71 75.53 0 4.103
1645765140 23.71 75.6 0 4.103
