1638939600 20.15 89.48 0 4.044
1638939660 20.16 89.48 0 4.049
1638939720 20.11 89.46 0 4.049
1638939780 20.07 89.43 0 4.049
1638939840 20.07 89.3 0 4.049
1638939900 20.08 88.92 0 4.049
1638939960 20.05 88.89 0 4.049
1638940020 20.07 88.76 0 4.049
1638940080 20.05 89.06 0 4.044
1638940140 20.08 88.93 0 4.044
1638940200 20.11 88.93 0 4.049
1638940260 20.09 88.8 0 4.049
1638940320 20.07 88.99 0 4.049
1638940380 20.08 89.24 0 4.049
1638940440 20.08 89.35 0 4.044
1638940500 20.02 89.36 0 4.044
1638940560 19.98 89.59 0 4.049
1638940620 19.95 90 0 4.044
1638940680 19.96 90.13 0 4.049
1638940740 19.94 90.25 0 4.049
1638940800 19.94 90.5 0 4.044
1638940860 19.92 89.71 0 4.049
1638940920 19.92 88.96 0 4.049
1638940980 19.95 88.69 0 4.049
1638941040 20.04 88.48 0 4.049
1638941100 20.07 88.33 0 4.049
1638941160 20.08 88.71 0 4.049
1638941220 20.04 89.15 0 4.049
1638941280 20.05 89.26 0 4.049
1638941340 20.04 89.42 0 4.049
1638941400 20.05 89.5 0 4.044
1638941460 20.01 89.63 0 4.044
1638941520 19.98 89.67 0 4.044
1638941580 19.98 89.95 0 4.049
1638941640 20.04 90.17 0 4.044
1638941700 20.01 90.07 0 4.049
1638941760 20.04 90.43 0 4.049
1638941820 19.91 89.81 0 4.044
1638941880 19.95 89.81 0 4.049
1638941940 19.94 89.38 0 4.049
1638942000 19.92 89.65 0 4.044
1638942060 19.88 89.56 0 4.044
1638942120 19.85 89.88 0 4.044
1638942180 19.84 89.57 0 4.044
1638942240 19.81 89.38 0 4.049
1638942300 19.8 89.6 0 4.044
1638942360 19.84 90.07 0 4.044
1638942420 19.87 89.67 0 4.044
1638942480 19.81 89.84 0 4.044
1638942540 19.77 89.84 0 4.044
1638942600 19.75 90.01 0 4.044
1638942660 19.73 90.4 0 4.044
1638942720 19.74 90.33 0 4.044
1638942780 19.74 90.72 0 4.049
1638942840 19.78 90.31 0 4.044
1638942900 19.77 89.89 0 4.044
1638942960 19.77 89.12 0 4.044
1638943020 19.78 88.76 0 4.044
1638943080 19.75 88.86 0 4.044
1638943140 19.75 89.44 0 4.049
1638943200 19.71 89.79 0 4.044
1638943260 19.65 90.05 0 4.044
1638943320 19.63 90.25 0 4.044
1638943380 19.64 90.51 0 4.049
1638943440 19.57 90.37 0 4.049
1638943500 19.54 90.6 0 4.044
1638943560 19.53 90.84 0 4.044
1638941820 19.91 89.81 0 4.044
1638941880 19.95 89.81 0 4.049
1638941940 19.94 89.38 0 4.049
1638942000 19.92 89.65 0 4.044
1638942060 19.88 89.56 0 4.044
1638942120 19.85 89.88 0 4.044
1638942180 19.84 89.57 0 4.044
1638942240 19.81 89.38 0 4.049
1638942300 19.8 89.6 0 4.044
1638942360 19.84 90.07 0 4.044
1638942420 19.87 89.67 0 4.044
1638942480 19.81 89.84 0 4.044
1638942540 19.77 89.84 0 4.044
1638942600 19.75 90.01 0 4.044
1638942660 19.73 90.4 0 4.044
1638942720 19.74 90.33 0 4.044
1638942780 19.74 90.72 0 4.049
1638942840 19.78 90.31 0 4.044
1638942900 19.77 89.89 0 4.044
1638942960 19.77 89.12 0 4.044
1638943020 19.78 88.76 0 4.044
1638943080 19.75 88.86 0 4.044
1638943140 19.75 89.44 0 4.049
1638943200 19.71 89.79 0 4.044
1638943260 19.65 90.05 0 4.044
1638943320 19.63 90.25 0 4.044
1638943380 19.64 90.51 0 4.049
1638943440 19.57 90.37 0 4.049
1638943500 19.54 90.6 0 4.044
1638943560 19.53 90.84 0 4.044
1638943620 19.52 91.2 0 4.049
1638943680 19.58 91.63 0 4.044
1638943740 19.57 91.75 0 4.044
1638943800 19.56 91.78 0 4.044
1638943860 19.5 91.98 0 4.044
1638943920 19.46 92.22 0 4.044
1638943980 19.38 92.42 0 4.044
1638944040 19.41 92.3 0 4.044
1638944100 19.37 92.32 0 4.039
1638944160 19.38 92.55 0 4.044
1638944220 19.43 92.26 0 4.044
1638944280 19.46 92.12 0 4.044
1638944340 19.47 91.58 0 4.044
1638944400 19.56 91.21 0 4.044
1638944460 19.6 90.97 0 4.044
1638944520 19.58 90.62 0 4.044
1638944580 19.58 90.85 0 4.044
1638944640 19.56 90.95 0 4.044
1638944700 19.56 91.12 0 4.044
1638944760 19.49 91.1 0 4.044
1638944820 19.47 91.16 0 4.044
1638944880 19.46 91.34 0 4.044
1638944940 19.43 91.5 0 4.044
1638945000 19.43 91.42 0 4.033
1638945060 19.37 91.62 0 4.044
1638945120 19.37 91.65 0 4.044
1638945180 19.32 91.65 0 4.044
1638945240 19.29 91.74 0 4.044
1638945300 19.27 91.91 0 4.044
1638945360 19.29 92.2 0 4.044
1638945420 19.23 92.42 0 4.044
1638945480 19.27 92.76 0 4.044
1638945540 19.26 92.8 0 4.044
1638945600 19.26 92.87 0 4.044
1638945660 19.23 92.89 0 4.044
1638945720 19.17 92.94 0 4.044
1638945780 19.17 93.17 0 4.044
1638945840 19.17 93.2 0 4.044
1638945900 19.27 93.53 0 4.033
1638945960 19.32 93.03 0 4.044
1638946020 19.26 92.83 0 4.044
1638946080 19.27 93.12 0 4.044
1638946140 19.29 93.04 0 4.044
1638946200 19.25 93.01 0 4.044
1638946260 19.29 92.93 0 4.039
1638946320 19.43 92.26 0 4.044
1638946380 19.46 92.12 0 4.044
1638946440 19.47 91.58 0 4.044
1638946500 19.56 91.21 0 4.044
1638946560 19.6 90.97 0 4.044
1638946620 19.58 90.62 0 4.044
1638946680 19.58 90.85 0 4.044
1638946740 19.56 90.95 0 4.044
1638946800 19.56 91.12 0 4.044
1638946860 19.49 91.1 0 4.044
1638946920 19.47 91.16 0 4.044
1638946980 19.46 91.34 0 4.044
1638947040 19.43 91.5 0 4.044
1638947100 19.43 91.42 0 4.033
1638947160 19.37 91.62 0 4.044
1638947220 19.37 91.65 0 4.044
1638947280 19.32 91.65 0 4.044
1638947340 19.29 91.74 0 4.044
1638947400 19.27 91.91 0 4.044
1638947460 19.29 92.2 0 4.044
1638947520 19.23 92.42 0 4.044
1638947580 19.27 92.76 0 4.044
1638947640 19.26 92.8 0 4.044
1638947700 19.26 92.87 0 4.044
1638947760 19.23 92.89 0 4.044
1638947820 19.17 92.94 0 4.044
1638947880 19.17 93.17 0 4.044
1638947940 19.17 93.2 0 4.044
1638948000 19.27 93.53 0 4.033
1638948060 19.32 93.03 0 4.044
1638948120 19.26 92.83 0 4.044
1638948180 19.27 93.12 0 4.044
1638948240 19.29 93.04 0 4.044
1638948300 19.25 93.01 0 4.044
1638948360 19.29 92.93 0 4.039
1638948420 19.34 93.21 0 4.044
1638948480 19.33 92.58 0 4.044
1638948540 19.33 92.31 0 4.044
1638948600 19.32 92.47 0 4.039
1638948660 19.32 92.56 0 4.044
1638948720 19.3 92.75 0 4.044
1638948780 19.29 92.48 0 4.044
1638948840 19.32 92.32 0 4.044
1638948900 19.3 92.19 0 4.044
1638948960 19.3 91.88 0 4.044
1638949020 19.3 92.33 0 4.044
1638949080 19.32 92.5 0 4.044
1638949140 19.27 92.73 0 4.044
1638949200 19.25 92.95 0 4.044
1638949260 19.23 92.93 0 4.044
1638949320 19.22 93.07 0 4.039
1638949380 19.19 93.27 0 4.044
1638949440 19.12 93.33 0 4.044
1638949500 19.12 93.58 0 4.044
1638949560 19.09 93.62 0 4.044
1638949620 19.06 93.96 0 4.044
1638949680 19.05 94.01 0 4.044
1638949740 19.09 94.04 0 4.044
1638949800 19.07 93.85 0 4.039
1638949860 19.05 93.79 0 4.039
1638946320 19.43 92.26 0 4.044
1638946380 19.46 92.12 0 4.044
1638946440 19.47 91.58 0 4.044
1638946500 19.56 91.21 0 4.044
1638946560 19.6 90.97 0 4.044
1638946620 19.58 90.62 0 4.044
1638946680 19.58 90.85 0 4.044
1638946740 19.56 90.95 0 4.044
1638946800 19.56 91.12 0 4.044
1638946860 19.49 91.1 0 4.044
1638946920 19.47 91.16 0 4.044
1638946980 19.46 91.34 0 4.044
1638947040 19.43 91.5 0 4.044
1638947100 19.43 91.42 0 4.033
1638947160 19.37 91.62 0 4.044
1638947220 19.37 91.65 0 4.044
1638947280 19.32 91.65 0 4.044
1638947340 19.29 91.74 0 4.044
1638947400 19.27 91.91 0 4.044
1638947460 19.29 92.2 0 4.044
1638947520 19.23 92.42 0 4.044
1638947580 19.27 92.76 0 4.044
1638947640 19.26 92.8 0 4.044
1638947700 19.26 92.87 0 4.044
1638947760 19.23 92.89 0 4.044
1638947820 19.17 92.94 0 4.044
1638947880 19.17 93.17 0 4.044
1638947940 19.17 93.2 0 4.044
1638948000 19.27 93.53 0 4.033
1638948060 19.32 93.03 0 4.044
1638948120 19.26 92.83 0 4.044
1638948180 19.27 93.12 0 4.044
1638948240 19.29 93.04 0 4.044
1638948300 19.25 93.01 0 4.044
1638948360 19.29 92.93 0 4.039
1638948420 19.34 93.21 0 4.044
1638948480 19.33 92.58 0 4.044
1638948540 19.33 92.31 0 4.044
1638948600 19.32 92.47 0 4.039
1638948660 19.32 92.56 0 4.044
1638948720 19.3 92.75 0 4.044
1638948780 19.29 92.48 0 4.044
1638948840 19.32 92.32 0 4.044
1638948900 19.3 92.19 0 4.044
1638948960 19.3 91.88 0 4.044
1638949020 19.3 92.33 0 4.044
1638949080 19.32 92.5 0 4.044
1638949140 19.27 92.73 0 4.044
1638949200 19.25 92.95 0 4.044
1638949260 19.23 92.93 0 4.044
1638949320 19.22 93.07 0 4.039
1638949380 19.19 93.27 0 4.044
1638949440 19.12 93.33 0 4.044
1638949500 19.12 93.58 0 4.044
1638949560 19.09 93.62 0 4.044
1638949620 19.06 93.96 0 4.044
1638949680 19.05 94.01 0 4.044
1638949740 19.09 94.04 0 4.044
1638949800 19.07 93.85 0 4.039
1638949860 19.05 93.79 0 4.039
1638946320 19.47 91.16 0 4.044
1638946380 19.46 91.34 0 4.044
1638946440 19.43 91.5 0 4.044
1638946500 19.43 91.42 0 4.033
1638946560 19.37 91.62 0 4.044
1638946620 19.37 91.65 0 4.044
1638946680 19.32 91.65 0 4.044
1638946740 19.29 91.74 0 4.044
1638946800 19.27 91.91 0 4.044
1638946860 19.29 92.2 0 4.044
1638946920 19.23 92.42 0 4.044
1638946980 19.27 92.76 0 4.044
1638947040 19.26 92.8 0 4.044
1638947100 19.26 92.87 0 4.044
1638947160 19.23 92.89 0 4.044
1638947220 19.17 92.94 0 4.044
1638947280 19.17 93.17 0 4.044
1638947340 19.17 93.2 0 4.044
1638947400 19.27 93.53 0 4.033
1638947460 19.32 93.03 0 4.044
1638947520 19.26 92.83 0 4.044
1638947580 19.27 93.12 0 4.044
1638947640 19.29 93.04 0 4.044
1638947700 19.25 93.01 0 4.044
1638947760 19.29 92.93 0 4.039
1638947820 19.34 93.21 0 4.044
1638947880 19.33 92.58 0 4.044
1638947940 19.33 92.31 0 4.044
1638948000 19.32 92.47 0 4.039
1638948060 19.32 92.56 0 4.044
1638948120 19.3 92.75 0 4.044
1638948180 19.29 92.48 0 4.044
1638948240 19.32 92.32 0 4.044
1638948300 19.3 92.19 0 4.044
1638948360 19.3 91.88 0 4.044
1638948420 19.3 92.33 0 4.044
1638948480 19.32 92.5 0 4.044
1638948540 19.27 92.73 0 4.044
1638948600 19.25 92.95 0 4.044
1638948660 19.23 92.93 0 4.044
1638948720 19.22 93.07 0 4.039
1638948780 19.19 93.27 0 4.044
1638948840 19.12 93.33 0 4.044
1638948900 19.12 93.58 0 4.044
1638948960 19.09 93.62 0 4.044
1638949020 19.06 93.96 0 4.044
1638949080 19.05 94.01 0 4.044
1638949140 19.09 94.04 0 4.044
1638949200 19.07 93.85 0 4.039
1638949260 19.05 93.79 0 4.039
1638949320 19.02 94.15 0 4.044
1638949380 19.02 94.28 0 4.044
1638949440 19.02 94.28 0 4.039
1638949500 19.01 94.37 0 4.044
1638949560 18.99 94.45 0 4.039
1638949620 18.96 94.38 0 4.044
1638949680 18.94 94.48 0 4.044
1638949740 18.92 94.35 0 4.044
1638949800 19.02 95.01 0 4.044
1638949860 18.99 94.37 0 4.039
1638949920 19.05 94.28 0 4.044
1638949980 19.09 94.16 0 4.039
1638950040 19.12 93.78 0 4.044
1638950100 19.12 93.91 0 4.039
1638950160 19.15 94.08 0 4.044
1638950220 19.19 94.29 0 4.039
1638950280 19.22 94.27 0 4.039
1638950340 19.27 94.1 0 4.044
1638950400 19.29 94.08 0 4.039
1638950460 19.26 93.96 0 4.039
1638950520 19.22 93.89 0 4.039
1638950580 19.23 93.98 0 4.044
1638950640 19.19 93.94 0 4.039
1638950700 19.19 94.01 0 4.044
1638950760 19.17 94.03 0 4.044
1638950820 19.17 93.98 0 4.039
1638950880 19.17 93.98 0 4.044
1638950940 19.19 94 0 4.039
1638951000 19.16 94 0 4.039
1638951060 19.1 93.86 0 4.039
1638951120 19.19 94.34 0 4.039
1638951180 19.25 94.52 0 4.039
1638951240 19.26 94.1 0 4.044
1638951300 19.25 93.94 0 4.044
1638951360 19.27 93.91 0 4.039
1638951420 19.29 94.01 0 4.044
1638951480 19.27 93.96 0 4.039
1638951540 19.29 93.93 0 4.039
1638951600 19.26 93.75 0 4.039
1638951660 19.25 93.71 0 4.039
1638951720 19.23 93.86 0 4.039
1638951780 19.29 93.86 0 4.039
1638951840 19.3 93.79 0 4.044
1638951900 19.27 93.53 0 4.039
1638951960 19.29 93.21 0 4.039
1638952020 19.32 92.92 0 4.039
1638952080 19.29 92.72 0 4.039
1638952140 19.27 92.72 0 4.039
1638952200 19.27 92.88 0 4.039
1638952260 19.33 93.23 0 4.039
1638952320 19.36 93.19 0 4.039
1638952380 19.38 93.01 0 4.039
1638952440 19.37 93.05 0 4.039
1638952500 19.37 93.29 0 4.039
1638952560 19.43 93.05 0 4.039
1638952680 19.4 93.12 0 4.039
1638952740 19.34 93.25 0 4.039
1638952800 19.36 93.32 0 4.039
1638952860 19.34 93.16 0 4.033
1638952920 19.4 93.24 0 4.039
1638952980 19.43 93.21 0 4.039
1638953040 19.46 93.15 0 4.039
1638953100 19.47 93.41 0 4.039
1638953160 19.49 92.84 0 4.039
1638953220 19.44 92.8 0 4.039
1638953280 19.44 92.92 0 4.039
1638953340 19.44 92.74 0 4.039
1638953400 19.46 92.71 0 4.039
1638953460 19.46 92.66 0 4.039
1638953520 19.49 92.84 0 4.039
1638953580 19.46 92.82 0 4.039
1638953640 19.44 93.15 0 4.039
1638953700 19.44 93.2 0 4.039
1638953760 19.44 93.25 0 4.028
1638953820 19.43 93.24 0 4.033
1638953880 19.46 93.31 0 4.033
1638953940 19.47 92.83 0 4.039
1638954000 19.47 92.73 0 4.039
1638954060 19.47 92.74 0 4.039
1638954120 19.53 92.73 0 4.033
1638954180 19.54 92.37 0 4.039
1638954240 19.54 92.29 0 4.039
1638954300 19.49 92.14 0 4.033
1638954360 19.44 92.43 0 4.039
1638954420 19.47 92.49 0 4.039
1638954480 19.4 92.49 0 4.039
1638954540 19.4 92.89 0 4.033
1638954600 19.41 92.84 0 4.039
1638954660 19.4 92.93 0 4.033
1638954720 19.32 93.18 0 4.033
1638954780 19.3 93.25 0 4.033
1638954840 19.32 93.25 0 4.033
1638954900 19.29 93.33 0 4.039
1638954960 19.27 93.33 0 4.033
1638955020 19.27 93.75 0 4.033
1638955080 19.32 93.68 0 4.033
1638955140 19.32 93.29 0 4.039
1638955200 19.29 93.16 0 4.033
1638955260 19.33 92.92 0 4.039
1638955320 19.33 92.89 0 4.033
1638955380 19.32 92.83 0 4.039
1638955440 19.26 92.95 0 4.039
1638955500 19.25 93.1 0 4.039
1638955560 19.22 93.17 0 4.033
1638955620 19.19 93.26 0 4.033
1638955680 19.2 93.59 0 4.039
1638955740 19.17 93.45 0 4.039
1638955800 19.15 93.22 0 4.039
1638955860 19.15 93.2 0 4.039
1638955920 19.16 93.15 0 4.039
1638955980 19.15 93.1 0 4.033
1638956040 19.15 93.08 0 4.039
1638956100 19.17 93.19 0 4.039
1638956160 19.16 93.42 0 4.039
1638956220 19.16 93.45 0 4.039
1638956280 19.1 93.52 0 4.039
1638956340 19.15 93.57 0 4.039
1638956400 19.2 93.61 0 4.039
1638956460 19.26 93.58 0 4.033
1638956520 19.3 93.67 0 4.039
1638956580 19.26 93.13 0 4.039
1638956640 19.3 92.86 0 4.033
1638956700 19.29 92.94 0 4.039
1638956760 19.27 92.86 0 4.033
1638956820 19.27 92.89 0 4.039
1638956880 19.29 92.93 0 4.033
1638956940 19.27 92.98 0 4.039
1638957000 19.27 92.97 0 4.039
1638957060 19.27 93.18 0 4.039
1638957120 19.25 93.52 0 4.039
1638957180 19.22 93.41 0 4.039
1638957240 19.17 93.52 0 4.039
1638957300 19.17 93.78 0 4.039
1638957360 19.13 93.82 0 4.033
1638957420 19.16 94.05 0 4.039
1638957480 19.13 93.95 0 4.033
1638957540 19.1 94.02 0 4.033
1638957600 19.1 94.11 0 4.033
1638957660 19.13 93.92 0 4.033
1638957720 19.07 93.94 0 4.033
1638957780 19.03 94.1 0 4.039
1638957840 19.09 94.35 0 4.039
1638957900 19.12 94.5 0 4.033
1638957960 19.12 94.48 0 4.039
1638958020 19.17 94.45 0 4.033
1638958080 19.15 94.43 0 4.039
1638958140 19.17 94.38 0 4.039
1638958200 19.2 94.19 0 4.039
1638958260 19.17 94 0 4.033
1638958320 19.27 94.12 0 4.033
1638958380 19.3 93.73 0 4.033
1638958440 19.29 93.66 0 4.039
1638958500 19.32 93.53 0 4.033
1638958560 19.33 93.19 0 4.033
1638958620 19.32 93.14 0 4.033
1638958680 19.23 92.84 0 4.033
1638958740 19.15 93.01 0 4.039
1638958800 19.06 93.04 0 4.039
1638958860 19.05 93.17 0 4.039
1638958920 19.01 93.26 0 4.033
1638958980 18.98 93.42 0 4.039
1638959040 18.94 93.65 0 4.039
1638959100 18.89 93.77 0 4.033
1638959160 18.86 93.86 0 4.033
1638959220 18.85 93.92 0 4.039
1638959280 18.79 93.97 0 4.033
1638959340 18.78 94.01 0 4.033
1638959400 18.72 94.16 0 4.033
1638959460 18.74 94.21 0 4.033
1638959520 18.69 94.3 0 4.033
1638959580 18.69 94.48 0 4.033
1638959640 18.65 94.45 0 4.039
1638959700 18.59 94.86 0 4.033
1638959760 18.65 95.35 0 4.039
1638959820 18.59 95.02 0 4.033
1638959880 18.62 95.44 0 4.033
1638959940 18.67 95.76 0 4.033
1638960000 18.68 95.56 0 4.033
1638960060 18.61 95.4 0 4.033
1638960120 18.62 95.44 0 4.039
1638960180 18.58 95.39 0 4.033
1638960240 18.58 95.39 0 4.033
1638960300 18.62 95.6 0 4.033
1638960360 18.65 95.69 0 4.033
1638960420 18.75 95.66 0 4.033
1638960480 18.76 95.4 0 4.033
1638960540 18.78 95.15 0 4.033
1638960600 18.75 94.95 0 4.033
1638960660 18.78 94.86 0 4.033
1638960720 18.79 94.85 0 4.033
1638960780 18.81 94.69 0 4.039
1638960840 18.79 94.63 0 4.033
1638960900 18.79 94.57 0 4.033
1638960960 18.78 94.61 0 4.033
1638961020 18.82 94.71 0 4.033
1638961080 18.81 94.57 0 4.033
1638961140 18.82 94.52 0 4.033
1638961200 18.78 94.27 0 4.033
1638961260 18.72 94.3 0 4.033
1638961320 18.71 94.44 0 4.033
1638961380 18.65 94.47 0 4.033
1638961440 18.72 94.7 0 4.033
1638961500 18.68 94.41 0 4.033
1638961560 18.64 94.5 0 4.039
1638961620 18.61 94.51 0 4.033
1638961680 18.57 94.48 0 4.033
1638961740 18.5 94.52 0 4.033
1638961800 18.47 94.73 0 4.039
1638961860 18.5 94.99 0 4.033
1638961920 18.51 94.91 0 4.033
1638961980 18.44 95.01 4 4.039
1638962040 18.41 95.07 4 4.033
1638962100 18.44 95.61 4 4.039
1638962160 18.51 95.82 4 4.033
1638962220 18.55 95.99 4 4.033
1638962280 18.55 95.84 4 4.033
1638962340 18.58 95.99 4 4.033
1638962400 18.57 96.02 4 4.033
1638962460 18.55 95.98 4 4.033
1638962520 18.57 95.95 4 4.033
1638962580 18.57 95.98 4 4.033
1638962640 18.57 95.84 4 4.033
1638962700 18.55 95.83 4 4.033
1638962760 18.52 95.83 10 4.033
1638962820 18.52 95.75 10 4.033
1638962880 18.51 95.76 10 4.033
1638962940 18.52 95.93 16 4.033
1638963000 18.52 95.79 16 4.033
1638963060 18.54 95.84 16 4.039
1638963120 18.58 95.59 22 4.033
1638963180 18.55 95.69 22 4.033
1638963240 18.61 95.46 22 4.033
1638963300 18.59 95.4 28 4.039
1638963360 18.61 95.45 28 4.033
1638963420 18.61 95.5 28 4.033
1638963480 18.64 95.5 34 4.033
1638963540 18.67 95.4 34 4.033
1638963600 18.68 95.38 34 4.033
1638963660 18.69 95.39 40 4.033
1638963720 18.72 95.24 40 4.033
1638963780 18.79 95.19 40 4.033
1638963840 18.85 95.03 40 4.033
1638963900 18.96 94.64 40 4.033
1638963960 19.02 93.96 40 4.033
1638964020 19.03 93.48 46 4.033
1638964080 19.07 93.5 46 4.033
1638964140 19.15 93.43 46 4.033
1638964200 19.19 93.37 46 4.033
1638964260 19.2 93.26 46 4.033
1638964320 19.23 92.96 46 4.033
1638964380 19.43 92.87 64 4.033
1638964440 19.47 92.78 64 4.033
1638964500 19.46 92.54 70 4.033
1638964560 19.44 92.24 70 4.033
1638964620 19.46 92.2 70 4.033
1638964680 19.5 92.01 70 4.033
1638964740 19.52 91.83 70 4.033
1638964800 19.57 91.69 76 4.033
1638964860 19.58 91.11 76 4.033
1638964920 19.61 90.99 76 4.033
1638964980 19.7 91.3 82 4.033
1638965040 19.81 91.23 82 4.033
1638965100 19.77 90.63 88 4.033
1638965160 19.85 90.62 94 4.033
1638965220 19.88 89.96 99 4.033
1638965280 19.94 89.73 105 4.033
1638965340 19.96 89.24 111 4.033
1638965400 19.99 88.84 117 4.033
1638965460 20.07 88.86 117 4.033
1638965520 20.11 88.83 117 4.033
1638965580 20.15 88.01 117 4.033
1638965640 20.16 87.57 117 4.033
1638965700 20.18 87.39 111 4.033
1638965760 20.21 87.42 105 4.039
1638965820 20.28 87.08 105 4.033
1638965880 20.35 87.16 99 4.033
1638965940 20.44 87.71 94 4.033
1638966000 20.49 87.6 111 4.033
1638966060 20.56 87.3 105 4.033
1638966120 20.69 87.2 88 4.033
1638966180 20.66 85.97 183 4.033
1638966240 20.67 85.84 212 4.033
1638966300 20.79 85.24 218 4.039
1638966360 20.91 85.31 224 4.033
1638966420 20.97 84.35 230 4.033
1638966480 21.15 83.92 230 4.039
1638966540 21.37 83.61 236 4.039
1638966600 21.45 83.57 236 4.039
1638966660 21.68 84.73 242 4.039
1638966720 21.97 82.44 242 4.039
1638966780 22.33 81.12 248 4.039
1638966840 22.4 80.37 254 4.039
1638966900 22.3 78.24 260 4.039
1638966960 22.27 79.91 266 4.039
1638967020 22.45 78.9 272 4.039
1638967080 22.64 79.5 272 4.039
1638967140 22.68 78.73 284 4.039
1638967200 22.91 78.04 284 4.039
1638967260 23.08 77.87 290 4.039
1638967320 23.39 76.94 296 4.039
1638967380 23.56 76.32 296 4.044
1638967440 23.64 76.14 296 4.039
1638967500 23.92 74.71 296 4.044
1638967560 24.25 73.75 302 4.039
1638967620 24.38 73.93 314 4.044
1638967680 24.59 73.05 314 4.044
1638967740 24.65 72.28 320 4.044
1638967800 24.65 72.12 325 4.039
1638967860 24.9 71.51 332 4.044
1638967920 24.98 68.98 332 4.044
1638967980 24.7 70.36 332 4.044
1638968040 24.86 68.92 338 4.044
1638968100 24.97 68.45 338 4.044
1638968160 25 68.74 350 4.044
1638968220 25.35 67.14 332 4.044
1638968280 25.39 63.78 355 4.044
1638968340 25.65 64.64 361 4.044
1638968400 25.82 62.81 367 4.044
1638968460 26.26 62.61 367 4.044
1638968520 26.35 62.85 379 4.044
1638968580 26.28 62.23 385 4.044
1638968640 26.33 63.2 391 4.044
1638968700 26.47 62.5 397 4.044
1638968760 26.37 62.9 397 4.044
1638968820 26.58 61.53 397 4.049
1638968880 26.44 60.52 403 4.044
1638968940 26.67 59.89 409 4.049
1638969000 26.48 61.18 415 4.049
1638969060 26.26 61.65 415 4.049
1638969120 26.44 61.76 421 4.049
1638969180 26.4 61.16 427 4.049
1638969240 26.14 62.89 433 4.049
1638969300 25.56 62.75 433 4.049
1638969360 25.38 63.75 439 4.049
1638969420 25.42 64.24 439 4.049
1638969480 25.75 64.84 445 4.055
1638969540 25.9 63.41 451 4.049
1638969600 25.96 63.35 457 4.049
1638969660 26.14 63.62 463 4.055
1638969720 26.3 62.24 468 4.039
1638969780 26.41 63.39 474 4.044
1638969840 26.65 61.56 474 4.039
1638969900 26.65 61.35 480 4.039
1638969960 26.67 62.18 481 4.049
1638970020 26.98 61.11 487 4.049
1638970080 27.03 60.82 493 4.049
1638970140 26.79 61.49 493 4.049
1638970200 26.91 61.75 499 4.055
1638970260 26.93 61.18 505 4.049
1638970320 27.06 60.28 505 4.055
1638970380 27.25 59.63 512 4.055
1638970440 27.46 59.57 518 4.06
1638970500 27.43 59.85 524 4.055
1638970560 27.2 59.65 530 4.055
1638970620 27.19 60.28 530 4.055
1638970680 27.17 60.31 536 4.055
1638970740 26.99 58.94 542 4.055
1638970800 27.05 59.83 548 4.06
1638970860 27.28 60.03 554 4.055
1638970920 27.54 58.2 560 4.055
1638970980 27.7 58.55 566 4.06
1638971040 27.83 57.85 572 4.06
1638971100 27.7 57.83 578 4.06
1638971160 27.63 59.01 584 4.065
1638971220 27.53 59.65 584 4.06
1638971280 27.34 60.61 578 4.065
1638971340 27.05 60.52 579 4.06
1638971400 27.2 60.15 572 4.06
1638971460 27.37 60.3 585 4.06
1638971520 27.53 59.24 585 4.06
1638971580 27.74 58.73 579 4.06
1638971640 27.81 57.61 585 4.06
1638971700 27.94 56.69 585 4.065
1638971760 28.41 56.52 591 4.065
1638971820 28.62 55.33 591 4.06
1638971880 28.56 57.18 596 4.065
1638971940 28.25 56.28 602 4.065
1638972000 28.02 56.72 591 4.065
1638972060 27.81 57.03 591 4.065
1638972120 27.78 57.26 615 4.071
1638972180 27.97 57.57 609 4.071
1638972240 28.23 57.87 603 4.071
1638972300 28.43 56.17 596 4.065
1638972360 28.69 56.35 615 4.071
1638972420 28.98 54.51 633 4.071
1638972480 29 55.17 627 4.071
1638972540 28.89 54.04 633 4.071
1638972600 29 54.18 652 4.071
1638972660 29.2 53.71 664 4.071
1638972720 29.04 53.77 670 4.071
1638972780 28.97 53.84 682 4.071
1638972840 28.89 54.59 694 4.076
1638972900 28.92 54.02 700 4.076
1638972960 29.13 54.52 700 4.082
1638973020 28.9 54.11 694 4.076
1638973080 29.21 53.97 688 4.076
1638973140 29.26 53.59 697 4.06
1638973200 29.25 53.71 691 4.055
1638973260 29.45 54.79 685 4.06
1638973320 29.63 53.29 691 4.055
1638973380 29.28 54.38 709 4.055
1638973440 29.21 53.2 703 4.055
1638973500 28.9 55.39 709 4.055
1638973560 29.05 55.13 715 4.049
1638973620 29.52 53.61 709 4.055
1638973680 29.69 52.05 719 4.049
1638973740 29.65 52.91 725 4.049
1638973800 29.77 52.59 727 4.055
1638973860 29.92 52.23 733 4.055
1638973920 30.06 50.19 739 4.055
1638973980 30.07 50.67 743 4.049
1638974040 29.92 51.57 749 4.055
1638974100 29.99 50.3 743 4.049
1638974160 29.93 50.61 743 4.049
1638974220 29.38 52.96 761 4.055
1638974280 31.03 47.44 826 4.049
1638974340 31.41 45.49 832 4.049
1638974400 31.48 46.86 832 4.049
1638974460 31.6 45.07 855 4.044
1638974520 31.57 46.44 861 4.044
1638974580 31.76 45.68 868 4.049
1638974640 31.9 46.73 874 4.044
1638974700 31.81 47.28 873 4.049
1638974760 32.15 45.72 874 4.049
1638974820 31.92 46.99 874 4.044
1638974880 31.74 48.19 879 4.049
1638974940 32.19 45.34 885 4.044
1638975000 32.36 46.16 886 4.049
1638975060 32.04 46.35 892 4.044
1638975120 32.15 45.24 897 4.044
1638975180 32.36 44.13 891 4.044
1638975240 32.35 44.96 899 4.049
1638975300 31.7 45.33 892 4.044
1638975360 31.22 46.54 870 4.039
1638975420 31.7 46.21 891 4.044
1638975480 31.81 46.23 891 4.044
1638975540 32.1 45.49 891 4.044
1638975600 32.32 45.43 915 4.044
1638975660 32.46 46.92 909 4.044
1638975720 32.59 46.82 903 4.044
1638975780 32.31 46.3 903 4.044
1638975840 32.41 44.14 927 4.044
1638975900 32.22 44.64 921 4.044
1638975960 32.31 43.93 927 4.049
1638976020 32.18 45.76 915 4.044
1638974280 31.03 47.44 826 4.049
1638974340 31.41 45.49 832 4.049
1638974400 31.48 46.86 832 4.049
1638974460 31.6 45.07 855 4.044
1638974520 31.57 46.44 861 4.044
1638974580 31.76 45.68 868 4.049
1638974640 31.9 46.73 874 4.044
1638974700 31.81 47.28 873 4.049
1638974760 32.15 45.72 874 4.049
1638974820 31.92 46.99 874 4.044
1638974880 31.74 48.19 879 4.049
1638974940 32.19 45.34 885 4.044
1638975000 32.36 46.16 886 4.049
1638975060 32.04 46.35 892 4.044
1638975120 32.15 45.24 897 4.044
1638975180 32.36 44.13 891 4.044
1638975240 32.35 44.96 899 4.049
1638975300 31.7 45.33 892 4.044
1638975360 31.22 46.54 870 4.039
1638975420 31.7 46.21 891 4.044
1638975480 31.81 46.23 891 4.044
1638975540 32.1 45.49 891 4.044
1638975600 32.32 45.43 915 4.044
1638975660 32.46 46.92 909 4.044
1638975720 32.59 46.82 903 4.044
1638975780 32.31 46.3 903 4.044
1638975840 32.41 44.14 927 4.044
1638975900 32.22 44.64 921 4.044
1638975960 32.31 43.93 927 4.049
1638976020 32.18 45.76 915 4.044
1638974280 31.03 47.44 826 4.049
1638974340 31.41 45.49 832 4.049
1638974400 31.48 46.86 832 4.049
1638974460 31.6 45.07 855 4.044
1638974520 31.57 46.44 861 4.044
1638974580 31.76 45.68 868 4.049
1638974640 31.9 46.73 874 4.044
1638974700 31.81 47.28 873 4.049
1638974760 32.15 45.72 874 4.049
1638974820 31.92 46.99 874 4.044
1638974880 31.74 48.19 879 4.049
1638974940 32.19 45.34 885 4.044
1638975000 32.36 46.16 886 4.049
1638975060 32.04 46.35 892 4.044
1638975120 32.15 45.24 897 4.044
1638975180 32.36 44.13 891 4.044
1638975240 32.35 44.96 899 4.049
1638975300 31.7 45.33 892 4.044
1638975360 31.22 46.54 870 4.039
1638975420 31.7 46.21 891 4.044
1638975480 31.81 46.23 891 4.044
1638975540 32.1 45.49 891 4.044
1638975600 32.32 45.43 915 4.044
1638975660 32.46 46.92 909 4.044
1638975720 32.59 46.82 903 4.044
1638975780 32.31 46.3 903 4.044
1638975840 32.41 44.14 927 4.044
1638975900 32.22 44.64 921 4.044
1638975960 32.31 43.93 927 4.049
1638976020 32.18 45.76 915 4.044
1638974280 32.22 44.44 927 4.044
1638974340 32.36 44.3 938 4.044
1638974400 32.45 43.98 950 4.044
1638974460 31.83 44.43 956 4.039
1638974520 31.57 44.41 962 4.044
1638974580 31.77 44.57 944 4.044
1638974640 32.24 41.82 968 4.044
1638974700 32.36 42.38 968 4.044
1638974760 32.48 42.27 962 4.044
1638974820 32.94 41.66 980 4.044
1638974880 32.05 40.46 998 4.044
1638974940 32.26 39.23 1004 4.044
1638975000 31.88 41.03 1010 4.044
1638975060 32.08 41.57 998 4.044
1638975120 32.73 40.4 998 4.044
1638975180 32.12 42.25 1004 4.044
1638975240 31.56 43.53 1010 4.044
1638975300 31.32 44.45 1016 4.044
1638975360 27.2 59.65 530 4.055
1638975420 27.19 60.28 530 4.055
1638975480 27.17 60.31 536 4.055
1638975540 26.99 58.94 542 4.055
1638975600 27.05 59.83 548 4.06
1638975660 27.28 60.03 554 4.055
1638975720 27.54 58.2 560 4.055
1638975780 27.7 58.55 566 4.06
1638975840 27.83 57.85 572 4.06
1638975900 27.7 57.83 578 4.06
1638975960 27.63 59.01 584 4.065
1638976020 27.53 59.65 584 4.06
1638976080 27.34 60.61 578 4.065
1638976140 27.05 60.52 579 4.06
1638976200 27.2 60.15 572 4.06
1638976260 27.37 60.3 585 4.06
1638976320 27.53 59.24 585 4.06
1638976380 27.74 58.73 579 4.06
1638976440 27.81 57.61 585 4.06
1638976500 27.94 56.69 585 4.065
1638976560 28.41 56.52 591 4.065
1638976620 28.62 55.33 591 4.06
1638976680 28.56 57.18 596 4.065
1638976740 28.25 56.28 602 4.065
1638976800 28.02 56.72 591 4.065
1638976860 27.81 57.03 591 4.065
1638976920 27.78 57.26 615 4.071
1638976980 27.97 57.57 609 4.071
1638977040 28.23 57.87 603 4.071
1638977100 28.43 56.17 596 4.065
1638977160 28.69 56.35 615 4.071
1638977220 28.98 54.51 633 4.071
1638977280 29 55.17 627 4.071
1638977340 28.89 54.04 633 4.071
1638977400 29 54.18 652 4.071
1638977460 29.2 53.71 664 4.071
1638977520 29.04 53.77 670 4.071
1638977580 28.97 53.84 682 4.071
1638977640 28.89 54.59 694 4.076
1638977700 28.92 54.02 700 4.076
1638977760 29.13 54.52 700 4.082
1638977820 28.9 54.11 694 4.076
1638977880 29.21 53.97 688 4.076
1638977940 29.26 53.59 697 4.06
1638978000 29.25 53.71 691 4.055
1638978060 29.45 54.79 685 4.06
1638978120 29.63 53.29 691 4.055
1638978180 29.28 54.38 709 4.055
1638978240 29.21 53.2 703 4.055
1638978300 28.9 55.39 709 4.055
1638978360 29.05 55.13 715 4.049
1638978420 29.52 53.61 709 4.055
1638978480 29.69 52.05 719 4.049
1638978540 29.65 52.91 725 4.049
1638978600 29.77 52.59 727 4.055
1638978660 29.92 52.23 733 4.055
1638978720 30.06 50.19 739 4.055
1638978780 30.07 50.67 743 4.049
1638978840 29.92 51.57 749 4.055
1638978900 29.99 50.3 743 4.049
1638978960 29.93 50.61 743 4.049
1638979020 29.38 52.96 761 4.055
1638979080 29.96 51.59 768 4.049
1638979140 30.27 49.62 774 4.049
1638979200 30.64 49.59 778 4.049
1638979260 30.68 48.6 784 4.049
1638979320 30.57 48.95 796 4.049
1638979380 30.64 48.1 796 4.049
1638979440 29.99 48.93 802 4.049
1638979500 29.79 50.2 796 4.049
1638979560 29.89 50.39 802 4.049
1638979620 29.34 50.15 802 4.049
1638979680 29.13 51.53 802 4.049
1638979740 29.65 49.64 808 4.049
1638979800 30.23 48.61 820 4.049
1638979860 30.86 47.15 814 4.049
1638979920 30.9 47.71 826 4.049
1638979980 31.03 47.44 826 4.049
1638980040 31.41 45.49 832 4.049
1638980100 31.48 46.86 832 4.049
1638980160 31.6 45.07 855 4.044
1638980220 31.57 46.44 861 4.044
1638980280 31.76 45.68 868 4.049
1638980340 31.9 46.73 874 4.044
1638980400 31.81 47.28 873 4.049
1638980460 32.15 45.72 874 4.049
1638980520 31.92 46.99 874 4.044
1638980580 31.74 48.19 879 4.049
1638980640 32.19 45.34 885 4.044
1638980700 32.36 46.16 886 4.049
1638980760 32.04 46.35 892 4.044
1638980820 32.15 45.24 897 4.044
1638980880 32.36 44.13 891 4.044
1638980940 32.35 44.96 899 4.049
1638981000 31.7 45.33 892 4.044
1638981060 31.22 46.54 870 4.039
1638981120 31.7 46.21 891 4.044
1638981180 31.81 46.23 891 4.044
1638981240 32.1 45.49 891 4.044
1638981300 32.32 45.43 915 4.044
1638981360 32.46 46.92 909 4.044
1638981420 32.59 46.82 903 4.044
1638981480 32.31 46.3 903 4.044
1638981540 32.41 44.14 927 4.044
1638981600 32.22 44.64 921 4.044
1638981660 32.31 43.93 927 4.049
1638981720 32.18 45.76 915 4.044
1638981780 32.22 44.44 927 4.044
1638981840 32.36 44.3 938 4.044
1638981900 32.45 43.98 950 4.044
1638981960 31.83 44.43 956 4.039
1638982020 31.57 44.41 962 4.044
1638982080 31.77 44.57 944 4.044
1638982140 32.24 41.82 968 4.044
1638982200 32.36 42.38 968 4.044
1638982260 32.48 42.27 962 4.044
1638982320 32.94 41.66 980 4.044
1638982380 32.05 40.46 998 4.044
1638982440 32.26 39.23 1004 4.044
1638982500 31.88 41.03 1010 4.044
1638982560 32.08 41.57 998 4.044
1638982620 32.73 40.4 998 4.044
1638982680 32.12 42.25 1004 4.044
1638982740 31.56 43.53 1010 4.044
1638982800 31.32 44.45 1016 4.044
1638982860 31.29 44.93 1002 4.039
1638982920 30.65 47.08 1008 4.039
1638982980 30.4 46.79 996 4.044
1638983040 30.45 47.86 1014 4.044
1638983100 30.84 49.29 1022 4.044
1638983160 30.9 46.86 1021 4.044
1638983220 31.2 47.68 1022 4.044
1638983280 31.35 48.19 1014 4.039
1638983340 31.2 47.46 1004 4.044
1638983400 31.57 45 1002 4.044
1638983460 31.5 45.45 1016 4.044
1638983520 32.07 43.82 1034 4.044
1638983580 32.43 43.64 1039 4.044
1638983640 32.42 44.35 1039 4.044
1638983700 32.61 42.78 1046 4.044
1638983760 32.63 43.1 1039 4.039
1638983820 32.48 43.08 1008 4.039
1638983880 32.59 44.48 1046 4.039
1638983940 32.66 43.68 1039 4.039
1638984000 32.89 43.96 1034 4.039
1638984060 32.59 45.01 1033 4.039
1638984120 32.76 44.24 1045 4.044
1638984180 31.33 47.8 1034 4.039
1638984240 30.98 48.3 1002 4.039
1638984300 30.96 49.31 996 4.039
1638984360 31.12 49.17 1008 4.044
1638984420 31.18 49.54 996 4.044
1638984480 30.99 50.51 950 4.039
1638984540 30.64 50.04 990 4.044
1638984600 30.21 52.02 1033 4.039
1638984660 30.44 53.09 1031 4.039
1638984720 31.35 49.68 546 4.039
1638984780 31.76 48.06 990 4.039
1638984840 31.61 47.84 1021 4.039
1638984900 31.33 47.66 1027 4.039
1638984960 31.66 47.4 1051 4.039
1638985020 32.03 46.97 1057 4.039
1638984180 31.33 47.8 1034 4.039
1638984240 30.98 48.3 1002 4.039
1638984300 30.96 49.31 996 4.039
1638984360 31.12 49.17 1008 4.044
1638984420 31.18 49.54 996 4.044
1638984480 30.99 50.51 950 4.039
1638984540 30.64 50.04 990 4.044
1638984600 30.21 52.02 1033 4.039
1638984660 30.44 53.09 1031 4.039
1638984720 31.35 49.68 546 4.039
1638984780 31.76 48.06 990 4.039
1638984840 31.61 47.84 1021 4.039
1638984900 31.33 47.66 1027 4.039
1638984960 31.66 47.4 1051 4.039
1638985020 32.03 46.97 1057 4.039
1638985080 32.73 45.42 1045 4.039
1638985140 32.69 45.81 1057 4.039
1638985200 32.31 44.78 682 4.039
1638985260 32.35 45.07 1057 4.039
1638985320 32.31 47.77 1039 4.039
1638985380 32.34 44.46 1057 4.039
1638985440 31.97 45.59 1021 4.039
1638985500 31.9 45.57 1057 4.039
1638985560 32.38 44.68 1049 4.039
1638985620 33.13 44.13 1057 4.039
1638985680 33.14 44.3 1057 4.039
1638985740 33.32 44.53 1073 4.033
1638985800 33.32 40.79 1067 4.039
1638985860 32.74 42.2 1067 4.039
1638985920 32.1 42.71 1067 4.039
1638985980 32.42 42.46 1067 4.033
1638986040 32.66 43.45 1073 4.039
1638986100 32.41 45.94 1067 4.039
1638986160 32.26 43.96 1079 4.039
1638986220 32.18 43.33 1085 4.039
1638986280 32.36 43.84 1091 4.039
1638986340 32.41 43.16 1091 4.039
1638986400 31.74 44.15 1067 4.039
1638986460 31.53 45.54 1063 4.039
1638986520 31.27 45.92 1055 4.033
1638986580 31.48 44.52 1043 4.033
1638986640 31.02 44.67 1073 4.039
1638986700 31 45.01 1097 4.039
1638986760 30.71 44.79 1115 4.039
1638986820 30.79 45.24 403 4.039
1638986880 31.08 44.99 403 4.039
1638986940 30.79 45.17 1063 4.039
1638987000 31.08 44.53 1057 4.039
1638987060 31.32 45.26 1043 4.039
1638987120 31.71 44.22 1079 4.039
1638987180 31.87 42.56 1027 4.039
1638987240 32.49 43.64 1027 4.039
1638987300 32.43 42.51 1039 4.039
1638987360 32.83 42.18 1063 4.033
1638987420 33.41 39.32 1063 4.033
1638987480 33.54 38.84 1060 4.039
1638987540 33.52 39.64 1078 4.033
1638987600 34 37.92 1066 4.033
1638987660 34.07 37.97 1073 4.033
1638987720 33.79 37.22 1090 4.039
1638986880 31.08 44.99 403 4.039
1638986940 30.79 45.17 1063 4.039
1638987000 31.08 44.53 1057 4.039
1638987060 31.32 45.26 1043 4.039
1638987120 31.71 44.22 1079 4.039
1638987180 31.87 42.56 1027 4.039
1638987240 32.49 43.64 1027 4.039
1638987300 32.43 42.51 1039 4.039
1638987360 32.83 42.18 1063 4.033
1638987420 33.41 39.32 1063 4.033
1638987480 33.54 38.84 1060 4.039
1638987540 33.52 39.64 1078 4.033
1638987600 34 37.92 1066 4.033
1638987660 34.07 37.97 1073 4.033
1638987720 33.79 37.22 1090 4.039
1638987780 33.72 39.91 1114 4.033
1638987840 33.94 40.17 1121 4.039
1638987900 33.44 37.83 1108 4.033
1638987960 34.15 38.66 1114 4.033
1638988020 34.32 36.72 1090 4.033
1638988080 33.86 37.4 1109 4.033
1638988140 33.54 38.17 1108 4.039
1638988200 33.69 38.2 1090 4.039
1638988260 33.54 38.24 1090 4.033
1638988320 33.69 37.46 1102 4.033
1638988380 33.67 38.23 1108 4.033
1638988440 33.18 40.42 1108 4.033
1638988500 33.14 38.2 1132 4.033
1638988560 33.21 38.34 1179 4.033
1638988620 33 37.7 1185 4.033
1638988680 33.86 42.36 1145 4.076
1638988740 33.68 43.21 1136 4.049
1638988800 33.34 45.13 1124 4.049
1638988860 33.45 44.33 749 4.049
1638988920 32.91 46.32 837 4.044
1638988980 33.01 46.6 808 4.044
1638989040 32.89 46.17 962 4.044
1638989100 32.96 46.81 1135 4.044
1638989160 33.16 46 1182 4.044
1638989220 33.3 46.91 1200 4.044
1638989280 33.11 47.12 1147 4.044
1638989340 33.3 46.46 1111 4.044
1638989400 33.2 46.14 1093 4.044
1638989460 32.83 47.51 1040 4.044
1638989520 33.28 46.57 1016 4.044
1638989580 33.07 45.98 1028 4.044
1638989640 33.03 46.34 962 4.044
1638989700 33.1 46.37 938 4.044
1638989760 33.14 46.62 933 4.044
1638989820 33.18 47.01 909 4.044
1638989880 32.14 48.18 920 4.039
1638989940 32.14 48.69 926 4.039
1638990000 32.15 49.02 933 4.044
1638990060 32.52 48.07 933 4.039
1638990120 32.15 49.83 843 4.044
1638990180 31.64 49.27 853 4.039
1638990240 31.83 48.11 796 4.044
1638990300 31.09 51.23 784 4.044
1638990360 31.48 51.06 748 4.044
1638990420 30.9 50.46 712 4.044
1638990480 30.62 51.72 683 4.044
1638990540 30.68 50.78 695 4.044
1638990600 30.92 51.85 694 4.044
1638990660 31.18 50.76 689 4.039
1638990720 31.29 50.69 671 4.044
1638990780 30.95 49.71 715 4.055
1638990840 31.3 50.51 679 4.055
1638990900 31.73 49.44 668 4.06
1638990960 31.47 48.63 734 4.065
1638991020 31.47 48.16 746 4.065
1638991080 31.6 47.39 710 4.06
1638991140 31.51 47.29 686 4.065
1638991200 31.59 47.59 704 4.065
1638991260 31.54 47.12 662 4.065
1638991320 31.4 47.53 668 4.071
1638991440 31.41 48.32 674 4.071
1638991500 31.5 48.06 692 4.065
1638991560 30.58 50.76 674 4.065
1638991620 30.75 50.39 644 4.065
1638991680 30.99 50.13 615 4.071
1638991740 31.02 51.09 561 4.065
1638991800 30.86 50.89 525 4.06
1638991860 30.9 52.1 501 4.06
1638991920 30.79 52.11 495 4.065
1638991980 30.31 53.78 507 4.065
1638992040 29.92 55.67 501 4.065
1638992100 29.93 55.55 513 4.065
1638992160 30.1 55.73 525 4.065
1638992220 30.09 54.33 513 4.065
1638992280 30.1 55.08 513 4.071
1638992340 30 55.33 537 4.071
1638992400 30.14 54.58 555 4.065
1638992460 30.31 53.97 555 4.071
1638992520 30.3 53.78 567 4.071
1638992580 30.03 54.19 567 4.071
1638992640 30.11 53.75 567 4.065
1638992700 30.42 53.87 573 4.071
1638992760 29.99 53.72 597 4.071
1638992820 29.89 54.59 585 4.071
1638992880 30.16 54.18 597 4.071
1638992940 30.17 53.54 609 4.071
1638993000 30.21 53.69 640 4.071
1638993060 30.58 52.45 640 4.071
1638993120 30.79 49.72 664 4.076
1638993180 30.79 49.39 640 4.076
1638993240 30.67 53.11 641 4.076
1638993300 30.68 51.67 653 4.082
1638993360 30.71 51.71 611 4.082
1638993420 30.61 52.57 593 4.076
1638993480 30.11 52.96 617 4.082
1638993540 29.58 54.59 617 4.082
1638993600 29.52 54.75 617 4.082
1638993660 29.56 54.65 623 4.082
1638993720 29.68 53.97 629 4.082
1638993780 29.75 53.73 677 4.082
1638993840 29.86 51.7 629 4.082
1638993900 29.99 51.85 617 4.082
1638993960 30.16 52 593 4.082
1638994020 29.75 51.69 611 4.082
1638994080 29.36 53.93 605 4.082
1638994140 29.59 53.61 593 4.082
1638994200 29.69 54.67 581 4.082
1638994260 30.02 53.93 587 4.087
1638994320 30.2 53.52 606 4.087
1638994380 30.27 51.38 624 4.087
1638994440 30.54 51.61 608 4.065
1638994500 30.86 52.93 593 4.082
1638994560 30.61 52.23 587 4.082
1638994620 29.73 54.91 636 4.082
1638994680 29.49 56.03 611 4.082
1638994740 29.83 55.35 594 4.082
1638994800 30.13 55.01 641 4.082
1638994860 30.42 55.18 600 4.082
1638994920 30.14 54.57 647 4.087
1638994980 29.87 55.34 649 4.087
1638993240 30.67 53.11 641 4.076
1638993300 30.68 51.67 653 4.082
1638993360 30.71 51.71 611 4.082
1638993420 30.61 52.57 593 4.076
1638993480 30.11 52.96 617 4.082
1638993540 29.58 54.59 617 4.082
1638993600 29.52 54.75 617 4.082
1638993660 29.56 54.65 623 4.082
1638993720 29.68 53.97 629 4.082
1638993780 29.75 53.73 677 4.082
1638993840 29.86 51.7 629 4.082
1638993900 29.99 51.85 617 4.082
1638993960 30.16 52 593 4.082
1638994020 29.75 51.69 611 4.082
1638994080 29.36 53.93 605 4.082
1638994140 29.59 53.61 593 4.082
1638994200 29.69 54.67 581 4.082
1638994260 30.02 53.93 587 4.087
1638994320 30.2 53.52 606 4.087
1638994380 30.27 51.38 624 4.087
1638994440 30.54 51.61 608 4.065
1638994500 30.86 52.93 593 4.082
1638994560 30.61 52.23 587 4.082
1638994620 29.73 54.91 636 4.082
1638994680 29.49 56.03 611 4.082
1638994740 29.83 55.35 594 4.082
1638994800 30.13 55.01 641 4.082
1638994860 30.42 55.18 600 4.082
1638994920 30.14 54.57 647 4.087
1638994980 29.87 55.34 649 4.087
1638995040 29.58 56.21 661 4.087
1638995100 29.44 56.49 667 4.087
1638995160 29.01 56.87 649 4.087
1638995220 29.22 57.94 612 4.087
1638995280 29.59 56.31 644 4.055
1638995340 29.26 56.55 611 4.082
1638995400 28.94 57.69 611 4.087
1638995460 28.98 57.64 655 4.087
1638995520 28.76 58.17 661 4.087
1638995580 28.76 58.36 725 4.087
1638995640 29.31 57.61 733 4.092
1638995700 29.52 55.75 733 4.092
1638995760 30 56.26 727 4.092
1638995820 30.23 54.33 733 4.092
1638995880 29.92 55.09 751 4.092
1638995940 29.34 56.81 783 4.092
1638996000 29.42 57.63 795 4.098
1638996060 29.82 55.96 801 4.098
1638996120 29.77 54.95 846 4.076
1638996180 29.61 55.7 868 4.076
1638996240 29.77 55.62 897 4.076
1638996300 29.69 54.77 899 4.076
1638996360 29.86 54.99 905 4.076
1638996420 29.96 53.81 905 4.076
1638996480 30.51 53.34 915 4.076
1638996540 30.48 52.26 911 4.071
1638996600 30.89 52.48 814 4.076
1638996660 31.08 50.19 892 4.076
1638996720 30.35 51.74 868 4.076
1638996780 30.58 50.5 783 4.071
1638995940 29.34 56.81 783 4.092
1638996000 29.42 57.63 795 4.098
1638996060 29.82 55.96 801 4.098
1638996120 29.77 54.95 846 4.076
1638996180 29.61 55.7 868 4.076
1638996240 29.77 55.62 897 4.076
1638996300 29.69 54.77 899 4.076
1638996360 29.86 54.99 905 4.076
1638996420 29.96 53.81 905 4.076
1638996480 30.51 53.34 915 4.076
1638996540 30.48 52.26 911 4.071
1638996600 30.89 52.48 814 4.076
1638996660 31.08 50.19 892 4.076
1638996720 30.35 51.74 868 4.076
1638996780 30.58 50.5 783 4.071
1638996840 30.71 51.14 382 4.071
1638996900 30.67 51.59 784 4.071
1638996960 30.98 51.52 837 4.071
1638997020 31.02 50.92 819 4.076
1638997080 30.58 51.86 489 4.071
1638997140 29.79 53.7 795 4.071
1638997200 29.48 54.29 764 4.071
1638997260 29.52 54.65 771 4.071
1638997320 29.32 55.64 740 4.071
1638997380 29.15 56.05 746 4.071
1638997440 28.94 56.9 752 4.071
1638997500 29.04 57.77 724 4.071
1638997560 29.39 56.72 676 4.071
1638997620 29.51 57.2 670 4.071
1638997680 29.9 56.16 664 4.071
1638997740 30.13 54.46 633 4.071
1638997800 29.99 54.43 621 4.071
1638997860 30.02 55.13 621 4.071
1638997920 30.07 54.83 621 4.071
1638997980 30.26 54.59 633 4.071
1638998040 30.23 55.23 623 4.076
1638998100 30.72 53.69 635 4.076
1638998160 30.07 54 635 4.082
1638998220 29.59 55.73 647 4.082
1638998280 29.93 54.83 671 4.082
1638998340 30.17 54.43 653 4.087
1638998400 30.2 53.34 636 4.087
1638998460 30.42 54 667 4.087
1638998520 30.61 53.6 689 4.087
1638998580 30.64 52.82 701 4.087
1638998640 29.66 55.36 478 4.071
1638998700 29.68 54.87 448 4.071
1638998760 29.75 54.81 448 4.071
1638998820 29.69 54.48 454 4.076
1638998880 29.61 54.85 448 4.071
1638998940 29.63 55 418 4.071
1638999000 29.63 54.91 394 4.071
1638999060 29.47 55.85 364 4.071
1638999120 29.34 55.61 364 4.071
1638999180 28.78 55.98 352 4.071
1638999240 28.55 57.77 376 4.071
1638999300 28.63 58.06 388 4.071
1638999360 28.81 56.97 388 4.071
1638999420 28.89 56.85 388 4.076
1638999480 29.11 56.78 376 4.071
1638999540 29.32 56.49 376 4.071
1638999600 29.38 56.11 364 4.071
1638999660 29.34 55.63 358 4.071
1638999720 29.22 56.05 352 4.071
1638999780 29.31 54.8 316 4.071
1638999840 29.18 55.25 304 4.071
1638999900 28.89 55.66 310 4.076
1638999960 28.9 55.66 316 4.076
1639000020 28.78 56.6 316 4.076
1639000080 28.93 56.83 328 4.076
1639000140 28.83 56.7 328 4.076
1639000200 28.97 55.58 328 4.076
1639000260 28.96 55.79 322 4.076
1639000320 28.73 56.57 334 4.076
1639000380 28.92 55.84 334 4.065
1638998640 29.66 55.36 478 4.071
1638998700 29.68 54.87 448 4.071
1638998760 29.75 54.81 448 4.071
1638998820 29.69 54.48 454 4.076
1638998880 29.61 54.85 448 4.071
1638998940 29.63 55 418 4.071
1638999000 29.63 54.91 394 4.071
1638999060 29.47 55.85 364 4.071
1638999120 29.34 55.61 364 4.071
1638999180 28.78 55.98 352 4.071
1638999240 28.55 57.77 376 4.071
1638999300 28.63 58.06 388 4.071
1638999360 28.81 56.97 388 4.071
1638999420 28.89 56.85 388 4.076
1638999480 29.11 56.78 376 4.071
1638999540 29.32 56.49 376 4.071
1638999600 29.38 56.11 364 4.071
1638999660 29.34 55.63 358 4.071
1638999720 29.22 56.05 352 4.071
1638999780 29.31 54.8 316 4.071
1638999840 29.18 55.25 304 4.071
1638999900 28.89 55.66 310 4.076
1638999960 28.9 55.66 316 4.076
1639000020 28.78 56.6 316 4.076
1639000080 28.93 56.83 328 4.076
1639000140 28.83 56.7 328 4.076
1639000200 28.97 55.58 328 4.076
1639000260 28.96 55.79 322 4.076
1639000320 28.73 56.57 334 4.076
1639000380 28.92 55.84 334 4.065
1639000440 28.15 59.03 167 4.071
1639000500 28.08 57.57 173 4.071
1639000560 27.91 58.25 173 4.071
1639000620 27.87 58.49 167 4.071
1639000680 27.85 58.9 167 4.076
1639000740 27.84 59.09 173 4.071
1639000800 27.84 59.59 179 4.071
1639000860 27.53 59.34 167 4.076
1639000920 27.3 60.01 167 4.071
1639000980 27.23 60.43 173 4.071
1639001040 27.19 60.51 191 4.071
1639001100 27.36 60.23 197 4.071
1639001160 27.43 59.86 197 4.076
1639001220 27.47 59.75 197 4.076
1639001280 27.53 59.27 197 4.076
1639001340 27.7 58.58 203 4.071
1639001400 27.64 57.63 203 4.071
1639001460 27.59 57.89 203 4.071
1639001520 27.53 58.53 191 4.076
1639001580 27.56 57.73 179 4.071
1639001640 27.54 57.85 161 4.071
1639001700 27.51 58.12 137 4.076
1639001760 27.57 58.62 118 4.071
1639001820 27.49 58.07 112 4.071
1639001880 27.47 58.17 106 4.071
1639001940 27.23 59.41 106 4.071
1639002000 27.29 59.05 106 4.071
1639002060 27.37 58.85 112 4.071
1639002120 27.34 59.07 131 4.071
1639002180 27.36 58.98 124 4.071
1639002240 27.39 58.71 124 4.071
1639002300 27.33 58.52 124 4.071
1639002360 27.25 58.42 118 4.071
1639002420 27.23 58.87 112 4.076
1639002480 27.17 57.85 106 4.071
1639002540 27.14 58.59 100 4.071
1639002600 27.19 58.29 94 4.071
1639002660 27.12 58.38 88 4.071
1639002720 26.95 58.1 82 4.071
1639002780 26.95 58.48 76 4.071
1639002840 26.91 58.43 70 4.071
1639002900 26.72 58.86 70 4.071
1639002960 26.68 59.1 64 4.071
1639003020 26.71 59.06 64 4.071
1639003080 26.7 59.59 64 4.071
1639002240 27.39 58.71 124 4.071
1639002300 27.33 58.52 124 4.071
1639002360 27.25 58.42 118 4.071
1639002420 27.23 58.87 112 4.076
1639002480 27.17 57.85 106 4.071
1639002540 27.14 58.59 100 4.071
1639002600 27.19 58.29 94 4.071
1639002660 27.12 58.38 88 4.071
1639002720 26.95 58.1 82 4.071
1639002780 26.95 58.48 76 4.071
1639002840 26.91 58.43 70 4.071
1639002900 26.72 58.86 70 4.071
1639002960 26.68 59.1 64 4.071
1639003020 26.71 59.06 64 4.071
1639003080 26.7 59.59 64 4.071
1639003140 26.57 59.8 58 4.071
1639003200 26.54 60.03 58 4.071
1639003260 26.52 59.68 52 4.071
1639003320 26.52 59.86 52 4.071
1639003380 26.52 59.86 52 4.071
1639003440 26.54 59.93 46 4.065
1639003500 26.48 60.28 46 4.065
1639003560 26.48 60.69 40 4.071
1639003620 26.43 60 40 4.071
1639003680 26.41 60.59 34 4.065
1639003740 26.37 60.44 34 4.071
1639003800 26.34 60.64 28 4.071
1639003860 26.33 60.64 28 4.065
1639003920 26.24 60.97 28 4.071
1639003980 26.23 61.1 22 4.071
1639004040 26.17 60.52 22 4.071
1639004100 26.17 61.36 16 4.071
1639004160 26.08 61.53 16 4.071
1639004220 26.03 61.09 16 4.065
1639004280 26.03 61.14 10 4.065
1639004340 25.99 61.8 10 4.071
1639004400 25.93 61.65 10 4.071
1639004460 25.89 61.81 4 4.071
1639004520 25.85 62.13 4 4.071
1639004580 25.75 62.41 4 4.071
1639004640 25.77 62.19 4 4.071
1639004700 25.71 62.19 4 4.071
1639004760 25.71 62.4 4 4.065
1639004820 25.65 62.74 0 4.071
1639004880 25.59 63 0 4.071
1639004940 25.56 63.14 0 4.071
1639005000 25.52 63.36 0 4.071
1639005060 25.49 63.83 0 4.071
1639005120 25.46 63.96 0 4.071
1639005180 25.39 63.9 0 4.071
1639005240 25.35 64.55 0 4.06
1639005300 25.31 64.37 0 4.065
1639005360 25.29 64.6 0 4.065
1639005420 25.25 64.88 0 4.071
1639005480 25.25 64.95 0 4.071
1639005540 25.2 65.27 0 4.071
1639005600 25.14 65.38 0 4.071
1639005660 25.1 65.86 0 4.071
1639005720 25.08 65.98 0 4.071
1639005780 25.03 65.79 0 4.065
1639005840 25.03 65.84 0 4.071
1639005900 25.04 66.29 0 4.071
1639005960 24.97 66.61 0 4.065
1639006020 24.97 66.64 0 4.071
1639006080 24.9 67.03 0 4.071
1639006140 24.9 67.52 0 4.065
1639006200 24.9 67.35 0 4.065
1639006260 24.88 67.6 0 4.065
1639006320 24.83 68.14 0 4.065
1639006380 24.81 68.34 0 4.071
1639006440 24.83 68.74 0 4.065
1639006500 24.91 68.18 0 4.071
1639006560 24.93 68.09 0 4.065
1639006620 24.95 67.98 0 4.071
1639006680 25 68.28 0 4.065
1639006740 24.88 68.5 0 4.065
1639006800 24.84 69.21 0 4.065
1639006860 24.8 68.86 0 4.065
1639006920 24.78 69.03 0 4.071
1639006980 24.76 69.15 0 4.065
1639007040 24.78 69.22 0 4.065
1639007100 24.84 69.01 0 4.065
1639007160 24.86 69.03 0 4.065
1639007220 24.87 69.29 0 4.071
1639007280 24.86 69.19 0 4.065
1639007340 24.88 69.09 0 4.065
1639007400 24.9 69.17 0 4.071
1639007460 24.86 69.22 0 4.065
1639007520 24.83 69.26 0 4.065
1639007580 24.74 69.83 0 4.065
1639006740 24.88 68.5 0 4.065
1639006800 24.84 69.21 0 4.065
1639006860 24.8 68.86 0 4.065
1639006920 24.78 69.03 0 4.071
1639006980 24.76 69.15 0 4.065
1639007040 24.78 69.22 0 4.065
1639007100 24.84 69.01 0 4.065
1639007160 24.86 69.03 0 4.065
1639007220 24.87 69.29 0 4.071
1639007280 24.86 69.19 0 4.065
1639007340 24.88 69.09 0 4.065
1639007400 24.9 69.17 0 4.071
1639007460 24.86 69.22 0 4.065
1639007520 24.83 69.26 0 4.065
1639007580 24.74 69.83 0 4.065
1639007640 24.69 70.43 0 4.065
1639007700 24.62 71.02 0 4.065
1639007760 24.48 71.58 0 4.065
1639007820 24.42 71.88 0 4.065
1639007880 24.42 72.06 0 4.065
1639007940 24.35 72.45 0 4.065
1639008000 24.25 72.37 0 4.065
1639008060 24.18 73.28 0 4.065
1639008120 24.09 73.38 0 4.065
1639008180 24.01 72.87 0 4.065
1639008240 24 73.49 0 4.065
1639008300 24.01 73.5 0 4.065
1639008360 24.07 73.42 0 4.065
1639008420 24.11 73.77 0 4.065
1639008480 24.02 74.27 0 4.065
1639008540 24.04 73.81 0 4.071
1639008600 24.07 73.89 0 4.065
1639008660 24.05 74.21 0 4.065
1639008720 24.11 74.16 0 4.065
1639008780 24.09 74.25 0 4.065
1639008840 24.04 74.67 0 4.065
1639008900 24.01 74.96 0 4.065
1639008960 23.97 75.18 0 4.065
1639009020 23.92 75.23 0 4.065
1639009080 23.97 75.12 0 4.065
1639009140 23.97 75.02 0 4.065
1639009200 23.95 75.42 0 4.065
1639009260 23.92 75.62 0 4.065
1639009320 23.87 75.21 0 4.065
1639009380 23.77 75.29 0 4.065
1639009440 23.68 75.5 0 4.065
1639009500 23.65 75.7 0 4.065
1639009560 23.6 76.01 0 4.065
1639009620 23.53 76.43 0 4.065
1639009680 23.5 76.59 0 4.065
1639009740 23.46 77.02 0 4.065
1639009800 23.4 77.2 0 4.065
1639009860 23.42 77.7 0 4.065
1639009920 23.42 77.65 0 4.065
1639009980 23.4 77.83 0 4.065
1639010040 23.39 77.68 0 4.065
1639010100 23.36 78.06 0 4.065
1639010160 23.43 78.48 0 4.065
1639010220 23.43 78.51 0 4.065
1639010280 23.37 79.04 0 4.065
1639010340 23.3 79.16 0 4.065
1639010400 23.29 79.11 0 4.065
1639010460 23.27 79.18 0 4.071
1639010520 23.29 79.58 0 4.065
1639010580 23.22 79.54 0 4.065
1639010640 23.2 79.75 0 4.065
1639010700 23.17 80 0 4.065
1639010760 23.1 79.78 0 4.065
1639010820 23.08 80.33 0 4.065
1639010880 23.1 80.45 0 4.065
1639010940 23.09 80.4 0 4.065
1639011000 23.09 80.46 0 4.065
1639011060 23.08 80.46 0 4.065
1639011120 23.05 80.71 0 4.065
1639011180 23.03 80.94 0 4.065
1639011240 23.01 81.22 0 4.065
1639011300 22.98 81.53 0 4.065
1639011360 22.98 81.42 0 4.065
1639011420 23.03 81.19 0 4.065
1639011480 23.09 81.03 0 4.065
1639011540 23.14 80.92 0 4.065
1639011600 23.09 80.96 0 4.065
1639011660 23.08 81.06 0 4.065
1639011720 23.05 80.99 0 4.065
1639011780 23.01 81.4 0 4.065
1639011840 22.92 81.63 0 4.065
1639011900 22.92 81.96 0 4.06
1639011960 22.86 81.72 0 4.065
1639012020 22.84 81.57 0 4.065
1639012080 22.81 82.16 0 4.065
1639012140 22.76 82.1 0 4.065
1639012200 22.79 82.01 0 4.065
1639012260 22.75 82.11 0 4.065
1639012320 22.76 82.04 0 4.065
1639012380 22.75 81.32 0 4.06
1639012440 22.79 80.85 0 4.065
1639012500 22.84 79.82 0 4.065
1639012560 22.85 79.37 0 4.065
1639012620 22.85 79.4 0 4.06
1639012680 22.86 80.22 0 4.06
1639012740 22.82 81.03 0 4.065
1639012800 22.75 81.66 0 4.065
1639012860 22.69 82.25 0 4.06
1639012920 22.69 82.61 0 4.065
1639012980 22.64 82.63 0 4.065
1639013040 22.61 82.88 0 4.065
1639013100 22.57 83.11 0 4.065
1639013160 22.51 83.19 0 4.065
1639013220 22.48 83.43 0 4.065
1639013280 22.44 83.33 0 4.06
1639013340 22.43 82.62 0 4.065
1639013400 22.44 80.94 0 4.065
1639013460 22.47 81.24 0 4.065
1639013520 22.47 82.57 0 4.065
1639013580 22.37 83.32 0 4.065
1639013640 22.28 83.9 0 4.065
1639013700 22.21 84.17 0 4.065
1639013760 22.18 84.37 0 4.06
1639013820 22.14 84.54 0 4.065
1639013880 22.1 84.92 0 4.065
1639013940 22.13 84.78 0 4.065
1639014000 22.11 84.73 0 4.065
1639014060 22.04 85.04 0 4.065
1639014120 22.01 85.19 0 4.065
1639014180 22.01 85.32 0 4.06
1639014240 22.01 85.13 0 4.055
1639014300 21.97 85.05 0 4.06
1639014360 21.96 85.26 0 4.06
1639014420 21.95 85.34 0 4.06
1639014480 21.9 85.09 0 4.06
1639014540 21.86 85.13 0 4.06
1639014600 21.82 85.34 0 4.065
1639014660 21.82 85.5 0 4.065
1639014720 21.8 85.83 0 4.065
1639014780 21.76 86 0 4.06
1639014840 21.72 85.89 0 4.065
1639014900 21.71 86.06 0 4.06
1639014960 21.72 85.79 0 4.06
1639015020 21.68 84.87 0 4.06
1639015080 21.75 85.21 0 4.06
1639015140 21.75 85.46 0 4.06
1639015200 21.73 85.89 0 4.06
1639015260 21.69 85.89 0 4.06
1639015320 21.65 85.89 0 4.06
1639015380 21.62 86.16 0 4.06
1639015440 21.62 86.08 0 4.06
1639015500 21.6 85.9 0 4.06
1639015560 21.59 85.98 0 4.06
1639015620 21.56 86.23 0 4.06
1639015680 21.49 86.09 0 4.06
1639015740 21.53 86.34 0 4.06
1639015800 21.65 85.87 0 4.065
1639015860 21.73 85.08 0 4.065
1639015920 21.8 85.18 0 4.065
1639015980 21.82 85.22 0 4.065
1639016040 21.8 84.85 0 4.06
1639016100 21.8 84.76 0 4.06
1639016160 21.8 82.95 0 4.06
1639016220 21.85 82.59 0 4.06
1639016280 21.92 80.39 0 4.06
1639016340 21.95 79.98 0 4.06
1639016400 21.96 80.15 0 4.06
1639016460 21.95 80.95 0 4.06
1639016520 21.95 83.15 0 4.065
1639016580 21.8 83.89 0 4.06
1639016640 21.77 84.35 0 4.06
1639016700 21.83 84.58 0 4.06
1639016760 21.73 85.13 0 4.06
1639016820 21.71 85.47 0 4.065
1639016880 21.6 85.16 0 4.06
1639016940 21.56 84.81 0 4.06
1639017000 21.58 84.19 0 4.06
1639017060 21.53 84.74 0 4.06
1639017120 21.52 85.19 0 4.065
1639017180 21.48 85.21 0 4.06
1639017240 21.44 85.65 0 4.06
1639017300 21.41 85.99 0 4.06
1639017360 21.35 86.04 0 4.065
1639017420 21.31 86.51 0 4.06
1639017480 21.29 86.71 0 4.065
1639017540 21.28 86.58 0 4.06
1639017600 21.24 86 0 4.06
1639017660 21.21 86 0 4.06
1639017720 21.22 85.98 0 4.06
1639017780 21.24 86 0 4.06
1639017840 21.17 86.25 0 4.06
1639017900 21.18 87.04 0 4.06
1639017960 21.17 87.41 0 4.06
1639018020 21.17 87.51 0 4.06
1639018080 21.11 87.62 0 4.06
1639018140 21.14 87.56 0 4.06
1639018200 21.17 87.38 0 4.06
1639018260 21.18 87.22 0 4.06
1639018320 21.15 87.69 0 4.06
1639018380 21.14 88.1 0 4.06
1639018440 21.12 87.55 0 4.06
1639018500 21.11 86.31 0 4.06
1639018560 21.12 84.93 0 4.06
1639018620 21.2 84.29 0 4.06
1639018680 21.28 83.71 0 4.06
1639018740 21.31 83.13 0 4.06
1639018800 21.34 82.95 0 4.06
1639018860 21.29 82.95 0 4.06
1639018920 21.22 83 0 4.06
1639018980 21.24 82.81 0 4.06
1639019040 21.27 82.85 0 4.06
1639019100 21.22 83.01 0 4.06
1639019160 21.2 83.47 0 4.06
1639019220 21.18 83.18 0 4.06
1639019280 21.17 82.4 0 4.06
1639018440 21.12 87.55 0 4.06
1639018500 21.11 86.31 0 4.06
1639018560 21.12 84.93 0 4.06
1639018620 21.2 84.29 0 4.06
1639018680 21.28 83.71 0 4.06
1639018740 21.31 83.13 0 4.06
1639018800 21.34 82.95 0 4.06
1639018860 21.29 82.95 0 4.06
1639018920 21.22 83 0 4.06
1639018980 21.24 82.81 0 4.06
1639019040 21.27 82.85 0 4.06
1639019100 21.22 83.01 0 4.06
1639019160 21.2 83.47 0 4.06
1639019220 21.18 83.18 0 4.06
1639019280 21.17 82.4 0 4.06
1639019340 21.24 82 0 4.06
1639019400 21.28 81.7 0 4.06
1639019460 21.29 83.08 0 4.06
1639019520 21.24 83.55 0 4.06
1639019580 21.18 84.18 0 4.06
1639019640 21.12 84.36 0 4.06
1639019700 21.1 84.41 0 4.06
1639019760 21.15 84.14 0 4.06
1639019820 21.18 83.73 0 4.06
1639019880 21.22 83.05 0 4.06
1639019940 21.24 82.78 0 4.06
1639020000 21.25 82.36 0 4.06
1639020060 21.25 82.79 0 4.06
1639020120 21.24 82.82 0 4.06
1639020180 21.24 83.61 0 4.06
1639020240 21.2 84.23 0 4.06
1639020300 21.1 84.42 0 4.06
1639020360 21.07 84.59 0 4.06
1639020420 21.08 85.49 0 4.06
1639020480 21.04 86.09 0 4.06
1639020540 20.94 86.02 0 4.06
1639020600 20.93 86.2 0 4.06
1639020660 20.87 86.22 0 4.06
1639020720 20.86 86.07 0 4.06
1639020780 20.84 85.87 0 4.06
1639020840 20.84 85.91 0 4.055
1639020900 20.87 85.66 0 4.06
1639020960 20.86 85.56 0 4.06
1639021020 20.87 85.43 0 4.06
1639021080 20.87 85.46 0 4.06
1639021140 20.9 85.75 0 4.06
1639021200 20.95 85.81 0 4.06
1639021260 21.07 84.75 0 4.06
1639021320 21.01 84.8 0 4.06
1639021380 20.98 84.86 0 4.06
1639021440 20.93 85.13 0 4.044
1639021500 20.86 85.85 0 4.055
1639021560 20.87 86.19 0 4.06
1639021620 20.94 86.04 0 4.055
1639021680 20.91 86.08 0 4.055
1639021740 20.86 86.25 0 4.055
1639021800 20.79 86.43 0 4.055
1639021860 20.74 86.5 0 4.055
1639021920 20.71 86.8 0 4.06
1639021980 20.7 86.9 0 4.06
1639021140 20.67 87.21 0 4.06
1639021200 20.71 86.68 0 4.055
1639021260 20.7 86.2 0 4.06
1639021320 20.71 86.27 0 4.06
1639021380 20.76 86.4 0 4.06
1639021440 20.73 86.33 0 4.055
1639021500 20.76 86.43 0 4.055
1639021560 20.74 86.48 0 4.06
1639021620 20.69 86.51 0 4.055
1639021680 20.73 86.68 0 4.055
1639021740 20.7 86.53 0 4.055
1639021800 20.67 86.72 0 4.055
1639021860 20.74 86.8 0 4.055
1639021920 20.7 86.61 0 4.06
1639021980 20.76 87.19 0 4.06
1639022040 20.74 87.31 0 4.055
1639022100 20.67 87.02 0 4.055
1639022160 20.73 87.25 0 4.055
1639022220 20.73 86.93 0 4.055
1639022280 20.76 86.9 0 4.06
1639022340 20.8 86.54 0 4.055
1639022400 20.77 86.77 0 4.055
1639022460 20.81 86.84 0 4.055
1639022520 20.79 86.98 0 4.055
1639022580 20.77 86.96 0 4.06
1639022640 20.77 87.04 0 4.055
1639022700 20.76 86.62 0 4.055
1639022760 20.77 86.88 0 4.055
1639022820 20.74 86.8 0 4.06
1639022880 20.73 86.75 0 4.06
1639022940 20.71 86.67 0 4.06
1639023000 20.67 86.76 0 4.055
1639023060 20.63 86.93 0 4.055
1639023120 20.62 87.03 0 4.055
1639023180 20.59 87.39 0 4.06
1639023240 20.6 87.3 0 4.055
1639023300 20.57 87.73 0 4.055
1639023360 20.54 87.65 0 4.055
1639023420 20.59 87.71 0 4.055
1639023480 20.62 87.9 0 4.055
1639023540 20.6 87.45 0 4.055
1639023600 20.63 87.65 0 4.055
1639023660 20.63 87.16 0 4.055
1639023720 20.59 87.11 0 4.055
1639023780 20.59 87.57 0 4.055
1639022940 20.71 86.67 0 4.06
1639023000 20.67 86.76 0 4.055
1639023060 20.63 86.93 0 4.055
1639023120 20.62 87.03 0 4.055
1639023180 20.59 87.39 0 4.06
1639023240 20.6 87.3 0 4.055
1639023300 20.57 87.73 0 4.055
1639023360 20.54 87.65 0 4.055
1639023420 20.59 87.71 0 4.055
1639023480 20.62 87.9 0 4.055
1639023540 20.6 87.45 0 4.055
1639023600 20.63 87.65 0 4.055
1639023660 20.63 87.16 0 4.055
1639023720 20.59 87.11 0 4.055
1639023780 20.59 87.57 0 4.055
1639023840 20.54 88.3 0 4.055
1639023900 20.52 88.32 0 4.055
1639023960 20.49 88.72 0 4.06
1639024020 20.44 88.58 0 4.055
1639024080 20.47 88.76 0 4.055
1639024140 20.46 88.69 0 4.055
1639024200 20.43 88.81 0 4.055
1639024260 20.49 88.94 0 4.055
1639024320 20.46 88.57 0 4.06
1639024380 20.44 88.54 0 4.055
1639024440 20.38 88.5 0 4.055
1639024500 20.36 88.97 0 4.055
1639024560 20.32 89.03 0 4.055
1639024620 20.31 88.95 0 4.055
1639024680 20.32 89.02 0 4.055
1639024740 20.29 89.2 0 4.055
1639024800 20.32 89.24 0 4.06
1639024860 20.29 89.26 0 4.06
1639024920 20.26 89.47 0 4.055
1639024980 20.31 89.91 0 4.055
1639025040 20.36 89.65 0 4.055
1639025100 20.36 89.5 0 4.055
1639025160 20.36 89.56 0 4.055
1639025220 20.36 89.56 0 4.055
1639025280 20.39 89.44 0 4.055
1639025340 20.38 89.48 0 4.055
1639025400 20.38 89.29 0 4.055
1639025460 20.39 89.29 0 4.055
1639025520 20.42 89.06 0 4.055
1639025580 20.4 89.32 0 4.055
1639025640 20.36 89.28 0 4.055
1639025700 20.36 89.56 0 4.055
1639025760 20.36 89.29 0 4.055
1639025820 20.38 89.41 0 4.06
1639025880 20.36 89.63 0 4.06
1639025940 20.33 89.92 0 4.06
