1646024400 22.1 85.67 0 4.108
1646024460 22.14 85.7 0 4.108
1646024520 22.15 85.72 0 4.108
1646024580 22.15 85.78 0 4.108
1646024640 22.15 85.76 0 4.108
1646024700 22.16 85.78 0 4.108
1646024760 22.19 85.77 0 4.108
1646024820 22.14 85.8 0 4.108
1646024880 22.16 85.85 0 4.108
1646024940 22.16 85.89 0 4.108
1646025000 22.18 85.91 0 4.108
1646025060 22.1 85.94 0 4.108
1646025120 22.15 85.98 0 4.108
1646025180 22.12 86 0 4.103
1646025240 22.12 86.07 0 4.103
1646025300 22.1 86.09 0 4.108
1646025360 22.11 86.11 0 4.108
1646025420 22.14 86.13 0 4.108
1646025480 22.12 86.21 0 4.103
1646025540 22.11 86.21 0 4.108
1646025600 22.11 86.25 0 4.108
1646025660 22.12 86.27 0 4.108
1646025720 22.1 86.31 0 4.108
1646025780 22.07 86.34 0 4.108
1646025840 22.05 86.39 0 4.103
1646025900 22.04 86.38 0 4.108
1646025960 22.07 86.43 0 4.108
1646026020 22.05 86.4 0 4.103
1646026080 22.05 86.47 0 4.103
1646026140 22.04 86.43 0 4.108
1646026200 22.04 86.45 0 4.103
1646026260 22.01 86.44 0 4.108
1646026320 22.05 86.45 0 4.103
1646026380 22.07 86.49 0 4.108
1646026440 22.05 86.49 0 4.108
1646026500 22.05 86.5 0 4.108
1646026560 22.07 86.5 0 4.103
1646026620 22.05 86.49 0 4.108
1646026680 22.03 86.51 0 4.108
1646026740 22.04 86.55 0 4.103
1646026800 22.05 86.55 0 4.108
1646026860 22.04 86.54 0 4.108
1646026920 22.04 86.55 0 4.108
1646026980 22.04 86.61 0 4.108
1646027040 22.03 86.62 0 4.103
1646027100 22.01 86.66 0 4.103
1646027160 22.03 86.72 0 4.108
1646027220 22.01 86.71 0 4.103
1646027280 22.01 86.72 0 4.103
1646027340 22.04 86.76 0 4.108
1646027400 22.07 86.75 0 4.103
1646027460 22.07 86.76 0 4.108
1646027520 22.05 86.79 0 4.108
1646027580 22.05 86.81 0 4.108
1646027640 22.07 86.82 0 4.103
1646027700 22.04 86.85 0 4.103
1646027760 22.08 86.83 0 4.103
1646027820 22.07 86.82 0 4.103
1646027880 22.07 86.85 0 4.103
1646027940 22.1 86.84 0 4.103
1646028000 22.08 86.81 0 4.103
1646028060 22.08 86.83 0 4.103
1646028120 22.08 86.86 0 4.103
1646028180 22.07 86.82 0 4.108
1646028240 22.1 86.82 0 4.108
1646028300 22.1 86.82 0 4.108
1646028360 22.1 86.87 0 4.108
1646028420 22.07 86.86 0 4.103
1646028480 22.07 86.82 0 4.103
1646028540 22.07 86.87 0 4.103
1646028600 22.05 86.87 0 4.108
1646028660 22.07 86.87 0 4.103
1646028720 22.04 86.88 0 4.108
1646028780 22.04 86.91 0 4.103
1646028840 22.08 86.98 0 4.103
1646028900 22.05 86.96 0 4.108
1646028960 22.07 87.02 0 4.103
1646029020 22.05 87.06 0 4.103
1646029080 22.04 87.12 0 4.103
1646029140 22.07 87.17 0 4.108
1646029200 22.03 87.24 0 4.103
1646029260 22.03 87.24 0 4.108
1646029320 22.01 87.26 0 4.108
1646029380 22.01 87.35 0 4.103
1646029440 22.01 87.4 0 4.103
1646029500 22.03 87.48 0 4.103
1646029560 22 87.52 0 4.103
1646029620 21.98 87.58 0 4.108
1646029680 22 87.66 0 4.103
1646029740 21.98 87.7 0 4.103
1646029800 21.97 87.78 0 4.103
1646029860 21.94 87.8 0 4.103
1646029920 21.91 87.86 0 4.103
1646029980 21.9 87.89 0 4.103
1646030040 21.91 87.94 0 4.103
1646030100 21.91 88 0 4.103
1646030160 21.93 88.01 0 4.103
1646030220 21.93 88.06 0 4.108
1646030280 21.93 88.02 0 4.103
1646030340 21.93 88.05 0 4.103
1646030400 21.93 88.04 0 4.103
1646030460 21.94 88.07 0 4.103
1646030520 21.97 88.11 0 4.108
1646030580 21.95 88.1 0 4.103
1646030640 21.93 88.13 0 4.103
1646030700 21.97 88.15 0 4.103
1646030760 21.94 88.15 0 4.103
1646030820 21.94 88.13 0 4.108
1646030880 21.95 88.2 0 4.103
1646030940 21.97 88.21 0 4.103
1646031000 21.94 88.27 0 4.103
1646031060 21.91 88.27 0 4.108
1646031120 21.93 88.29 0 4.103
1646031180 21.88 88.3 0 4.103
1646031240 21.9 88.32 0 4.103
1646031300 21.88 88.33 0 4.103
1646031360 21.87 88.36 0 4.103
1646031420 21.88 88.38 0 4.103
1646031480 21.88 88.39 0 4.103
1646031540 21.88 88.44 0 4.103
1646031600 21.84 88.46 0 4.103
1646031660 21.87 88.48 0 4.103
1646031720 21.84 88.49 0 4.103
1646031780 21.83 88.52 0 4.103
1646031840 21.87 88.52 0 4.103
1646031900 21.88 88.56 0 4.103
1646031960 21.87 88.6 0 4.103
1646032020 21.84 88.64 0 4.103
1646032080 21.85 88.67 0 4.103
1646032140 21.87 88.68 0 4.103
1646032200 21.85 88.68 0 4.103
1646032260 21.85 88.71 0 4.103
1646032320 21.85 88.76 0 4.103
1646032380 21.9 88.74 0 4.098
1646032440 21.88 88.79 0 4.103
1646032500 21.85 88.82 0 4.103
1646032560 21.84 88.87 0 4.103
1646032620 21.81 88.84 0 4.103
1646032680 21.83 88.91 0 4.103
1646032740 21.81 88.93 0 4.103
1646032800 21.83 88.93 0 4.103
1646032860 21.83 89.02 0 4.103
1646032920 21.79 89 0 4.103
1646032980 21.79 89.02 0 4.103
1646033040 21.79 89.01 0 4.103
1646033100 21.77 89.05 0 4.103
1646033160 21.76 89.03 0 4.103
1646033220 21.8 89.09 0 4.103
1646033280 21.8 89.05 0 4.103
1646033340 21.8 89.05 0 4.098
1646033400 21.81 89.02 0 4.103
1646033460 21.83 89.07 0 4.103
1646033520 21.81 89.04 0 4.103
1646033580 21.83 89.05 0 4.103
1646033640 21.81 89.06 0 4.103
1646033700 21.84 89.03 0 4.103
1646033760 21.81 89.07 0 4.103
1646033820 21.85 89.06 0 4.103
1646033880 21.84 89.07 0 4.103
1646033940 21.81 89.04 0 4.103
1646034000 21.8 89.07 0 4.103
1646034060 21.81 89.08 0 4.103
1646034120 21.8 89.13 0 4.103
1646034180 21.8 89.15 0 4.098
1646034240 21.8 89.14 0 4.098
1646034300 21.76 89.15 0 4.098
1646034360 21.76 89.21 0 4.103
1646034420 21.76 89.22 0 4.103
1646034480 21.74 89.22 0 4.103
1646034540 21.73 89.26 0 4.098
1646034600 21.74 89.27 0 4.103
1646034660 21.74 89.28 0 4.103
1646034720 21.74 89.3 0 4.103
1646034780 21.74 89.35 0 4.103
1646034840 21.79 89.39 0 4.103
1646034900 21.76 89.39 0 4.103
1646034960 21.74 89.39 0 4.098
1646035020 21.77 89.42 0 4.098
1646035080 21.81 89.42 0 4.098
1646035140 21.83 89.49 0 4.098
1646035200 21.84 89.46 0 4.098
1646035260 21.85 89.52 0 4.098
1646035320 21.85 89.53 0 4.103
1646035380 21.83 89.56 0 4.098
1646035440 21.84 89.55 0 4.103
1646035500 21.83 89.6 0 4.098
1646035560 21.85 89.59 0 4.098
1646035620 21.84 89.68 0 4.103
1646035680 21.84 89.67 0 4.103
1646035740 21.84 89.72 0 4.098
1646035800 21.85 89.73 0 4.103
1646035860 21.84 89.78 0 4.103
1646035920 21.87 89.86 0 4.103
1646035980 21.85 89.91 0 4.098
1646036040 21.85 89.96 0 4.098
1646036100 21.83 89.99 0 4.098
1646036160 21.84 90.07 0 4.098
1646036220 21.88 90.1 0 4.098
1646036280 21.88 90.17 0 4.098
1646036340 21.9 90.21 0 4.103
1646036400 21.9 90.25 0 4.098
1646036460 21.9 90.33 0 4.098
1646036520 21.91 90.38 0 4.103
1646036580 21.9 90.44 0 4.098
1646036640 21.93 90.49 0 4.098
1646036700 21.94 90.58 0 4.098
1646036760 21.93 90.68 0 4.098
1646036820 21.94 90.73 0 4.103
1646036880 21.93 90.82 0 4.098
1646036940 21.94 90.86 0 4.098
1646037000 21.91 90.93 0 4.103
1646037060 21.91 91.02 0 4.098
1646037120 21.9 91.03 0 4.098
1646037180 21.9 91.16 0 4.098
1646037240 21.9 91.21 0 4.098
1646037300 21.85 91.27 0 4.098
1646037360 21.85 91.34 0 4.098
1646037420 21.88 91.4 0 4.098
1646037480 21.85 91.47 0 4.098
1646037540 21.85 91.54 0 4.098
1646037600 21.88 91.59 0 4.098
1646037660 21.88 91.67 0 4.098
1646037720 21.88 91.7 0 4.098
1646037780 21.91 91.78 0 4.098
1646037840 21.94 91.85 0 4.098
1646037900 21.84 91.87 0 4.098
1646037960 21.84 91.97 0 4.098
1646038020 21.8 92.01 0 4.098
1646038080 21.79 92.06 0 4.098
1646038140 21.74 92.13 0 4.098
1646038200 21.71 92.18 0 4.098
1646038260 21.71 92.19 0 4.098
1646038320 21.68 92.28 0 4.098
1646038380 21.6 92.33 0 4.098
1646038440 21.58 92.45 0 4.098
1646038500 21.6 92.49 0 4.098
1646038560 21.47 92.55 0 4.098
1646038620 21.44 92.61 0 4.098
1646038680 21.37 92.66 0 4.098
1646038740 21.34 92.75 0 4.098
1646038800 21.32 92.85 0 4.103
1646038860 21.26 92.9 0 4.098
1646038920 21.18 92.96 0 4.098
1646038980 21.1 93.04 0 4.098
1646039040 21.05 93.13 0 4.098
1646039100 20.95 93.2 0 4.098
1646039160 20.88 93.26 0 4.098
1646039220 20.83 93.28 0 4.098
1646039280 20.83 93.43 0 4.098
1646039340 20.83 93.5 0 4.098
1646039400 20.85 93.53 0 4.098
1646039460 20.82 93.63 0 4.098
1646039520 20.83 93.68 0 4.098
1646039580 20.79 93.73 0 4.098
1646039640 20.78 93.82 0 4.098
1646039700 20.79 93.87 0 4.098
1646039760 20.81 93.96 0 4.098
1646039820 20.79 94.02 0 4.098
1646039880 20.79 94.08 0 4.098
1646039940 20.77 94.12 0 4.098
1646040000 20.75 94.19 0 4.098
1646040060 20.75 94.24 0 4.098
1646040120 20.75 94.29 0 4.098
1646040180 20.75 94.34 0 4.098
1646040240 20.77 94.42 0 4.098
1646040300 20.71 94.46 0 4.098
1646040360 20.69 94.49 0 4.098
1646040420 20.69 94.52 0 4.098
1646040480 20.69 94.58 0 4.098
1646040540 20.72 94.64 0 4.098
1646040600 20.72 94.7 0 4.098
1646040660 20.74 94.74 0 4.098
1646040720 20.75 94.76 0 4.098
1646040780 20.75 94.84 0 4.098
1646040840 20.67 94.9 0 4.098
1646040900 20.65 94.9 0 4.098
1646040960 20.64 94.96 0 4.098
1646041020 20.59 94.95 0 4.098
1646041080 20.65 95.02 0 4.098
1646041140 20.62 95.07 0 4.098
1646041200 20.56 95.11 0 4.098
1646041260 20.51 95.12 0 4.098
1646041320 20.45 95.17 0 4.098
1646041380 20.44 95.21 0 4.092
1646041440 20.44 95.28 0 4.098
1646041500 20.41 95.29 0 4.098
1646041560 20.41 95.32 0 4.098
1646041620 20.42 95.37 0 4.092
1646041680 20.45 95.42 0 4.098
1646041740 20.44 95.48 0 4.098
1646041800 20.42 95.47 0 4.098
1646041860 20.39 95.54 0 4.098
1646041920 20.34 95.54 0 4.098
1646041980 20.37 95.59 0 4.098
1646042040 20.41 95.63 0 4.098
1646042100 20.39 95.67 0 4.098
1646042160 20.39 95.69 0 4.098
1646042220 20.39 95.67 0 4.098
1646042280 20.44 95.76 0 4.092
1646042340 20.48 95.8 0 4.092
1646042400 20.49 95.8 0 4.098
1646042460 20.55 95.86 0 4.092
1646042520 20.54 95.87 0 4.098
1646042580 20.51 95.89 0 4.098
1646042640 20.51 95.96 0 4.098
1646042700 20.49 95.93 0 4.098
1646042760 20.47 95.96 0 4.098
1646042820 20.42 96.02 0 4.092
1646042880 20.41 96.02 0 4.098
1646042940 20.44 96.01 0 4.098
1646043000 20.42 96.05 0 4.098
1646043060 20.42 96.08 0 4.098
1646043120 20.47 96.17 0 4.098
1646043180 20.48 96.14 0 4.098
1646043240 20.48 96.15 0 4.098
1646043300 20.47 96.19 0 4.098
1646043360 20.47 96.22 0 4.092
1646043420 20.48 96.26 0 4.092
1646043480 20.42 96.29 0 4.092
1646043540 20.34 96.28 0 4.098
1646043600 20.31 96.28 0 4.092
1646043660 20.26 96.31 0 4.098
1646043720 20.2 96.34 0 4.098
1646043780 20.17 96.38 0 4.098
1646043840 20.1 96.35 0 4.098
1646043900 20.06 96.39 0 4.098
1646043960 20.04 96.42 0 4.092
1646044020 20.07 96.41 0 4.098
1646044080 20.04 96.44 0 4.092
1646044140 20.07 96.5 0 4.092
1646044200 20.01 96.53 0 4.092
1646044260 20.01 96.49 0 4.092
1646044320 19.98 96.5 0 4.098
1646044380 20 96.52 0 4.098
1646044440 20.03 96.55 0 4.098
1646044500 20.04 96.57 0 4.092
1646044560 20.04 96.57 0 4.098
1646044620 20.04 96.61 0 4.098
1646044680 20.04 96.62 0 4.092
1646044740 20.04 96.65 0 4.092
1646044800 20.03 96.66 0 4.092
1646044860 20.03 96.66 0 4.098
1646044920 20.04 96.67 0 4.098
1646044980 20.06 96.7 0 4.092
1646045040 20.03 96.71 0 4.092
1646045100 20.03 96.73 0 4.098
1646045160 20.03 96.74 0 4.092
1646045220 20.04 96.72 0 4.092
1646045280 20.07 96.74 0 4.092
1646045340 20.06 96.72 0 4.092
1646045400 20.04 96.74 0 4.092
1646045460 20.04 96.79 0 4.092
1646045520 20.06 96.79 0 4.092
1646045580 20.04 96.81 0 4.098
1646045640 20.01 96.78 0 4.098
1646045700 20.01 96.83 0 4.092
1646045760 20.01 96.84 0 4.092
1646045820 20.01 96.84 0 4.092
1646045880 20.01 96.85 0 4.092
1646045940 20.06 96.86 0 4.092
1646046000 20 96.89 0 4.092
1646046060 20.01 96.9 0 4.092
1646046120 20.01 96.9 0 4.098
1646046180 20.06 96.91 0 4.092
1646046240 20.07 96.93 0 4.098
1646046300 20.08 96.92 0 4.092
1646046360 20.07 96.95 0 4.098
1646046420 20.08 97 0 4.092
1646046480 20.13 96.99 0 4.092
1646046540 20.13 97.03 0 4.098
1646046600 20.13 96.99 0 4.092
1646046660 20.13 97 0 4.092
1646046720 20.13 97.03 0 4.092
1646046780 20.1 97.02 0 4.092
1646046840 20.11 97.04 0 4.092
1646046900 20.13 97.07 0 4.092
1646046960 20.16 97.07 0 4.092
1646047020 20.14 97.07 0 4.092
1646047080 20.14 97.11 0 4.092
1646047140 20.13 97.12 0 4.098
1646047200 20.08 97.12 0 4.092
1646047260 20.1 97.15 0 4.092
1646047320 20.08 97.14 0 4.092
1646047380 20.06 97.13 0 4.098
1646047440 20.06 97.16 0 4.092
1646047500 20.08 97.16 0 4.098
1646047560 20.1 97.17 0 4.092
1646047620 20.1 97.18 0 4.092
1646047680 20.1 97.18 0 4.087
1646047740 20.11 97.22 0 4.092
1646047800 20.14 97.23 0 4.092
1646047860 20.18 97.26 0 4.092
1646047920 20.18 97.22 0 4.092
1646047980 20.21 97.21 0 4.092
1646048040 20.26 97.24 0 4.092
1646048100 20.26 97.24 0 4.092
1646048160 20.24 97.27 0 4.092
1646048220 20.27 97.28 0 4.092
1646048280 20.26 97.3 0 4.092
1646048340 20.27 97.29 0 4.092
1646048400 20.27 97.31 0 4.092
1646048460 20.26 97.34 0 4.098
1646048520 20.26 97.33 0 4.092
1646048580 20.27 97.31 0 4.092
1646048640 20.3 97.35 0 4.092
1646048700 20.32 97.37 0 4.092
1646048760 20.32 97.36 0 4.092
1646048820 20.28 97.38 0 4.092
1646048880 20.3 97.4 0 4.092
1646048940 20.3 97.38 0 4.092
1646049000 20.31 97.4 0 4.092
1646049060 20.34 97.45 4 4.092
1646049120 20.32 97.4 0 4.092
1646049180 20.31 97.41 0 4.092
1646049240 20.37 97.43 4 4.092
1646049300 20.34 97.44 4 4.092
1646049360 20.37 97.44 4 4.092
1646049420 20.37 97.48 4 4.092
1646049480 20.39 97.45 4 4.092
1646049540 20.42 97.5 4 4.092
1646049600 20.44 97.46 4 4.092
1646049660 20.44 97.48 4 4.092
1646049720 20.47 97.51 4 4.092
1646049780 20.47 97.47 4 4.092
1646049840 20.42 97.48 4 4.092
1646049900 20.37 97.54 4 4.092
1646049960 20.38 97.54 4 4.092
1646050020 20.38 97.53 10 4.092
1646050080 20.41 97.56 10 4.092
1646050140 20.42 97.52 10 4.092
1646050200 20.42 97.55 10 4.092
1646050260 20.45 97.56 10 4.092
1646050320 20.45 97.54 10 4.092
1646050380 20.45 97.56 10 4.092
1646050440 20.48 97.61 10 4.092
1646050500 20.48 97.61 16 4.092
1646050560 20.45 97.58 16 4.092
1646050620 20.47 97.57 16 4.092
1646050680 20.44 97.6 16 4.092
1646050740 20.45 97.63 22 4.092
1646050800 20.47 97.63 16 4.092
1646050860 20.49 97.64 16 4.092
1646050920 20.52 97.63 22 4.092
1646050980 20.51 97.63 22 4.092
1646051040 20.51 97.62 22 4.092
1646051100 20.49 97.65 22 4.092
1646051160 20.51 97.65 28 4.092
1646051220 20.52 97.67 22 4.092
1646051280 20.54 97.66 22 4.092
1646051340 20.51 97.69 22 4.092
1646051400 20.56 97.74 22 4.092
1646051460 20.59 97.7 22 4.092
1646051520 20.64 97.68 22 4.092
1646051580 20.64 97.67 22 4.087
1646051640 20.67 97.72 16 4.092
1646051700 20.64 97.69 22 4.092
1646051760 20.62 97.66 16 4.092
1646051820 20.65 97.71 22 4.092
1646051880 20.65 97.72 22 4.092
1646051940 20.61 97.7 22 4.092
1646052000 20.61 97.74 22 4.092
1646052060 20.59 97.75 22 4.092
1646052120 20.61 97.78 22 4.092
1646052180 20.64 97.75 22 4.092
1646052240 20.62 97.76 22 4.087
1646052300 20.61 97.75 28 4.087
1646052360 20.61 97.75 28 4.087
1646052420 20.55 97.77 28 4.092
1646052480 20.51 97.72 34 4.092
1646052540 20.47 97.78 34 4.092
1646052600 20.44 97.76 34 4.092
1646052660 20.41 97.77 34 4.092
1646052720 20.42 97.78 34 4.087
1646052780 20.41 97.79 34 4.092
1646052840 20.44 97.79 40 4.092
1646052900 20.45 97.78 40 4.092
1646052960 20.48 97.77 46 4.092
1646053020 20.47 97.79 46 4.092
1646053080 20.44 97.77 46 4.087
1646053140 20.44 97.77 46 4.092
1646053200 20.45 97.8 46 4.087
1646053260 20.47 97.84 46 4.092
1646053320 20.47 97.81 52 4.092
1646053380 20.48 97.81 52 4.092
1646053440 20.48 97.85 46 4.087
1646053500 20.52 97.83 46 4.092
1646053560 20.51 97.85 52 4.092
1646053620 20.51 97.84 52 4.092
1646053680 20.51 97.86 52 4.092
1646053740 20.48 97.86 58 4.092
1646053800 20.48 97.84 64 4.092
1646053860 20.48 97.85 64 4.087
1646053920 20.49 97.86 70 4.092
1646053980 20.48 97.9 76 4.082
1646054040 20.51 97.86 76 4.087
1646054100 20.55 97.88 82 4.087
1646054160 20.55 97.9 88 4.087
1646054220 20.61 97.91 88 4.087
1646054280 20.62 97.9 88 4.087
1646054340 20.67 97.91 88 4.087
1646054400 20.71 97.92 88 4.092
1646054460 20.72 97.91 94 4.087
1646054520 20.77 97.92 94 4.087
1646053680 20.51 97.86 52 4.092
1646053740 20.48 97.86 58 4.092
1646053800 20.48 97.84 64 4.092
1646053860 20.48 97.85 64 4.087
1646053920 20.49 97.86 70 4.092
1646053980 20.48 97.9 76 4.082
1646054040 20.51 97.86 76 4.087
1646054100 20.55 97.88 82 4.087
1646054160 20.55 97.9 88 4.087
1646054220 20.61 97.91 88 4.087
1646054280 20.62 97.9 88 4.087
1646054340 20.67 97.91 88 4.087
1646054400 20.71 97.92 88 4.092
1646054460 20.72 97.91 94 4.087
1646054520 20.77 97.92 94 4.087
1646054580 20.79 97.91 94 4.092
1646054640 20.82 97.9 94 4.087
1646054700 20.86 97.92 88 4.087
1646054760 20.85 97.92 82 4.092
1646054820 20.85 97.93 76 4.092
1646054880 20.89 97.92 70 4.087
1646054940 20.89 97.94 64 4.087
1646055000 20.93 97.94 58 4.087
1646055060 20.96 97.92 52 4.087
1646055120 20.95 97.94 52 4.087
1646055180 20.93 97.91 46 4.087
1646055240 20.93 97.97 52 4.087
1646055300 20.95 97.97 46 4.087
1646055360 20.98 97.99 46 4.087
1646055420 20.96 97.98 46 4.087
1646055480 21.02 97.97 46 4.092
1646055540 20.99 97.99 46 4.092
1646055600 20.92 97.96 46 4.087
1646055660 20.82 97.96 46 4.087
1646055720 20.79 97.93 46 4.087
1646055780 20.81 97.98 46 4.087
1646055840 20.85 97.96 46 4.087
1646055900 20.83 97.98 52 4.087
1646055960 20.83 97.96 52 4.087
1646056020 20.86 97.94 52 4.087
1646056080 20.9 97.98 58 4.087
1646056140 20.88 98 58 4.087
1646056200 20.86 97.96 58 4.087
1646056260 20.93 97.96 64 4.092
1646056320 21 97.99 64 4.092
1646056380 21 97.97 70 4.087
1646056440 21.07 97.98 64 4.087
1646056500 21.09 97.97 70 4.087
1646056560 21.09 97.97 70 4.092
1646056620 21.16 98 70 4.087
1646056680 21.1 98 76 4.087
1646056740 21.1 98.03 76 4.087
1646056800 21.06 98 82 4.087
1646056860 21.06 97.97 88 4.087
1646056920 21.12 97.98 94 4.087
1646056980 21.12 97.99 100 4.087
1646057040 21.16 98.01 100 4.087
1646057100 21.18 97.99 100 4.087
1646057160 21.25 98.04 106 4.087
1646057220 21.22 97.98 106 4.092
1646057280 21.28 97.99 106 4.087
1646057340 21.26 97.97 112 4.087
1646057400 21.25 97.95 118 4.087
1646057460 21.28 97.97 118 4.087
1646057520 21.29 97.99 124 4.087
1646057580 21.29 97.97 131 4.087
1646057640 21.26 97.95 137 4.087
1646057700 21.22 97.96 143 4.087
1646057760 21.23 97.92 149 4.087
1646057820 21.26 97.95 149 4.092
1646057880 21.29 97.92 155 4.087
1646057940 21.36 97.92 155 4.092
1646058000 21.39 97.96 155 4.092
1646058060 21.47 97.96 161 4.092
1646058120 21.46 97.96 161 4.092
1646058180 21.47 97.94 161 4.087
1646058240 21.5 97.98 167 4.092
1646058300 21.43 97.94 173 4.092
1646058360 21.42 97.94 173 4.092
1646058420 21.43 97.93 173 4.092
1646058480 21.42 97.93 173 4.092
1646058540 21.5 97.95 173 4.087
1646058600 21.53 97.96 167 4.092
1646058660 21.56 97.91 167 4.087
1646058720 21.57 97.86 161 4.092
1646058780 21.61 97.91 161 4.092
1646058840 21.58 97.93 161 4.087
1646058900 21.64 97.88 161 4.087
1646058960 21.61 97.84 161 4.092
1646059020 21.58 97.82 167 4.087
1646059080 21.6 97.85 167 4.092
1646059140 21.65 97.88 173 4.092
1646059200 21.61 97.87 173 4.087
1646059260 21.67 97.84 179 4.092
1646059320 21.79 97.82 179 4.092
1646059380 21.8 97.84 179 4.092
1646059440 21.73 97.81 179 4.087
1646059500 21.77 97.83 179 4.092
1646059560 21.83 97.8 185 4.092
1646059620 21.88 97.8 191 4.092
1646059680 21.98 97.81 191 4.092
1646059740 21.94 97.75 197 4.092
1646059800 21.85 97.77 197 4.092
1646059860 21.84 97.74 203 4.092
1646059920 21.87 97.72 203 4.092
1646059980 21.94 97.71 203 4.092
1646060040 21.93 97.72 197 4.092
1646060100 22 97.69 185 4.092
1646060160 22.08 97.67 179 4.092
1646060220 22.19 97.66 173 4.092
1646060280 22.18 97.66 167 4.092
1646060340 22.11 97.66 155 4.092
1646060400 22.05 97.64 143 4.092
1646060460 22.1 97.58 137 4.092
1646060520 22.16 97.61 143 4.092
1646060580 22.16 97.54 149 4.092
1646060640 22.15 97.56 161 4.092
1646060700 22.14 97.49 161 4.092
1646060760 22.05 97.51 167 4.092
1646060820 22.08 97.44 179 4.092
1646060880 22.07 97.45 185 4.092
1646060940 22.07 97.43 191 4.092
1646061000 22.08 97.44 197 4.092
1646061060 22.08 97.4 197 4.092
1646061120 22.12 97.39 197 4.092
1646061180 22.1 97.4 203 4.092
1646061240 22.08 97.33 203 4.092
1646061300 22.11 97.35 203 4.092
1646061360 22.14 97.3 197 4.092
1646061420 22.11 97.28 197 4.092
1646061480 22.16 97.27 197 4.098
1646061540 22.19 97.24 204 4.092
1646061600 22.27 97.2 209 4.092
1646061660 22.27 97.18 215 4.092
1646061720 22.36 97.17 222 4.098
1646061780 22.27 97.14 240 4.098
1646061840 22.34 97.1 246 4.098
1646061900 22.3 97.04 245 4.098
1646061960 22.31 97.03 252 4.098
1646062020 22.35 97 252 4.098
1646062080 22.39 96.99 245 4.098
1646062140 22.39 96.98 246 4.098
1646062200 22.41 96.91 246 4.098
1646062260 22.41 96.88 246 4.098
1646062320 22.51 96.86 239 4.098
1646062380 22.55 96.83 234 4.098
1646062440 22.63 96.8 234 4.103
1646062500 22.62 96.76 228 4.098
1646062560 22.62 96.73 228 4.098
1646062620 22.59 96.7 222 4.098
1646062680 22.62 96.63 216 4.098
1646062740 22.68 96.58 203 4.098
1646062800 22.59 96.58 186 4.092
1646062860 22.65 96.51 173 4.092
1646062920 22.73 96.48 174 4.098
1646062980 22.72 96.45 185 4.092
1646063040 22.66 96.42 203 4.092
1646063100 22.68 96.36 222 4.098
1646063160 22.63 96.29 222 4.092
1646063220 22.7 96.27 222 4.098
1646063280 22.7 96.23 215 4.098
1646063340 22.76 96.16 216 4.098
1646063400 22.73 96.13 210 4.098
1646063460 22.7 96.12 198 4.098
1646063520 22.68 96.05 186 4.092
1646063580 22.65 96.04 173 4.092
1646063640 22.62 95.93 168 4.092
1646063700 22.62 95.92 173 4.092
1646063760 22.69 95.9 167 4.098
1646063820 22.68 95.84 156 4.098
1646063880 22.65 95.81 149 4.092
1646063940 22.63 95.79 143 4.092
1646064000 22.61 95.72 137 4.092
1646064060 22.62 95.7 124 4.092
1646064120 22.7 95.64 118 4.087
1646064180 22.69 95.6 118 4.092
1646064240 22.61 95.55 106 4.092
1646064300 22.54 95.5 100 4.092
1646064360 22.56 95.47 88 4.092
1646064420 22.56 95.44 82 4.092
1646064480 22.58 95.39 76 4.092
1646064540 22.48 95.32 70 4.092
1646064600 22.44 95.35 64 4.087
1646064660 22.39 95.3 64 4.092
1646064720 22.36 95.26 70 4.092
1646064780 22.32 95.24 76 4.092
1646064840 22.35 95.24 82 4.092
1646064900 22.35 95.16 70 4.092
1646064960 22.39 95.17 64 4.092
1646065020 22.48 95.16 58 4.087
1646065080 22.51 95.14 64 4.092
1646065140 22.45 95.11 64 4.092
1646065200 22.39 95.1 64 4.087
1646065260 22.41 95.05 64 4.092
1646065320 22.42 95.02 58 4.092
1646065380 22.35 95.01 58 4.092
1646065440 22.34 94.94 58 4.087
1646065500 22.34 94.95 64 4.092
1646065560 22.3 94.95 64 4.092
1646065620 22.3 94.92 70 4.092
1646065680 22.21 94.9 70 4.087
1646065740 22.25 94.91 82 4.087
1646065800 22.3 94.87 88 4.092
1646065860 22.28 94.84 88 4.087
1646065920 22.32 94.84 94 4.092
1646065980 22.31 94.82 100 4.092
1646066040 22.35 94.79 106 4.092
1646066100 22.35 94.76 112 4.092
1646066160 22.34 94.8 118 4.092
1646066220 22.3 94.75 118 4.087
1646066280 22.34 94.77 124 4.092
1646066340 22.24 94.73 137 4.092
1646066400 22.24 94.7 143 4.092
1646066460 22.25 94.67 143 4.092
1646066520 22.34 94.67 143 4.092
1646066580 22.35 94.63 149 4.087
1646066640 22.27 94.61 149 4.092
1646066700 22.35 94.61 149 4.092
1646066760 22.36 94.57 149 4.092
1646066820 22.39 94.48 149 4.092
1646066880 22.35 94.47 143 4.092
1646066940 22.39 94.43 149 4.092
1646067000 22.42 94.4 155 4.092
1646067060 22.35 94.31 161 4.092
1646067120 22.41 94.3 167 4.092
1646067180 22.48 94.27 173 4.092
1646067240 22.51 94.23 185 4.092
1646067300 22.62 94.2 185 4.092
1646067360 22.59 94.18 197 4.092
1646067420 22.56 94.11 203 4.092
1646067480 22.58 94.08 215 4.087
1646067540 22.65 94.03 221 4.092
1646067600 22.66 94.01 227 4.092
1646067660 22.65 93.98 234 4.092
1646067720 22.55 93.92 233 4.098
1646067780 22.65 93.89 240 4.098
1646067840 22.72 93.84 239 4.092
1646067900 22.82 93.76 245 4.092
1646067960 22.92 93.73 257 4.098
1646068020 22.9 93.68 259 4.098
1646068080 22.95 93.6 265 4.098
1646068140 23.03 93.5 265 4.098
1646068200 23.06 93.43 265 4.098
1646068260 23.13 93.37 265 4.098
1646068320 23.13 93.26 271 4.098
1646068380 23.12 93.15 271 4.092
1646068440 23.17 93.15 271 4.098
1646068500 23.12 93.05 275 4.098
1646068560 23.2 92.95 283 4.098
1646068620 23.23 92.89 281 4.098
1646068680 23.26 92.79 289 4.098
1646068740 23.13 92.66 289 4.098
1646068800 23.14 92.57 295 4.098
1646068860 23.21 92.45 295 4.103
1646068920 23.23 92.41 289 4.098
1646068980 23.24 92.28 289 4.103
1646069040 23.23 92.19 295 4.103
1646069100 23.19 92.03 301 4.103
1646069160 23.21 91.94 307 4.103
1646069220 23.31 91.81 307 4.108
1646069280 23.37 91.68 301 4.098
1646069340 23.33 91.52 289 4.098
1646069400 23.39 91.41 289 4.103
1646069460 23.37 91.32 295 4.103
1646069520 23.34 91.19 313 4.103
1646069580 23.4 91.06 319 4.103
1646069640 23.43 90.95 313 4.103
1646069700 23.5 90.87 307 4.098
1646069760 23.53 90.78 301 4.103
1646069820 23.43 90.67 289 4.103
1646069880 23.5 90.58 289 4.103
1646069940 23.53 90.5 289 4.103
1646070000 23.53 90.35 295 4.103
1646070060 23.53 90.27 307 4.108
1646070120 23.56 90.18 307 4.103
1646070180 23.51 90 307 4.103
1646070240 23.5 89.88 307 4.103
1646070300 23.46 89.74 301 4.103
1646070360 23.39 89.63 283 4.103
1646070420 23.37 89.52 271 4.103
1646070480 23.31 89.45 252 4.103
1646070540 23.31 89.33 240 4.103
1646070600 23.26 89.25 234 4.103
1646070660 23.2 89.15 234 4.103
1646070720 23.19 89.1 240 4.103
1646070780 23.12 89.05 240 4.103
1646070840 23.14 88.97 240 4.103
1646070900 23.13 88.94 252 4.103
1646070960 23 88.91 259 4.108
1646071020 23.05 88.89 259 4.103
1646071080 23.06 88.84 259 4.103
1646071140 23 88.8 259 4.103
1646071200 23.02 88.83 259 4.108
1646071260 22.99 88.84 259 4.103
1646071320 23.09 88.82 259 4.108
1646071380 23.07 88.78 259 4.108
1646071440 23.06 88.79 252 4.108
1646071500 23.13 88.76 246 4.108
1646071560 23.13 88.73 234 4.108
1646071620 23.27 88.74 228 4.103
1646071680 23.23 88.7 228 4.103
1646071740 23.26 88.69 240 4.108
1646071800 23.27 88.62 252 4.108
1646071860 23.29 88.61 271 4.108
1646071920 23.29 88.59 289 4.108
1646071980 23.36 88.59 295 4.098
1646072040 23.41 88.55 295 4.108
1646072100 23.49 88.47 289 4.108
1646072160 23.59 88.49 283 4.108
1646072220 23.67 88.43 277 4.108
1646072280 23.61 88.38 271 4.108
1646072340 23.71 88.4 271 4.108
1646072400 23.75 88.35 271 4.108
1646072460 23.81 88.32 271 4.108
1646072520 23.81 88.22 271 4.108
1646072580 23.77 88.15 265 4.103
1646072640 23.78 88.05 265 4.108
1646072700 23.82 87.98 265 4.108
1646072760 23.8 87.84 265 4.108
1646072820 23.81 87.72 271 4.108
1646072880 23.78 87.64 277 4.108
1646072940 23.77 87.53 283 4.108
1646073000 23.78 87.4 283 4.108
1646073060 23.78 87.27 283 4.108
1646073120 23.74 87.13 283 4.108
1646073180 23.74 87.01 289 4.108
1646073240 23.74 86.87 301 4.108
1646073300 23.75 86.74 307 4.114
1646073360 23.72 86.64 319 4.114
1646073420 23.75 86.59 331 4.114
1646073480 23.81 86.53 337 4.114
1646073540 23.78 86.46 350 4.114
1646073600 23.82 86.33 368 4.119
1646073660 23.88 86.25 380 4.114
1646073720 23.91 86.12 399 4.114
1646073780 24.01 86 417 4.108
1646073840 24.08 85.96 429 4.114
1646073900 24.23 85.9 447 4.114
1646073960 24.23 85.85 459 4.119
1646074020 24.26 85.78 471 4.114
1646074080 24.36 85.79 477 4.119
1646074140 24.55 85.78 489 4.119
1646074200 24.46 85.79 493 4.103
1646074260 24.49 85.74 505 4.103
1646074320 24.51 85.77 499 4.103
1646074380 24.49 85.67 493 4.103
1646074440 24.43 85.59 481 4.103
1646074500 24.48 85.5 469 4.103
1646074560 24.48 85.48 445 4.103
1646074620 24.42 85.41 433 4.103
1646074680 24.36 85.33 423 4.114
1646074740 24.39 85.28 417 4.114
1646074800 24.39 85.25 405 4.114
1646074860 24.32 85.24 399 4.114
1646074920 24.35 85.19 393 4.114
1646074980 24.23 85.12 399 4.114
1646075040 24.25 85.11 399 4.114
1646075100 24.32 85.14 405 4.119
1646075160 24.4 85.14 411 4.119
1646075220 24.35 85.12 405 4.119
1646075280 24.43 85.09 399 4.119
1646075340 24.35 85.07 387 4.119
1646075400 24.43 85.03 387 4.119
1646075460 24.55 85.02 380 4.119
1646075520 24.56 84.95 380 4.119
1646075580 24.56 84.84 380 4.114
1646075640 24.75 84.86 387 4.119
1646075700 24.86 84.86 393 4.119
1646075760 24.8 84.77 399 4.119
1646075820 24.73 84.74 411 4.119
1646075880 24.87 84.72 423 4.125
1646075940 24.9 84.66 435 4.125
1646076000 24.93 84.58 442 4.119
1646076060 24.8 84.47 453 4.119
1646076120 24.87 84.39 460 4.125
1646076180 24.91 84.22 487 4.108
1646076240 25.02 84.12 512 4.103
1646076300 25.21 84.03 536 4.108
1646076360 25.33 83.9 542 4.103
1646076420 25.23 83.72 531 4.108
1646076480 25.33 83.61 512 4.103
1646076540 25.34 83.52 499 4.103
1646076600 25.31 83.27 493 4.103
1646076660 25.18 83.13 487 4.103
1646076720 25.03 82.9 481 4.108
1646076780 25.14 82.79 469 4.108
1646076840 25.23 82.65 463 4.103
1646076900 25.4 82.55 457 4.103
1646076960 25.57 82.39 457 4.103
1646077020 25.72 82.28 463 4.103
1646077080 25.57 82.1 463 4.103
1646077140 25.49 81.99 451 4.103
1646077200 25.58 81.94 451 4.103
1646077260 25.64 81.85 451 4.103
1646077320 25.69 81.71 463 4.103
1646077380 25.67 81.52 489 4.114
1646077440 25.79 81.39 807 4.103
1646077500 26.02 81.36 674 4.103
1646077560 26.21 81.15 989 4.103
1646077620 26.12 80.93 1362 4.103
1646077680 26.53 80.84 1270 4.103
1646077740 26.64 80.64 1284 4.103
1646077800 27.08 80.43 1216 4.103
1646077860 27.21 80.13 1218 4.103
1646077920 27.48 79.86 1254 4.103
1646077980 27.84 79.55 1260 4.103
1646078040 28.3 79.26 1246 4.103
1646078100 28.71 78.92 1290 4.098
1646078160 28.69 78.36 1278 4.103
1646078220 28.75 77.9 1260 4.098
1646078280 28.82 77.36 1246 4.119
1646078340 28.74 76.85 1240 4.119
1646078400 28.63 76.24 1218 4.125
1646078460 28.75 75.69 1162 4.119
1646078520 28.6 75.18 1090 4.119
1646078580 28.64 74.68 1115 4.119
1646078640 28.6 74.15 1120 4.125
1646078700 28.6 73.59 1212 4.125
1646078760 28.61 73.13 1224 4.125
1646078820 28.49 72.61 1254 4.125
1646078880 28.81 72.2 1260 4.125
1646078940 29.15 71.84 1292 4.125
1646079000 29.35 71.4 1304 4.125
1646079060 29.52 70.9 1310 4.13
1646079120 29.28 70.44 1352 4.13
1646079180 29.25 69.96 1376 4.125
1646079240 29.51 69.57 1364 4.125
1646079300 29.61 69.14 969 4.125
1646079360 29.56 68.79 447 4.114
1646079420 29.49 68.38 411 4.119
1646079480 29.02 68 417 4.119
1646079540 28.73 67.62 652 4.114
1646079600 28.46 67.41 880 4.108
1646079660 28.39 67.17 820 4.108
1646079720 28.4 67.01 585 4.108
1646079780 28.43 66.82 652 4.108
1646079840 28.49 66.69 664 4.108
1646079900 28.64 66.59 664 4.108
1646079960 28.6 66.45 505 4.108
1646080020 28.46 66.42 543 4.108
1646080080 28.15 66.26 603 4.114
1646080140 28.24 66.24 475 4.108
1646080200 28.22 66.21 716 4.103
1646080260 28.16 66.23 917 4.108
1646080320 28.3 66.2 1099 4.108
1646080380 28.36 66.18 525 4.103
1646080440 28.37 66.16 433 4.108
1646080500 28.12 66.14 819 4.108
1646080560 28.02 66.2 542 4.108
1646080620 28.24 66.22 1031 4.108
1646080680 28.45 66.22 905 4.108
1646080740 28.49 66.21 1194 4.108
1646080800 28.75 66.17 415 4.103
1646080860 28.45 66.14 433 4.103
1646080920 28.45 66.16 463 4.103
1646080980 28.37 66.19 379 4.103
1646081040 28.24 66.26 361 4.108
1646081100 28.27 66.29 632 4.108
1646081160 28.23 66.28 626 4.103
1646081220 28.18 66.35 475 4.108
1646081280 28.09 66.39 519 4.108
1646081340 28.08 66.51 505 4.103
1646081400 27.94 66.56 481 4.108
1646081460 27.62 66.57 439 4.103
1646081520 27.66 66.65 524 4.108
1646081580 27.71 66.72 608 4.103
1646081640 27.64 66.86 680 4.103
1646081700 27.55 66.93 676 4.103
1646081760 27.66 67 638 4.103
1646081820 27.84 67.13 584 4.103
1646081880 27.86 67.15 477 4.114
1646081940 27.94 67.29 435 4.119
1646082000 27.78 67.34 319 4.114
1646082060 27.58 67.31 301 4.114
1646082120 27.24 67.43 289 4.114
1646082180 27.4 67.59 283 4.114
1646082240 27 67.65 295 4.114
1646082300 26.86 67.8 252 4.114
1646082360 26.67 67.98 234 4.114
1646082420 26.43 68.13 222 4.114
1646082480 26.19 68.26 204 4.114
1646082540 25.98 68.5 192 4.114
1646082600 25.88 68.73 186 4.114
1646082660 25.74 69.03 180 4.108
1646082720 25.77 69.31 174 4.114
1646082780 25.68 69.68 168 4.114
1646082840 25.65 69.95 162 4.114
1646082900 25.58 70.26 162 4.114
1646082960 25.57 70.61 156 4.114
1646083020 25.47 70.89 150 4.108
1646083080 25.45 71.23 144 4.114
1646083140 25.49 71.64 138 4.114
1646083200 25.34 71.88 138 4.114
1646083260 25.26 72.21 138 4.108
1646083320 25.3 72.51 132 4.114
1646083380 25.27 72.78 132 4.114
1646083440 25.24 73.02 132 4.114
1646083500 25.06 73.18 138 4.114
1646083560 24.98 73.38 138 4.114
1646083620 24.97 73.62 138 4.114
1646083680 24.91 73.8 138 4.114
1646083740 24.86 74 144 4.114
1646083800 24.72 74.15 144 4.114
1646083860 24.66 74.3 144 4.114
1646083920 24.63 74.43 150 4.114
1646083980 24.63 74.59 156 4.114
1646084040 24.66 74.71 150 4.108
1646084100 24.65 74.83 150 4.114
1646084160 24.66 74.96 144 4.114
1646084220 24.62 75.06 144 4.108
1646084280 24.66 75.17 150 4.114
1646084340 24.67 75.28 150 4.114
1646084400 24.61 75.4 150 4.114
1646084460 24.59 75.5 144 4.114
1646084520 24.61 75.56 150 4.114
1646084580 24.67 75.6 156 4.114
1646084640 24.72 75.72 168 4.114
1646084700 24.79 75.75 168 4.114
1646084760 24.8 75.8 168 4.114
1646084820 24.82 75.86 168 4.119
1646084880 24.85 75.92 168 4.114
1646084940 24.83 75.91 168 4.114
1646085000 24.8 75.92 162 4.114
1646085060 24.82 75.96 156 4.114
1646085120 24.82 76 150 4.114
1646085180 24.83 76 150 4.114
1646085240 24.76 76 162 4.114
1646085300 24.75 75.94 168 4.114
1646085360 24.76 75.99 168 4.114
1646085420 24.7 75.95 174 4.114
1646085480 24.72 75.95 168 4.114
1646085540 24.7 75.92 168 4.114
1646085600 24.7 75.93 168 4.114
1646085660 24.7 75.91 168 4.114
1646085720 24.66 75.88 162 4.114
1646085780 24.77 75.9 162 4.114
1646085840 24.75 75.89 156 4.114
1646085900 24.69 75.86 156 4.119
1646085960 24.72 75.82 150 4.119
1646086020 24.63 75.81 144 4.114
1646086080 24.62 75.81 138 4.114
1646086140 24.62 75.83 132 4.114
1646086200 24.52 75.74 132 4.114
1646086260 24.55 75.8 126 4.114
1646086320 24.49 75.79 126 4.119
1646086380 24.48 75.82 120 4.114
1646086440 24.46 75.78 120 4.114
1646086500 24.45 75.79 120 4.114
1646086560 24.4 75.75 120 4.114
1646086620 24.39 75.75 114 4.119
1646086680 24.38 75.77 114 4.114
1646086740 24.36 75.73 120 4.119
1646086800 24.35 75.7 126 4.114
1646086860 24.31 75.68 132 4.119
1646086920 24.23 75.67 132 4.114
1646086980 24.19 75.63 138 4.114
1646087040 24.14 75.66 132 4.119
1646087100 24.11 75.72 132 4.114
1646087160 24.08 75.74 126 4.119
1646087220 24.07 75.8 126 4.119
1646087280 24.08 75.87 126 4.114
1646087340 23.98 75.93 120 4.114
1646087400 23.98 76 120 4.119
1646087460 23.97 76.08 120 4.119
1646087520 23.92 76.17 120 4.119
1646087580 23.89 76.21 126 4.114
1646087640 23.89 76.32 126 4.119
1646087700 23.85 76.41 126 4.119
1646087760 23.82 76.55 126 4.119
1646087820 23.82 76.65 120 4.114
1646087880 23.81 76.73 114 4.114
1646087940 23.77 76.85 108 4.114
1646088000 23.78 76.98 102 4.114
1646088060 23.82 77.06 96 4.114
1646088120 23.81 77.18 96 4.119
1646088180 23.78 77.28 90 4.114
1646088240 23.78 77.39 84 4.114
1646088300 23.75 77.48 78 4.114
1646088360 23.75 77.59 66 4.119
1646088420 23.77 77.67 54 4.114
1646088480 23.75 77.77 48 4.114
1646088540 23.75 77.91 42 4.114
1646088600 23.74 78.02 36 4.108
1646088660 23.68 78.13 36 4.114
1646088720 23.64 78.23 30 4.114
1646088780 23.63 78.3 24 4.114
1646088840 23.64 78.41 24 4.114
1646088900 23.6 78.48 24 4.114
1646088960 23.54 78.59 18 4.108
1646089020 23.54 78.66 18 4.114
1646089080 23.53 78.73 18 4.108
1646089140 23.53 78.85 12 4.108
1646089200 23.53 78.93 12 4.114
1646089260 23.51 79.03 12 4.114
1646089320 23.5 79.14 12 4.114
1646089380 23.51 79.2 12 4.114
1646089440 23.49 79.3 12 4.114
1646089500 23.41 79.44 12 4.114
1646089560 23.44 79.6 12 4.114
1646089620 23.4 79.71 18 4.114
1646089680 23.36 79.81 12 4.108
1646089740 23.39 79.87 12 4.114
1646089800 23.4 79.97 12 4.108
1646089860 23.4 80.08 12 4.114
1646089920 23.39 80.11 12 4.108
1646089980 23.41 80.23 18 4.108
1646090040 23.4 80.28 12 4.108
1646090100 23.41 80.32 12 4.114
1646090160 23.49 80.41 12 4.108
1646090220 23.46 80.5 12 4.108
1646090280 23.43 80.63 18 4.114
1646090340 23.39 80.75 12 4.114
1646090400 23.37 80.88 12 4.108
1646090460 23.34 80.94 12 4.114
1646090520 23.31 81.03 18 4.114
1646090580 23.33 81.13 12 4.108
1646090640 23.3 81.28 12 4.108
1646090700 23.27 81.48 12 4.114
1646090760 23.14 81.64 12 4.114
1646090820 23.09 81.83 12 4.114
1646090880 23.02 82 12 4.108
1646090940 22.99 82.16 12 4.114
1646091000 22.93 82.36 6 4.108
1646091060 22.89 82.48 6 4.108
1646091120 22.83 82.65 6 4.114
1646091180 22.83 82.84 6 4.114
1646091240 22.83 82.96 6 4.108
1646091300 22.8 83.12 6 4.108
1646091360 22.79 83.28 6 4.108
1646091420 22.75 83.41 0 4.114
1646091480 22.73 83.56 6 4.114
1646091540 22.72 83.68 6 4.108
1646091600 22.69 83.78 0 4.108
1646091660 22.7 83.89 0 4.108
1646091720 22.7 83.95 6 4.114
1646091780 22.7 84.1 0 4.108
1646091840 22.7 84.18 0 4.114
1646091900 22.73 84.28 0 4.108
1646091960 22.73 84.39 0 4.108
1646092020 22.82 84.48 0 4.114
1646092080 22.76 84.63 0 4.114
1646092140 22.78 84.68 0 4.114
1646092200 22.83 84.76 0 4.114
1646092260 22.85 84.85 0 4.108
1646092320 22.89 84.93 0 4.108
1646092380 22.85 85 0 4.108
1646092440 22.85 85.1 0 4.108
1646092500 22.79 85.14 0 4.114
1646092560 22.78 85.2 0 4.114
1646092620 22.72 85.23 0 4.108
1646092680 22.72 85.29 0 4.108
1646092740 22.69 85.34 0 4.108
1646092800 22.65 85.38 0 4.114
1646092860 22.59 85.42 0 4.108
1646092920 22.58 85.47 0 4.114
1646092980 22.55 85.48 0 4.108
1646093040 22.58 85.54 0 4.108
1646093100 22.49 85.57 0 4.108
1646093160 22.49 85.63 0 4.108
1646093220 22.49 85.65 0 4.108
1646093280 22.46 85.67 0 4.108
1646093340 22.44 85.73 0 4.108
1646093400 22.39 85.77 0 4.114
1646093460 22.36 85.87 0 4.108
1646093520 22.35 85.92 0 4.108
1646093580 22.28 85.95 0 4.108
1646093640 22.28 86.02 0 4.108
1646093700 22.25 86.15 0 4.108
1646093760 22.15 86.21 0 4.108
1646093820 22.14 86.27 0 4.108
1646093880 22.11 86.35 0 4.108
1646093940 22.11 86.44 0 4.108
1646094000 22.04 86.45 0 4.108
1646094060 22 86.54 0 4.108
1646094120 22 86.64 0 4.108
1646094180 21.98 86.71 0 4.108
1646094240 21.91 86.82 0 4.114
1646094300 21.9 86.86 0 4.108
1646094360 21.88 86.92 0 4.108
1646094420 21.9 87.01 0 4.108
1646094480 21.87 87.06 0 4.108
1646094540 21.88 87.16 0 4.108
1646094600 21.83 87.25 0 4.108
1646094660 21.81 87.32 0 4.108
1646094720 21.77 87.35 0 4.108
1646094780 21.8 87.48 0 4.108
1646094840 21.8 87.55 0 4.108
1646094900 21.8 87.63 0 4.108
1646094960 21.71 87.7 0 4.098
1646095020 21.73 87.71 0 4.108
1646095080 21.68 87.78 0 4.108
1646095140 21.65 87.84 0 4.108
1646095200 21.5 87.83 0 4.108
1646095260 21.44 87.84 0 4.108
1646095320 21.39 87.85 0 4.108
1646095380 21.36 87.89 0 4.108
1646095440 21.33 87.92 0 4.108
1646095500 21.32 87.96 0 4.108
1646095560 21.28 87.98 0 4.108
1646095620 21.25 88.02 0 4.108
1646095680 21.2 88.06 0 4.108
1646095740 21.19 88.11 0 4.108
1646095800 21.2 88.15 0 4.108
1646095860 21.18 88.21 0 4.108
1646095920 21.14 88.26 0 4.108
1646095980 21.12 88.34 0 4.108
1646096040 21.07 88.43 0 4.108
1646096100 21.07 88.5 0 4.108
1646096160 21.06 88.59 0 4.108
1646096220 21.1 88.68 0 4.108
1646096280 21.03 88.79 0 4.108
1646096340 21.05 88.85 0 4.108
1646096400 21.03 88.98 0 4.108
1646096460 21.05 89.09 0 4.108
1646096520 21.03 89.18 0 4.108
1646096580 20.95 89.31 0 4.108
1646096640 20.95 89.34 0 4.108
1646096700 20.9 89.47 0 4.108
1646096760 20.96 89.62 0 4.108
1646096820 20.9 89.77 0 4.108
1646096880 20.89 89.84 0 4.108
1646096940 20.82 89.95 0 4.108
1646097000 20.79 90.12 0 4.108
1646097060 20.81 90.19 0 4.108
1646097120 20.77 90.3 0 4.108
1646097180 20.71 90.44 0 4.108
1646097240 20.69 90.57 0 4.108
1646097300 20.65 90.68 0 4.108
1646097360 20.68 90.82 0 4.108
1646097420 20.67 90.94 0 4.108
1646097480 20.65 91.03 0 4.108
1646097540 20.64 91.15 0 4.108
1646097600 20.61 91.25 0 4.108
1646097660 20.56 91.38 0 4.108
1646097720 20.56 91.46 0 4.108
1646097780 20.55 91.58 0 4.108
1646097840 20.55 91.7 0 4.108
1646097900 20.55 91.77 0 4.108
1646097960 20.52 91.9 0 4.108
1646098020 20.52 92.01 0 4.108
1646098080 20.51 92.08 0 4.108
1646098140 20.48 92.23 0 4.108
1646098200 20.48 92.29 0 4.108
1646098260 20.45 92.36 0 4.108
1646098320 20.45 92.47 0 4.108
1646098380 20.44 92.56 0 4.108
1646098440 20.41 92.61 0 4.108
1646098500 20.44 92.7 0 4.108
1646098560 20.39 92.77 0 4.108
1646098620 20.37 92.87 0 4.103
1646098680 20.38 92.93 0 4.108
1646098740 20.39 92.99 0 4.108
1646098800 20.37 93.1 0 4.108
1646098860 20.35 93.12 0 4.108
1646098920 20.32 93.2 0 4.108
1646098980 20.42 93.27 0 4.108
1646099040 20.35 93.32 0 4.108
1646099100 20.32 93.4 0 4.108
1646099160 20.32 93.45 0 4.108
1646099220 20.3 93.52 0 4.108
1646099280 20.3 93.57 0 4.103
1646099340 20.31 93.65 0 4.108
1646099400 20.3 93.68 0 4.108
1646099460 20.31 93.76 0 4.108
1646099520 20.31 93.82 0 4.103
1646099580 20.3 93.83 0 4.108
1646099640 20.31 93.94 0 4.108
1646099700 20.3 93.96 0 4.108
1646099760 20.3 94 0 4.108
1646099820 20.3 94.04 0 4.108
1646099880 20.28 94.09 0 4.103
1646099940 20.26 94.09 0 4.108
1646100000 20.26 94.19 0 4.108
1646100060 20.28 94.2 0 4.108
1646100120 20.26 94.23 0 4.108
1646100180 20.31 94.28 0 4.103
1646100240 20.26 94.32 0 4.108
1646100300 20.28 94.35 0 4.108
1646100360 20.26 94.39 0 4.108
1646100420 20.14 94.39 0 4.108
1646100480 20.14 94.44 0 4.108
1646100540 20.13 94.53 0 4.108
1646100600 20.13 94.54 0 4.108
1646100660 20.06 94.55 0 4.108
1646100720 20.03 94.6 0 4.103
1646100780 20.01 94.63 0 4.103
1646100840 20.1 94.63 0 4.108
1646100900 20.17 94.67 0 4.108
1646100960 20.24 94.71 0 4.103
1646101020 20.23 94.7 0 4.108
1646101080 20.26 94.76 0 4.103
1646101140 20.21 94.76 0 4.103
1646101200 20.14 94.79 0 4.103
1646101260 20.13 94.82 0 4.108
1646101320 20.17 94.85 0 4.108
1646101380 20.17 94.87 0 4.108
1646101440 20.16 94.93 0 4.108
1646101500 20.17 94.87 0 4.108
1646101560 20.21 94.94 0 4.108
1646101620 20.23 94.98 0 4.108
1646101680 20.21 94.94 0 4.103
1646101740 20.21 94.95 0 4.103
1646101800 20.18 95.01 0 4.103
1646101860 20.17 95.04 0 4.103
1646101920 20.16 95 0 4.108
1646101980 20.21 95.07 0 4.108
1646102040 20.17 95.09 0 4.108
1646102100 20.21 95.09 0 4.103
1646102160 20.2 95.11 0 4.108
1646102220 20.17 95.13 0 4.108
1646102280 20.16 95.14 0 4.108
1646102340 20.14 95.15 0 4.103
1646102400 20.13 95.2 0 4.103
1646102460 20.16 95.19 0 4.108
1646102520 20.14 95.22 0 4.103
1646102580 20.13 95.23 0 4.103
1646102640 20.16 95.28 0 4.103
1646102700 20.13 95.27 0 4.103
1646102760 20.14 95.3 0 4.103
1646102820 20.11 95.28 0 4.103
1646102880 20.1 95.31 0 4.103
1646102940 20.1 95.34 0 4.103
1646103000 20.11 95.32 0 4.108
1646103060 20.13 95.37 0 4.108
1646103120 20.11 95.36 0 4.103
1646103180 20.13 95.43 0 4.103
1646103240 20.16 95.46 0 4.103
1646103300 20.17 95.47 0 4.108
1646103360 20.14 95.45 0 4.108
1646103420 20.11 95.46 0 4.108
1646103480 20.11 95.44 0 4.103
1646103540 20.13 95.49 0 4.103
1646103600 20.14 95.52 0 4.103
1646103660 20.11 95.56 0 4.103
1646103720 20.13 95.57 0 4.103
1646103780 20.16 95.6 0 4.103
1646103840 20.17 95.6 0 4.103
1646103900 20.08 95.64 0 4.103
1646103960 20 95.63 0 4.103
1646104020 20.03 95.62 0 4.103
1646104080 20.04 95.7 0 4.103
1646104140 20.03 95.7 0 4.108
1646104200 20.08 95.71 0 4.103
1646104260 20.03 95.75 0 4.103
1646104320 20 95.76 0 4.103
1646104380 19.98 95.79 0 4.098
1646104440 19.98 95.8 0 4.103
1646104500 19.97 95.81 0 4.103
1646104560 19.98 95.83 0 4.103
1646104620 19.97 95.85 0 4.108
1646104680 19.97 95.86 0 4.103
1646104740 19.97 95.86 0 4.103
1646104800 20.01 95.86 0 4.103
1646104860 19.98 95.87 0 4.103
1646104920 20 95.88 0 4.108
1646104980 20.03 95.87 0 4.103
1646105040 20.01 95.92 0 4.103
1646105100 20 95.88 0 4.103
1646105160 19.97 95.95 0 4.103
1646105220 19.98 95.95 0 4.103
1646105280 19.97 95.96 0 4.103
1646105340 20.03 95.98 0 4.103
1646105400 20.06 95.94 0 4.103
1646105460 20.04 95.97 0 4.103
1646105520 20.04 95.94 0 4.103
1646105580 20 95.96 0 4.103
1646105640 20 95.96 0 4.103
1646105700 19.96 95.96 0 4.103
1646105760 19.93 96 0 4.103
1646105820 19.9 96 0 4.103
1646105880 19.91 95.98 0 4.108
1646105940 19.88 96.01 0 4.103
1646106000 19.86 96 0 4.103
1646106060 19.86 96 0 4.103
1646106120 19.86 96 0 4.103
1646106180 19.93 96.02 0 4.103
1646106240 19.88 96.03 0 4.103
1646106300 19.86 96.01 0 4.103
1646106360 19.86 96 0 4.098
1646106420 19.83 96.02 0 4.103
1646106480 19.86 96.02 0 4.103
1646106540 19.84 96.03 0 4.103
1646106600 19.86 96.03 0 4.103
1646106660 19.84 96.01 0 4.103
1646106720 19.87 96.02 0 4.103
1646106780 19.88 96.02 0 4.103
1646106840 19.87 96.05 0 4.103
1646106900 19.88 96.04 0 4.103
1646106960 19.86 96.04 0 4.103
1646107020 19.86 96.07 0 4.103
1646107080 19.88 96.05 0 4.103
1646107140 19.91 96.07 0 4.103
1646107200 19.97 96.07 0 4.103
1646107260 19.97 96.08 0 4.103
1646107320 19.93 96.04 0 4.103
1646107380 19.93 96.09 0 4.103
1646107440 19.88 96.11 0 4.103
1646107500 19.86 96.11 0 4.103
1646107560 19.88 96.11 0 4.103
1646107620 19.9 96.09 0 4.103
1646107680 19.94 96.11 0 4.103
1646107740 19.96 96.13 0 4.103
1646107800 19.98 96.15 0 4.103
1646107860 19.98 96.14 0 4.103
1646107920 19.98 96.12 0 4.103
1646107980 19.98 96.14 0 4.098
1646108040 20.01 96.17 0 4.098
1646108100 20.04 96.16 0 4.103
1646108160 20.01 96.16 0 4.103
1646108220 20.01 96.16 0 4.103
1646108280 20.03 96.18 0 4.103
1646108340 20.06 96.18 0 4.103
1646108400 20.08 96.2 0 4.103
1646108460 20.07 96.2 0 4.103
1646108520 20.07 96.19 0 4.103
1646108580 20.04 96.22 0 4.103
1646108640 20.08 96.2 0 4.103
1646108700 20.08 96.24 0 4.103
1646108760 20.11 96.22 0 4.103
1646108820 20.14 96.22 0 4.103
1646108880 20.14 96.19 0 4.098
1646108940 20.16 96.23 0 4.098
1646109000 20.11 96.22 0 4.103
1646109060 20.07 96.26 0 4.098
1646109120 20.08 96.24 0 4.103
1646109180 20.1 96.24 0 4.103
1646109240 20.07 96.26 0 4.098
1646109300 20.08 96.25 0 4.098
1646109360 20.04 96.25 0 4.103
1646109420 20.06 96.27 0 4.103
1646109480 20.08 96.25 0 4.098
1646109540 20.11 96.28 0 4.103
1646109600 20.08 96.29 0 4.103
1646109660 20.08 96.28 0 4.098
1646109720 20.1 96.29 0 4.103
1646109780 20.08 96.28 0 4.098
1646109840 20.07 96.28 0 4.098
1646109900 20.07 96.3 0 4.103
1646109960 20.14 96.28 0 4.103
1646110020 20.11 96.28 0 4.103
1646110080 20.06 96.29 0 4.103
1646110140 20.07 96.24 0 4.098
1646110200 20.14 96.26 0 4.098
1646110260 20.16 96.3 0 4.098
1646110320 20.14 96.29 0 4.103
1646110380 20.13 96.27 0 4.098
1646110440 20.16 96.3 0 4.103
1646110500 20.13 96.29 0 4.103
1646110560 20.08 96.34 0 4.103
1646110620 20.08 96.3 0 4.103
1646110680 20.06 96.29 0 4.098
1646110740 20.1 96.31 0 4.098
