1634792400 22.64 76.68 0 4.022
1634792460 22.63 77.13 0 4.017
1634792520 22.61 77.39 0 4.022
1634792580 22.61 77.41 0 4.017
1634792640 22.61 77.46 0 4.017
1634792700 22.58 77.7 0 4.017
1634792760 22.57 77.68 0 4.017
1634792820 22.57 77.55 0 4.017
1634792880 22.5 77.45 0 4.022
1634792940 22.51 77.56 0 4.017
1634793000 22.48 77.6 0 4.017
1634793060 22.47 77.78 0 4.017
1634793120 22.46 77.93 0 4.017
1634793180 22.46 77.95 0 4.017
1634793240 22.4 78.02 0 4.017
1634793300 22.43 77.97 0 4.017
1634793360 22.39 78.04 0 4.017
1634793420 22.37 78.08 0 4.017
1634793480 22.42 78.87 0 4.017
1634793540 22.4 79.95 0 4.017
1634793600 22.39 80.38 0 4.017
1634793660 22.37 80.37 0 4.017
1634793720 22.36 80.63 0 4.017
1634793780 22.33 80.33 0 4.017
1634793840 22.32 80.11 0 4.012
1634793900 22.3 79.86 0 4.017
1634793960 22.27 80.34 0 4.017
1634794020 22.29 80.6 0 4.012
1634794080 22.3 81.77 0 4.012
1634794140 22.33 82.83 0 4.017
1634794200 22.29 83.09 0 4.017
1634794260 22.3 83.77 0 4.017
1634794320 22.27 83.95 0 4.017
1634794380 22.26 84.37 0 4.017
1634794440 22.29 84.55 0 4.017
1634794500 22.24 84.33 0 4.017
1634794560 22.3 85.09 0 4.017
1634794620 22.39 85.29 0 4.017
1634794680 22.4 85.25 0 4.017
1634794740 22.43 84.56 0 4.012
1634794800 22.47 84.06 0 4.012
1634794860 22.44 83.56 0 4.017
1634794920 22.47 83.37 0 4.012
1634794980 22.44 83.37 0 4.012
1634795040 22.46 83.22 0 4.017
1634795100 22.43 82.83 0 4.012
1634795160 22.46 82.93 0 4.012
1634795220 22.42 82.79 0 4.012
1634795280 22.42 82.7 0 4.012
1634795340 22.42 82.52 0 4.012
1634795400 22.39 82.43 0 4.017
1634795460 22.34 82.31 0 4.017
1634795520 22.36 82.25 0 4.017
1634795580 22.34 82.23 0 4.012
1634795640 22.33 82.3 0 4.012
1634795700 22.32 82.25 0 4.012
1634795760 22.3 82.28 0 4.012
1634795820 22.3 82.17 0 4.012
1634795880 22.29 81.98 0 4.012
1634795940 22.26 81.86 0 4.012
1634796000 22.29 82.9 0 4.012
1634796060 22.26 83.57 0 4.012
1634796120 22.29 84.47 0 4.012
1634796180 22.26 85.36 0 4.012
1634796240 22.2 85.59 0 4.012
1634796300 22.17 86.17 0 4.012
1634796360 22.17 87.17 0 4.012
1634796420 22.12 87.51 0 4.012
1634796480 22.1 87.78 0 4.012
1634795640 22.33 82.3 0 4.012
1634795700 22.32 82.25 0 4.012
1634795760 22.3 82.28 0 4.012
1634795820 22.3 82.17 0 4.012
1634795880 22.29 81.98 0 4.012
1634795940 22.26 81.86 0 4.012
1634796000 22.29 82.9 0 4.012
1634796060 22.26 83.57 0 4.012
1634796120 22.29 84.47 0 4.012
1634796180 22.26 85.36 0 4.012
1634796240 22.2 85.59 0 4.012
1634796300 22.17 86.17 0 4.012
1634796360 22.17 87.17 0 4.012
1634796420 22.12 87.51 0 4.012
1634796480 22.1 87.78 0 4.012
1634796540 22.06 88 0 4.006
1634796600 22.03 88.54 0 4.006
1634796660 22.03 88.98 0 4.012
1634796720 22.02 89.11 0 4.012
1634796780 21.96 89.19 0 4.012
1634796840 21.97 89.74 0 4.012
1634796900 21.95 90.09 0 4.012
1634796960 21.91 90.13 0 4.012
1634797020 21.92 90.4 0 4.012
1634797080 21.89 90.5 0 4.012
1634797140 21.89 90.57 0 4.006
1634797200 21.88 90.62 0 4.012
1634797260 21.88 90.93 0 4.012
1634797320 21.89 90.95 0 4.012
1634797380 21.79 90.46 0 4.012
1634797440 21.82 89.74 0 4.006
1634797500 21.81 88.2 0 4.006
1634797560 21.83 87.23 0 4.006
1634797620 21.89 85.94 0 4.006
1634797680 21.92 85.21 0 4.006
1634797740 21.89 84.34 0 4.006
1634797800 21.88 83.94 0 4.006
1634797860 21.89 83.72 0 4.012
1634797920 21.91 83.51 0 4.006
1634797980 21.92 83.8 0 4.006
1634798040 21.89 83.59 0 4.012
1634798100 21.91 83.51 0 4.006
1634798160 21.89 83.35 0 4.006
1634798220 21.88 83.29 0 4.006
1634798280 21.88 83.52 0 4.012
1634798340 21.93 83.53 0 4.006
1634798400 21.91 83.46 0 4.006
1634798460 21.89 83.32 0 4.006
1634798520 21.89 83.16 0 4.006
1634798580 21.88 83.14 0 4.006
1634798640 21.86 83.17 0 4.006
1634798700 21.85 83.07 0 4.006
1634798760 21.85 82.79 0 4.006
1634798820 21.83 82.77 0 4.006
1634798880 21.82 82.92 0 4.006
1634798940 21.79 83.04 0 4.006
1634799000 21.79 83.23 0 4.006
1634799060 21.75 83.2 0 4.012
1634799120 21.75 83.3 0 4.006
1634799180 21.76 83.51 0 4.006
1634799240 21.76 83.52 0 4.001
1634799300 21.78 83.38 0 4.001
1634799360 21.83 83.33 0 4.006
1634799420 21.86 83.17 0 4.006
1634799480 21.89 83.1 0 4.006
1634799540 21.91 82.92 0 4.006
1634799600 21.89 83.02 0 4.006
1634799660 21.89 83.08 0 4.006
1634799720 21.92 83.03 0 4.006
1634799780 21.93 82.96 0 4.006
1634799840 21.92 82.87 0 4.006
1634799900 21.91 82.74 0 4.006
1634799960 21.91 82.63 0 4.006
1634800020 21.88 82.71 0 4.006
1634800080 21.85 82.72 0 4.006
1634800140 21.86 82.87 0 4.001
1634800200 21.82 83.24 0 4.006
1634800260 21.81 83.51 0 4.001
1634800320 21.78 83.54 0 4.001
1634800380 21.75 83.57 0 4.006
1634800440 21.72 83.52 0 4.006
1634800500 21.71 83.4 0 4.006
1634800560 21.69 83.35 0 4.006
1634800620 21.68 83.35 0 4.006
1634800680 21.63 83.37 0 4.006
1634800740 21.63 83.47 0 4.001
1634800800 21.62 83.32 0 4.001
1634800860 21.61 83.36 0 4.001
1634800920 21.62 83.31 0 4.006
1634800980 21.65 83.34 0 4.006
1634801040 21.71 83.64 0 4.001
1634801100 21.76 83.38 0 4.001
1634801160 21.82 83.09 0 4.001
1634801220 21.82 82.88 0 4.001
1634801280 21.83 82.75 0 4.001
1634801340 21.83 82.36 0 4.001
1634801400 21.85 82.16 0 4.001
1634801460 21.85 81.92 0 4.006
1634801520 21.86 81.42 0 4.001
1634801580 21.88 81.1 0 4.001
1634801640 21.88 81.15 0 4.001
1634801700 21.86 80.91 0 4.001
1634801760 21.93 80.38 0 4.006
1634801820 21.91 80.25 0 4.006
1634801880 21.97 81.72 0 4.001
1634801940 22.02 82.45 0 4.001
1634802000 21.97 81.83 0 4.001
1634802060 22.02 83.9 0 4.001
1634802120 22.03 84.22 0 4.001
1634802180 22.03 83.76 0 4.001
1634802240 21.97 81.4 0 4.001
1634802300 22 80.3 0 4.001
1634802360 22.07 79.73 0 4.001
1634802420 22.07 79.37 0 4.001
1634802480 22.06 78.87 0 4.001
1634802540 22.14 78.66 0 4.001
1634802600 22.1 78.66 0 4.001
1634802660 22.12 78.72 0 4.001
1634802720 22.14 78.96 0 4.001
1634802780 22.14 79.59 0 4.001
1634802840 22.14 80.11 0 3.996
1634802900 22.13 80.21 0 3.996
1634802960 22.13 80.13 0 3.996
1634803020 22.14 80.23 0 4.001
1634803080 22.12 80.35 0 4.001
1634803140 22.12 80.48 0 4.001
1634803200 22.13 80.32 0 4.001
1634803260 22.16 80.31 0 4.001
1634803320 22.19 80.32 0 4.001
1634803380 22.17 80.32 0 4.001
1634803440 22.19 80.27 0 4.001
1634803500 22.19 80.32 0 4.001
1634803560 22.19 80.38 0 4.001
1634803620 22.2 80.46 0 4.001
1634803680 22.2 80.6 0 3.996
1634803740 22.22 80.71 0 3.996
1634803800 22.17 80.98 0 3.996
1634803860 22.16 81.28 0 3.996
1634803920 22.16 82.12 0 4.001
1634803980 22.14 82.16 0 4.001
1634804040 22.09 81.91 0 3.996
1634804100 22.09 81.95 0 3.996
1634804160 22.06 81.84 0 3.996
1634804220 22.07 81.93 0 4.001
1634804280 22.07 81.93 0 4.001
1634804340 22.06 81.86 0 4.001
1634804400 22.09 82.02 0 4.001
1634804460 22.09 82.13 0 4.001
1634804520 22.07 81.96 0 3.996
1634804580 22.07 81.86 0 4.001
1634804640 22.03 81.78 0 3.996
1634804700 22.02 81.77 0 3.996
1634804760 22.02 81.63 0 4.001
1634804820 22.02 81.63 0 3.996
1634804880 21.99 81.69 0 4.001
1634804940 21.99 81.87 0 3.996
1634805000 21.95 82.12 0 3.996
1634805060 21.97 82.2 0 3.996
1634805120 21.93 82.27 0 4.001
1634805180 21.93 83.16 0 4.001
1634805240 21.89 83.64 0 3.996
1634805300 21.88 84.3 0 3.996
1634805360 21.85 84.74 0 3.996
1634805420 21.81 85.28 0 3.996
1634805480 21.76 85.69 0 3.996
1634805540 21.71 86.1 0 3.996
1634805600 21.66 86.09 0 3.996
1634805660 21.62 86.24 0 3.996
1634805720 21.58 86.12 0 3.996
1634805780 21.59 86.44 0 3.996
1634805840 21.54 86.68 0 3.996
1634805900 21.52 86.93 0 3.996
1634805960 21.51 87.04 0 3.996
1634806020 21.46 87.11 0 3.996
1634806080 21.44 87.13 0 3.996
1634806140 21.42 87.42 0 3.996
1634806200 21.41 87.37 0 3.996
1634806260 21.41 87.4 0 3.996
1634806320 21.41 87.02 0 3.996
1634806380 21.41 86.98 0 3.996
1634806440 21.38 86.87 0 3.996
1634806500 21.4 86.87 0 3.996
1634806560 21.4 86.66 0 3.99
1634806620 21.41 86.67 0 3.996
1634806680 21.37 86.77 0 3.996
1634806740 21.37 87.08 0 3.996
1634806800 21.37 87.19 0 3.996
1634806860 21.38 88.21 0 3.996
1634806920 21.32 88.36 0 3.996
1634806980 21.3 88.64 0 3.996
1634807040 21.28 88.79 0 3.996
1634807100 21.21 88.69 0 3.996
1634807160 21.21 88.61 0 3.99
1634807220 21.18 88.6 0 3.99
1634807280 21.18 88.76 0 3.99
1634807340 21.21 88.71 0 3.99
1634807400 21.18 88.54 0 3.99
1634807460 21.2 88.32 0 3.996
1634807520 21.2 88.14 0 3.996
1634807580 21.2 88.02 0 3.996
1634807640 21.22 87.89 0 3.99
1634807700 21.25 87.77 0 3.99
1634807760 21.24 87.87 0 3.996
1634807820 21.25 88.02 0 3.996
1634807880 21.27 88.33 0 3.996
1634807940 21.25 88.49 0 3.99
1634808000 21.27 89.03 0 3.99
1634808060 21.25 89.1 0 3.99
1634808120 21.21 89.19 0 3.99
1634808180 21.24 89.54 0 3.996
1634808240 21.21 89.42 0 3.985
1634808300 21.22 89.78 0 3.99
1634808360 21.22 90.06 0 3.99
1634808420 21.3 90.19 0 3.99
1634808480 21.25 90.22 0 3.99
1634808540 21.22 90.26 0 3.99
1634808600 21.25 90.29 0 3.99
1634808660 21.2 90.09 0 3.99
1634808720 21.18 89.91 0 3.99
1634808780 21.24 89.9 0 3.99
1634808840 21.25 89.91 0 3.99
1634808900 21.21 89.57 0 3.99
1634808960 21.18 88.99 0 3.99
1634809020 21.21 88.49 0 3.99
1634809080 21.28 88.25 0 3.99
1634809140 21.3 87.74 0 3.99
1634809200 21.3 86.66 0 3.99
1634809260 21.28 85.79 0 3.99
1634809320 21.31 85.65 0 3.99
1634809380 21.31 85.5 0 3.99
1634809440 21.32 85.41 0 3.99
1634809500 21.32 85.39 0 3.99
1634809560 21.35 85.47 0 3.99
1634809620 21.34 85.54 0 3.99
1634809680 21.34 85.68 0 3.99
1634809740 21.28 85.59 0 3.99
1634809800 21.24 85.78 0 3.99
1634809860 21.22 85.9 0 3.99
1634809920 21.24 86.13 0 3.99
1634809980 21.28 86.14 0 3.99
1634810040 21.31 86.14 0 3.985
1634810100 21.28 86.02 0 3.985
1634810160 21.28 86.21 0 3.99
1634810220 21.22 86.17 0 3.99
1634810280 21.2 86.05 0 3.99
1634810340 21.21 86.06 0 3.99
1634810400 21.2 85.63 0 3.99
1634810460 21.2 85.19 0 3.99
1634810520 21.15 84.79 0 3.99
1634810580 21.14 84.36 0 3.99
1634810640 21.15 83.67 0 3.99
1634810700 21.14 83.42 0 3.985
1634810760 21.14 83.96 0 3.99
1634810820 21.11 84.38 0 3.985
1634810880 21.07 85.09 0 3.99
1634810940 21.04 85.34 0 3.985
1634811000 21 85.28 0 3.985
1634811060 20.94 85.25 0 3.985
1634811120 20.94 85.38 0 3.985
1634811180 20.93 85.36 0 3.99
1634811240 20.93 85.38 0 3.985
1634811300 20.91 85.44 0 3.985
1634811360 20.89 85.67 0 3.985
1634811420 20.89 85.7 0 3.985
1634811480 20.84 85.88 0 3.985
1634811540 20.86 86.05 0 3.985
1634811600 20.86 86.19 0 3.99
1634811660 20.83 86.17 0 3.985
1634811720 20.81 86.14 0 3.985
1634811780 20.79 86.19 0 3.99
1634811840 20.77 86.17 0 3.979
1634811900 20.77 86.17 0 3.985
1634811960 20.77 86.22 0 3.985
1634812020 20.77 86.37 0 3.985
1634812080 20.74 86.21 0 3.985
1634812140 20.73 86.27 0 3.985
1634812200 20.73 86.34 0 3.985
1634812260 20.74 86.23 0 3.985
1634812320 20.7 86.21 0 3.985
1634812380 20.69 86.15 0 3.985
1634812440 20.69 86.06 0 3.985
1634812500 20.7 86.11 0 3.985
1634812560 20.66 86.16 0 3.985
1634812620 20.62 86.33 0 3.985
1634812680 20.66 86.9 0 3.985
1634812740 20.63 87.28 0 3.979
1634812800 20.62 87.65 4 3.979
1634812860 20.62 88.25 4 3.985
1634812920 20.63 88.76 4 3.985
1634812980 20.62 89.15 4 3.979
1634813040 20.63 89.59 4 3.985
1634813100 20.63 89.9 4 3.979
1634813160 20.6 90.1 4 3.985
1634813220 20.62 90.49 10 3.985
1634813280 20.62 90.8 10 3.985
1634813340 20.6 90.92 10 3.985
1634813400 20.6 91.2 10 3.985
1634813460 20.59 91.18 16 3.985
1634813520 20.57 91.33 16 3.985
1634813580 20.57 91.29 16 3.985
1634813640 20.59 91.49 16 3.979
1634813700 20.6 91.45 16 3.979
1634813760 20.62 91.54 16 3.985
1634813820 20.6 91.49 16 3.979
1634813880 20.66 91.58 16 3.985
1634813940 20.7 91.06 22 3.985
1634814000 20.71 90.7 22 3.979
1634814060 20.73 90.32 22 3.979
1634814120 20.76 89.76 22 3.985
1634814180 20.79 89.24 22 3.985
1634814240 20.86 88.68 22 3.985
1634814300 20.93 88.54 28 3.979
1634814360 20.94 88.09 28 3.979
1634814420 20.94 87.53 28 3.979
1634814480 20.95 87.23 28 3.985
1634814540 20.98 87.14 28 3.979
1634814600 21.05 86.66 28 3.979
1634814660 21.07 85.77 28 3.979
1634814720 21.14 85.92 28 3.979
1634814780 21.2 86.11 28 3.979
1634814840 21.24 85.94 28 3.985
1634814900 21.2 85.97 28 3.985
1634814960 21.18 85.81 28 3.979
1634815020 21.2 85.48 28 3.979
1634815080 21.2 85.23 28 3.979
1634815140 21.2 85.42 28 3.979
1634815200 21.27 85.77 28 3.979
1634815260 21.32 85.02 28 3.979
1634815320 21.37 84.62 28 3.979
1634815380 21.4 84.05 28 3.979
1634815440 21.48 84.42 34 3.979
1634815500 21.59 83.77 28 3.979
1634815560 21.59 83.45 34 3.979
1634815620 21.61 83.21 34 3.979
1634815680 21.62 83.34 34 3.979
1634815740 21.63 83.33 34 3.979
1634815800 21.63 83.32 34 3.979
1634815860 21.68 83.49 34 3.979
1634815920 21.72 82.86 34 3.979
1634815980 21.73 82.44 34 3.979
1634816040 21.75 82.43 34 3.979
1634816100 21.72 82.34 34 3.979
1634816160 21.73 82.76 34 3.979
1634816220 21.71 82.22 34 3.979
1634816280 21.73 82.34 34 3.979
1634816340 21.72 82.27 34 3.974
1634816400 21.73 82.05 34 3.979
1634816460 21.72 82.07 34 3.974
1634816520 21.75 82.5 34 3.974
1634816580 21.72 82.67 34 3.979
1634816640 21.73 82.82 34 3.979
1634816700 21.76 83.09 34 3.979
1634816760 21.78 83.06 40 3.979
1634816820 21.75 83.04 40 3.979
1634816880 21.82 83.47 40 3.979
1634816940 21.82 83.62 40 3.979
1634817000 21.79 83.7 40 3.974
1634817060 21.81 83.64 40 3.974
1634817120 21.83 83.79 40 3.974
1634817180 21.85 83.93 40 3.974
1634817240 21.85 83.81 40 3.974
1634817300 21.88 83.55 40 3.974
1634817360 21.85 83.23 40 3.974
1634817420 21.88 83.21 40 3.974
1634817480 21.88 82.91 40 3.974
1634817540 21.89 82.72 40 3.979
1634817600 21.92 83.14 40 3.974
1634817660 21.92 83.08 40 3.974
1634817720 21.93 83.09 40 3.979
1634817780 21.95 83.05 40 3.974
1634817840 21.97 82.92 40 3.974
1634817900 21.97 82.67 40 3.974
1634817960 21.99 82.57 40 3.979
1634818020 22.03 82.42 40 3.974
1634818080 22.06 81.95 40 3.974
1634818140 22.06 82.07 40 3.974
1634818200 22.09 81.87 40 3.974
1634818260 22.13 81.99 40 3.974
1634818320 22.16 81.9 40 3.974
1634818380 22.19 81.89 46 3.974
1634818440 22.2 81.77 40 3.974
1634818500 22.2 81.56 46 3.979
1634818560 22.23 81.41 40 3.974
1634818620 22.24 81.02 46 3.974
1634818680 22.27 81.12 46 3.974
1634818740 22.29 81.21 46 3.974
1634818800 22.32 81.06 46 3.974
1634818860 22.32 80.89 46 3.974
1634818920 22.34 80.57 46 3.969
1634818980 22.37 80.92 46 3.974
1634819040 22.39 80.59 46 3.974
1634819100 22.42 80.3 46 3.974
1634819160 22.44 80.27 46 3.969
1634819220 22.47 80.35 46 3.974
1634819280 22.51 80.06 46 3.974
1634819340 22.5 79.56 46 3.974
1634819400 22.53 79.14 46 3.974
1634819460 22.56 79.12 46 3.974
1634819520 22.58 79.34 46 3.974
1634819580 22.63 79.34 46 3.974
1634819640 22.66 79.03 46 3.974
1634819700 22.63 77.87 51 3.974
1634819760 22.63 77.83 51 3.974
1634819820 22.66 76.89 51 3.974
1634819880 22.74 77.41 51 3.974
1634819040 22.39 80.59 46 3.974
1634819100 22.42 80.3 46 3.974
1634819160 22.44 80.27 46 3.969
1634819220 22.47 80.35 46 3.974
1634819280 22.51 80.06 46 3.974
1634819340 22.5 79.56 46 3.974
1634819400 22.53 79.14 46 3.974
1634819460 22.56 79.12 46 3.974
1634819520 22.58 79.34 46 3.974
1634819580 22.63 79.34 46 3.974
1634819640 22.66 79.03 46 3.974
1634819700 22.63 77.87 51 3.974
1634819760 22.63 77.83 51 3.974
1634819820 22.66 76.89 51 3.974
1634819880 22.74 77.41 51 3.974
1634819940 22.81 76.47 51 3.969
1634820000 22.83 75.45 51 3.974
1634820060 22.91 75.82 51 3.969
1634820120 22.97 76.73 51 3.969
1634820180 22.99 76.83 51 3.974
1634820240 23.04 76.99 51 3.974
1634820300 23.05 76.35 57 3.969
1634820360 23.09 76.02 57 3.974
1634820420 23.12 74.6 57 3.969
1634820480 23.19 74.87 57 3.969
1634820540 23.26 74.85 57 3.974
1634820600 23.3 75.05 57 3.974
1634820660 23.38 74.87 57 3.969
1634820720 23.41 74.61 57 3.969
1634820780 23.46 73.55 57 3.974
1634820840 23.52 73.98 57 3.969
1634820900 23.52 74.04 57 3.969
1634820960 23.53 74.11 63 3.969
1634821020 23.55 74.6 63 3.969
1634821080 23.58 73.45 63 3.969
1634821140 23.59 72.56 63 3.969
1634821200 23.65 72.25 63 3.969
1634821260 23.66 72.14 63 3.969
1634821320 23.73 72.29 63 3.974
1634821380 23.77 72.82 63 3.969
1634821440 23.8 72.37 69 3.969
1634821500 23.81 71.82 69 3.969
1634821560 23.87 71.69 69 3.969
1634821620 23.95 71.88 69 3.969
1634821680 24.04 72.09 75 3.974
1634821740 24.06 71.24 75 3.969
1634821800 24.1 70.57 81 3.969
1634821860 24.17 70.94 81 3.969
1634821920 24.32 71.12 87 3.974
1634821980 24.47 71.02 87 3.974
1634822040 24.57 70.4 134 3.974
1634822100 24.74 70.1 286 3.979
1634822160 24.88 68.93 368 3.985
1634822220 25.16 68.5 397 3.99
1634822280 25.42 67.22 433 3.996
1634822340 25.69 66.44 493 4.012
1634822400 25.98 65.71 519 4.022
1634822460 26.3 66.76 521 4.028
1634822520 26.42 67.57 527 4.033
1634822580 26.71 66.86 528 4.033
1634822640 27.13 65.98 528 4.033
1634822700 27.44 64.69 528 4.044
1634822760 27.72 63.93 518 4.044
1634822820 27.92 63.31 438 4.039
1634822880 28.25 62.86 427 4.039
1634822940 28.65 61.39 421 4.044
1634823000 28.82 60.9 445 4.044
1634823060 29 60.32 457 4.049
1634823120 28.96 59.64 451 4.049
1634823180 29.33 58.56 469 4.055
1634823240 29.38 58.44 507 4.06
1634823300 29.58 57.19 537 4.065
1634823360 29.5 57.57 549 4.071
1634823420 29.58 57.11 561 4.076
1634823480 29.41 57.47 569 4.076
1634823540 29.88 56.54 557 4.076
1634823600 30.15 55.84 545 4.082
1634823660 29.96 55.75 508 4.076
1634823720 30.16 55.53 515 4.082
1634823780 30.42 55.14 533 4.087
1634823840 30.71 54.97 552 4.092
1634823900 30.83 54.32 576 4.098
1634823960 30.98 54.34 596 4.098
1634824020 30.8 54 614 4.103
1634824080 30.76 54.57 615 4.108
1634824140 30.94 54.27 627 4.114
1634824200 31.37 53.64 640 4.119
1634824260 31.73 52.82 641 4.119
1634824320 31.41 52.8 647 4.087
1634824380 31.34 52.89 652 4.071
1634824440 31.57 52.05 650 4.065
1634824500 31.57 51.95 650 4.06
1634824560 31.83 51.25 644 4.06
1634824620 32.06 49.71 630 4.055
1634824680 32.46 48.95 630 4.055
1634824740 32.42 49.16 624 4.055
1634824800 32.29 49.33 618 4.055
1634824860 32.66 48.82 612 4.049
1634824920 32.77 48.28 618 4.055
1634824980 32.43 48.78 624 4.049
1634825040 32.27 48.76 624 4.049
1634825100 32.54 48.1 624 4.049
1634825160 32.61 47.38 600 4.049
1634825220 32.42 47.35 582 4.049
1634825280 32.37 47.43 576 4.049
1634825340 32.66 46.7 551 4.082
1634825400 32.02 47.89 522 4.087
1634825460 32.24 47.99 530 4.092
1634825520 31.85 48.06 524 4.098
1634825580 31.44 49.01 567 4.108
1634825640 31.53 48.94 579 4.114
1634825700 31.68 48.78 561 4.114
1634825760 31.71 48.51 575 4.119
1634825820 31.85 48.65 630 4.092
1634825880 31.88 48.69 659 4.082
1634825940 31.76 48.64 646 4.076
1634826000 31.55 49.04 621 4.076
1634826060 31.51 48.27 615 4.071
1634826120 31.59 49.01 621 4.071
1634826180 31.65 49.17 603 4.071
1634826240 31.76 49.13 609 4.108
1634826300 31.53 48.66 611 4.114
1634826360 31.53 48.66 623 4.125
1634826420 31.06 48.81 630 4.082
1634826480 30.62 49.7 659 4.082
1634826540 30.55 49.9 695 4.082
1634826600 30.47 49.57 700 4.076
1634826660 30.94 49.81 718 4.076
1634826720 30.76 49.67 754 4.071
1634826780 31 49.89 764 4.071
1634826840 31.22 49.02 783 4.071
1634826900 31.59 48.73 801 4.071
1634826960 31.99 47.88 801 4.071
1634827020 32.2 47.33 795 4.071
1634827080 32.37 46.72 777 4.071
1634827140 32.53 46.82 789 4.065
1634827200 32.93 45.6 771 4.065
1634827260 33.15 45.2 777 4.065
1634827320 33.04 45.02 777 4.065
1634827380 32.91 46.04 734 4.065
1634827440 33.35 44.93 704 4.065
1634827500 33.25 45.01 715 4.065
1634827560 33.15 45.27 679 4.065
1634827620 33.18 44.76 721 4.06
1634827680 33 44.65 697 4.06
1634827740 32.93 42.79 686 4.065
1634827800 32 44.38 697 4.06
1634827860 31.99 45.82 685 4.06
1634827920 32.13 45.64 697 4.06
1634827980 32.16 46.17 685 4.06
1634828040 32.32 46.1 600 4.092
1634828100 32.3 45.8 658 4.103
1634828160 32.36 45.47 713 4.119
1634828220 32.75 45.28 692 4.098
1634828280 32.4 44.77 737 4.082
1634828340 32.4 45.56 766 4.076
1634828400 32.77 44.47 784 4.076
1634828460 32.69 44.59 778 4.076
1634828520 32.94 44.29 778 4.076
1634828580 32.81 44.73 778 4.071
1634828640 33.04 44.65 777 4.071
1634828700 33.17 44.44 789 4.071
1634828760 33.14 45.16 801 4.071
1634828820 33.2 44.71 764 4.071
1634828880 33.24 45.72 734 4.071
1634828940 33.56 45.08 692 4.065
1634829000 33.52 45.22 668 4.065
1634829060 33.55 45.5 674 4.065
1634829120 32.73 46.76 746 4.065
1634829180 31.96 49.77 841 4.065
1634829240 32.09 49.53 847 4.06
1634829300 31.98 50.31 823 4.065
1634829360 32.42 49.7 799 4.065
1634829420 32.5 49.23 799 4.06
1634829480 32.94 48.62 805 4.065
1634829540 32.84 48.05 789 4.06
1634829600 32.78 48.87 811 4.065
1634829660 32.94 47.71 787 4.06
1634829720 32.8 48.15 793 4.06
1634829780 32.96 48.2 703 4.06
1634829840 33.42 47.4 746 4.108
1634829900 33.48 46.5 786 4.119
1634829960 33.36 45.98 774 4.082
1634830020 33.29 46.2 712 4.076
1634830080 33.38 46.92 758 4.076
1634830140 33.38 47.14 796 4.071
1634830200 33.51 46.82 789 4.071
1634830260 33.63 46.71 807 4.071
1634830320 33.93 46.4 801 4.071
1634830380 33.91 46.49 807 4.071
1634830440 33.99 45.49 807 4.071
1634830500 33.85 45.85 777 4.071
1634830560 34.05 45.19 807 4.071
1634830620 34.07 45.14 873 4.065
1634830680 34.22 44.2 867 4.065
1634830740 34.6 44.14 877 4.119
1634830800 33.96 44.05 867 4.135
1634830860 33.62 44.72 908 4.146
1634830920 34 44.49 929 4.151
1634830980 34.09 44.51 923 4.162
1634831040 34.12 43.8 874 4.167
1634831100 34.16 44.5 945 4.184
1634831160 34.1 44.05 992 4.194
1634831220 33.86 44.04 1039 4.157
1634831280 34.05 45.09 1036 4.2
1634831340 34.03 44.11 1085 4.205
1634831400 34.17 43.86 1081 4.21
1634831460 34.64 43.64 1106 4.216
1634831520 35.05 42.44 1123 4.221
1634831580 35.09 41.14 1132 4.232
1634831640 34.51 40.93 1132 4.232
1634831700 34.19 41.7 1126 4.189
1634831760 34.26 42.86 1133 4.173
1634831820 34.07 44.07 1126 4.162
1634831880 34.37 44.48 1123 4.162
1634831940 34.8 43.44 1142 4.157
1634832000 35.27 42.75 1117 4.151
1634832060 35.32 42.77 353 4.151
1634832120 35.04 42.56 364 4.146
1634832180 34.8 43.19 566 4.146
1634832240 34.95 42.83 584 4.146
1634832300 35.07 42.47 632 4.146
1634832360 34.91 41.92 510 4.141
1634832420 34.37 43.44 454 4.141
1634832480 33.65 45.56 370 4.141
1634832540 33.08 46.83 340 4.13
1634832600 32.78 47.49 320 4.13
1634832660 32.44 48.47 332 4.13
1634832720 32.12 49.41 350 4.13
1634832780 31.69 50.87 356 4.13
1634832840 31.75 51.4 338 4.13
1634832900 31.53 51.68 344 4.125
1634832960 31.22 52.09 350 4.125
1634833020 31.1 52.43 374 4.125
1634833080 31.08 52.31 338 4.125
1634833140 31.04 52.68 484 4.125
1634833200 31.07 52.64 587 4.125
1634833260 30.98 52.38 387 4.119
1634833320 30.93 52.37 393 4.119
1634833380 31 52.47 471 4.119
1634833440 30.74 52.66 350 4.114
1634833500 30.63 53.75 573 4.119
1634833560 30.52 54.08 519 4.114
1634833620 30.32 54.51 331 4.114
1634833680 30.42 54.19 319 4.114
1634833740 30.56 54.22 325 4.114
1634833800 30.66 53.88 331 4.114
1634833860 30.56 53.92 337 4.114
1634833920 30.39 54 355 4.114
1634833980 30.19 54.97 368 4.114
1634834040 30.12 54.45 367 4.108
1634834100 29.99 54.53 633 4.108
1634834160 30.01 54.71 499 4.108
1634834220 30.05 54.72 567 4.108
1634834280 30.11 55.03 674 4.108
1634834340 29.95 55.38 584 4.103
1634834400 30.09 55.2 764 4.103
1634834460 30.27 54.53 892 4.103
1634834520 30.32 55.09 867 4.103
1634834580 30.52 54.57 758 4.103
1634834640 30.7 54.06 740 4.103
1634834700 30.74 53.84 777 4.103
1634834760 31.01 53.68 716 4.103
1634834820 31.3 53.62 843 4.103
1634834880 30.96 53.81 965 4.103
1634834940 31.14 53.53 692 4.103
1634835000 31.28 53.34 995 4.103
1634835060 31.17 53.46 951 4.103
1634835120 31.39 53.38 1048 4.098
1634835180 31.51 53.28 1042 4.103
1634835240 31.01 53.51 1040 4.167
1634835300 31.24 53.61 1048 4.194
1634835360 31.71 52.89 1109 4.151
1634835420 31.86 51.88 1130 4.162
1634835480 31.75 51.7 1133 4.173
1634835540 31.96 51.2 1156 4.162
1634835600 32.33 50.74 1141 4.151
1634835660 32.33 50.61 1096 4.146
1634835720 32.24 50.45 834 4.141
1634835780 32.18 51.23 1070 4.141
1634835840 32.16 51.23 1039 4.135
1634835900 32.08 51.86 795 4.135
1634835960 32.09 51.66 996 4.135
1634836020 31.92 52.03 947 4.13
1634836080 31.93 51.91 947 4.13
1634836140 31.88 51.69 974 4.194
1634836200 31.82 51.84 1028 4.167
1634836260 31.98 51.38 1093 4.178
1634836320 32.18 51.22 1097 4.194
1634836380 32.29 50.4 1048 4.173
1634836440 32.27 50.9 1090 4.167
1634836500 32.39 50.4 1082 4.167
1634836560 31.81 51.72 1075 4.162
1634836620 31.83 51.24 1142 4.157
1634836680 32.03 50.85 1063 4.151
1634836740 32.39 50.6 1109 4.151
1634836800 32.75 49.67 560 4.151
1634836860 32.9 49.52 945 4.151
1634836920 33.02 48.79 810 4.151
1634836980 32.9 48.98 689 4.146
1634837040 32.88 48.84 376 4.141
1634837100 32.27 49.68 1028 4.141
1634837160 31.83 51.38 388 4.141
1634837220 31.73 51.71 418 4.141
1634837280 31.71 52.11 840 4.141
1634837340 31.41 52.64 712 4.135
1634837400 31.38 52.99 1144 4.135
1634837460 31.75 52.54 1021 4.135
1634837520 31.98 51.86 1051 4.135
1634837580 32.24 51.42 1123 4.135
1634837640 32.43 50.8 1118 4.13
1634837700 32.26 50.92 1171 4.13
1634837760 32.36 50.69 1165 4.13
1634837820 32.4 50.21 838 4.13
1634837880 32.44 50 891 4.13
1634837940 32.3 50.07 793 4.13
1634838000 32.23 50.59 1079 4.125
1634838060 31.98 50.35 697 4.125
1634838120 32.02 50.9 1066 4.125
1634838180 32.34 50.47 1017 4.125
1634838240 32.46 49.89 981 4.125
1634838300 32.46 49.65 478 4.125
1634838360 32.15 50.39 679 4.125
1634838420 32.36 51.12 751 4.125
1634838480 32.43 50.14 1028 4.125
1634838540 32.37 49.98 320 4.119
1634838600 32.12 50.69 290 4.119
1634838660 31.89 51.36 296 4.119
1634838720 31.76 52.19 320 4.119
1634838780 31.47 52.29 350 4.119
1634838840 31.2 53.29 387 4.114
1634838900 30.97 53.97 380 4.114
1634838960 30.94 54.49 387 4.114
1634839020 30.86 54.41 471 4.114
1634839080 30.69 54.7 780 4.114
1634839140 30.71 55.18 1064 4.114
1634839200 30.77 54.61 786 4.114
1634839260 31.01 54.07 1112 4.114
1634839320 31.14 53.64 1153 4.114
1634839380 31.41 52.69 1173 4.114
1634839440 31.62 52.43 1183 4.108
1634839500 31.88 52.15 1141 4.108
1634839560 31.98 51.71 1033 4.108
1634839620 31.75 52.21 772 4.114
1634839680 32.02 52.52 1075 4.108
1634839740 32.02 51.58 575 4.119
1634839800 31.92 51.91 646 4.114
1634839860 32.02 52.38 972 4.114
1634839920 32.1 50.96 1013 4.114
1634839980 32.19 50.91 1046 4.108
1634840040 32.18 50.79 995 4.108
1634840100 31.98 51.06 1007 4.108
1634840160 31.98 51.51 1001 4.108
1634840220 32 51.51 989 4.108
1634840280 32.24 51.07 995 4.108
1634840340 32.57 50.41 989 4.108
1634840400 32.7 49.63 983 4.108
1634840460 32.66 50.14 989 4.108
1634840520 32.67 49.76 1001 4.108
1634840580 32.53 50.45 1007 4.108
1634840640 32.71 49.89 1016 4.167
1634840700 32.91 49.74 1043 4.13
1634840760 32.94 49.67 944 4.119
1634840820 33.08 49.59 1084 4.119
1634840880 33.24 49.08 1064 4.114
1634840940 33.24 49.2 307 4.114
1634841000 32.84 50.15 1034 4.114
1634841060 32.69 50.93 1040 4.119
1634841120 32.84 50.37 1034 4.108
1634841180 32.9 50.14 1064 4.114
1634841240 32.69 50.35 283 4.108
1634841300 32.6 50.76 289 4.114
1634841360 32.16 51.7 409 4.108
1634841420 31.9 52.06 694 4.108
1634841480 31.78 52.92 1063 4.108
1634841540 31.81 52.76 411 4.125
1634841600 31.82 52.85 1013 4.108
1634841660 31.83 52.98 277 4.108
1634841720 31.85 53.02 1001 4.108
1634841780 31.73 53.58 283 4.108
1634841840 31.57 53.67 246 4.103
1634841900 31.02 54.4 192 4.103
1634841960 30.32 56.16 156 4.103
1634842020 30.14 56.91 144 4.103
1634842080 29.91 57.75 150 4.103
1634842140 29.94 58.05 162 4.103
1634842200 29.89 57.93 168 4.103
1634842260 29.78 58.43 168 4.103
1634842320 29.74 58.51 168 4.103
1634842380 29.5 58.69 174 4.098
1634842440 29.53 58.48 174 4.103
1634842500 29.33 58.52 192 4.108
1634842560 29.17 59.18 222 4.114
1634842620 29.21 59.58 391 4.108
1634842680 29.25 59.39 433 4.098
1634842740 29.17 59.91 259 4.103
1634842800 29.4 59.53 240 4.098
1634842860 29.38 58.93 259 4.098
1634842920 29.27 59.45 259 4.098
1634842980 29.21 59.03 283 4.098
1634843040 29.35 59.16 445 4.098
1634843100 29.33 59.15 909 4.098
1634843160 29.54 59.07 891 4.098
1634843220 29.92 58.29 686 4.098
1634843280 30.14 57.43 909 4.092
1634843340 30.46 56.8 918 4.092
1634843400 30.74 55.99 938 4.092
1634843460 30.76 54.78 956 4.092
1634843520 30.76 54.7 932 4.092
1634843580 31 55.02 275 4.092
1634843640 31.08 54.56 269 4.092
1634843700 31.04 54.55 275 4.092
1634843760 31 54.69 275 4.092
1634843820 30.9 55.03 275 4.092
1634843880 30.96 54.96 281 4.092
1634843940 30.74 55.38 311 4.092
1634844000 30.69 56.03 251 4.087
1634844060 30.5 56.16 251 4.092
1634844120 30.42 56.52 227 4.092
1634844180 30.52 56.07 221 4.087
1634844240 30.2 55.89 204 4.098
1634844300 30.09 57.1 192 4.103
1634844360 29.92 57.08 186 4.098
1634844420 29.89 57.36 180 4.098
1634844480 29.78 57.28 174 4.098
1634844540 29.68 57.63 168 4.098
1634844600 29.47 58.58 156 4.103
1634844660 29.55 58.92 156 4.103
1634844720 29.67 58.79 174 4.103
1634844780 29.6 59.01 192 4.103
1634844840 29.53 59.27 198 4.103
1634844900 29.55 59 210 4.108
1634844960 29.38 58.95 210 4.108
1634845020 29.38 59.24 210 4.108
1634845080 29.41 59.52 222 4.108
1634845140 29.21 59.46 228 4.108
1634845200 29.16 60.29 228 4.114
1634845260 28.99 60.59 252 4.119
1634845320 28.84 61.3 283 4.108
1634845380 28.9 61.44 271 4.103
1634845440 29.04 61.42 252 4.103
1634845500 29.1 61.43 222 4.103
1634845560 29.14 61.45 210 4.098
1634845620 29.14 61.58 204 4.103
1634845680 29.14 61.55 198 4.098
1634845740 29.28 61.46 192 4.098
1634845800 29.21 61.58 210 4.098
1634845860 29.2 61.42 203 4.098
1634845920 29.17 61.32 204 4.092
1634845980 29.04 61.84 239 4.098
1634846040 29 62.08 265 4.103
1634846100 29 61.92 287 4.098
1634846160 29.14 61.69 305 4.092
1634846220 29.13 61.5 307 4.092
1634846280 29.09 61.64 721 4.092
1634846340 29.06 61.37 751 4.092
1634846400 29.17 61.02 749 4.092
1634846460 29.4 60.11 510 4.092
1634846520 29.47 59.76 781 4.092
1634846580 29.55 60.17 780 4.092
1634846640 29.78 59.61 737 4.092
1634846700 29.98 59.05 707 4.092
1634846760 30.12 58.75 612 4.087
1634846820 30.18 58.37 498 4.087
1634846880 30.23 58.54 725 4.087
1634846940 30.42 58.21 728 4.098
1634847000 30.49 57.49 722 4.103
1634847060 30.42 57.65 692 4.103
1634847120 30.37 58.32 668 4.108
1634847180 30.57 57.9 252 4.103
1634847240 30.67 57.61 192 4.098
1634847300 30.47 58.02 174 4.103
1634847360 30.37 58.38 168 4.098
1634847420 30.25 58.45 138 4.103
1634847480 30.26 58.95 144 4.098
1634847540 30.26 58.78 162 4.098
1634847600 30.26 58.97 174 4.103
1634847660 29.95 58.89 174 4.103
1634847720 29.5 60.26 162 4.103
1634847780 29.3 60.77 198 4.108
1634847840 29.44 61.17 192 4.103
1634847900 29.58 60.93 198 4.103
1634847960 29.72 60.54 198 4.103
1634848020 29.74 60.09 186 4.103
1634848080 29.76 60.54 204 4.108
1634848140 29.69 59.57 222 4.108
1634848200 29.64 59.73 234 4.114
1634848260 29.6 60.03 228 4.114
1634848320 29.6 59.92 210 4.114
1634848380 29.54 59.87 198 4.114
1634848440 29.53 60.14 204 4.114
1634848500 29.41 59.89 186 4.114
1634848560 29.2 60.5 174 4.114
1634848620 29.28 60.89 162 4.114
1634848680 28.92 60.94 156 4.114
1634848740 28.7 62.1 138 4.108
1634848800 28.82 62.24 132 4.108
1634848860 28.86 61.68 114 4.108
1634848920 28.79 61.34 102 4.108
1634848980 28.83 61.65 102 4.108
1634849040 28.89 61.6 108 4.108
1634849100 28.69 61.71 114 4.108
1634849160 28.7 62.2 108 4.108
1634849220 28.74 62.36 108 4.108
1634849280 28.65 62.23 96 4.108
1634849340 28.65 62.26 84 4.103
1634849400 28.63 62.16 78 4.108
1634849460 28.58 62.4 78 4.103
1634849520 28.41 63.19 90 4.103
1634849580 28.43 63.15 90 4.103
1634849640 28.29 63.44 96 4.098
1634849700 28.35 63.29 96 4.098
1634849760 28.35 63.77 90 4.103
1634849820 28.28 63.86 84 4.103
1634849880 28.22 63.99 78 4.098
1634849940 28.15 64.16 84 4.103
1634850000 28.21 63.88 84 4.103
1634850060 28.1 64.08 102 4.098
1634850120 28.16 64.11 102 4.098
1634850180 27.95 63.81 108 4.098
1634850240 27.9 63.9 102 4.103
1634850300 27.92 64.53 120 4.103
1634850360 27.91 63.72 144 4.103
1634850420 27.87 64.33 156 4.103
1634850480 28.08 64.06 156 4.108
1634850540 28.28 63.64 150 4.098
1634850600 28.39 63.43 150 4.103
1634850660 28.46 62.94 138 4.103
1634850720 28.53 62.9 132 4.108
1634850780 28.58 62.38 126 4.103
1634850840 28.51 62.81 126 4.103
1634850900 28.51 62.84 126 4.103
1634850960 28.53 62.56 120 4.103
1634851020 28.49 61.92 114 4.103
1634851080 28.22 63 120 4.103
1634851140 28.26 62.84 120 4.103
1634851200 28.25 62.74 120 4.103
1634851260 28.28 62.92 114 4.103
1634851320 28.26 62.55 114 4.103
1634851380 28.34 62.9 114 4.103
1634851440 28.38 62.68 114 4.098
1634851500 28.45 62.63 114 4.098
1634851560 28.52 62.42 114 4.103
1634851620 28.61 62.01 108 4.103
1634851680 28.49 62.12 108 4.098
1634851740 28.48 61.76 114 4.098
1634851800 28.11 62.08 120 4.098
1634851860 27.8 62.92 120 4.103
1634851920 27.81 63.1 132 4.103
1634851980 27.61 63.22 132 4.098
1634852040 27.47 64.22 132 4.103
1634852100 27.64 64.25 126 4.103
1634852160 27.83 63.93 126 4.103
1634852220 28.01 63.56 126 4.103
1634852280 28.08 63.27 120 4.103
1634852340 28.08 63.23 120 4.098
1634852400 28.21 62.78 120 4.103
1634852460 27.92 62.9 114 4.098
1634852520 27.91 63.52 108 4.098
1634852580 27.8 63.58 96 4.103
1634852640 27.87 63.88 84 4.098
1634852700 28.01 63.86 72 4.098
1634852760 28.14 63.66 72 4.098
1634852820 28.21 63.48 72 4.098
1634852880 28.26 63.53 72 4.098
1634852940 28.31 63.24 60 4.092
1634853000 28.34 63.34 54 4.098
1634853060 28.36 63.34 48 4.092
1634853120 28.35 63.23 42 4.092
1634853180 28.36 62.91 34 4.098
1634853240 28.31 63.19 28 4.092
1634853300 28.26 62.86 28 4.092
1634853360 28.12 62.08 28 4.092
1634853420 27.77 62.99 28 4.092
1634853480 27.63 63.8 28 4.092
1634853540 27.58 64.17 34 4.092
1634853600 27.64 64.41 40 4.092
1634853660 27.64 64.41 40 4.092
1634853720 27.74 64.48 40 4.092
1634853780 27.7 63.81 34 4.092
1634853840 27.74 64.28 34 4.092
1634853900 27.81 64.28 34 4.092
1634853960 27.85 64.42 28 4.092
1634854020 27.88 64.51 34 4.092
1634854080 27.78 64.37 28 4.092
1634854140 27.58 64.79 28 4.087
1634854200 27.56 64.74 28 4.087
1634854260 27.63 64.77 28 4.092
1634854320 27.57 64.83 28 4.087
1634854380 27.41 64.94 28 4.087
1634854440 27.47 65.43 28 4.092
1634854500 27.36 65.1 28 4.087
1634854560 27.17 66.15 28 4.087
1634854620 27.06 66.43 22 4.087
1634854680 27.05 66.86 22 4.092
1634854740 27.13 66.4 16 4.087
1634854800 27.09 66.52 16 4.087
1634854860 27.07 66.44 16 4.087
1634854920 27.07 66.01 10 4.087
1634854980 27 66.45 10 4.087
1634855040 27 66.36 10 4.082
1634855100 26.93 66.14 4 4.087
1634855160 26.74 67.15 4 4.082
1634855220 26.81 67.02 4 4.082
1634855280 26.79 66.94 0 4.087
1634855340 26.66 67.58 0 4.087
1634855400 26.55 67.41 0 4.082
1634855460 26.48 68.03 0 4.087
1634855520 26.46 68.08 0 4.087
1634855580 26.61 68.11 0 4.082
1634855640 26.62 67.91 0 4.087
1634855700 26.65 67.74 0 4.087
1634855760 26.71 67.8 0 4.082
1634855820 26.66 67.77 0 4.082
1634855880 26.39 68.45 0 4.082
1634855940 26.32 69.05 0 4.082
1634856000 26.38 69.22 0 4.082
1634856060 26.32 69.24 0 4.082
1634856120 26.46 69.07 0 4.082
1634856180 26.41 69.49 0 4.082
1634856240 26.54 69.02 0 4.082
1634856300 26.48 69.13 0 4.082
1634856360 26.58 69.01 0 4.082
1634856420 26.54 69.02 0 4.082
1634856480 26.63 69.04 0 4.082
1634856540 26.66 69.07 0 4.082
1634856600 26.68 69.14 0 4.082
1634856660 26.74 68.97 0 4.082
1634856720 26.72 69 0 4.082
1634856780 26.75 68.96 0 4.082
1634856840 26.76 69.08 0 4.076
1634856900 26.82 68.85 0 4.076
1634856960 26.82 68.9 0 4.076
1634857020 26.83 68.9 0 4.076
1634857080 26.83 68.85 0 4.076
1634857140 26.88 68.69 0 4.076
1634857200 26.89 68.73 0 4.082
1634857260 26.82 68.79 0 4.076
1634857320 26.81 68.51 0 4.076
1634857380 26.78 68.6 0 4.082
1634857440 26.65 67.94 0 4.076
1634857500 26.51 68.48 0 4.076
1634857560 26.52 68.94 0 4.076
1634857620 26.49 69.07 0 4.082
1634857680 26.62 68.84 0 4.076
1634857740 26.52 68.99 0 4.071
1634857800 26.48 69.11 0 4.076
1634857860 26.21 69.7 0 4.071
1634857920 26.13 70.39 0 4.076
1634857980 26.07 70.49 0 4.076
1634858040 26.04 69.79 0 4.076
1634858100 26.14 69.62 0 4.076
1634858160 26.17 69.35 0 4.071
1634858220 26.05 69.65 0 4.076
1634858280 26.13 69.36 0 4.076
1634858340 26.23 69.17 0 4.076
1634858400 26.3 69.01 0 4.076
1634858460 26.31 69.12 0 4.076
1634858520 26.41 68.87 0 4.076
1634858580 26.46 68.91 0 4.076
1634858640 26.41 69.08 0 4.071
1634858700 26.3 70.31 0 4.071
1634858760 26.21 71.02 0 4.071
1634858820 26.08 71.54 0 4.076
1634858880 26.08 71.48 0 4.071
1634858940 26.05 71.9 0 4.071
1634859000 26.1 71.66 0 4.071
1634859060 26.25 71.08 0 4.071
1634859120 26.23 70.86 0 4.071
1634859180 26.31 70.77 0 4.071
1634859240 26.32 70.51 0 4.071
1634859300 26.34 70.25 0 4.071
1634859360 26.31 70.68 0 4.071
1634859420 26.37 70.24 0 4.071
1634859480 26.39 70.15 0 4.071
1634859540 26.34 70.76 0 4.071
1634859600 26.41 70.78 0 4.071
1634859660 26.38 70.32 0 4.071
1634859720 26.38 70.56 0 4.071
1634859780 26.44 70.5 0 4.071
1634859840 26.37 70.38 0 4.071
1634859900 26.41 70.31 0 4.071
1634859960 26.45 70.68 0 4.071
1634860020 26.28 70.93 0 4.065
1634860080 26.34 71.07 0 4.071
1634860140 26.38 70.6 0 4.071
1634860200 26.38 71.34 0 4.071
1634860260 26.21 71.92 0 4.071
1634860320 26.17 72.39 0 4.071
1634860380 26.1 72.61 0 4.071
1634860440 26.03 72.93 0 4.065
1634860500 26.17 71.71 0 4.065
1634860560 26.23 72.29 0 4.065
1634860620 26.21 71.88 0 4.065
1634860680 26.11 72.47 0 4.065
1634860740 25.93 72.85 0 4.065
1634860800 25.87 73.02 0 4.065
1634860860 25.87 73.22 0 4.065
1634860920 25.72 73.59 0 4.065
1634860980 25.6 73.93 0 4.065
1634861040 25.6 73.91 0 4.065
1634861100 25.79 73.31 0 4.065
1634861160 25.91 72.93 0 4.065
1634861220 25.95 72.88 0 4.065
1634861280 25.95 72.86 0 4.065
1634861340 26.1 72.48 0 4.065
1634861400 25.98 72.93 0 4.065
1634861460 26.04 72.72 0 4.065
1634861520 25.93 73.01 0 4.065
1634861580 25.79 73.45 0 4.065
1634861640 25.77 74.07 0 4.065
1634861700 25.83 73.45 0 4.065
1634861760 25.87 73.22 0 4.065
1634861820 25.94 72.8 0 4.065
1634861880 26.04 72.39 0 4.065
1634861940 26.15 72.03 0 4.06
1634862000 26.14 72.09 0 4.06
1634862060 26.08 72.26 0 4.065
1634862120 26.08 71.99 0 4.065
1634862180 26.2 71.84 0 4.06
1634862240 26.28 71.22 0 4.06
1634862300 26.35 71.34 0 4.06
1634862360 26.39 71.08 0 4.06
1634862420 26.37 71.44 0 4.06
1634862480 26.37 70.84 0 4.06
1634862540 26.38 70.66 0 4.06
1634862600 26.38 70.97 0 4.06
1634862660 26.32 71.22 0 4.065
1634862720 26.3 71.3 0 4.065
1634862780 26.3 71.14 0 4.06
1634862840 26.28 71.18 0 4.06
1634862900 26.37 70.82 0 4.06
1634862960 26.41 70.41 0 4.06
1634863020 26.44 70.82 0 4.065
1634863080 26.35 71.22 0 4.06
1634863140 26.38 70.55 0 4.06
1634863200 26.44 70.77 0 4.06
1634863260 26.38 71.18 0 4.06
1634863320 26.46 70.32 0 4.06
1634863380 26.55 70.31 0 4.06
1634863440 26.54 70.2 0 4.06
1634863500 26.48 70.55 0 4.06
1634863560 26.41 70.7 0 4.06
1634863620 26.39 71.09 0 4.06
1634863680 26.41 70.65 0 4.06
1634863740 26.42 70.78 0 4.06
1634863800 26.35 70.53 0 4.06
1634863860 26.41 70.42 0 4.06
1634863920 26.45 70.18 0 4.06
1634863980 26.48 70.83 0 4.06
1634864040 26.44 70.42 0 4.055
1634864100 26.46 70.84 0 4.055
1634864160 26.39 71.29 0 4.055
1634864220 26.35 71.29 0 4.06
1634864280 26.24 71.56 0 4.055
1634864340 26.2 71.56 0 4.055
1634864400 26.18 71.84 0 4.06
1634864460 26.11 71.46 0 4.055
1634864520 26.2 70.75 0 4.055
1634864580 26.25 70.92 0 4.055
1634864640 26.21 71.1 0 4.055
1634864700 26.25 70.78 0 4.055
1634864760 26.31 70.49 0 4.055
1634864820 26.31 70.86 0 4.06
1634864880 26.23 72.29 0 4.055
1634864940 26.17 72.62 0 4.055
1634865000 26.17 72.81 0 4.055
1634865060 26.15 73 0 4.055
1634865120 26.1 73.42 0 4.055
1634865180 26.01 74.16 0 4.055
1634865240 25.98 74.01 0 4.055
1634865300 25.93 73.89 0 4.055
1634865360 25.91 74.89 0 4.055
1634865420 25.8 75.47 0 4.055
1634865480 25.77 75.83 0 4.055
1634865540 25.66 75.99 0 4.055
1634865600 25.62 76.66 0 4.055
1634865660 25.49 77.29 0 4.055
1634865720 25.4 77.64 0 4.055
1634865780 25.39 77.44 0 4.055
1634865840 25.39 78.11 0 4.049
1634865900 25.33 77.78 0 4.049
1634865960 25.32 77.34 0 4.049
1634866020 25.39 77.67 0 4.055
1634866080 25.34 77.18 0 4.049
1634866140 25.39 77.62 0 4.049
1634866200 25.46 76.87 0 4.055
1634866260 25.42 77.61 0 4.055
1634866320 25.37 78.05 0 4.055
1634866380 25.33 77.27 0 4.055
1634866440 25.34 77.25 0 4.049
1634866500 25.37 77 0 4.049
1634866560 25.43 76.34 0 4.055
1634866620 25.36 74.57 0 4.049
1634866680 25.36 75.79 0 4.049
1634866740 25.39 74.89 0 4.049
1634866800 25.26 71.33 0 4.049
1634866860 25.09 70.73 0 4.049
1634866920 25.15 71.85 0 4.049
1634866980 25.12 70.79 0 4.049
1634867040 25.02 70.28 0 4.049
1634867100 24.98 70.47 0 4.049
1634867160 25.01 70.87 0 4.049
1634867220 25.02 70.59 0 4.049
1634867280 24.96 70.47 0 4.049
1634867340 24.88 70.04 0 4.049
1634867400 24.82 70.55 0 4.049
1634867460 24.91 70.38 0 4.049
1634867520 24.78 69.44 0 4.049
1634867580 24.86 70.64 0 4.049
1634867640 25.05 69.74 0 4.044
1634867700 25.04 69.55 0 4.049
1634867760 24.92 68.73 0 4.049
1634867820 24.85 69.5 0 4.044
1634867880 24.93 70.22 0 4.049
1634867940 24.93 69.89 0 4.044
1634868000 25.15 69.23 0 4.049
1634868060 25.11 69.23 0 4.049
1634868120 24.96 69.16 0 4.049
1634868180 24.85 69.23 0 4.049
1634868240 24.72 69.59 0 4.049
1634868300 24.7 69.78 0 4.044
1634868360 24.71 70.28 0 4.044
1634868420 24.86 69.87 0 4.044
1634868480 24.95 69.46 0 4.044
1634868540 25.04 69.29 0 4.044
1634868600 25.06 69.55 0 4.044
1634868660 25.04 69.03 0 4.044
1634868720 24.96 69.58 0 4.044
1634868780 25.08 69.36 0 4.044
1634868840 25.13 69.1 0 4.044
1634868900 24.99 69.05 0 4.044
1634868960 24.88 69.7 0 4.044
1634869020 24.85 70.02 0 4.044
1634869080 24.78 70.44 0 4.044
1634869140 24.72 70.48 0 4.044
1634869200 24.77 70.43 0 4.044
1634869260 24.98 69.95 0 4.044
1634869320 24.86 70.3 0 4.044
1634869380 24.83 70.42 0 4.044
1634869440 24.98 69.88 0 4.044
1634869500 25.01 69.7 0 4.044
1634869560 25.09 69.57 0 4.044
1634869620 25.11 69.91 0 4.044
1634869680 25.16 69.41 0 4.044
1634869740 25.19 69.97 0 4.044
1634869800 25.13 70.89 0 4.044
1634869860 25.06 70.96 0 4.044
1634869920 25.08 70.67 0 4.044
1634869980 25.18 69.69 0 4.044
1634870040 25.23 70.87 0 4.044
1634870100 25.13 71.43 0 4.039
1634870160 25.08 71.01 0 4.044
1634870220 25.09 70.94 0 4.044
1634870280 25.05 72.41 0 4.044
1634870340 24.91 72.82 0 4.039
1634870400 24.96 72.29 0 4.039
1634870460 25.02 71.54 0 4.039
1634870520 25.05 72.2 0 4.039
1634870580 24.93 72.33 0 4.039
1634870640 24.89 72.44 0 4.039
1634870700 24.96 72.22 0 4.039
1634870760 24.89 72.09 0 4.039
1634870820 24.81 72.24 0 4.044
1634870880 24.79 72.14 0 4.039
1634870940 24.96 72.19 0 4.039
1634871000 25.08 71.22 0 4.039
1634871060 25.22 70.5 0 4.039
1634871120 25.37 69.86 0 4.039
1634871180 25.5 69.67 0 4.039
1634871240 25.5 69.57 0 4.039
1634871300 25.59 69.07 0 4.039
1634871360 25.62 69.57 0 4.039
1634871420 25.57 70.28 0 4.039
1634871480 25.59 69.41 0 4.039
1634871540 25.62 68.91 0 4.039
1634871600 25.72 69.16 0 4.039
1634871660 25.77 69.18 0 4.039
1634871720 25.73 70.56 0 4.039
1634871780 25.59 71.24 0 4.039
1634871840 25.63 69.74 0 4.039
1634871900 25.46 70.42 0 4.039
1634871960 25.47 70.13 0 4.039
1634872020 25.49 69.74 0 4.039
1634872080 25.53 69.76 0 4.039
1634872140 25.53 70.09 0 4.039
1634872200 25.5 70.34 0 4.039
1634872260 25.47 70.02 0 4.033
1634872320 25.54 69.14 0 4.033
1634872380 25.53 69.32 0 4.033
1634872440 25.59 68.77 0 4.033
1634872500 25.67 68.64 0 4.033
1634872560 25.64 68.48 0 4.033
1634872620 25.67 68.45 0 4.039
1634872680 25.64 68.44 0 4.033
1634872740 25.56 68.72 0 4.033
1634872800 25.53 68.66 0 4.033
1634872860 25.47 68.58 0 4.033
1634872920 25.46 68.62 0 4.039
1634872980 25.43 68.63 0 4.033
1634873040 25.39 68.59 0 4.033
1634873100 25.21 69.01 0 4.033
1634873160 25.13 69.35 0 4.033
1634873220 25.13 69.11 0 4.033
1634873280 25.12 69.18 0 4.033
1634873340 25.08 69.21 0 4.033
1634873400 25.12 68.82 0 4.033
1634873460 25.04 69.09 0 4.033
1634873520 24.98 68.98 0 4.033
1634873580 25.19 68.56 0 4.033
1634873640 25.26 68.18 0 4.033
1634873700 25.22 68.9 0 4.033
1634873760 25.12 68.85 0 4.033
1634873820 25.13 68.78 0 4.033
1634873880 25.22 68.25 0 4.033
1634873940 25.3 68.94 0 4.033
1634874000 25.26 68.9 0 4.033
1634874060 25.29 68.7 0 4.033
1634874120 25.21 69.02 0 4.033
1634874180 25.19 68.77 0 4.033
1634874240 25.19 69.01 0 4.033
1634874300 25.13 69.26 0 4.033
1634874360 25.19 68.41 0 4.033
1634874420 25.21 68.63 0 4.033
1634874480 25.23 68.22 0 4.033
1634874540 25.26 68.3 0 4.033
1634874600 25.26 68.02 0 4.033
1634874660 25.21 68.33 0 4.033
1634874720 25.23 67.94 0 4.033
1634874780 25.18 68.14 0 4.033
1634874840 25.13 68.11 0 4.033
1634874900 25.12 68.26 0 4.033
1634874960 25.06 68.66 0 4.028
1634875020 25.05 68.5 0 4.028
1634875080 24.96 68.94 0 4.033
1634875140 24.95 69.27 0 4.028
1634875200 24.95 69.28 0 4.033
1634875260 24.89 69.82 0 4.028
1634875320 24.82 70.2 0 4.033
1634875380 24.75 70.5 0 4.028
1634875440 24.78 70.44 0 4.033
1634875500 24.74 70.8 0 4.028
1634875560 24.65 70.97 0 4.028
1634875620 24.62 71 0 4.033
1634875680 24.58 71.12 0 4.028
1634875740 24.54 71.34 0 4.028
1634875800 24.6 71.71 0 4.028
1634875860 24.7 70.9 0 4.028
1634875920 24.75 70.78 0 4.028
1634875980 24.72 71.06 0 4.028
1634876040 24.7 71 0 4.028
1634876100 24.65 71.39 0 4.028
1634876160 24.65 71.34 0 4.028
1634876220 24.67 71.63 0 4.028
1634876280 24.67 71.83 0 4.028
1634876340 24.64 71.73 0 4.028
1634876400 24.62 72.03 0 4.028
1634876460 24.62 72.13 0 4.028
1634876520 24.6 72.1 0 4.028
1634876580 24.67 71.82 0 4.028
1634876640 24.7 71.59 0 4.022
1634876700 24.83 71.03 0 4.028
1634876760 24.86 70.93 0 4.028
1634876820 24.91 70.89 0 4.028
1634876880 24.92 70.47 0 4.028
1634876940 24.96 70.08 0 4.028
1634877000 24.96 70.02 0 4.028
1634877060 24.88 70.21 0 4.028
1634877120 25.04 70.03 0 4.028
1634877180 24.96 70.12 0 4.028
1634877240 24.96 70.01 0 4.028
1634877300 24.92 69.86 0 4.028
1634877360 24.74 70.01 0 4.028
1634877420 24.72 70.34 0 4.028
1634877480 24.72 70.1 0 4.028
1634877540 24.65 70.01 0 4.022
1634877600 24.58 70.42 0 4.022
1634877660 24.6 70.22 0 4.022
1634877720 24.61 70.19 0 4.028
1634877780 24.6 69.98 0 4.028
1634877840 24.6 69.96 0 4.022
1634877900 24.5 69.93 0 4.022
1634877960 24.53 70.31 0 4.028
1634878020 24.64 69.96 0 4.028
1634878080 24.6 69.8 0 4.028
1634878140 24.53 69.8 0 4.028
1634878200 24.61 69.76 0 4.028
1634878260 24.65 69.43 0 4.022
1634878320 24.6 69.64 0 4.022
1634878380 24.64 69.43 0 4.022
1634878440 24.74 69.18 0 4.022
1634878500 24.7 69.1 0 4.022
1634878560 24.82 68.62 0 4.022
1634878620 24.67 69.05 0 4.022
1634878680 24.85 68.49 0 4.022
1634878740 24.86 68.18 0 4.022
