1635397200 21.44 89.76 0 4.103
1635397260 21.43 89.66 0 4.103
1635397320 21.44 89.61 0 4.098
1635397380 21.5 89.61 0 4.103
1635397440 21.49 89.62 0 4.098
1635397500 21.44 89.53 0 4.098
1635397560 21.52 89.52 0 4.098
1635397620 21.47 89.46 0 4.098
1635397680 21.5 89.43 0 4.103
1635397740 21.56 89.43 0 4.098
1635397800 21.54 89.4 0 4.098
1635397860 21.53 89.38 0 4.098
1635397920 21.52 89.26 0 4.098
1635397980 21.56 89.14 0 4.103
1635398040 21.58 89.05 0 4.098
1635398100 21.61 88.86 0 4.103
1635398160 21.65 88.72 0 4.098
1635398220 21.67 88.61 0 4.098
1635398280 21.7 88.43 0 4.098
1635398340 21.71 88.31 0 4.098
1635398400 21.76 88.21 0 4.098
1635398460 21.76 88.18 0 4.103
1635398520 21.74 88.13 0 4.098
1635398580 21.73 88.02 0 4.098
1635398640 21.71 88.02 0 4.098
1635398700 21.73 88.02 0 4.098
1635398760 21.67 88.05 0 4.103
1635398820 21.64 88.02 0 4.098
1635398880 21.65 88.11 0 4.098
1635398940 21.58 88.05 0 4.103
1635399000 21.57 88.01 0 4.103
1635399060 21.56 88.02 0 4.098
1635399120 21.52 87.97 0 4.103
1635399180 21.52 87.84 0 4.103
1635399240 21.54 87.83 0 4.103
1635399300 21.53 87.72 0 4.098
1635399360 21.57 87.74 0 4.098
1635399420 21.53 87.74 0 4.098
1635399480 21.52 87.74 0 4.098
1635399540 21.5 87.68 0 4.098
1635399600 21.49 87.72 0 4.098
1635399660 21.5 87.78 0 4.098
1635399720 21.44 87.81 0 4.098
1635399780 21.44 87.84 0 4.098
1635399840 21.4 87.73 0 4.098
1635399900 21.44 87.73 0 4.098
1635399960 21.44 87.74 0 4.098
1635400020 21.46 87.82 0 4.098
1635400080 21.47 87.94 0 4.098
1635400140 21.44 87.99 0 4.098
1635400200 21.43 88.1 0 4.098
1635400260 21.4 88.14 0 4.098
1635400320 21.43 88.23 0 4.098
1635400380 21.4 88.26 0 4.098
1635400440 21.36 88.26 0 4.103
1635400500 21.36 88.17 0 4.098
1635400560 21.37 88.17 0 4.098
1635400620 21.39 88.22 0 4.098
1635400680 21.37 88.32 0 4.098
1635400740 21.34 88.41 0 4.098
1635400800 21.36 88.45 0 4.098
1635400860 21.29 88.51 0 4.098
1635400920 21.3 88.61 0 4.098
1635400980 21.25 88.65 0 4.103
1635401040 21.26 88.75 0 4.098
1635401100 21.25 88.88 0 4.098
1635401160 21.18 88.91 0 4.098
1635401220 21.19 88.96 0 4.098
1635401280 21.19 89.05 0 4.098
1635401340 21.26 89.25 0 4.098
1635401400 21.28 89.44 0 4.098
1635401460 21.26 89.58 0 4.098
1635401520 21.28 89.76 0 4.098
1635401580 21.23 89.79 0 4.098
1635401640 21.29 89.97 0 4.098
1635401700 21.26 90.05 0 4.098
1635401760 21.25 90.15 0 4.098
1635401820 21.25 90.23 0 4.098
1635401880 21.2 90.3 0 4.098
1635401940 21.2 90.33 0 4.098
1635402000 21.22 90.38 0 4.098
1635402060 21.2 90.45 0 4.098
1635402120 21.2 90.51 0 4.098
1635402180 21.18 90.54 0 4.098
1635402240 21.19 90.55 0 4.098
1635402300 21.22 90.58 0 4.098
1635402360 21.22 90.67 0 4.098
1635402420 21.19 90.67 0 4.098
1635402480 21.22 90.71 0 4.098
1635402540 21.18 90.69 0 4.098
1635402600 21.19 90.73 0 4.098
1635402660 21.2 90.7 0 4.098
1635402720 21.14 90.66 0 4.098
1635402780 21.22 90.67 0 4.098
1635402840 21.18 90.64 0 4.098
1635402900 21.19 90.66 0 4.098
1635402960 21.14 90.61 0 4.098
1635403020 21.13 90.49 0 4.098
1635403080 21.2 90.46 0 4.098
1635403140 21.2 90.37 0 4.098
1635403200 21.18 90.29 0 4.098
1635403260 21.18 90.19 0 4.098
1635403320 21.13 90.06 0 4.098
1635403380 21.13 89.97 0 4.098
1635403440 21.18 89.9 0 4.098
1635403500 21.13 89.76 0 4.098
1635403560 21.12 89.65 0 4.098
1635403620 21.13 89.47 0 4.098
1635403680 21.13 89.31 0 4.098
1635403740 21.19 89.22 0 4.098
1635403800 21.16 89.02 0 4.098
1635403860 21.23 88.99 0 4.098
1635403920 21.19 88.92 0 4.098
1635403980 21.19 88.79 0 4.098
1635404040 21.19 88.73 0 4.098
1635404100 21.23 88.69 0 4.098
1635404160 21.23 88.67 0 4.098
1635404220 21.18 88.58 0 4.098
1635404280 21.18 88.53 0 4.098
1635404340 21.19 88.45 0 4.098
1635404400 21.14 88.36 0 4.098
1635404460 21.19 88.29 0 4.098
1635404520 21.16 88.24 0 4.098
1635404580 21.13 88.17 0 4.098
1635404640 21.18 88.14 0 4.098
1635404700 21.2 88.1 0 4.098
1635404760 21.16 88.04 0 4.098
1635404820 21.19 87.98 0 4.098
1635404880 21.16 87.88 0 4.098
1635404940 21.2 87.84 0 4.098
1635405000 21.22 87.86 0 4.098
1635405060 21.22 87.85 0 4.092
1635405120 21.23 87.86 0 4.098
1635405180 21.25 87.85 0 4.098
1635405240 21.26 87.94 0 4.098
1635405300 21.25 87.95 0 4.098
1635405360 21.22 87.99 0 4.098
1635405420 21.26 88.03 0 4.098
1635405480 21.23 88.09 0 4.098
1635405540 21.22 88.15 0 4.098
1635405600 21.18 88.18 0 4.092
1635405660 21.18 88.25 0 4.098
1635405720 21.18 88.31 0 4.098
1635405780 21.18 88.4 0 4.098
1635405840 21.14 88.48 0 4.092
1635405900 21.16 88.56 0 4.092
1635405960 21.14 88.64 0 4.092
1635406020 21.07 88.65 0 4.098
1635406080 21.05 88.62 0 4.098
1635406140 21.09 88.62 0 4.098
1635406200 21.07 88.58 0 4.092
1635406260 21.16 88.62 0 4.098
1635406320 21.13 88.63 0 4.098
1635406380 21.1 88.65 0 4.092
1635406440 21.13 88.66 0 4.092
1635406500 21.13 88.67 0 4.092
1635406560 21.06 88.65 0 4.098
1635406620 21.1 88.61 0 4.098
1635406680 21.07 88.58 0 4.098
1635406740 21.1 88.53 0 4.092
1635406800 21.12 88.53 0 4.098
1635406860 21.13 88.56 0 4.092
1635406920 21.13 88.6 0 4.098
1635406980 21.13 88.68 0 4.098
1635407040 21.13 88.75 0 4.092
1635407100 21.14 88.84 0 4.098
1635407160 21.13 88.97 0 4.098
1635407220 21.07 89.04 0 4.098
1635407280 21.1 89.14 0 4.098
1635407340 21.12 89.25 0 4.098
1635407400 21.09 89.37 0 4.098
1635407460 21.05 89.42 0 4.092
1635407520 21.05 89.53 0 4.092
1635407580 21.03 89.56 0 4.092
1635407640 21.02 89.58 0 4.098
1635407700 21.02 89.64 0 4.098
1635407760 21.05 89.69 0 4.098
1635407820 21.03 89.74 0 4.092
1635407880 20.99 89.85 0 4.098
1635407940 20.96 89.85 0 4.098
1635408000 20.98 89.91 0 4.098
1635408060 20.95 89.97 0 4.098
1635408120 20.96 90 0 4.092
1635408180 20.95 90.06 0 4.092
1635408240 20.96 90.11 0 4.098
1635408300 20.96 90.19 0 4.092
1635408360 20.96 90.21 0 4.098
1635408420 20.99 90.31 0 4.098
1635408480 20.96 90.37 0 4.092
1635408540 20.95 90.47 0 4.092
1635408600 20.92 90.52 0 4.092
1635408660 20.95 90.59 0 4.092
1635408720 20.93 90.63 0 4.092
1635408780 20.9 90.67 0 4.092
1635408840 20.9 90.79 0 4.092
1635408900 20.9 90.83 0 4.092
1635408960 20.9 90.9 0 4.092
1635409020 20.9 90.94 0 4.098
1635409080 20.92 91.05 0 4.098
1635409140 20.89 91.12 0 4.098
1635409200 20.89 91.14 0 4.092
1635409260 20.86 91.15 0 4.098
1635409320 20.79 91.2 0 4.098
1635409380 20.83 91.21 0 4.092
1635409440 20.83 91.22 0 4.098
1635409500 20.82 91.22 0 4.092
1635409560 20.83 91.18 0 4.092
1635409620 20.82 91.17 0 4.092
1635409680 20.83 91.13 0 4.092
1635409740 20.82 91.11 0 4.092
1635409800 20.81 91.04 0 4.098
1635409860 20.86 91 0 4.092
1635409920 20.88 90.99 0 4.092
1635409980 20.86 90.94 0 4.092
1635410040 20.89 90.91 0 4.092
1635410100 20.89 90.92 0 4.082
1635410160 20.86 90.9 0 4.092
1635410220 20.86 90.9 0 4.092
1635410280 20.89 90.88 0 4.092
1635410340 20.86 90.89 0 4.092
1635410400 20.88 90.89 0 4.092
1635410460 20.85 90.89 0 4.092
1635410520 20.85 90.8 0 4.092
1635410580 20.86 90.81 0 4.092
1635410640 20.89 90.79 0 4.092
1635410700 20.88 90.76 0 4.092
1635410760 20.89 90.77 0 4.092
1635410820 20.89 90.81 0 4.092
1635410880 20.88 90.79 0 4.092
1635410940 20.88 90.78 0 4.092
1635411000 20.86 90.8 0 4.092
1635411060 20.85 90.82 0 4.092
1635411120 20.83 90.8 0 4.092
1635411180 20.82 90.82 0 4.092
1635411240 20.82 90.81 0 4.092
1635411300 20.79 90.8 0 4.092
1635411360 20.79 90.81 0 4.092
1635411420 20.78 90.78 0 4.092
1635411480 20.79 90.79 0 4.092
1635411540 20.79 90.76 0 4.092
1635411600 20.78 90.77 0 4.092
1635411660 20.77 90.77 0 4.092
1635411720 20.77 90.76 0 4.092
1635411780 20.79 90.73 0 4.092
1635411840 20.78 90.79 0 4.092
1635411900 20.75 90.77 0 4.092
1635411960 20.72 90.74 0 4.092
1635412020 20.75 90.75 0 4.092
1635412080 20.78 90.76 0 4.092
1635412140 20.75 90.71 0 4.092
1635412200 20.77 90.76 0 4.092
1635412260 20.79 90.78 0 4.092
1635412320 20.74 90.76 0 4.092
1635412380 20.77 90.76 0 4.092
1635412440 20.71 90.69 0 4.092
1635412500 20.72 90.65 0 4.092
1635412560 20.72 90.67 0 4.092
1635412620 20.69 90.59 0 4.092
1635412680 20.68 90.48 0 4.092
1635412740 20.71 90.41 0 4.092
1635412800 20.72 90.35 0 4.092
1635412860 20.75 90.3 0 4.092
1635412920 20.75 90.23 0 4.092
1635412980 20.75 90.17 0 4.092
1635413040 20.81 90.21 0 4.092
1635413100 20.82 90.22 0 4.092
1635413160 20.79 90.27 0 4.092
1635413220 20.74 90.19 0 4.092
1635413280 20.75 90.19 0 4.092
1635413340 20.78 90.23 0 4.092
1635413400 20.77 90.22 0 4.092
1635413460 20.79 90.24 0 4.092
1635413520 20.72 90.17 0 4.092
1635413580 20.78 90.18 0 4.092
1635413640 20.81 90.23 0 4.092
1635413700 20.75 90.19 0 4.087
1635413760 20.71 90.12 0 4.092
1635413820 20.72 90.03 0 4.092
1635413880 20.75 89.96 0 4.092
1635413940 20.79 89.88 0 4.092
1635414000 20.74 89.72 0 4.092
1635414060 20.79 89.59 0 4.092
1635414120 20.79 89.42 0 4.092
1635414180 20.81 89.24 0 4.092
1635414240 20.79 89.1 0 4.092
1635414300 20.81 88.99 0 4.092
1635414360 20.78 88.87 0 4.092
1635414420 20.82 88.76 0 4.092
1635414480 20.82 88.74 0 4.092
1635414540 20.81 88.69 0 4.092
1635414600 20.77 88.56 0 4.087
1635414660 20.79 88.5 0 4.092
1635414720 20.75 88.35 0 4.092
1635414780 20.75 88.23 0 4.087
1635414840 20.78 88.17 0 4.087
1635414900 20.79 88.07 0 4.092
1635414960 20.82 88 0 4.092
1635415020 20.81 87.87 0 4.092
1635415080 20.82 87.76 0 4.087
1635415140 20.82 87.7 0 4.092
1635415200 20.86 87.57 0 4.092
1635415260 20.9 87.5 0 4.087
1635415320 20.9 87.49 0 4.087
1635415380 20.92 87.47 0 4.092
1635415440 20.88 87.42 0 4.092
1635415500 20.9 87.46 0 4.092
1635415560 20.86 87.39 0 4.092
1635415620 20.86 87.35 0 4.092
1635415680 20.86 87.38 0 4.092
1635415740 20.85 87.43 0 4.092
1635415800 20.85 87.46 0 4.092
1635415860 20.79 87.48 0 4.092
1635415920 20.82 87.53 0 4.087
1635415980 20.77 87.6 0 4.092
1635416040 20.74 87.64 0 4.092
1635416100 20.75 87.76 0 4.087
1635416160 20.72 87.77 0 4.092
1635416220 20.71 87.9 0 4.092
1635416280 20.68 87.94 0 4.092
1635416340 20.69 88.04 0 4.092
1635416400 20.68 88.11 0 4.092
1635416460 20.72 88.17 0 4.092
1635416520 20.72 88.25 0 4.087
1635416580 20.71 88.27 0 4.092
1635416640 20.71 88.32 0 4.087
1635416700 20.71 88.35 0 4.092
1635416760 20.69 88.31 0 4.092
1635416820 20.72 88.32 0 4.087
1635416880 20.72 88.36 0 4.092
1635416940 20.71 88.38 0 4.092
1635417000 20.67 88.42 0 4.092
1635417060 20.67 88.4 0 4.087
1635417120 20.65 88.37 0 4.087
1635417180 20.64 88.39 0 4.092
1635417240 20.64 88.45 0 4.092
1635417300 20.64 88.46 0 4.092
1635417360 20.58 88.47 0 4.092
1635417420 20.58 88.5 0 4.092
1635417480 20.56 88.54 0 4.087
1635417540 20.56 88.54 0 4.087
1635417600 20.59 88.56 0 4.087
1635417660 20.58 88.6 0 4.087
1635417720 20.58 88.61 0 4.092
1635417780 20.56 88.58 0 4.092
1635417840 20.54 88.56 0 4.092
1635417900 20.55 88.53 0 4.092
1635417960 20.55 88.49 4 4.087
1635418020 20.52 88.48 0 4.092
1635418080 20.52 88.45 4 4.087
1635418140 20.55 88.48 4 4.092
1635418200 20.49 88.41 4 4.087
1635418260 20.52 88.44 4 4.087
1635418320 20.52 88.38 10 4.092
1635418380 20.51 88.33 10 4.092
1635418440 20.54 88.31 10 4.087
1635418500 20.52 88.16 4 4.092
1635418560 20.52 88.14 10 4.087
1635418620 20.52 88.06 10 4.087
1635418680 20.55 88.01 10 4.087
1635418740 20.54 87.98 10 4.092
1635418800 20.55 87.91 16 4.092
1635418860 20.56 87.8 10 4.092
1635418920 20.59 87.74 16 4.092
1635418980 20.61 87.7 16 4.087
1635419040 20.61 87.63 16 4.092
1635419100 20.62 87.53 16 4.087
1635419160 20.64 87.48 16 4.087
1635419220 20.68 87.43 22 4.092
1635419280 20.68 87.39 22 4.087
1635419340 20.71 87.4 22 4.087
1635419400 20.74 87.4 22 4.087
1635419460 20.75 87.42 22 4.087
1635419520 20.78 87.45 22 4.087
1635419580 20.77 87.49 22 4.087
1635419640 20.79 87.51 28 4.087
1635419700 20.77 87.52 28 4.092
1635419760 20.78 87.54 28 4.087
1635419820 20.81 87.53 28 4.087
1635419880 20.81 87.53 28 4.087
1635419940 20.83 87.48 28 4.087
1635420000 20.85 87.42 34 4.092
1635420060 20.85 87.38 34 4.087
1635420120 20.9 87.39 34 4.087
1635420180 20.95 87.44 40 4.087
1635420240 20.95 87.32 40 4.087
1635420300 20.98 87.31 40 4.087
1635420360 21 87.28 40 4.092
1635420420 21.05 87.27 46 4.087
1635420480 21.1 87.31 46 4.087
1635420540 21.09 87.24 46 4.087
1635420600 21.12 87.19 46 4.087
1635420660 21.14 87.09 52 4.087
1635420720 21.18 86.97 52 4.087
1635420780 21.25 86.87 52 4.087
1635420840 21.28 86.81 52 4.087
1635420900 21.29 86.72 52 4.087
1635420960 21.28 86.64 58 4.087
1635421020 21.32 86.6 58 4.087
1635421080 21.39 86.61 58 4.087
1635421140 21.37 86.51 58 4.087
1635421200 21.47 86.46 64 4.087
1635421260 21.47 86.39 64 4.087
1635421320 21.5 86.34 70 4.087
1635421380 21.53 86.27 70 4.087
1635421440 21.56 86.17 70 4.087
1635421500 21.6 86.08 70 4.087
1635421560 21.61 86.05 76 4.087
1635421620 21.63 86.01 76 4.087
1635421680 21.68 85.94 76 4.087
1635421740 21.67 85.84 76 4.087
1635421800 21.7 85.78 82 4.087
1635421860 21.73 85.73 76 4.087
1635421920 21.81 85.66 82 4.087
1635421980 21.9 85.53 82 4.087
1635422040 21.93 85.34 76 4.087
1635422100 22.01 85.22 76 4.087
1635422160 22.05 85.21 76 4.087
1635422220 22.1 85.1 76 4.087
1635422280 22.15 85.01 112 4.092
1635422340 22.18 84.84 112 4.087
1635422400 22.25 84.65 94 4.087
1635422460 22.35 84.52 82 4.087
1635422520 22.39 84.4 76 4.087
1635422580 22.41 84.39 88 4.087
1635422640 22.44 84.28 88 4.087
1635422700 22.45 84.17 100 4.087
1635422760 22.49 84 100 4.087
1635422820 22.56 83.87 100 4.087
1635422880 22.59 83.74 100 4.092
1635422940 22.72 83.65 106 4.087
1635423000 22.7 83.44 82 4.087
1635423060 22.78 83.34 88 4.087
1635423120 22.82 83.14 106 4.087
1635423180 22.86 82.91 100 4.087
1635423240 22.93 82.67 112 4.087
1635423300 22.99 82.55 112 4.092
1635423360 23.03 82.21 118 4.092
1635423420 23.16 82.08 124 4.087
1635423480 23.19 81.74 100 4.087
1635423540 23.26 81.38 100 4.092
1635423600 23.36 81.09 94 4.087
1635423660 23.39 80.81 94 4.087
1635423720 23.46 80.53 94 4.087
1635423780 23.43 80.33 88 4.087
1635423840 23.46 80.09 82 4.087
1635423900 23.47 79.81 82 4.087
1635423960 23.49 79.56 82 4.087
1635424020 23.51 79.31 76 4.087
1635424080 23.57 79.1 76 4.087
1635424140 23.6 79.11 76 4.087
1635424200 23.54 79.08 76 4.087
1635424260 23.54 79.01 82 4.087
1635424320 23.5 79.08 82 4.092
1635424380 23.46 79.01 82 4.087
1635424440 23.5 78.91 88 4.087
1635424500 23.53 78.9 88 4.087
1635424560 23.6 78.71 88 4.087
1635424620 23.61 78.7 88 4.092
1635424680 23.6 78.62 88 4.087
1635424740 23.63 78.59 88 4.087
1635424800 23.67 78.55 94 4.087
1635424860 23.61 78.51 94 4.087
1635424920 23.65 78.41 94 4.087
1635424980 23.71 78.31 100 4.087
1635425040 23.74 78.18 100 4.087
1635425100 23.78 78.01 106 4.087
1635425160 23.89 78.09 106 4.087
1635425220 23.97 78.21 118 4.092
1635425280 23.97 78.22 124 4.092
1635425340 24.04 78.28 118 4.087
1635425400 24.08 78.2 124 4.076
1635425460 24.07 78.06 124 4.087
1635425520 24.1 77.98 131 4.092
1635425580 24.14 77.67 131 4.087
1635425640 24.21 77.51 137 4.092
1635425700 24.32 77.55 137 4.092
1635425760 24.29 77.6 137 4.092
1635425820 24.26 77.62 137 4.087
1635425880 24.39 77.85 137 4.092
1635425940 24.36 77.89 137 4.087
1635426000 24.39 77.89 143 4.092
1635426060 24.4 77.84 149 4.092
1635426120 24.51 77.76 149 4.092
1635426180 24.56 77.56 149 4.092
1635426240 24.56 77.17 155 4.092
1635426300 24.7 76.96 155 4.087
1635426360 24.67 76.62 155 4.087
1635426420 24.65 76.37 155 4.092
1635426480 24.76 76.12 155 4.092
1635426540 24.77 76.01 161 4.092
1635426600 24.83 76.04 161 4.092
1635426660 24.86 75.96 167 4.092
1635426720 24.97 75.7 167 4.092
1635426780 25.02 75.65 167 4.092
1635426840 25.03 75.65 167 4.092
1635426900 25.04 75.56 167 4.092
1635426960 25.02 75.54 167 4.092
1635427020 24.93 75.46 167 4.092
1635427080 24.89 75.34 173 4.092
1635427140 24.9 75.19 173 4.092
1635427200 25.02 75.02 173 4.092
1635427260 25.14 74.93 179 4.092
1635427320 25.23 74.9 179 4.092
1635427380 25.09 74.72 173 4.092
1635427440 24.98 74.59 173 4.092
1635427500 25 74.51 179 4.092
1635427560 25.12 74.58 179 4.092
1635427620 25.21 74.53 149 4.092
1635427680 25.24 74.53 143 4.092
1635427740 25.14 74.76 143 4.092
1635427800 25.1 74.95 137 4.092
1635427860 25.06 75.1 131 4.092
1635427920 25.09 75.23 137 4.087
1635427980 25.1 75.29 137 4.092
1635428040 25.23 75.38 137 4.092
1635428100 25.2 75.37 137 4.087
1635428160 25.17 75.26 131 4.087
1635428220 25.2 75.24 124 4.092
1635428280 25.24 75.24 118 4.092
1635428340 25.2 75.19 118 4.092
1635428400 25.16 75.28 118 4.087
1635428460 25.14 75.23 118 4.092
1635428520 25.1 75.33 118 4.092
1635428580 25.06 75.28 118 4.092
1635428640 25.06 75.3 118 4.092
1635428700 25.09 75.41 118 4.092
1635428760 25.09 75.49 118 4.087
1635428820 25.06 75.6 118 4.092
1635428880 24.98 75.53 124 4.092
1635428940 24.91 75.37 131 4.092
1635429000 24.97 75.35 137 4.092
1635429060 24.97 75.49 143 4.092
1635429120 25.03 75.56 155 4.092
1635429180 25.1 75.67 161 4.092
1635429240 25.06 75.85 173 4.092
1635429300 25.1 75.9 179 4.092
1635429360 25.1 75.99 185 4.092
1635429420 25.12 75.83 192 4.098
1635429480 25.21 75.85 191 4.098
1635429540 25.36 75.81 198 4.098
1635429600 25.38 75.75 198 4.098
1635429660 25.41 75.78 203 4.092
1635429720 25.42 75.84 204 4.098
1635429780 25.54 75.86 216 4.098
1635429840 25.48 75.69 221 4.098
1635429900 25.49 75.43 227 4.092
1635429960 25.64 75.42 234 4.098
1635430020 25.75 75.4 240 4.098
1635430080 25.67 75.18 246 4.098
1635430140 25.75 75.19 240 4.103
1635430200 25.87 75.17 240 4.098
1635430260 25.89 75.11 240 4.098
1635430320 25.96 74.98 234 4.098
1635430380 26.06 74.94 234 4.098
1635430440 26.11 74.82 234 4.098
1635430500 26.22 74.52 234 4.098
1635430560 26.3 74.35 240 4.098
1635430620 26.4 74.28 246 4.098
1635430680 26.36 73.9 252 4.098
1635430740 26.26 73.61 259 4.103
1635430800 26.28 73.51 265 4.098
1635430860 26.3 73.42 265 4.098
1635430920 26.3 73.24 271 4.103
1635430980 26.3 73.28 271 4.103
1635431040 26.38 73.14 277 4.103
1635431100 26.36 73.04 271 4.103
1635431160 26.36 72.86 271 4.103
1635431220 26.43 72.85 271 4.103
1635431280 26.46 72.64 277 4.103
1635431340 26.44 72.49 283 4.103
1635431400 26.5 72.24 283 4.103
1635431460 26.49 71.85 289 4.103
1635431520 26.42 71.59 295 4.103
1635431580 26.56 71.46 295 4.108
1635431640 26.67 71.22 295 4.103
1635431700 26.83 71.12 301 4.103
1635431760 27 70.93 301 4.103
1635431820 27.11 70.69 301 4.103
1635431880 27.24 70.46 307 4.108
1635431940 27.33 70.28 313 4.108
1635432000 27.47 70.09 319 4.103
1635432060 27.58 69.83 337 4.108
1635432120 27.66 69.54 331 4.108
1635432180 27.72 69.27 343 4.108
1635432240 27.81 68.97 355 4.108
1635432300 27.68 68.55 361 4.108
1635432360 27.73 68.39 367 4.108
1635432420 27.84 68.14 409 4.108
1635432480 28.09 67.93 493 4.108
1635432540 27.95 67.64 344 4.108
1635432600 28.05 67.42 319 4.108
1635432660 27.98 67.05 313 4.108
1635432720 27.89 66.7 313 4.108
1635432780 27.84 66.53 325 4.108
1635432840 27.75 66.38 349 4.108
1635432900 27.89 66.31 337 4.108
1635432960 28.02 66.17 343 4.108
1635433020 28.27 65.95 331 4.108
1635433080 28.5 65.71 319 4.108
1635433140 28.37 65.54 313 4.108
1635433200 28.22 65.49 319 4.108
1635433260 28.29 65.33 307 4.108
1635433320 28.43 65.37 307 4.108
1635433380 28.5 65.26 289 4.108
1635433440 28.66 65.3 289 4.108
1635433500 28.63 65.18 271 4.108
1635433560 28.59 65 259 4.114
1635433620 28.6 64.71 259 4.108
1635433680 28.81 64.64 246 4.108
1635433740 28.7 64.45 240 4.108
1635433800 28.8 64.42 216 4.108
1635433860 28.77 64.43 210 4.108
1635433920 28.71 64.4 204 4.108
1635433980 28.57 64.43 198 4.108
1635434040 28.63 64.78 186 4.108
1635434100 28.77 64.85 180 4.108
1635434160 28.67 64.59 174 4.103
1635434220 28.66 64.51 192 4.108
1635434280 28.75 64.42 337 4.108
1635434340 28.84 64.36 343 4.108
1635434400 28.74 64.08 209 4.098
1635434460 28.75 63.78 186 4.108
1635434520 28.66 63.33 180 4.103
1635434580 28.9 63 186 4.108
1635434640 29.14 62.83 246 4.108
1635434700 29.2 62.45 307 4.103
1635434760 29.1 62.05 259 4.108
1635434820 28.69 61.73 186 4.108
1635434880 28.81 61.49 210 4.103
1635434940 28.94 61.26 367 4.108
1635435000 29.04 61.09 652 4.108
1635435060 29.12 60.85 856 4.108
1635435120 29.26 60.59 591 4.108
1635435180 29.49 60.33 694 4.108
1635435240 29.76 59.97 941 4.108
1635435300 29.79 59.63 433 4.103
1635435360 29.92 59.26 295 4.103
1635435420 30.02 58.92 204 4.108
1635435480 29.83 58.53 289 4.108
1635435540 29.55 58.24 295 4.108
1635435600 29.49 58.01 295 4.108
1635435660 29.69 57.86 295 4.108
1635435720 29.79 57.61 283 4.108
1635435780 29.58 57.38 271 4.108
1635435840 29.45 57.21 277 4.114
1635435900 29.36 57.04 295 4.108
1635435960 29.28 56.77 307 4.114
1635436020 29.18 56.6 350 4.114
1635436080 29.22 56.51 411 4.114
1635436140 29.25 56.38 469 4.103
1635436200 29.29 56.41 578 4.098
1635436260 29.45 56.48 505 4.098
1635436320 29.72 56.4 439 4.103
1635436380 29.76 56.39 415 4.103
1635436440 29.98 56.53 445 4.098
1635436500 29.96 56.5 530 4.103
1635436560 30.02 56.54 722 4.098
1635436620 30.12 56.53 626 4.103
1635436680 30.23 56.54 439 4.098
1635436740 30.48 56.52 451 4.103
1635436800 30.53 56.47 439 4.103
1635436860 30.17 56.14 409 4.098
1635436920 30.19 56.12 427 4.103
1635436980 30.09 56.15 451 4.098
1635437040 30.26 56.33 536 4.098
1635437100 30.43 56.27 692 4.098
1635437160 30.47 56.16 698 4.098
1635437220 30.48 56.07 929 4.098
1635437280 30.56 56.02 795 4.098
1635437340 30.88 56.16 662 4.098
1635437400 31.07 55.89 656 4.098
1635437460 31.33 55.68 620 4.098
1635437520 31.25 55.41 626 4.098
1635437580 31.56 55.25 710 4.098
1635437640 31.39 55.04 674 4.098
1635437700 31.56 54.94 771 4.098
1635437760 31.49 54.63 891 4.098
1635437820 31.41 54.27 981 4.103
1635437880 31.26 54.08 1168 4.098
1635437940 31.58 53.82 1060 4.098
1635438000 31.77 53.68 975 4.098
1635438060 31.63 53.27 1042 4.098
1635438120 31.73 53.21 891 4.098
1635438180 32.1 53.16 861 4.098
1635438240 32.2 52.64 680 4.098
1635438300 32.23 52.23 612 4.098
1635438360 32.27 51.84 722 4.098
1635438420 32.19 51.49 867 4.098
1635438480 32.16 51.18 891 4.098
1635438540 32.24 51.06 957 4.098
1635438600 32.4 51.09 981 4.098
1635438660 32.45 50.72 1036 4.098
1635438720 32.31 50.25 933 4.098
1635438780 32.23 49.76 903 4.098
1635438840 32.26 49.23 1004 4.092
1635438900 32.27 48.81 951 4.092
1635438960 32.17 48.36 1036 4.098
1635439020 32.49 48.09 1010 4.098
1635439080 32.49 47.62 1046 4.098
1635439140 32.57 47.28 1060 4.092
1635439200 32.35 46.92 920 4.098
1635439260 32.24 46.65 1142 4.098
1635439320 31.66 46.24 1106 4.092
1635439380 31.94 46.05 1142 4.098
1635439440 31.96 45.9 1191 4.092
1635439500 32 45.9 1197 4.092
1635439560 32.3 45.84 1197 4.092
1635439620 32.74 45.76 1197 4.098
1635439680 33.02 45.6 1186 4.092
1635439740 33.11 45.54 1185 4.092
1635439800 33.15 45.42 1188 4.125
1635439860 33.02 45.32 1188 4.125
1635439920 33.01 45.26 1206 4.13
1635439980 32.88 45.28 1219 4.13
1635440040 32.97 45.41 1239 4.13
1635440100 33.11 45.48 1261 4.13
1635440160 33.06 45.38 1273 4.135
1635440220 32.7 45.88 745 4.125
1635440280 32.78 46.39 295 4.114
1635440340 32.92 46.93 307 4.108
1635440400 32.91 47.29 319 4.108
1635440460 32.7 47.76 337 4.114
1635440520 32.4 48.19 356 4.108
1635440580 32.02 48.47 379 4.103
1635440640 31.73 49.01 644 4.103
1635440700 31.46 49.5 891 4.13
1635440760 31.45 50 1002 4.135
1635440820 31.41 50.51 923 4.135
1635440880 31.51 50.99 795 4.135
1635440940 31.8 51.36 617 4.13
1635441000 31.89 51.62 655 4.13
1635441060 31.79 51.68 727 4.13
1635441120 31.96 51.8 314 4.119
1635441180 31.48 51.83 252 4.114
1635441240 31.48 51.96 252 4.114
1635441300 31.48 52.21 252 4.119
1635441360 31.28 52.48 259 4.114
1635441420 31.15 52.75 272 4.119
1635441480 31.05 53.06 284 4.119
1635441540 30.91 53.39 326 4.114
1635441600 30.7 53.75 941 4.141
1635441660 30.57 54.16 716 4.135
1635441720 30.88 54.58 411 4.125
1635441780 31.07 54.7 331 4.108
1635441840 31.28 54.94 361 4.108
1635441900 31.31 55.06 367 4.114
1635441960 31.22 55.09 421 4.108
1635442020 31.14 55.26 792 4.108
1635442080 31.29 55.45 1159 4.108
1635442140 31.38 55.49 1280 4.108
1635442200 31.42 55.57 1213 4.108
1635442260 31.68 55.85 718 4.108
1635442320 31.9 55.85 1286 4.108
1635442380 32 55.79 1273 4.108
1635442440 32.12 55.75 1292 4.108
1635442500 32.06 55.69 307 4.108
1635442560 31.84 55.54 307 4.108
1635442620 31.52 55.48 307 4.108
1635442680 31.15 55.67 313 4.108
1635442740 31.11 55.93 307 4.108
1635442800 30.99 56.14 307 4.108
1635442860 31.05 56.28 325 4.108
1635442920 30.82 56.26 367 4.108
1635442980 30.58 56.53 567 4.108
1635443040 30.68 56.9 790 4.108
1635443100 30.77 57.1 1045 4.108
1635443160 30.75 57.25 1139 4.103
1635443220 30.89 57.44 1019 4.108
1635443280 30.89 57.44 819 4.108
1635443340 31.11 57.43 573 4.108
1635443400 31.15 57.35 575 4.125
1635443460 31.12 57.3 605 4.125
1635443520 31.22 57.32 539 4.125
1635443580 31.41 57.31 403 4.108
1635443640 31.31 57.28 621 4.108
1635443700 31.24 57.21 537 4.108
1635443760 31.32 57.14 579 4.108
1635443820 31.28 57.22 578 4.108
1635443880 31.26 57.34 615 4.108
1635443940 31.39 57.44 537 4.108
1635444000 31.31 57.33 1111 4.108
1635444060 31.26 57.26 1135 4.108
1635444120 31.21 57.14 1039 4.108
1635444180 31.31 57.06 573 4.108
1635444240 31.46 56.96 585 4.108
1635444300 31.45 56.83 551 4.125
1635444360 31.25 56.74 1008 4.13
1635444420 31.25 56.71 844 4.135
1635444480 31.21 56.62 826 4.135
1635444540 31.19 56.65 490 4.125
1635444600 31.15 56.64 430 4.125
1635444660 31.07 56.75 399 4.114
1635444720 31.21 56.87 391 4.114
1635444780 31.33 56.91 399 4.108
1635444840 31.32 56.82 429 4.114
1635444900 31.17 56.79 433 4.114
1635444960 30.97 56.78 445 4.108
1635445020 30.85 56.87 451 4.108
1635445080 30.54 56.93 463 4.108
1635445140 30.37 57.12 475 4.114
1635445200 30.33 57.22 477 4.119
1635445260 30.37 57.43 472 4.125
1635445320 30.15 57.57 466 4.125
1635445380 30.12 57.74 454 4.125
1635445440 29.92 57.76 460 4.125
1635445500 29.79 57.86 478 4.125
1635445560 29.79 58.11 484 4.13
1635445620 29.8 58.07 484 4.13
1635445680 29.83 58.16 508 4.13
1635445740 29.77 58.22 454 4.13
1635445800 29.87 58.29 490 4.13
1635445860 29.89 58.36 496 4.13
1635445920 29.87 58.33 478 4.13
1635445980 29.93 58.36 442 4.13
1635446040 29.93 58.5 430 4.125
1635446100 29.98 58.56 405 4.125
1635446160 29.87 58.72 387 4.125
1635446220 29.76 58.95 376 4.125
1635446280 29.71 59.09 368 4.114
1635446340 29.44 59.15 362 4.114
1635446400 29.44 59.36 368 4.114
1635446460 29.52 59.63 374 4.114
1635446520 29.48 59.83 387 4.114
1635446580 29.66 60.04 417 4.114
1635446640 29.72 60.04 417 4.119
1635446700 29.62 60.13 393 4.114
1635446760 29.55 60.31 387 4.114
1635446820 29.59 60.46 393 4.114
1635446880 29.72 60.49 393 4.114
1635446940 29.9 60.64 399 4.114
1635447000 29.95 60.65 393 4.125
1635447060 29.79 60.63 387 4.125
1635447120 29.72 60.59 387 4.125
1635447180 29.62 60.6 387 4.125
1635447240 29.65 60.66 380 4.119
1635447300 29.69 60.8 374 4.114
1635447360 29.63 60.9 374 4.114
1635447420 29.68 61.02 362 4.114
1635447480 29.56 60.94 356 4.114
1635447540 29.42 60.98 350 4.114
1635447600 29.38 61.14 350 4.114
1635447660 29.44 61.31 344 4.114
1635447720 29.52 61.38 344 4.114
1635447780 29.38 61.4 344 4.114
1635447840 29.2 61.45 344 4.114
1635447900 29.21 61.63 344 4.119
1635447960 29.14 61.68 344 4.119
1635448020 29.14 61.78 332 4.125
1635448080 29.25 61.79 356 4.125
1635448140 29.32 61.8 332 4.125
1635448200 29.22 61.84 405 4.13
1635448260 29.15 61.89 531 4.114
1635448320 29.17 61.96 531 4.114
1635448380 29.25 62.09 609 4.114
1635448440 29.41 62.03 682 4.114
1635448500 29.55 62 701 4.114
1635448560 29.55 62.07 725 4.114
1635448620 29.71 62.05 676 4.114
1635448680 29.85 62.03 603 4.114
1635448740 30.07 61.84 621 4.114
1635448800 30.12 61.64 772 4.108
1635448860 30.34 61.47 513 4.108
1635448920 30.47 61.3 774 4.108
1635448980 30.84 61.17 719 4.108
1635449040 30.94 61.04 724 4.108
1635449100 31.01 60.71 804 4.114
1635449160 30.92 60.45 748 4.114
1635449220 30.97 60.19 731 4.114
1635449280 31.05 59.96 743 4.114
1635449340 30.87 59.73 670 4.114
1635449400 30.7 59.57 731 4.114
1635449460 30.85 59.49 670 4.114
1635449520 30.94 59.38 652 4.114
1635449580 30.85 59.19 597 4.108
1635449640 30.91 59.27 499 4.108
1635449700 30.91 59.07 411 4.119
1635449760 30.64 58.88 411 4.125
1635449820 30.38 58.8 387 4.125
1635449880 30.13 58.83 411 4.125
1635449940 30.13 58.89 338 4.125
1635450000 30.15 58.97 290 4.125
1635450060 29.98 59.03 278 4.125
1635450120 29.9 59.08 272 4.125
1635450180 29.9 59.26 284 4.119
1635450240 29.62 59.3 296 4.125
1635450300 29.58 59.49 284 4.125
1635450360 29.47 59.72 278 4.125
1635450420 29.29 59.87 284 4.125
1635450480 29.17 60.13 266 4.125
1635450540 29.08 60.46 260 4.125
1635450600 29.08 60.69 259 4.125
1635450660 29.14 60.92 252 4.125
1635450720 29.28 61.12 266 4.125
1635450780 29.34 61.3 260 4.125
1635450840 29.39 61.44 254 4.125
1635450900 29.28 61.48 248 4.125
1635450960 29.21 61.59 230 4.125
1635451020 29.21 61.61 216 4.125
1635451080 29.15 61.58 218 4.125
1635451140 29.01 61.67 218 4.125
1635451200 28.9 61.78 198 4.125
1635451260 28.82 62 210 4.125
1635451320 28.86 62.23 236 4.125
1635451380 28.73 62.33 260 4.125
1635451440 28.78 62.24 218 4.125
1635451500 28.8 62.18 192 4.125
1635451560 28.71 62.2 174 4.125
1635451620 28.71 62.28 156 4.119
1635451680 28.67 62.39 144 4.119
1635451740 28.7 62.41 138 4.119
1635451800 28.64 62.38 126 4.119
1635451860 28.54 62.36 120 4.125
1635451920 28.46 62.44 114 4.125
1635451980 28.45 62.47 108 4.125
1635452040 28.37 62.59 102 4.119
1635452100 28.27 62.8 102 4.119
1635452160 28.18 62.95 96 4.119
1635452220 28.09 63.11 90 4.119
1635452280 28 63.33 90 4.119
1635452340 27.96 63.58 84 4.125
1635452400 27.95 63.68 84 4.119
1635452460 27.99 63.78 84 4.119
1635452520 27.92 63.9 84 4.119
1635452580 27.98 64.1 84 4.119
1635452640 27.88 64.25 84 4.119
1635452700 27.89 64.46 78 4.119
1635452760 27.84 64.62 72 4.119
1635452820 27.82 64.79 72 4.125
1635452880 27.73 64.87 66 4.119
1635452940 27.76 64.99 66 4.119
1635453000 27.75 65.02 66 4.119
1635453060 27.79 65.11 66 4.119
1635453120 27.79 65.15 66 4.119
1635453180 27.68 65.21 66 4.119
1635453240 27.73 65.34 66 4.119
1635453300 27.66 65.4 66 4.119
1635453360 27.66 65.48 66 4.119
1635453420 27.58 65.63 66 4.119
1635453480 27.54 65.8 66 4.119
1635453540 27.52 65.91 66 4.119
1635453600 27.47 66.04 66 4.119
1635453660 27.45 66.12 66 4.119
1635453720 27.4 66.2 60 4.119
1635453780 27.4 66.23 66 4.119
1635453840 27.41 66.26 66 4.119
1635453900 27.37 66.31 60 4.119
1635453960 27.35 66.29 60 4.119
1635454020 27.34 66.43 60 4.119
1635454080 27.33 66.53 60 4.119
1635454140 27.34 66.62 60 4.119
1635454200 27.31 66.68 60 4.119
1635454260 27.34 66.82 60 4.119
1635454320 27.31 66.9 60 4.119
1635454380 27.27 67 60 4.119
1635454440 27.25 67.07 60 4.119
1635454500 27.21 67.2 60 4.119
1635454560 27.17 67.29 60 4.119
1635454620 27.17 67.44 60 4.119
1635454680 27.13 67.46 60 4.119
1635454740 27.11 67.53 60 4.119
1635454800 27.11 67.58 60 4.119
1635454860 27.08 67.68 60 4.119
1635454920 27.07 67.74 60 4.114
1635454980 27.15 67.86 60 4.119
1635455040 27.23 67.95 54 4.119
1635455100 27.27 68.01 54 4.119
1635455160 27.27 68.03 54 4.119
1635455220 27.33 68.1 54 4.114
1635455280 27.3 68.09 54 4.119
1635455340 27.27 68.14 54 4.114
1635455400 27.18 68.17 54 4.119
1635455460 27.17 68.29 48 4.114
1635455520 27.14 68.35 48 4.119
1635455580 27.11 68.43 48 4.114
1635455640 27.08 68.47 48 4.119
1635455700 27.08 68.41 48 4.119
1635455760 27.08 68.45 48 4.119
1635455820 27.07 68.46 48 4.119
1635455880 27.1 68.46 48 4.119
1635455940 27.08 68.51 48 4.119
1635456000 27.13 68.66 48 4.114
1635456060 27.1 68.72 48 4.114
1635456120 27.13 68.74 48 4.119
1635456180 27.1 68.57 48 4.119
1635456240 27.11 68.57 54 4.119
1635456300 27.1 68.65 48 4.119
1635456360 27.07 68.68 48 4.114
1635456420 27.1 68.72 54 4.114
1635456480 27.07 68.57 54 4.119
1635456540 27.08 68.56 54 4.119
1635456600 27.08 68.53 60 4.114
1635456660 27 68.5 60 4.119
1635456720 27 68.44 60 4.119
1635456780 27.04 68.42 60 4.114
1635456840 27.05 68.47 60 4.119
1635456900 27.08 68.43 60 4.119
1635456960 27.07 68.41 60 4.119
1635457020 27.1 68.44 54 4.119
1635457080 27.1 68.43 54 4.119
1635457140 27.07 68.43 48 4.119
1635457200 27.08 68.48 42 4.119
1635457260 27.07 68.53 42 4.119
1635457320 27.04 68.54 42 4.119
1635457380 26.97 68.54 42 4.119
1635457440 26.93 68.59 36 4.114
1635457500 26.94 68.63 36 4.119
1635457560 26.9 68.67 36 4.114
1635457620 26.9 68.76 36 4.119
1635457680 26.9 68.8 42 4.114
1635457740 26.89 68.87 42 4.119
1635457800 26.87 68.88 36 4.114
1635457860 26.9 68.97 36 4.114
1635457920 26.84 68.96 36 4.114
1635457980 26.84 69.02 36 4.119
1635458040 26.82 69.06 36 4.114
1635458100 26.82 69.08 36 4.114
1635458160 26.82 69.14 36 4.114
1635458220 26.79 69.2 30 4.119
1635458280 26.76 69.24 30 4.114
1635458340 26.73 69.32 30 4.119
1635458400 26.72 69.4 30 4.119
1635458460 26.73 69.49 30 4.119
1635458520 26.73 69.53 24 4.114
1635458580 26.72 69.59 24 4.114
1635458640 26.77 69.61 24 4.114
1635458700 26.72 69.61 24 4.114
1635458760 26.72 69.7 18 4.114
1635458820 26.7 69.73 18 4.114
1635458880 26.7 69.81 18 4.114
1635458940 26.64 69.88 18 4.114
1635459000 26.62 69.86 18 4.114
1635459060 26.56 69.89 12 4.114
1635459120 26.57 69.93 18 4.114
1635459180 26.54 69.96 12 4.114
1635459240 26.49 70.09 12 4.119
1635459300 26.46 70.15 12 4.119
1635459360 26.47 70.28 12 4.114
1635459420 26.44 70.42 12 4.119
1635459480 26.4 70.54 12 4.114
1635459540 26.38 70.7 12 4.114
1635459600 26.38 70.84 12 4.114
1635459660 26.32 70.91 6 4.114
1635459720 26.3 71.01 6 4.114
1635459780 26.26 71.13 6 4.114
1635459840 26.23 71.26 6 4.114
1635459900 26.23 71.43 6 4.114
1635459960 26.19 71.5 0 4.114
1635460020 26.21 71.5 0 4.114
1635460080 26.21 71.58 0 4.114
1635460140 26.22 71.65 0 4.114
1635460200 26.22 71.71 0 4.119
1635460260 26.22 71.8 0 4.114
1635460320 26.22 71.88 0 4.114
1635460380 26.22 71.91 0 4.114
1635460440 26.21 71.96 0 4.119
1635460500 26.19 72.01 0 4.114
1635460560 26.18 72 0 4.114
1635460620 26.14 72.07 0 4.114
1635460680 26.14 72.16 0 4.119
1635460740 26.16 72.26 0 4.108
1635460800 26.11 72.31 0 4.114
1635460860 26.09 72.39 0 4.114
1635460920 26.05 72.44 0 4.114
1635460980 26.05 72.54 0 4.114
1635461040 26.03 72.58 0 4.114
1635461100 26.03 72.64 0 4.114
1635461160 26.01 72.74 0 4.114
1635461220 26.01 72.82 0 4.114
1635461280 25.99 72.87 0 4.114
1635461340 25.96 73 0 4.114
1635461400 25.93 72.99 0 4.114
1635461460 25.98 73.02 0 4.114
1635461520 25.92 73.05 0 4.114
1635461580 25.95 73.09 0 4.114
1635461640 25.92 73.16 0 4.114
1635461700 25.93 73.2 0 4.114
1635461760 25.91 73.27 0 4.119
1635461820 25.92 73.33 0 4.114
1635461880 25.92 73.37 0 4.114
1635461940 25.92 73.42 0 4.114
1635462000 25.93 73.48 0 4.114
1635462060 25.93 73.57 0 4.114
1635462120 25.93 73.62 0 4.114
1635462180 25.91 73.65 0 4.114
1635462240 25.89 73.7 0 4.114
1635462300 25.92 73.72 0 4.114
1635462360 25.89 73.78 0 4.114
1635462420 25.89 73.85 0 4.114
1635462480 25.91 73.87 0 4.114
1635462540 25.89 73.9 0 4.114
1635462600 25.89 73.96 0 4.114
1635462660 25.89 74 0 4.114
1635462720 25.88 74.02 0 4.114
1635462780 25.89 74.04 0 4.114
1635462840 25.89 74.12 0 4.114
1635462900 25.87 74.14 0 4.114
1635462960 25.88 74.18 0 4.114
1635463020 25.85 74.27 0 4.114
1635463080 25.84 74.27 0 4.114
1635463140 25.87 74.34 0 4.114
1635463200 25.88 74.39 0 4.114
1635463260 25.85 74.41 0 4.114
1635463320 25.82 74.45 0 4.114
1635463380 25.82 74.48 0 4.114
1635463440 25.82 74.53 0 4.114
1635463500 25.82 74.56 0 4.114
1635463560 25.82 74.61 0 4.114
1635463620 25.81 74.62 0 4.114
1635463680 25.82 74.67 0 4.114
1635463740 25.81 74.69 0 4.114
1635463800 25.81 74.67 0 4.114
1635463860 25.79 74.7 0 4.114
1635463920 25.78 74.72 0 4.114
1635463980 25.78 74.78 0 4.114
1635464040 25.78 74.83 0 4.114
1635464100 25.77 74.83 0 4.114
1635464160 25.75 74.87 0 4.114
1635464220 25.77 74.9 0 4.108
1635464280 25.74 74.92 0 4.114
1635464340 25.74 74.93 0 4.114
1635464400 25.75 74.98 0 4.114
1635464460 25.75 75.02 0 4.114
1635464520 25.74 75.06 0 4.114
1635464580 25.74 75.1 0 4.108
1635464640 25.72 75.07 0 4.108
1635464700 25.72 75.1 0 4.114
1635464760 25.74 75.12 0 4.114
1635464820 25.72 75.16 0 4.114
1635464880 25.72 75.17 0 4.114
1635464940 25.72 75.21 0 4.114
1635465000 25.71 75.22 0 4.114
1635465060 25.67 75.21 0 4.114
1635465120 25.65 75.25 0 4.114
1635465180 25.67 75.32 0 4.114
1635465240 25.65 75.39 0 4.114
1635465300 25.64 75.45 0 4.114
1635465360 25.64 75.52 0 4.114
1635465420 25.65 75.56 0 4.114
1635465480 25.65 75.67 0 4.114
1635465540 25.63 75.75 0 4.114
1635465600 25.64 75.75 0 4.114
1635465660 25.61 75.82 0 4.114
1635465720 25.67 75.86 0 4.114
1635465780 25.63 75.86 0 4.114
1635465840 25.65 75.91 0 4.108
1635465900 25.65 75.95 0 4.108
1635465960 25.64 75.97 0 4.108
1635466020 25.6 75.95 0 4.108
1635466080 25.63 75.89 0 4.108
1635466140 25.63 75.72 0 4.114
1635466200 25.67 75.68 0 4.114
1635466260 25.67 75.62 0 4.114
1635466320 25.67 75.52 0 4.108
1635466380 25.65 75.51 0 4.114
1635466440 25.67 75.45 0 4.114
1635466500 25.68 75.4 0 4.114
1635466560 25.68 75.38 0 4.114
1635466620 25.68 75.46 0 4.108
1635466680 25.64 75.51 0 4.114
1635466740 25.65 75.6 0 4.108
1635466800 25.6 75.64 0 4.103
1635466860 25.57 75.67 0 4.108
1635466920 25.57 75.69 0 4.114
1635466980 25.56 75.76 0 4.108
1635467040 25.52 75.8 0 4.108
1635467100 25.49 75.85 0 4.114
1635467160 25.51 75.86 0 4.108
1635467220 25.47 75.92 0 4.114
1635467280 25.47 75.91 0 4.114
1635467340 25.47 75.92 0 4.114
1635467400 25.49 75.97 0 4.114
1635467460 25.45 75.97 0 4.108
1635467520 25.47 75.94 0 4.114
1635467580 25.47 76.02 0 4.108
1635467640 25.44 76.04 0 4.114
1635467700 25.44 76.04 0 4.108
1635467760 25.44 76.12 0 4.108
1635467820 25.45 76.21 0 4.108
1635467880 25.41 76.32 0 4.108
1635467940 25.42 76.48 0 4.108
1635468000 25.41 76.56 0 4.108
1635468060 25.4 76.68 0 4.108
1635468120 25.38 76.79 0 4.108
1635468180 25.36 76.9 0 4.108
1635468240 25.37 77.08 0 4.114
1635468300 25.36 77.18 0 4.108
1635468360 25.34 77.32 0 4.108
1635468420 25.34 77.48 0 4.108
1635468480 25.28 77.62 0 4.108
1635468540 25.28 77.79 0 4.108
1635468600 25.23 77.89 0 4.108
1635468660 25.23 78.03 0 4.108
1635468720 25.2 78.18 0 4.108
1635468780 25.2 78.24 0 4.108
1635468840 25.21 78.37 0 4.108
1635468900 25.2 78.48 0 4.108
1635468960 25.16 78.57 0 4.108
1635469020 25.16 78.66 0 4.108
1635469080 25.09 78.78 0 4.108
1635469140 25.1 78.9 0 4.114
1635469200 25.1 79.02 0 4.108
1635469260 25.07 79.11 0 4.108
1635469320 25.04 79.2 0 4.108
1635469380 25.04 79.33 0 4.108
1635469440 25.03 79.51 0 4.108
1635469500 25 79.62 0 4.103
1635469560 25.02 79.8 0 4.108
1635469620 24.98 79.95 0 4.108
1635469680 24.97 80.15 0 4.108
1635469740 24.93 80.27 0 4.108
1635469800 24.93 80.41 0 4.108
1635469860 24.89 80.53 0 4.108
1635469920 24.9 80.7 0 4.108
1635469980 24.86 80.77 0 4.108
1635470040 24.87 80.88 0 4.108
1635470100 24.86 80.9 0 4.108
1635470160 24.87 81.08 0 4.108
1635470220 24.85 81.18 0 4.108
1635470280 24.85 81.27 0 4.108
1635470340 24.85 81.31 0 4.108
1635470400 24.86 81.36 0 4.108
1635470460 24.85 81.47 0 4.108
1635470520 24.82 81.5 0 4.108
1635470580 24.83 81.51 0 4.108
1635470640 24.82 81.56 0 4.108
1635470700 24.85 81.63 0 4.108
1635470760 24.83 81.7 0 4.108
1635470820 24.79 81.74 0 4.108
1635470880 24.8 81.78 0 4.108
1635470940 24.79 81.86 0 4.108
1635471000 24.82 81.9 0 4.108
1635471060 24.83 82 0 4.108
1635471120 24.8 82 0 4.108
1635471180 24.8 82 0 4.108
1635471240 24.82 82.08 0 4.108
1635471300 24.8 82.14 0 4.108
1635471360 24.82 82.19 0 4.108
1635471420 24.79 82.25 0 4.108
1635471480 24.79 82.28 0 4.108
1635471540 24.77 82.27 0 4.108
1635471600 24.73 82.12 0 4.108
1635471660 24.77 82.05 0 4.103
1635471720 24.73 81.78 0 4.108
1635471780 24.69 81.4 0 4.108
1635471840 24.73 81.14 0 4.108
1635471900 24.73 80.82 0 4.108
1635471960 24.7 80.52 0 4.108
1635472020 24.72 80.29 0 4.108
1635472080 24.7 80.11 0 4.108
1635472140 24.63 79.9 0 4.108
1635472200 24.67 79.77 0 4.098
1635472260 24.61 79.31 0 4.103
1635472320 24.61 79.29 0 4.103
1635472380 24.58 79.18 0 4.108
1635472440 24.56 79.14 0 4.103
1635472500 24.56 79.12 0 4.108
1635472560 24.56 79.07 0 4.103
1635472620 24.52 78.98 0 4.103
1635472680 24.52 78.91 0 4.108
1635472740 24.52 78.9 0 4.103
1635472800 24.52 78.86 0 4.108
1635472860 24.49 78.85 0 4.108
1635472920 24.48 78.79 0 4.108
1635472980 24.48 78.71 0 4.103
1635473040 24.48 78.6 0 4.108
1635473160 24.48 78.57 0 4.103
1635473220 24.48 78.49 0 4.103
1635473280 24.46 78.47 0 4.108
1635473340 24.48 78.45 0 4.103
1635473400 24.45 78.45 0 4.103
1635473460 24.45 78.47 0 4.108
1635473520 24.43 78.45 0 4.103
1635473580 24.42 78.51 0 4.108
1635473640 24.45 78.48 0 4.103
1635473700 24.4 78.52 0 4.103
1635473760 24.39 78.57 0 4.103
1635473820 24.33 78.59 0 4.103
1635473880 24.33 78.64 0 4.103
1635473940 24.31 78.68 0 4.103
1635474000 24.29 78.62 0 4.103
1635474060 24.28 78.62 0 4.103
1635474120 24.29 78.57 0 4.103
1635474180 24.31 78.6 0 4.103
1635474240 24.28 78.59 0 4.108
1635474300 24.28 78.63 0 4.103
1635474360 24.29 78.67 0 4.103
1635474420 24.26 78.71 0 4.108
1635474480 24.26 78.74 0 4.103
1635474540 24.21 78.7 0 4.108
1635474600 24.21 78.73 0 4.103
1635474660 24.19 78.76 0 4.103
1635474720 24.18 78.75 0 4.103
1635474780 24.18 78.74 0 4.103
1635474840 24.15 78.73 0 4.103
1635474900 24.15 78.77 0 4.103
1635474960 24.14 78.91 0 4.103
1635475020 24.12 78.99 0 4.103
1635475080 24.11 79.05 0 4.103
1635475140 24.1 79.1 0 4.103
1635475200 24.1 79.13 0 4.103
1635475260 24.11 79.15 0 4.103
1635475320 24.11 79.19 0 4.108
1635475380 24.12 79 0 4.103
1635475440 24.14 78.99 0 4.103
1635475500 24.15 78.93 0 4.103
1635475560 24.16 78.85 0 4.103
1635475620 24.21 78.84 0 4.103
1635475680 24.18 78.89 0 4.103
1635475740 24.19 78.98 0 4.103
1635475800 24.18 79.02 0 4.103
1635475860 24.19 79.13 0 4.098
1635475920 24.16 79.14 0 4.103
1635475980 24.18 79.23 0 4.103
1635476040 24.19 79.34 0 4.103
1635476100 24.14 79.35 0 4.103
1635476160 24.14 79.3 0 4.103
1635476220 24.14 79.24 0 4.103
1635476280 24.14 79.16 0 4.103
1635476340 24.1 79.14 0 4.103
1635476400 24.12 79.1 0 4.103
1635476460 24.11 79.06 0 4.103
1635476520 24.15 79 0 4.103
1635476580 24.12 78.96 0 4.103
1635476640 24.11 78.92 0 4.103
1635476700 24.14 78.86 0 4.103
1635476760 24.15 78.77 0 4.103
1635476820 24.14 78.74 0 4.103
1635476880 24.19 78.61 0 4.103
1635476940 24.19 78.43 0 4.108
1635477000 24.22 78.2 0 4.103
1635477060 24.23 78 0 4.103
1635477120 24.29 77.61 0 4.103
1635477180 24.33 77.32 0 4.103
1635477240 24.36 77.1 0 4.103
1635477300 24.36 76.84 0 4.098
1635477360 24.42 76.64 0 4.103
1635477420 24.36 76.55 0 4.103
1635477480 24.33 76.32 0 4.103
1635477540 24.28 76.2 0 4.103
1635477600 24.23 76.08 0 4.103
1635477660 24.22 76.01 0 4.098
1635477720 24.19 75.9 0 4.103
1635477780 24.21 75.8 0 4.103
1635477840 24.19 75.66 0 4.103
1635477900 24.22 75.53 0 4.103
1635477960 24.25 75.36 0 4.103
1635478020 24.18 75.33 0 4.098
1635478080 24.19 75.29 0 4.103
1635478140 24.15 75.23 0 4.098
1635478200 24.18 75.07 0 4.103
1635478260 24.16 75.02 0 4.103
1635478320 24.15 74.93 0 4.103
1635478380 24.14 74.87 0 4.103
1635478440 24.11 74.9 0 4.103
1635478500 24.11 74.84 0 4.103
1635478560 24.11 74.71 0 4.098
1635478620 24.15 74.7 0 4.098
1635478680 24.15 74.63 0 4.103
1635478740 24.14 74.62 0 4.103
1635478800 24.11 74.59 0 4.098
1635478860 24.1 74.62 0 4.098
1635478920 24.08 74.67 0 4.103
1635478980 24.04 74.64 0 4.103
1635479040 24.01 74.67 0 4.103
1635479100 24.01 74.71 0 4.103
1635479160 23.98 74.73 0 4.103
1635479220 23.97 74.76 0 4.103
1635479280 23.94 74.79 0 4.103
1635479340 23.91 74.9 0 4.103
1635479400 23.87 75.02 0 4.103
1635479460 23.84 75.07 0 4.103
1635479520 23.81 75.16 0 4.103
1635479580 23.78 75.28 0 4.098
1635479640 23.77 75.38 0 4.103
1635479700 23.75 75.47 0 4.103
1635479760 23.72 75.56 0 4.103
1635479820 23.75 75.6 0 4.103
1635479880 23.71 75.55 0 4.103
1635479940 23.71 75.55 0 4.103
1635480000 23.71 75.56 0 4.103
1635480060 23.7 75.56 0 4.103
1635480120 23.68 75.6 0 4.103
1635480180 23.7 75.63 0 4.103
1635480240 23.7 75.69 0 4.103
1635480300 23.68 75.77 0 4.103
1635480360 23.67 75.81 0 4.103
1635480420 23.64 75.86 0 4.103
1635480480 23.65 75.88 0 4.103
1635480540 23.63 75.95 0 4.103
1635480600 23.64 76.02 0 4.103
1635480660 23.63 76.12 0 4.103
1635480720 23.57 76.11 0 4.098
1635480780 23.59 76.09 0 4.103
1635480840 23.57 76.07 0 4.103
1635480900 23.57 76.1 0 4.103
1635480960 23.56 76.12 0 4.098
1635481020 23.56 76.11 0 4.098
1635481080 23.51 75.94 0 4.103
1635481140 23.51 75.86 0 4.098
1635481200 23.47 75.75 0 4.103
1635481260 23.46 75.63 0 4.103
1635481320 23.43 75.54 0 4.103
1635481380 23.43 75.52 0 4.103
1635481440 23.4 75.51 0 4.103
1635481500 23.36 75.41 0 4.103
1635481560 23.4 75.34 0 4.103
1635481620 23.39 75.22 0 4.098
1635481680 23.36 75.08 0 4.103
1635481740 23.41 75.01 0 4.103
1635481800 23.37 75.04 0 4.098
1635481860 23.33 74.92 0 4.098
1635481920 23.34 74.96 0 4.098
1635481980 23.29 74.94 0 4.103
1635482040 23.27 74.89 0 4.103
1635482100 23.27 74.87 0 4.103
1635482160 23.26 74.83 0 4.098
1635482220 23.26 74.83 0 4.103
1635482280 23.27 74.8 0 4.098
1635482340 23.23 74.81 0 4.098
1635482400 23.19 74.85 0 4.098
1635482460 23.19 74.85 0 4.103
1635482520 23.2 74.86 0 4.103
1635482580 23.16 74.94 0 4.098
1635482640 23.13 74.98 0 4.098
1635482700 23.13 74.94 0 4.098
1635482760 23.07 74.93 0 4.098
1635482820 23.06 75.01 0 4.098
1635482880 23.03 75.09 0 4.098
1635482940 23 75.08 0 4.103
1635483000 22.96 75.17 0 4.103
1635483060 22.9 75.31 0 4.098
1635483120 22.88 75.33 0 4.098
1635483180 22.88 75.39 0 4.098
1635483240 22.83 75.48 0 4.103
1635483300 22.86 75.54 0 4.098
1635483360 22.83 75.61 0 4.103
1635483420 22.82 75.7 0 4.098
1635483480 22.82 75.74 0 4.098
1635483540 22.8 75.79 0 4.098
